SNP	CHR	BP	GENPOS	ALLELE1	ALLELE0	A1FREQ	INFO	CHISQ_LINREG	P_LINREG	BETA	SE	CHISQ_BOLT_LMM_INF	P_BOLT_LMM_INF	CHISQ_BOLT_LMM	P_BOLT_LMM
rs10797373	1	2904056	0.0397888	G	A	0.307709	0.992548	0.352572	5.5E-01	0.00416991	0.00442619	0.887548	3.5E-01	0.758239	3.8E-01
rs1294014	1	9325676	0.18921	C	T	0.731267	0.974098	9.8522	1.7E-03	-0.0136134	0.00465673	8.54619	3.5E-03	7.35338	6.7E-03
rs2268177	1	22415410	0.442927	A	T	0.826867	0.999403	1.41494	2.3E-01	-0.00664877	0.00537561	1.52977	2.2E-01	2.13143	1.4E-01
rs77604500	1	23286202	0.460813	C	A	0.931028	0.983422	0.81492	3.7E-01	-0.00733773	0.00808824	0.82303	3.6E-01	1.04309	3.1E-01
rs2997447	1	26387423	0.495055	G	A	0.788926	0.978799	0.439249	5.1E-01	0.004454	0.00502916	0.784348	3.8E-01	1.30403	2.5E-01
rs12084054	1	51242141	0.76307	C	T	0.911968	0.999771	8.61571	3.3E-03	0.0214068	0.00717232	8.90808	2.8E-03	10.289	1.3E-03
rs6587970	1	62833553	0.921104	G	A	0.437958	0.969175	71.8609	2.3E-17	0.03654	0.00416474	76.9769	1.7E-18	76.5981	2.1E-18
rs1168100	1	63124542	0.922915	T	C	0.698826	0.991115	143.567	4.4E-33	-0.0542043	0.00444539	148.679	3.4E-34	163.018	2.5E-37
rs10873710	1	86072216	1.1498	G	A	0.56595	0.976243	5.13681	2.3E-02	-0.0088797	0.00415368	4.57016	3.3E-02	3.29006	7.0E-02
rs6577334	1	103214274	1.32929	G	A	0.616402	0.991239	0.000656402	9.8E-01	-0.000828638	0.00419655	0.0389892	8.4E-01	0.48111	4.9E-01
rs3789615	1	114941326	1.46309	C	T	0.566995	0.997575	4.27448	3.9E-02	0.00717033	0.00410987	3.04384	8.1E-02	4.48949	3.4E-02
rs59051938	1	118850501	1.50636	G	T	0.745314	0.991396	2.27091	1.3E-01	-0.00755539	0.00468812	2.59726	1.1E-01	2.01274	1.6E-01
rs116821116	1	119126235	1.5082	C	T	0.960655	0.922053	1.92964	1.6E-01	-0.0118444	0.010865	1.18841	2.8E-01	1.15901	2.8E-01
rs140609054	1	119864893	1.51178	C	T	0.979764	0.97475	0.539906	4.6E-01	0.0139262	0.0146543	0.903096	3.4E-01	0.803578	3.7E-01
rs11204758	1	150991221	1.65939	A	G	0.789313	0.991156	0.609396	4.4E-01	-0.00117515	0.00500796	0.0550634	8.1E-01	0.0488116	8.3E-01
rs951240	1	154793763	1.69623	A	G	0.736909	1	3.58962	5.8E-02	-0.00979296	0.00461806	4.49686	3.4E-02	4.9709	2.6E-02
rs1050316	1	156434703	1.7062	G	T	0.348504	0.995583	0.0103563	9.2E-01	0.00101996	0.00428327	0.0567038	8.1E-01	0.10063	7.5E-01
rs2486425	1	163662479	1.8151	G	T	0.599038	0.997834	0.179834	6.7E-01	-0.00306413	0.00415174	0.544695	4.6E-01	0.255469	6.1E-01
rs12098218	1	164740891	1.83762	C	T	0.879528	0.986123	0.97463	3.2E-01	0.00576621	0.00630394	0.836676	3.6E-01	0.161636	6.9E-01
rs17345893	1	170171874	1.91645	C	T	0.933686	0.998406	1.01235	3.1E-01	-0.00568434	0.00817755	0.483186	4.9E-01	0.57609	4.5E-01
rs10919359	1	170321312	1.91759	T	C	0.636418	0.999798	2.59532	1.1E-01	-0.00715154	0.00422959	2.85893	9.1E-02	1.84506	1.7E-01
rs17361789	1	172122601	1.93709	T	G	0.67666	0.979392	0.933923	3.3E-01	-0.00364615	0.0043945	0.688416	4.1E-01	0.851486	3.6E-01
rs1325598	1	176792249	1.97626	A	G	0.453527	1	1.12372	2.9E-01	-0.00433549	0.00408503	1.12638	2.9E-01	1.72789	1.9E-01
rs4465240	1	199764832	2.16442	C	T	0.435085	0.991154	1.70504	1.9E-01	0.00563181	0.00412616	1.86296	1.7E-01	1.33312	2.5E-01
rs36043408	1	203511492	2.22297	G	A	0.497481	0.997049	3.21133	7.3E-02	0.00620587	0.00407348	2.321	1.3E-01	1.53128	2.2E-01
rs4951159	1	205012106	2.25304	G	C	0.090518	0.967	2.84362	9.2E-02	-0.0131944	0.00720999	3.34897	6.7E-02	3.95054	4.7E-02
rs61821643	1	219268532	2.43532	T	C	0.974018	0.889659	12.543	4.0E-04	-0.0460607	0.0135637	11.532	6.8E-04	12.5174	4.0E-04
rs12740837	1	219623230	2.43692	G	A	0.983525	0.959021	1.00045	3.2E-01	-0.016237	0.0162865	0.993926	3.2E-01	1.09114	3.0E-01
rs72732565	1	219687493	2.43716	A	G	0.988065	1	4.16918	4.1E-02	0.0333386	0.0187824	3.15061	7.6E-02	4.04928	4.4E-02
rs1815892	2	9616728	0.208415	G	T	0.406069	0.996841	0.217516	6.4E-01	-0.00303855	0.0041417	0.538239	4.6E-01	0.349323	5.5E-01
rs711869	2	13073967	0.297329	G	A	0.442035	0.983109	0.236345	6.3E-01	-0.000891115	0.00413272	0.046494	8.3E-01	0.186871	6.7E-01
rs12619592	2	23971415	0.452815	C	A	0.85409	0.999619	1.02991	3.1E-01	0.00427558	0.00577308	0.548498	4.6E-01	0.506537	4.8E-01
rs2702132	2	24698726	0.456129	G	A	0.0969677	0.983629	0.126859	7.2E-01	-0.00156055	0.00693288	0.0506672	8.2E-01	0.0732755	7.9E-01
rs727805	2	37862717	0.612603	A	C	0.780201	0.985049	1.88623	1.7E-01	-0.00730519	0.0049418	2.18521	1.4E-01	1.11298	2.9E-01
rs80323638	2	43469615	0.682441	G	A	0.900423	0.984528	0.0297804	8.6E-01	-0.000198274	0.00684344	0.000839426	9.8E-01	0.0299842	8.6E-01
rs4131886	2	48965022	0.765302	A	C	0.732392	0.994242	4.05235	4.4E-02	-0.00825663	0.00461908	3.19518	7.4E-02	4.21456	4.0E-02
rs2717063	2	58110969	0.847489	C	A	0.413983	0.989245	5.31505	2.1E-02	-0.00966895	0.00415305	5.42032	2.0E-02	6.01238	1.4E-02
rs17681189	2	65976175	0.914128	C	A	0.577572	0.997123	0.206096	6.5E-01	0.00121472	0.0041229	0.0868051	7.7E-01	0.305018	5.8E-01
rs1549383	2	66167564	0.916627	G	A	0.673718	0.996964	0.047143	8.3E-01	0.00160396	0.00435466	0.135669	7.1E-01	0.0467584	8.3E-01
rs3890755	2	66744603	0.924308	C	T	0.477091	0.981761	0.0296584	8.6E-01	-0.000601651	0.00410835	0.0214463	8.8E-01	0.138675	7.1E-01
rs11123788	2	100205498	1.21955	A	C	0.324943	0.986149	0.936881	3.3E-01	0.00340711	0.00437288	0.607068	4.4E-01	0.467017	4.9E-01
rs72946301	2	111861838	1.33125	G	A	0.904588	0.964859	10.7553	1.0E-03	0.0234781	0.00704901	11.0935	8.7E-04	13.0978	3.0E-04
rs58099056	2	112156865	1.33603	C	T	0.433037	0.765973	0.745489	3.9E-01	-0.00424634	0.00468027	0.823165	3.6E-01	0.563289	4.5E-01
rs4571059	2	114599209	1.35996	C	T	0.38914	0.997618	2.58115	1.1E-01	-0.00761297	0.00418703	3.30595	6.9E-02	2.62982	1.0E-01
rs1527418	2	119540832	1.39651	T	G	0.352372	0.9994	6.71626	9.6E-03	0.0108842	0.00424897	6.56189	1.0E-02	8.18769	4.2E-03
rs78876301	2	158234589	1.75901	A	C	0.987135	0.782415	0.00449796	9.5E-01	0.00681406	0.0204384	0.111152	7.4E-01	0.00608187	9.4E-01
rs2198562	2	158465673	1.76316	C	G	0.946945	0.98702	0.160439	6.9E-01	0.00578073	0.00912249	0.401549	5.3E-01	0.220986	6.4E-01
rs78343493	2	165502911	1.8149	G	A	0.879696	0.994826	40.7162	1.8E-10	0.037369	0.00626314	35.5991	2.4E-09	31.2262	2.3E-08
rs142657805	2	165570358	1.81517	T	C	0.984821	0.93372	5.13697	2.3E-02	-0.0385316	0.0171763	5.03241	2.5E-02	7.39993	6.5E-03
rs72882321	2	172298662	1.8972	C	T	0.821515	0.98752	0.00618226	9.4E-01	0.000955704	0.00535259	0.03188	8.6E-01	0.0390397	8.4E-01
rs13412001	2	187720020	2.04017	T	G	0.669822	0.998277	2.64516	1.0E-01	0.00646533	0.0043322	2.22722	1.4E-01	2.63484	1.0E-01
rs752919	2	206959970	2.2004	G	A	0.580196	0.999388	0.807001	3.7E-01	0.00233454	0.00412506	0.320289	5.7E-01	0.622598	4.3E-01
rs1250248	2	216287093	2.28549	A	G	0.271229	0.996374	0.386839	5.3E-01	-0.00444752	0.00458846	0.939511	3.3E-01	1.05503	3.0E-01
rs2373074	2	218381350	2.32413	C	T	0.903259	0.998908	0.000876782	9.8E-01	-0.00150649	0.00689126	0.0477897	8.3E-01	0.0282942	8.7E-01
rs6756793	2	225028919	2.42506	T	C	0.557892	0.993621	0.865399	3.5E-01	0.00440784	0.00410749	1.15159	2.8E-01	1.03566	3.1E-01
rs35419826	2	239719323	2.67375	G	A	0.81942	0.987245	0.00568248	9.4E-01	0.0022665	0.00531783	0.181652	6.7E-01	0.113653	7.4E-01
rs346070	3	11303874	0.281373	T	C	0.17381	0.995354	4.71734	3.0E-02	-0.0121012	0.00539475	5.03168	2.5E-02	6.28813	1.2E-02
rs2600271	3	12036176	0.296828	T	C	0.171488	1	0.112373	7.4E-01	-0.0050987	0.0054019	0.890893	3.5E-01	0.675562	4.1E-01
rs6763925	3	12515602	0.299217	T	C	0.704596	0.990971	4.31586	3.8E-02	0.00862672	0.00448193	3.70476	5.4E-02	3.83171	5.0E-02
rs10490869	3	35635145	0.595764	A	T	0.789179	0.990849	1.88806	1.7E-01	-0.00523162	0.00500592	1.09221	3.0E-01	1.58492	2.1E-01
rs2844360	3	37571178	0.612433	A	G	0.405592	0.99991	0.329222	5.7E-01	-0.00116148	0.00415016	0.0783238	7.8E-01	0.160425	6.9E-01
rs79506763	3	43736378	0.664873	T	G	0.970457	0.974761	3.30458	6.9E-02	0.0203293	0.0121781	2.78667	9.5E-02	2.1744	1.4E-01
rs11926707	3	46925539	0.687568	T	C	0.379205	0.985514	4.57009	3.3E-02	-0.00777175	0.00422138	3.38945	6.6E-02	4.96224	2.6E-02
rs4858828	3	48724811	0.68972	C	T	0.348576	0.999091	0.0350139	8.5E-01	-0.000533571	0.00427258	0.0155956	9.0E-01	0.00440647	9.5E-01
rs352155	3	52213653	0.694659	T	C	0.953063	0.882506	2.00671	1.6E-01	0.0152748	0.0101657	2.25773	1.3E-01	1.85343	1.7E-01
rs7643235	3	53227428	0.699142	T	C	0.415041	0.989215	3.744	5.3E-02	0.00873517	0.00414369	4.44395	3.5E-02	3.47268	6.2E-02
rs6445415	3	64602006	0.869066	A	G	0.730167	0.995303	0.986332	3.2E-01	-0.00611128	0.00459702	1.76731	1.8E-01	1.44018	2.3E-01
rs4688498	3	64674599	0.871028	C	T	0.669904	0.985151	0.917049	3.4E-01	0.00398091	0.00437035	0.829725	3.6E-01	0.95055	3.3E-01
rs997274	3	78704821	1.06722	T	C	0.749726	0.994327	3.88673	4.9E-02	0.00980822	0.00472765	4.30417	3.8E-02	5.96655	1.5E-02
rs12490079	3	99242097	1.12956	T	C	0.762721	0.996476	0.00214731	9.6E-01	3.07507e-06	0.00479118	4.11931e-07	1.0E+00	0.016674	9.0E-01
rs644342	3	107255235	1.19654	A	T	0.163705	0.995834	0.0904124	7.6E-01	-0.00146421	0.00550367	0.0707784	7.9E-01	0.0492394	8.2E-01
rs9859117	3	127397553	1.40841	G	C	0.7975	0.997121	4.53328	3.3E-02	-0.0130593	0.00509088	6.58045	1.0E-02	6.1097	1.3E-02
rs55930886	3	128747421	1.42294	C	T	0.919276	0.981412	0.0404538	8.4E-01	0.0043962	0.00754856	0.339176	5.6E-01	0.26659	6.1E-01
rs2625970	3	129282977	1.42613	C	T	0.686506	0.99718	3.4375	6.4E-02	0.00660117	0.00439618	2.25472	1.3E-01	2.04864	1.5E-01
rs28850104	3	129747349	1.42834	C	T	0.721035	0.928021	1.72334	1.9E-01	0.00642038	0.00471272	1.856	1.7E-01	1.88164	1.7E-01
rs112551697	3	150018637	1.64271	G	A	0.965346	0.928479	6.49942	1.1E-02	-0.0296612	0.0115206	6.62865	1.0E-02	7.16049	7.5E-03
rs73170826	3	156793907	1.71229	C	T	0.908171	1	3.08145	7.9E-02	0.0126917	0.00704459	3.24586	7.2E-02	3.85656	5.0E-02
rs6805879	3	168811680	1.77814	G	A	0.637095	0.998887	0.860057	3.5E-01	0.00511091	0.00423895	1.45371	2.3E-01	1.33578	2.5E-01
rs35430985	3	185488303	2.01654	C	A	0.732768	0.99119	0.00669095	9.3E-01	-0.000577351	0.00462027	0.0156151	9.0E-01	0.036146	8.5E-01
rs75072999	4	844781	0.00782036	G	A	0.905079	0.991302	3.14009	7.6E-02	0.0136145	0.00698086	3.80353	5.1E-02	3.73769	5.3E-02
rs748483	4	952409	0.00822297	A	G	0.892289	0.99682	0.466584	4.9E-01	-0.00668661	0.00658244	1.0319	3.1E-01	0.855842	3.5E-01
rs917681	4	13247539	0.271091	C	T	0.699846	0.993933	0.71872	4.0E-01	0.00321901	0.00444726	0.523915	4.7E-01	0.564902	4.5E-01
rs7663994	4	15353649	0.298855	C	G	0.644674	0.999402	0.113804	7.4E-01	-0.00126381	0.00425372	0.088272	7.7E-01	0.018604	8.9E-01
rs7692990	4	26007090	0.455953	C	T	0.441312	0.992624	1.29869	2.5E-01	0.00542157	0.00411459	1.73619	1.9E-01	1.91998	1.7E-01
rs73245728	4	26206514	0.460458	A	C	0.93585	0.981901	0.413194	5.2E-01	-0.00628731	0.00840649	0.559372	4.5E-01	1.03176	3.1E-01
rs11935857	4	56204865	0.730139	C	A	0.812475	0.979003	0.0105475	9.2E-01	-0.0027143	0.0052658	0.265696	6.1E-01	0.262763	6.1E-01
rs2035403	4	88018991	1.02986	A	G	0.601676	0.998771	60.8169	6.3E-15	-0.0327698	0.00415826	62.1049	3.3E-15	66.0749	4.3E-16
rs10021465	4	89750361	1.04993	A	G	0.668796	0.991313	0.404278	5.2E-01	0.00310086	0.00434336	0.509697	4.8E-01	0.354903	5.5E-01
rs13109404	4	102896591	1.15605	T	G	0.927918	0.985952	2.50698	1.1E-01	-0.0136631	0.00791741	2.97803	8.4E-02	2.83948	9.2E-02
rs12647922	4	106063987	1.17944	C	T	0.795209	0.998343	1.92996	1.6E-01	0.00562724	0.00504597	1.24366	2.6E-01	1.34158	2.5E-01
rs7655064	4	120106348	1.31331	T	C	0.875575	0.995692	0.47312	4.9E-01	0.00575269	0.00617547	0.867767	3.5E-01	0.872153	3.5E-01
rs7684567	4	122577770	1.33637	T	G	0.694839	0.995022	0.61326	4.3E-01	0.00446578	0.00443507	1.0139	3.1E-01	0.400809	5.3E-01
rs308447	4	123738546	1.34457	C	T	0.632593	1	1.22663	2.7E-01	0.00307549	0.00423764	0.526719	4.7E-01	0.779803	3.8E-01
rs13138056	4	125092599	1.35469	A	T	0.472597	0.992452	0.484645	4.9E-01	-0.00311235	0.00409982	0.576297	4.5E-01	0.846631	3.6E-01
rs6841006	4	145228728	1.53715	G	A	0.264421	0.987202	0.347825	5.6E-01	-0.00243471	0.00466155	0.272793	6.0E-01	0.445325	5.0E-01
rs17725600	4	146027434	1.53886	G	T	0.860687	0.971986	0.925645	3.4E-01	-0.00389582	0.00597966	0.424467	5.1E-01	0.507686	4.8E-01
rs1996770	4	157615583	1.66075	T	C	0.630845	0.986917	11.973	5.4E-04	0.0134812	0.00424358	10.0923	1.5E-03	11.6788	6.3E-04
rs2333496	4	177609609	1.88652	C	T	0.300866	0.995482	1.43137	2.3E-01	-0.00460599	0.00444783	1.07238	3.0E-01	1.19705	2.7E-01
rs3107018	5	3975334	0.10127	G	T	0.686484	0.988391	5.49009	1.9E-02	-0.00983315	0.00441946	4.95048	2.6E-02	5.20962	2.2E-02
rs3811968	5	32765489	0.512016	C	A	0.707253	0.994212	0.351036	5.5E-01	-0.000999592	0.00448681	0.0496329	8.2E-01	0.102811	7.5E-01
rs10074193	5	34041686	0.535424	C	T	0.842213	0.998379	0.952954	3.3E-01	0.00379659	0.00559667	0.46018	5.0E-01	0.308769	5.8E-01
rs6898870	5	53293107	0.644946	G	A	0.739419	0.999245	6.29358	1.2E-02	-0.010925	0.0046445	5.53307	1.9E-02	6.60652	1.0E-02
rs1559215	5	54867827	0.667887	G	A	0.339937	0.996823	0.0439642	8.3E-01	-0.00105972	0.00431456	0.0603267	8.1E-01	0.180499	6.7E-01
rs61653333	5	55779080	0.679717	G	T	0.970333	0.977169	0.00435153	9.5E-01	0.00677987	0.0121352	0.312142	5.8E-01	0.4059	5.2E-01
rs10514979	5	64607614	0.751787	G	C	0.872667	0.993151	0.0936135	7.6E-01	-0.00110411	0.00612545	0.0324897	8.6E-01	0.0246564	8.8E-01
rs34592828	5	75996909	0.882256	G	A	0.955474	1	1.90545	1.7E-01	-0.0110964	0.00987416	1.26289	2.6E-01	1.38046	2.4E-01
rs9293709	5	76440463	0.890157	T	C	0.423613	0.992813	0.570449	4.5E-01	-0.0019637	0.00413883	0.225109	6.4E-01	0.153522	7.0E-01
rs7734060	5	101780479	1.10738	T	G	0.735256	0.995631	0.22473	6.4E-01	0.00348239	0.00464865	0.561177	4.5E-01	0.496445	4.8E-01
rs2052473	5	118661882	1.27415	T	G	0.74594	0.995141	0.043814	8.3E-01	-0.000252854	0.00468252	0.00291596	9.6E-01	0.00221956	9.6E-01
rs6897978	5	118789338	1.27483	A	G	0.797726	0.996114	2.48039	1.2E-01	0.00933647	0.00507399	3.38584	6.6E-02	4.59976	3.2E-02
rs1029472	5	130867733	1.38574	G	A	0.0578241	0.998434	7.32405	6.8E-03	0.0234695	0.00875106	7.1926	7.3E-03	7.07646	7.8E-03
rs4705870	5	132159134	1.39016	C	T	0.853985	0.993673	5.07201	2.4E-02	0.0133398	0.00579082	5.30663	2.1E-02	5.95833	1.5E-02
rs10065321	5	141857415	1.48574	C	T	0.583823	0.990853	0.00951417	9.2E-01	-0.000200035	0.00416091	0.00231119	9.6E-01	0.00144996	9.7E-01
rs33999	5	141973349	1.48937	C	G	0.611747	0.9834	1.32246	2.5E-01	-0.00434847	0.00420207	1.0709	3.0E-01	0.753565	3.9E-01
rs10477191	5	142077715	1.49476	A	G	0.949961	0.911257	0.0171138	9.0E-01	-0.00502789	0.00978073	0.264259	6.1E-01	0.548162	4.6E-01
rs7714046	5	148550501	1.57405	T	C	0.628474	0.988688	0.859394	3.5E-01	0.00440781	0.00423465	1.08346	3.0E-01	0.797543	3.7E-01
rs6879860	5	157879652	1.67625	G	A	0.53925	0.994006	1.49924	2.2E-01	0.00470965	0.00410236	1.31798	2.5E-01	1.22414	2.7E-01
rs10463020	5	171817717	1.88948	C	T	0.701873	0.996033	0.113524	7.4E-01	-0.00170994	0.00446295	0.146797	7.0E-01	0.0487817	8.3E-01
rs322388	5	172156062	1.89703	G	A	0.591887	0.995019	1.20103	2.7E-01	0.00531547	0.00415245	1.6386	2.0E-01	1.7646	1.8E-01
rs10035782	5	173270328	1.92939	A	G	0.600853	0.984103	1.35132	2.5E-01	-0.00484576	0.00419441	1.3347	2.5E-01	0.898759	3.4E-01
rs244711	5	176509193	1.99996	C	T	0.314341	0.866155	3.50305	6.1E-02	-0.0096947	0.00471879	4.22093	4.0E-02	3.79341	5.1E-02
rs1294447	6	6724416	0.18091	T	C	0.493581	0.983229	0.471354	4.9E-01	0.00332092	0.00409949	0.656233	4.2E-01	1.06462	3.0E-01
rs13207230	6	7041700	0.194689	G	A	0.467706	0.982104	0.0329859	8.6E-01	0.00121616	0.0041152	0.0873374	7.7E-01	0.000131502	9.9E-01
rs7756211	6	20553785	0.409932	G	A	0.682387	0.987745	1.6997	1.9E-01	0.00588593	0.00439351	1.79476	1.8E-01	1.53732	2.2E-01
rs2294823	6	22596987	0.442173	C	T	0.691378	0.988921	1.56832	2.1E-01	-0.00491706	0.0044404	1.22622	2.7E-01	2.83389	9.2E-02
rs35875210	6	25827484	0.49239	A	G	0.744631	0.999945	0.566597	4.5E-01	0.00416017	0.00467225	0.792813	3.7E-01	0.747755	3.9E-01
rs2394661	6	29672941	0.502055	T	C	0.523232	0.999975	8.53019	3.5E-03	-0.0127061	0.00407076	9.74259	1.8E-03	10.1516	1.4E-03
rs114376405	6	30770701	0.507083	G	A	0.988645	0.994696	0.105268	7.5E-01	-0.0100891	0.0192499	0.274695	6.0E-01	0.447359	5.0E-01
rs6923504	6	32428186	0.520212	G	C	0.276443	1	29.3359	6.1E-08	-0.0213635	0.00454868	22.0584	2.6E-06	22.6122	2.0E-06
rs10807138	6	34184938	0.545769	G	A	0.203622	0.984523	0.0473518	8.3E-01	-0.00100292	0.00508803	0.0388535	8.4E-01	0.0131792	9.1E-01
rs13215052	6	41681835	0.64368	G	A	0.905448	0.992093	0.871083	3.5E-01	-0.00693452	0.00698618	0.985266	3.2E-01	1.77024	1.8E-01
rs6458325	6	43115670	0.668109	C	A	0.555263	0.991189	0.506338	4.8E-01	0.0020607	0.0041214	0.249999	6.2E-01	0.106185	7.4E-01
rs6458349	6	43759789	0.67705	G	A	0.275853	0.996896	17.7414	2.5E-05	-0.021084	0.00455423	21.4326	3.7E-06	22.2993	2.3E-06
rs7357014	6	43821720	0.680233	A	G	0.699989	0.995614	5.51227	1.9E-02	0.010164	0.00444582	5.22673	2.2E-02	5.21783	2.2E-02
rs969693	6	80587739	0.919139	C	T	0.400483	0.992017	0.952845	3.3E-01	0.00417406	0.00417767	0.99827	3.2E-01	0.527744	4.7E-01
rs9352801	6	80817468	0.920926	G	T	0.553049	0.99904	0.0956728	7.6E-01	0.000554269	0.0040956	0.018315	8.9E-01	0.182014	6.7E-01
rs4706852	6	81284507	0.922075	A	G	0.662691	0.966467	0.134031	7.1E-01	0.00043874	0.00437493	0.0100571	9.2E-01	0.0638664	8.0E-01
rs9341990	6	85391568	0.949845	A	G	0.416806	0.99851	0.824837	3.6E-01	0.00308879	0.00413422	0.558202	4.5E-01	0.313733	5.8E-01
rs6924944	6	100597579	1.0811	A	T	0.244413	0.981159	0.133403	7.1E-01	0.00169493	0.00478966	0.125226	7.2E-01	0.185751	6.7E-01
rs11757455	6	112522852	1.21199	G	A	0.932628	1	5.32861	2.1E-02	0.0179029	0.00810143	4.88341	2.7E-02	5.2319	2.2E-02
rs72969772	6	126187585	1.32503	A	G	0.980652	1	2.17546	1.4E-01	-0.0181198	0.0147955	1.49985	2.2E-01	1.4685	2.3E-01
rs9986505	6	126445558	1.32603	A	G	0.674967	0.991308	0.0849926	7.7E-01	-0.000733158	0.00435703	0.0283149	8.7E-01	0.0136097	9.1E-01
rs74949497	6	126812007	1.32699	A	C	0.975508	1	5.97758	1.4E-02	-0.0323857	0.0132372	5.98568	1.4E-02	4.572	3.2E-02
rs139242696	6	127414440	1.32797	T	C	0.974997	0.948341	3.98732e-05	9.9E-01	0.000869112	0.0133689	0.00422632	9.5E-01	0.000569244	9.8E-01
rs9321204	6	130311831	1.35934	A	G	0.403225	0.957358	3.79632	5.1E-02	-0.0083618	0.00423067	3.90643	4.8E-02	3.80154	5.1E-02
rs7766444	6	139806747	1.50278	A	C	0.677797	1	11.0173	9.0E-04	-0.0143323	0.00436452	10.7835	1.0E-03	11.0285	9.0E-04
rs653468	6	139842563	1.5032	G	A	0.670038	0.989353	12.1346	4.9E-04	0.0151646	0.00435855	12.1053	5.0E-04	11.7949	5.9E-04
rs2282137	6	160468180	1.77084	G	A	0.984063	0.989502	66.1214	4.2E-16	0.132008	0.0163197	65.4295	6.0E-16	64.3517	1.0E-15
rs41265930	6	160964135	1.77505	T	C	0.929079	1	64.1246	1.2E-15	-0.0591841	0.00792534	55.7665	8.2E-14	62.4923	2.7E-15
rs2158828	7	14227425	0.264083	A	G	0.825893	0.993584	5.95882	1.5E-02	-0.0111111	0.00537806	4.26839	3.9E-02	2.67657	1.0E-01
rs960589	7	25823647	0.43812	A	C	0.837373	0.976235	1.27405	2.6E-01	-0.00745405	0.0055791	1.78507	1.8E-01	2.30369	1.3E-01
rs12671127	7	26309246	0.44373	C	T	0.632826	0.988487	2.99269	8.4E-02	0.00828815	0.00423749	3.82559	5.0E-02	3.33179	6.8E-02
rs3823764	7	27187753	0.451849	C	T	0.158387	0.996639	0.0116891	9.1E-01	0.00102505	0.00558614	0.033672	8.5E-01	0.00163367	9.7E-01
rs10245867	7	28142186	0.462806	G	T	0.668264	0.99625	0.13921	7.1E-01	-0.00281063	0.00433639	0.420096	5.2E-01	0.164001	6.9E-01
rs17172095	7	42665355	0.680121	A	G	0.679757	0.995026	3.06761	8.0E-02	0.00749177	0.00437045	2.93843	8.6E-02	3.12577	7.7E-02
rs3110697	7	45955029	0.715313	A	G	0.424078	1	0.0184319	8.9E-01	-0.000285114	0.00412829	0.00476976	9.4E-01	0.0175986	8.9E-01
rs2529411	7	50738482	0.768347	G	C	0.35641	0.995992	6.46608	1.1E-02	0.0130342	0.004257	9.37471	2.2E-03	8.64896	3.3E-03
rs35867424	7	72032358	0.893844	G	A	0.97047	0.950986	54.5788	1.5E-13	0.092938	0.012337	56.7505	4.9E-14	56.6151	5.3E-14
rs181981038	7	72890241	0.899613	G	A	0.93441	0.981953	1.62339	2.0E-01	0.0107052	0.00827564	1.67333	2.0E-01	1.72368	1.9E-01
rs2052162	7	77171617	0.936702	T	C	0.392075	0.99406	0.074972	7.8E-01	-0.000120172	0.00417991	0.000826554	9.8E-01	0.0919757	7.6E-01
rs9649071	7	84524701	1.03046	A	G	0.746512	0.995148	0.422474	5.2E-01	-0.00260442	0.00468693	0.308777	5.8E-01	0.293798	5.9E-01
rs2158045	7	93082708	1.09422	C	T	0.524967	0.990979	0.366916	5.4E-01	0.00218905	0.00409695	0.28549	5.9E-01	0.297473	5.9E-01
rs411844	7	101692403	1.17334	G	A	0.178199	0.989998	0.00833072	9.3E-01	0.00109908	0.00533963	0.0423681	8.4E-01	0.09185	7.6E-01
rs2385537	7	104755514	1.19856	C	A	0.841799	1	2.73167	9.8E-02	-0.0097908	0.00556677	3.09336	7.9E-02	2.69616	1.0E-01
rs1544474	7	107612629	1.24618	A	G	0.548606	1	0.867145	3.5E-01	0.00458071	0.0040908	1.25386	2.6E-01	1.85134	1.7E-01
rs13226446	7	116888161	1.32093	A	G	0.945828	1	0.229485	6.3E-01	0.00667295	0.00901019	0.548489	4.6E-01	0.405554	5.2E-01
rs2968349	7	120726926	1.33679	A	C	0.536077	0.996003	9.42704	2.1E-03	0.0108404	0.00409698	7.0011	8.1E-03	7.75016	5.4E-03
rs12154627	7	130422934	1.4017	T	C	0.50585	0.97487	20.0726	7.5E-06	0.0189759	0.0041196	21.2176	4.1E-06	25.2959	4.9E-07
rs2980436	8	8092025	0.237424	G	A	0.545084	0.992022	36.4829	1.5E-09	0.0265906	0.00410384	41.983	9.2E-11	39.6317	3.1E-10
rs9969455	8	12617155	0.332045	A	G	0.621264	0.941422	1.56911	2.1E-01	0.00612629	0.00432579	2.00569	1.6E-01	2.16693	1.4E-01
rs142588427	8	19614541	0.468917	G	A	0.892594	0.95786	47.7719	4.8E-12	0.0466328	0.00670403	48.385	3.5E-12	48.7691	2.9E-12
rs76423146	8	19820480	0.47264	C	T	0.972445	0.99036	85.9511	1.8E-20	-0.116749	0.0125	87.2353	9.6E-21	86.3877	1.5E-20
rs117910839	8	19822741	0.472654	T	A	0.96878	0.96561	133.299	7.8E-31	0.138683	0.0118572	136.799	1.3E-31	142.309	8.3E-33
rs10504430	8	69559835	0.903728	A	C	0.811769	0.988802	0.520821	4.7E-01	0.00325468	0.00522872	0.38746	5.3E-01	1.00991	3.1E-01
rs17697852	8	71927795	0.936897	T	G	0.906746	0.996851	6.6799	9.8E-03	0.0168629	0.00701492	5.77854	1.6E-02	5.13923	2.3E-02
rs4738139	8	72407665	0.950149	A	G	0.612961	0.993095	1.66504	2.0E-01	-0.00615695	0.00418411	2.16533	1.4E-01	2.47574	1.2E-01
rs4147332	8	89280863	1.08332	G	C	0.323417	0.995784	0.160003	6.9E-01	-0.000763128	0.00434912	0.0307888	8.6E-01	0.0674084	8.0E-01
rs4871058	8	121342846	1.36475	A	C	0.559535	0.998771	0.524988	4.7E-01	0.00228375	0.0040974	0.310656	5.8E-01	0.407967	5.2E-01
rs144435165	8	126419938	1.45107	G	C	0.945037	0.785853	48.1715	3.9E-12	-0.0688477	0.0100491	46.938	7.3E-12	45.7206	1.4E-11
rs2954018	8	126477153	1.45319	C	T	0.29933	0.998357	281.033	4.5E-63	0.0771111	0.00444257	301.276	1.7E-67	310.974	1.3E-69
rs13262081	8	128284766	1.4896	G	C	0.809711	0.995781	1.49914	2.2E-01	-0.00367404	0.00518473	0.502153	4.8E-01	0.34	5.6E-01
rs79116087	9	17137405	0.365515	C	T	0.929634	0.981644	0.228196	6.3E-01	0.00412121	0.00804116	0.262671	6.1E-01	0.0649563	8.0E-01
rs73650963	9	93943033	1.11642	T	C	0.891543	0.990174	0.860682	3.5E-01	0.00661833	0.00657193	1.01417	3.1E-01	1.48448	2.2E-01
rs9299401	9	94940133	1.12583	C	T	0.655465	0.998477	1.34822	2.5E-01	-0.00567609	0.00430019	1.7423	1.9E-01	1.67343	2.0E-01
rs4743305	9	101760026	1.18739	T	C	0.629001	0.995307	2.84038	9.2E-02	0.00673311	0.00422592	2.53857	1.1E-01	3.37223	6.6E-02
rs2777806	9	107572119	1.23853	T	G	0.919367	0.992866	11.5775	6.7E-04	0.0254053	0.0074979	11.4808	7.0E-04	15.2987	9.2E-05
rs4149275	9	107638507	1.24287	A	G	0.830894	0.973164	10.031	1.5E-03	0.0169594	0.00550848	9.47882	2.1E-03	9.56186	2.0E-03
rs2791952	9	107682517	1.24564	T	C	0.100262	1	1.49522	2.2E-01	0.00848389	0.00678173	1.56498	2.1E-01	1.64006	2.0E-01
rs877544	9	113895745	1.33887	A	T	0.442141	0.993686	1.32364	2.5E-01	-0.0048903	0.00411905	1.40953	2.4E-01	1.28018	2.6E-01
rs6478851	9	131561110	1.55426	G	A	0.758307	1	4.60873	3.2E-02	-0.0118727	0.00477703	6.17707	1.3E-02	5.28068	2.2E-02
rs645838	10	3560515	0.0740542	A	G	0.160732	0.985753	0.231236	6.3E-01	-0.00276002	0.00559117	0.243679	6.2E-01	0.205424	6.5E-01
rs66923674	10	4955702	0.105389	G	T	0.866408	0.989502	0.31106	5.8E-01	-0.00346468	0.00601717	0.331544	5.6E-01	0.278255	6.0E-01
rs982004	10	27873231	0.532296	C	T	0.488725	0.997636	0.0928715	7.6E-01	0.000262429	0.00408407	0.00412893	9.5E-01	0.0309452	8.6E-01
rs2769241	10	32556229	0.605363	T	C	0.168613	0.994424	5.99674	1.4E-02	-0.0119153	0.00545685	4.76788	2.9E-02	5.97934	1.4E-02
rs17296943	10	34160764	0.623336	C	G	0.851702	0.9821	1.86053	1.7E-01	-0.00774806	0.00577844	1.7979	1.8E-01	1.35861	2.4E-01
rs10995014	10	63784082	0.859346	T	G	0.964253	0.99699	4.56256	3.3E-02	-0.0258324	0.0110061	5.50889	1.9E-02	6.56936	1.0E-02
rs10762666	10	77157489	1.00522	A	G	0.241686	0.984822	0.644928	4.2E-01	0.00190408	0.0047837	0.158432	6.9E-01	0.0285119	8.7E-01
rs7078520	10	80892739	1.06411	A	T	0.740237	0.961858	3.20696	7.3E-02	-0.00927173	0.00473467	3.8348	5.0E-02	2.98527	8.4E-02
rs10887758	10	89603315	1.15934	T	C	0.783692	0.990793	10.2175	1.4E-03	-0.0156116	0.00498273	9.81656	1.7E-03	9.81514	1.7E-03
rs1111875	10	94462882	1.21061	C	T	0.592398	1	8.25944	4.1E-03	0.0127119	0.00414302	9.41422	2.2E-03	11.6729	6.3E-04
rs146147771	10	95298687	1.22089	C	T	0.901719	0.997551	13.3523	2.6E-04	-0.0261911	0.00684239	14.6518	1.3E-04	12.017	5.3E-04
rs11191353	10	104382673	1.30545	A	G	0.599944	0.997917	0.0420703	8.4E-01	0.000176084	0.00415563	0.00179542	9.7E-01	0.0133232	9.1E-01
rs10885396	10	114711755	1.39689	C	T	0.458904	0.998785	0.369813	5.4E-01	-0.00265179	0.00408699	0.420989	5.2E-01	0.298424	5.8E-01
rs82613	10	119295188	1.46384	T	C	0.426942	0.929607	0.641594	4.2E-01	-0.00192937	0.00427486	0.203698	6.5E-01	0.20549	6.5E-01
rs36040970	10	122848990	1.52697	G	C	0.837716	0.991662	7.03731e-06	1.0E+00	-3.23296e-05	0.00554319	3.40158e-05	1.0E+00	0.00601912	9.4E-01
rs7635	11	721570	0.0105268	C	T	0.540303	0.973097	1.43361	2.3E-01	-0.00346391	0.00414031	0.699953	4.0E-01	0.934319	3.3E-01
rs3812762	11	8751640	0.190568	G	C	0.691057	1	0.24639	6.2E-01	0.000812985	0.0044137	0.033928	8.5E-01	0.00363794	9.5E-01
rs11042563	11	9964346	0.198452	G	C	0.440344	0.991529	0.0696382	7.9E-01	0.0019529	0.0041154	0.225184	6.4E-01	0.437657	5.1E-01
rs61889189	11	32385875	0.498257	T	G	0.76737	0.997815	0.455551	5.0E-01	0.00181409	0.0048235	0.141447	7.1E-01	0.290531	5.9E-01
rs12294763	11	36325764	0.562704	G	A	0.69388	0.955634	3.8845	4.9E-02	0.0107369	0.00451259	5.66112	1.7E-02	6.36105	1.2E-02
rs34312154	11	47470345	0.665294	G	A	0.890322	1	2.15171	1.4E-01	0.00964345	0.00651033	2.19411	1.4E-01	2.85187	9.1E-02
rs174528	11	61543499	0.703973	T	C	0.622738	0.995598	100.477	1.2E-23	-0.0418608	0.00419895	99.3878	2.1E-23	99.4054	2.1E-23
rs67330701	11	69079707	0.760845	C	T	0.908017	0.929121	0.200266	6.5E-01	0.00245568	0.00731382	0.112734	7.4E-01	0.132303	7.2E-01
rs12362685	11	111478720	1.18727	A	T	0.619791	0.997217	0.154779	6.9E-01	0.00183365	0.0042005	0.19056	6.6E-01	0.200531	6.5E-01
rs1240513	11	116528202	1.25987	A	T	0.818708	0.996246	55.8583	7.8E-14	-0.0393738	0.00530428	55.1013	1.1E-13	57.5665	3.3E-14
rs747249	11	130271647	1.49781	A	G	0.360417	0.986641	0.417592	5.2E-01	-0.00375079	0.00427209	0.770838	3.8E-01	0.403266	5.3E-01
rs56196860	12	2908330	0.0629825	C	A	0.967952	1	1.09763	2.9E-01	-0.0128541	0.0115357	1.24163	2.7E-01	1.09168	3.0E-01
rs10771260	12	26253557	0.45721	A	C	0.609092	0.995844	0.660242	4.2E-01	-0.003441	0.00418199	0.677024	4.1E-01	1.16499	2.8E-01
rs16915737	12	26403614	0.459048	C	T	0.928801	0.993226	1.03161	3.1E-01	-0.00572306	0.007932	0.520585	4.7E-01	0.259739	6.1E-01
rs10844645	12	33737099	0.546138	C	T	0.612236	0.998433	2.30029	1.3E-01	0.00724133	0.00418086	2.99989	8.3E-02	1.95775	1.6E-01
rs11183127	12	45984722	0.590315	T	C	0.769127	0.997415	8.77894	3.0E-03	-0.0140147	0.00482666	8.43088	3.7E-03	7.84404	5.1E-03
rs2544037	12	48215180	0.613432	A	G	0.580418	0.992711	3.26259	7.1E-02	-0.00690816	0.00413802	2.78702	9.5E-02	1.71893	1.9E-01
rs143198407	12	54226638	0.680969	T	C	0.972028	0.902724	0.000179686	9.9E-01	-0.000641438	0.0130272	0.00242443	9.6E-01	0.0520329	8.2E-01
rs58494653	12	54353102	0.683562	C	G	0.875623	1	0.0135365	9.1E-01	-0.00233501	0.00618111	0.142706	7.1E-01	0.0401279	8.4E-01
rs2277339	12	57146069	0.717337	T	G	0.896292	1	8.60381	3.4E-03	-0.0230722	0.00667406	11.9508	5.5E-04	14.3288	1.5E-04
rs7308561	12	66417277	0.793828	T	C	0.686889	0.990119	0.399638	5.3E-01	-0.0042201	0.00440304	0.918627	3.4E-01	0.348847	5.5E-01
rs1388214	12	77901810	0.936483	A	G	0.323754	0.997208	2.57683	1.1E-01	-0.00475656	0.00435066	1.1953	2.7E-01	1.0687	3.0E-01
rs10745659	12	94092690	1.0816	C	G	0.555291	0.994516	1.55124	2.1E-01	-0.00367681	0.00411394	0.798776	3.7E-01	0.849941	3.6E-01
rs10778495	12	106991545	1.2616	A	G	0.720903	0.990603	7.48338	6.2E-03	-0.0136805	0.00454555	9.05802	2.6E-03	10.0543	1.5E-03
rs10778609	12	108545985	1.27639	A	C	0.742853	1	1.23558	2.7E-01	0.00483003	0.00466141	1.07366	3.0E-01	0.731189	3.9E-01
rs12817870	12	113516445	1.31248	C	T	0.757872	0.987895	0.416295	5.2E-01	-0.00421978	0.00477851	0.77982	3.8E-01	0.536488	4.6E-01
rs11065365	12	121392040	1.45387	G	A	0.409736	0.998092	45.8492	1.3E-11	0.0287036	0.00414976	47.8442	4.6E-12	48.095	4.1E-12
rs11043299	12	122483139	1.4653	T	C	0.374937	0.862609	2.70461	1.0E-01	0.00786834	0.00452442	3.0244	8.2E-02	3.46127	6.3E-02
rs11613937	12	123520071	1.47156	C	T	0.293515	0.997111	7.54105	6.0E-03	-0.0108038	0.00449041	5.78872	1.6E-02	6.33367	1.2E-02
rs180797383	12	124164661	1.47737	T	A	0.967798	0.87352	0.63599	4.3E-01	0.0132717	0.0123401	1.15669	2.8E-01	1.00646	3.2E-01
rs73223535	12	124744902	1.48319	T	G	0.940631	0.996243	1.23142	2.7E-01	0.0094977	0.00861993	1.21403	2.7E-01	0.708292	4.0E-01
rs12828318	12	133766122	1.75135	A	G	0.817811	0.994773	1.77454	1.8E-01	0.00783476	0.00529427	2.18998	1.4E-01	2.90795	8.8E-02
rs7993238	13	22473593	0.0544542	A	C	0.630918	0.976757	0.0112788	9.2E-01	1.59461e-05	0.00426754	1.39622e-05	1.0E+00	0.0229967	8.8E-01
rs9579574	13	31025634	0.263469	A	G	0.300773	0.992156	6.31514	1.2E-02	-0.0115209	0.00447169	6.63783	1.0E-02	6.78126	9.2E-03
rs10507524	13	44684600	0.468128	T	C	0.905843	0.994143	0.330208	5.7E-01	-0.00293255	0.00700967	0.175023	6.8E-01	0.342912	5.6E-01
rs9526614	13	50443558	0.53659	C	G	0.791108	0.994701	0.0314598	8.6E-01	0.00326766	0.00502696	0.422534	5.2E-01	0.631568	4.3E-01
rs11617234	13	50948954	0.538883	A	G	0.926287	0.984708	1.09425	3.0E-01	-0.00690602	0.00784566	0.774812	3.8E-01	0.835591	3.6E-01
rs1239945	13	51107757	0.539575	G	A	0.456329	0.998944	3.25441	7.1E-02	-0.00712506	0.00409313	3.03017	8.2E-02	2.00323	1.6E-01
rs682044	13	78057520	0.772271	T	G	0.131808	0.995851	0.384802	5.4E-01	-0.00317054	0.00602792	0.276651	6.0E-01	0.161982	6.9E-01
rs627527	13	110915135	1.21483	G	A	0.417975	0.983958	0.457063	5.0E-01	0.00299982	0.0041634	0.51915	4.7E-01	0.232876	6.3E-01
rs4773157	13	110992623	1.22123	C	A	0.727249	0.982597	4.58698	3.2E-02	0.0104992	0.00462216	5.15966	2.3E-02	6.10083	1.4E-02
rs1057119	14	23746269	0.116581	C	G	0.761562	1	0.909255	3.4E-01	0.00451195	0.00477518	0.892792	3.4E-01	1.61329	2.0E-01
rs12435790	14	35154381	0.324801	A	G	0.921633	0.964911	0.381541	5.4E-01	0.00534527	0.00772216	0.47914	4.9E-01	0.319241	5.7E-01
rs1253682	14	52463153	0.462213	C	T	0.529536	0.995617	0.579382	4.5E-01	-0.0045949	0.00408503	1.26521	2.6E-01	1.62703	2.0E-01
rs6573193	14	58684872	0.537805	T	C	0.344869	0.992731	17.342	3.1E-05	0.0163914	0.00429545	14.5619	1.4E-04	14.7193	1.2E-04
rs10483820	14	69138371	0.619511	A	G	0.630522	0.99172	3.5834	5.8E-02	0.00733781	0.00424961	2.98151	8.4E-02	3.18609	7.4E-02
rs2526882	14	71374702	0.651568	G	A	0.336003	0.997711	13.2263	2.8E-04	-0.0148238	0.00431995	11.775	6.0E-04	11.5954	6.6E-04
rs1286290	14	91313812	0.881552	G	C	0.385149	0.981585	0.0367058	8.5E-01	0.00115679	0.0042151	0.0753168	7.8E-01	0.192673	6.6E-01
rs8015434	14	98365042	1.02737	C	A	0.468539	0.997757	2.65402	1.0E-01	-0.00613992	0.00408458	2.2596	1.3E-01	2.41433	1.2E-01
rs28562771	15	31675913	0.452754	C	A	0.34803	0.979544	0.0140201	9.1E-01	0.000773716	0.00430429	0.0323117	8.6E-01	0.00262188	9.6E-01
rs12900478	15	37368160	0.565158	G	C	0.763108	0.993766	0.378954	5.4E-01	-0.00173868	0.00479394	0.131539	7.2E-01	0.164947	6.8E-01
rs2263551	15	40979543	0.629313	G	A	0.496718	0.998608	0.0284764	8.7E-01	0.000932266	0.00407445	0.0523529	8.2E-01	0.0367055	8.5E-01
rs62020665	15	43020324	0.640949	C	G	0.912249	0.939942	23.655	1.2E-06	-0.0375323	0.00741258	25.6374	4.1E-07	28.0569	1.2E-07
rs2899470	15	51503677	0.705473	T	G	0.441299	0.998139	0.870543	3.5E-01	-0.00336366	0.00409623	0.674304	4.1E-01	0.283857	5.9E-01
rs11630710	15	56364758	0.756318	G	T	0.893036	0.979091	1.05708	3.0E-01	-0.00565289	0.00666253	0.719886	4.0E-01	0.819252	3.7E-01
rs117737827	15	63804248	0.876681	C	T	0.843258	0.99712	9.14098	2.5E-03	-0.0184142	0.00560216	10.8043	1.0E-03	12.6682	3.7E-04
rs7497064	15	66990159	0.901829	T	C	0.7565	1	4.90631	2.7E-02	-0.00948902	0.00474771	3.99461	4.6E-02	3.59533	5.8E-02
rs8023330	15	74220599	0.994732	A	G	0.533673	0.994093	0.476862	4.9E-01	-0.0031684	0.00407163	0.605543	4.4E-01	0.609472	4.3E-01
rs12905116	15	79042734	1.02295	T	A	0.243151	0.998559	1.72197	1.9E-01	-0.004868	0.00473445	1.05721	3.0E-01	0.680528	4.1E-01
rs8024294	15	94023132	1.27326	G	A	0.893534	0.984354	0.0161835	9.0E-01	0.00118754	0.00664442	0.0319433	8.6E-01	0.224266	6.4E-01
rs2654980	15	99504843	1.43056	C	T	0.75401	1	2.13352	1.4E-01	-0.00514002	0.0047182	1.1868	2.8E-01	1.07218	3.0E-01
rs2603229	15	100263499	1.44349	T	C	0.24783	0.99299	0.502808	4.8E-01	0.0032694	0.00472069	0.479651	4.9E-01	0.711	4.0E-01
rs28610092	16	2155819	0.0436929	A	C	0.831908	0.992512	0.0572978	8.1E-01	-0.000840668	0.00547383	0.0235866	8.8E-01	0.00578612	9.4E-01
rs740375	16	4412868	0.0825739	C	G	0.436546	0.994477	2.9172	8.8E-02	0.00811317	0.00412338	3.87145	4.9E-02	2.9982	8.3E-02
rs73577318	16	49847602	0.582083	T	C	0.893989	0.973176	0.148461	7.0E-01	0.00347534	0.00670993	0.268262	6.0E-01	0.425957	5.1E-01
rs2192868	16	53428284	0.643286	G	A	0.549643	0.983829	0.000835748	9.8E-01	-0.000819063	0.00413421	0.0392509	8.4E-01	0.0393112	8.4E-01
rs3730393	16	67226405	0.849683	G	A	0.959467	0.981611	5.25211	2.2E-02	0.0211828	0.0104263	4.12766	4.2E-02	5.39681	2.0E-02
rs310011	16	81471654	1.04471	A	G	0.459339	0.974154	4.10907	4.3E-02	0.0089712	0.00414966	4.67387	3.1E-02	4.93991	2.6E-02
rs4889326	16	81533662	1.04573	C	T	0.781583	1	3.32751	6.8E-02	0.0075249	0.0049207	2.33855	1.3E-01	2.84763	9.2E-02
rs8076112	17	1612199	0.0581967	A	C	0.824836	0.985586	0.00331401	9.5E-01	0.000703779	0.00539647	0.017008	9.0E-01	0.164302	6.9E-01
rs12942967	17	3921834	0.111825	C	T	0.815615	0.995978	2.62412	1.1E-01	-0.00817754	0.00525723	2.41953	1.2E-01	2.70816	1.0E-01
rs4151121	17	7342294	0.196019	A	G	0.625168	0.994674	3.65176	5.6E-02	0.00772165	0.00421762	3.35186	6.7E-02	3.71959	5.4E-02
rs1242488	17	17347995	0.443205	C	A	0.250308	0.994678	0.00357477	9.5E-01	0.00177136	0.00470412	0.141793	7.1E-01	0.0149338	9.0E-01
rs897456	17	17422608	0.444631	A	G	0.942078	1	15.2063	9.6E-05	-0.0356775	0.0087197	16.7412	4.3E-05	16.6641	4.5E-05
rs7222766	17	27679725	0.495692	A	G	0.483785	1	0.00710972	9.3E-01	0.00133597	0.00407882	0.107282	7.4E-01	0.0697753	7.9E-01
rs9303642	17	29578360	0.501265	T	C	0.699117	0.999507	3.02189	8.2E-02	0.00826333	0.00443942	3.46464	6.3E-02	3.2186	7.3E-02
rs9907244	17	39980900	0.660119	T	C	0.563724	0.983666	0.604868	4.4E-01	-0.00420443	0.00414008	1.03133	3.1E-01	2.1284	1.4E-01
rs10468514	17	43456240	0.686822	A	G	0.598448	0.99546	0.138094	7.1E-01	-0.00239215	0.00417274	0.32865	5.7E-01	0.226577	6.3E-01
rs55938136	17	43798360	0.68845	A	G	0.776371	0.999875	0.369873	5.4E-01	0.0039242	0.004897	0.642157	4.2E-01	0.79198	3.7E-01
rs62062775	17	44021960	0.690029	G	A	0.765069	0.963414	0.925022	3.4E-01	-0.0056329	0.00489715	1.32306	2.5E-01	2.27835	1.3E-01
rs7211277	17	53654467	0.791648	G	A	0.798348	0.999226	0.0707634	7.9E-01	-0.000581036	0.00508523	0.0130552	9.1E-01	0.0195694	8.9E-01
rs227734	17	54767470	0.807961	C	T	0.705592	0.996371	0.0773975	7.8E-01	-0.000274968	0.00446609	0.00379061	9.5E-01	0.0186058	8.9E-01
rs1000423	17	59475642	0.870966	C	T	0.266359	0.997908	0.808932	3.7E-01	0.00502018	0.00461199	1.18485	2.8E-01	1.09127	3.0E-01
rs12450700	17	65368899	0.93572	T	G	0.599546	1	6.11318	1.3E-02	0.0127869	0.00417288	9.38991	2.2E-03	8.34436	3.9E-03
rs236571	17	68224214	0.981608	T	C	0.579338	0.994747	0.107749	7.4E-01	0.000457168	0.00413766	0.0122079	9.1E-01	0.00963627	9.2E-01
rs9899174	17	73249256	1.09811	G	A	0.300739	0.995636	25.4513	4.5E-07	-0.019915	0.00443787	20.1378	7.2E-06	18.6814	1.5E-05
rs35568625	17	79906748	1.2711	T	C	0.468095	0.986934	0.142872	7.1E-01	0.00126937	0.0041202	0.094916	7.6E-01	0.164969	6.8E-01
rs3810068	18	2846499	0.0738566	T	C	0.595835	1	8.61968	3.3E-03	0.0103003	0.00414298	6.18126	1.3E-02	5.65314	1.7E-02
rs4445996	18	20686403	0.42904	A	G	0.0906024	0.99743	0.0138681	9.1E-01	-0.00127752	0.00712414	0.0321569	8.6E-01	0.00432334	9.5E-01
rs6507588	18	42419103	0.621385	C	T	0.871061	0.984573	0.117173	7.3E-01	0.000665819	0.00612369	0.0118219	9.1E-01	0.0159133	9.0E-01
rs357897	18	46584184	0.687094	C	T	0.152899	0.998869	0.464299	5.0E-01	-0.00122506	0.00565808	0.046879	8.3E-01	0.0534731	8.2E-01
rs12454712	18	60845884	0.867586	T	C	0.623677	1	7.92186	4.9E-03	0.0103623	0.00419481	6.10221	1.4E-02	6.81919	9.0E-03
rs12979965	19	2131148	0.0753026	A	G	0.499421	0.991113	0.312355	5.8E-01	-0.00182527	0.00409168	0.199	6.6E-01	0.0504636	8.2E-01
rs8887	19	4502201	0.151456	T	C	0.429482	0.976879	2.76833	9.6E-02	-0.00537786	0.00414609	1.68245	1.9E-01	1.58428	2.1E-01
rs12973279	19	7207796	0.229604	C	A	0.25493	0.988505	6.37461	1.2E-02	0.0122055	0.00469969	6.74486	9.4E-03	6.9427	8.4E-03
rs889129	19	10070954	0.303184	T	A	0.123141	0.971029	1.27885	2.6E-01	-0.0072648	0.00629101	1.33354	2.5E-01	1.04875	3.1E-01
rs17766692	19	11342599	0.323489	C	T	0.940667	0.993783	34.8916	3.5E-09	0.0504089	0.00863442	34.0838	5.3E-09	30.0828	4.1E-08
rs17885551	19	18179672	0.447176	T	C	0.787767	0.995941	7.31922	6.8E-03	0.0149595	0.00498359	9.01056	2.7E-03	8.34908	3.9E-03
rs73001065	19	19460541	0.462151	G	C	0.930303	0.994964	52.8579	3.6E-13	0.0611311	0.00801224	58.2125	2.4E-14	57.6474	3.1E-14
rs8111715	19	33777725	0.560349	G	A	0.816781	0.899887	0.0593719	8.1E-01	0.00130142	0.00553884	0.0552071	8.1E-01	0.00401673	9.5E-01
rs142183293	19	33815690	0.561736	G	A	0.988446	0.92253	0.0875737	7.7E-01	0.00814108	0.0198048	0.168975	6.8E-01	0.0504517	8.2E-01
rs17530508	19	33860858	0.561933	C	T	0.827431	0.986076	1.06967	3.0E-01	-0.00470129	0.00541798	0.752938	3.9E-01	0.464981	5.0E-01
rs62119267	19	45134682	0.697646	A	C	0.977336	0.962344	94.8305	2.1E-22	-0.133533	0.0139531	91.5874	1.1E-21	92.8816	5.6E-22
rs531660643	19	45251806	0.70037	G	T	0.977152	0.938932	136.344	1.7E-31	-0.16338	0.0140313	135.581	2.5E-31	147.148	7.3E-34
rs113330691	19	45295886	0.703011	G	A	0.965042	0.995257	124.312	7.2E-29	-0.123675	0.0111231	123.627	1.0E-28	125.577	3.8E-29
rs372642577	19	45432488	0.707888	C	A	0.91204	0.614237	55.3566	1.0E-13	0.0699858	0.00915498	58.4392	2.1E-14	58.4961	2.0E-14
rs2864436	19	55986637	0.996315	T	C	0.754362	1	1.5037	2.2E-01	-0.00592261	0.00471784	1.57594	2.1E-01	1.43139	2.3E-01
rs151235402	20	569164	0.0196907	C	T	0.984501	0.956324	11.1566	8.4E-04	-0.0526823	0.0168693	9.75294	1.8E-03	9.70707	1.8E-03
rs2664375	20	5654126	0.19027	C	A	0.731372	0.963021	0.892362	3.4E-01	0.00383308	0.00467942	0.670983	4.1E-01	0.421034	5.2E-01
rs8126025	20	6480713	0.213787	A	C	0.761313	0.987748	2.78781	9.5E-02	-0.00748635	0.00479977	2.43276	1.2E-01	2.18891	1.4E-01
rs6047259	20	21098319	0.480462	C	T	0.378645	0.990815	0.282757	5.9E-01	-0.000405946	0.00422216	0.00924416	9.2E-01	0.00181824	9.7E-01
rs112928119	20	33726451	0.537689	C	T	0.787836	0.995325	3.9737	4.6E-02	0.00998702	0.00499384	3.99947	4.6E-02	3.42912	6.4E-02
rs13037366	20	38889128	0.585257	T	C	0.708362	0.997929	0.39292	5.3E-01	0.00611931	0.00449254	1.85533	1.7E-01	1.98339	1.6E-01
rs6016511	20	39709255	0.597567	T	C	0.67815	0.999652	6.83508	8.9E-03	-0.0117523	0.00434814	7.30532	6.9E-03	5.85726	1.6E-02
rs11699991	20	45489407	0.689702	T	A	0.670631	0.988835	0.669789	4.1E-01	0.00520388	0.00436041	1.42429	2.3E-01	2.45829	1.2E-01
rs1999536	20	45581777	0.691337	G	C	0.429504	0.994672	2.97122	8.5E-02	0.00549705	0.00412532	1.77559	1.8E-01	3.15603	7.6E-02
rs7271567	20	50871810	0.791153	G	A	0.901241	0.995145	0.196333	6.6E-01	-0.00153895	0.00685386	0.0504175	8.2E-01	0.000852744	9.8E-01
rs1936966	20	51691779	0.801626	C	T	0.672248	0.982215	0.128584	7.2E-01	-0.000947623	0.004393	0.0465317	8.3E-01	0.0022971	9.6E-01
rs2105063	20	62690683	1.09651	C	T	0.438477	1	6.31918	1.2E-02	0.0100538	0.0041128	5.9757	1.5E-02	5.9593	1.5E-02
rs28451064	21	35593827	0.362865	G	A	0.868938	0.957975	1.61071	2.0E-01	0.00908852	0.00617365	2.16722	1.4E-01	1.92077	1.7E-01
rs4507181	21	36748497	0.391139	A	C	0.445998	0.990087	0.190876	6.6E-01	-0.00296033	0.00411066	0.518629	4.7E-01	0.314808	5.7E-01
rs2836140	21	39452670	0.432405	C	T	0.518718	1	0.236103	6.3E-01	0.000487946	0.00409421	0.0142038	9.1E-01	0.0516197	8.2E-01
rs2330396	21	47524380	0.643685	A	C	0.491749	0.996498	1.13071	2.9E-01	-0.00450049	0.00406316	1.22685	2.7E-01	1.49205	2.2E-01
rs9613412	22	27647065	0.308304	C	A	0.905777	0.972438	0.0818117	7.7E-01	0.00115283	0.00708445	0.02648	8.7E-01	0.00239892	9.6E-01
rs2283847	22	28181399	0.334885	C	T	0.447854	0.951267	1.38321	2.4E-01	-0.00476341	0.0042113	1.2794	2.6E-01	1.80231	1.8E-01
rs9625551	22	29140529	0.338663	G	A	0.979024	0.995212	0.454811	5.0E-01	0.00993506	0.0142598	0.485415	4.9E-01	0.748984	3.9E-01
rs5997898	22	31572963	0.355537	A	C	0.420656	0.998342	1.01944	3.1E-01	-0.00436076	0.00413076	1.11446	2.9E-01	1.84634	1.7E-01
rs801597	22	47190735	0.614737	T	G	0.275448	0.998113	0.0840704	7.7E-01	0.00124645	0.00455862	0.0747618	7.8E-01	0.00241396	9.6E-01
