SNP	CHR	BP	GENPOS	ALLELE1	ALLELE0	A1FREQ	INFO	CHISQ_LINREG	P_LINREG	BETA	SE	CHISQ_BOLT_LMM_INF	P_BOLT_LMM_INF	CHISQ_BOLT_LMM	P_BOLT_LMM
rs10797373	1	2904056	0.0397888	G	A	0.307709	0.992548	6.2512	1.2E-02	0.0100895	0.00450842	5.00833	2.5E-02	5.06813	2.4E-02
rs1294014	1	9325676	0.18921	C	T	0.731267	0.974098	0.436438	5.1E-01	0.0033441	0.00474324	0.497059	4.8E-01	0.364392	5.5E-01
rs2268177	1	22415410	0.442927	A	T	0.826867	0.999403	0.546562	4.6E-01	-0.00498367	0.00547548	0.828424	3.6E-01	1.06196	3.0E-01
rs77604500	1	23286202	0.460813	C	A	0.931028	0.983422	0.0181987	8.9E-01	-0.00350146	0.0082385	0.180635	6.7E-01	0.289207	5.9E-01
rs2997447	1	26387423	0.495055	G	A	0.788926	0.978799	3.90073	4.8E-02	0.0107878	0.00512259	4.43489	3.5E-02	5.14201	2.3E-02
rs12084054	1	51242141	0.76307	C	T	0.911968	0.999771	0.449283	5.0E-01	0.00638625	0.00730557	0.764159	3.8E-01	1.15508	2.8E-01
rs11208579	1	65534491	0.960422	A	G	0.702828	0.992793	0.753874	3.9E-01	-0.00238145	0.00455111	0.27381	6.0E-01	0.147714	7.0E-01
rs10873710	1	86072216	1.1498	G	A	0.56595	0.976243	2.3068	1.3E-01	-0.00732458	0.00423084	2.99717	8.3E-02	1.94579	1.6E-01
rs6577334	1	103214274	1.32929	G	A	0.616402	0.991239	4.14734	4.2E-02	0.00926953	0.00427452	4.70264	3.0E-02	3.50963	6.1E-02
rs3789615	1	114941326	1.46309	C	T	0.566995	0.997575	0.0353183	8.5E-01	1.37044e-05	0.00418622	1.0717e-05	1.0E+00	0.0208996	8.9E-01
rs59051938	1	118850501	1.50636	G	T	0.745314	0.991396	0.385756	5.3E-01	-0.00372773	0.00477522	0.6094	4.4E-01	0.217769	6.4E-01
rs116821116	1	119126235	1.5082	C	T	0.960655	0.922053	0.055129	8.1E-01	-0.0029117	0.0110668	0.0692227	7.9E-01	0.0352782	8.5E-01
rs140609054	1	119864893	1.51178	C	T	0.979764	0.97475	0.519834	4.7E-01	-0.00801856	0.0149265	0.288586	5.9E-01	0.404115	5.2E-01
rs78132593	1	150868102	1.65903	C	A	0.782593	0.996822	70.3517	5.0E-17	0.040504	0.0050305	64.8297	8.2E-16	65.6215	5.5E-16
rs2486425	1	163662479	1.8151	G	T	0.599038	0.997834	4.30813	3.8E-02	-0.00688319	0.00422888	2.64929	1.0E-01	2.25776	1.3E-01
rs12098218	1	164740891	1.83762	C	T	0.879528	0.986123	2.34161	1.3E-01	0.00896914	0.00642105	1.95114	1.6E-01	1.2324	2.7E-01
rs17345893	1	170171874	1.91645	C	T	0.933686	0.998406	0.000442446	9.8E-01	-0.00183889	0.00832947	0.0487391	8.3E-01	0.0559954	8.1E-01
rs10919359	1	170321312	1.91759	T	C	0.636418	0.999798	1.08486	3.0E-01	0.00483988	0.00430817	1.26207	2.6E-01	2.39279	1.2E-01
rs17361789	1	172122601	1.93709	T	G	0.67666	0.979392	0.169303	6.8E-01	0.00131194	0.00447614	0.0859059	7.7E-01	0.0313969	8.6E-01
rs1325598	1	176792249	1.97626	A	G	0.453527	1	0.0838103	7.7E-01	-0.000998477	0.00416092	0.0575834	8.1E-01	0.138761	7.1E-01
rs4465240	1	199764832	2.16442	C	T	0.435085	0.991154	0.00728431	9.3E-01	-0.00141799	0.00420282	0.113832	7.4E-01	0.0762215	7.8E-01
rs36043408	1	203511492	2.22297	G	A	0.497481	0.997049	4.02384	4.5E-02	-0.00787671	0.00414916	3.60388	5.8E-02	3.27357	7.0E-02
rs4951159	1	205012106	2.25304	G	C	0.090518	0.967	1.52888	2.2E-01	0.00981333	0.00734394	1.78556	1.8E-01	1.36446	2.4E-01
rs61821643	1	219268532	2.43532	T	C	0.974018	0.889659	1.42962	2.3E-01	0.0147127	0.0138157	1.13407	2.9E-01	0.986315	3.2E-01
rs12740837	1	219623230	2.43692	G	A	0.983525	0.959021	0.112522	7.4E-01	0.00669293	0.0165891	0.162775	6.9E-01	0.0911208	7.6E-01
rs72732565	1	219687493	2.43716	A	G	0.988065	1	1.05254	3.0E-01	-0.0203658	0.0191313	1.13322	2.9E-01	1.04001	3.1E-01
rs1815892	2	9616728	0.208415	G	T	0.406069	0.996841	0.0658525	8.0E-01	-0.000491271	0.00421765	0.0135675	9.1E-01	0.089349	7.7E-01
rs711869	2	13073967	0.297329	G	A	0.442035	0.983109	1.66031	2.0E-01	0.00571674	0.0042085	1.84519	1.7E-01	1.73754	1.9E-01
rs17665060	2	20959911	0.41731	G	C	0.927744	0.986771	51.7353	6.4E-13	0.057911	0.00805936	51.6321	6.7E-13	50.1365	1.4E-12
rs12720816	2	21239667	0.419939	T	C	0.607448	0.97208	96.8408	7.5E-23	-0.04525	0.00429154	111.176	5.4E-26	113.718	1.5E-26
rs727805	2	37862717	0.612603	A	C	0.780201	0.985049	0.0287605	8.7E-01	0.000155961	0.00503243	0.000960454	9.8E-01	0.123348	7.3E-01
rs80323638	2	43469615	0.682441	G	A	0.900423	0.984528	1.17878	2.8E-01	0.00785272	0.00696894	1.26972	2.6E-01	1.65765	2.0E-01
rs4131886	2	48965022	0.765302	A	C	0.732392	0.994242	3.69011	5.5E-02	-0.00863002	0.00470379	3.3661	6.7E-02	4.38188	3.6E-02
rs2717063	2	58110969	0.847489	C	A	0.413983	0.989245	0.00392043	9.5E-01	0.000336705	0.00422921	0.00633841	9.4E-01	0.0177198	8.9E-01
rs17681189	2	65976175	0.914128	C	A	0.577572	0.997123	0.0116301	9.1E-01	0.000878512	0.0041985	0.043783	8.3E-01	0.0314617	8.6E-01
rs1549383	2	66167564	0.916627	G	A	0.673718	0.996964	1.30053	2.5E-01	-0.00547963	0.00443452	1.52689	2.2E-01	1.6317	2.0E-01
rs3890755	2	66744603	0.924308	C	T	0.477091	0.981761	1.51641	2.2E-01	-0.00486809	0.0041837	1.35393	2.4E-01	1.52363	2.2E-01
rs11123788	2	100205498	1.21955	A	C	0.324943	0.986149	6.97947	8.2E-03	0.0120353	0.00445308	7.30455	6.9E-03	6.36768	1.2E-02
rs72946301	2	111861838	1.33125	G	A	0.904588	0.964859	1.77183	1.8E-01	-0.00904827	0.00717828	1.58888	2.1E-01	1.92868	1.6E-01
rs58099056	2	112156865	1.33603	C	T	0.433037	0.765973	1.63323	2.0E-01	0.00617655	0.0047661	1.67944	1.9E-01	2.33927	1.3E-01
rs4571059	2	114599209	1.35996	C	T	0.38914	0.997618	0.608678	4.4E-01	0.00388122	0.00426382	0.82859	3.6E-01	0.907587	3.4E-01
rs1527418	2	119540832	1.39651	T	G	0.352372	0.9994	0.514167	4.7E-01	-0.00290758	0.00432689	0.451557	5.0E-01	0.282738	5.9E-01
rs78876301	2	158234589	1.75901	A	C	0.987135	0.782415	0.0542675	8.2E-01	-0.00110133	0.0208133	0.0028	9.6E-01	0.0286579	8.7E-01
rs2198562	2	158465673	1.76316	C	G	0.946945	0.98702	4.70336	3.0E-02	0.0192786	0.00928978	4.30665	3.8E-02	3.78046	5.2E-02
rs78343493	2	165502911	1.8149	G	A	0.879696	0.994826	4.36108	3.7E-02	0.0134396	0.00637799	4.44022	3.5E-02	4.63978	3.1E-02
rs142657805	2	165570358	1.81517	T	C	0.984821	0.93372	0.00667753	9.3E-01	-0.00373508	0.0174913	0.0455993	8.3E-01	0.283872	5.9E-01
rs72882321	2	172298662	1.8972	C	T	0.821515	0.98752	0.437469	5.1E-01	0.00192561	0.00545074	0.124803	7.2E-01	0.243699	6.2E-01
rs13412001	2	187720020	2.04017	T	G	0.669822	0.998277	2.59448	1.1E-01	-0.00567866	0.00441165	1.65687	2.0E-01	1.55231	2.1E-01
rs752919	2	206959970	2.2004	G	A	0.580196	0.999388	0.0132313	9.1E-01	0.000943248	0.0042007	0.0504206	8.2E-01	0.249328	6.2E-01
rs1250248	2	216287093	2.28549	A	G	0.271229	0.996374	0.680829	4.1E-01	0.00578947	0.00467261	1.53518	2.2E-01	1.39942	2.4E-01
rs2373074	2	218381350	2.32413	C	T	0.903259	0.998908	0.281942	6.0E-01	0.00505353	0.00701764	0.51857	4.7E-01	0.337683	5.6E-01
rs6756793	2	225028919	2.42506	T	C	0.557892	0.993621	0.0281672	8.7E-01	0.000512895	0.00418282	0.0150355	9.0E-01	0.0305157	8.6E-01
rs35419826	2	239719323	2.67375	G	A	0.81942	0.987245	0.0898113	7.6E-01	-0.00087246	0.00541535	0.025956	8.7E-01	0.000147785	9.9E-01
rs346070	3	11303874	0.281373	T	C	0.17381	0.995354	0.0111588	9.2E-01	-0.000730111	0.00548617	0.0177109	8.9E-01	0.135561	7.1E-01
rs2600271	3	12036176	0.296828	T	C	0.171488	1	0.0722941	7.9E-01	0.0023614	0.00549344	0.184778	6.7E-01	0.305264	5.8E-01
rs6763925	3	12515602	0.299217	T	C	0.704596	0.990971	0.25512	6.1E-01	0.00243851	0.00455788	0.286236	5.9E-01	0.101135	7.5E-01
rs10490869	3	35635145	0.595764	A	T	0.789179	0.990849	0.919578	3.4E-01	0.00489181	0.00509075	0.923371	3.4E-01	0.922799	3.4E-01
rs2844360	3	37571178	0.612433	A	G	0.405592	0.99991	0.00225814	9.6E-01	-0.00182693	0.00422049	0.187378	6.7E-01	0.279612	6.0E-01
rs79506763	3	43736378	0.664873	T	G	0.970457	0.974761	6.89015	8.7E-03	0.0321232	0.0123844	6.72797	9.5E-03	6.20453	1.3E-02
rs11926707	3	46925539	0.687568	T	C	0.379205	0.985514	0.929572	3.3E-01	-0.00473276	0.00429291	1.21541	2.7E-01	1.53294	2.2E-01
rs4858828	3	48724811	0.68972	C	T	0.348576	0.999091	0.277582	6.0E-01	-0.00311602	0.00434498	0.514309	4.7E-01	0.33339	5.6E-01
rs352155	3	52213653	0.694659	T	C	0.953063	0.882506	0.218172	6.4E-01	0.00525494	0.010338	0.258382	6.1E-01	0.26797	6.0E-01
rs7643235	3	53227428	0.699142	T	C	0.415041	0.989215	0.270481	6.0E-01	-0.00161769	0.00421391	0.147373	7.0E-01	0.213851	6.4E-01
rs6445415	3	64602006	0.869066	A	G	0.730167	0.995303	0.282644	5.9E-01	-0.00381387	0.00467492	0.665556	4.1E-01	0.646019	4.2E-01
rs4688498	3	64674599	0.871028	C	T	0.669904	0.985151	0.264143	6.1E-01	-0.00137797	0.0044444	0.0961284	7.6E-01	0.146197	7.0E-01
rs997274	3	78704821	1.06722	T	C	0.749726	0.994327	0.0165574	9.0E-01	-0.0012739	0.00480777	0.0702081	7.9E-01	0.0318914	8.6E-01
rs12490079	3	99242097	1.12956	T	C	0.762721	0.996476	2.59091	1.1E-01	0.00816234	0.00487237	2.80639	9.4E-02	2.61514	1.1E-01
rs644342	3	107255235	1.19654	A	T	0.163705	0.995834	2.75679	9.7E-02	0.00644808	0.00559693	1.32727	2.5E-01	1.85502	1.7E-01
rs9859117	3	127397553	1.40841	G	C	0.7975	0.997121	2.10353	1.5E-01	-0.00632296	0.00517715	1.49163	2.2E-01	1.76015	1.8E-01
rs55930886	3	128747421	1.42294	C	T	0.919276	0.981412	1.30132	2.5E-01	-0.0129241	0.00767648	2.83451	9.2E-02	1.95753	1.6E-01
rs2625970	3	129282977	1.42613	C	T	0.686506	0.99718	0.310198	5.8E-01	-0.00148613	0.00447067	0.110501	7.4E-01	0.0462349	8.3E-01
rs28850104	3	129747349	1.42834	C	T	0.721035	0.928021	2.04306	1.5E-01	-0.0056491	0.00479258	1.38937	2.4E-01	0.919231	3.4E-01
rs112551697	3	150018637	1.64271	G	A	0.965346	0.928479	0.86194	3.5E-01	-0.0130903	0.0117158	1.24839	2.6E-01	1.56856	2.1E-01
rs73170826	3	156793907	1.71229	C	T	0.908171	1	0.0216599	8.8E-01	0.00266513	0.00716396	0.138398	7.1E-01	0.0470502	8.3E-01
rs6805879	3	168811680	1.77814	G	A	0.637095	0.998887	2.99481	8.4E-02	-0.00741849	0.00431079	2.96154	8.5E-02	2.58432	1.1E-01
rs35430985	3	185488303	2.01654	C	A	0.732768	0.99119	0.12314	7.3E-01	-0.00184407	0.00469856	0.154036	6.9E-01	0.563439	4.5E-01
rs75072999	4	844781	0.00782036	G	A	0.905079	0.991302	0.0269067	8.7E-01	-0.000551244	0.00710341	0.00602218	9.4E-01	0.00119251	9.7E-01
rs748483	4	952409	0.00822297	A	G	0.892289	0.99682	11.2626	7.9E-04	-0.0205169	0.006698	9.38285	2.2E-03	9.96679	1.6E-03
rs917681	4	13247539	0.271091	C	T	0.699846	0.993933	2.02214	1.6E-01	-0.00536421	0.00452534	1.40511	2.4E-01	1.62538	2.0E-01
rs7663994	4	15353649	0.298855	C	G	0.644674	0.999402	1.70806	1.9E-01	0.00515622	0.0043284	1.41908	2.3E-01	2.46211	1.2E-01
rs7692990	4	26007090	0.455953	C	T	0.441312	0.992624	3.41199	6.5E-02	0.0066921	0.00418683	2.55479	1.1E-01	2.62515	1.1E-01
rs73245728	4	26206514	0.460458	A	C	0.93585	0.981901	0.292824	5.9E-01	-0.00427947	0.00855408	0.250284	6.2E-01	0.330698	5.7E-01
rs11935857	4	56204865	0.730139	C	A	0.812475	0.979003	0.193571	6.6E-01	-0.0022518	0.00535824	0.17661	6.7E-01	0.338279	5.6E-01
rs3017896	4	89533004	1.04795	G	C	0.704288	1	0.144163	7.0E-01	0.00271826	0.00453215	0.359729	5.5E-01	0.6616	4.2E-01
rs10021465	4	89750361	1.04993	A	G	0.668796	0.991313	0.005293	9.4E-01	-0.00149109	0.00441961	0.113826	7.4E-01	0.101894	7.5E-01
rs13109404	4	102896591	1.15605	T	G	0.927918	0.985952	14.7246	1.2E-04	-0.0317573	0.00805641	15.5383	8.1E-05	17.1092	3.5E-05
rs12647922	4	106063987	1.17944	C	T	0.795209	0.998343	0.718962	4.0E-01	0.00693597	0.00513456	1.82477	1.8E-01	2.2196	1.4E-01
rs7655064	4	120106348	1.31331	T	C	0.875575	0.995692	1.26477	2.6E-01	-0.00811041	0.00628388	1.66582	2.0E-01	1.74361	1.9E-01
rs7684567	4	122577770	1.33637	T	G	0.694839	0.995022	0.0215263	8.8E-01	0.000394858	0.00451293	0.00765534	9.3E-01	0.00945106	9.2E-01
rs308447	4	123738546	1.34457	C	T	0.632593	1	0.562256	4.5E-01	0.00495464	0.00431204	1.32026	2.5E-01	1.23466	2.7E-01
rs13138056	4	125092599	1.35469	A	T	0.472597	0.992452	0.47686	4.9E-01	-0.00375019	0.00417179	0.808092	3.7E-01	0.960734	3.3E-01
rs6841006	4	145228728	1.53715	G	A	0.264421	0.987202	0.56013	4.5E-01	0.00325454	0.00474339	0.470763	4.9E-01	0.769021	3.8E-01
rs17725600	4	146027434	1.53886	G	T	0.860687	0.971986	0.126625	7.2E-01	-0.00436901	0.00608464	0.515579	4.7E-01	0.431523	5.1E-01
rs1996770	4	157615583	1.66075	T	C	0.630845	0.986917	0.644501	4.2E-01	-0.00260528	0.00431808	0.364021	5.5E-01	0.432942	5.1E-01
rs2333496	4	177609609	1.88652	C	T	0.300866	0.995482	1.13056	2.9E-01	-0.00552699	0.00452592	1.4913	2.2E-01	1.64666	2.0E-01
rs3107018	5	3975334	0.10127	G	T	0.686484	0.988391	2.81414	9.3E-02	-0.00922332	0.0044972	4.2062	4.0E-02	3.54755	6.0E-02
rs3811968	5	32765489	0.512016	C	A	0.707253	0.994212	0.619482	4.3E-01	-0.002746	0.00456574	0.361727	5.5E-01	0.000792515	9.8E-01
rs10074193	5	34041686	0.535424	C	T	0.842213	0.998379	0.0515055	8.2E-01	-0.00259646	0.00569512	0.207854	6.5E-01	0.498713	4.8E-01
rs6898870	5	53293107	0.644946	G	A	0.739419	0.999245	1.90663	1.7E-01	-0.00682095	0.0047262	2.08289	1.5E-01	2.30701	1.3E-01
rs1559215	5	54867827	0.667887	G	A	0.339937	0.996823	1.91617	1.7E-01	0.00606132	0.00439046	1.90596	1.7E-01	1.60164	2.1E-01
rs61653333	5	55779080	0.679717	G	T	0.970333	0.977169	0.873341	3.5E-01	-0.0141756	0.0123486	1.31778	2.5E-01	0.910901	3.4E-01
rs10514979	5	64607614	0.751787	G	C	0.872667	0.993151	0.647403	4.2E-01	-0.00608605	0.0062332	0.953341	3.3E-01	0.35815	5.5E-01
rs34592828	5	75996909	0.882256	G	A	0.955474	1	0.505627	4.8E-01	-0.0090231	0.0100479	0.806426	3.7E-01	0.616338	4.3E-01
rs9293709	5	76440463	0.890157	T	C	0.423613	0.992813	0.00938949	9.2E-01	0.00159178	0.00421164	0.142844	7.1E-01	0.231596	6.3E-01
rs7734060	5	101780479	1.10738	T	G	0.735256	0.995631	0.26057	6.1E-01	0.00117531	0.00473043	0.0617315	8.0E-01	0.0547069	8.2E-01
rs2052473	5	118661882	1.27415	T	G	0.74594	0.995141	0.0811494	7.8E-01	-0.00101892	0.00476488	0.0457275	8.3E-01	0.0670382	8.0E-01
rs6897978	5	118789338	1.27483	A	G	0.797726	0.996114	0.0139479	9.1E-01	-0.000962644	0.00516325	0.0347605	8.5E-01	0.00940541	9.2E-01
rs1029472	5	130867733	1.38574	G	A	0.0578241	0.998434	1.98194	1.6E-01	0.0119545	0.00890499	1.80216	1.8E-01	1.99737	1.6E-01
rs4705870	5	132159134	1.39016	C	T	0.853985	0.993673	0.00859744	9.3E-01	0.00188921	0.00589268	0.102786	7.5E-01	0.129205	7.2E-01
rs10065321	5	141857415	1.48574	C	T	0.583823	0.990853	0.702604	4.0E-01	-0.00207045	0.0042341	0.239115	6.2E-01	0.179234	6.7E-01
rs33999	5	141973349	1.48937	C	G	0.611747	0.9834	0.636031	4.3E-01	-0.00277848	0.00427598	0.422224	5.2E-01	0.272318	6.0E-01
rs10477191	5	142077715	1.49476	A	G	0.949961	0.911257	0.27593	6.0E-01	0.00557695	0.00995277	0.313982	5.8E-01	0.312418	5.8E-01
rs7714046	5	148550501	1.57405	T	C	0.628474	0.988688	6.69822	9.7E-03	0.00975624	0.00430914	5.12606	2.4E-02	4.1877	4.1E-02
rs13167071	5	156373637	1.66279	G	C	0.362025	0.993151	52.8155	3.7E-13	-0.032148	0.00431917	55.3995	9.8E-14	57.8352	2.9E-14
rs6879860	5	157879652	1.67625	G	A	0.53925	0.994006	0.827318	3.6E-01	-0.00285657	0.00417452	0.468249	4.9E-01	0.379833	5.4E-01
rs10463020	5	171817717	1.88948	C	T	0.701873	0.996033	0.660785	4.2E-01	0.00343174	0.00454145	0.571003	4.5E-01	0.590223	4.4E-01
rs322388	5	172156062	1.89703	G	A	0.591887	0.995019	0.152796	7.0E-01	-0.00198635	0.0042255	0.220981	6.4E-01	0.105249	7.5E-01
rs10035782	5	173270328	1.92939	A	G	0.600853	0.984103	1.49908	2.2E-01	-0.00541933	0.00426819	1.61214	2.0E-01	1.71318	1.9E-01
rs244711	5	176509193	1.99996	C	T	0.314341	0.866155	0.278972	6.0E-01	0.00184526	0.00480179	0.147676	7.0E-01	0.222542	6.4E-01
rs1294447	6	6724416	0.18091	T	C	0.493581	0.983229	0.0383341	8.4E-01	-0.00216882	0.0041755	0.269793	6.0E-01	0.026346	8.7E-01
rs13207230	6	7041700	0.194689	G	A	0.467706	0.982104	0.00109341	9.7E-01	-0.000312904	0.0041915	0.00557293	9.4E-01	0.212882	6.4E-01
rs7756211	6	20553785	0.409932	G	A	0.682387	0.987745	0.0534241	8.2E-01	0.000987278	0.00447497	0.0486741	8.3E-01	0.0272057	8.7E-01
rs2294823	6	22596987	0.442173	C	T	0.691378	0.988921	0.0221395	8.8E-01	0.00145756	0.00452273	0.103861	7.5E-01	4.8119e-07	1.0E+00
rs35875210	6	25827484	0.49239	A	G	0.744631	0.999945	0.159682	6.9E-01	0.00193886	0.00475888	0.165991	6.8E-01	0.206273	6.5E-01
rs2394661	6	29672941	0.502055	T	C	0.523232	0.999975	3.43614	6.4E-02	-0.00627467	0.00414624	2.2902	1.3E-01	2.05871	1.5E-01
rs114376405	6	30770701	0.507083	G	A	0.988645	0.994696	6.19704	1.3E-02	-0.0388244	0.0196068	3.92098	4.8E-02	5.15461	2.3E-02
rs6923504	6	32428186	0.520212	G	C	0.276443	1	0.576877	4.5E-01	-0.00472565	0.00463301	1.04039	3.1E-01	0.403941	5.3E-01
rs10807138	6	34184938	0.545769	G	A	0.203622	0.984523	8.31631	3.9E-03	0.0149074	0.00518236	8.27461	4.0E-03	9.63007	1.9E-03
rs13215052	6	41681835	0.64368	G	A	0.905448	0.992093	6.57867e-05	9.9E-01	0.000137338	0.00711571	0.000372519	9.8E-01	0.00155955	9.7E-01
rs6458325	6	43115670	0.668109	C	A	0.555263	0.991189	0.3482	5.6E-01	-0.0021147	0.00419782	0.253775	6.1E-01	0.22262	6.4E-01
rs6458349	6	43759789	0.67705	G	A	0.275853	0.996896	1.56687	2.1E-01	-0.00427338	0.00463867	0.848704	3.6E-01	1.44889	2.3E-01
rs7357014	6	43821720	0.680233	A	G	0.699989	0.995614	3.86389	4.9E-02	0.00995655	0.00452825	4.83456	2.8E-02	4.36453	3.7E-02
rs969693	6	80587739	0.919139	C	T	0.400483	0.992017	0.00603042	9.4E-01	-4.51314e-05	0.00425513	0.000112495	9.9E-01	0.00623339	9.4E-01
rs9352801	6	80817468	0.920926	G	T	0.553049	0.99904	0.55999	4.5E-01	0.00268326	0.00417153	0.413747	5.2E-01	0.976984	3.2E-01
rs4706852	6	81284507	0.922075	A	G	0.662691	0.966467	5.69017	1.7E-02	-0.0095378	0.00445605	4.58138	3.2E-02	5.23439	2.2E-02
rs9341990	6	85391568	0.949845	A	G	0.416806	0.99851	5.15295	2.3E-02	-0.00957733	0.00421087	5.17303	2.3E-02	5.25621	2.2E-02
rs6924944	6	100597579	1.0811	A	T	0.244413	0.981159	0.246025	6.2E-01	0.00402688	0.00487846	0.68135	4.1E-01	0.801441	3.7E-01
rs11757455	6	112522852	1.21199	G	A	0.932628	1	1.44842	2.3E-01	0.00778064	0.00825164	0.8891	3.5E-01	0.64885	4.2E-01
rs72969772	6	126187585	1.32503	A	G	0.980652	1	0.0924735	7.6E-01	0.00349604	0.0150699	0.0538187	8.2E-01	0.000838497	9.8E-01
rs9986505	6	126445558	1.32603	A	G	0.674967	0.991308	0.723051	4.0E-01	-0.00308014	0.00443781	0.481729	4.9E-01	0.154733	6.9E-01
rs74949497	6	126812007	1.32699	A	C	0.975508	1	5.21061	2.2E-02	-0.0319305	0.0134827	5.60867	1.8E-02	5.60197	1.8E-02
rs139242696	6	127414440	1.32797	T	C	0.974997	0.948341	0.487101	4.9E-01	-0.00852198	0.0136167	0.391684	5.3E-01	0.566808	4.5E-01
rs9321204	6	130311831	1.35934	A	G	0.403225	0.957358	0.105354	7.5E-01	-0.00152537	0.00430911	0.125306	7.2E-01	0.0878192	7.7E-01
rs7766444	6	139806747	1.50278	A	C	0.677797	1	5.26068	2.2E-02	-0.0104499	0.00444544	5.52577	1.9E-02	4.99878	2.5E-02
rs653468	6	139842563	1.5032	G	A	0.670038	0.989353	0.369868	5.4E-01	0.00151464	0.00443936	0.116407	7.3E-01	0.150814	7.0E-01
rs381194	6	160712194	1.77418	G	A	0.528607	0.996792	1.28663	2.6E-01	-0.00511008	0.00415853	1.51	2.2E-01	1.75258	1.9E-01
rs2158828	7	14227425	0.264083	A	G	0.825893	0.993584	2.29444	1.3E-01	-0.00916596	0.00547396	2.80383	9.4E-02	1.35474	2.4E-01
rs960589	7	25823647	0.43812	A	C	0.837373	0.976235	1.05982	3.0E-01	-0.0052324	0.00567858	0.849029	3.6E-01	0.959689	3.3E-01
rs12671127	7	26309246	0.44373	C	T	0.632826	0.988487	0.808847	3.7E-01	0.00319668	0.00431305	0.549327	4.6E-01	0.412155	5.2E-01
rs3823764	7	27187753	0.451849	C	T	0.158387	0.996639	0.0519465	8.2E-01	-0.000706113	0.00568575	0.0154232	9.0E-01	0.0699113	7.9E-01
rs10245867	7	28142186	0.462806	G	T	0.668264	0.99625	0.0496714	8.2E-01	-0.000408132	0.00441372	0.0085505	9.3E-01	0.000432113	9.8E-01
rs17172095	7	42665355	0.680121	A	G	0.679757	0.995026	0.00847655	9.3E-01	0.00047746	0.00444839	0.0115204	9.1E-01	0.0123271	9.1E-01
rs3110697	7	45955029	0.715313	A	G	0.424078	1	1.35616	2.4E-01	-0.00488995	0.00420191	1.3543	2.4E-01	1.33729	2.5E-01
rs2529411	7	50738482	0.768347	G	C	0.35641	0.995992	1.39499	2.4E-01	-0.0058726	0.00433291	1.83697	1.8E-01	1.94878	1.6E-01
rs71556711	7	72854549	0.899611	C	T	0.909227	1	28.6973	8.5E-08	0.0373308	0.00720626	26.8359	2.2E-07	25.3473	4.8E-07
rs181981038	7	72890241	0.899613	G	A	0.93441	0.981953	0.317324	5.7E-01	-0.00352704	0.00842321	0.175334	6.8E-01	0.127936	7.2E-01
rs2052162	7	77171617	0.936702	T	C	0.392075	0.99406	3.91944	4.8E-02	-0.00642118	0.00425445	2.27794	1.3E-01	2.78978	9.5E-02
rs9649071	7	84524701	1.03046	A	G	0.746512	0.995148	1.18693	2.8E-01	0.0047457	0.0047705	0.989628	3.2E-01	1.40567	2.4E-01
rs2158045	7	93082708	1.09422	C	T	0.524967	0.990979	0.383999	5.4E-01	-0.00219252	0.00417001	0.276447	6.0E-01	0.254333	6.1E-01
rs411844	7	101692403	1.17334	G	A	0.178199	0.989998	1.17089	2.8E-01	-0.00671757	0.00543485	1.52774	2.2E-01	1.2259	2.7E-01
rs2385537	7	104755514	1.19856	C	A	0.841799	1	0.678017	4.1E-01	0.00440194	0.00566603	0.603572	4.4E-01	0.911562	3.4E-01
rs1544474	7	107612629	1.24618	A	G	0.548606	1	0.248349	6.2E-01	-0.00333645	0.00416375	0.642096	4.2E-01	0.676944	4.1E-01
rs13226446	7	116888161	1.32093	A	G	0.945828	1	0.17324	6.8E-01	-0.00426389	0.00917085	0.216169	6.4E-01	0.397849	5.3E-01
rs2968349	7	120726926	1.33679	A	C	0.536077	0.996003	0.640703	4.2E-01	-0.00252779	0.00417004	0.367453	5.4E-01	0.21358	6.4E-01
rs12154627	7	130422934	1.4017	T	C	0.50585	0.97487	1.48048	2.2E-01	0.00308571	0.00419305	0.541562	4.6E-01	1.24474	2.6E-01
rs2980436	8	8092025	0.237424	G	A	0.545084	0.992022	1.84788	1.7E-01	-0.00674807	0.00418228	2.60336	1.1E-01	3.24938	7.1E-02
rs9969455	8	12617155	0.332045	A	G	0.621264	0.941422	0.0500722	8.2E-01	-0.00174577	0.00440847	0.156819	6.9E-01	0.0923613	7.6E-01
rs2119693	8	19720395	0.471068	G	T	0.142543	0.971581	64.9869	7.5E-16	-0.0480629	0.0060102	63.9502	1.3E-15	65.3907	6.1E-16
rs112615738	8	25379182	0.563887	C	T	0.924846	0.998313	0.0296793	8.6E-01	-0.00072088	0.00785958	0.00841256	9.3E-01	0.00340991	9.5E-01
rs11783974	8	25748695	0.572236	C	T	0.485102	0.994896	1.41075	2.3E-01	0.0039867	0.00414973	0.92297	3.4E-01	1.16977	2.8E-01
rs10504430	8	69559835	0.903728	A	C	0.811769	0.988802	0.38336	5.4E-01	0.00279937	0.00532865	0.275986	6.0E-01	0.866626	3.5E-01
rs17697852	8	71927795	0.936897	T	G	0.906746	0.996851	0.0154422	9.0E-01	0.00315604	0.00714899	0.194893	6.6E-01	0.0752272	7.8E-01
rs4738139	8	72407665	0.950149	A	G	0.612961	0.993095	0.611185	4.3E-01	0.00286005	0.00426408	0.44988	5.0E-01	0.288865	5.9E-01
rs4147332	8	89280863	1.08332	G	C	0.323417	0.995784	0.708876	4.0E-01	0.00262738	0.00443224	0.351399	5.5E-01	0.153149	7.0E-01
rs4871058	8	121342846	1.36475	A	C	0.559535	0.998771	2.19241	1.4E-01	0.00607998	0.00417571	2.12004	1.5E-01	2.87875	9.0E-02
rs144435165	8	126419938	1.45107	G	C	0.945037	0.785853	0.0200426	8.9E-01	-0.0016754	0.0102412	0.0267632	8.7E-01	0.00664135	9.4E-01
rs2954030	8	126491304	1.45329	T	C	0.363069	0.993298	10.4093	1.3E-03	0.0126767	0.00432239	8.60124	3.4E-03	9.56015	2.0E-03
rs13262081	8	128284766	1.4896	G	C	0.809711	0.995781	0.425614	5.1E-01	-0.00496159	0.00528382	0.881752	3.5E-01	0.35443	5.5E-01
rs79116087	9	17137405	0.365515	C	T	0.929634	0.981644	1.16219	2.8E-01	0.00636424	0.00818266	0.604928	4.4E-01	0.578794	4.5E-01
rs73650963	9	93943033	1.11642	T	C	0.891543	0.990174	2.47671	1.2E-01	-0.0109781	0.00668758	2.69473	1.0E-01	2.56685	1.1E-01
rs9299401	9	94940133	1.12583	C	T	0.655465	0.998477	0.0351757	8.5E-01	0.00153581	0.00437587	0.123182	7.3E-01	0.175231	6.8E-01
rs4743305	9	101760026	1.18739	T	C	0.629001	0.995307	0.0965899	7.6E-01	-0.00128364	0.00430028	0.0891035	7.7E-01	0.0705276	7.9E-01
rs2777806	9	107572119	1.23853	T	G	0.919367	0.992866	6.09879	1.4E-02	-0.0183894	0.00762984	5.80906	1.6E-02	4.24293	3.9E-02
rs4149275	9	107638507	1.24287	A	G	0.830894	0.973164	4.09483	4.3E-02	0.0123564	0.00560542	4.85924	2.7E-02	5.60736	1.8E-02
rs2791952	9	107682517	1.24564	T	C	0.100262	1	2.28714	1.3E-01	0.0100124	0.00690107	2.10494	1.5E-01	1.89274	1.7E-01
rs877544	9	113895745	1.33887	A	T	0.442141	0.993686	2.29356	1.3E-01	0.00629198	0.00419154	2.25334	1.3E-01	2.24987	1.3E-01
rs6478851	9	131561110	1.55426	G	A	0.758307	1	0.675479	4.1E-01	-0.00421471	0.00486109	0.751738	3.9E-01	0.509079	4.8E-01
rs645838	10	3560515	0.0740542	A	G	0.160732	0.985753	0.787017	3.8E-01	0.00481056	0.00568908	0.715	4.0E-01	0.620888	4.3E-01
rs66923674	10	4955702	0.105389	G	T	0.866408	0.989502	0.00518478	9.4E-01	-0.00177974	0.00612254	0.0844986	7.7E-01	0.0646254	8.0E-01
rs982004	10	27873231	0.532296	C	T	0.488725	0.997636	1.31491	2.5E-01	-0.00378232	0.00415559	0.828419	3.6E-01	0.762951	3.8E-01
rs2769241	10	32556229	0.605363	T	C	0.168613	0.994424	0.0246627	8.8E-01	0.00160949	0.00555241	0.0840261	7.7E-01	0.0478523	8.3E-01
rs17296943	10	34160764	0.623336	C	G	0.851702	0.9821	0.211599	6.5E-01	-0.00322151	0.00587963	0.300206	5.8E-01	0.0382038	8.5E-01
rs10995014	10	63784082	0.859346	T	G	0.964253	0.99699	0.592829	4.4E-01	0.00601751	0.0111988	0.288728	5.9E-01	0.28543	5.9E-01
rs7068145	10	64827663	0.870381	G	A	0.601539	0.999851	32.2409	1.4E-08	0.0252996	0.0042374	35.6474	2.4E-09	33.1312	8.6E-09
rs10762666	10	77157489	1.00522	A	G	0.241686	0.984822	3.81323	5.1E-02	0.00951958	0.00486748	3.82497	5.0E-02	3.79498	5.1E-02
rs7078520	10	80892739	1.06411	A	T	0.740237	0.961858	0.852558	3.6E-01	-0.00261057	0.00481758	0.293639	5.9E-01	0.086636	7.7E-01
rs10887758	10	89603315	1.15934	T	C	0.783692	0.990793	1.03738	3.1E-01	0.00337446	0.00506999	0.442989	5.1E-01	0.416029	5.2E-01
rs1111875	10	94462882	1.21061	C	T	0.592398	1	0.255791	6.1E-01	-0.00231755	0.00421557	0.302234	5.8E-01	0.32153	5.7E-01
rs146147771	10	95298687	1.22089	C	T	0.901719	0.997551	0.581871	4.5E-01	-0.00696433	0.00696221	1.00061	3.2E-01	0.583063	4.5E-01
rs11191353	10	104382673	1.30545	A	G	0.599944	0.997917	10.4814	1.2E-03	0.0122564	0.0042284	8.40186	3.7E-03	9.34308	2.2E-03
rs10885396	10	114711755	1.39689	C	T	0.458904	0.998785	0.414806	5.2E-01	-0.00249078	0.00415856	0.358742	5.5E-01	0.154905	6.9E-01
rs82613	10	119295188	1.46384	T	C	0.426942	0.929607	0.153009	7.0E-01	0.00044057	0.00434972	0.0102591	9.2E-01	0.0577633	8.1E-01
rs36040970	10	122848990	1.52697	G	C	0.837716	0.991662	0.455575	5.0E-01	-0.00243854	0.00564027	0.186922	6.7E-01	0.209976	6.5E-01
rs7635	11	721570	0.0105268	C	T	0.540303	0.973097	0.279446	6.0E-01	0.0010219	0.00421459	0.0587899	8.1E-01	0.0205811	8.9E-01
rs3812762	11	8751640	0.190568	G	C	0.691057	1	0.842482	3.6E-01	-0.00217148	0.00449289	0.233592	6.3E-01	0.245881	6.2E-01
rs11042563	11	9964346	0.198452	G	C	0.440344	0.991529	21.0302	4.5E-06	0.0183351	0.00418924	19.1556	1.2E-05	18.9236	1.4E-05
rs61889189	11	32385875	0.498257	T	G	0.76737	0.997815	3.85665	5.0E-02	-0.00902714	0.00491005	3.3801	6.6E-02	3.0962	7.8E-02
rs12294763	11	36325764	0.562704	G	A	0.69388	0.955634	0.00277948	9.6E-01	0.000316405	0.00459356	0.00474446	9.5E-01	0.124242	7.2E-01
rs34312154	11	47470345	0.665294	G	A	0.890322	1	11.2624	7.9E-04	0.020999	0.00662714	10.0403	1.5E-03	8.57827	3.4E-03
rs11231020	11	62068339	0.709663	T	C	0.575236	0.993472	0.467942	4.9E-01	0.00306017	0.00420102	0.530616	4.7E-01	1.0928	3.0E-01
rs77701059	11	62290876	0.71396	G	A	0.938798	1	8.48235	3.6E-03	-0.0258453	0.00865144	8.92454	2.8E-03	6.75915	9.3E-03
rs1006207	11	63849812	0.73043	C	T	0.309604	0.983089	3.99242	4.6E-02	-0.00984963	0.00451113	4.76726	2.9E-02	4.44728	3.5E-02
rs588298	11	65253574	0.7379	A	G	0.66522	0.994043	2.79152	9.5E-02	0.00764027	0.00440967	3.00197	8.3E-02	2.71699	9.9E-02
rs67330701	11	69079707	0.760845	C	T	0.908017	0.929121	6.02511	1.4E-02	-0.0167141	0.00744505	5.04003	2.5E-02	4.62582	3.1E-02
rs12362685	11	111478720	1.18727	A	T	0.619791	0.997217	2.33723	1.3E-01	0.00549521	0.00427586	1.65166	2.0E-01	1.47354	2.2E-01
rs139118317	11	116399521	1.25458	C	T	0.98937	0.917436	41.972	9.3E-11	-0.133885	0.0210349	40.5115	2.0E-10	41.1605	1.4E-10
rs61905076	11	116593828	1.26032	T	G	0.0219141	0.953491	44.639	2.4E-11	0.0942732	0.0145136	42.1917	8.3E-11	42.0786	8.8E-11
rs77586292	11	116821525	1.26173	C	T	0.960184	1	53.3615	2.8E-13	0.077204	0.0105749	53.3001	2.9E-13	53.8121	2.2E-13
rs747249	11	130271647	1.49781	A	G	0.360417	0.986641	0.846753	3.6E-01	-0.00325961	0.00434875	0.561827	4.5E-01	0.232097	6.3E-01
rs56196860	12	2908330	0.0629825	C	A	0.967952	1	2.55375	1.1E-01	0.0187857	0.0117414	2.55985	1.1E-01	2.96851	8.5E-02
rs10771260	12	26253557	0.45721	A	C	0.609092	0.995844	2.19357	1.4E-01	0.00525494	0.00425655	1.52412	2.2E-01	1.59634	2.1E-01
rs16915737	12	26403614	0.459048	C	T	0.928801	0.993226	0.07215	7.9E-01	-0.0020079	0.00807342	0.0618542	8.0E-01	0.0189627	8.9E-01
rs10844645	12	33737099	0.546138	C	T	0.612236	0.998433	0.977058	3.2E-01	0.00335081	0.0042554	0.62004	4.3E-01	0.491601	4.8E-01
rs11183127	12	45984722	0.590315	T	C	0.769127	0.997415	3.82842	5.0E-02	-0.0100583	0.00491272	4.19186	4.1E-02	3.70894	5.4E-02
rs2544037	12	48215180	0.613432	A	G	0.580418	0.992711	0.201452	6.5E-01	-0.00237646	0.00421179	0.318367	5.7E-01	0.0908758	7.6E-01
rs143198407	12	54226638	0.680969	T	C	0.972028	0.902724	2.73644	9.8E-02	0.0230876	0.0132594	3.03185	8.2E-02	2.61498	1.1E-01
rs58494653	12	54353102	0.683562	C	G	0.875623	1	0.380685	5.4E-01	-0.00474682	0.00629131	0.569276	4.5E-01	1.09799	2.9E-01
rs2277339	12	57146069	0.717337	T	G	0.896292	1	0.0786982	7.8E-01	0.00300992	0.00679305	0.196327	6.6E-01	0.0389651	8.4E-01
rs7308561	12	66417277	0.793828	T	C	0.686889	0.990119	0.176257	6.7E-01	0.00357243	0.00448154	0.635435	4.3E-01	1.02945	3.1E-01
rs1388214	12	77901810	0.936483	A	G	0.323754	0.997208	0.194172	6.6E-01	0.00133548	0.00442823	0.0909519	7.6E-01	0.0900386	7.6E-01
rs10745659	12	94092690	1.0816	C	G	0.555291	0.994516	0.818844	3.7E-01	0.00167903	0.00418729	0.160786	6.9E-01	0.402048	5.3E-01
rs10778495	12	106991545	1.2616	A	G	0.720903	0.990603	0.0567748	8.1E-01	-3.11942e-05	0.0046266	4.54595e-05	9.9E-01	0.0628298	8.0E-01
rs10778609	12	108545985	1.27639	A	C	0.742853	1	7.17363	7.4E-03	-0.0123315	0.00474452	6.75537	9.3E-03	6.71419	9.6E-03
rs12817870	12	113516445	1.31248	C	T	0.757872	0.987895	0.971417	3.2E-01	0.00643135	0.00486371	1.74852	1.9E-01	1.63332	2.0E-01
rs11043299	12	122483139	1.4653	T	C	0.374937	0.862609	0.000723725	9.8E-01	0.00282882	0.00460509	0.377342	5.4E-01	0.222646	6.4E-01
rs11613937	12	123520071	1.47156	C	T	0.293515	0.997111	0.00198055	9.6E-01	-0.00117157	0.00457047	0.0657074	8.0E-01	0.00461148	9.5E-01
rs180797383	12	124164661	1.47737	T	A	0.967798	0.87352	0.397646	5.3E-01	0.00822844	0.0125601	0.429191	5.1E-01	0.542341	4.6E-01
rs825461	12	124561803	1.47937	C	T	0.418055	0.998641	0.680219	4.1E-01	0.00313567	0.00419896	0.557669	4.6E-01	0.859588	3.5E-01
rs73223535	12	124744902	1.48319	T	G	0.940631	0.996243	0.00101751	9.7E-01	-0.00280037	0.00877361	0.101876	7.5E-01	7.16154e-05	9.9E-01
rs12828318	12	133766122	1.75135	A	G	0.817811	0.994773	0.0400302	8.4E-01	-0.000630156	0.00538866	0.0136752	9.1E-01	0.0961031	7.6E-01
rs7993238	13	22473593	0.0544542	A	C	0.630918	0.976757	0.354356	5.5E-01	-0.00352719	0.0043421	0.65987	4.2E-01	1.06139	3.0E-01
rs9579574	13	31025634	0.263469	A	G	0.300773	0.992156	1.83319	1.8E-01	0.00709246	0.00454982	2.42999	1.2E-01	3.14422	7.6E-02
rs10507524	13	44684600	0.468128	T	C	0.905843	0.994143	1.54667	2.1E-01	0.00723669	0.00713215	1.02953	3.1E-01	1.46912	2.3E-01
rs9526614	13	50443558	0.53659	C	G	0.791108	0.994701	1.39207	2.4E-01	-0.00599188	0.0051148	1.37236	2.4E-01	0.862579	3.5E-01
rs11617234	13	50948954	0.538883	A	G	0.926287	0.984708	0.0669221	8.0E-01	0.00106148	0.00798274	0.0176816	8.9E-01	0.130751	7.2E-01
rs1239945	13	51107757	0.539575	G	A	0.456329	0.998944	0.207288	6.5E-01	-0.00167393	0.00416464	0.161555	6.9E-01	0.237835	6.3E-01
rs682044	13	78057520	0.772271	T	G	0.131808	0.995851	0.112295	7.4E-01	0.00133162	0.00613324	0.0471387	8.3E-01	0.181857	6.7E-01
rs627527	13	110915135	1.21483	G	A	0.417975	0.983958	0.290055	5.9E-01	0.00328586	0.00423615	0.601667	4.4E-01	0.454742	5.0E-01
rs4773157	13	110992623	1.22123	C	A	0.727249	0.982597	0.0402166	8.4E-01	0.000840811	0.00470292	0.031964	8.6E-01	0.0538334	8.2E-01
rs1057119	14	23746269	0.116581	C	G	0.761562	1	9.87024e-05	9.9E-01	-0.000552252	0.00485757	0.0129252	9.1E-01	0.0353756	8.5E-01
rs12435790	14	35154381	0.324801	A	G	0.921633	0.964911	0.205934	6.5E-01	0.00125323	0.00785541	0.0254523	8.7E-01	0.279145	6.0E-01
rs1253682	14	52463153	0.462213	C	T	0.529536	0.995617	2.1269	1.4E-01	-0.00564544	0.00415552	1.84563	1.7E-01	1.93521	1.6E-01
rs6573193	14	58684872	0.537805	T	C	0.344869	0.992731	9.92246	1.6E-03	-0.0118221	0.00436957	7.32002	6.8E-03	9.15946	2.5E-03
rs10483820	14	69138371	0.619511	A	G	0.630522	0.99172	0.00484916	9.4E-01	0.00048109	0.00432293	0.012385	9.1E-01	0.000806207	9.8E-01
rs2526882	14	71374702	0.651568	G	A	0.336003	0.997711	0.445903	5.0E-01	0.00228398	0.00439449	0.270125	6.0E-01	0.555584	4.6E-01
rs1286290	14	91313812	0.881552	G	C	0.385149	0.981585	1.56702	2.1E-01	-0.00607677	0.00428783	2.00849	1.6E-01	1.77325	1.8E-01
rs8015434	14	98365042	1.02737	C	A	0.468539	0.997757	2.42748	1.2E-01	-0.0082324	0.00415506	3.92554	4.8E-02	3.44728	6.3E-02
rs28562771	15	31675913	0.452754	C	A	0.34803	0.979544	0.0454279	8.3E-01	-0.000428192	0.00438561	0.00953272	9.2E-01	0.0120486	9.1E-01
rs12900478	15	37368160	0.565158	G	C	0.763108	0.993766	0.438982	5.1E-01	-0.00364281	0.00488451	0.556199	4.6E-01	0.512221	4.7E-01
rs2263551	15	40979543	0.629313	G	A	0.496718	0.998608	0.048668	8.3E-01	0.000431556	0.00415143	0.0108063	9.2E-01	0.099741	7.5E-01
rs2899470	15	51503677	0.705473	T	G	0.441299	0.998139	0.45131	5.0E-01	-0.00254648	0.00417362	0.372267	5.4E-01	0.325989	5.7E-01
rs11630710	15	56364758	0.756318	G	T	0.893036	0.979091	0.716441	4.0E-01	-0.00762261	0.0067884	1.26088	2.6E-01	1.07816	3.0E-01
rs117737827	15	63804248	0.876681	C	T	0.843258	0.99712	11.3009	7.7E-04	-0.017764	0.005708	9.68529	1.9E-03	10.709	1.1E-03
rs7497064	15	66990159	0.901829	T	C	0.7565	1	0.541712	4.6E-01	-0.00214378	0.00483741	0.196398	6.6E-01	0.156232	6.9E-01
rs8023330	15	74220599	0.994732	A	G	0.533673	0.994093	1.3535	2.4E-01	0.00432402	0.00414855	1.08638	3.0E-01	0.759229	3.8E-01
rs12905116	15	79042734	1.02295	T	A	0.243151	0.998559	1.97558	1.6E-01	0.00588851	0.0048239	1.4901	2.2E-01	1.61857	2.0E-01
rs8024294	15	94023132	1.27326	G	A	0.893534	0.984354	0.0141157	9.1E-01	-0.000624257	0.00676996	0.00850265	9.3E-01	0.0232549	8.8E-01
rs2654980	15	99504843	1.43056	C	T	0.75401	1	0.121113	7.3E-01	-0.00251735	0.00480734	0.274206	6.0E-01	0.105245	7.5E-01
rs2603229	15	100263499	1.44349	T	C	0.24783	0.99299	0.0049941	9.4E-01	0.000613406	0.00480988	0.016264	9.0E-01	0.0230338	8.8E-01
rs28610092	16	2155819	0.0436929	A	C	0.831908	0.992512	0.0951547	7.6E-01	-0.000823865	0.00556853	0.0218893	8.8E-01	0.0220978	8.8E-01
rs740375	16	4412868	0.0825739	C	G	0.436546	0.994477	1.956	1.6E-01	0.0063873	0.00419472	2.31862	1.3E-01	2.01769	1.6E-01
rs73577318	16	49847602	0.582083	T	C	0.893989	0.973176	0.890244	3.5E-01	-0.0039193	0.006826	0.329674	5.7E-01	0.617186	4.3E-01
rs2192868	16	53428284	0.643286	G	A	0.549643	0.983829	0.339004	5.6E-01	-0.000922235	0.00420573	0.0480841	8.3E-01	0.29654	5.9E-01
rs3730393	16	67226405	0.849683	G	A	0.959467	0.981611	4.4798	3.4E-02	-0.0204838	0.0106067	3.72962	5.3E-02	3.73638	5.3E-02
rs310011	16	81471654	1.04471	A	G	0.459339	0.974154	0.0883273	7.7E-01	-0.00103313	0.00422145	0.059895	8.1E-01	0.00474193	9.5E-01
rs4889326	16	81533662	1.04573	C	T	0.781583	1	0.552111	4.6E-01	0.00551288	0.00500583	1.21284	2.7E-01	1.36069	2.4E-01
rs8076112	17	1612199	0.0581967	A	C	0.824836	0.985586	0.122194	7.3E-01	0.00232467	0.00549005	0.179296	6.7E-01	0.623464	4.3E-01
rs12942967	17	3921834	0.111825	C	T	0.815615	0.995978	1.49563	2.2E-01	-0.0078187	0.00534839	2.13709	1.4E-01	1.86938	1.7E-01
rs4151121	17	7342294	0.196019	A	G	0.625168	0.994674	7.56705	5.9E-03	-0.0121181	0.00429076	7.97624	4.7E-03	6.26629	1.2E-02
rs1242488	17	17347995	0.443205	C	A	0.250308	0.994678	3.21971	7.3E-02	-0.0110406	0.00478569	5.32226	2.1E-02	6.47136	1.1E-02
rs897456	17	17422608	0.444631	A	G	0.942078	1	1.34761	2.5E-01	-0.00998689	0.00887091	1.26743	2.6E-01	1.15703	2.8E-01
rs7222766	17	27679725	0.495692	A	G	0.483785	1	0.816172	3.7E-01	-0.00320027	0.00414955	0.594802	4.4E-01	0.675644	4.1E-01
rs9303642	17	29578360	0.501265	T	C	0.699117	0.999507	0.156013	6.9E-01	-0.00258061	0.0045164	0.326484	5.7E-01	0.241138	6.2E-01
rs9907244	17	39980900	0.660119	T	C	0.563724	0.983666	0.621491	4.3E-01	-0.00197191	0.00421187	0.219192	6.4E-01	0.215428	6.4E-01
rs10468514	17	43456240	0.686822	A	G	0.598448	0.99546	0.0356563	8.5E-01	0.000269956	0.0042451	0.004044	9.5E-01	0.0018748	9.7E-01
rs55938136	17	43798360	0.68845	A	G	0.776371	0.999875	0.122048	7.3E-01	-0.0011995	0.00498192	0.0579701	8.1E-01	0.123418	7.3E-01
rs62062775	17	44021960	0.690029	G	A	0.765069	0.963414	0.912551	3.4E-01	0.00354992	0.00498207	0.507713	4.8E-01	0.302135	5.8E-01
rs7211277	17	53654467	0.791648	G	A	0.798348	0.999226	1.0913	3.0E-01	-0.00378308	0.00517341	0.534734	4.6E-01	0.508879	4.8E-01
rs227734	17	54767470	0.807961	C	T	0.705592	0.996371	0.0593622	8.1E-01	-0.00212339	0.00454354	0.218409	6.4E-01	0.360157	5.5E-01
rs1000423	17	59475642	0.870966	C	T	0.266359	0.997908	0.0751811	7.8E-01	-0.00256403	0.00469197	0.298632	5.8E-01	0.187014	6.7E-01
rs12450700	17	65368899	0.93572	T	G	0.599546	1	2.39405	1.2E-01	0.00464264	0.00424524	1.19598	2.7E-01	1.25585	2.6E-01
rs236571	17	68224214	0.981608	T	C	0.579338	0.994747	0.522567	4.7E-01	-0.0029616	0.00420941	0.495006	4.8E-01	0.814736	3.7E-01
rs9899174	17	73249256	1.09811	G	A	0.300739	0.995636	0.080612	7.8E-01	-0.00274863	0.00451483	0.370638	5.4E-01	0.0390515	8.4E-01
rs35568625	17	79906748	1.2711	T	C	0.468095	0.986934	1.37244	2.4E-01	0.00521782	0.00419165	1.54956	2.1E-01	1.17762	2.8E-01
rs3810068	18	2846499	0.0738566	T	C	0.595835	1	5.62681	1.8E-02	-0.00819176	0.00421403	3.77884	5.2E-02	3.81105	5.1E-02
rs4445996	18	20686403	0.42904	A	G	0.0906024	0.99743	0.596406	4.4E-01	-0.00515527	0.00724632	0.506137	4.8E-01	0.616773	4.3E-01
rs6507588	18	42419103	0.621385	C	T	0.871061	0.984573	0.000534324	9.8E-01	0.00124407	0.00622871	0.039893	8.4E-01	0.0459171	8.3E-01
rs357897	18	46584184	0.687094	C	T	0.152899	0.998869	0.105235	7.5E-01	-0.0027847	0.00575512	0.234125	6.3E-01	0.232934	6.3E-01
rs12454712	18	60845884	0.867586	T	C	0.623677	1	4.32015	3.8E-02	-0.00934696	0.00426675	4.79895	2.8E-02	4.60456	3.2E-02
rs12979965	19	2131148	0.0753026	A	G	0.499421	0.991113	1.36213	2.4E-01	-0.00454044	0.00416103	1.19067	2.8E-01	1.02131	3.1E-01
rs8887	19	4502201	0.151456	T	C	0.429482	0.976879	4.62538	3.2E-02	-0.00926172	0.00421636	4.82511	2.8E-02	4.05467	4.4E-02
rs12973279	19	7207796	0.229604	C	A	0.25493	0.988505	0.543962	4.6E-01	-0.00430341	0.00477935	0.810752	3.7E-01	0.889765	3.5E-01
rs889129	19	10070954	0.303184	T	A	0.123141	0.971029	1.7124	1.9E-01	0.00888064	0.00639764	1.92686	1.7E-01	2.30891	1.3E-01
rs17766692	19	11342599	0.323489	C	T	0.940667	0.993783	7.06983	7.8E-03	-0.0234067	0.00878077	7.10586	7.7E-03	8.41861	3.7E-03
rs17885551	19	18179672	0.447176	T	C	0.787767	0.995941	8.72011	3.1E-03	0.0138885	0.00506806	7.50977	6.1E-03	7.26461	7.0E-03
rs73001065	19	19460541	0.462151	G	C	0.930303	0.994964	19.4375	1.0E-05	-0.0361601	0.00814804	19.6948	9.1E-06	19.5161	1.0E-05
rs8111715	19	33777725	0.560349	G	A	0.816781	0.899887	0.513397	4.7E-01	-0.00365054	0.00563272	0.420028	5.2E-01	0.498555	4.8E-01
rs142183293	19	33815690	0.561736	G	A	0.988446	0.92253	0.0400004	8.4E-01	0.00266779	0.0201405	0.0175454	8.9E-01	0.0263243	8.7E-01
rs17530508	19	33860858	0.561933	C	T	0.827431	0.986076	0.479377	4.9E-01	0.00341635	0.00550981	0.38446	5.4E-01	0.45541	5.0E-01
rs62115552	19	44610355	0.688364	A	G	0.959945	1	46.8777	7.6E-12	-0.0758112	0.010776	49.4938	2.0E-12	51.2806	8.0E-13
rs112027066	19	45129089	0.697512	C	T	0.981371	0.962142	44.4619	2.6E-11	-0.0974881	0.0155733	39.1871	3.9E-10	39.5497	3.2E-10
rs73048351	19	45160086	0.697689	C	A	0.989801	0.91554	109.761	1.1E-25	-0.227352	0.0215667	111.13	5.5E-26	110.902	6.2E-26
rs62120576	19	45216443	0.699708	A	C	0.906876	0.984781	80.2998	3.2E-19	-0.0657729	0.0071693	84.1668	4.5E-20	80.2174	3.4E-19
rs146275714	19	45365447	0.706222	G	A	0.978922	0.88022	33.488	7.2E-09	0.0876944	0.0153502	32.6372	1.1E-08	31.076	2.5E-08
rs201269048	19	45574113	0.710921	T	G	0.948631	0.903577	47.7641	4.8E-12	-0.0703334	0.00986374	50.844	1.0E-12	50.0649	1.5E-12
rs2864436	19	55986637	0.996315	T	C	0.754362	1	8.06308	4.5E-03	-0.0134575	0.00479781	7.86758	5.0E-03	7.45078	6.3E-03
rs151235402	20	569164	0.0196907	C	T	0.984501	0.956324	5.54951	1.8E-02	-0.0409101	0.0171603	5.68342	1.7E-02	5.16652	2.3E-02
rs2664375	20	5654126	0.19027	C	A	0.731372	0.963021	0.464311	5.0E-01	-0.00214517	0.00476015	0.203088	6.5E-01	0.210511	6.5E-01
rs8126025	20	6480713	0.213787	A	C	0.761313	0.987748	4.87482	2.7E-02	-0.00966085	0.00488258	3.915	4.8E-02	2.94383	8.6E-02
rs6047259	20	21098319	0.480462	C	T	0.378645	0.990815	2.69568	1.0E-01	-0.00641247	0.00429501	2.22907	1.4E-01	2.85564	9.1E-02
rs112928119	20	33726451	0.537689	C	T	0.787836	0.995325	0.139259	7.1E-01	0.000240931	0.00508	0.00224936	9.6E-01	0.0274234	8.7E-01
rs13037366	20	38889128	0.585257	T	C	0.708362	0.997929	1.11011	2.9E-01	0.0012974	0.00457005	0.0805941	7.8E-01	0.200132	6.5E-01
rs6016511	20	39709255	0.597567	T	C	0.67815	0.999652	1.05147	3.1E-01	-0.00363672	0.00442316	0.676012	4.1E-01	0.473509	4.9E-01
rs6017718	20	44610737	0.671395	T	G	0.737035	0.992796	69.6808	7.0E-17	-0.0388614	0.00473411	67.3846	2.2E-16	65.5592	5.6E-16
rs1999536	20	45581777	0.691337	G	C	0.429504	0.994672	0.17388	6.8E-01	-0.000992041	0.0041965	0.0558838	8.1E-01	0.0820966	7.7E-01
rs7271567	20	50871810	0.791153	G	A	0.901241	0.995145	0.0364531	8.5E-01	0.0018342	0.00697211	0.0692093	7.9E-01	0.37405	5.4E-01
rs1936966	20	51691779	0.801626	C	T	0.672248	0.982215	4.44926	3.5E-02	0.00934167	0.00446879	4.36987	3.7E-02	5.7517	1.6E-02
rs2105063	20	62690683	1.09651	C	T	0.438477	1	2.71533	9.9E-02	-0.00682628	0.00418375	2.66217	1.0E-01	2.38642	1.2E-01
rs28451064	21	35593827	0.362865	G	A	0.868938	0.957975	0.186494	6.7E-01	-0.00459468	0.00627934	0.535405	4.6E-01	1.15415	2.8E-01
rs4507181	21	36748497	0.391139	A	C	0.445998	0.990087	0.305692	5.8E-01	-0.00120161	0.00418103	0.0825963	7.7E-01	0.229188	6.3E-01
rs2836140	21	39452670	0.432405	C	T	0.518718	1	6.68369	9.7E-03	-0.00971462	0.0041643	5.44211	2.0E-02	5.94454	1.5E-02
rs2330396	21	47524380	0.643685	A	C	0.491749	0.996498	0.415642	5.2E-01	0.00274718	0.00413272	0.441876	5.1E-01	0.381561	5.4E-01
rs9613412	22	27647065	0.308304	C	A	0.905777	0.972438	1.83319	1.8E-01	0.00844122	0.00720535	1.37246	2.4E-01	0.989856	3.2E-01
rs2283847	22	28181399	0.334885	C	T	0.447854	0.951267	2.19722	1.4E-01	-0.00712148	0.00428317	2.76446	9.6E-02	3.16926	7.5E-02
rs9625551	22	29140529	0.338663	G	A	0.979024	0.995212	0.512326	4.7E-01	0.0121247	0.0145032	0.698903	4.0E-01	0.370457	5.4E-01
rs5997898	22	31572963	0.355537	A	C	0.420656	0.998342	0.00446173	9.5E-01	0.000810331	0.00420125	0.037202	8.5E-01	0.0388294	8.4E-01
rs738409	22	44324727	0.528836	C	G	0.783443	1	124.563	6.3E-29	-0.0553533	0.00502982	121.11	3.6E-28	128.705	7.9E-30
rs801597	22	47190735	0.614737	T	G	0.275448	0.998113	0.0127442	9.1E-01	0.000412309	0.00463642	0.00790822	9.3E-01	0.0245622	8.8E-01
