SNP	CHR	BP	GENPOS	ALLELE1	ALLELE0	A1FREQ	INFO	CHISQ_LINREG	P_LINREG	BETA	SE	CHISQ_BOLT_LMM_INF	P_BOLT_LMM_INF	CHISQ_BOLT_LMM	P_BOLT_LMM
rs10797373	1	2904056	0.0397888	G	A	0.307709	0.992548	2.11323	1.5E-01	0.00702893	0.00447623	2.46577	1.2E-01	3.30345	6.9E-02
rs1294014	1	9325676	0.18921	C	T	0.731267	0.974098	4.37193	3.7E-02	-0.0100597	0.00470938	4.56296	3.3E-02	4.54001	3.3E-02
rs2268177	1	22415410	0.442927	A	T	0.826867	0.999403	1.71777	1.9E-01	-0.00740628	0.00543639	1.856	1.7E-01	1.68502	1.9E-01
rs77604500	1	23286202	0.460813	C	A	0.931028	0.983422	0.147664	7.0E-01	-0.00255609	0.00817968	0.0976518	7.5E-01	0.108205	7.4E-01
rs2997447	1	26387423	0.495055	G	A	0.788926	0.978799	0.111012	7.4E-01	0.00184241	0.00508602	0.131225	7.2E-01	0.127189	7.2E-01
rs12084054	1	51242141	0.76307	C	T	0.911968	0.999771	0.0927839	7.6E-01	0.00220561	0.00725341	0.0924643	7.6E-01	0.039248	8.4E-01
rs624698	1	62900811	0.92277	A	G	0.582759	0.969721	68.3205	1.4E-16	0.0351787	0.00423562	68.9804	9.9E-17	73.6899	9.1E-18
rs10873710	1	86072216	1.1498	G	A	0.56595	0.976243	0.518605	4.7E-01	-0.00319217	0.00420064	0.577485	4.5E-01	0.286136	5.9E-01
rs6577334	1	103214274	1.32929	G	A	0.616402	0.991239	0.483846	4.9E-01	0.00289502	0.004244	0.465322	5.0E-01	0.49307	4.8E-01
rs611793	1	109621436	1.38384	A	C	0.867985	0.971065	41.957	9.3E-11	0.0401098	0.00616619	42.3123	7.8E-11	38.8781	4.5E-10
rs3789615	1	114941326	1.46309	C	T	0.566995	0.997575	0.00413285	9.5E-01	-0.00100772	0.00415634	0.0587844	8.1E-01	0.0191785	8.9E-01
rs59051938	1	118850501	1.50636	G	T	0.745314	0.991396	0.659167	4.2E-01	-0.00453575	0.00474112	0.915242	3.4E-01	1.53806	2.1E-01
rs116821116	1	119126235	1.5082	C	T	0.960655	0.922053	0.187492	6.7E-01	-0.00283165	0.0109878	0.0664136	8.0E-01	0.0143845	9.0E-01
rs140609054	1	119864893	1.51178	C	T	0.979764	0.97475	0.288204	5.9E-01	0.0129432	0.0148199	0.762764	3.8E-01	0.691082	4.1E-01
rs11204758	1	150991221	1.65939	A	G	0.789313	0.991156	0.13665	7.1E-01	-0.00183791	0.00506458	0.131693	7.2E-01	0.223584	6.4E-01
rs951240	1	154793763	1.69623	A	G	0.736909	1	0.0113663	9.2E-01	0.00119722	0.00467027	0.0657154	8.0E-01	0.182586	6.7E-01
rs1050316	1	156434703	1.7062	G	T	0.348504	0.995583	2.59294	1.1E-01	0.00694489	0.00433169	2.57049	1.1E-01	3.46923	6.3E-02
rs2486425	1	163662479	1.8151	G	T	0.599038	0.997834	0.162507	6.9E-01	0.00136985	0.00419868	0.106443	7.4E-01	0.159358	6.9E-01
rs12098218	1	164740891	1.83762	C	T	0.879528	0.986123	0.44183	5.1E-01	-0.00456272	0.00637521	0.512222	4.7E-01	0.190613	6.6E-01
rs17345893	1	170171874	1.91645	C	T	0.933686	0.998406	3.31399	6.9E-02	0.0150162	0.00827	3.29693	6.9E-02	3.06753	8.0E-02
rs10919359	1	170321312	1.91759	T	C	0.636418	0.999798	0.0297431	8.6E-01	-0.000916174	0.00427741	0.045877	8.3E-01	0.00190341	9.7E-01
rs17361789	1	172122601	1.93709	T	G	0.67666	0.979392	0.192611	6.6E-01	-0.00235457	0.00444418	0.280699	6.0E-01	0.186606	6.7E-01
rs1325598	1	176792249	1.97626	A	G	0.453527	1	0.078639	7.8E-01	0.00160937	0.00413121	0.15176	7.0E-01	0.249795	6.2E-01
rs4465240	1	199764832	2.16442	C	T	0.435085	0.991154	1.51534	2.2E-01	0.00477777	0.00417281	1.31097	2.5E-01	1.49069	2.2E-01
rs36043408	1	203511492	2.22297	G	A	0.497481	0.997049	0.789532	3.7E-01	0.00364692	0.00411953	0.783713	3.8E-01	0.588027	4.4E-01
rs4951159	1	205012106	2.25304	G	C	0.090518	0.967	0.835661	3.6E-01	-0.0065321	0.00729151	0.80255	3.7E-01	0.507698	4.8E-01
rs61821643	1	219268532	2.43532	T	C	0.974018	0.889659	1.70464	1.9E-01	-0.0177381	0.013717	1.67223	2.0E-01	1.49853	2.2E-01
rs12740837	1	219623230	2.43692	G	A	0.983525	0.959021	0.290687	5.9E-01	-0.00805779	0.0164707	0.239337	6.2E-01	0.472041	4.9E-01
rs72732565	1	219687493	2.43716	A	G	0.988065	1	4.52142	3.3E-02	0.0389843	0.0189947	4.21225	4.0E-02	4.1408	4.2E-02
rs661955	1	234842856	2.62186	G	C	0.480469	0.978806	62.4377	2.8E-15	-0.032547	0.00416355	61.1075	5.4E-15	63.9905	1.3E-15
rs1815892	2	9616728	0.208415	G	T	0.406069	0.996841	0.00930369	9.2E-01	-0.000983619	0.00418974	0.0551162	8.1E-01	0.00293702	9.6E-01
rs711869	2	13073967	0.297329	G	A	0.442035	0.983109	2.26134	1.3E-01	-0.00612225	0.00418065	2.14453	1.4E-01	1.67563	2.0E-01
rs143590503	2	21107494	0.419183	T	G	0.848008	0.94877	53.1806	3.0E-13	0.0432398	0.00588276	54.0263	2.0E-13	56.318	6.2E-14
rs12619592	2	23971415	0.452815	C	A	0.85409	0.999619	0.358174	5.5E-01	0.00309075	0.00584004	0.280089	6.0E-01	0.394926	5.3E-01
rs2702132	2	24698726	0.456129	G	A	0.0969677	0.983629	3.29605	6.9E-02	-0.0122606	0.0070133	3.05618	8.0E-02	3.97598	4.6E-02
rs727805	2	37862717	0.612603	A	C	0.780201	0.985049	1.84797	1.7E-01	-0.00696956	0.00499912	1.94367	1.6E-01	2.00949	1.6E-01
rs80323638	2	43469615	0.682441	G	A	0.900423	0.984528	0.0492801	8.2E-01	0.00199511	0.00692283	0.0830552	7.7E-01	0.0483166	8.3E-01
rs4131886	2	48965022	0.765302	A	C	0.732392	0.994242	2.15703	1.4E-01	-0.00669194	0.00467266	2.05105	1.5E-01	2.3856	1.2E-01
rs2717063	2	58110969	0.847489	C	A	0.413983	0.989245	0.761508	3.8E-01	-0.00403388	0.00420122	0.92192	3.4E-01	0.738972	3.9E-01
rs12620918	2	63268355	0.885798	T	C	0.826021	0.992379	27.6064	1.5E-07	-0.0284071	0.00544403	27.2278	1.8E-07	25.8895	3.6E-07
rs17681189	2	65976175	0.914128	C	A	0.577572	0.997123	3.02486	8.2E-02	-0.00717668	0.00417072	2.9609	8.5E-02	2.15786	1.4E-01
rs3890755	2	66744603	0.924308	C	T	0.477091	0.981761	0.00434073	9.5E-01	8.91394e-05	0.00415601	0.00046003	9.8E-01	0.0468708	8.3E-01
rs11123788	2	100205498	1.21955	A	C	0.324943	0.986149	0.396874	5.3E-01	-0.00310099	0.00442361	0.491412	4.8E-01	0.349719	5.5E-01
rs72946301	2	111861838	1.33125	G	A	0.904588	0.964859	0.814159	3.7E-01	-0.00780669	0.00713078	1.19856	2.7E-01	0.831376	3.6E-01
rs58099056	2	112156865	1.33603	C	T	0.433037	0.765973	2.83077	9.2E-02	-0.00867202	0.00473456	3.35491	6.7E-02	3.25355	7.1E-02
rs4571059	2	114599209	1.35996	C	T	0.38914	0.997618	0.373901	5.4E-01	0.00225278	0.0042356	0.282882	5.9E-01	0.374514	5.4E-01
rs1527418	2	119540832	1.39651	T	G	0.352372	0.9994	1.52292	2.2E-01	0.00581316	0.00429825	1.82911	1.8E-01	1.99871	1.6E-01
rs78876301	2	158234589	1.75901	A	C	0.987135	0.782415	0.205146	6.5E-01	-0.00895318	0.0206755	0.187517	6.6E-01	0.250144	6.2E-01
rs2198562	2	158465673	1.76316	C	G	0.946945	0.98702	12.2821	4.6E-04	0.0312955	0.00922831	11.5006	7.0E-04	11.7702	6.0E-04
rs78343493	2	165502911	1.8149	G	A	0.879696	0.994826	10.3633	1.3E-03	0.0187122	0.00633579	8.72261	3.1E-03	7.08996	7.8E-03
rs142657805	2	165570358	1.81517	T	C	0.984821	0.93372	1.59434	2.1E-01	-0.02169	0.0173755	1.55827	2.1E-01	1.3591	2.4E-01
rs72882321	2	172298662	1.8972	C	T	0.821515	0.98752	0.0685607	7.9E-01	-0.00213788	0.00541468	0.155892	6.9E-01	0.512661	4.7E-01
rs13412001	2	187720020	2.04017	T	G	0.669822	0.998277	0.233702	6.3E-01	-0.00168335	0.00438246	0.147541	7.0E-01	0.264226	6.1E-01
rs752919	2	206959970	2.2004	G	A	0.580196	0.999388	1.93118	1.6E-01	0.00631317	0.00417291	2.28885	1.3E-01	1.94279	1.6E-01
rs1250248	2	216287093	2.28549	A	G	0.271229	0.996374	6.71924	9.5E-03	-0.012547	0.00464169	7.30686	6.9E-03	7.67275	5.6E-03
rs2373074	2	218381350	2.32413	C	T	0.903259	0.998908	0.00025145	9.9E-01	0.00053438	0.0069712	0.00587605	9.4E-01	2.04056e-05	1.0E+00
rs6756793	2	225028919	2.42506	T	C	0.557892	0.993621	0.0333833	8.6E-01	0.00128796	0.00415514	0.0960805	7.6E-01	0.0875811	7.7E-01
rs35419826	2	239719323	2.67375	G	A	0.81942	0.987245	0.607754	4.4E-01	0.00338293	0.00537952	0.395457	5.3E-01	0.0987622	7.5E-01
rs346070	3	11303874	0.281373	T	C	0.17381	0.995354	0.00438952	9.5E-01	-0.000603101	0.00545437	0.0122262	9.1E-01	0.014757	9.0E-01
rs2600271	3	12036176	0.296828	T	C	0.171488	1	0.0700249	7.9E-01	-0.00141865	0.0054616	0.0674699	8.0E-01	0.000257303	9.9E-01
rs6763925	3	12515602	0.299217	T	C	0.704596	0.990971	11.2429	8.0E-04	0.0145517	0.00453147	10.3121	1.3E-03	10.2116	1.4E-03
rs10490869	3	35635145	0.595764	A	T	0.789179	0.990849	2.43709	1.2E-01	-0.00680218	0.00506125	1.80626	1.8E-01	1.9218	1.7E-01
rs2844360	3	37571178	0.612433	A	G	0.405592	0.99991	2.19599	1.4E-01	-0.0059943	0.00419603	2.0408	1.5E-01	1.86495	1.7E-01
rs79506763	3	43736378	0.664873	T	G	0.970457	0.974761	3.44233	6.4E-02	0.0235802	0.0123127	3.66768	5.5E-02	3.31247	6.9E-02
rs11926707	3	46925539	0.687568	T	C	0.379205	0.985514	0.178351	6.7E-01	-0.000957042	0.00426804	0.0502813	8.2E-01	0.0407603	8.4E-01
rs4858828	3	48724811	0.68972	C	T	0.348576	0.999091	5.12602	2.4E-02	0.0094426	0.0043198	4.7781	2.9E-02	4.9067	2.7E-02
rs352155	3	52213653	0.694659	T	C	0.953063	0.882506	9.48673	2.1E-03	0.0295335	0.0102781	8.25669	4.1E-03	8.33542	3.9E-03
rs7643235	3	53227428	0.699142	T	C	0.415041	0.989215	0.140692	7.1E-01	0.00154885	0.00418948	0.136678	7.1E-01	0.0994867	7.5E-01
rs6445415	3	64602006	0.869066	A	G	0.730167	0.995303	0.156144	6.9E-01	-0.00237711	0.00464782	0.261578	6.1E-01	0.194565	6.6E-01
rs4688498	3	64674599	0.871028	C	T	0.669904	0.985151	1.65917	2.0E-01	-0.0054735	0.00441865	1.53445	2.2E-01	2.00302	1.6E-01
rs997274	3	78704821	1.06722	T	C	0.749726	0.994327	1.17979	2.8E-01	0.0035674	0.0047799	0.557012	4.6E-01	1.00749	3.2E-01
rs12490079	3	99242097	1.12956	T	C	0.762721	0.996476	0.211221	6.5E-01	0.00209658	0.00484414	0.187323	6.7E-01	0.162414	6.9E-01
rs644342	3	107255235	1.19654	A	T	0.163705	0.995834	3.71477	5.4E-02	-0.0122339	0.0055645	4.83369	2.8E-02	4.81854	2.8E-02
rs9859117	3	127397553	1.40841	G	C	0.7975	0.997121	0.372291	5.4E-01	0.0027309	0.00514714	0.281501	6.0E-01	0.300282	5.8E-01
rs55930886	3	128747421	1.42294	C	T	0.919276	0.981412	0.327644	5.7E-01	-0.00345719	0.00763199	0.205197	6.5E-01	0.314468	5.7E-01
rs2625970	3	129282977	1.42613	C	T	0.686506	0.99718	0.694172	4.0E-01	-0.00527917	0.00444476	1.4107	2.3E-01	1.73315	1.9E-01
rs28850104	3	129747349	1.42834	C	T	0.721035	0.928021	0.00255422	9.6E-01	0.00114608	0.00476481	0.0578543	8.1E-01	0.201751	6.5E-01
rs112551697	3	150018637	1.64271	G	A	0.965346	0.928479	0.870655	3.5E-01	-0.0104294	0.0116479	0.801712	3.7E-01	0.648999	4.2E-01
rs73170826	3	156793907	1.71229	C	T	0.908171	1	0.0640235	8.0E-01	0.00232784	0.00712244	0.106819	7.4E-01	0.197806	6.6E-01
rs6805879	3	168811680	1.77814	G	A	0.637095	0.998887	2.25483	1.3E-01	0.00577844	0.0042858	1.81785	1.8E-01	1.80746	1.8E-01
rs35430985	3	185488303	2.01654	C	A	0.732768	0.99119	3.29948	6.9E-02	0.00818946	0.00467133	3.07347	8.0E-02	3.49354	6.2E-02
rs75072999	4	844781	0.00782036	G	A	0.905079	0.991302	0.108805	7.4E-01	0.00228952	0.00706008	0.105164	7.5E-01	0.0629206	8.0E-01
rs748483	4	952409	0.00822297	A	G	0.892289	0.99682	0.0153668	9.0E-01	0.00122777	0.00665713	0.0340142	8.5E-01	1.87297e-06	1.0E+00
rs917681	4	13247539	0.271091	C	T	0.699846	0.993933	0.021739	8.8E-01	3.51319e-05	0.00449773	6.10123e-05	9.9E-01	0.00460612	9.5E-01
rs7663994	4	15353649	0.298855	C	G	0.644674	0.999402	0.862627	3.5E-01	-0.00307528	0.00430199	0.51101	4.7E-01	0.524635	4.7E-01
rs7692990	4	26007090	0.455953	C	T	0.441312	0.992624	0.866753	3.5E-01	-0.00361277	0.00416129	0.753745	3.9E-01	0.950826	3.3E-01
rs73245728	4	26206514	0.460458	A	C	0.93585	0.981901	0.0854144	7.7E-01	-0.0017539	0.00850189	0.0425575	8.4E-01	0.00643689	9.4E-01
rs11935857	4	56204865	0.730139	C	A	0.812475	0.979003	2.14742	1.4E-01	-0.00766616	0.00532556	2.07217	1.5E-01	1.89376	1.7E-01
rs3017896	4	89533004	1.04795	G	C	0.704288	1	0.0945715	7.6E-01	0.00146122	0.0045045	0.10523	7.5E-01	0.0303081	8.6E-01
rs10021465	4	89750361	1.04993	A	G	0.668796	0.991313	4.66634	3.1E-02	0.00907906	0.00439265	4.27197	3.9E-02	4.34253	3.7E-02
rs13109404	4	102896591	1.15605	T	G	0.927918	0.985952	0.0557124	8.1E-01	0.00105989	0.00800726	0.0175209	8.9E-01	0.025933	8.7E-01
rs12647922	4	106063987	1.17944	C	T	0.795209	0.998343	2.61041	1.1E-01	-0.00812828	0.00510324	2.53691	1.1E-01	2.524	1.1E-01
rs7655064	4	120106348	1.31331	T	C	0.875575	0.995692	6.89456	8.6E-03	0.0164828	0.00624555	6.96501	8.3E-03	6.75532	9.3E-03
rs7684567	4	122577770	1.33637	T	G	0.694839	0.995022	0.473518	4.9E-01	-0.00204827	0.0044854	0.208531	6.5E-01	0.354748	5.5E-01
rs308447	4	123738546	1.34457	C	T	0.632593	1	0.0256401	8.7E-01	0.000205535	0.00428573	0.00229998	9.6E-01	0.04778	8.3E-01
rs13138056	4	125092599	1.35469	A	T	0.472597	0.992452	0.00045937	9.8E-01	0.000453126	0.00414634	0.0119428	9.1E-01	0.00170293	9.7E-01
rs6841006	4	145228728	1.53715	G	A	0.264421	0.987202	0.109397	7.4E-01	-0.00170218	0.00471445	0.130362	7.2E-01	0.180755	6.7E-01
rs17725600	4	146027434	1.53886	G	T	0.860687	0.971986	0.228155	6.3E-01	-0.00294755	0.00604752	0.237557	6.3E-01	0.263908	6.1E-01
rs1996770	4	157615583	1.66075	T	C	0.630845	0.986917	1.35563	2.4E-01	-0.00532928	0.00429174	1.54195	2.1E-01	1.27514	2.6E-01
rs2333496	4	177609609	1.88652	C	T	0.300866	0.995482	1.85644	1.7E-01	0.00630105	0.0044983	1.96213	1.6E-01	1.80415	1.8E-01
rs3107018	5	3975334	0.10127	G	T	0.686484	0.988391	1.58127e-05	1.0E+00	-6.65922e-07	0.00446814	2.22123e-08	1.0E+00	0.029048	8.6E-01
rs3811968	5	32765489	0.512016	C	A	0.707253	0.994212	0.0221528	8.8E-01	0.00020806	0.00453623	0.00210372	9.6E-01	0.010669	9.2E-01
rs10074193	5	34041686	0.535424	C	T	0.842213	0.998379	0.0506851	8.2E-01	-0.000881023	0.00565832	0.0242437	8.8E-01	0.00508173	9.4E-01
rs6898870	5	53293107	0.644946	G	A	0.739419	0.999245	0.146848	7.0E-01	-0.00139207	0.00469565	0.0878877	7.7E-01	0.00607654	9.4E-01
rs1559215	5	54867827	0.667887	G	A	0.339937	0.996823	0.473103	4.9E-01	0.00260093	0.00436208	0.355524	5.5E-01	0.274241	6.0E-01
rs61653333	5	55779080	0.679717	G	T	0.970333	0.977169	0.91834	3.4E-01	-0.0112151	0.0122688	0.835599	3.6E-01	0.553354	4.6E-01
rs10514979	5	64607614	0.751787	G	C	0.872667	0.993151	0.292377	5.9E-01	0.00180995	0.00619292	0.0854162	7.7E-01	0.00134918	9.7E-01
rs34592828	5	75996909	0.882256	G	A	0.955474	1	0.00528243	9.4E-01	0.00178307	0.00998292	0.0319023	8.6E-01	0.0613337	8.0E-01
rs9293709	5	76440463	0.890157	T	C	0.423613	0.992813	1.12049	2.9E-01	-0.00349617	0.00418442	0.698096	4.0E-01	0.372321	5.4E-01
rs7734060	5	101780479	1.10738	T	G	0.735256	0.995631	0.515555	4.7E-01	0.00380787	0.00469986	0.656441	4.2E-01	0.421786	5.2E-01
rs2052473	5	118661882	1.27415	T	G	0.74594	0.995141	0.048181	8.3E-01	-0.00123945	0.00473409	0.0685465	7.9E-01	0.13417	7.1E-01
rs6897978	5	118789338	1.27483	A	G	0.797726	0.996114	0.740525	3.9E-01	-0.00311776	0.00512988	0.369377	5.4E-01	0.0442896	8.3E-01
rs1029472	5	130867733	1.38574	G	A	0.0578241	0.998434	1.28937	2.6E-01	-0.0104998	0.00884744	1.4084	2.4E-01	1.34751	2.5E-01
rs4705870	5	132159134	1.39016	C	T	0.853985	0.993673	0.450422	5.0E-01	-0.00252168	0.0058546	0.185517	6.7E-01	0.0776744	7.8E-01
rs10065321	5	141857415	1.48574	C	T	0.583823	0.990853	2.6243	1.1E-01	-0.00662971	0.00420674	2.48369	1.2E-01	3.25397	7.1E-02
rs33999	5	141973349	1.48937	C	G	0.611747	0.9834	3.18577	7.4E-02	-0.00686455	0.00424835	2.61086	1.1E-01	3.0407	8.1E-02
rs10477191	5	142077715	1.49476	A	G	0.949961	0.911257	0.412617	5.2E-01	-0.00746462	0.00988845	0.569847	4.5E-01	1.02387	3.1E-01
rs7714046	5	148550501	1.57405	T	C	0.628474	0.988688	0.0164926	9.0E-01	0.00174349	0.00428129	0.16584	6.8E-01	0.211732	6.5E-01
rs6879860	5	157879652	1.67625	G	A	0.53925	0.994006	0.845505	3.6E-01	-0.00392279	0.00414755	0.894554	3.4E-01	1.35646	2.4E-01
rs10463020	5	171817717	1.88948	C	T	0.701873	0.996033	1.48652	2.2E-01	-0.00520835	0.0045121	1.33243	2.5E-01	1.27229	2.6E-01
rs322388	5	172156062	1.89703	G	A	0.591887	0.995019	0.123354	7.3E-01	0.00155088	0.00419819	0.136469	7.1E-01	0.0107129	9.2E-01
rs10035782	5	173270328	1.92939	A	G	0.600853	0.984103	1.26882	2.6E-01	0.00485752	0.00424061	1.31212	2.5E-01	1.12843	2.9E-01
rs244711	5	176509193	1.99996	C	T	0.314341	0.866155	0.143203	7.1E-01	0.00144036	0.00477076	0.0911527	7.6E-01	0.0119158	9.1E-01
rs1294447	6	6724416	0.18091	T	C	0.493581	0.983229	1.22792	2.7E-01	0.00368495	0.00414651	0.789765	3.7E-01	0.901983	3.4E-01
rs13207230	6	7041700	0.194689	G	A	0.467706	0.982104	1.89183	1.7E-01	-0.00528845	0.00416239	1.61425	2.0E-01	1.13015	2.9E-01
rs7756211	6	20553785	0.409932	G	A	0.682387	0.987745	0.993308	3.2E-01	-0.00477468	0.0044439	1.15441	2.8E-01	1.40541	2.4E-01
rs2294823	6	22596987	0.442173	C	T	0.691378	0.988921	3.66416	5.6E-02	-0.00759291	0.00449132	2.85804	9.1E-02	3.75775	5.3E-02
rs35875210	6	25827484	0.49239	A	G	0.744631	0.999945	0.116512	7.3E-01	0.00173045	0.00472583	0.13408	7.1E-01	0.112507	7.4E-01
rs2394661	6	29672941	0.502055	T	C	0.523232	0.999975	2.56352	1.1E-01	0.00645876	0.00411745	2.46061	1.2E-01	2.09911	1.5E-01
rs114376405	6	30770701	0.507083	G	A	0.988645	0.994696	1.31973	2.5E-01	-0.0252937	0.0194707	1.68757	1.9E-01	2.11904	1.5E-01
rs6923504	6	32428186	0.520212	G	C	0.276443	1	4.17181	4.1E-02	-0.0101033	0.00460084	4.82224	2.8E-02	5.38307	2.0E-02
rs10807138	6	34184938	0.545769	G	A	0.203622	0.984523	0.240465	6.2E-01	-0.00210376	0.00514638	0.167104	6.8E-01	0.118656	7.3E-01
rs13215052	6	41681835	0.64368	G	A	0.905448	0.992093	0.423674	5.2E-01	0.00445071	0.0070663	0.396712	5.3E-01	0.419809	5.2E-01
rs6458325	6	43115670	0.668109	C	A	0.555263	0.991189	0.369148	5.4E-01	0.00260841	0.00416867	0.391522	5.3E-01	0.695924	4.0E-01
rs6458349	6	43759789	0.67705	G	A	0.275853	0.996896	0.774481	3.8E-01	-0.0046549	0.00460646	1.02114	3.1E-01	0.970686	3.2E-01
rs7357014	6	43821720	0.680233	A	G	0.699989	0.995614	0.359247	5.5E-01	-0.00300829	0.0044968	0.447539	5.0E-01	0.381819	5.4E-01
rs969693	6	80587739	0.919139	C	T	0.400483	0.992017	0.00574646	9.4E-01	0.000388332	0.00422558	0.00844564	9.3E-01	0.00157086	9.7E-01
rs9352801	6	80817468	0.920926	G	T	0.553049	0.99904	0.0635454	8.0E-01	-0.00139568	0.00414257	0.11351	7.4E-01	0.277258	6.0E-01
rs4706852	6	81284507	0.922075	A	G	0.662691	0.966467	1.83134	1.8E-01	0.00619283	0.00442511	1.95853	1.6E-01	1.681	1.9E-01
rs9341990	6	85391568	0.949845	A	G	0.416806	0.99851	6.38433	1.2E-02	0.0100597	0.00418163	5.78739	1.6E-02	5.42082	2.0E-02
rs6924944	6	100597579	1.0811	A	T	0.244413	0.981159	5.81374	1.6E-02	0.0116078	0.00484459	5.74097	1.7E-02	6.41559	1.1E-02
rs11757455	6	112522852	1.21199	G	A	0.932628	1	1.50685	2.2E-01	0.00846933	0.00819434	1.06824	3.0E-01	0.847493	3.6E-01
rs72969772	6	126187585	1.32503	A	G	0.980652	1	0.201567	6.5E-01	-0.00626319	0.0149652	0.175156	6.8E-01	0.0356892	8.5E-01
rs9986505	6	126445558	1.32603	A	G	0.674967	0.991308	1.14387	2.8E-01	0.00379142	0.00440699	0.74015	3.9E-01	0.739694	3.9E-01
rs74949497	6	126812007	1.32699	A	C	0.975508	1	0.0370365	8.5E-01	-0.00160023	0.013389	0.0142846	9.0E-01	0.0176271	8.9E-01
rs139242696	6	127414440	1.32797	T	C	0.974997	0.948341	0.0119808	9.1E-01	0.00300236	0.0135222	0.0492984	8.2E-01	0.0404889	8.4E-01
rs9321204	6	130311831	1.35934	A	G	0.403225	0.957358	1.60604	2.1E-01	-0.00487315	0.00427919	1.29687	2.5E-01	1.22224	2.7E-01
rs7766444	6	139806747	1.50278	A	C	0.677797	1	2.70069	1.0E-01	-0.00720818	0.00441457	2.66608	1.0E-01	2.46943	1.2E-01
rs653468	6	139842563	1.5032	G	A	0.670038	0.989353	1.45574	2.3E-01	0.0053151	0.00440854	1.45356	2.3E-01	1.13667	2.9E-01
rs998075	6	160468278	1.77084	A	G	0.533909	0.994008	50.191	1.4E-12	0.0287467	0.0041407	48.1979	3.9E-12	47.2319	6.3E-12
rs381194	6	160712194	1.77418	G	A	0.528607	0.996792	1.97061	1.6E-01	-0.00622485	0.00412965	2.27212	1.3E-01	2.29245	1.3E-01
rs2158828	7	14227425	0.264083	A	G	0.825893	0.993584	3.73595	5.3E-02	-0.0105099	0.00543901	3.73385	5.3E-02	3.91569	4.8E-02
rs960589	7	25823647	0.43812	A	C	0.837373	0.976235	0.0759052	7.8E-01	-0.00125565	0.00564233	0.0495244	8.2E-01	0.00500854	9.4E-01
rs12671127	7	26309246	0.44373	C	T	0.632826	0.988487	0.213341	6.4E-01	-0.00128032	0.00428551	0.0892542	7.7E-01	0.156913	6.9E-01
rs3823764	7	27187753	0.451849	C	T	0.158387	0.996639	3.62853	5.7E-02	0.0109835	0.00564945	3.77983	5.2E-02	2.78704	9.5E-02
rs10245867	7	28142186	0.462806	G	T	0.668264	0.99625	1.23332	2.7E-01	0.00567399	0.00438554	1.67391	2.0E-01	2.26748	1.3E-01
rs17172095	7	42665355	0.680121	A	G	0.679757	0.995026	0.0202694	8.9E-01	0.000743936	0.00441999	0.0283289	8.7E-01	0.00365894	9.5E-01
rs17725246	7	44581986	0.698744	T	C	0.817254	0.999146	26.9575	2.1E-07	-0.028309	0.00531761	28.341	1.0E-07	30.6838	3.0E-08
rs3110697	7	45955029	0.715313	A	G	0.424078	1	0.750013	3.9E-01	0.00359397	0.00417508	0.741	3.9E-01	1.05357	3.0E-01
rs71556711	7	72854549	0.899611	C	T	0.909227	1	10.7259	1.1E-03	0.0226754	0.00716025	10.0289	1.5E-03	9.89831	1.7E-03
rs181981038	7	72890241	0.899613	G	A	0.93441	0.981953	0.0205921	8.9E-01	-0.000835996	0.00836943	0.00997738	9.2E-01	0.000116276	9.9E-01
rs2052162	7	77171617	0.936702	T	C	0.392075	0.99406	1.4947	2.2E-01	-0.00533175	0.00422729	1.59081	2.1E-01	1.17598	2.8E-01
rs9649071	7	84524701	1.03046	A	G	0.746512	0.995148	0.013269	9.1E-01	-0.000907468	0.00474004	0.0366521	8.5E-01	0.177204	6.7E-01
rs2158045	7	93082708	1.09422	C	T	0.524967	0.990979	2.81678	9.3E-02	0.00730073	0.00414338	3.10472	7.8E-02	3.02486	8.2E-02
rs411844	7	101692403	1.17334	G	A	0.178199	0.989998	0.0997932	7.5E-01	0.00149401	0.00540015	0.0765413	7.8E-01	0.218146	6.4E-01
rs2385537	7	104755514	1.19856	C	A	0.841799	1	1.17857	2.8E-01	-0.00720909	0.00562986	1.63971	2.0E-01	1.3296	2.5E-01
rs1544474	7	107612629	1.24618	A	G	0.548606	1	0.206921	6.5E-01	0.00153403	0.00413716	0.137487	7.1E-01	0.134459	7.1E-01
rs13226446	7	116888161	1.32093	A	G	0.945828	1	0.119962	7.3E-01	-0.00281121	0.0091123	0.0951765	7.6E-01	0.0201965	8.9E-01
rs2968349	7	120726926	1.33679	A	C	0.536077	0.996003	0.443911	5.1E-01	0.00184882	0.00414341	0.199102	6.6E-01	0.52198	4.7E-01
rs12154627	7	130422934	1.4017	T	C	0.50585	0.97487	4.55568	3.3E-02	0.00846728	0.00416628	4.13038	4.2E-02	2.9258	8.7E-02
rs2980436	8	8092025	0.237424	G	A	0.545084	0.992022	0.000135394	9.9E-01	0.00146494	0.004157	0.124188	7.2E-01	0.257827	6.1E-01
rs9969455	8	12617155	0.332045	A	G	0.621264	0.941422	1.31622	2.5E-01	0.00519471	0.00438182	1.40544	2.4E-01	1.70172	1.9E-01
rs11989744	8	23567463	0.545466	C	T	0.756869	0.996643	0.000695544	9.8E-01	-0.000815452	0.00480767	0.0287692	8.7E-01	0.0157919	9.0E-01
rs78657590	8	25374102	0.563887	T	G	0.959447	0.998975	0.652316	4.2E-01	-0.00674494	0.0104363	0.417698	5.2E-01	0.250831	6.2E-01
rs112615738	8	25379182	0.563887	C	T	0.924846	0.998313	0.326542	5.7E-01	-0.0035194	0.00781208	0.202957	6.5E-01	0.139617	7.1E-01
rs11783974	8	25748695	0.572236	C	T	0.485102	0.994896	0.0727556	7.9E-01	0.00113736	0.00412465	0.076037	7.8E-01	0.0426821	8.4E-01
rs55704109	8	59323247	0.819013	G	A	0.506918	0.919152	25.9534	3.5E-07	0.0210687	0.00429807	24.0285	9.5E-07	29.123	6.8E-08
rs10504430	8	69559835	0.903728	A	C	0.811769	0.988802	0.13014	7.2E-01	-0.0030217	0.00529645	0.325486	5.7E-01	0.335267	5.6E-01
rs17697852	8	71927795	0.936897	T	G	0.906746	0.996851	4.84964	2.8E-02	0.0162156	0.00710579	5.20766	2.2E-02	5.73569	1.7E-02
rs4738139	8	72407665	0.950149	A	G	0.612961	0.993095	0.0540831	8.2E-01	0.000232048	0.00423831	0.00299759	9.6E-01	0.0256039	8.7E-01
rs4147332	8	89280863	1.08332	G	C	0.323417	0.995784	0.00019294	9.9E-01	0.000191484	0.00440545	0.00188922	9.7E-01	0.00614236	9.4E-01
rs4871058	8	121342846	1.36475	A	C	0.559535	0.998771	0.246371	6.2E-01	-0.00133464	0.00415047	0.103404	7.5E-01	0.16885	6.8E-01
rs144435165	8	126419938	1.45107	G	C	0.945037	0.785853	6.52728	1.1E-02	-0.0282275	0.0101793	7.68974	5.6E-03	9.39041	2.2E-03
rs2954030	8	126491304	1.45329	T	C	0.363069	0.993298	38.448	5.6E-10	0.0268276	0.00429627	38.9923	4.3E-10	41.3595	1.3E-10
rs13262081	8	128284766	1.4896	G	C	0.809711	0.995781	1.96463	1.6E-01	-0.00624917	0.00525188	1.41584	2.3E-01	1.70268	1.9E-01
rs79116087	9	17137405	0.365515	C	T	0.929634	0.981644	0.827509	3.6E-01	-0.0055586	0.00812961	0.467511	4.9E-01	0.522614	4.7E-01
rs73650963	9	93943033	1.11642	T	C	0.891543	0.990174	0.383339	5.4E-01	-0.00355147	0.00664422	0.285712	5.9E-01	0.275802	6.0E-01
rs9299401	9	94940133	1.12583	C	T	0.655465	0.998477	2.53825	1.1E-01	0.00711008	0.00434749	2.67468	1.0E-01	2.60336	1.1E-01
rs4743305	9	101760026	1.18739	T	C	0.629001	0.995307	3.30865	6.9E-02	0.00746913	0.0042724	3.0563	8.0E-02	4.27647	3.9E-02
rs2777806	9	107572119	1.23853	T	G	0.919367	0.992866	12.8412	3.4E-04	0.0274815	0.00758037	13.1431	2.9E-04	12.2148	4.7E-04
rs4149275	9	107638507	1.24287	A	G	0.830894	0.973164	0.0910271	7.6E-01	0.00187253	0.00556907	0.113055	7.4E-01	0.126415	7.2E-01
rs2791952	9	107682517	1.24564	T	C	0.100262	1	0.0209989	8.8E-01	0.000517323	0.00685632	0.00569299	9.4E-01	0.0733488	7.9E-01
rs877544	9	113895745	1.33887	A	T	0.442141	0.993686	6.78189	9.2E-03	-0.0113041	0.00416436	7.3684	6.6E-03	7.99994	4.7E-03
rs6478851	9	131561110	1.55426	G	A	0.758307	1	0.0467212	8.3E-01	0.0013105	0.00482957	0.0736302	7.9E-01	0.229194	6.3E-01
rs687621	9	136137065	1.66206	A	G	0.681099	1	57.3302	3.7E-14	-0.0326015	0.00441876	54.4345	1.6E-13	53.6931	2.3E-13
rs645838	10	3560515	0.0740542	A	G	0.160732	0.985753	1.49315	2.2E-01	-0.00714074	0.00565404	1.59503	2.1E-01	1.93274	1.6E-01
rs66923674	10	4955702	0.105389	G	T	0.866408	0.989502	0.033232	8.6E-01	0.000845396	0.00608483	0.019303	8.9E-01	0.0400966	8.4E-01
rs982004	10	27873231	0.532296	C	T	0.488725	0.997636	0.399542	5.3E-01	-0.00346923	0.00413	0.705612	4.0E-01	0.909898	3.4E-01
rs2769241	10	32556229	0.605363	T	C	0.168613	0.994424	0.157451	6.9E-01	-0.00187766	0.00551821	0.115781	7.3E-01	0.282903	5.9E-01
rs17296943	10	34160764	0.623336	C	G	0.851702	0.9821	1.53445	2.2E-01	-0.00786781	0.00584342	1.8129	1.8E-01	2.14248	1.4E-01
rs10995014	10	63784082	0.859346	T	G	0.964253	0.99699	0.682381	4.1E-01	-0.00998672	0.0111299	0.805131	3.7E-01	0.711654	4.0E-01
rs10762666	10	77157489	1.00522	A	G	0.241686	0.984822	8.27607	4.0E-03	-0.0146329	0.0048375	9.15002	2.5E-03	8.34901	3.9E-03
rs7078520	10	80892739	1.06411	A	T	0.740237	0.961858	0.0509242	8.2E-01	-0.00159734	0.00478791	0.111302	7.4E-01	0.189267	6.6E-01
rs10887758	10	89603315	1.15934	T	C	0.783692	0.990793	3.07249	8.0E-02	-0.00970543	0.00503877	3.71006	5.4E-02	3.29082	7.0E-02
rs1111875	10	94462882	1.21061	C	T	0.592398	1	1.04877	3.1E-01	0.00416636	0.00418961	0.98893	3.2E-01	0.668098	4.1E-01
rs146147771	10	95298687	1.22089	C	T	0.901719	0.997551	0.704128	4.0E-01	0.00554975	0.00691933	0.643307	4.2E-01	0.446621	5.0E-01
rs11191353	10	104382673	1.30545	A	G	0.599944	0.997917	7.30005	6.9E-03	-0.010813	0.00420236	6.62073	1.0E-02	8.09678	4.4E-03
rs10885396	10	114711755	1.39689	C	T	0.458904	0.998785	0.0980618	7.5E-01	-0.000566005	0.00413295	0.0187551	8.9E-01	0.114872	7.3E-01
rs82613	10	119295188	1.46384	T	C	0.426942	0.929607	0.124278	7.2E-01	0.00205843	0.00432293	0.226733	6.3E-01	0.288469	5.9E-01
rs36040970	10	122848990	1.52697	G	C	0.837716	0.991662	0.00409465	9.5E-01	-0.00131919	0.00560553	0.0553834	8.1E-01	0.208379	6.5E-01
rs7635	11	721570	0.0105268	C	T	0.540303	0.973097	0.0279919	8.7E-01	0.000617354	0.00418818	0.0217278	8.8E-01	0.0125555	9.1E-01
rs3812762	11	8751640	0.190568	G	C	0.691057	1	0.813758	3.7E-01	0.00322738	0.00446474	0.522526	4.7E-01	0.650724	4.2E-01
rs11042563	11	9964346	0.198452	G	C	0.440344	0.991529	0.174509	6.8E-01	-0.00175198	0.00416299	0.177111	6.7E-01	0.0825644	7.7E-01
rs61889189	11	32385875	0.498257	T	G	0.76737	0.997815	0.111265	7.4E-01	0.000868647	0.00487928	0.0316938	8.6E-01	0.0432847	8.4E-01
rs12294763	11	36325764	0.562704	G	A	0.69388	0.955634	0.0231265	8.8E-01	-0.000576931	0.00456478	0.0159738	9.0E-01	0.0553463	8.1E-01
rs34312154	11	47470345	0.665294	G	A	0.890322	1	7.27191	7.0E-03	-0.0179056	0.00658561	7.39236	6.6E-03	7.35867	6.7E-03
rs174528	11	61543499	0.703973	T	C	0.622738	0.995598	88.1755	6.0E-21	0.0402668	0.00424751	89.8721	2.5E-21	95.4139	1.5E-22
rs67330701	11	69079707	0.760845	C	T	0.908017	0.929121	0.386917	5.3E-01	-0.0041431	0.0073984	0.313599	5.8E-01	0.0292022	8.6E-01
rs12362685	11	111478720	1.18727	A	T	0.619791	0.997217	1.07041e-05	1.0E+00	0.000343453	0.00424907	0.0065335	9.4E-01	0.000463676	9.8E-01
rs481843	11	116525867	1.25971	C	T	0.921461	0.974207	21.5637	3.4E-06	-0.0364415	0.00776253	22.0387	2.7E-06	25.7115	4.0E-07
rs12804228	11	126260684	1.42442	A	G	0.915281	0.983631	45.9955	1.2E-11	-0.0523903	0.00745521	49.3835	2.1E-12	46.337	1.0E-11
rs747249	11	130271647	1.49781	A	G	0.360417	0.986641	0.00848857	9.3E-01	-0.00133421	0.0043215	0.0953191	7.6E-01	0.446434	5.0E-01
rs56196860	12	2908330	0.0629825	C	A	0.967952	1	0.528245	4.7E-01	0.00860587	0.0116663	0.544155	4.6E-01	0.4275	5.1E-01
rs10771260	12	26253557	0.45721	A	C	0.609092	0.995844	0.0786922	7.8E-01	0.000775806	0.00422933	0.0336483	8.5E-01	0.0256029	8.7E-01
rs16915737	12	26403614	0.459048	C	T	0.928801	0.993226	0.011945	9.1E-01	0.00120844	0.00802179	0.0226939	8.8E-01	0.0166294	9.0E-01
rs10844645	12	33737099	0.546138	C	T	0.612236	0.998433	0.975122	3.2E-01	0.00288116	0.00422819	0.46433	5.0E-01	0.828165	3.6E-01
rs11183127	12	45984722	0.590315	T	C	0.769127	0.997415	0.0346401	8.5E-01	-0.000920527	0.0048813	0.0355633	8.5E-01	0.112472	7.4E-01
rs2544037	12	48215180	0.613432	A	G	0.580418	0.992711	2.2255	1.4E-01	-0.0071666	0.00418486	2.93268	8.7E-02	2.75826	9.7E-02
rs143198407	12	54226638	0.680969	T	C	0.972028	0.902724	0.911142	3.4E-01	-0.0109863	0.0131747	0.695386	4.0E-01	0.493458	4.8E-01
rs58494653	12	54353102	0.683562	C	G	0.875623	1	9.48606	2.1E-03	0.0172081	0.00625108	7.57806	5.9E-03	7.98628	4.7E-03
rs2277339	12	57146069	0.717337	T	G	0.896292	1	4.0961	4.3E-02	-0.0156978	0.00674961	5.40906	2.0E-02	6.30482	1.2E-02
rs7308561	12	66417277	0.793828	T	C	0.686889	0.990119	0.376988	5.4E-01	0.00233077	0.00445288	0.273978	6.0E-01	0.225624	6.3E-01
rs1388214	12	77901810	0.936483	A	G	0.323754	0.997208	0.113428	7.4E-01	0.00152092	0.00439991	0.119488	7.3E-01	0.0977739	7.5E-01
rs10745659	12	94092690	1.0816	C	G	0.555291	0.994516	0.00043959	9.8E-01	-0.000448096	0.00416051	0.0115997	9.1E-01	0.0329279	8.6E-01
rs10778495	12	106991545	1.2616	A	G	0.720903	0.990603	11.2174	8.1E-04	-0.0153624	0.00459701	11.1679	8.3E-04	9.68581	1.9E-03
rs10778609	12	108545985	1.27639	A	C	0.742853	1	0.0569741	8.1E-01	0.00232841	0.00471417	0.243954	6.2E-01	0.181359	6.7E-01
rs12817870	12	113516445	1.31248	C	T	0.757872	0.987895	0.345569	5.6E-01	-0.00341935	0.0048326	0.500639	4.8E-01	0.148934	7.0E-01
rs11043299	12	122483139	1.4653	T	C	0.374937	0.862609	0.343427	5.6E-01	0.00268136	0.00457564	0.343405	5.6E-01	0.608076	4.4E-01
rs11613937	12	123520071	1.47156	C	T	0.293515	0.997111	0.152134	7.0E-01	-0.00193199	0.00454124	0.180993	6.7E-01	0.553289	4.6E-01
rs180797383	12	124164661	1.47737	T	A	0.967798	0.87352	0.0923977	7.6E-01	-0.00258594	0.0124798	0.0429363	8.4E-01	0.00551916	9.4E-01
rs825461	12	124561803	1.47937	C	T	0.418055	0.998641	0.803992	3.7E-01	-0.00438859	0.00417211	1.10647	2.9E-01	1.17929	2.8E-01
rs73223535	12	124744902	1.48319	T	G	0.940631	0.996243	0.444648	5.0E-01	0.00714685	0.00871751	0.672116	4.1E-01	0.491921	4.8E-01
rs12828318	12	133766122	1.75135	A	G	0.817811	0.994773	1.49839	2.2E-01	0.00616237	0.0053542	1.32466	2.5E-01	1.62791	2.0E-01
rs7993238	13	22473593	0.0544542	A	C	0.630918	0.976757	1.70291	1.9E-01	0.00602721	0.0043148	1.95125	1.6E-01	2.29869	1.3E-01
rs9579574	13	31025634	0.263469	A	G	0.300773	0.992156	2.53774	1.1E-01	-0.00714536	0.00452121	2.49769	1.1E-01	2.6212	1.1E-01
rs10507524	13	44684600	0.468128	T	C	0.905843	0.994143	1.59977	2.1E-01	-0.00803215	0.0070873	1.28441	2.6E-01	1.88599	1.7E-01
rs9526614	13	50443558	0.53659	C	G	0.791108	0.994701	0.872323	3.5E-01	-0.00397236	0.00508263	0.61083	4.3E-01	0.5258	4.7E-01
rs11617234	13	50948954	0.538883	A	G	0.926287	0.984708	0.721845	4.0E-01	-0.00768838	0.00793254	0.939389	3.3E-01	1.00667	3.2E-01
rs1239945	13	51107757	0.539575	G	A	0.456329	0.998944	0.0943423	7.6E-01	0.00157427	0.00413845	0.144704	7.0E-01	0.216488	6.4E-01
rs682044	13	78057520	0.772271	T	G	0.131808	0.995851	0.210336	6.5E-01	-0.00185019	0.00609467	0.0921583	7.6E-01	0.318759	5.7E-01
rs627527	13	110915135	1.21483	G	A	0.417975	0.983958	2.28791e-05	1.0E+00	0.000155044	0.00420951	0.00135658	9.7E-01	0.00633869	9.4E-01
rs4773157	13	110992623	1.22123	C	A	0.727249	0.982597	4.08978	4.3E-02	0.0106287	0.00467334	5.17257	2.3E-02	5.45221	2.0E-02
rs1057119	14	23746269	0.116581	C	G	0.761562	1	5.72286	1.7E-02	0.0121164	0.00482766	6.299	1.2E-02	6.70593	9.6E-03
rs12435790	14	35154381	0.324801	A	G	0.921633	0.964911	0.248673	6.2E-01	0.00432408	0.00780703	0.306771	5.8E-01	0.110815	7.4E-01
rs1253682	14	52463153	0.462213	C	T	0.529536	0.995617	0.428822	5.1E-01	-0.00252882	0.00412993	0.37493	5.4E-01	0.277484	6.0E-01
rs6573193	14	58684872	0.537805	T	C	0.344869	0.992731	3.71651	5.4E-02	0.00794442	0.00434266	3.34667	6.7E-02	3.74629	5.3E-02
rs10483820	14	69138371	0.619511	A	G	0.630522	0.99172	0.280831	6.0E-01	0.00195283	0.00429631	0.206604	6.5E-01	0.145972	7.0E-01
rs2526882	14	71374702	0.651568	G	A	0.336003	0.997711	3.23204	7.2E-02	-0.00862204	0.00436743	3.89734	4.8E-02	3.80456	5.1E-02
rs1286290	14	91313812	0.881552	G	C	0.385149	0.981585	0.0935561	7.6E-01	-0.00112076	0.00426142	0.0691697	7.9E-01	0.243608	6.2E-01
rs8015434	14	98365042	1.02737	C	A	0.468539	0.997757	1.2571	2.6E-01	0.0044805	0.00412947	1.17724	2.8E-01	0.872397	3.5E-01
rs28562771	15	31675913	0.452754	C	A	0.34803	0.979544	0.685943	4.1E-01	0.00410129	0.0043625	0.883833	3.5E-01	1.26738	2.6E-01
rs12900478	15	37368160	0.565158	G	C	0.763108	0.993766	0.0345361	8.5E-01	0.00114391	0.00485877	0.0554286	8.1E-01	0.0498734	8.2E-01
rs2263551	15	40979543	0.629313	G	A	0.496718	0.998608	0.249275	6.2E-01	0.00158823	0.00412956	0.147917	7.0E-01	0.250767	6.2E-01
rs2899470	15	51503677	0.705473	T	G	0.441299	0.998139	0.00161941	9.7E-01	0.000329281	0.00415163	0.00629067	9.4E-01	5.73041e-05	9.9E-01
rs11630710	15	56364758	0.756318	G	T	0.893036	0.979091	1.03513	3.1E-01	-0.00567104	0.00675263	0.70531	4.0E-01	0.916911	3.4E-01
rs117737827	15	63804248	0.876681	C	T	0.843258	0.99712	0.482361	4.9E-01	0.00379465	0.00567792	0.446647	5.0E-01	0.942013	3.3E-01
rs7497064	15	66990159	0.901829	T	C	0.7565	1	0.0931993	7.6E-01	-0.000601607	0.00481192	0.0156311	9.0E-01	0.0575735	8.1E-01
rs8023330	15	74220599	0.994732	A	G	0.533673	0.994093	0.0772631	7.8E-01	0.00112357	0.00412669	0.0741303	7.9E-01	0.021973	8.8E-01
rs12905116	15	79042734	1.02295	T	A	0.243151	0.998559	1.39591	2.4E-01	-0.00562179	0.00479848	1.3726	2.4E-01	1.70704	1.9E-01
rs8024294	15	94023132	1.27326	G	A	0.893534	0.984354	0.322908	5.7E-01	0.00509988	0.00673428	0.573506	4.5E-01	0.485599	4.9E-01
rs2654980	15	99504843	1.43056	C	T	0.75401	1	0.388159	5.3E-01	0.00300913	0.00478201	0.395969	5.3E-01	0.262354	6.1E-01
rs2603229	15	100263499	1.44349	T	C	0.24783	0.99299	0.714702	4.0E-01	0.004361	0.00478454	0.830794	3.6E-01	0.62298	4.3E-01
rs28610092	16	2155819	0.0436929	A	C	0.831908	0.992512	0.499756	4.8E-01	-0.00346069	0.0055341	0.391049	5.3E-01	0.250597	6.2E-01
rs740375	16	4412868	0.0825739	C	G	0.436546	0.994477	0.0506898	8.2E-01	-2.65461e-05	0.00416878	4.05491e-05	9.9E-01	0.000619182	9.8E-01
rs73577318	16	49847602	0.582083	T	C	0.893989	0.973176	0.246844	6.2E-01	0.00437484	0.00678381	0.415888	5.2E-01	0.232691	6.3E-01
rs2192868	16	53428284	0.643286	G	A	0.549643	0.983829	0.326342	5.7E-01	-0.00262192	0.00417973	0.393497	5.3E-01	0.536954	4.6E-01
rs3730393	16	67226405	0.849683	G	A	0.959467	0.981611	0.0948235	7.6E-01	0.00208479	0.0105411	0.0391158	8.4E-01	0.0146442	9.0E-01
rs310011	16	81471654	1.04471	A	G	0.459339	0.974154	3.83044	5.0E-02	0.0090368	0.00419535	4.63973	3.1E-02	4.2091	4.0E-02
rs4889326	16	81533662	1.04573	C	T	0.781583	1	2.12134	1.5E-01	-0.00759893	0.00497488	2.33313	1.3E-01	2.69175	1.0E-01
rs8076112	17	1612199	0.0581967	A	C	0.824836	0.985586	1.54333	2.1E-01	0.00704673	0.00545591	1.66817	2.0E-01	1.2365	2.7E-01
rs12942967	17	3921834	0.111825	C	T	0.815615	0.995978	0.0201878	8.9E-01	-3.87131e-05	0.00531513	5.30503e-05	9.9E-01	0.00179143	9.7E-01
rs4151121	17	7342294	0.196019	A	G	0.625168	0.994674	0.782654	3.8E-01	0.00367513	0.00426407	0.742842	3.9E-01	0.96071	3.3E-01
rs1242488	17	17347995	0.443205	C	A	0.250308	0.994678	0.383041	5.4E-01	-0.00196997	0.00475593	0.171572	6.8E-01	0.189811	6.6E-01
rs897456	17	17422608	0.444631	A	G	0.942078	1	6.08962	1.4E-02	-0.0227875	0.00881574	6.68152	9.7E-03	6.54435	1.1E-02
rs7222766	17	27679725	0.495692	A	G	0.483785	1	0.0575218	8.1E-01	4.76571e-05	0.00412374	0.000133559	9.9E-01	0.112044	7.4E-01
rs9303642	17	29578360	0.501265	T	C	0.699117	0.999507	9.36663	2.2E-03	0.0136769	0.00448831	9.28554	2.3E-03	8.41547	3.7E-03
rs9907244	17	39980900	0.660119	T	C	0.563724	0.983666	2.51931	1.1E-01	-0.00649091	0.00418568	2.40481	1.2E-01	2.29929	1.3E-01
rs10468514	17	43456240	0.686822	A	G	0.598448	0.99546	1.97114	1.6E-01	0.0064594	0.0042187	2.34438	1.3E-01	2.42306	1.2E-01
rs55938136	17	43798360	0.68845	A	G	0.776371	0.999875	5.82152	1.6E-02	-0.0115425	0.00495094	5.43534	2.0E-02	5.10328	2.4E-02
rs62062775	17	44021960	0.690029	G	A	0.765069	0.963414	0.000200456	9.9E-01	-0.000525418	0.00495109	0.0112618	9.2E-01	0.057069	8.1E-01
rs7211277	17	53654467	0.791648	G	A	0.798348	0.999226	0.00915192	9.2E-01	0.000350703	0.00514124	0.00465311	9.5E-01	0.082201	7.7E-01
rs227734	17	54767470	0.807961	C	T	0.705592	0.996371	0.000118324	9.9E-01	0.000646536	0.00451528	0.0205029	8.9E-01	0.158264	6.9E-01
rs1000423	17	59475642	0.870966	C	T	0.266359	0.997908	1.58076	2.1E-01	0.00593374	0.00466279	1.61944	2.0E-01	1.29634	2.5E-01
rs12450700	17	65368899	0.93572	T	G	0.599546	1	2.09928	1.5E-01	0.0058885	0.00421884	1.94815	1.6E-01	1.83983	1.7E-01
rs236571	17	68224214	0.981608	T	C	0.579338	0.994747	1.67068	2.0E-01	0.00573262	0.00418323	1.87794	1.7E-01	2.05342	1.5E-01
rs9899174	17	73249256	1.09811	G	A	0.300739	0.995636	0.428151	5.1E-01	-0.00338922	0.00448675	0.570605	4.5E-01	0.896468	3.4E-01
rs35568625	17	79906748	1.2711	T	C	0.468095	0.986934	0.413666	5.2E-01	-0.00289237	0.00416558	0.482121	4.9E-01	0.427402	5.1E-01
rs3810068	18	2846499	0.0738566	T	C	0.595835	1	11.1741	8.3E-04	0.0129206	0.00418845	9.51607	2.0E-03	10.8741	9.8E-04
rs4445996	18	20686403	0.42904	A	G	0.0906024	0.99743	1.69764	1.9E-01	0.0100081	0.00720233	1.93089	1.6E-01	2.03229	1.5E-01
rs6507588	18	42419103	0.621385	C	T	0.871061	0.984573	0.118229	7.3E-01	-0.00233284	0.0061909	0.141991	7.1E-01	0.176281	6.7E-01
rs357897	18	46584184	0.687094	C	T	0.152899	0.998869	0.442819	5.1E-01	0.00460312	0.00572018	0.647569	4.2E-01	0.520592	4.7E-01
rs12454712	18	60845884	0.867586	T	C	0.623677	1	2.91687	8.8E-02	0.00681653	0.00424085	2.58358	1.1E-01	2.2517	1.3E-01
rs12979965	19	2131148	0.0753026	A	G	0.499421	0.991113	1.54263	2.1E-01	0.00588962	0.00413094	2.03272	1.5E-01	2.47583	1.2E-01
rs8887	19	4502201	0.151456	T	C	0.429482	0.976879	2.9859	8.4E-02	0.00746649	0.00418587	3.18172	7.4E-02	3.50761	6.1E-02
rs12973279	19	7207796	0.229604	C	A	0.25493	0.988505	0.839505	3.6E-01	0.0044803	0.00474478	0.891622	3.5E-01	0.887155	3.5E-01
rs889129	19	10070954	0.303184	T	A	0.123141	0.971029	0.00857259	9.3E-01	-8.81181e-05	0.00635137	0.000192484	9.9E-01	0.00296169	9.6E-01
rs17766692	19	11342599	0.323489	C	T	0.940667	0.993783	1.00308	3.2E-01	0.0100639	0.00871726	1.33282	2.5E-01	1.39238	2.4E-01
rs17885551	19	18179672	0.447176	T	C	0.787767	0.995941	0.00746346	9.3E-01	0.000128728	0.0050314	0.000654586	9.8E-01	0.00235571	9.6E-01
rs73001065	19	19460541	0.462151	G	C	0.930303	0.994964	164.261	1.3E-37	0.104398	0.00808911	166.565	4.2E-38	167.204	3.0E-38
rs8111715	19	33777725	0.560349	G	A	0.816781	0.899887	1.38047	2.4E-01	0.00574233	0.00559198	1.0545	3.0E-01	1.07414	3.0E-01
rs142183293	19	33815690	0.561736	G	A	0.988446	0.92253	0.0229128	8.8E-01	-0.00453574	0.0199949	0.0514589	8.2E-01	0.110065	7.4E-01
rs17530508	19	33860858	0.561933	C	T	0.827431	0.986076	5.66523	1.7E-02	-0.0128897	0.00546996	5.5529	1.8E-02	5.98649	1.4E-02
rs62116588	19	44446097	0.68736	C	G	0.976367	0.933368	47.5398	5.4E-12	0.097358	0.0140188	48.2305	3.8E-12	51.5212	7.1E-13
rs28550459	19	45037783	0.693461	T	A	0.964694	0.862461	61.8022	3.8E-15	0.093535	0.0119838	60.9204	5.9E-15	63.674	1.5E-15
rs73048351	19	45160086	0.697689	C	A	0.989801	0.91554	114.385	1.1E-26	0.234629	0.0214107	120.088	6.1E-28	122.132	2.2E-28
rs139326841	19	45269725	0.701551	T	C	0.978975	0.821408	34.9471	3.4E-09	-0.0929039	0.0157752	34.6832	3.9E-09	36.7951	1.3E-09
rs3745150	19	45385759	0.706836	G	C	0.606976	0.977556	114.235	1.2E-26	-0.0451031	0.00425664	112.273	3.1E-26	112.406	2.9E-26
rs146390218	19	45478352	0.709104	A	G	0.973617	0.966351	273.93	1.6E-61	0.218569	0.0130296	281.395	3.7E-63	287.902	1.4E-64
rs141651018	19	46042665	0.717068	C	T	0.969906	0.964852	72.9267	1.3E-17	0.105526	0.012227	74.486	6.1E-18	76.6302	2.1E-18
rs151235402	20	569164	0.0196907	C	T	0.984501	0.956324	0.591572	4.4E-01	0.012024	0.0170531	0.497156	4.8E-01	0.595315	4.4E-01
rs2664375	20	5654126	0.19027	C	A	0.731372	0.963021	1.83784	1.8E-01	0.00664231	0.00473041	1.9717	1.6E-01	1.39803	2.4E-01
rs8126025	20	6480713	0.213787	A	C	0.761313	0.987748	3.39598	6.5E-02	0.00841537	0.00485207	3.0081	8.3E-02	1.93986	1.6E-01
rs6047259	20	21098319	0.480462	C	T	0.378645	0.990815	2.63712	1.0E-01	-0.00784777	0.00426817	3.38072	6.6E-02	2.8967	8.9E-02
rs112928119	20	33726451	0.537689	C	T	0.787836	0.995325	0.176091	6.7E-01	0.00329749	0.00504826	0.426663	5.1E-01	0.423629	5.2E-01
rs13037366	20	38889128	0.585257	T	C	0.708362	0.997929	3.1663	7.5E-02	0.00849586	0.0045415	3.49958	6.1E-02	3.76615	5.2E-02
rs6016511	20	39709255	0.597567	T	C	0.67815	0.999652	17.3981	3.0E-05	-0.0185658	0.00439552	17.8404	2.4E-05	21.3289	3.9E-06
rs11699991	20	45489407	0.689702	T	A	0.670631	0.988835	2.08187	1.5E-01	0.00816403	0.00440793	3.43036	6.4E-02	3.79485	5.1E-02
rs1999536	20	45581777	0.691337	G	C	0.429504	0.994672	1.88738	1.7E-01	0.00428128	0.00417028	1.05395	3.0E-01	1.53411	2.2E-01
rs7271567	20	50871810	0.791153	G	A	0.901241	0.995145	0.0742728	7.9E-01	-0.00240633	0.00692855	0.120622	7.3E-01	0.644442	4.2E-01
rs1936966	20	51691779	0.801626	C	T	0.672248	0.982215	1.56445	2.1E-01	-0.00566279	0.00444087	1.62601	2.0E-01	2.02967	1.5E-01
rs2105063	20	62690683	1.09651	C	T	0.438477	1	4.93188	2.6E-02	0.00921409	0.00415761	4.91153	2.7E-02	4.64965	3.1E-02
rs28451064	21	35593827	0.362865	G	A	0.868938	0.957975	5.88544	1.5E-02	0.0156711	0.00624068	6.30571	1.2E-02	6.56749	1.0E-02
rs4507181	21	36748497	0.391139	A	C	0.445998	0.990087	0.89761	3.4E-01	-0.00392979	0.00415529	0.89441	3.4E-01	0.761871	3.8E-01
rs2836140	21	39452670	0.432405	C	T	0.518718	1	2.13276	1.4E-01	0.00669115	0.00413866	2.61386	1.1E-01	3.42584	6.4E-02
rs2330396	21	47524380	0.643685	A	C	0.491749	0.996498	5.81479	1.6E-02	-0.00982207	0.00410728	5.71872	1.7E-02	5.03312	2.5E-02
rs9613412	22	27647065	0.308304	C	A	0.905777	0.972438	1.84166	1.7E-01	0.00945452	0.00716181	1.74274	1.9E-01	1.89192	1.7E-01
rs2283847	22	28181399	0.334885	C	T	0.447854	0.951267	0.0533501	8.2E-01	-0.0014688	0.00425729	0.11903	7.3E-01	0.103843	7.5E-01
rs9625551	22	29140529	0.338663	G	A	0.979024	0.995212	0.0280714	8.7E-01	-0.00122188	0.0144155	0.00718444	9.3E-01	0.000419419	9.8E-01
rs5997898	22	31572963	0.355537	A	C	0.420656	0.998342	9.28585e-05	9.9E-01	0.000784108	0.00417587	0.0352581	8.5E-01	0.000199438	9.9E-01
rs801597	22	47190735	0.614737	T	G	0.275448	0.998113	0.00181039	9.7E-01	-0.000669921	0.00460841	0.0211322	8.8E-01	0.0223237	8.8E-01
