SNP	CHR	BP	GENPOS	ALLELE1	ALLELE0	A1FREQ	INFO	CHISQ_LINREG	P_LINREG	BETA	SE	CHISQ_BOLT_LMM_INF	P_BOLT_LMM_INF	CHISQ_BOLT_LMM	P_BOLT_LMM
rs10797373	1	2904056	0.0397888	G	A	0.307709	0.992548	1.81081	1.8E-01	0.00646501	0.00446849	2.09323	1.5E-01	2.88424	8.9E-02
rs1294014	1	9325676	0.18921	C	T	0.731267	0.974098	3.50911	6.1E-02	-0.0091114	0.00470123	3.75619	5.3E-02	3.64718	5.6E-02
rs2268177	1	22415410	0.442927	A	T	0.826867	0.999403	1.76917	1.8E-01	-0.00747768	0.00542698	1.89853	1.7E-01	1.66346	2.0E-01
rs77604500	1	23286202	0.460813	C	A	0.931028	0.983422	0.117543	7.3E-01	-0.00218879	0.00816552	0.0718521	7.9E-01	0.096771	7.6E-01
rs2997447	1	26387423	0.495055	G	A	0.788926	0.978799	0.0388739	8.4E-01	0.00103861	0.00507722	0.041846	8.4E-01	0.0441989	8.3E-01
rs12084054	1	51242141	0.76307	C	T	0.911968	0.999771	0.0068928	9.3E-01	-0.000660337	0.00724086	0.00831671	9.3E-01	0.0533945	8.2E-01
rs624698	1	62900811	0.92277	A	G	0.582759	0.969721	46.7916	7.9E-12	0.0290327	0.00422829	47.1462	6.6E-12	50.4805	1.2E-12
rs10873710	1	86072216	1.1498	G	A	0.56595	0.976243	0.268466	6.0E-01	-0.00241066	0.00419337	0.33048	5.7E-01	0.123571	7.3E-01
rs6577334	1	103214274	1.32929	G	A	0.616402	0.991239	0.465197	5.0E-01	0.00287358	0.00423665	0.460047	5.0E-01	0.469618	4.9E-01
rs4970824	1	109715950	1.38587	G	A	0.92768	0.973386	86.4653	1.4E-20	0.0741293	0.00802983	85.225	2.7E-20	86.6545	1.3E-20
rs59051938	1	118850501	1.50636	G	T	0.745314	0.991396	0.386584	5.3E-01	-0.00362636	0.00473292	0.587062	4.4E-01	1.09416	3.0E-01
rs116821116	1	119126235	1.5082	C	T	0.960655	0.922053	0.129552	7.2E-01	-0.00214949	0.0109688	0.0384019	8.4E-01	0.00342197	9.5E-01
rs140609054	1	119864893	1.51178	C	T	0.979764	0.97475	0.304294	5.8E-01	0.0130397	0.0147943	0.776861	3.8E-01	0.739478	3.9E-01
rs11204758	1	150991221	1.65939	A	G	0.789313	0.991156	0.11798	7.3E-01	-0.00185926	0.00505581	0.135237	7.1E-01	0.2173	6.4E-01
rs951240	1	154793763	1.69623	A	G	0.736909	1	0.0494597	8.2E-01	0.00180261	0.00466219	0.149495	7.0E-01	0.299482	5.8E-01
rs1050316	1	156434703	1.7062	G	T	0.348504	0.995583	2.47789	1.2E-01	0.0067033	0.00432419	2.40307	1.2E-01	3.3191	6.8E-02
rs2486425	1	163662479	1.8151	G	T	0.599038	0.997834	0.321119	5.7E-01	0.0020895	0.00419142	0.248521	6.2E-01	0.286625	5.9E-01
rs12098218	1	164740891	1.83762	C	T	0.879528	0.986123	0.525015	4.7E-01	-0.00489617	0.00636418	0.591873	4.4E-01	0.229766	6.3E-01
rs17345893	1	170171874	1.91645	C	T	0.933686	0.998406	3.79227	5.1E-02	0.0158665	0.00825569	3.69363	5.5E-02	3.5786	5.9E-02
rs10919359	1	170321312	1.91759	T	C	0.636418	0.999798	0.0249574	8.7E-01	-0.000790758	0.00427001	0.034295	8.5E-01	0.00989464	9.2E-01
rs17361789	1	172122601	1.93709	T	G	0.67666	0.979392	0.167408	6.8E-01	-0.00222878	0.00443649	0.252382	6.2E-01	0.187271	6.7E-01
rs1325598	1	176792249	1.97626	A	G	0.453527	1	0.153682	7.0E-01	0.0020947	0.00412406	0.257985	6.1E-01	0.351981	5.5E-01
rs4465240	1	199764832	2.16442	C	T	0.435085	0.991154	1.04638	3.1E-01	0.00388193	0.00416559	0.868446	3.5E-01	0.937249	3.3E-01
rs36043408	1	203511492	2.22297	G	A	0.497481	0.997049	0.400071	5.3E-01	0.00260138	0.0041124	0.400144	5.3E-01	0.228715	6.3E-01
rs4951159	1	205012106	2.25304	G	C	0.090518	0.967	0.526184	4.7E-01	-0.0051483	0.00727889	0.500262	4.8E-01	0.26477	6.1E-01
rs61821643	1	219268532	2.43532	T	C	0.974018	0.889659	0.968308	3.3E-01	-0.0134741	0.0136933	0.968236	3.3E-01	0.868823	3.5E-01
rs12740837	1	219623230	2.43692	G	A	0.983525	0.959021	0.16824	6.8E-01	-0.00609892	0.0164421	0.137591	7.1E-01	0.333622	5.6E-01
rs72732565	1	219687493	2.43716	A	G	0.988065	1	3.91923	4.8E-02	0.0364305	0.0189618	3.69122	5.5E-02	3.57942	5.8E-02
rs661955	1	234842856	2.62186	G	C	0.480469	0.978806	62.9136	2.2E-15	-0.0326366	0.00415635	61.6574	4.1E-15	63.9841	1.3E-15
rs1815892	2	9616728	0.208415	G	T	0.406069	0.996841	0.0024465	9.6E-01	-0.000774087	0.00418279	0.0342489	8.5E-01	6.12431e-05	9.9E-01
rs711869	2	13073967	0.297329	G	A	0.442035	0.983109	2.12436	1.4E-01	-0.00599297	0.00417372	2.06176	1.5E-01	1.53279	2.2E-01
rs12619592	2	23971415	0.452815	C	A	0.85409	0.999619	0.349823	5.5E-01	0.00311424	0.00583035	0.285308	5.9E-01	0.432755	5.1E-01
rs2702132	2	24698726	0.456129	G	A	0.0969677	0.983629	3.28143	7.0E-02	-0.0123303	0.00700166	3.10131	7.8E-02	4.08903	4.3E-02
rs727805	2	37862717	0.612603	A	C	0.780201	0.985049	1.61232	2.0E-01	-0.00645366	0.00499083	1.67212	2.0E-01	1.81403	1.8E-01
rs80323638	2	43469615	0.682441	G	A	0.900423	0.984528	0.0175334	8.9E-01	0.00131616	0.00691134	0.0362657	8.5E-01	0.0135334	9.1E-01
rs4131886	2	48965022	0.765302	A	C	0.732392	0.994242	1.66049	2.0E-01	-0.00591807	0.00466491	1.60944	2.0E-01	1.92139	1.7E-01
rs2717063	2	58110969	0.847489	C	A	0.413983	0.989245	0.577504	4.5E-01	-0.00353989	0.00419425	0.712312	4.0E-01	0.493597	4.8E-01
rs12620918	2	63268355	0.885798	T	C	0.826021	0.992379	26.2799	3.0E-07	-0.0277266	0.005435	26.0252	3.4E-07	24.5971	7.1E-07
rs17681189	2	65976175	0.914128	C	A	0.577572	0.997123	3.18213	7.4E-02	-0.00729188	0.0041638	3.0669	8.0E-02	2.34593	1.3E-01
rs3890755	2	66744603	0.924308	C	T	0.477091	0.981761	0.0062534	9.4E-01	0.00022955	0.00414911	0.00306087	9.6E-01	0.0724876	7.9E-01
rs11123788	2	100205498	1.21955	A	C	0.324943	0.986149	0.643894	4.2E-01	-0.00382975	0.00441627	0.752019	3.9E-01	0.57459	4.5E-01
rs72946301	2	111861838	1.33125	G	A	0.904588	0.964859	1.46745	2.3E-01	-0.0100334	0.00711894	1.98641	1.6E-01	1.52066	2.2E-01
rs58099056	2	112156865	1.33603	C	T	0.433037	0.765973	2.78204	9.5E-02	-0.00859696	0.00472671	3.30805	6.9E-02	3.19333	7.4E-02
rs4571059	2	114599209	1.35996	C	T	0.38914	0.997618	0.561282	4.5E-01	0.00280781	0.00422857	0.440907	5.1E-01	0.505741	4.8E-01
rs1527418	2	119540832	1.39651	T	G	0.352372	0.9994	1.182	2.8E-01	0.00521336	0.00429112	1.47602	2.2E-01	1.63766	2.0E-01
rs78876301	2	158234589	1.75901	A	C	0.987135	0.782415	0.252261	6.2E-01	-0.010319	0.0206412	0.249924	6.2E-01	0.307225	5.8E-01
rs2198562	2	158465673	1.76316	C	G	0.946945	0.98702	12.5236	4.0E-04	0.0314007	0.009213	11.6165	6.5E-04	11.9737	5.4E-04
rs78343493	2	165502911	1.8149	G	A	0.879696	0.994826	6.48095	1.1E-02	0.0145978	0.00632528	5.32616	2.1E-02	4.11702	4.2E-02
rs142657805	2	165570358	1.81517	T	C	0.984821	0.93372	0.925996	3.4E-01	-0.016471	0.0173467	0.901584	3.4E-01	0.707661	4.0E-01
rs72882321	2	172298662	1.8972	C	T	0.821515	0.98752	0.0924156	7.6E-01	-0.00236692	0.00540569	0.191718	6.6E-01	0.510995	4.7E-01
rs13412001	2	187720020	2.04017	T	G	0.669822	0.998277	0.333951	5.6E-01	-0.00207475	0.00437519	0.224874	6.4E-01	0.419049	5.2E-01
rs752919	2	206959970	2.2004	G	A	0.580196	0.999388	1.73645	1.9E-01	0.00604508	0.00416598	2.10557	1.5E-01	1.79418	1.8E-01
rs1250248	2	216287093	2.28549	A	G	0.271229	0.996374	6.85961	8.8E-03	-0.0126389	0.00463399	7.4389	6.4E-03	7.80856	5.2E-03
rs2373074	2	218381350	2.32413	C	T	0.903259	0.998908	0.0198118	8.9E-01	0.00147103	0.00695963	0.0446757	8.3E-01	0.0169141	9.0E-01
rs6756793	2	225028919	2.42506	T	C	0.557892	0.993621	0.0127414	9.1E-01	0.000975861	0.00414825	0.055341	8.1E-01	0.0347045	8.5E-01
rs35419826	2	239719323	2.67375	G	A	0.81942	0.987245	0.614149	4.3E-01	0.0032868	0.00537059	0.374544	5.4E-01	0.101976	7.5E-01
rs346070	3	11303874	0.281373	T	C	0.17381	0.995354	0.000897401	9.8E-01	-4.89276e-05	0.00544487	8.07481e-05	9.9E-01	0.000794302	9.8E-01
rs2600271	3	12036176	0.296828	T	C	0.171488	1	0.0130581	9.1E-01	-0.00048036	0.00545209	0.0077626	9.3E-01	0.0209861	8.8E-01
rs6763925	3	12515602	0.299217	T	C	0.704596	0.990971	9.82168	1.7E-03	0.013529	0.00452358	8.94479	2.8E-03	8.84255	2.9E-03
rs10490869	3	35635145	0.595764	A	T	0.789179	0.990849	1.87218	1.7E-01	-0.00587509	0.00505243	1.35216	2.4E-01	1.41229	2.3E-01
rs2844360	3	37571178	0.612433	A	G	0.405592	0.99991	1.93869	1.6E-01	-0.00561845	0.00418872	1.79916	1.8E-01	1.57055	2.1E-01
rs79506763	3	43736378	0.664873	T	G	0.970457	0.974761	2.86674	9.0E-02	0.0216544	0.0122912	3.10386	7.8E-02	2.77907	9.6E-02
rs11926707	3	46925539	0.687568	T	C	0.379205	0.985514	0.0131935	9.1E-01	0.000301473	0.0042606	0.00500673	9.4E-01	0.0182891	8.9E-01
rs4858828	3	48724811	0.68972	C	T	0.348576	0.999091	5.60072	1.8E-02	0.00991864	0.00431228	5.29042	2.1E-02	5.20385	2.3E-02
rs352155	3	52213653	0.694659	T	C	0.953063	0.882506	8.04061	4.6E-03	0.0268517	0.0102602	6.84909	8.9E-03	6.98342	8.2E-03
rs7643235	3	53227428	0.699142	T	C	0.415041	0.989215	0.0205631	8.9E-01	0.000530155	0.00418219	0.0160694	9.0E-01	0.00402052	9.5E-01
rs6445415	3	64602006	0.869066	A	G	0.730167	0.995303	0.0918035	7.6E-01	-0.00182566	0.00463973	0.154829	6.9E-01	0.104561	7.5E-01
rs4688498	3	64674599	0.871028	C	T	0.669904	0.985151	2.04371	1.5E-01	-0.0060814	0.00441095	1.90082	1.7E-01	2.46225	1.2E-01
rs997274	3	78704821	1.06722	T	C	0.749726	0.994327	0.917129	3.4E-01	0.00287346	0.00477158	0.36265	5.5E-01	0.701775	4.0E-01
rs12490079	3	99242097	1.12956	T	C	0.762721	0.996476	0.211974	6.5E-01	0.0020866	0.0048357	0.186191	6.7E-01	0.14951	7.0E-01
rs644342	3	107255235	1.19654	A	T	0.163705	0.995834	4.01341	4.5E-02	-0.0126686	0.00555481	5.20142	2.3E-02	5.18031	2.3E-02
rs9859117	3	127397553	1.40841	G	C	0.7975	0.997121	0.628297	4.3E-01	0.00373818	0.00513818	0.5293	4.7E-01	0.507664	4.8E-01
rs55930886	3	128747421	1.42294	C	T	0.919276	0.981412	0.326523	5.7E-01	-0.00348728	0.0076187	0.209514	6.5E-01	0.29617	5.9E-01
rs2625970	3	129282977	1.42613	C	T	0.686506	0.99718	1.21042	2.7E-01	-0.00641774	0.00443702	2.09209	1.5E-01	2.49917	1.1E-01
rs28850104	3	129747349	1.42834	C	T	0.721035	0.928021	0.0116863	9.1E-01	0.000430074	0.00475651	0.00817539	9.3E-01	0.0863888	7.7E-01
rs112551697	3	150018637	1.64271	G	A	0.965346	0.928479	0.491946	4.8E-01	-0.00761697	0.0116277	0.429121	5.1E-01	0.302197	5.8E-01
rs73170826	3	156793907	1.71229	C	T	0.908171	1	0.0066133	9.4E-01	0.0011289	0.00711004	0.0252095	8.7E-01	0.0803245	7.8E-01
rs6805879	3	168811680	1.77814	G	A	0.637095	0.998887	2.43139	1.2E-01	0.00589536	0.00427834	1.89876	1.7E-01	1.8866	1.7E-01
rs35430985	3	185488303	2.01654	C	A	0.732768	0.99119	3.6383	5.6E-02	0.00862294	0.0046632	3.41935	6.4E-02	3.90135	4.8E-02
rs75072999	4	844781	0.00782036	G	A	0.905079	0.991302	0.03989	8.4E-01	0.00126657	0.00704805	0.0322938	8.6E-01	0.013496	9.1E-01
rs748483	4	952409	0.00822297	A	G	0.892289	0.99682	0.104699	7.5E-01	0.00265839	0.00664579	0.160009	6.9E-01	0.0429683	8.4E-01
rs917681	4	13247539	0.271091	C	T	0.699846	0.993933	0.00912374	9.2E-01	-0.000232302	0.00449006	0.00267671	9.6E-01	0.0120081	9.1E-01
rs7663994	4	15353649	0.298855	C	G	0.644674	0.999402	0.942173	3.3E-01	-0.00322672	0.00429466	0.564501	4.5E-01	0.575102	4.5E-01
rs7692990	4	26007090	0.455953	C	T	0.441312	0.992624	1.28513	2.6E-01	-0.00444491	0.00415419	1.14486	2.8E-01	1.354	2.4E-01
rs73245728	4	26206514	0.460458	A	C	0.93585	0.981901	0.0358412	8.5E-01	-0.000878019	0.0084874	0.0107018	9.2E-01	0.00324784	9.5E-01
rs11935857	4	56204865	0.730139	C	A	0.812475	0.979003	2.00448	1.6E-01	-0.0073009	0.00531648	1.88584	1.7E-01	1.65677	2.0E-01
rs3017896	4	89533004	1.04795	G	C	0.704288	1	0.143386	7.0E-01	0.00173703	0.00449682	0.149211	7.0E-01	0.0489421	8.2E-01
rs10021465	4	89750361	1.04993	A	G	0.668796	0.991313	4.88357	2.7E-02	0.00927435	0.00438516	4.47297	3.4E-02	4.71381	3.0E-02
rs13109404	4	102896591	1.15605	T	G	0.927918	0.985952	0.369876	5.4E-01	0.00413866	0.00799362	0.26806	6.0E-01	0.296594	5.9E-01
rs12647922	4	106063987	1.17944	C	T	0.795209	0.998343	3.22034	7.3E-02	-0.0089836	0.00509454	3.1095	7.8E-02	3.03579	8.1E-02
rs7655064	4	120106348	1.31331	T	C	0.875575	0.995692	6.88443	8.7E-03	0.0163649	0.0062349	6.88917	8.7E-03	6.58983	1.0E-02
rs7684567	4	122577770	1.33637	T	G	0.694839	0.995022	0.636644	4.2E-01	-0.00258202	0.00447775	0.332505	5.6E-01	0.555656	4.6E-01
rs308447	4	123738546	1.34457	C	T	0.632593	1	0.000243981	9.9E-01	-0.000381523	0.00427843	0.00795195	9.3E-01	0.00857229	9.3E-01
rs13138056	4	125092599	1.35469	A	T	0.472597	0.992452	0.00445753	9.5E-01	0.000843129	0.00413928	0.0414896	8.4E-01	0.00280701	9.6E-01
rs6841006	4	145228728	1.53715	G	A	0.264421	0.987202	0.0811536	7.8E-01	-0.00149806	0.00470641	0.101316	7.5E-01	0.141011	7.1E-01
rs17725600	4	146027434	1.53886	G	T	0.860687	0.971986	0.171171	6.8E-01	-0.00264302	0.00603722	0.191658	6.6E-01	0.217035	6.4E-01
rs1996770	4	157615583	1.66075	T	C	0.630845	0.986917	2.12781	1.4E-01	-0.006552	0.00428442	2.33864	1.3E-01	2.06118	1.5E-01
rs2333496	4	177609609	1.88652	C	T	0.300866	0.995482	2.28387	1.3E-01	0.00693444	0.00449064	2.38455	1.2E-01	2.17363	1.4E-01
rs3107018	5	3975334	0.10127	G	T	0.686484	0.988391	0.0844816	7.7E-01	0.00128684	0.0044606	0.0832271	7.7E-01	0.0078544	9.3E-01
rs3811968	5	32765489	0.512016	C	A	0.707253	0.994212	0.0480462	8.3E-01	-0.00019734	0.00452857	0.00189892	9.7E-01	0.031465	8.6E-01
rs10074193	5	34041686	0.535424	C	T	0.842213	0.998379	0.094283	7.6E-01	-0.00124952	0.00564877	0.04893	8.2E-01	2.87451e-06	1.0E+00
rs6898870	5	53293107	0.644946	G	A	0.739419	0.999245	0.0194472	8.9E-01	-0.000262114	0.00468773	0.00312649	9.6E-01	0.0311856	8.6E-01
rs1559215	5	54867827	0.667887	G	A	0.339937	0.996823	0.293503	5.9E-01	0.00198244	0.00435472	0.207244	6.5E-01	0.157716	6.9E-01
rs61653333	5	55779080	0.679717	G	T	0.970333	0.977169	0.787901	3.7E-01	-0.0104844	0.0122481	0.732736	3.9E-01	0.457866	5.0E-01
rs10514979	5	64607614	0.751787	G	C	0.872667	0.993151	0.326763	5.7E-01	0.00189351	0.00618247	0.0938016	7.6E-01	0.00224176	9.6E-01
rs34592828	5	75996909	0.882256	G	A	0.955474	1	0.090809	7.6E-01	0.00388829	0.00996608	0.152219	7.0E-01	0.254247	6.1E-01
rs9293709	5	76440463	0.890157	T	C	0.423613	0.992813	1.35071	2.5E-01	-0.00397402	0.00417736	0.905016	3.4E-01	0.504226	4.8E-01
rs7734060	5	101780479	1.10738	T	G	0.735256	0.995631	0.522399	4.7E-01	0.00380269	0.00469192	0.65687	4.2E-01	0.401153	5.3E-01
rs2052473	5	118661882	1.27415	T	G	0.74594	0.995141	0.00961365	9.2E-01	-0.000672164	0.0047261	0.0202276	8.9E-01	0.0528283	8.2E-01
rs6897978	5	118789338	1.27483	A	G	0.797726	0.996114	1.22276	2.7E-01	-0.00438539	0.00512122	0.733279	3.9E-01	0.247415	6.2E-01
rs1029472	5	130867733	1.38574	G	A	0.0578241	0.998434	1.91511	1.7E-01	-0.0126598	0.00883251	2.0544	1.5E-01	1.97542	1.6E-01
rs4705870	5	132159134	1.39016	C	T	0.853985	0.993673	0.893526	3.4E-01	-0.00408482	0.00584472	0.488448	4.8E-01	0.279335	6.0E-01
rs10065321	5	141857415	1.48574	C	T	0.583823	0.990853	2.53746	1.1E-01	-0.00653894	0.00419964	2.42432	1.2E-01	3.15935	7.5E-02
rs33999	5	141973349	1.48937	C	G	0.611747	0.9834	2.97627	8.4E-02	-0.00658659	0.00424118	2.41183	1.2E-01	2.76703	9.6E-02
rs10477191	5	142077715	1.49476	A	G	0.949961	0.911257	0.370328	5.4E-01	-0.00684346	0.00987177	0.480575	4.9E-01	0.836154	3.6E-01
rs7714046	5	148550501	1.57405	T	C	0.628474	0.988688	0.0044131	9.5E-01	0.00155882	0.00427407	0.133018	7.2E-01	0.189429	6.6E-01
rs10062458	5	156367092	1.66277	T	C	0.348223	0.985353	41.3829	1.3E-10	-0.028066	0.0043415	41.7909	1.0E-10	41.6814	1.1E-10
rs6879860	5	157879652	1.67625	G	A	0.53925	0.994006	1.03215	3.1E-01	-0.00430883	0.00414055	1.08294	3.0E-01	1.59378	2.1E-01
rs10463020	5	171817717	1.88948	C	T	0.701873	0.996033	1.45441	2.3E-01	-0.00515846	0.00450449	1.31144	2.5E-01	1.26014	2.6E-01
rs322388	5	172156062	1.89703	G	A	0.591887	0.995019	0.045427	8.3E-01	0.00093346	0.00419111	0.049606	8.2E-01	0.00407622	9.5E-01
rs10035782	5	173270328	1.92939	A	G	0.600853	0.984103	1.62789	2.0E-01	0.00542803	0.00423345	1.64397	2.0E-01	1.40308	2.4E-01
rs244711	5	176509193	1.99996	C	T	0.314341	0.866155	0.236768	6.3E-01	0.00203148	0.00476271	0.181934	6.7E-01	0.0601323	8.1E-01
rs1294447	6	6724416	0.18091	T	C	0.493581	0.983229	1.08472	3.0E-01	0.00335064	0.00413965	0.65513	4.2E-01	0.768928	3.8E-01
rs13207230	6	7041700	0.194689	G	A	0.467706	0.982104	1.88563	1.7E-01	-0.00524637	0.00415551	1.59393	2.1E-01	1.15646	2.8E-01
rs7756211	6	20553785	0.409932	G	A	0.682387	0.987745	1.37413	2.4E-01	-0.00556042	0.00443655	1.57081	2.1E-01	1.95001	1.6E-01
rs2294823	6	22596987	0.442173	C	T	0.691378	0.988921	3.2045	7.3E-02	-0.00702694	0.0044839	2.45596	1.2E-01	3.18722	7.4E-02
rs35875210	6	25827484	0.49239	A	G	0.744631	0.999945	0.108414	7.4E-01	0.00161623	0.00471802	0.117351	7.3E-01	0.095657	7.6E-01
rs2394661	6	29672941	0.502055	T	C	0.523232	0.999975	3.93953	4.7E-02	0.0080733	0.00411064	3.8573	5.0E-02	3.406	6.5E-02
rs114376405	6	30770701	0.507083	G	A	0.988645	0.994696	1.33229	2.5E-01	-0.0246463	0.0194385	1.6076	2.0E-01	1.90226	1.7E-01
rs6923504	6	32428186	0.520212	G	C	0.276443	1	2.11835	1.5E-01	-0.00758152	0.00459324	2.72442	9.9E-02	3.33914	6.8E-02
rs10807138	6	34184938	0.545769	G	A	0.203622	0.984523	0.394833	5.3E-01	-0.00281692	0.00513787	0.300595	5.8E-01	0.257124	6.1E-01
rs13215052	6	41681835	0.64368	G	A	0.905448	0.992093	0.445539	5.0E-01	0.0045948	0.00705462	0.424215	5.1E-01	0.471848	4.9E-01
rs6458325	6	43115670	0.668109	C	A	0.555263	0.991189	0.30738	5.8E-01	0.00243407	0.00416178	0.342066	5.6E-01	0.623005	4.3E-01
rs6458349	6	43759789	0.67705	G	A	0.275853	0.996896	0.121031	7.3E-01	-0.00210645	0.00459885	0.2098	6.5E-01	0.207488	6.5E-01
rs7357014	6	43821720	0.680233	A	G	0.699989	0.995614	0.800568	3.7E-01	-0.00435953	0.00448937	0.942993	3.3E-01	0.877466	3.5E-01
rs969693	6	80587739	0.919139	C	T	0.400483	0.992017	0.000342868	9.9E-01	0.000113394	0.0042186	0.000722506	9.8E-01	0.00770731	9.3E-01
rs9352801	6	80817468	0.920926	G	T	0.553049	0.99904	0.116755	7.3E-01	-0.00171437	0.00413572	0.171833	6.8E-01	0.374879	5.4E-01
rs4706852	6	81284507	0.922075	A	G	0.662691	0.966467	2.12447	1.4E-01	0.00667625	0.00441779	2.28378	1.3E-01	1.92999	1.6E-01
rs9341990	6	85391568	0.949845	A	G	0.416806	0.99851	6.32408	1.2E-02	0.0100163	0.00417472	5.7565	1.6E-02	5.46849	1.9E-02
rs6924944	6	100597579	1.0811	A	T	0.244413	0.981159	6.03144	1.4E-02	0.0117337	0.00483658	5.88568	1.5E-02	6.50863	1.1E-02
rs11757455	6	112522852	1.21199	G	A	0.932628	1	0.932167	3.3E-01	0.00630671	0.0081808	0.594313	4.4E-01	0.460797	5.0E-01
rs72969772	6	126187585	1.32503	A	G	0.980652	1	0.147971	7.0E-01	-0.00533097	0.0149405	0.127316	7.2E-01	0.016939	9.0E-01
rs9986505	6	126445558	1.32603	A	G	0.674967	0.991308	0.990115	3.2E-01	0.00351221	0.00439971	0.637256	4.2E-01	0.575078	4.5E-01
rs74949497	6	126812007	1.32699	A	C	0.975508	1	0.00461014	9.5E-01	0.00191889	0.0133669	0.020608	8.9E-01	0.0161299	9.0E-01
rs139242696	6	127414440	1.32797	T	C	0.974997	0.948341	0.0270227	8.7E-01	0.00370294	0.0134998	0.0752379	7.8E-01	0.0774408	7.8E-01
rs9321204	6	130311831	1.35934	A	G	0.403225	0.957358	1.1835	2.8E-01	-0.00401096	0.00427212	0.881475	3.5E-01	0.796462	3.7E-01
rs7766444	6	139806747	1.50278	A	C	0.677797	1	1.60845	2.0E-01	-0.00557311	0.00440728	1.59902	2.1E-01	1.42891	2.3E-01
rs653468	6	139842563	1.5032	G	A	0.670038	0.989353	0.757353	3.8E-01	0.00385168	0.00440125	0.765857	3.8E-01	0.55074	4.6E-01
rs998075	6	160468278	1.77084	A	G	0.533909	0.994008	45.6016	1.4E-11	0.0273597	0.00413386	43.8038	3.6E-11	42.973	5.6E-11
rs381194	6	160712194	1.77418	G	A	0.528607	0.996792	1.3284	2.5E-01	-0.00509158	0.00412282	1.52516	2.2E-01	1.57918	2.1E-01
rs2158828	7	14227425	0.264083	A	G	0.825893	0.993584	3.03965	8.1E-02	-0.00961096	0.00542973	3.13313	7.7E-02	3.4772	6.2E-02
rs960589	7	25823647	0.43812	A	C	0.837373	0.976235	0.0213174	8.8E-01	-0.000487466	0.00563269	0.00748956	9.3E-01	0.00761991	9.3E-01
rs12671127	7	26309246	0.44373	C	T	0.632826	0.988487	0.407672	5.2E-01	-0.002082	0.0042782	0.236832	6.3E-01	0.33932	5.6E-01
rs3823764	7	27187753	0.451849	C	T	0.158387	0.996639	4.18938	4.1E-02	0.0117508	0.0056398	4.34119	3.7E-02	3.48516	6.2E-02
rs10245867	7	28142186	0.462806	G	T	0.668264	0.99625	1.93012	1.6E-01	0.00695046	0.00437805	2.52038	1.1E-01	3.22498	7.3E-02
rs17172095	7	42665355	0.680121	A	G	0.679757	0.995026	0.00162119	9.7E-01	0.000320844	0.00441244	0.00528726	9.4E-01	0.00293982	9.6E-01
rs17725246	7	44581986	0.698744	T	C	0.817254	0.999146	27.3643	1.7E-07	-0.0285895	0.00530853	29.0045	7.2E-08	31.7665	1.7E-08
rs3110697	7	45955029	0.715313	A	G	0.424078	1	0.724234	3.9E-01	0.00351387	0.00416795	0.710762	4.0E-01	1.08326	3.0E-01
rs71556711	7	72854549	0.899611	C	T	0.909227	1	2.54818	1.1E-01	0.0105808	0.00714803	2.19112	1.4E-01	2.05722	1.5E-01
rs181981038	7	72890241	0.899613	G	A	0.93441	0.981953	0.0516286	8.2E-01	-0.00149283	0.00835514	0.0319237	8.6E-01	0.00118227	9.7E-01
rs2052162	7	77171617	0.936702	T	C	0.392075	0.99406	1.70897	1.9E-01	-0.00565371	0.00422007	1.79485	1.8E-01	1.37263	2.4E-01
rs9649071	7	84524701	1.03046	A	G	0.746512	0.995148	0.000225184	9.9E-01	-0.000339328	0.00473195	0.00514231	9.4E-01	0.111179	7.4E-01
rs2158045	7	93082708	1.09422	C	T	0.524967	0.990979	2.54294	1.1E-01	0.00690304	0.00413631	2.78519	9.5E-02	2.79766	9.4E-02
rs411844	7	101692403	1.17334	G	A	0.178199	0.989998	0.11134	7.4E-01	0.00157174	0.00539093	0.0850027	7.7E-01	0.193582	6.6E-01
rs2385537	7	104755514	1.19856	C	A	0.841799	1	0.84474	3.6E-01	-0.00626126	0.00562025	1.24112	2.7E-01	1.01487	3.1E-01
rs1544474	7	107612629	1.24618	A	G	0.548606	1	0.287619	5.9E-01	0.00184513	0.0041301	0.199588	6.6E-01	0.19165	6.6E-01
rs13226446	7	116888161	1.32093	A	G	0.945828	1	0.138386	7.1E-01	-0.00314106	0.00909674	0.119228	7.3E-01	0.0194635	8.9E-01
rs2968349	7	120726926	1.33679	A	C	0.536077	0.996003	0.249747	6.2E-01	0.00117557	0.00413634	0.0807722	7.8E-01	0.305286	5.8E-01
rs12154627	7	130422934	1.4017	T	C	0.50585	0.97487	2.76236	9.7E-02	0.00651001	0.00415917	2.44991	1.2E-01	1.48797	2.2E-01
rs2980436	8	8092025	0.237424	G	A	0.545084	0.992022	0.478158	4.9E-01	-0.00148562	0.00415003	0.128147	7.2E-01	0.0380964	8.5E-01
rs9969455	8	12617155	0.332045	A	G	0.621264	0.941422	0.96532	3.3E-01	0.00448086	0.00437448	1.04923	3.1E-01	1.19526	2.7E-01
rs11989744	8	23567463	0.545466	C	T	0.756869	0.996643	0.00894485	9.2E-01	-0.00123232	0.00479961	0.0659225	8.0E-01	0.0279894	8.7E-01
rs78657590	8	25374102	0.563887	T	G	0.959447	0.998975	0.519713	4.7E-01	-0.00586041	0.0104188	0.316388	5.7E-01	0.167129	6.8E-01
rs112615738	8	25379182	0.563887	C	T	0.924846	0.998313	0.551167	4.6E-01	-0.0047957	0.00779898	0.378118	5.4E-01	0.267883	6.0E-01
rs11783974	8	25748695	0.572236	C	T	0.485102	0.994896	0.0681861	7.9E-01	0.00114091	0.00411774	0.0767687	7.8E-01	0.0341224	8.5E-01
rs55704109	8	59323247	0.819013	G	A	0.506918	0.919152	23.8264	1.1E-06	0.0200542	0.00429087	21.8435	3.0E-06	26.7438	2.3E-07
rs10504430	8	69559835	0.903728	A	C	0.811769	0.988802	0.190715	6.6E-01	-0.0034681	0.00528757	0.430201	5.1E-01	0.48996	4.8E-01
rs17697852	8	71927795	0.936897	T	G	0.906746	0.996851	3.96859	4.6E-02	0.0147478	0.00709388	4.32204	3.8E-02	4.73099	3.0E-02
rs4738139	8	72407665	0.950149	A	G	0.612961	0.993095	0.142496	7.1E-01	0.000844331	0.0042312	0.0398197	8.4E-01	0.0848984	7.7E-01
rs4147332	8	89280863	1.08332	G	C	0.323417	0.995784	0.011234	9.2E-01	0.000688224	0.00439807	0.0244871	8.8E-01	0.0022843	9.6E-01
rs4871058	8	121342846	1.36475	A	C	0.559535	0.998771	0.350916	5.5E-01	-0.00161982	0.00414351	0.152826	7.0E-01	0.238208	6.3E-01
rs144435165	8	126419938	1.45107	G	C	0.945037	0.785853	3.67848	5.5E-02	-0.0216927	0.0101622	4.55672	3.3E-02	5.99638	1.4E-02
rs2954030	8	126491304	1.45329	T	C	0.363069	0.993298	25.2523	5.0E-07	0.0215805	0.00428907	25.3161	4.9E-07	27.2636	1.8E-07
rs13262081	8	128284766	1.4896	G	C	0.809711	0.995781	1.6415	2.0E-01	-0.0056891	0.00524308	1.17737	2.8E-01	1.57291	2.1E-01
rs79116087	9	17137405	0.365515	C	T	0.929634	0.981644	1.02652	3.1E-01	-0.00629349	0.00811572	0.601352	4.4E-01	0.604028	4.4E-01
rs73650963	9	93943033	1.11642	T	C	0.891543	0.990174	0.329085	5.7E-01	-0.00322612	0.00663287	0.236569	6.3E-01	0.254594	6.1E-01
rs9299401	9	94940133	1.12583	C	T	0.655465	0.998477	2.70482	1.0E-01	0.00738845	0.00434007	2.8981	8.9E-02	2.86557	9.0E-02
rs4743305	9	101760026	1.18739	T	C	0.629001	0.995307	2.76822	9.6E-02	0.00679944	0.0042651	2.54148	1.1E-01	3.66109	5.6E-02
rs2777806	9	107572119	1.23853	T	G	0.919367	0.992866	12.0998	5.0E-04	0.0266333	0.00756742	12.3867	4.3E-04	11.275	7.9E-04
rs4149275	9	107638507	1.24287	A	G	0.830894	0.973164	0.0338007	8.5E-01	0.00123403	0.00555956	0.0492688	8.2E-01	0.045665	8.3E-01
rs2791952	9	107682517	1.24564	T	C	0.100262	1	0.0116752	9.1E-01	-0.00123706	0.00684461	0.0326651	8.6E-01	0.000194035	9.9E-01
rs877544	9	113895745	1.33887	A	T	0.442141	0.993686	6.78909	9.2E-03	-0.0112966	0.00415725	7.38391	6.6E-03	8.02063	4.6E-03
rs6478851	9	131561110	1.55426	G	A	0.758307	1	0.21911	6.4E-01	0.00258718	0.00482133	0.287953	5.9E-01	0.576074	4.5E-01
rs687621	9	136137065	1.66206	A	G	0.681099	1	59.7216	1.1E-14	-0.0331843	0.00441121	56.5912	5.4E-14	55.2979	1.0E-13
rs645838	10	3560515	0.0740542	A	G	0.160732	0.985753	1.64181	2.0E-01	-0.00742845	0.00564445	1.73202	1.9E-01	2.06672	1.5E-01
rs66923674	10	4955702	0.105389	G	T	0.866408	0.989502	0.0230704	8.8E-01	0.000651394	0.00607451	0.0114991	9.1E-01	0.0348779	8.5E-01
rs982004	10	27873231	0.532296	C	T	0.488725	0.997636	0.317759	5.7E-01	-0.00315382	0.00412299	0.585125	4.4E-01	0.748827	3.9E-01
rs2769241	10	32556229	0.605363	T	C	0.168613	0.994424	0.0295369	8.6E-01	-0.000765922	0.00550885	0.0193307	8.9E-01	0.126488	7.2E-01
rs17296943	10	34160764	0.623336	C	G	0.851702	0.9821	1.27346	2.6E-01	-0.00726489	0.0058335	1.55095	2.1E-01	1.95573	1.6E-01
rs10995014	10	63784082	0.859346	T	G	0.964253	0.99699	0.450253	5.0E-01	-0.00818536	0.011111	0.542714	4.6E-01	0.440777	5.1E-01
rs10762666	10	77157489	1.00522	A	G	0.241686	0.984822	9.00311	2.7E-03	-0.0150897	0.00482929	9.76319	1.8E-03	8.83969	2.9E-03
rs7078520	10	80892739	1.06411	A	T	0.740237	0.961858	0.00709211	9.3E-01	-0.000906547	0.00477979	0.0359719	8.5E-01	0.0826719	7.7E-01
rs10887758	10	89603315	1.15934	T	C	0.783692	0.990793	2.19324	1.4E-01	-0.00836524	0.00503022	2.76556	9.6E-02	2.33909	1.3E-01
rs1111875	10	94462882	1.21061	C	T	0.592398	1	0.552647	4.6E-01	0.00293848	0.0041825	0.493596	4.8E-01	0.295864	5.9E-01
rs146147771	10	95298687	1.22089	C	T	0.901719	0.997551	1.65242	2.0E-01	0.00866752	0.0069076	1.57447	2.1E-01	1.23428	2.7E-01
rs11191353	10	104382673	1.30545	A	G	0.599944	0.997917	7.95607	4.8E-03	-0.0112971	0.00419523	7.25141	7.1E-03	9.03083	2.7E-03
rs10885396	10	114711755	1.39689	C	T	0.458904	0.998785	0.0534773	8.2E-01	-0.000222655	0.00412594	0.00291217	9.6E-01	0.0636226	8.0E-01
rs82613	10	119295188	1.46384	T	C	0.426942	0.929607	0.13081	7.2E-01	0.00204433	0.0043156	0.224398	6.4E-01	0.287115	5.9E-01
rs36040970	10	122848990	1.52697	G	C	0.837716	0.991662	0.00086549	9.8E-01	-0.00118399	0.00559602	0.0447646	8.3E-01	0.176903	6.7E-01
rs7635	11	721570	0.0105268	C	T	0.540303	0.973097	0.00348416	9.5E-01	0.00104314	0.00418099	0.0622486	8.0E-01	0.067602	7.9E-01
rs3812762	11	8751640	0.190568	G	C	0.691057	1	0.674053	4.1E-01	0.00287774	0.00445707	0.416872	5.2E-01	0.538679	4.6E-01
rs11042563	11	9964346	0.198452	G	C	0.440344	0.991529	0.199496	6.6E-01	-0.00194715	0.00415584	0.219525	6.4E-01	0.143992	7.0E-01
rs61889189	11	32385875	0.498257	T	G	0.76737	0.997815	0.109023	7.4E-01	0.000902462	0.0048709	0.0343273	8.5E-01	0.0446443	8.3E-01
rs12294763	11	36325764	0.562704	G	A	0.69388	0.955634	0.0934416	7.6E-01	-0.00142829	0.00455694	0.0982392	7.5E-01	0.186425	6.7E-01
rs34312154	11	47470345	0.665294	G	A	0.890322	1	8.46347	3.6E-03	-0.0192801	0.0065743	8.60041	3.4E-03	8.48836	3.6E-03
rs174528	11	61543499	0.703973	T	C	0.622738	0.995598	115.152	7.3E-27	0.0459082	0.00424021	117.221	2.6E-27	124.312	7.2E-29
rs67330701	11	69079707	0.760845	C	T	0.908017	0.929121	0.400634	5.3E-01	-0.00418955	0.00738569	0.321775	5.7E-01	0.0418279	8.4E-01
rs12362685	11	111478720	1.18727	A	T	0.619791	0.997217	0.00712306	9.3E-01	9.74153e-06	0.00424177	5.27424e-06	1.0E+00	0.00622287	9.4E-01
rs1974718	11	116606766	1.26033	G	A	0.0681057	0.999658	17.343	3.1E-05	0.0359053	0.00816571	19.3343	1.1E-05	23.579	1.2E-06
rs12804228	11	126260684	1.42442	A	G	0.915281	0.983631	46.0584	1.1E-11	-0.0523273	0.0074424	49.4346	2.1E-12	46.2363	1.0E-11
rs747249	11	130271647	1.49781	A	G	0.360417	0.986641	0.0187866	8.9E-01	-0.00148354	0.00431407	0.118256	7.3E-01	0.531573	4.7E-01
rs56196860	12	2908330	0.0629825	C	A	0.967952	1	0.360636	5.5E-01	0.00715539	0.0116465	0.377465	5.4E-01	0.267258	6.1E-01
rs10771260	12	26253557	0.45721	A	C	0.609092	0.995844	0.165435	6.8E-01	0.00133448	0.00422214	0.0998988	7.5E-01	0.120779	7.3E-01
rs16915737	12	26403614	0.459048	C	T	0.928801	0.993226	0.0184262	8.9E-01	0.00127206	0.00800816	0.0252319	8.7E-01	0.0221218	8.8E-01
rs10844645	12	33737099	0.546138	C	T	0.612236	0.998433	0.692879	4.1E-01	0.00213521	0.004221	0.255888	6.1E-01	0.541339	4.6E-01
rs11183127	12	45984722	0.590315	T	C	0.769127	0.997415	0.00440861	9.5E-01	0.000344322	0.004873	0.00499271	9.4E-01	0.00676225	9.3E-01
rs2544037	12	48215180	0.613432	A	G	0.580418	0.992711	1.64219	2.0E-01	-0.00635618	0.00417775	2.31477	1.3E-01	2.15025	1.4E-01
rs143198407	12	54226638	0.680969	T	C	0.972028	0.902724	0.972274	3.2E-01	-0.0112043	0.0131523	0.725726	3.9E-01	0.468776	4.9E-01
rs58494653	12	54353102	0.683562	C	G	0.875623	1	10.1503	1.4E-03	0.0178284	0.00624045	8.16192	4.3E-03	8.4078	3.7E-03
rs2277339	12	57146069	0.717337	T	G	0.896292	1	3.10172	7.8E-02	-0.0137951	0.00673814	4.19149	4.1E-02	4.93451	2.6E-02
rs7308561	12	66417277	0.793828	T	C	0.686889	0.990119	0.383018	5.4E-01	0.00235196	0.00444532	0.279934	6.0E-01	0.212742	6.4E-01
rs1388214	12	77901810	0.936483	A	G	0.323754	0.997208	0.225291	6.4E-01	0.00199702	0.00439243	0.206707	6.5E-01	0.159057	6.9E-01
rs10745659	12	94092690	1.0816	C	G	0.555291	0.994516	0.00496055	9.4E-01	-0.000124257	0.00415344	0.000895008	9.8E-01	0.0114793	9.1E-01
rs10778495	12	106991545	1.2616	A	G	0.720903	0.990603	10.482	1.2E-03	-0.0147626	0.0045892	10.3479	1.3E-03	8.74364	3.1E-03
rs10778609	12	108545985	1.27639	A	C	0.742853	1	0.0182481	8.9E-01	0.00185891	0.00470616	0.15602	6.9E-01	0.105404	7.5E-01
rs12817870	12	113516445	1.31248	C	T	0.757872	0.987895	0.309124	5.8E-01	-0.00328094	0.00482439	0.462502	5.0E-01	0.129134	7.2E-01
rs11043299	12	122483139	1.4653	T	C	0.374937	0.862609	0.206364	6.5E-01	0.00204212	0.00456786	0.199864	6.5E-01	0.39517	5.3E-01
rs11613937	12	123520071	1.47156	C	T	0.293515	0.997111	0.000196259	9.9E-01	-0.000257608	0.00453353	0.00322883	9.5E-01	0.13557	7.1E-01
rs180797383	12	124164661	1.47737	T	A	0.967798	0.87352	0.203661	6.5E-01	-0.00462926	0.0124585	0.138067	7.1E-01	0.060041	8.1E-01
rs825461	12	124561803	1.47937	C	T	0.418055	0.998641	0.295346	5.9E-01	-0.00293967	0.00416502	0.498155	4.8E-01	0.583513	4.4E-01
rs73223535	12	124744902	1.48319	T	G	0.940631	0.996243	0.426595	5.1E-01	0.00721148	0.00870269	0.686659	4.1E-01	0.526407	4.7E-01
rs12828318	12	133766122	1.75135	A	G	0.817811	0.994773	1.15231	2.8E-01	0.00530985	0.0053451	0.986853	3.2E-01	1.26894	2.6E-01
rs7993238	13	22473593	0.0544542	A	C	0.630918	0.976757	1.82912	1.8E-01	0.00626658	0.00430743	2.11653	1.5E-01	2.39138	1.2E-01
rs9579574	13	31025634	0.263469	A	G	0.300773	0.992156	1.92698	1.7E-01	-0.00616786	0.00451349	1.86743	1.7E-01	2.0127	1.6E-01
rs10507524	13	44684600	0.468128	T	C	0.905843	0.994143	1.60464	2.1E-01	-0.00804164	0.0070752	1.29185	2.6E-01	1.95543	1.6E-01
rs9526614	13	50443558	0.53659	C	G	0.791108	0.994701	1.02275	3.1E-01	-0.00447221	0.00507395	0.776874	3.8E-01	0.672473	4.1E-01
rs11617234	13	50948954	0.538883	A	G	0.926287	0.984708	0.550455	4.6E-01	-0.00689053	0.007919	0.757121	3.8E-01	0.783965	3.8E-01
rs1239945	13	51107757	0.539575	G	A	0.456329	0.998944	0.286216	5.9E-01	0.0024963	0.00413139	0.365091	5.5E-01	0.463104	5.0E-01
rs682044	13	78057520	0.772271	T	G	0.131808	0.995851	0.221876	6.4E-01	-0.00190658	0.00608427	0.0981964	7.5E-01	0.359646	5.5E-01
rs627527	13	110915135	1.21483	G	A	0.417975	0.983958	0.00384115	9.5E-01	-0.000102864	0.00420232	0.000599163	9.8E-01	0.0237991	8.8E-01
rs4773157	13	110992623	1.22123	C	A	0.727249	0.982597	3.23974	7.2E-02	0.00953153	0.00466537	4.17401	4.1E-02	4.43128	3.5E-02
rs1057119	14	23746269	0.116581	C	G	0.761562	1	5.69967	1.7E-02	0.0120693	0.00481944	6.27144	1.2E-02	6.74341	9.4E-03
rs12435790	14	35154381	0.324801	A	G	0.921633	0.964911	0.135667	7.1E-01	0.0033006	0.00779375	0.179347	6.7E-01	0.0413237	8.4E-01
rs1253682	14	52463153	0.462213	C	T	0.529536	0.995617	0.263788	6.1E-01	-0.00187947	0.0041229	0.207808	6.5E-01	0.129193	7.2E-01
rs6573193	14	58684872	0.537805	T	C	0.344869	0.992731	2.7947	9.5E-02	0.00685946	0.00433527	2.50349	1.1E-01	2.94468	8.6E-02
rs10483820	14	69138371	0.619511	A	G	0.630522	0.99172	0.135113	7.1E-01	0.00132682	0.004289	0.0957	7.6E-01	0.0443725	8.3E-01
rs2526882	14	71374702	0.651568	G	A	0.336003	0.997711	2.20861	1.4E-01	-0.00733931	0.00436	2.83359	9.2E-02	2.7524	9.7E-02
rs1286290	14	91313812	0.881552	G	C	0.385149	0.981585	0.120596	7.3E-01	-0.00127289	0.00425417	0.0895258	7.6E-01	0.309686	5.8E-01
rs8015434	14	98365042	1.02737	C	A	0.468539	0.997757	1.71921	1.9E-01	0.00525572	0.00412244	1.62538	2.0E-01	1.27845	2.6E-01
rs28562771	15	31675913	0.452754	C	A	0.34803	0.979544	0.752272	3.9E-01	0.00422557	0.00435505	0.941423	3.3E-01	1.39275	2.4E-01
rs12900478	15	37368160	0.565158	G	C	0.763108	0.993766	0.0357301	8.5E-01	0.00111229	0.00485047	0.0525855	8.2E-01	0.0541309	8.2E-01
rs2263551	15	40979543	0.629313	G	A	0.496718	0.998608	0.521242	4.7E-01	0.00245151	0.0041225	0.353628	5.5E-01	0.532147	4.7E-01
rs2899470	15	51503677	0.705473	T	G	0.441299	0.998139	0.00477845	9.4E-01	0.000439999	0.00414454	0.0112707	9.2E-01	0.000237306	9.9E-01
rs11630710	15	56364758	0.756318	G	T	0.893036	0.979091	0.961466	3.3E-01	-0.00542786	0.00674109	0.648332	4.2E-01	0.820651	3.6E-01
rs117737827	15	63804248	0.876681	C	T	0.843258	0.99712	1.1003	2.9E-01	0.00585485	0.00566822	1.06694	3.0E-01	1.77234	1.8E-01
rs7497064	15	66990159	0.901829	T	C	0.7565	1	0.0397224	8.4E-01	-0.000155062	0.00480369	0.00104198	9.7E-01	0.0333929	8.6E-01
rs8023330	15	74220599	0.994732	A	G	0.533673	0.994093	0.0872744	7.7E-01	0.00116517	0.00411964	0.0799946	7.8E-01	0.0276684	8.7E-01
rs12905116	15	79042734	1.02295	T	A	0.243151	0.998559	1.36265	2.4E-01	-0.00563475	0.00479028	1.38366	2.4E-01	1.70733	1.9E-01
rs8024294	15	94023132	1.27326	G	A	0.893534	0.984354	0.303324	5.8E-01	0.00499006	0.00672277	0.550954	4.6E-01	0.475961	4.9E-01
rs2654980	15	99504843	1.43056	C	T	0.75401	1	0.561229	4.5E-01	0.00348397	0.00477384	0.532615	4.7E-01	0.399511	5.3E-01
rs2603229	15	100263499	1.44349	T	C	0.24783	0.99299	0.511751	4.7E-01	0.00377603	0.00477636	0.624996	4.3E-01	0.417364	5.2E-01
rs28610092	16	2155819	0.0436929	A	C	0.831908	0.992512	0.478599	4.9E-01	-0.00329111	0.0055247	0.354869	5.5E-01	0.217517	6.4E-01
rs740375	16	4412868	0.0825739	C	G	0.436546	0.994477	0.11688	7.3E-01	-0.000576476	0.0041617	0.0191876	8.9E-01	0.0159978	9.0E-01
rs73577318	16	49847602	0.582083	T	C	0.893989	0.973176	0.185926	6.7E-01	0.00384688	0.00677228	0.322662	5.7E-01	0.166442	6.8E-01
rs2192868	16	53428284	0.643286	G	A	0.549643	0.983829	0.293709	5.9E-01	-0.00251204	0.00417262	0.362439	5.5E-01	0.496919	4.8E-01
rs3730393	16	67226405	0.849683	G	A	0.959467	0.981611	0.0315267	8.6E-01	0.000794741	0.0105232	0.00570369	9.4E-01	0.00244511	9.6E-01
rs310011	16	81471654	1.04471	A	G	0.459339	0.974154	3.19666	7.4E-02	0.00829765	0.00418822	3.9251	4.8E-02	3.50302	6.1E-02
rs4889326	16	81533662	1.04573	C	T	0.781583	1	2.92966	8.7E-02	-0.00882393	0.00496643	3.15672	7.6E-02	3.60384	5.8E-02
rs8076112	17	1612199	0.0581967	A	C	0.824836	0.985586	1.76647	1.8E-01	0.00742512	0.00544659	1.85848	1.7E-01	1.32169	2.5E-01
rs12942967	17	3921834	0.111825	C	T	0.815615	0.995978	0.00391249	9.5E-01	0.000417817	0.00530606	0.00620053	9.4E-01	0.0188084	8.9E-01
rs4151121	17	7342294	0.196019	A	G	0.625168	0.994674	0.585114	4.4E-01	0.00319035	0.00425679	0.561708	4.5E-01	0.694268	4.0E-01
rs1242488	17	17347995	0.443205	C	A	0.250308	0.994678	0.483155	4.9E-01	-0.00231932	0.00474781	0.238635	6.3E-01	0.259295	6.1E-01
rs897456	17	17422608	0.444631	A	G	0.942078	1	4.47393	3.4E-02	-0.0195817	0.00880069	4.95069	2.6E-02	4.75386	2.9E-02
rs7222766	17	27679725	0.495692	A	G	0.483785	1	0.0293464	8.6E-01	0.000280871	0.0041167	0.00465494	9.5E-01	0.164494	6.9E-01
rs9303642	17	29578360	0.501265	T	C	0.699117	0.999507	9.01444	2.7E-03	0.0133858	0.00448065	8.92501	2.8E-03	8.0675	4.5E-03
rs9907244	17	39980900	0.660119	T	C	0.563724	0.983666	2.24537	1.3E-01	-0.00605323	0.00417853	2.09859	1.5E-01	1.96667	1.6E-01
rs10468514	17	43456240	0.686822	A	G	0.598448	0.99546	2.00483	1.6E-01	0.00652766	0.0042115	2.40238	1.2E-01	2.42995	1.2E-01
rs55938136	17	43798360	0.68845	A	G	0.776371	0.999875	5.35949	2.1E-02	-0.0110753	0.00494249	5.02133	2.5E-02	4.66815	3.1E-02
rs62062775	17	44021960	0.690029	G	A	0.765069	0.963414	0.00798839	9.3E-01	-0.000973479	0.00494263	0.0387915	8.4E-01	0.101357	7.5E-01
rs7211277	17	53654467	0.791648	G	A	0.798348	0.999226	0.0110322	9.2E-01	0.000506235	0.00513246	0.00972866	9.2E-01	0.0927326	7.6E-01
rs227734	17	54767470	0.807961	C	T	0.705592	0.996371	0.000234837	9.9E-01	0.00074309	0.00450758	0.0271767	8.7E-01	0.183304	6.7E-01
rs1000423	17	59475642	0.870966	C	T	0.266359	0.997908	1.53762	2.1E-01	0.00581716	0.00465483	1.56176	2.1E-01	1.32926	2.5E-01
rs12450700	17	65368899	0.93572	T	G	0.599546	1	1.74817	1.9E-01	0.00518056	0.00421164	1.51304	2.2E-01	1.3875	2.4E-01
rs236571	17	68224214	0.981608	T	C	0.579338	0.994747	1.53314	2.2E-01	0.00554313	0.00417609	1.76185	1.8E-01	1.93355	1.6E-01
rs9899174	17	73249256	1.09811	G	A	0.300739	0.995636	0.0389019	8.4E-01	-0.00149368	0.00447909	0.111208	7.4E-01	0.282705	5.9E-01
rs35568625	17	79906748	1.2711	T	C	0.468095	0.986934	0.558709	4.5E-01	-0.0033292	0.00415847	0.640932	4.2E-01	0.597198	4.4E-01
rs3810068	18	2846499	0.0738566	T	C	0.595835	1	10.4588	1.2E-03	0.0124801	0.0041813	8.90873	2.8E-03	10.0526	1.5E-03
rs4445996	18	20686403	0.42904	A	G	0.0906024	0.99743	1.76739	1.8E-01	0.0101995	0.00719004	2.01232	1.6E-01	2.14828	1.4E-01
rs6507588	18	42419103	0.621385	C	T	0.871061	0.984573	0.101943	7.5E-01	-0.00208962	0.00618033	0.114318	7.4E-01	0.134113	7.1E-01
rs357897	18	46584184	0.687094	C	T	0.152899	0.998869	0.511284	4.7E-01	0.00481433	0.00571042	0.71078	4.0E-01	0.56251	4.5E-01
rs12454712	18	60845884	0.867586	T	C	0.623677	1	2.19814	1.4E-01	0.00596291	0.00423361	1.98378	1.6E-01	1.67303	2.0E-01
rs12979965	19	2131148	0.0753026	A	G	0.499421	0.991113	1.72196	1.9E-01	0.00616722	0.00412245	2.23804	1.3E-01	2.58779	1.1E-01
rs8887	19	4502201	0.151456	T	C	0.429482	0.976879	3.54924	6.0E-02	0.00798626	0.00417727	3.65512	5.6E-02	4.00471	4.5E-02
rs12973279	19	7207796	0.229604	C	A	0.25493	0.988505	0.320825	5.7E-01	0.00281505	0.00473504	0.353447	5.5E-01	0.349706	5.5E-01
rs889129	19	10070954	0.303184	T	A	0.123141	0.971029	0.00601408	9.4E-01	-2.50639e-05	0.00633832	1.56369e-05	1.0E+00	0.003217	9.5E-01
rs17766692	19	11342599	0.323489	C	T	0.940667	0.993783	0.532965	4.7E-01	0.00779542	0.00869935	0.80298	3.7E-01	0.921472	3.4E-01
rs17885551	19	18179672	0.447176	T	C	0.787767	0.995941	0.000529157	9.8E-01	-0.000568092	0.00502107	0.012801	9.1E-01	0.0162016	9.0E-01
rs73001065	19	19460541	0.462151	G	C	0.930303	0.994964	146.247	1.1E-33	0.0981644	0.00807249	147.874	5.1E-34	148.751	3.3E-34
rs8111715	19	33777725	0.560349	G	A	0.816781	0.899887	1.53258	2.2E-01	0.00602219	0.00558049	1.16457	2.8E-01	1.22437	2.7E-01
rs142183293	19	33815690	0.561736	G	A	0.988446	0.92253	0.0351636	8.5E-01	-0.00540098	0.0199538	0.0732648	7.9E-01	0.133696	7.1E-01
rs17530508	19	33860858	0.561933	C	T	0.827431	0.986076	5.81282	1.6E-02	-0.0130579	0.00545873	5.7222	1.7E-02	6.08517	1.4E-02
rs62116588	19	44446097	0.68736	C	G	0.976367	0.933368	54.2282	1.8E-13	0.103417	0.01399	54.6451	1.4E-13	57.9953	2.6E-14
rs28550459	19	45037783	0.693461	T	A	0.964694	0.862461	65.5786	5.6E-16	0.0963342	0.0119591	64.8875	7.9E-16	67.7648	1.8E-16
rs73048351	19	45160086	0.697689	C	A	0.989801	0.91554	132.329	1.3E-30	0.251413	0.0213667	138.452	5.8E-32	140.606	2.0E-32
rs139326841	19	45269725	0.701551	T	C	0.978975	0.821408	36.1688	1.8E-09	-0.0942276	0.0157428	35.8256	2.2E-09	38.0554	6.9E-10
rs3745150	19	45385759	0.706836	G	C	0.606976	0.977556	123.278	1.2E-28	-0.0467776	0.0042479	121.263	3.3E-28	121.948	2.4E-28
rs146390218	19	45478352	0.709104	A	G	0.973617	0.966351	319.507	1.9E-71	0.235236	0.0130028	327.289	3.7E-73	335.58	5.9E-75
rs141651018	19	46042665	0.717068	C	T	0.969906	0.964852	80.6511	2.7E-19	0.110701	0.0122019	82.3083	1.2E-19	84.9456	3.1E-20
rs151235402	20	569164	0.0196907	C	T	0.984501	0.956324	1.39343	2.4E-01	0.0189111	0.0170242	1.23397	2.7E-01	1.43965	2.3E-01
rs2664375	20	5654126	0.19027	C	A	0.731372	0.963021	2.05714	1.5E-01	0.00700632	0.00472238	2.20119	1.4E-01	1.75344	1.9E-01
rs8126025	20	6480713	0.213787	A	C	0.761313	0.987748	4.33305	3.7E-02	0.00948317	0.00484384	3.83291	5.0E-02	2.4904	1.1E-01
rs6047259	20	21098319	0.480462	C	T	0.378645	0.990815	2.71926	9.9E-02	-0.00779918	0.00426093	3.35035	6.7E-02	2.77254	9.6E-02
rs112928119	20	33726451	0.537689	C	T	0.787836	0.995325	0.121312	7.3E-01	0.00291461	0.00503969	0.334466	5.6E-01	0.373366	5.4E-01
rs13037366	20	38889128	0.585257	T	C	0.708362	0.997929	2.87075	9.0E-02	0.00793564	0.00453379	3.06367	8.0E-02	3.25527	7.1E-02
rs6016511	20	39709255	0.597567	T	C	0.67815	0.999652	16.4706	4.9E-05	-0.0180267	0.00438806	16.8767	4.0E-05	20.3213	6.5E-06
rs11699991	20	45489407	0.689702	T	A	0.670631	0.988835	1.91901	1.7E-01	0.00785683	0.00440045	3.18787	7.4E-02	3.52594	6.0E-02
rs1999536	20	45581777	0.691337	G	C	0.429504	0.994672	1.52025	2.2E-01	0.00371829	0.0041632	0.797688	3.7E-01	1.17817	2.8E-01
rs7271567	20	50871810	0.791153	G	A	0.901241	0.995145	0.0616233	8.0E-01	-0.00238106	0.00691678	0.118504	7.3E-01	0.698226	4.0E-01
rs1936966	20	51691779	0.801626	C	T	0.672248	0.982215	1.8016	1.8E-01	-0.00606765	0.00443333	1.87319	1.7E-01	2.24	1.3E-01
rs2105063	20	62690683	1.09651	C	T	0.438477	1	3.85002	5.0E-02	0.0081469	0.00415056	3.85276	5.0E-02	3.74574	5.3E-02
rs28451064	21	35593827	0.362865	G	A	0.868938	0.957975	5.58273	1.8E-02	0.0152492	0.00623	5.99122	1.4E-02	6.21147	1.3E-02
rs4507181	21	36748497	0.391139	A	C	0.445998	0.990087	0.849792	3.6E-01	-0.00376783	0.00414818	0.825023	3.6E-01	0.691932	4.1E-01
rs2836140	21	39452670	0.432405	C	T	0.518718	1	2.19107	1.4E-01	0.00686431	0.00413158	2.76033	9.7E-02	3.5904	5.8E-02
rs2330396	21	47524380	0.643685	A	C	0.491749	0.996498	5.70622	1.7E-02	-0.00968562	0.00410025	5.58	1.8E-02	4.99393	2.5E-02
rs9613412	22	27647065	0.308304	C	A	0.905777	0.972438	1.74064	1.9E-01	0.00919779	0.00714965	1.655	2.0E-01	1.82805	1.8E-01
rs2283847	22	28181399	0.334885	C	T	0.447854	0.951267	3.21266e-05	1.0E+00	-0.00052873	0.00425006	0.0154767	9.0E-01	0.00822164	9.3E-01
rs9625551	22	29140529	0.338663	G	A	0.979024	0.995212	0.0276843	8.7E-01	-0.00111732	0.0143911	0.00602797	9.4E-01	0.000263532	9.9E-01
rs5997898	22	31572963	0.355537	A	C	0.420656	0.998342	0.000921287	9.8E-01	0.000890696	0.00416878	0.0456501	8.3E-01	0.000355252	9.8E-01
rs801597	22	47190735	0.614737	T	G	0.275448	0.998113	0.00203784	9.6E-01	-0.000719758	0.00460058	0.0244764	8.8E-01	0.0252511	8.7E-01
