SNP	CHR	BP	GENPOS	ALLELE1	ALLELE0	A1FREQ	INFO	CHISQ_LINREG	P_LINREG	BETA	SE	CHISQ_BOLT_LMM_INF	P_BOLT_LMM_INF	CHISQ_BOLT_LMM	P_BOLT_LMM
rs10797373	1	2904056	0.0397888	G	A	0.307709	0.992548	2.86203	9.1E-02	-0.00857934	0.00435357	3.88343	4.9E-02	3.5998	5.8E-02
rs1294014	1	9325676	0.18921	C	T	0.731267	0.974098	12.1477	4.9E-04	0.013986	0.00458033	9.32377	2.3E-03	8.48415	3.6E-03
rs2268177	1	22415410	0.442927	A	T	0.826867	0.999403	0.303562	5.8E-01	0.00337471	0.00528742	0.407366	5.2E-01	0.667744	4.1E-01
rs77604500	1	23286202	0.460813	C	A	0.931028	0.983422	0.326768	5.7E-01	0.00468506	0.00795553	0.34681	5.6E-01	0.303014	5.8E-01
rs2997447	1	26387423	0.495055	G	A	0.788926	0.978799	2.80266	9.4E-02	-0.00876295	0.00494665	3.13818	7.6E-02	3.97536	4.6E-02
rs61779310	1	39942297	0.670037	C	G	0.766719	1	41.2715	1.3E-10	0.0315372	0.00473273	44.4039	2.7E-11	48.386	3.5E-12
rs12084054	1	51242141	0.76307	C	T	0.911968	0.999771	3.59164	5.8E-02	-0.0134567	0.00705464	3.63853	5.6E-02	5.07837	2.4E-02
rs624698	1	62900811	0.92277	A	G	0.582759	0.969721	251.268	1.4E-56	-0.0664238	0.00411955	259.985	1.7E-58	269.716	1.3E-60
rs10873710	1	86072216	1.1498	G	A	0.56595	0.976243	6.56958	1.0E-02	0.00973216	0.00408553	5.67443	1.7E-02	4.53346	3.3E-02
rs6577334	1	103214274	1.32929	G	A	0.616402	0.991239	0.0323054	8.6E-01	-0.000262404	0.0041277	0.00404133	9.5E-01	0.158584	6.9E-01
rs3789615	1	114941326	1.46309	C	T	0.566995	0.997575	4.42951	3.5E-02	-0.0074405	0.00404244	3.3878	6.6E-02	5.02014	2.5E-02
rs59051938	1	118850501	1.50636	G	T	0.745314	0.991396	2.75522	9.7E-02	0.00729697	0.0046112	2.50413	1.1E-01	2.42669	1.2E-01
rs116821116	1	119126235	1.5082	C	T	0.960655	0.922053	2.46138	1.2E-01	0.0141059	0.0106867	1.74226	1.9E-01	1.63783	2.0E-01
rs140609054	1	119864893	1.51178	C	T	0.979764	0.97475	0.207685	6.5E-01	-0.0105387	0.0144138	0.534582	4.6E-01	0.355837	5.5E-01
rs11204758	1	150991221	1.65939	A	G	0.789313	0.991156	1.30136	2.5E-01	0.00418476	0.00492579	0.721754	4.0E-01	0.994511	3.2E-01
rs951240	1	154793763	1.69623	A	G	0.736909	1	3.01591	8.2E-02	0.00862729	0.00454229	3.60744	5.8E-02	3.95509	4.7E-02
rs1050316	1	156434703	1.7062	G	T	0.348504	0.995583	0.462069	5.0E-01	-0.00318133	0.00421299	0.570212	4.5E-01	0.575435	4.5E-01
rs2486425	1	163662479	1.8151	G	T	0.599038	0.997834	2.85444	9.1E-02	0.00769723	0.00408362	3.55285	5.9E-02	2.90601	8.8E-02
rs12098218	1	164740891	1.83762	C	T	0.879528	0.986123	0.501213	4.8E-01	-0.00381574	0.00620051	0.378707	5.4E-01	0.046169	8.3E-01
rs17345893	1	170171874	1.91645	C	T	0.933686	0.998406	3.48964	6.2E-02	0.0134225	0.00804338	2.78479	9.5E-02	2.7691	9.6E-02
rs10919359	1	170321312	1.91759	T	C	0.636418	0.999798	0.844373	3.6E-01	0.00382203	0.00416019	0.844036	3.6E-01	0.731985	3.9E-01
rs17361789	1	172122601	1.93709	T	G	0.67666	0.979392	0.0403759	8.4E-01	-0.000655193	0.00432239	0.0229768	8.8E-01	0.0560946	8.1E-01
rs1325598	1	176792249	1.97626	A	G	0.453527	1	1.91175	1.7E-01	0.00601394	0.004018	2.24026	1.3E-01	2.97501	8.5E-02
rs4465240	1	199764832	2.16442	C	T	0.435085	0.991154	4.75609	2.9E-02	-0.00907637	0.00405846	5.00151	2.5E-02	3.98744	4.6E-02
rs36043408	1	203511492	2.22297	G	A	0.497481	0.997049	2.19051	1.4E-01	-0.00555095	0.00400664	1.91944	1.7E-01	1.43284	2.3E-01
rs4951159	1	205012106	2.25304	G	C	0.090518	0.967	1.97953	1.6E-01	0.0104754	0.0070917	2.18193	1.4E-01	2.44015	1.2E-01
rs61821643	1	219268532	2.43532	T	C	0.974018	0.889659	10.8566	9.8E-04	0.0426718	0.0133411	10.2305	1.4E-03	10.9271	9.5E-04
rs12740837	1	219623230	2.43692	G	A	0.983525	0.959021	0.631896	4.3E-01	0.012488	0.0160193	0.607713	4.4E-01	0.354263	5.5E-01
rs72732565	1	219687493	2.43716	A	G	0.988065	1	1.25928	2.6E-01	-0.0182191	0.0184742	0.972569	3.2E-01	1.59198	2.1E-01
rs4631704	1	230293530	2.53595	C	T	0.391683	0.985874	36.5626	1.5E-09	-0.0260107	0.00412745	39.7136	2.9E-10	41.849	9.9E-11
rs1815892	2	9616728	0.208415	G	T	0.406069	0.996841	0.591655	4.4E-01	0.00375994	0.00407401	0.851764	3.6E-01	0.618568	4.3E-01
rs711869	2	13073967	0.297329	G	A	0.442035	0.983109	0.376391	5.4E-01	0.0015534	0.00406517	0.146019	7.0E-01	0.0787055	7.8E-01
rs12619592	2	23971415	0.452815	C	A	0.85409	0.999619	0.0302402	8.6E-01	0.000170672	0.00567873	0.000903284	9.8E-01	0.000249856	9.9E-01
rs2702132	2	24698726	0.456129	G	A	0.0969677	0.983629	0.0766374	7.8E-01	-0.00195993	0.00681957	0.0825976	7.7E-01	0.0808413	7.8E-01
rs727805	2	37862717	0.612603	A	C	0.780201	0.985049	2.29803	1.3E-01	0.00824614	0.00486103	2.87769	9.0E-02	2.00926	1.6E-01
rs80323638	2	43469615	0.682441	G	A	0.900423	0.984528	0.0840367	7.7E-01	-0.00257906	0.0067316	0.146786	7.0E-01	0.240353	6.2E-01
rs4131886	2	48965022	0.765302	A	C	0.732392	0.994242	7.71815	5.5E-03	0.0119606	0.00454359	6.92961	8.5E-03	9.16365	2.5E-03
rs2717063	2	58110969	0.847489	C	A	0.413983	0.989245	5.24695	2.2E-02	0.00921182	0.00408517	5.08476	2.4E-02	5.82856	1.6E-02
rs17681189	2	65976175	0.914128	C	A	0.577572	0.997123	0.689647	4.1E-01	-0.00277408	0.00405551	0.467893	4.9E-01	0.930637	3.3E-01
rs1549383	2	66167564	0.916627	G	A	0.673718	0.996964	0.0221436	8.8E-01	-0.000376563	0.00428349	0.00772819	9.3E-01	0.0423542	8.4E-01
rs3890755	2	66744603	0.924308	C	T	0.477091	0.981761	5.72866e-05	9.9E-01	0.00100251	0.00404121	0.0615402	8.0E-01	0.0968038	7.6E-01
rs11123788	2	100205498	1.21955	A	C	0.324943	0.986149	4.04314	4.4E-02	-0.00771712	0.00430142	3.21876	7.3E-02	3.33338	6.8E-02
rs72946301	2	111861838	1.33125	G	A	0.904588	0.964859	12.4776	4.1E-04	-0.0247875	0.0069338	12.7797	3.5E-04	14.9873	1.1E-04
rs58099056	2	112156865	1.33603	C	T	0.433037	0.765973	0.142509	7.1E-01	-0.00147984	0.00460378	0.103324	7.5E-01	0.229915	6.3E-01
rs4571059	2	114599209	1.35996	C	T	0.38914	0.997618	3.42747	6.4E-02	0.0086502	0.0041186	4.41117	3.6E-02	3.88314	4.9E-02
rs1527418	2	119540832	1.39651	T	G	0.352372	0.9994	3.62569	5.7E-02	-0.00777079	0.00417952	3.45682	6.3E-02	4.52166	3.3E-02
rs78876301	2	158234589	1.75901	A	C	0.987135	0.782415	0.087536	7.7E-01	-0.0114381	0.0201044	0.323685	5.7E-01	0.113842	7.4E-01
rs2198562	2	158465673	1.76316	C	G	0.946945	0.98702	0.0299155	8.6E-01	-0.000769225	0.0089734	0.0073484	9.3E-01	0.0235649	8.8E-01
rs78343493	2	165502911	1.8149	G	A	0.879696	0.994826	53.5607	2.5E-13	-0.0430691	0.00616077	48.872	2.7E-12	44.4025	2.7E-11
rs142657805	2	165570358	1.81517	T	C	0.984821	0.93372	5.40259	2.0E-02	0.0416767	0.0168956	6.08474	1.4E-02	7.25154	7.1E-03
rs72882321	2	172298662	1.8972	C	T	0.821515	0.98752	0.0744873	7.8E-01	0.0014609	0.00526511	0.0769888	7.8E-01	0.233728	6.3E-01
rs13412001	2	187720020	2.04017	T	G	0.669822	0.998277	4.89448	2.7E-02	-0.00912165	0.0042614	4.58187	3.2E-02	4.81385	2.8E-02
rs752919	2	206959970	2.2004	G	A	0.580196	0.999388	0.509291	4.8E-01	-0.00235707	0.00405764	0.337442	5.6E-01	0.49625	4.8E-01
rs1250248	2	216287093	2.28549	A	G	0.271229	0.996374	0.158142	6.9E-01	0.0023668	0.00451347	0.274981	6.0E-01	0.397208	5.3E-01
rs2373074	2	218381350	2.32413	C	T	0.903259	0.998908	0.496134	4.8E-01	0.00584382	0.00677863	0.743207	3.9E-01	0.46059	5.0E-01
rs6756793	2	225028919	2.42506	T	C	0.557892	0.993621	0.817721	3.7E-01	-0.00366209	0.00404036	0.821517	3.6E-01	0.607287	4.4E-01
rs35419826	2	239719323	2.67375	G	A	0.81942	0.987245	3.08723e-05	1.0E+00	-0.00175227	0.00523092	0.112214	7.4E-01	0.00642106	9.4E-01
rs346070	3	11303874	0.281373	T	C	0.17381	0.995354	3.78134	5.2E-02	0.0109917	0.0053046	4.29365	3.8E-02	5.43034	2.0E-02
rs2600271	3	12036176	0.296828	T	C	0.171488	1	0.220626	6.4E-01	0.00504353	0.00531163	0.901597	3.4E-01	0.632732	4.3E-01
rs6763925	3	12515602	0.299217	T	C	0.704596	0.990971	4.94281	2.6E-02	-0.00941448	0.00440704	4.56351	3.3E-02	3.59994	5.8E-02
rs10490869	3	35635145	0.595764	A	T	0.789179	0.990849	3.25127	7.1E-02	0.00797171	0.00492227	2.62284	1.1E-01	3.93891	4.7E-02
rs2844360	3	37571178	0.612433	A	G	0.405592	0.99991	0.798252	3.7E-01	0.00353044	0.00408081	0.748451	3.9E-01	1.16048	2.8E-01
rs79506763	3	43736378	0.664873	T	G	0.970457	0.974761	2.89803	8.9E-02	-0.0178553	0.0119746	2.22338	1.4E-01	1.99102	1.6E-01
rs11926707	3	46925539	0.687568	T	C	0.379205	0.985514	12.5099	4.0E-04	0.0138469	0.00415084	11.1283	8.5E-04	13.3419	2.6E-04
rs4858828	3	48724811	0.68972	C	T	0.348576	0.999091	0.484102	4.9E-01	0.00431862	0.00420119	1.05668	3.0E-01	0.687702	4.1E-01
rs352155	3	52213653	0.694659	T	C	0.953063	0.882506	8.43962	3.7E-03	-0.0312182	0.00999586	9.75384	1.8E-03	7.49596	6.2E-03
rs7643235	3	53227428	0.699142	T	C	0.415041	0.989215	5.37845	2.0E-02	-0.0101309	0.00407445	6.18244	1.3E-02	4.19595	4.1E-02
rs6445415	3	64602006	0.869066	A	G	0.730167	0.995303	0.777158	3.8E-01	0.00545656	0.0045202	1.45721	2.3E-01	1.16224	2.8E-01
rs4688498	3	64674599	0.871028	C	T	0.669904	0.985151	2.34093	1.3E-01	-0.0057951	0.00429732	1.81855	1.8E-01	2.45178	1.2E-01
rs997274	3	78704821	1.06722	T	C	0.749726	0.994327	0.0701293	7.9E-01	-0.00221901	0.00464865	0.227858	6.3E-01	0.56724	4.5E-01
rs12490079	3	99242097	1.12956	T	C	0.762721	0.996476	0.254464	6.1E-01	-0.00194298	0.00471112	0.170093	6.8E-01	0.150028	7.0E-01
rs644342	3	107255235	1.19654	A	T	0.163705	0.995834	0.125881	7.2E-01	-0.00247617	0.0054117	0.209359	6.5E-01	0.51023	4.8E-01
rs9859117	3	127397553	1.40841	G	C	0.7975	0.997121	7.4568	6.3E-03	0.0152998	0.00500581	9.34166	2.2E-03	9.60625	1.9E-03
rs55930886	3	128747421	1.42294	C	T	0.919276	0.981412	0.00315247	9.6E-01	-0.00128846	0.00742243	0.0301335	8.6E-01	0.00486129	9.4E-01
rs2625970	3	129282977	1.42613	C	T	0.686506	0.99718	2.69763	1.0E-01	-0.00574219	0.00432272	1.76458	1.8E-01	1.6939	1.9E-01
rs28850104	3	129747349	1.42834	C	T	0.721035	0.928021	0.976323	3.2E-01	-0.00489285	0.00463397	1.11485	2.9E-01	0.894068	3.4E-01
rs112551697	3	150018637	1.64271	G	A	0.965346	0.928479	10.7998	1.0E-03	0.0381496	0.0113281	11.3414	7.6E-04	13.4904	2.4E-04
rs73170826	3	156793907	1.71229	C	T	0.908171	1	2.42346	1.2E-01	-0.0114566	0.00692687	2.73552	9.8E-02	3.14377	7.6E-02
rs6805879	3	168811680	1.77814	G	A	0.637095	0.998887	0.781895	3.8E-01	0.0024791	0.00416812	0.35376	5.5E-01	0.392631	5.3E-01
rs35430985	3	185488303	2.01654	C	A	0.732768	0.99119	1.01586	3.1E-01	0.00508144	0.00454307	1.25105	2.6E-01	1.51297	2.2E-01
rs75072999	4	844781	0.00782036	G	A	0.905079	0.991302	2.35615	1.2E-01	-0.0113199	0.00686515	2.71884	9.9E-02	2.4023	1.2E-01
rs748483	4	952409	0.00822297	A	G	0.892289	0.99682	5.21787	2.2E-02	0.0161893	0.00647333	6.2546	1.2E-02	6.20275	1.3E-02
rs917681	4	13247539	0.271091	C	T	0.699846	0.993933	0.457206	5.0E-01	-0.00322546	0.00437354	0.543898	4.6E-01	0.532535	4.7E-01
rs7663994	4	15353649	0.298855	C	G	0.644674	0.999402	1.53221	2.2E-01	-0.00493716	0.00418321	1.39295	2.4E-01	2.25606	1.3E-01
rs7692990	4	26007090	0.455953	C	T	0.441312	0.992624	4.2703	3.9E-02	-0.00898458	0.00404639	4.93014	2.6E-02	5.25246	2.2E-02
rs73245728	4	26206514	0.460458	A	C	0.93585	0.981901	0.571975	4.5E-01	0.00820497	0.00826715	0.985015	3.2E-01	1.27747	2.6E-01
rs11935857	4	56204865	0.730139	C	A	0.812475	0.979003	0.0834173	7.7E-01	-0.000126432	0.00517851	0.000596076	9.8E-01	0.0637719	8.0E-01
rs10021790	4	87772240	1.02884	T	C	0.628469	0.99281	63.5049	1.6E-15	0.0338475	0.00416902	65.915	4.7E-16	71.0782	3.4E-17
rs10021465	4	89750361	1.04993	A	G	0.668796	0.991313	0.0237631	8.8E-01	0.000569268	0.00427137	0.0177623	8.9E-01	0.0466071	8.3E-01
rs13109404	4	102896591	1.15605	T	G	0.927918	0.985952	19.7969	8.6E-06	0.0351411	0.00778618	20.3696	6.4E-06	20.6636	5.5E-06
rs12647922	4	106063987	1.17944	C	T	0.795209	0.998343	0.164637	6.8E-01	-0.000922006	0.00496234	0.034522	8.5E-01	0.0605441	8.1E-01
rs7655064	4	120106348	1.31331	T	C	0.875575	0.995692	0.112862	7.4E-01	0.000573262	0.0060731	0.00891014	9.2E-01	0.00216832	9.6E-01
rs7684567	4	122577770	1.33637	T	G	0.694839	0.995022	1.10155	2.9E-01	-0.0053186	0.00436155	1.487	2.2E-01	1.34612	2.5E-01
rs308447	4	123738546	1.34457	C	T	0.632593	1	1.27601	2.6E-01	-0.00374209	0.0041674	0.806303	3.7E-01	0.760066	3.8E-01
rs13138056	4	125092599	1.35469	A	T	0.472597	0.992452	5.16347	2.3E-02	0.00971007	0.00403186	5.80007	1.6E-02	5.9988	1.4E-02
rs6841006	4	145228728	1.53715	G	A	0.264421	0.987202	0.352876	5.5E-01	-0.00310392	0.00458428	0.458436	5.0E-01	0.544258	4.6E-01
rs17725600	4	146027434	1.53886	G	T	0.860687	0.971986	0.130434	7.2E-01	-0.00378311	0.00588055	0.413868	5.2E-01	0.239259	6.2E-01
rs1996770	4	157615583	1.66075	T	C	0.630845	0.986917	11.3224	7.7E-04	-0.0131734	0.00417324	9.96436	1.6E-03	11.7061	6.2E-04
rs2333496	4	177609609	1.88652	C	T	0.300866	0.995482	1.39242	2.4E-01	0.00469462	0.0043741	1.15192	2.8E-01	1.48448	2.2E-01
rs3107018	5	3975334	0.10127	G	T	0.686484	0.988391	7.10987	7.7E-03	0.012442	0.0043463	8.19485	4.2E-03	7.43638	6.4E-03
rs3811968	5	32765489	0.512016	C	A	0.707253	0.994212	0.367571	5.4E-01	-0.00428944	0.00441254	0.944985	3.3E-01	1.95709	1.6E-01
rs10074193	5	34041686	0.535424	C	T	0.842213	0.998379	0.00160175	9.7E-01	0.0012308	0.00550403	0.0500048	8.2E-01	0.127779	7.2E-01
rs6898870	5	53293107	0.644946	G	A	0.739419	0.999245	10.3912	1.3E-03	0.0142191	0.00456761	9.69094	1.9E-03	11.4446	7.2E-04
rs1559215	5	54867827	0.667887	G	A	0.339937	0.996823	0.762504	3.8E-01	-0.0032357	0.00424314	0.581517	4.5E-01	0.139393	7.1E-01
rs61653333	5	55779080	0.679717	G	T	0.970333	0.977169	3.27841e-09	1.0E+00	-0.00481025	0.0119343	0.162459	6.9E-01	0.117366	7.3E-01
rs10514979	5	64607614	0.751787	G	C	0.872667	0.993151	0.236312	6.3E-01	0.00203212	0.00602405	0.113794	7.4E-01	0.240558	6.2E-01
rs34592828	5	75996909	0.882256	G	A	0.955474	1	1.47925	2.2E-01	0.00952354	0.00971071	0.961824	3.3E-01	0.812424	3.7E-01
rs9293709	5	76440463	0.890157	T	C	0.423613	0.992813	0.0893267	7.7E-01	-0.00251382	0.00407032	0.381425	5.4E-01	0.531329	4.7E-01
rs7734060	5	101780479	1.10738	T	G	0.735256	0.995631	0.744515	3.9E-01	-0.00483778	0.0045717	1.11979	2.9E-01	1.1637	2.8E-01
rs2052473	5	118661882	1.27415	T	G	0.74594	0.995141	0.189407	6.6E-01	0.00126567	0.004605	0.0755402	7.8E-01	0.0262496	8.7E-01
rs6897978	5	118789338	1.27483	A	G	0.797726	0.996114	8.91987	2.8E-03	-0.0155578	0.00499	9.72066	1.8E-03	10.5295	1.2E-03
rs1029472	5	130867733	1.38574	G	A	0.0578241	0.998434	9.83725	1.7E-03	-0.0267876	0.00860619	9.68829	1.9E-03	10.0955	1.5E-03
rs4705870	5	132159134	1.39016	C	T	0.853985	0.993673	2.85491	9.1E-02	-0.00949497	0.00569496	2.77975	9.5E-02	2.69443	1.0E-01
rs10065321	5	141857415	1.48574	C	T	0.583823	0.990853	0.0554499	8.1E-01	-0.00159325	0.00409203	0.151597	7.0E-01	0.157649	6.9E-01
rs33999	5	141973349	1.48937	C	G	0.611747	0.9834	0.343266	5.6E-01	0.00237647	0.00413251	0.330703	5.7E-01	0.34311	5.6E-01
rs10477191	5	142077715	1.49476	A	G	0.949961	0.911257	0.183367	6.7E-01	0.00743527	0.00961882	0.597518	4.4E-01	0.531012	4.7E-01
rs7714046	5	148550501	1.57405	T	C	0.628474	0.988688	0.805217	3.7E-01	-0.00341011	0.00416455	0.670502	4.1E-01	0.348796	5.5E-01
rs6879860	5	157879652	1.67625	G	A	0.53925	0.994006	0.741966	3.9E-01	-0.00324302	0.00403445	0.646144	4.2E-01	0.428251	5.1E-01
rs10463020	5	171817717	1.88948	C	T	0.701873	0.996033	0.0885018	7.7E-01	0.000801819	0.00438907	0.033374	8.6E-01	0.0254153	8.7E-01
rs322388	5	172156062	1.89703	G	A	0.591887	0.995019	1.89394	1.7E-01	-0.00610679	0.00408371	2.23623	1.3E-01	1.86301	1.7E-01
rs10035782	5	173270328	1.92939	A	G	0.600853	0.984103	1.502	2.2E-01	0.00476726	0.00412498	1.33565	2.5E-01	1.18953	2.8E-01
rs244711	5	176509193	1.99996	C	T	0.314341	0.866155	2.19988	1.4E-01	0.00823788	0.00464067	3.15115	7.6E-02	3.03057	8.2E-02
rs1294447	6	6724416	0.18091	T	C	0.493581	0.983229	0.451089	5.0E-01	-0.0029251	0.00403208	0.526287	4.7E-01	1.02369	3.1E-01
rs13207230	6	7041700	0.194689	G	A	0.467706	0.982104	0.331486	5.6E-01	0.00246308	0.00404752	0.370319	5.4E-01	0.537973	4.6E-01
rs7756211	6	20553785	0.409932	G	A	0.682387	0.987745	0.948061	3.3E-01	-0.00373788	0.00432126	0.74822	3.9E-01	0.705787	4.0E-01
rs2294823	6	22596987	0.442173	C	T	0.691378	0.988921	2.61261	1.1E-01	0.00699457	0.00436738	2.56496	1.1E-01	3.97782	4.6E-02
rs35875210	6	25827484	0.49239	A	G	0.744631	0.999945	0.375769	5.4E-01	0.00242415	0.00459541	0.278271	6.0E-01	0.234846	6.3E-01
rs2394661	6	29672941	0.502055	T	C	0.523232	0.999975	0.000601842	9.8E-01	0.000810033	0.00400382	0.0409315	8.4E-01	0.0104388	9.2E-01
rs114376405	6	30770701	0.507083	G	A	0.988645	0.994696	0.584485	4.4E-01	0.0280101	0.0189333	2.18865	1.4E-01	2.61733	1.1E-01
rs6923504	6	32428186	0.520212	G	C	0.276443	1	28.3099	1.0E-07	0.0208218	0.00447388	21.6606	3.3E-06	22.9181	1.7E-06
rs10807138	6	34184938	0.545769	G	A	0.203622	0.984523	2.31222	1.3E-01	-0.00757674	0.00500436	2.29228	1.3E-01	2.43798	1.2E-01
rs13215052	6	41681835	0.64368	G	A	0.905448	0.992093	1.02271	3.1E-01	0.00847275	0.00687129	1.52045	2.2E-01	2.13334	1.4E-01
rs6458325	6	43115670	0.668109	C	A	0.555263	0.991189	0.143849	7.0E-01	0.00225385	0.00405363	0.309145	5.8E-01	0.714877	4.0E-01
rs6458349	6	43759789	0.67705	G	A	0.275853	0.996896	27.4802	1.6E-07	0.0253547	0.00447934	32.0398	1.5E-08	31.9523	1.6E-08
rs7357014	6	43821720	0.680233	A	G	0.699989	0.995614	11.8246	5.8E-04	-0.0152403	0.00437271	12.1476	4.9E-04	10.9269	9.5E-04
rs969693	6	80587739	0.919139	C	T	0.400483	0.992017	0.511325	4.7E-01	-0.00334887	0.00410897	0.66425	4.2E-01	0.268186	6.0E-01
rs9352801	6	80817468	0.920926	G	T	0.553049	0.99904	0.0451889	8.3E-01	0.00226286	0.00402825	0.315562	5.7E-01	0.0858566	7.7E-01
rs4706852	6	81284507	0.922075	A	G	0.662691	0.966467	0.0776929	7.8E-01	0.00240776	0.00430299	0.313103	5.8E-01	0.424794	5.1E-01
rs9341990	6	85391568	0.949845	A	G	0.416806	0.99851	0.0075225	9.3E-01	0.000448748	0.00406623	0.0121793	9.1E-01	0.058595	8.1E-01
rs6924944	6	100597579	1.0811	A	T	0.244413	0.981159	0.230847	6.3E-01	0.00149398	0.00471089	0.100573	7.5E-01	0.0359135	8.5E-01
rs11757455	6	112522852	1.21199	G	A	0.932628	1	4.35025	3.7E-02	-0.0169826	0.0079682	4.54241	3.3E-02	5.66103	1.7E-02
rs72969772	6	126187585	1.32503	A	G	0.980652	1	1.83697	1.8E-01	0.0187131	0.0145522	1.6536	2.0E-01	2.1238	1.5E-01
rs9986505	6	126445558	1.32603	A	G	0.674967	0.991308	1.97787	1.6E-01	-0.00528597	0.00428538	1.5215	2.2E-01	1.90026	1.7E-01
rs74949497	6	126812007	1.32699	A	C	0.975508	1	5.87641	1.5E-02	0.0337672	0.0130195	6.72663	9.5E-03	5.8686	1.5E-02
rs139242696	6	127414440	1.32797	T	C	0.974997	0.948341	1.14598	2.8E-01	0.0150947	0.013149	1.31784	2.5E-01	1.62175	2.0E-01
rs9321204	6	130311831	1.35934	A	G	0.403225	0.957358	9.48676	2.1E-03	0.0132648	0.0041611	10.1622	1.4E-03	9.97613	1.6E-03
rs7766444	6	139806747	1.50278	A	C	0.677797	1	18.8846	1.4E-05	0.0180761	0.00429275	17.7312	2.5E-05	16.9147	3.9E-05
rs653468	6	139842563	1.5032	G	A	0.670038	0.989353	9.10497	2.5E-03	-0.0131937	0.00428688	9.47226	2.1E-03	10.1578	1.4E-03
rs2282137	6	160468180	1.77084	G	A	0.984063	0.989502	56.7879	4.9E-14	-0.121281	0.0160514	57.0898	4.2E-14	55.9603	7.4E-14
rs41265930	6	160964135	1.77505	T	C	0.929079	1	69.9688	6.0E-17	0.0627255	0.00779501	64.7521	8.5E-16	73.0049	1.3E-17
rs2158828	7	14227425	0.264083	A	G	0.825893	0.993584	6.78359	9.2E-03	0.0115263	0.00528983	4.74781	2.9E-02	3.30521	6.9E-02
rs960589	7	25823647	0.43812	A	C	0.837373	0.976235	4.70531	3.0E-02	0.0121404	0.00548757	4.89444	2.7E-02	4.80039	2.8E-02
rs12671127	7	26309246	0.44373	C	T	0.632826	0.988487	6.23666	1.3E-02	-0.0104756	0.00416797	6.31694	1.2E-02	5.60703	1.8E-02
rs3823764	7	27187753	0.451849	C	T	0.158387	0.996639	1.22194	2.7E-01	0.00590276	0.0054945	1.15413	2.8E-01	1.70772	1.9E-01
rs10245867	7	28142186	0.462806	G	T	0.668264	0.99625	1.8816	1.7E-01	0.00713721	0.00426525	2.80006	9.4E-02	1.9764	1.6E-01
rs17172095	7	42665355	0.680121	A	G	0.679757	0.995026	0.269221	6.0E-01	-0.00226516	0.00429876	0.277659	6.0E-01	0.184528	6.7E-01
rs3110697	7	45955029	0.715313	A	G	0.424078	1	0.0909422	7.6E-01	-0.00120283	0.00406057	0.0877479	7.7E-01	0.0569872	8.1E-01
rs2529411	7	50738482	0.768347	G	C	0.35641	0.995992	2.95267	8.6E-02	-0.00902132	0.00418716	4.64195	3.1E-02	4.68584	3.0E-02
rs35867424	7	72032358	0.893844	G	A	0.97047	0.950986	37.5938	8.7E-10	-0.0759152	0.0121346	39.1389	3.9E-10	36.4836	1.5E-09
rs181981038	7	72890241	0.899613	G	A	0.93441	0.981953	0.0136701	9.1E-01	0.000789117	0.00813988	0.00939825	9.2E-01	0.000189437	9.9E-01
rs2052162	7	77171617	0.936702	T	C	0.392075	0.99406	0.315079	5.7E-01	-0.00192227	0.00411134	0.218606	6.4E-01	0.00131885	9.7E-01
rs9649071	7	84524701	1.03046	A	G	0.746512	0.995148	0.105709	7.5E-01	0.00154045	0.00461003	0.111657	7.4E-01	0.00542818	9.4E-01
rs2158045	7	93082708	1.09422	C	T	0.524967	0.990979	0.17579	6.8E-01	-0.00148411	0.00402974	0.135637	7.1E-01	0.267687	6.0E-01
rs411844	7	101692403	1.17334	G	A	0.178199	0.989998	0.00554393	9.4E-01	-0.00124463	0.00525203	0.0561602	8.1E-01	0.0999954	7.5E-01
rs2385537	7	104755514	1.19856	C	A	0.841799	1	2.89213	8.9E-02	0.00974551	0.00547544	3.16789	7.5E-02	3.10699	7.8E-02
rs1544474	7	107612629	1.24618	A	G	0.548606	1	0.00430084	9.5E-01	-0.000692656	0.00402369	0.0296337	8.6E-01	0.121622	7.3E-01
rs13226446	7	116888161	1.32093	A	G	0.945828	1	0.0556458	8.1E-01	0.00114384	0.00886237	0.0166582	9.0E-01	0.00285606	9.6E-01
rs2968349	7	120726926	1.33679	A	C	0.536077	0.996003	4.09994	4.3E-02	-0.00699279	0.00402977	3.0112	8.3E-02	3.47518	6.2E-02
rs12154627	7	130422934	1.4017	T	C	0.50585	0.97487	40.5352	1.9E-10	-0.0263577	0.00405201	42.313	7.8E-11	46.9518	7.3E-12
rs2980436	8	8092025	0.237424	G	A	0.545084	0.992022	10.1024	1.5E-03	-0.0135657	0.00403476	11.3044	7.7E-04	9.67177	1.9E-03
rs330096	8	9171595	0.251664	G	C	0.758049	0.971568	44.4451	2.6E-11	0.0319551	0.00474251	45.4007	1.6E-11	46.0755	1.1E-11
rs13277738	8	18241507	0.434993	C	T	0.850402	0.99455	51.9855	5.6E-13	0.0400612	0.00561051	50.985	9.3E-13	53.8116	2.2E-13
rs62496677	8	19636940	0.469846	A	C	0.808002	0.995456	101.165	8.5E-24	-0.0494894	0.00507648	95.0385	1.9E-22	101.242	8.1E-24
rs74441678	8	19863114	0.472815	A	G	0.984436	0.957587	94.6701	2.2E-22	0.163636	0.0165408	97.869	4.5E-23	98.3424	3.5E-23
rs147649176	8	19941197	0.473738	C	A	0.984873	0.966297	47.7721	4.8E-12	0.118788	0.0166529	50.8818	9.8E-13	53.724	2.3E-13
rs10504430	8	69559835	0.903728	A	C	0.811769	0.988802	0.644992	4.2E-01	-0.00377892	0.00514071	0.540369	4.6E-01	1.41863	2.3E-01
rs17697852	8	71927795	0.936897	T	G	0.906746	0.996851	11.2537	7.9E-04	-0.0234458	0.00689684	11.5566	6.8E-04	11.7053	6.2E-04
rs4738139	8	72407665	0.950149	A	G	0.612961	0.993095	1.571	2.1E-01	0.00483298	0.00411368	1.38029	2.4E-01	1.45906	2.3E-01
rs4147332	8	89280863	1.08332	G	C	0.323417	0.995784	0.000530244	9.8E-01	-0.000724805	0.00427591	0.0287333	8.7E-01	0.00922275	9.2E-01
rs4871058	8	121342846	1.36475	A	C	0.559535	0.998771	1.31708	2.5E-01	-0.00384723	0.00402842	0.912064	3.4E-01	1.38332	2.4E-01
rs144435165	8	126419938	1.45107	G	C	0.945037	0.785853	46.7765	8.0E-12	0.0686003	0.00987994	48.2107	3.8E-12	47.1644	6.5E-12
rs2954018	8	126477153	1.45319	C	T	0.29933	0.998357	238.338	9.1E-54	-0.0690761	0.00436779	250.11	2.5E-56	261.532	8.0E-59
rs13262081	8	128284766	1.4896	G	C	0.809711	0.995781	0.364501	5.5E-01	0.00176734	0.00509745	0.120208	7.3E-01	0.0086707	9.3E-01
rs79116087	9	17137405	0.365515	C	T	0.929634	0.981644	0.0551287	8.1E-01	-0.000852669	0.00790907	0.0116228	9.1E-01	0.00349017	9.5E-01
rs73650963	9	93943033	1.11642	T	C	0.891543	0.990174	0.135223	7.1E-01	0.00229767	0.00646398	0.12635	7.2E-01	0.0472725	8.3E-01
rs9299401	9	94940133	1.12583	C	T	0.655465	0.998477	0.585409	4.4E-01	0.00380948	0.00422956	0.811225	3.7E-01	0.652205	4.2E-01
rs4743305	9	101760026	1.18739	T	C	0.629001	0.995307	9.35216	2.2E-03	-0.0123354	0.0041565	8.80744	3.0E-03	9.90946	1.6E-03
rs2777806	9	107572119	1.23853	T	G	0.919367	0.992866	2.98732	8.4E-02	0.0126287	0.00737474	2.93242	8.7E-02	2.08102	1.5E-01
rs4149275	9	107638507	1.24287	A	G	0.830894	0.973164	1.98677	1.6E-01	-0.00771397	0.005418	2.02711	1.5E-01	1.61017	2.0E-01
rs2791952	9	107682517	1.24564	T	C	0.100262	1	6.75058	9.4E-03	-0.0174744	0.00667033	6.86298	8.8E-03	7.75486	5.4E-03
rs877544	9	113895745	1.33887	A	T	0.442141	0.993686	0.0657884	8.0E-01	0.0010582	0.00405139	0.0682226	7.9E-01	0.00103548	9.7E-01
rs6478851	9	131561110	1.55426	G	A	0.758307	1	8.14515	4.3E-03	0.0142319	0.00469856	9.17475	2.5E-03	7.30573	6.9E-03
rs645838	10	3560515	0.0740542	A	G	0.160732	0.985753	0.173911	6.8E-01	-0.00299598	0.00549987	0.296738	5.9E-01	0.675858	4.1E-01
rs66923674	10	4955702	0.105389	G	T	0.866408	0.989502	0.26371	6.1E-01	-0.00247643	0.00591891	0.175053	6.8E-01	0.119907	7.3E-01
rs982004	10	27873231	0.532296	C	T	0.488725	0.997636	0.00078113	9.8E-01	0.00083077	0.00401738	0.0427638	8.4E-01	0.0797549	7.8E-01
rs2769241	10	32556229	0.605363	T	C	0.168613	0.994424	4.51567	3.4E-02	0.00932182	0.00536774	3.01591	8.2E-02	3.97617	4.6E-02
rs17296943	10	34160764	0.623336	C	G	0.851702	0.9821	1.2654	2.6E-01	0.00614954	0.00568408	1.17048	2.8E-01	1.14883	2.8E-01
rs10995014	10	63784082	0.859346	T	G	0.964253	0.99699	4.39655	3.6E-02	0.0239102	0.0108264	4.87755	2.7E-02	6.06157	1.4E-02
rs10762666	10	77157489	1.00522	A	G	0.241686	0.984822	0.567512	4.5E-01	-0.00142035	0.00470559	0.0911093	7.6E-01	0.0319727	8.6E-01
rs7078520	10	80892739	1.06411	A	T	0.740237	0.961858	2.9061	8.8E-02	0.00829681	0.00465735	3.17354	7.5E-02	2.18353	1.4E-01
rs10887758	10	89603315	1.15934	T	C	0.783692	0.990793	8.30981	3.9E-03	0.0143094	0.00490137	8.52336	3.5E-03	8.19158	4.2E-03
rs1111875	10	94462882	1.21061	C	T	0.592398	1	7.94301	4.8E-03	-0.0118406	0.00407537	8.44138	3.7E-03	9.43098	2.1E-03
rs146147771	10	95298687	1.22089	C	T	0.901719	0.997551	22.8213	1.8E-06	0.0334978	0.00673066	24.7696	6.5E-07	22.1201	2.6E-06
rs11191353	10	104382673	1.30545	A	G	0.599944	0.997917	1.28747	2.6E-01	-0.00418043	0.00408777	1.04585	3.1E-01	1.24055	2.7E-01
rs10885396	10	114711755	1.39689	C	T	0.458904	0.998785	0.00592292	9.4E-01	-0.000478957	0.00402025	0.0141934	9.1E-01	0.0376643	8.5E-01
rs82613	10	119295188	1.46384	T	C	0.426942	0.929607	0.000495736	9.8E-01	-0.000890325	0.00420506	0.0448285	8.3E-01	0.0650782	8.0E-01
rs36040970	10	122848990	1.52697	G	C	0.837716	0.991662	0.0237477	8.8E-01	-0.00131708	0.00545267	0.0583452	8.1E-01	0.0928482	7.6E-01
rs7635	11	721570	0.0105268	C	T	0.540303	0.973097	0.241903	6.2E-01	0.00124838	0.00407177	0.0939993	7.6E-01	0.060554	8.1E-01
rs3812762	11	8751640	0.190568	G	C	0.691057	1	0.287737	5.9E-01	0.00223449	0.00434064	0.265003	6.1E-01	0.503751	4.8E-01
rs11042563	11	9964346	0.198452	G	C	0.440344	0.991529	3.46866	6.3E-02	-0.00845457	0.00404727	4.36373	3.7E-02	5.10547	2.4E-02
rs61889189	11	32385875	0.498257	T	G	0.76737	0.997815	0.0693325	7.9E-01	0.0019372	0.00474365	0.166772	6.8E-01	0.081231	7.8E-01
rs12294763	11	36325764	0.562704	G	A	0.69388	0.955634	4.40557	3.6E-02	-0.0114977	0.00443789	6.71222	9.6E-03	7.65214	5.7E-03
rs34312154	11	47470345	0.665294	G	A	0.890322	1	26.4442	2.7E-07	-0.0324855	0.00640255	25.7438	3.9E-07	25.9334	3.5E-07
rs174528	11	61543499	0.703973	T	C	0.622738	0.995598	102.742	3.8E-24	0.041847	0.00412944	102.694	3.9E-24	104.68	1.4E-24
rs67330701	11	69079707	0.760845	C	T	0.908017	0.929121	0.21864	6.4E-01	-0.00256764	0.00719275	0.127432	7.2E-01	0.165667	6.8E-01
rs12362685	11	111478720	1.18727	A	T	0.619791	0.997217	1.78888	1.8E-01	-0.00521739	0.00413096	1.59516	2.1E-01	1.61368	2.0E-01
rs78221557	11	116515528	1.25942	G	A	0.981037	0.969038	74.3536	6.5E-18	0.128125	0.0148935	74.0068	7.8E-18	74.991	4.7E-18
rs141584077	11	116523304	1.2596	A	T	0.921624	0.881057	105.671	8.7E-25	0.0810553	0.00793243	104.412	1.6E-24	104.018	2.0E-24
rs10790164	11	116699389	1.26119	A	G	0.0333426	1	172.552	2.1E-39	-0.143505	0.010911	172.984	1.6E-39	175.434	4.8E-40
rs747249	11	130271647	1.49781	A	G	0.360417	0.986641	0.224511	6.4E-01	0.00282571	0.00420137	0.452348	5.0E-01	0.214932	6.4E-01
rs56196860	12	2908330	0.0629825	C	A	0.967952	1	0.00983398	9.2E-01	0.000637763	0.0113434	0.00316108	9.6E-01	0.0737461	7.9E-01
rs10771260	12	26253557	0.45721	A	C	0.609092	0.995844	5.41555	2.0E-02	0.0097953	0.00411226	5.67381	1.7E-02	6.85154	8.9E-03
rs16915737	12	26403614	0.459048	C	T	0.928801	0.993226	0.0892208	7.7E-01	0.0019566	0.00779974	0.0629282	8.0E-01	5.81487e-05	9.9E-01
rs10844645	12	33737099	0.546138	C	T	0.612236	0.998433	3.6341	5.7E-02	-0.00862013	0.00411115	4.39645	3.6E-02	3.2764	7.0E-02
rs11183127	12	45984722	0.590315	T	C	0.769127	0.997415	5.10965	2.4E-02	0.0106506	0.00474618	5.03574	2.5E-02	5.82914	1.6E-02
rs2544037	12	48215180	0.613432	A	G	0.580418	0.992711	3.96352	4.6E-02	0.00705315	0.00406902	3.0046	8.3E-02	1.61804	2.0E-01
rs143198407	12	54226638	0.680969	T	C	0.972028	0.902724	0.222273	6.4E-01	-0.00493292	0.01281	0.14829	7.0E-01	0.0837091	7.7E-01
rs58494653	12	54353102	0.683562	C	G	0.875623	1	0.85409	3.6E-01	0.00638882	0.00607804	1.10488	2.9E-01	1.1912	2.8E-01
rs2277339	12	57146069	0.717337	T	G	0.896292	1	11.4142	7.3E-04	0.0238308	0.00656277	13.1857	2.8E-04	15.5527	8.0E-05
rs7308561	12	66417277	0.793828	T	C	0.686889	0.990119	0.267318	6.1E-01	0.00349112	0.00432962	0.650173	4.2E-01	0.0785802	7.8E-01
rs1388214	12	77901810	0.936483	A	G	0.323754	0.997208	2.14537	1.4E-01	0.00434804	0.00427811	1.03296	3.1E-01	1.17596	2.8E-01
rs10745659	12	94092690	1.0816	C	G	0.555291	0.994516	1.70517	1.9E-01	0.00414564	0.00404535	1.0502	3.1E-01	1.10581	2.9E-01
rs10778495	12	106991545	1.2616	A	G	0.720903	0.990603	4.67794	3.1E-02	0.0100624	0.00446976	5.06793	2.4E-02	5.81311	1.6E-02
rs10778609	12	108545985	1.27639	A	C	0.742853	1	0.0833312	7.7E-01	-0.00104456	0.00458368	0.0519325	8.2E-01	0.0393834	8.4E-01
rs12817870	12	113516445	1.31248	C	T	0.757872	0.987895	0.890147	3.5E-01	0.00389794	0.00469883	0.688163	4.1E-01	0.452511	5.0E-01
rs11043299	12	122483139	1.4653	T	C	0.374937	0.862609	7.83377	5.1E-03	-0.0126053	0.00444898	8.02757	4.6E-03	8.34782	3.9E-03
rs11613937	12	123520071	1.47156	C	T	0.293515	0.997111	24.3475	8.0E-07	0.0213022	0.00441554	23.2745	1.4E-06	23.4906	1.3E-06
rs180797383	12	124164661	1.47737	T	A	0.967798	0.87352	8.10662	4.4E-03	-0.0377079	0.0121343	9.65683	1.9E-03	10.3501	1.3E-03
rs825461	12	124561803	1.47937	C	T	0.418055	0.998641	31.2975	2.2E-08	0.0226693	0.00405662	31.2284	2.3E-08	30.7474	2.9E-08
rs73223535	12	124744902	1.48319	T	G	0.940631	0.996243	0.167267	6.8E-01	0.0046954	0.00847619	0.306862	5.8E-01	0.327255	5.7E-01
rs12828318	12	133766122	1.75135	A	G	0.817811	0.994773	2.73248	9.8E-02	-0.00939507	0.00520599	3.25682	7.1E-02	3.8309	5.0E-02
rs7993238	13	22473593	0.0544542	A	C	0.630918	0.976757	0.799866	3.7E-01	0.00459304	0.00419687	1.1977	2.7E-01	2.11617	1.5E-01
rs9579574	13	31025634	0.263469	A	G	0.300773	0.992156	3.07763	7.9E-02	0.00838648	0.00439764	3.6368	5.7E-02	3.01727	8.2E-02
rs10507524	13	44684600	0.468128	T	C	0.905843	0.994143	0.229716	6.3E-01	0.00375116	0.0068936	0.296101	5.9E-01	0.481406	4.9E-01
rs9526614	13	50443558	0.53659	C	G	0.791108	0.994701	0.122516	7.3E-01	-0.00337273	0.00494372	0.465431	5.0E-01	0.523989	4.7E-01
rs11617234	13	50948954	0.538883	A	G	0.926287	0.984708	0.195022	6.6E-01	0.00256863	0.00771574	0.110827	7.4E-01	0.0547233	8.2E-01
rs1239945	13	51107757	0.539575	G	A	0.456329	0.998944	3.55107	6.0E-02	0.00780874	0.00402535	3.76318	5.2E-02	2.88521	8.9E-02
rs682044	13	78057520	0.772271	T	G	0.131808	0.995851	0.00528531	9.4E-01	-0.000138604	0.0059281	0.000546665	9.8E-01	0.0817092	7.7E-01
rs35678857	13	95222890	0.91089	C	A	0.648167	0.995747	38.7245	4.9E-10	0.0255249	0.00419877	36.956	1.2E-09	37.0803	1.1E-09
rs627527	13	110915135	1.21483	G	A	0.417975	0.983958	2.31754	1.3E-01	-0.00601327	0.00409446	2.15689	1.4E-01	1.40481	2.4E-01
rs4773157	13	110992623	1.22123	C	A	0.727249	0.982597	5.16488	2.3E-02	-0.010979	0.00454562	5.83366	1.6E-02	6.35497	1.2E-02
rs1057119	14	23746269	0.116581	C	G	0.761562	1	0.611796	4.3E-01	-0.00318895	0.00469677	0.460996	5.0E-01	0.580951	4.5E-01
rs12435790	14	35154381	0.324801	A	G	0.921633	0.964911	1.57997	2.1E-01	-0.0093289	0.00759536	1.50856	2.2E-01	1.66062	2.0E-01
rs1253682	14	52463153	0.462213	C	T	0.529536	0.995617	2.46965	1.2E-01	0.00694749	0.00401796	2.98982	8.4E-02	3.85128	5.0E-02
rs6573193	14	58684872	0.537805	T	C	0.344869	0.992731	5.27274	2.2E-02	-0.00879797	0.00422492	4.33638	3.7E-02	4.1458	4.2E-02
rs10483820	14	69138371	0.619511	A	G	0.630522	0.99172	5.07818	2.4E-02	-0.0092511	0.00417983	4.89857	2.7E-02	4.49015	3.4E-02
rs2526882	14	71374702	0.651568	G	A	0.336003	0.997711	12.1074	5.0E-04	0.0142688	0.00424902	11.2771	7.8E-04	11.1017	8.6E-04
rs1286290	14	91313812	0.881552	G	C	0.385149	0.981585	0.048088	8.3E-01	-0.00106639	0.00414589	0.0661606	8.0E-01	0.330539	5.7E-01
rs8015434	14	98365042	1.02737	C	A	0.468539	0.997757	8.19537	4.2E-03	0.0110028	0.00401751	7.50049	6.2E-03	6.7458	9.4E-03
rs28562771	15	31675913	0.452754	C	A	0.34803	0.979544	0.492237	4.8E-01	0.00200064	0.00423977	0.222665	6.4E-01	0.178779	6.7E-01
rs12900478	15	37368160	0.565158	G	C	0.763108	0.993766	1.04338	3.1E-01	-0.00553565	0.00472208	1.37426	2.4E-01	1.22247	2.7E-01
rs2263551	15	40979543	0.629313	G	A	0.496718	0.998608	1.8331	1.8E-01	0.00525754	0.00401338	1.71611	1.9E-01	1.52618	2.2E-01
rs62020665	15	43020324	0.640949	C	G	0.912249	0.939942	31.7539	1.7E-08	0.0430738	0.00730146	34.8021	3.6E-09	36.2803	1.7E-09
rs2899470	15	51503677	0.705473	T	G	0.441299	0.998139	0.955884	3.3E-01	0.00341886	0.00403483	0.717977	4.0E-01	0.521764	4.7E-01
rs11630710	15	56364758	0.756318	G	T	0.893036	0.979091	0.910538	3.4E-01	0.00574014	0.00656266	0.765044	3.8E-01	0.758262	3.8E-01
rs117737827	15	63804248	0.876681	C	T	0.843258	0.99712	10.9767	9.2E-04	0.0194919	0.00551818	12.4771	4.1E-04	14.5189	1.4E-04
rs7497064	15	66990159	0.901829	T	C	0.7565	1	2.29534	1.3E-01	0.00708599	0.00467654	2.29589	1.3E-01	1.50393	2.2E-01
rs8023330	15	74220599	0.994732	A	G	0.533673	0.994093	0.430054	5.1E-01	0.00281279	0.0040106	0.491879	4.8E-01	0.650354	4.2E-01
rs12905116	15	79042734	1.02295	T	A	0.243151	0.998559	0.00349716	9.5E-01	-0.000616168	0.00466348	0.0174573	8.9E-01	0.390996	5.3E-01
rs8024294	15	94023132	1.27326	G	A	0.893534	0.984354	0.125627	7.2E-01	-0.00241767	0.00654483	0.136458	7.1E-01	0.507388	4.8E-01
rs2654980	15	99504843	1.43056	C	T	0.75401	1	1.03109	3.1E-01	0.0033346	0.00464748	0.514816	4.7E-01	0.401753	5.3E-01
rs2603229	15	100263499	1.44349	T	C	0.24783	0.99299	1.36182	2.4E-01	-0.00451264	0.00464993	0.941822	3.3E-01	1.49716	2.2E-01
rs28610092	16	2155819	0.0436929	A	C	0.831908	0.992512	2.04888	1.5E-01	-0.00554422	0.00537505	1.06394	3.0E-01	1.37108	2.4E-01
rs740375	16	4412868	0.0825739	C	G	0.436546	0.994477	1.681	1.9E-01	-0.00609115	0.00404897	2.26313	1.3E-01	2.39675	1.2E-01
rs73577318	16	49847602	0.582083	T	C	0.893989	0.973176	0.144876	7.0E-01	-0.00311776	0.00658884	0.223908	6.4E-01	0.256381	6.1E-01
rs2192868	16	53428284	0.643286	G	A	0.549643	0.983829	0.279964	6.0E-01	0.00240793	0.0040596	0.35182	5.5E-01	0.396838	5.3E-01
rs1800776	16	56995234	0.730202	C	A	0.922461	0.993969	35.9906	2.0E-09	0.0432055	0.00750794	33.1159	8.7E-09	37.1521	1.1E-09
rs3730393	16	67226405	0.849683	G	A	0.959467	0.981611	5.51073	1.9E-02	-0.0226469	0.0102381	4.893	2.7E-02	5.92369	1.5E-02
rs310011	16	81471654	1.04471	A	G	0.459339	0.974154	7.64585	5.7E-03	-0.0118637	0.00407477	8.47679	3.6E-03	8.72922	3.1E-03
rs4889326	16	81533662	1.04573	C	T	0.781583	1	8.64194	3.3E-03	-0.013539	0.0048319	7.85121	5.1E-03	8.27778	4.0E-03
rs8076112	17	1612199	0.0581967	A	C	0.824836	0.985586	0.597043	4.4E-01	-0.00546555	0.00530715	1.06058	3.0E-01	1.64911	2.0E-01
rs12942967	17	3921834	0.111825	C	T	0.815615	0.995978	6.66446	9.8E-03	0.0130749	0.00517022	6.39523	1.1E-02	6.00605	1.4E-02
rs4151121	17	7342294	0.196019	A	G	0.625168	0.994674	6.02699	1.4E-02	-0.00950435	0.00414782	5.25057	2.2E-02	5.39295	2.0E-02
rs1242488	17	17347995	0.443205	C	A	0.250308	0.994678	0.404191	5.2E-01	-0.00361085	0.00462626	0.609197	4.4E-01	0.347433	5.6E-01
rs897456	17	17422608	0.444631	A	G	0.942078	1	18.7785	1.5E-05	0.0383688	0.00857538	20.0193	7.7E-06	19.9681	7.9E-06
rs7222766	17	27679725	0.495692	A	G	0.483785	1	0.000190312	9.9E-01	-0.00102839	0.00401131	0.0657271	8.0E-01	0.03458	8.5E-01
rs9303642	17	29578360	0.501265	T	C	0.699117	0.999507	0.126799	7.2E-01	-0.00197436	0.00436594	0.204501	6.5E-01	0.203023	6.5E-01
rs9907244	17	39980900	0.660119	T	C	0.563724	0.983666	0.208587	6.5E-01	0.00247598	0.00407156	0.369805	5.4E-01	0.968789	3.2E-01
rs76868109	17	41776943	0.672597	A	C	0.965841	1	79.4692	4.9E-19	0.0997576	0.0110011	82.2286	1.2E-19	85.662	2.1E-20
rs55938136	17	43798360	0.68845	A	G	0.776371	0.999875	0.0435643	8.3E-01	0.00112105	0.00481595	0.054186	8.2E-01	0.0310955	8.6E-01
rs7211277	17	53654467	0.791648	G	A	0.798348	0.999226	0.109147	7.4E-01	0.0030018	0.00500106	0.360278	5.5E-01	0.224715	6.4E-01
rs227734	17	54767470	0.807961	C	T	0.705592	0.996371	0.000822303	9.8E-01	-0.000479489	0.00439218	0.0119179	9.1E-01	0.00172196	9.7E-01
rs1000423	17	59475642	0.870966	C	T	0.266359	0.997908	0.209308	6.5E-01	-0.00275979	0.00453566	0.370229	5.4E-01	0.274774	6.0E-01
rs12450700	17	65368899	0.93572	T	G	0.599546	1	9.42048	2.1E-03	-0.0150037	0.00410382	13.3665	2.6E-04	11.3442	7.6E-04
rs236571	17	68224214	0.981608	T	C	0.579338	0.994747	0.334293	5.6E-01	0.00307378	0.00406918	0.570599	4.5E-01	0.855709	3.5E-01
rs9899174	17	73249256	1.09811	G	A	0.300739	0.995636	25.4662	4.5E-07	0.0206248	0.00436442	22.3319	2.3E-06	21.2068	4.1E-06
rs35568625	17	79906748	1.2711	T	C	0.468095	0.986934	2.23513	1.3E-01	-0.00523774	0.00405201	1.67089	2.0E-01	1.23502	2.7E-01
rs3810068	18	2846499	0.0738566	T	C	0.595835	1	4.26581	3.9E-02	-0.00764076	0.00407612	3.51382	6.1E-02	2.88369	8.9E-02
rs4445996	18	20686403	0.42904	A	G	0.0906024	0.99743	0.741993	3.9E-01	0.00711324	0.00700917	1.02992	3.1E-01	1.02578	3.1E-01
rs6507588	18	42419103	0.621385	C	T	0.871061	0.984573	0.188061	6.6E-01	0.00367378	0.00602486	0.371819	5.4E-01	0.228188	6.3E-01
rs357897	18	46584184	0.687094	C	T	0.152899	0.998869	0.00626894	9.4E-01	-0.000745166	0.00556677	0.0179184	8.9E-01	0.000605733	9.8E-01
rs12454712	18	60845884	0.867586	T	C	0.623677	1	5.33612	2.1E-02	-0.00856141	0.00412711	4.30326	3.8E-02	4.67397	3.1E-02
rs12979965	19	2131148	0.0753026	A	G	0.499421	0.991113	0.318247	5.7E-01	0.00196907	0.00402515	0.239308	6.2E-01	0.269238	6.0E-01
rs8887	19	4502201	0.151456	T	C	0.429482	0.976879	4.06305	4.4E-02	0.00694801	0.00407867	2.90191	8.8E-02	1.88371	1.7E-01
rs12973279	19	7207796	0.229604	C	A	0.25493	0.988505	11.3826	7.4E-04	-0.0165827	0.00462327	12.865	3.3E-04	13.1569	2.9E-04
rs889129	19	10070954	0.303184	T	A	0.123141	0.971029	0.00940004	9.2E-01	0.000132899	0.00618871	0.000461154	9.8E-01	0.104195	7.5E-01
rs17766692	19	11342599	0.323489	C	T	0.940667	0.993783	4.21337	4.0E-02	-0.017017	0.00849402	4.01367	4.5E-02	2.29838	1.3E-01
rs17885551	19	18179672	0.447176	T	C	0.787767	0.995941	1.5355	2.2E-01	-0.00818314	0.00490255	2.78609	9.5E-02	2.40605	1.2E-01
rs73001065	19	19460541	0.462151	G	C	0.930303	0.994964	70.2469	5.2E-17	-0.0678295	0.00788195	74.0575	7.6E-18	72.957	1.3E-17
rs8111715	19	33777725	0.560349	G	A	0.816781	0.899887	2.8464	9.2E-02	0.00855918	0.00544877	2.46756	1.2E-01	2.41102	1.2E-01
rs142183293	19	33815690	0.561736	G	A	0.988446	0.92253	0.0117371	9.1E-01	0.000186507	0.0194828	9.16405e-05	9.9E-01	0.0345016	8.5E-01
rs17530508	19	33860858	0.561933	C	T	0.827431	0.986076	0.291982	5.9E-01	-0.00313585	0.00532988	0.346159	5.6E-01	0.943512	3.3E-01
rs112450640	19	45296364	0.703043	G	A	0.980494	0.986145	97.7081	4.8E-23	0.145026	0.0145846	98.8778	2.7E-23	101.308	7.9E-24
rs118147862	19	45319631	0.704351	G	A	0.954234	0.939129	130.967	2.5E-30	0.112105	0.00989011	128.484	8.8E-30	134.72	3.8E-31
rs372642577	19	45432488	0.707888	C	A	0.91204	0.614237	41.0535	1.5E-10	-0.059491	0.00900612	43.6342	4.0E-11	41.2639	1.3E-10
rs431001	19	54813266	0.957116	G	A	0.674132	0.993878	39.9958	2.5E-10	-0.026901	0.00428487	39.4149	3.4E-10	43.1596	5.0E-11
rs2864436	19	55986637	0.996315	T	C	0.754362	1	4.69615	3.0E-02	0.0105207	0.00464113	5.1386	2.3E-02	4.33064	3.7E-02
rs151235402	20	569164	0.0196907	C	T	0.984501	0.956324	18.2124	2.0E-05	0.0678512	0.0165933	16.7206	4.3E-05	17.9312	2.3E-05
rs2664375	20	5654126	0.19027	C	A	0.731372	0.963021	0.00449076	9.5E-01	0.000861493	0.00460284	0.0350308	8.5E-01	0.0124635	9.1E-01
rs8126025	20	6480713	0.213787	A	C	0.761313	0.987748	2.33561	1.3E-01	0.00660171	0.00472123	1.95525	1.6E-01	1.85405	1.7E-01
rs6047259	20	21098319	0.480462	C	T	0.378645	0.990815	0.701925	4.0E-01	0.00504144	0.00415307	1.47357	2.2E-01	1.6337	2.0E-01
rs112928119	20	33726451	0.537689	C	T	0.787836	0.995325	0.0180307	8.9E-01	-0.000283189	0.00491212	0.00332365	9.5E-01	0.00537022	9.4E-01
rs13037366	20	38889128	0.585257	T	C	0.708362	0.997929	3.52792	6.0E-02	-0.0113335	0.00441903	6.57765	1.0E-02	6.35177	1.2E-02
rs6016511	20	39709255	0.597567	T	C	0.67815	0.999652	2.98208	8.4E-02	0.00777502	0.00427699	3.30465	6.9E-02	2.4218	1.2E-01
rs11699991	20	45489407	0.689702	T	A	0.670631	0.988835	0.170693	6.8E-01	-0.0025646	0.00428906	0.35753	5.5E-01	1.03319	3.1E-01
rs1999536	20	45581777	0.691337	G	C	0.429504	0.994672	1.90063	1.7E-01	-0.00467622	0.00405782	1.32802	2.5E-01	1.97178	1.6E-01
rs7271567	20	50871810	0.791153	G	A	0.901241	0.995145	0.064336	8.0E-01	-0.000507436	0.00674171	0.0056653	9.4E-01	0.000259032	9.9E-01
rs1936966	20	51691779	0.801626	C	T	0.672248	0.982215	0.222071	6.4E-01	-0.00245026	0.00432111	0.321538	5.7E-01	0.494483	4.8E-01
rs2105063	20	62690683	1.09651	C	T	0.438477	1	5.96814	1.5E-02	-0.00974893	0.0040455	5.80724	1.6E-02	6.89671	8.6E-03
rs28451064	21	35593827	0.362865	G	A	0.868938	0.957975	0.0127623	9.1E-01	-0.00122825	0.00607311	0.0409026	8.4E-01	0.0673883	8.0E-01
rs4507181	21	36748497	0.391139	A	C	0.445998	0.990087	0.267393	6.1E-01	0.00249769	0.00404372	0.381519	5.4E-01	0.478402	4.9E-01
rs2836140	21	39452670	0.432405	C	T	0.518718	1	0.0221625	8.8E-01	0.0022565	0.00402753	0.313899	5.8E-01	0.906758	3.4E-01
rs2330396	21	47524380	0.643685	A	C	0.491749	0.996498	1.43709	2.3E-01	0.00471989	0.00399699	1.39443	2.4E-01	1.91052	1.7E-01
rs9613412	22	27647065	0.308304	C	A	0.905777	0.972438	1.33409	2.5E-01	-0.00758168	0.00696818	1.18384	2.8E-01	0.863369	3.5E-01
rs2283847	22	28181399	0.334885	C	T	0.447854	0.951267	4.1415	4.2E-02	0.0080694	0.00414218	3.79511	5.1E-02	4.01004	4.5E-02
rs9625551	22	29140529	0.338663	G	A	0.979024	0.995212	0.0803926	7.8E-01	-0.00414301	0.0140258	0.0872522	7.7E-01	0.133981	7.1E-01
rs5997898	22	31572963	0.355537	A	C	0.420656	0.998342	0.0359562	8.5E-01	0.0011815	0.00406297	0.0845634	7.7E-01	0.474544	4.9E-01
rs801597	22	47190735	0.614737	T	G	0.275448	0.998113	0.0695143	7.9E-01	0.00117302	0.00448381	0.0684409	7.9E-01	0.511977	4.7E-01
