SNP	CHR	BP	GENPOS	ALLELE1	ALLELE0	A1FREQ	INFO	CHISQ_LINREG	P_LINREG	BETA	SE	CHISQ_BOLT_LMM_INF	P_BOLT_LMM_INF	CHISQ_BOLT_LMM	P_BOLT_LMM
rs10797373	1	2904056	0.0397888	G	A	0.307709	0.992548	5.49318	1.9E-02	0.0112049	0.0042701	6.88561	8.7E-03	6.66499	9.8E-03
rs1294014	1	9325676	0.18921	C	T	0.731267	0.974098	11.4616	7.1E-04	-0.0127641	0.00449251	8.07236	4.5E-03	7.95418	4.8E-03
rs2268177	1	22415410	0.442927	A	T	0.826867	0.999403	0.353645	5.5E-01	-0.00368778	0.00518604	0.505658	4.8E-01	0.731135	3.9E-01
rs77604500	1	23286202	0.460813	C	A	0.931028	0.983422	0.402055	5.3E-01	-0.0050774	0.007803	0.423409	5.2E-01	0.338253	5.6E-01
rs2997447	1	26387423	0.495055	G	A	0.788926	0.978799	4.58883	3.2E-02	0.0113438	0.0048518	5.46655	1.9E-02	6.66152	9.9E-03
rs1537817	1	39639653	0.669778	C	T	0.790781	0.99902	53.21	3.0E-13	-0.0360455	0.00483465	55.5869	8.9E-14	58.2599	2.3E-14
rs12084054	1	51242141	0.76307	C	T	0.911968	0.999771	7.19569	7.3E-03	0.0187994	0.00691939	7.38162	6.6E-03	9.73573	1.8E-03
rs624698	1	62900811	0.92277	A	G	0.582759	0.969721	169.627	8.9E-39	0.053881	0.00404057	177.822	1.4E-40	186.738	1.6E-42
rs10873710	1	86072216	1.1498	G	A	0.56595	0.976243	4.73031	3.0E-02	-0.00768492	0.00400719	3.67788	5.5E-02	2.70195	1.0E-01
rs6577334	1	103214274	1.32929	G	A	0.616402	0.991239	0.000202837	9.9E-01	-0.000589581	0.00404856	0.0212073	8.8E-01	0.423188	5.2E-01
rs3789615	1	114941326	1.46309	C	T	0.566995	0.997575	5.59645	1.8E-02	0.00864065	0.00396493	4.7492	2.9E-02	6.55663	1.0E-02
rs59051938	1	118850501	1.50636	G	T	0.745314	0.991396	4.2272	4.0E-02	-0.00934102	0.00452279	4.26555	3.9E-02	4.31984	3.8E-02
rs116821116	1	119126235	1.5082	C	T	0.960655	0.922053	1.39621	2.4E-01	-0.0091097	0.0104818	0.755328	3.8E-01	0.763121	3.8E-01
rs140609054	1	119864893	1.51178	C	T	0.979764	0.97475	0.0311624	8.6E-01	0.00291232	0.0141375	0.0424359	8.4E-01	0.00494304	9.4E-01
rs11204758	1	150991221	1.65939	A	G	0.789313	0.991156	1.98363	1.6E-01	-0.00515008	0.00483135	1.1363	2.9E-01	1.30679	2.5E-01
rs951240	1	154793763	1.69623	A	G	0.736909	1	3.32874	6.8E-02	-0.00836361	0.0044552	3.52414	6.0E-02	4.29731	3.8E-02
rs1050316	1	156434703	1.7062	G	T	0.348504	0.995583	0.343624	5.6E-01	0.00304105	0.00413221	0.541604	4.6E-01	0.533565	4.7E-01
rs2486425	1	163662479	1.8151	G	T	0.599038	0.997834	2.81637	9.3E-02	-0.0072168	0.00400533	3.24648	7.2E-02	2.37667	1.2E-01
rs12098218	1	164740891	1.83762	C	T	0.879528	0.986123	0.16683	6.8E-01	0.00144205	0.00608163	0.0562241	8.1E-01	0.182997	6.7E-01
rs17345893	1	170171874	1.91645	C	T	0.933686	0.998406	2.73002	9.8E-02	-0.011735	0.00788916	2.2126	1.4E-01	1.82862	1.8E-01
rs10919359	1	170321312	1.91759	T	C	0.636418	0.999798	0.144582	7.0E-01	-0.00204689	0.00408043	0.251638	6.2E-01	0.126834	7.2E-01
rs17361789	1	172122601	1.93709	T	G	0.67666	0.979392	0.0209955	8.8E-01	-0.00149856	0.00423952	0.124943	7.2E-01	0.0384416	8.4E-01
rs1325598	1	176792249	1.97626	A	G	0.453527	1	3.14329	7.6E-02	-0.0076929	0.00394097	3.81043	5.1E-02	4.91736	2.7E-02
rs4465240	1	199764832	2.16442	C	T	0.435085	0.991154	4.07505	4.4E-02	0.0080736	0.00398065	4.11364	4.3E-02	3.16558	7.5E-02
rs36043408	1	203511492	2.22297	G	A	0.497481	0.997049	3.61621	5.7E-02	0.00719401	0.00392982	3.35116	6.7E-02	2.69005	1.0E-01
rs4951159	1	205012106	2.25304	G	C	0.090518	0.967	3.69726	5.5E-02	-0.0132599	0.00695573	3.63407	5.7E-02	4.36012	3.7E-02
rs61821643	1	219268532	2.43532	T	C	0.974018	0.889659	9.81506	1.7E-03	-0.0392747	0.0130853	9.00857	2.7E-03	10.0151	1.6E-03
rs12740837	1	219623230	2.43692	G	A	0.983525	0.959021	0.785171	3.8E-01	-0.0131094	0.0157122	0.696139	4.0E-01	0.448821	5.0E-01
rs72732565	1	219687493	2.43716	A	G	0.988065	1	1.26181	2.6E-01	0.016259	0.01812	0.805138	3.7E-01	1.37993	2.4E-01
rs7543050	1	230278291	2.53573	C	G	0.20057	0.991591	63.7373	1.4E-15	0.0403835	0.00490426	67.8049	1.8E-16	71.6661	2.5E-17
rs13402475	2	3639909	0.062179	C	G	0.184037	0.9606	27.6952	1.4E-07	-0.0287786	0.00516372	31.0609	2.5E-08	33.7103	6.4E-09
rs145400326	2	21109020	0.419242	T	C	0.954792	0.960711	79.978	3.8E-19	0.0912138	0.00961931	89.9152	2.5E-21	91.8938	9.1E-22
rs2702132	2	24698726	0.456129	G	A	0.0969677	0.983629	0.0757715	7.8E-01	0.00236232	0.00668757	0.124778	7.2E-01	0.0918189	7.6E-01
rs727805	2	37862717	0.612603	A	C	0.780201	0.985049	1.05795	3.0E-01	-0.00624402	0.00476694	1.71573	1.9E-01	1.12383	2.9E-01
rs80323638	2	43469615	0.682441	G	A	0.900423	0.984528	0.000644701	9.8E-01	0.000253528	0.0066013	0.001475	9.7E-01	0.0196533	8.9E-01
rs4131886	2	48965022	0.765302	A	C	0.732392	0.994242	11.9719	5.4E-04	-0.0147724	0.00445564	10.9921	9.2E-04	14.5203	1.4E-04
rs2717063	2	58110969	0.847489	C	A	0.413983	0.989245	3.57947	5.8E-02	-0.00730282	0.0040061	3.32306	6.8E-02	3.9949	4.6E-02
rs17681189	2	65976175	0.914128	C	A	0.577572	0.997123	1.0794	3.0E-01	0.00347823	0.00397702	0.764894	3.8E-01	1.32632	2.5E-01
rs1549383	2	66167564	0.916627	G	A	0.673718	0.996964	0.321973	5.7E-01	-0.00141638	0.00420058	0.113695	7.4E-01	0.0446677	8.3E-01
rs3890755	2	66744603	0.924308	C	T	0.477091	0.981761	0.26542	6.1E-01	0.000975072	0.00396299	0.060538	8.1E-01	0.0853522	7.7E-01
rs11123788	2	100205498	1.21955	A	C	0.324943	0.986149	6.70307	9.6E-03	0.00994609	0.00421816	5.5598	1.8E-02	6.05314	1.4E-02
rs72946301	2	111861838	1.33125	G	A	0.904588	0.964859	8.18724	4.2E-03	0.0196903	0.00679959	8.38571	3.8E-03	10.389	1.3E-03
rs58099056	2	112156865	1.33603	C	T	0.433037	0.765973	0.360655	5.5E-01	0.00241079	0.00451467	0.285146	5.9E-01	0.516614	4.7E-01
rs4571059	2	114599209	1.35996	C	T	0.38914	0.997618	2.42603	1.2E-01	-0.00697805	0.00403888	2.98501	8.4E-02	2.50433	1.1E-01
rs1527418	2	119540832	1.39651	T	G	0.352372	0.9994	1.65777	2.0E-01	0.00488984	0.00409863	1.42336	2.3E-01	2.28562	1.3E-01
rs78876301	2	158234589	1.75901	A	C	0.987135	0.782415	0.0106804	9.2E-01	0.00796935	0.0197153	0.163395	6.9E-01	0.0148048	9.0E-01
rs2198562	2	158465673	1.76316	C	G	0.946945	0.98702	0.0627491	8.0E-01	-7.78525e-05	0.00879971	7.82725e-05	9.9E-01	0.0453807	8.3E-01
rs78343493	2	165502911	1.8149	G	A	0.879696	0.994826	72.3506	1.8E-17	0.0489795	0.00604153	65.7257	5.2E-16	60.5565	7.1E-15
rs142657805	2	165570358	1.81517	T	C	0.984821	0.93372	7.35137	6.7E-03	-0.048372	0.0165685	8.52354	3.5E-03	9.22917	2.4E-03
rs72882321	2	172298662	1.8972	C	T	0.821515	0.98752	0.0699506	7.9E-01	0.00106492	0.0051632	0.0425396	8.4E-01	0.00232313	9.6E-01
rs13412001	2	187720020	2.04017	T	G	0.669822	0.998277	2.87128	9.0E-02	0.00717115	0.00417892	2.94476	8.6E-02	3.56697	5.9E-02
rs752919	2	206959970	2.2004	G	A	0.580196	0.999388	0.42708	5.1E-01	0.00255802	0.0039791	0.413274	5.2E-01	0.481484	4.9E-01
rs1250248	2	216287093	2.28549	A	G	0.271229	0.996374	0.0439481	8.3E-01	-0.00117898	0.00442611	0.0709523	7.9E-01	0.197446	6.6E-01
rs2373074	2	218381350	2.32413	C	T	0.903259	0.998908	0.547896	4.6E-01	-0.00598375	0.00664743	0.810288	3.7E-01	0.596615	4.4E-01
rs6756793	2	225028919	2.42506	T	C	0.557892	0.993621	1.80699	1.8E-01	0.00544808	0.00396216	1.8907	1.7E-01	1.56164	2.1E-01
rs35419826	2	239719323	2.67375	G	A	0.81942	0.987245	0.18277	6.7E-01	0.00298384	0.00512967	0.338354	5.6E-01	0.07763	7.8E-01
rs346070	3	11303874	0.281373	T	C	0.17381	0.995354	2.75047	9.7E-02	-0.00968849	0.00520482	3.46498	6.3E-02	4.53247	3.3E-02
rs2600271	3	12036176	0.296828	T	C	0.171488	1	0.552128	4.6E-01	-0.00568873	0.00521172	1.19143	2.8E-01	0.631681	4.3E-01
rs6763925	3	12515602	0.299217	T	C	0.704596	0.990971	7.13583	7.6E-03	0.0109621	0.00432414	6.42667	1.1E-02	5.55371	1.8E-02
rs10490869	3	35635145	0.595764	A	T	0.789179	0.990849	3.52123	6.1E-02	-0.00814542	0.00482968	2.84439	9.2E-02	4.5195	3.4E-02
rs2844360	3	37571178	0.612433	A	G	0.405592	0.99991	0.727429	3.9E-01	-0.0037464	0.00400405	0.875447	3.5E-01	1.45559	2.3E-01
rs79506763	3	43736378	0.664873	T	G	0.970457	0.974761	4.48116	3.4E-02	0.0228559	0.0117493	3.78415	5.2E-02	3.63714	5.7E-02
rs11926707	3	46925539	0.687568	T	C	0.379205	0.985514	12.3574	4.4E-04	-0.0137041	0.00407276	11.322	7.7E-04	14.0072	1.8E-04
rs4858828	3	48724811	0.68972	C	T	0.348576	0.999091	0.247984	6.2E-01	-0.00334798	0.00412216	0.659653	4.2E-01	0.36702	5.4E-01
rs352155	3	52213653	0.694659	T	C	0.953063	0.882506	9.20082	2.4E-03	0.0314711	0.00980784	10.2962	1.3E-03	8.07664	4.5E-03
rs7643235	3	53227428	0.699142	T	C	0.415041	0.989215	4.52156	3.3E-02	0.00919255	0.00399781	5.28724	2.1E-02	3.61179	5.7E-02
rs6445415	3	64602006	0.869066	A	G	0.730167	0.995303	0.302104	5.8E-01	-0.00431	0.00443517	0.944352	3.3E-01	0.747029	3.9E-01
rs4688498	3	64674599	0.871028	C	T	0.669904	0.985151	1.32812	2.5E-01	0.00390629	0.00421648	0.858278	3.5E-01	0.958852	3.3E-01
rs997274	3	78704821	1.06722	T	C	0.749726	0.994327	0.53213	4.7E-01	0.00408895	0.00456121	0.803642	3.7E-01	1.36733	2.4E-01
rs12490079	3	99242097	1.12956	T	C	0.762721	0.996476	0.281899	6.0E-01	0.0018072	0.00462251	0.152847	7.0E-01	0.0379495	8.5E-01
rs644342	3	107255235	1.19654	A	T	0.163705	0.995834	0.132349	7.2E-01	0.00206289	0.00530991	0.150931	7.0E-01	0.436041	5.1E-01
rs9859117	3	127397553	1.40841	G	C	0.7975	0.997121	7.44633	6.4E-03	-0.0150787	0.00491165	9.42488	2.1E-03	8.91626	2.8E-03
rs55930886	3	128747421	1.42294	C	T	0.919276	0.981412	0.0342613	8.5E-01	-0.00109391	0.00728281	0.0225614	8.8E-01	0.0342551	8.5E-01
rs2625970	3	129282977	1.42613	C	T	0.686506	0.99718	3.62124	5.7E-02	0.00670059	0.0042414	2.49578	1.1E-01	2.278	1.3E-01
rs28850104	3	129747349	1.42834	C	T	0.721035	0.928021	0.498988	4.8E-01	0.00368538	0.00454681	0.656977	4.2E-01	0.457948	5.0E-01
rs112551697	3	150018637	1.64271	G	A	0.965346	0.928479	12.6844	3.7E-04	-0.0413279	0.011115	13.825	2.0E-04	16.7071	4.4E-05
rs73170826	3	156793907	1.71229	C	T	0.908171	1	4.35975	3.7E-02	0.0155752	0.00679658	5.25153	2.2E-02	6.13608	1.3E-02
rs6805879	3	168811680	1.77814	G	A	0.637095	0.998887	1.26396	2.6E-01	-0.00335505	0.00408972	0.672994	4.1E-01	0.583546	4.4E-01
rs35430985	3	185488303	2.01654	C	A	0.732768	0.99119	2.29832	1.3E-01	-0.00708094	0.00445761	2.52335	1.1E-01	2.76776	9.6E-02
rs75072999	4	844781	0.00782036	G	A	0.905079	0.991302	3.867	4.9E-02	0.0141827	0.00673517	4.43425	3.5E-02	3.71466	5.4E-02
rs748483	4	952409	0.00822297	A	G	0.892289	0.99682	8.53627	3.5E-03	-0.0193701	0.00635077	9.3027	2.3E-03	10.1888	1.4E-03
rs917681	4	13247539	0.271091	C	T	0.699846	0.993933	0.0965035	7.6E-01	0.00212128	0.00429074	0.244418	6.2E-01	0.197733	6.6E-01
rs7663994	4	15353649	0.298855	C	G	0.644674	0.999402	0.743888	3.9E-01	0.00310381	0.00410401	0.571969	4.5E-01	0.937362	3.3E-01
rs7692990	4	26007090	0.455953	C	T	0.441312	0.992624	4.10063	4.3E-02	0.00838938	0.00396978	4.46607	3.5E-02	4.77783	2.9E-02
rs73245728	4	26206514	0.460458	A	C	0.93585	0.981901	1.59784	2.1E-01	-0.0122988	0.00811063	2.2994	1.3E-01	2.73598	9.8E-02
rs11935857	4	56204865	0.730139	C	A	0.812475	0.979003	0.211155	6.5E-01	-0.00344792	0.00508047	0.46058	5.0E-01	0.166767	6.8E-01
rs10021790	4	87772240	1.02884	T	C	0.628469	0.99281	55.79	8.1E-14	-0.0311234	0.00409009	57.9039	2.8E-14	64.7481	8.5E-16
rs10021465	4	89750361	1.04993	A	G	0.668796	0.991313	0.218439	6.4E-01	-0.00217306	0.0041905	0.268914	6.0E-01	0.664267	4.2E-01
rs13109404	4	102896591	1.15605	T	G	0.927918	0.985952	32.4798	1.2E-08	-0.0449702	0.00763877	34.6579	3.9E-09	36.6416	1.4E-09
rs12647922	4	106063987	1.17944	C	T	0.795209	0.998343	0.0910648	7.6E-01	0.00105173	0.00486839	0.0466703	8.3E-01	0.0894329	7.6E-01
rs7655064	4	120106348	1.31331	T	C	0.875575	0.995692	0.247697	6.2E-01	-0.00184782	0.00595813	0.0961831	7.6E-01	0.0361795	8.5E-01
rs7684567	4	122577770	1.33637	T	G	0.694839	0.995022	0.971632	3.2E-01	0.00530207	0.00427898	1.53536	2.2E-01	1.61465	2.0E-01
rs308447	4	123738546	1.34457	C	T	0.632593	1	2.09252	1.5E-01	0.005699	0.0040885	1.94298	1.6E-01	1.89885	1.7E-01
rs13138056	4	125092599	1.35469	A	T	0.472597	0.992452	4.2344	4.0E-02	-0.00878192	0.00395553	4.92913	2.6E-02	4.82141	2.8E-02
rs6841006	4	145228728	1.53715	G	A	0.264421	0.987202	0.0413653	8.4E-01	0.000974168	0.00449749	0.0469167	8.3E-01	0.0384456	8.4E-01
rs17725600	4	146027434	1.53886	G	T	0.860687	0.971986	0.109872	7.4E-01	0.00293674	0.00576922	0.259118	6.1E-01	0.121909	7.3E-01
rs1996770	4	157615583	1.66075	T	C	0.630845	0.986917	11.0495	8.9E-04	0.0129059	0.00409423	9.93646	1.6E-03	12.1973	4.8E-04
rs2333496	4	177609609	1.88652	C	T	0.300866	0.995482	0.443409	5.1E-01	-0.00262306	0.00429129	0.373629	5.4E-01	0.504362	4.8E-01
rs3107018	5	3975334	0.10127	G	T	0.686484	0.988391	9.68282	1.9E-03	-0.0144174	0.00426446	11.4299	7.2E-04	10.2939	1.3E-03
rs3811968	5	32765489	0.512016	C	A	0.707253	0.994212	0.261853	6.1E-01	0.00408631	0.00432945	0.890833	3.5E-01	1.7649	1.8E-01
rs10074193	5	34041686	0.535424	C	T	0.842213	0.998379	0.579228	4.5E-01	0.00297987	0.00540039	0.30447	5.8E-01	0.134077	7.1E-01
rs6898870	5	53293107	0.644946	G	A	0.739419	0.999245	8.89305	2.9E-03	-0.0129691	0.00448161	8.37438	3.8E-03	10.0668	1.5E-03
rs1559215	5	54867827	0.667887	G	A	0.339937	0.996823	2.54513	1.1E-01	0.00612603	0.00416324	2.16518	1.4E-01	1.05302	3.0E-01
rs61653333	5	55779080	0.679717	G	T	0.970333	0.977169	0.0775935	7.8E-01	0.000271159	0.0117096	0.000536248	9.8E-01	0.000367796	9.8E-01
rs10514979	5	64607614	0.751787	G	C	0.872667	0.993151	0.108716	7.4E-01	-0.00149323	0.00591063	0.0638241	8.0E-01	0.0797024	7.8E-01
rs34592828	5	75996909	0.882256	G	A	0.955474	1	0.720209	4.0E-01	-0.00557235	0.00952786	0.342048	5.6E-01	0.261492	6.1E-01
rs9293709	5	76440463	0.890157	T	C	0.423613	0.992813	0.161816	6.9E-01	0.0034023	0.00399368	0.725768	3.9E-01	1.41889	2.3E-01
rs7734060	5	101780479	1.10738	T	G	0.735256	0.995631	1.40128	2.4E-01	0.00554612	0.00448562	1.52874	2.2E-01	2.01933	1.6E-01
rs2052473	5	118661882	1.27415	T	G	0.74594	0.995141	1.45602	2.3E-01	-0.00502308	0.00451829	1.23592	2.7E-01	0.99096	3.2E-01
rs6897978	5	118789338	1.27483	A	G	0.797726	0.996114	9.98729	1.6E-03	0.0163517	0.00489604	11.1541	8.4E-04	12.6174	3.8E-04
rs1029472	5	130867733	1.38574	G	A	0.0578241	0.998434	11.0708	8.8E-04	0.0278762	0.00844414	10.8982	9.6E-04	11.3372	7.6E-04
rs4705870	5	132159134	1.39016	C	T	0.853985	0.993673	3.90647	4.8E-02	0.0110606	0.00558773	3.91818	4.8E-02	3.9091	4.8E-02
rs10065321	5	141857415	1.48574	C	T	0.583823	0.990853	0.207854	6.5E-01	-0.00098927	0.00401498	0.0607103	8.1E-01	0.0754873	7.8E-01
rs33999	5	141973349	1.48937	C	G	0.611747	0.9834	1.0268	3.1E-01	-0.00369679	0.00405469	0.831253	3.6E-01	0.906502	3.4E-01
rs10477191	5	142077715	1.49476	A	G	0.949961	0.911257	0.312663	5.8E-01	-0.00792468	0.0094377	0.705068	4.0E-01	0.830351	3.6E-01
rs7714046	5	148550501	1.57405	T	C	0.628474	0.988688	0.915703	3.4E-01	0.00291898	0.00408613	0.510315	4.8E-01	0.205707	6.5E-01
rs6879860	5	157879652	1.67625	G	A	0.53925	0.994006	0.185952	6.7E-01	0.00136774	0.00395849	0.119384	7.3E-01	0.0450855	8.3E-01
rs10463020	5	171817717	1.88948	C	T	0.701873	0.996033	0.057199	8.1E-01	-0.0004182	0.00430642	0.00943051	9.2E-01	0.00990502	9.2E-01
rs322388	5	172156062	1.89703	G	A	0.591887	0.995019	1.74992	1.9E-01	0.00578675	0.00400682	2.08578	1.5E-01	1.99607	1.6E-01
rs10035782	5	173270328	1.92939	A	G	0.600853	0.984103	0.622187	4.3E-01	-0.00299608	0.00404731	0.547992	4.6E-01	0.388106	5.3E-01
rs244711	5	176509193	1.99996	C	T	0.314341	0.866155	2.13946	1.4E-01	-0.00846089	0.00455329	3.45287	6.3E-02	3.05617	8.0E-02
rs1294447	6	6724416	0.18091	T	C	0.493581	0.983229	1.02633	3.1E-01	0.00348341	0.00395478	0.775826	3.8E-01	1.30631	2.5E-01
rs13207230	6	7041700	0.194689	G	A	0.467706	0.982104	0.344346	5.6E-01	-0.00281125	0.00396993	0.501456	4.8E-01	0.659752	4.2E-01
rs7756211	6	20553785	0.409932	G	A	0.682387	0.987745	2.52983	1.1E-01	0.00649284	0.00423842	2.34672	1.3E-01	2.04192	1.5E-01
rs2294823	6	22596987	0.442173	C	T	0.691378	0.988921	3.14289	7.6E-02	-0.00749968	0.00428365	3.06519	8.0E-02	4.98625	2.6E-02
rs35875210	6	25827484	0.49239	A	G	0.744631	0.999945	0.977653	3.2E-01	-0.00363208	0.00450732	0.649345	4.2E-01	0.667223	4.1E-01
rs2394661	6	29672941	0.502055	T	C	0.523232	0.999975	0.0732905	7.9E-01	-0.00158833	0.00392706	0.163586	6.9E-01	0.0547373	8.2E-01
rs114376405	6	30770701	0.507083	G	A	0.988645	0.994696	0.999936	3.2E-01	-0.0306967	0.0185704	2.73239	9.8E-02	3.79436	5.1E-02
rs6923504	6	32428186	0.520212	G	C	0.276443	1	25.8967	3.6E-07	-0.0198621	0.00438811	20.4879	6.0E-06	22.3533	2.3E-06
rs10807138	6	34184938	0.545769	G	A	0.203622	0.984523	7.71187	5.5E-03	0.013788	0.00490842	7.89074	5.0E-03	8.49016	3.6E-03
rs13215052	6	41681835	0.64368	G	A	0.905448	0.992093	0.75512	3.8E-01	-0.00763234	0.00673956	1.28248	2.6E-01	1.74808	1.9E-01
rs6458325	6	43115670	0.668109	C	A	0.555263	0.991189	0.224549	6.4E-01	-0.0027359	0.00397591	0.473507	4.9E-01	1.04241	3.1E-01
rs6458349	6	43759789	0.67705	G	A	0.275853	0.996896	37.9441	7.3E-10	-0.028453	0.00439347	41.9412	9.4E-11	42.4545	7.2E-11
rs7357014	6	43821720	0.680233	A	G	0.699989	0.995614	14.1421	1.7E-04	0.0168664	0.00428888	15.4652	8.4E-05	13.614	2.2E-04
rs969693	6	80587739	0.919139	C	T	0.400483	0.992017	0.894065	3.4E-01	0.00434757	0.0040302	1.1637	2.8E-01	0.565691	4.5E-01
rs9352801	6	80817468	0.920926	G	T	0.553049	0.99904	0.0855779	7.7E-01	-0.0030254	0.00395102	0.586336	4.4E-01	0.187931	6.6E-01
rs4706852	6	81284507	0.922075	A	G	0.662691	0.966467	0.0140548	9.1E-01	-0.00112546	0.0042205	0.0711102	7.9E-01	0.0599179	8.1E-01
rs9341990	6	85391568	0.949845	A	G	0.416806	0.99851	0.000382068	9.8E-01	-0.000628706	0.00398828	0.02485	8.7E-01	0.138251	7.1E-01
rs6924944	6	100597579	1.0811	A	T	0.244413	0.981159	0.170555	6.8E-01	0.00304044	0.00462058	0.432992	5.1E-01	0.698474	4.0E-01
rs11757455	6	112522852	1.21199	G	A	0.932628	1	5.63839	1.8E-02	0.0181432	0.00781545	5.38915	2.0E-02	6.14423	1.3E-02
rs72969772	6	126187585	1.32503	A	G	0.980652	1	0.425074	5.1E-01	-0.00880255	0.0142733	0.380339	5.4E-01	0.585492	4.4E-01
rs9986505	6	126445558	1.32603	A	G	0.674967	0.991308	0.847175	3.6E-01	0.00327425	0.00420322	0.60682	4.4E-01	1.38248	2.4E-01
rs74949497	6	126812007	1.32699	A	C	0.975508	1	9.24922	2.4E-03	-0.0411844	0.0127699	10.4013	1.3E-03	9.94689	1.6E-03
rs139242696	6	127414440	1.32797	T	C	0.974997	0.948341	3.04003	8.1E-02	-0.021239	0.0128969	2.71205	1.0E-01	3.21844	7.3E-02
rs9321204	6	130311831	1.35934	A	G	0.403225	0.957358	10.2509	1.4E-03	-0.0136027	0.00408133	11.1083	8.6E-04	11.8519	5.8E-04
rs7766444	6	139806747	1.50278	A	C	0.677797	1	24.7946	6.4E-07	-0.020244	0.00421045	23.1173	1.5E-06	22.9175	1.7E-06
rs653468	6	139842563	1.5032	G	A	0.670038	0.989353	12.9895	3.1E-04	0.0150063	0.00420469	12.7374	3.6E-04	14.0609	1.8E-04
rs144078421	6	160424890	1.76937	G	A	0.983745	0.986977	58.2581	2.3E-14	0.120544	0.0156134	59.6063	1.2E-14	60.1214	8.9E-15
rs41265930	6	160964135	1.77505	T	C	0.929079	1	89.931	2.5E-21	-0.0707728	0.00764557	85.6865	2.1E-20	95.9337	1.2E-22
rs2158828	7	14227425	0.264083	A	G	0.825893	0.993584	7.9511	4.8E-03	-0.0128634	0.0051896	6.14388	1.3E-02	4.47227	3.4E-02
rs960589	7	25823647	0.43812	A	C	0.837373	0.976235	6.27097	1.2E-02	-0.0135777	0.00538359	6.3607	1.2E-02	6.73563	9.5E-03
rs12671127	7	26309246	0.44373	C	T	0.632826	0.988487	7.3032	6.9E-03	0.0108462	0.004089	7.03598	8.0E-03	6.08319	1.4E-02
rs3823764	7	27187753	0.451849	C	T	0.158387	0.996639	0.623265	4.3E-01	-0.00401031	0.00539039	0.553497	4.6E-01	1.04837	3.1E-01
rs10245867	7	28142186	0.462806	G	T	0.668264	0.99625	4.73255	3.0E-02	-0.00984947	0.00418443	5.54054	1.9E-02	4.6847	3.0E-02
rs17172095	7	42665355	0.680121	A	G	0.679757	0.995026	0.41923	5.2E-01	0.0027517	0.0042173	0.425728	5.1E-01	0.308392	5.8E-01
rs3110697	7	45955029	0.715313	A	G	0.424078	1	0.0821539	7.7E-01	0.00138944	0.00398363	0.121653	7.3E-01	0.0409947	8.4E-01
rs2529411	7	50738482	0.768347	G	C	0.35641	0.995992	3.15448	7.6E-02	0.00930424	0.00410783	5.13023	2.4E-02	4.38569	3.6E-02
rs71553230	7	71997829	0.893615	T	A	0.963515	0.829255	32.5441	1.2E-08	0.0646489	0.0114998	31.6037	1.9E-08	31.2975	2.2E-08
rs181981038	7	72890241	0.899613	G	A	0.93441	0.981953	0.228266	6.3E-01	-0.00396131	0.00798565	0.24607	6.2E-01	0.165465	6.8E-01
rs2052162	7	77171617	0.936702	T	C	0.392075	0.99406	0.652132	4.2E-01	0.0032142	0.00403344	0.635032	4.3E-01	0.165726	6.8E-01
rs9649071	7	84524701	1.03046	A	G	0.746512	0.995148	0.435175	5.1E-01	-0.00316532	0.00452268	0.489827	4.8E-01	0.204909	6.5E-01
rs2158045	7	93082708	1.09422	C	T	0.524967	0.990979	1.54812	2.1E-01	0.00504488	0.00395338	1.62841	2.0E-01	1.87521	1.7E-01
rs411844	7	101692403	1.17334	G	A	0.178199	0.989998	0.0449741	8.3E-01	0.00189434	0.00515252	0.135169	7.1E-01	0.296547	5.9E-01
rs2385537	7	104755514	1.19856	C	A	0.841799	1	3.39931	6.5E-02	-0.0105217	0.0053717	3.83662	5.0E-02	3.75763	5.3E-02
rs1544474	7	107612629	1.24618	A	G	0.548606	1	0.00639107	9.4E-01	0.000378658	0.00394745	0.00920154	9.2E-01	0.0546242	8.2E-01
rs13226446	7	116888161	1.32093	A	G	0.945828	1	0.00359841	9.5E-01	0.00170108	0.00869445	0.0382796	8.4E-01	0.219435	6.4E-01
rs2968349	7	120726926	1.33679	A	C	0.536077	0.996003	4.00674	4.5E-02	0.00689296	0.00395341	3.03995	8.1E-02	4.1504	4.2E-02
rs12154627	7	130422934	1.4017	T	C	0.50585	0.97487	55.0239	1.2E-13	0.0292378	0.00397524	54.096	1.9E-13	59.6841	1.1E-14
rs2980436	8	8092025	0.237424	G	A	0.545084	0.992022	19.5034	1.0E-05	0.0180985	0.00395459	20.945	4.7E-06	19.166	1.2E-05
rs9969455	8	12617155	0.332045	A	G	0.621264	0.941422	6.71123	9.6E-03	0.010474	0.00416847	6.31358	1.2E-02	6.04455	1.4E-02
rs1021435	8	19577267	0.468237	A	G	0.437899	0.978312	57.7516	3.0E-14	0.0294754	0.00399525	54.4292	1.6E-13	56.0467	7.1E-14
rs11989744	8	23567463	0.545466	C	T	0.756869	0.996643	0.0839255	7.7E-01	0.00309657	0.00457358	0.458404	5.0E-01	0.290066	5.9E-01
rs11783974	8	25748695	0.572236	C	T	0.485102	0.994896	0.439731	5.1E-01	0.00192954	0.00392382	0.241819	6.2E-01	0.301838	5.8E-01
rs10504430	8	69559835	0.903728	A	C	0.811769	0.988802	0.496998	4.8E-01	0.00320352	0.00503856	0.404243	5.2E-01	1.11541	2.9E-01
rs17697852	8	71927795	0.936897	T	G	0.906746	0.996851	12.3611	4.4E-04	0.0252702	0.0067598	13.9749	1.9E-04	14.3405	1.5E-04
rs4738139	8	72407665	0.950149	A	G	0.612961	0.993095	2.10949	1.5E-01	-0.00573814	0.00403194	2.02542	1.5E-01	2.06965	1.5E-01
rs4147332	8	89280863	1.08332	G	C	0.323417	0.995784	0.331821	5.6E-01	-0.00213355	0.00419094	0.259168	6.1E-01	0.311371	5.8E-01
rs4871058	8	121342846	1.36475	A	C	0.559535	0.998771	1.30479	2.5E-01	0.00380586	0.00394838	0.92911	3.4E-01	1.19502	2.7E-01
rs144435165	8	126419938	1.45107	G	C	0.945037	0.785853	57.0841	4.2E-14	-0.0755814	0.00968363	60.9192	5.9E-15	60.6947	6.7E-15
rs2954018	8	126477153	1.45319	C	T	0.29933	0.998357	263.654	2.7E-59	0.071341	0.004281	277.707	2.4E-62	293.202	1.0E-65
rs13262081	8	128284766	1.4896	G	C	0.809711	0.995781	0.175753	6.8E-01	-0.000978741	0.00499616	0.0383762	8.4E-01	0.000145527	9.9E-01
rs79116087	9	17137405	0.365515	C	T	0.929634	0.981644	0.10382	7.5E-01	0.00155474	0.00776059	0.0401353	8.4E-01	0.0011107	9.7E-01
rs73650963	9	93943033	1.11642	T	C	0.891543	0.990174	2.19313	1.4E-01	-0.0094042	0.00634263	2.19839	1.4E-01	1.7846	1.8E-01
rs9299401	9	94940133	1.12583	C	T	0.655465	0.998477	0.0689454	7.9E-01	-0.00127501	0.00415015	0.0943847	7.6E-01	0.0755222	7.8E-01
rs4743305	9	101760026	1.18739	T	C	0.629001	0.995307	8.49109	3.6E-03	0.011605	0.00407847	8.0964	4.4E-03	8.80519	3.0E-03
rs2777806	9	107572119	1.23853	T	G	0.919367	0.992866	1.13747	2.9E-01	-0.00708966	0.00723629	0.959883	3.3E-01	0.47704	4.9E-01
rs4149275	9	107638507	1.24287	A	G	0.830894	0.973164	2.10734	1.5E-01	0.00811753	0.00531629	2.33148	1.3E-01	2.36439	1.2E-01
rs2791952	9	107682517	1.24564	T	C	0.100262	1	7.02833	8.0E-03	0.0181418	0.0065451	7.68294	5.6E-03	8.46104	3.6E-03
rs877544	9	113895745	1.33887	A	T	0.442141	0.993686	0.0385574	8.4E-01	-0.000800555	0.00397533	0.0405541	8.4E-01	0.00454568	9.5E-01
rs6478851	9	131561110	1.55426	G	A	0.758307	1	9.62214	1.9E-03	-0.0149106	0.00461035	10.4598	1.2E-03	8.33472	3.9E-03
rs645838	10	3560515	0.0740542	A	G	0.160732	0.985753	0.0463473	8.3E-01	0.0018998	0.00539557	0.123977	7.2E-01	0.276359	6.0E-01
rs66923674	10	4955702	0.105389	G	T	0.866408	0.989502	0.87609	3.5E-01	0.00489991	0.00580666	0.712071	4.0E-01	0.648644	4.2E-01
rs982004	10	27873231	0.532296	C	T	0.488725	0.997636	0.449263	5.0E-01	-0.00307264	0.00394119	0.60781	4.4E-01	0.698467	4.0E-01
rs2769241	10	32556229	0.605363	T	C	0.168613	0.994424	4.74705	2.9E-02	-0.00829723	0.00526595	2.48264	1.2E-01	3.35536	6.7E-02
rs17296943	10	34160764	0.623336	C	G	0.851702	0.9821	1.95298	1.6E-01	-0.00755626	0.00557629	1.83622	1.8E-01	1.90821	1.7E-01
rs10995014	10	63784082	0.859346	T	G	0.964253	0.99699	5.70203	1.7E-02	-0.0260436	0.0106211	6.01267	1.4E-02	6.81611	9.0E-03
rs10762666	10	77157489	1.00522	A	G	0.241686	0.984822	0.344017	5.6E-01	0.000201569	0.00461635	0.00190655	9.7E-01	0.0115828	9.1E-01
rs7078520	10	80892739	1.06411	A	T	0.740237	0.961858	4.63431	3.1E-02	-0.0100441	0.00456903	4.83253	2.8E-02	3.44118	6.4E-02
rs10887758	10	89603315	1.15934	T	C	0.783692	0.990793	9.68549	1.9E-03	-0.0156404	0.00480842	10.5801	1.1E-03	10.8036	1.0E-03
rs1111875	10	94462882	1.21061	C	T	0.592398	1	9.20318	2.4E-03	0.0124347	0.00399808	9.67315	1.9E-03	11.1279	8.5E-04
rs146147771	10	95298687	1.22089	C	T	0.901719	0.997551	23.6792	1.1E-06	-0.0337327	0.00660302	26.0986	3.2E-07	23.7002	1.1E-06
rs11191353	10	104382673	1.30545	A	G	0.599944	0.997917	0.904655	3.4E-01	0.00304626	0.00401025	0.57702	4.5E-01	0.81923	3.7E-01
rs10885396	10	114711755	1.39689	C	T	0.458904	0.998785	0.757957	3.8E-01	-0.00287279	0.00394402	0.530557	4.7E-01	0.405022	5.2E-01
rs82613	10	119295188	1.46384	T	C	0.426942	0.929607	0.151288	7.0E-01	0.00182975	0.00412531	0.196729	6.6E-01	0.290385	5.9E-01
rs36040970	10	122848990	1.52697	G	C	0.837716	0.991662	0.00215103	9.6E-01	0.000317667	0.00534927	0.00352659	9.5E-01	0.000305813	9.9E-01
rs7635	11	721570	0.0105268	C	T	0.540303	0.973097	0.529876	4.7E-01	-0.00236562	0.00399347	0.350906	5.5E-01	0.134744	7.1E-01
rs3812762	11	8751640	0.190568	G	C	0.691057	1	0.00967234	9.2E-01	0.000236522	0.00425717	0.00308675	9.6E-01	0.0784141	7.8E-01
rs11042563	11	9964346	0.198452	G	C	0.440344	0.991529	4.83738	2.8E-02	0.00926473	0.00396944	5.44762	2.0E-02	6.3579	1.2E-02
rs61889189	11	32385875	0.498257	T	G	0.76737	0.997815	0.074743	7.8E-01	-0.00161626	0.00465243	0.120687	7.3E-01	0.0457841	8.3E-01
rs12294763	11	36325764	0.562704	G	A	0.69388	0.955634	5.29176	2.1E-02	0.0125862	0.00435255	8.36187	3.8E-03	9.04632	2.6E-03
rs4647725	11	47245389	0.664953	T	C	0.843202	0.996416	49.1807	2.3E-12	0.0367026	0.00540072	46.1838	1.1E-11	47.3614	5.9E-12
rs198476	11	61525730	0.703236	G	A	0.517734	0.990354	24.4095	7.8E-07	0.0175988	0.00395127	19.8377	8.4E-06	22.6547	1.9E-06
rs4564341	11	61573540	0.704001	C	T	0.9275	0.991114	118.247	1.5E-27	-0.0830046	0.00759687	119.381	8.6E-28	119.829	6.9E-28
rs12362685	11	111478720	1.18727	A	T	0.619791	0.997217	1.61705	2.0E-01	0.00451426	0.00405152	1.24147	2.7E-01	1.32823	2.5E-01
rs139118317	11	116399521	1.25458	C	T	0.98937	0.917436	80.5352	2.9E-19	-0.177099	0.0199313	78.9519	6.4E-19	82.7497	9.3E-20
rs78221557	11	116515528	1.25942	G	A	0.981037	0.969038	90.4345	1.9E-21	-0.137644	0.0146071	88.7944	4.4E-21	90.1216	2.2E-21
rs55776558	11	116527521	1.25984	T	C	0.953042	0.985638	252.323	8.1E-57	-0.152918	0.00936161	266.82	5.6E-60	277.269	3.0E-62
rs116886525	11	116671391	1.26072	C	T	0.990595	0.968355	61.8756	3.7E-15	-0.164554	0.0206832	63.2967	1.8E-15	64.6061	9.1E-16
rs747249	11	130271647	1.49781	A	G	0.360417	0.986641	0.00104355	9.7E-01	-0.000573919	0.00412058	0.0193992	8.9E-01	0.0094217	9.2E-01
rs56196860	12	2908330	0.0629825	C	A	0.967952	1	1.42219	2.3E-01	0.0132235	0.0111283	1.41199	2.3E-01	1.15944	2.8E-01
rs7134375	12	20473758	0.371019	C	A	0.569796	1	44.3586	2.7E-11	0.0264245	0.0039618	44.4865	2.6E-11	41.8644	9.8E-11
rs10844645	12	33737099	0.546138	C	T	0.612236	0.998433	5.31285	2.1E-02	0.00997973	0.00403321	6.12258	1.3E-02	4.84086	2.8E-02
rs11183127	12	45984722	0.590315	T	C	0.769127	0.997415	5.24313	2.2E-02	-0.0111358	0.00465621	5.71973	1.7E-02	6.26427	1.2E-02
rs2544037	12	48215180	0.613432	A	G	0.580418	0.992711	3.80336	5.1E-02	-0.00665301	0.00399188	2.77767	9.6E-02	1.48644	2.2E-01
rs143198407	12	54226638	0.680969	T	C	0.972028	0.902724	0.558282	4.5E-01	0.00858243	0.0125671	0.466389	4.9E-01	0.334233	5.6E-01
rs58494653	12	54353102	0.683562	C	G	0.875623	1	0.533859	4.6E-01	-0.00539821	0.00596283	0.819586	3.7E-01	0.77149	3.8E-01
rs2277339	12	57146069	0.717337	T	G	0.896292	1	7.87063	5.0E-03	-0.0196926	0.00643837	9.35525	2.2E-03	11.1724	8.3E-04
rs7308561	12	66417277	0.793828	T	C	0.686889	0.990119	0.175167	6.8E-01	-0.00260788	0.00424755	0.376964	5.4E-01	2.00937e-05	1.0E+00
rs1388214	12	77901810	0.936483	A	G	0.323754	0.997208	1.8857	1.7E-01	-0.00400155	0.00419702	0.909022	3.4E-01	1.07944	3.0E-01
rs10745659	12	94092690	1.0816	C	G	0.555291	0.994516	0.442796	5.1E-01	-0.00146004	0.00396866	0.135345	7.1E-01	0.133139	7.2E-01
rs10778495	12	106991545	1.2616	A	G	0.720903	0.990603	5.72846	1.7E-02	-0.0106692	0.00438503	5.91995	1.5E-02	7.61035	5.8E-03
rs10778609	12	108545985	1.27639	A	C	0.742853	1	0.0754161	7.8E-01	0.000820895	0.00449679	0.0333249	8.6E-01	0.00111053	9.7E-01
rs12817870	12	113516445	1.31248	C	T	0.757872	0.987895	1.34429	2.5E-01	-0.00435293	0.00460976	0.891675	3.5E-01	0.705251	4.0E-01
rs11043299	12	122483139	1.4653	T	C	0.374937	0.862609	10.0177	1.6E-03	0.01406	0.00436465	10.377	1.3E-03	10.5652	1.2E-03
rs11613937	12	123520071	1.47156	C	T	0.293515	0.997111	22.3705	2.2E-06	-0.0204356	0.00433184	22.2553	2.4E-06	22.4193	2.2E-06
rs180797383	12	124164661	1.47737	T	A	0.967798	0.87352	7.14593	7.5E-03	0.0350174	0.0119043	8.65291	3.3E-03	9.93631	1.6E-03
rs825461	12	124561803	1.47937	C	T	0.418055	0.998641	39.3804	3.5E-10	-0.0250379	0.00397972	39.5815	3.1E-10	38.7175	4.9E-10
rs73223535	12	124744902	1.48319	T	G	0.940631	0.996243	0.33606	5.6E-01	-0.00702218	0.00831552	0.713124	4.0E-01	0.727322	3.9E-01
rs12828318	12	133766122	1.75135	A	G	0.817811	0.994773	4.99752	2.5E-02	0.0121217	0.0051073	5.63301	1.8E-02	6.37478	1.2E-02
rs7993238	13	22473593	0.0544542	A	C	0.630918	0.976757	0.481356	4.9E-01	-0.00373402	0.00411875	0.821907	3.6E-01	1.82854	1.8E-01
rs9579574	13	31025634	0.263469	A	G	0.300773	0.992156	2.61676	1.1E-01	-0.00773222	0.00431579	3.20987	7.3E-02	2.58503	1.1E-01
rs10507524	13	44684600	0.468128	T	C	0.905843	0.994143	0.204091	6.5E-01	-0.00433185	0.00676529	0.40999	5.2E-01	0.629971	4.3E-01
rs9526614	13	50443558	0.53659	C	G	0.791108	0.994701	0.38744	5.3E-01	0.00471205	0.0048517	0.943261	3.3E-01	1.00426	3.2E-01
rs11617234	13	50948954	0.538883	A	G	0.926287	0.984708	0.800654	3.7E-01	-0.00702789	0.00757213	0.861417	3.5E-01	0.556791	4.6E-01
rs1239945	13	51107757	0.539575	G	A	0.456329	0.998944	3.70552	5.4E-02	-0.00788139	0.00395043	3.98032	4.6E-02	3.44634	6.3E-02
rs682044	13	78057520	0.772271	T	G	0.131808	0.995851	0.28872	5.9E-01	0.00385228	0.00581776	0.438454	5.1E-01	0.854228	3.6E-01
rs627527	13	110915135	1.21483	G	A	0.417975	0.983958	3.23962	7.2E-02	0.00732533	0.00401825	3.32339	6.8E-02	2.47699	1.2E-01
rs4773157	13	110992623	1.22123	C	A	0.727249	0.982597	5.06033	2.4E-02	0.0106716	0.00446101	5.72257	1.7E-02	5.27831	2.2E-02
rs1057119	14	23746269	0.116581	C	G	0.761562	1	2.13996	1.4E-01	0.00631176	0.0046088	1.87554	1.7E-01	2.00199	1.6E-01
rs12435790	14	35154381	0.324801	A	G	0.921633	0.964911	1.61043	2.0E-01	0.00875117	0.0074531	1.37866	2.4E-01	1.29714	2.5E-01
rs1253682	14	52463153	0.462213	C	T	0.529536	0.995617	4.64669	3.1E-02	-0.0090758	0.0039427	5.29886	2.1E-02	6.31675	1.2E-02
rs6573193	14	58684872	0.537805	T	C	0.344869	0.992731	3.30836	6.9E-02	0.00696098	0.00414579	2.8192	9.3E-02	2.58274	1.1E-01
rs10483820	14	69138371	0.619511	A	G	0.630522	0.99172	8.4191	3.7E-03	0.0117185	0.00410154	8.16297	4.3E-03	7.30982	6.9E-03
rs2526882	14	71374702	0.651568	G	A	0.336003	0.997711	11.0459	8.9E-04	-0.013374	0.00416944	10.2889	1.3E-03	9.96705	1.6E-03
rs1286290	14	91313812	0.881552	G	C	0.385149	0.981585	0.183817	6.7E-01	0.00164062	0.00406823	0.162632	6.9E-01	0.725051	3.9E-01
rs8015434	14	98365042	1.02737	C	A	0.468539	0.997757	7.19253	7.3E-03	-0.0103289	0.00394226	6.8646	8.8E-03	6.44277	1.1E-02
rs28562771	15	31675913	0.452754	C	A	0.34803	0.979544	0.00422084	9.5E-01	0.000985061	0.004161	0.0560441	8.1E-01	0.0822276	7.7E-01
rs12900478	15	37368160	0.565158	G	C	0.763108	0.993766	0.251753	6.2E-01	0.00317305	0.00463435	0.468788	4.9E-01	0.444286	5.1E-01
rs2263551	15	40979543	0.629313	G	A	0.496718	0.998608	5.89762	1.5E-02	-0.00948566	0.00393882	5.79967	1.6E-02	4.59795	3.2E-02
rs2899470	15	51503677	0.705473	T	G	0.441299	0.998139	0.759165	3.8E-01	-0.00295302	0.00395987	0.556124	4.6E-01	0.317163	5.7E-01
rs11630710	15	56364758	0.756318	G	T	0.893036	0.979091	1.95057	1.6E-01	-0.00868381	0.00644073	1.81782	1.8E-01	1.7127	1.9E-01
rs117737827	15	63804248	0.876681	C	T	0.843258	0.99712	15.421	8.6E-05	-0.0223098	0.00541566	16.9703	3.8E-05	19.5869	9.6E-06
rs7497064	15	66990159	0.901829	T	C	0.7565	1	2.4966	1.1E-01	-0.0066397	0.00458966	2.09284	1.5E-01	1.34142	2.5E-01
rs8023330	15	74220599	0.994732	A	G	0.533673	0.994093	0.158319	6.9E-01	-0.00179317	0.00393609	0.207545	6.5E-01	0.273773	6.0E-01
rs12905116	15	79042734	1.02295	T	A	0.243151	0.998559	0.0205557	8.9E-01	0.00106443	0.00457684	0.0540878	8.2E-01	0.424236	5.1E-01
rs8024294	15	94023132	1.27326	G	A	0.893534	0.984354	0.26192	6.1E-01	0.00386327	0.00642323	0.361745	5.5E-01	0.819637	3.7E-01
rs2654980	15	99504843	1.43056	C	T	0.75401	1	0.679403	4.1E-01	-0.00288015	0.00456113	0.398735	5.3E-01	0.337657	5.6E-01
rs2603229	15	100263499	1.44349	T	C	0.24783	0.99299	1.31648	2.5E-01	0.00424725	0.00456354	0.866187	3.5E-01	1.4716	2.3E-01
rs28610092	16	2155819	0.0436929	A	C	0.831908	0.992512	3.10833	7.8E-02	0.0073938	0.00527476	1.96485	1.6E-01	2.48659	1.1E-01
rs740375	16	4412868	0.0825739	C	G	0.436546	0.994477	1.83327	1.8E-01	0.00670109	0.00397342	2.84421	9.2E-02	2.77618	9.6E-02
rs73577318	16	49847602	0.582083	T	C	0.893989	0.973176	1.15957	2.8E-01	0.00827748	0.0064659	1.63885	2.0E-01	1.38749	2.4E-01
rs2192868	16	53428284	0.643286	G	A	0.549643	0.983829	1.06939	3.0E-01	-0.00402105	0.00398385	1.01876	3.1E-01	1.18185	2.8E-01
rs7205692	16	56986914	0.730024	A	G	0.844175	0.983611	75.1303	4.4E-18	-0.0462724	0.00545446	71.9683	2.2E-17	78.4076	8.4E-19
rs291043	16	57012699	0.730634	A	G	0.662445	0.993688	167.379	2.8E-38	-0.0546408	0.00416797	171.864	2.9E-39	184.808	4.3E-42
rs3730393	16	67226405	0.849683	G	A	0.959467	0.981611	2.94039	8.6E-02	0.0161457	0.0100471	2.58244	1.1E-01	3.46056	6.3E-02
rs310011	16	81471654	1.04471	A	G	0.459339	0.974154	8.28981	4.0E-03	0.0121797	0.00399874	9.27736	2.3E-03	9.56223	2.0E-03
rs4889326	16	81533662	1.04573	C	T	0.781583	1	15.9862	6.4E-05	0.018699	0.00474174	15.5511	8.0E-05	16.5608	4.7E-05
rs8076112	17	1612199	0.0581967	A	C	0.824836	0.985586	0.0157263	9.0E-01	0.00236808	0.00520718	0.206817	6.5E-01	0.452227	5.0E-01
rs12942967	17	3921834	0.111825	C	T	0.815615	0.995978	4.41038	3.6E-02	-0.0107224	0.00507283	4.46767	3.5E-02	4.5703	3.3E-02
rs4151121	17	7342294	0.196019	A	G	0.625168	0.994674	4.81842	2.8E-02	0.00826284	0.00406968	4.12228	4.2E-02	4.68711	3.0E-02
rs1242488	17	17347995	0.443205	C	A	0.250308	0.994678	0.0404226	8.4E-01	0.00107727	0.00453912	0.0563258	8.1E-01	0.00030231	9.9E-01
rs897456	17	17422608	0.444631	A	G	0.942078	1	21.2985	3.9E-06	-0.0401539	0.00841385	22.7754	1.8E-06	23.4792	1.3E-06
rs7222766	17	27679725	0.495692	A	G	0.483785	1	0.360994	5.5E-01	-0.00114841	0.00393575	0.0851408	7.7E-01	0.12942	7.2E-01
rs9303642	17	29578360	0.501265	T	C	0.699117	0.999507	0.578293	4.5E-01	0.00341663	0.0042837	0.636147	4.3E-01	0.574726	4.5E-01
rs9907244	17	39980900	0.660119	T	C	0.563724	0.983666	1.41828	2.3E-01	-0.00503712	0.00399486	1.58986	2.1E-01	2.64981	1.0E-01
rs76868109	17	41776943	0.672597	A	C	0.965841	1	114.508	1.0E-26	-0.117814	0.0107938	119.135	9.8E-28	124.74	5.8E-29
rs55938136	17	43798360	0.68845	A	G	0.776371	0.999875	3.27418	7.0E-02	-0.00928742	0.00472524	3.86316	4.9E-02	3.28995	7.0E-02
rs7211277	17	53654467	0.791648	G	A	0.798348	0.999226	0.191208	6.6E-01	-0.0033705	0.00490686	0.471827	4.9E-01	0.212686	6.4E-01
rs227734	17	54767470	0.807961	C	T	0.705592	0.996371	0.0925025	7.6E-01	-0.00108526	0.00430944	0.0634193	8.0E-01	0.260223	6.1E-01
rs1000423	17	59475642	0.870966	C	T	0.266359	0.997908	0.603763	4.4E-01	0.00372517	0.00445022	0.700695	4.0E-01	0.617369	4.3E-01
rs12450700	17	65368899	0.93572	T	G	0.599546	1	8.21454	4.2E-03	0.0135199	0.00402651	11.2743	7.9E-04	10.1425	1.4E-03
rs236571	17	68224214	0.981608	T	C	0.579338	0.994747	0.0965715	7.6E-01	0.000727467	0.00399253	0.0331994	8.6E-01	0.00670696	9.3E-01
rs9899174	17	73249256	1.09811	G	A	0.300739	0.995636	24.9792	5.8E-07	-0.0204873	0.00428221	22.8894	1.7E-06	21.5385	3.5E-06
rs35568625	17	79906748	1.2711	T	C	0.468095	0.986934	2.1801	1.4E-01	0.0049474	0.00397568	1.54857	2.1E-01	1.04606	3.1E-01
rs3810068	18	2846499	0.0738566	T	C	0.595835	1	5.62819	1.8E-02	0.00885036	0.00400008	4.89536	2.7E-02	4.50136	3.4E-02
rs4445996	18	20686403	0.42904	A	G	0.0906024	0.99743	0.277117	6.0E-01	-0.00434602	0.00687841	0.399216	5.3E-01	0.295439	5.9E-01
rs6507588	18	42419103	0.621385	C	T	0.871061	0.984573	0.145861	7.0E-01	-0.00369593	0.00591246	0.390761	5.3E-01	0.218512	6.4E-01
rs357897	18	46584184	0.687094	C	T	0.152899	0.998869	0.0163564	9.0E-01	0.00031366	0.00546292	0.00329662	9.5E-01	0.000142268	9.9E-01
rs12454712	18	60845884	0.867586	T	C	0.623677	1	7.14215	7.5E-03	0.00943623	0.00405012	5.42826	2.0E-02	6.08791	1.4E-02
rs12979965	19	2131148	0.0753026	A	G	0.499421	0.991113	0.703524	4.0E-01	-0.00323563	0.00394901	0.671341	4.1E-01	0.522269	4.7E-01
rs8887	19	4502201	0.151456	T	C	0.429482	0.976879	4.83259	2.8E-02	-0.0076174	0.00400151	3.6238	5.7E-02	2.06335	1.5E-01
rs12973279	19	7207796	0.229604	C	A	0.25493	0.988505	12.2017	4.8E-04	0.0167551	0.00453581	13.6452	2.2E-04	13.6179	2.2E-04
rs889129	19	10070954	0.303184	T	A	0.123141	0.971029	0.0102456	9.2E-01	-0.000849329	0.00607164	0.0195677	8.9E-01	0.0382195	8.5E-01
rs17766692	19	11342599	0.323489	C	T	0.940667	0.993783	0.0543837	8.2E-01	-0.00290141	0.00833334	0.121222	7.3E-01	1.02506	3.1E-01
rs17885551	19	18179672	0.447176	T	C	0.787767	0.995941	3.42106	6.4E-02	0.0107343	0.00480981	4.98066	2.6E-02	4.96004	2.6E-02
rs73001065	19	19460541	0.462151	G	C	0.930303	0.994964	26.3291	2.9E-07	0.0415104	0.00773285	28.816	8.0E-08	27.8313	1.3E-07
rs8111715	19	33777725	0.560349	G	A	0.816781	0.899887	2.28341	1.3E-01	-0.00726534	0.0053457	1.84715	1.7E-01	1.47643	2.2E-01
rs142183293	19	33815690	0.561736	G	A	0.988446	0.92253	0.280033	6.0E-01	-0.00881576	0.0191142	0.212719	6.4E-01	0.338979	5.6E-01
rs17530508	19	33860858	0.561933	C	T	0.827431	0.986076	0.366395	5.4E-01	0.00337568	0.00522905	0.416751	5.2E-01	1.02152	3.1E-01
rs62117160	19	45232161	0.700034	G	A	0.95457	1	100.572	1.1E-23	-0.095451	0.00943506	102.346	4.7E-24	107.48	3.5E-25
rs112450640	19	45296364	0.703043	G	A	0.980494	0.986145	124.426	6.8E-29	-0.160667	0.0143087	126.082	3.0E-29	134.292	4.7E-31
rs34132828	19	46163870	0.718413	A	G	0.823266	0.982984	0.712454	4.0E-01	-0.0040204	0.00519157	0.59971	4.4E-01	0.746766	3.9E-01
rs2864436	19	55986637	0.996315	T	C	0.754362	1	4.84622	2.8E-02	-0.0107708	0.00455333	5.59552	1.8E-02	4.97827	2.6E-02
rs151235402	20	569164	0.0196907	C	T	0.984501	0.956324	20.117	7.3E-06	-0.071004	0.0162816	19.0183	1.3E-05	22.5973	2.0E-06
rs2664375	20	5654126	0.19027	C	A	0.731372	0.963021	0.632814	4.3E-01	-0.00365477	0.00451639	0.654844	4.2E-01	0.624169	4.3E-01
rs8126025	20	6480713	0.213787	A	C	0.761313	0.987748	3.85235	5.0E-02	-0.00834762	0.00463255	3.24703	7.2E-02	2.66668	1.0E-01
rs6047259	20	21098319	0.480462	C	T	0.378645	0.990815	1.29537	2.6E-01	-0.00616823	0.00407506	2.29115	1.3E-01	3.00362	8.3E-02
rs112928119	20	33726451	0.537689	C	T	0.787836	0.995325	0.153391	7.0E-01	-0.00168046	0.00481986	0.121559	7.3E-01	0.264087	6.1E-01
rs13037366	20	38889128	0.585257	T	C	0.708362	0.997929	2.67365	1.0E-01	0.00939447	0.00433603	4.69419	3.0E-02	4.91204	2.7E-02
rs6016511	20	39709255	0.597567	T	C	0.67815	0.999652	6.87529	8.7E-03	-0.0110643	0.00419666	6.95093	8.4E-03	5.37667	2.0E-02
rs11699991	20	45489407	0.689702	T	A	0.670631	0.988835	0.495547	4.8E-01	0.0039428	0.0042085	0.877719	3.5E-01	1.65918	2.0E-01
rs1999536	20	45581777	0.691337	G	C	0.429504	0.994672	3.21111	7.3E-02	0.00608423	0.0039816	2.33505	1.3E-01	2.95725	8.5E-02
rs7271567	20	50871810	0.791153	G	A	0.901241	0.995145	3.33344e-06	1.0E+00	0.00215585	0.00661507	0.106211	7.4E-01	0.036069	8.5E-01
rs1936966	20	51691779	0.801626	C	T	0.672248	0.982215	0.645118	4.2E-01	0.00367748	0.00423995	0.752282	3.9E-01	0.867945	3.5E-01
rs2105063	20	62690683	1.09651	C	T	0.438477	1	6.27478	1.2E-02	0.00990613	0.00396951	6.2278	1.3E-02	7.0778	7.8E-03
rs28451064	21	35593827	0.362865	G	A	0.868938	0.957975	0.000270437	9.9E-01	-0.00021694	0.0059599	0.00132496	9.7E-01	5.09016e-06	1.0E+00
rs4507181	21	36748497	0.391139	A	C	0.445998	0.990087	0.380466	5.4E-01	-0.00256586	0.00396834	0.418069	5.2E-01	0.717355	4.0E-01
rs2836140	21	39452670	0.432405	C	T	0.518718	1	0.0024369	9.6E-01	-0.00110243	0.00395245	0.0777974	7.8E-01	0.544487	4.6E-01
rs2330396	21	47524380	0.643685	A	C	0.491749	0.996498	0.979844	3.2E-01	-0.00447052	0.00392248	1.29895	2.5E-01	2.04251	1.5E-01
rs9613412	22	27647065	0.308304	C	A	0.905777	0.972438	1.21	2.7E-01	0.00657692	0.00683841	0.924984	3.4E-01	0.729773	3.9E-01
rs2283847	22	28181399	0.334885	C	T	0.447854	0.951267	3.0038	8.3E-02	-0.00683267	0.00406504	2.8252	9.3E-02	3.15225	7.6E-02
rs9625551	22	29140529	0.338663	G	A	0.979024	0.995212	0.0105413	9.2E-01	0.000369951	0.0137646	0.000722374	9.8E-01	0.00798324	9.3E-01
rs5997898	22	31572963	0.355537	A	C	0.420656	0.998342	0.112363	7.4E-01	-0.00142253	0.0039873	0.127282	7.2E-01	0.575882	4.5E-01
rs801597	22	47190735	0.614737	T	G	0.275448	0.998113	0.0916121	7.6E-01	0.00158636	0.00440031	0.129967	7.2E-01	0.0103885	9.2E-01
