SNP	CHR	BP	GENPOS	ALLELE1	ALLELE0	A1FREQ	INFO	CHISQ_LINREG	P_LINREG	BETA	SE	CHISQ_BOLT_LMM_INF	P_BOLT_LMM_INF	CHISQ_BOLT_LMM	P_BOLT_LMM
rs10909862	1	2936815	0.0400559	G	A	0.1928	0.987988	1.93391	1.6E-01	0.00960056	0.00717995	1.78793	1.8E-01	1.73183	1.9E-01
rs10909862	1	2936815	0.0400559	G	A	0.1928	0.987988	1.93391	1.6E-01	0.00960056	0.00717995	1.78793	1.8E-01	1.73183	1.9E-01
rs1294014	1	9325676	0.18921	C	T	0.732088	0.974098	3.40642	6.5E-02	-0.0127582	0.00645462	3.90698	4.8E-02	4.15054	4.2E-02
rs10753554	1	23619009	0.461644	T	C	0.260317	0.989627	3.92002	4.8E-02	-0.0127425	0.00644841	3.90487	4.8E-02	3.74226	5.3E-02
rs12117661	1	55487346	0.808955	C	G	0.755046	0.987273	65.7599	5.1E-16	0.0544883	0.00660289	68.0985	1.6E-16	68.2676	1.4E-16
rs12029068	1	62904295	0.922794	C	T	0.647955	0.997712	28.0216	1.2E-07	0.0323008	0.00589645	30.0086	4.3E-08	35.549	2.5E-09
rs875868	1	65539253	0.960443	A	C	0.697717	0.993511	0.151197	7.0E-01	0.00244361	0.00615113	0.157817	6.9E-01	0.0972187	7.6E-01
rs10889551	1	65906137	0.967654	A	G	0.326867	0.995997	1.15859	2.8E-01	0.00633561	0.00602113	1.10719	2.9E-01	1.78191	1.8E-01
rs71658797	1	77967507	1.07336	T	A	0.879141	0.99054	0.496109	4.8E-01	0.00469492	0.00865844	0.29402	5.9E-01	0.00312182	9.6E-01
rs1415361	1	103562263	1.33102	C	T	0.402104	0.995554	3.26703	7.1E-02	-0.00975748	0.00575483	2.87482	9.0E-02	4.28067	3.9E-02
rs77579579	1	109818128	1.38716	C	T	0.959804	0.994096	32.1561	1.4E-08	0.0804698	0.0144089	31.1892	2.3E-08	32.3421	1.3E-08
rs116679284	1	119014845	1.50751	C	T	0.963654	0.948411	1.45431	2.3E-01	-0.0177092	0.0154569	1.31267	2.5E-01	1.38883	2.4E-01
rs1766783	1	119434896	1.50931	A	C	0.181268	0.981355	0.120678	7.3E-01	-0.00161423	0.00736632	0.0480206	8.3E-01	0.179545	6.7E-01
rs3738479	1	150997842	1.65945	T	A	0.765906	0.995486	4.45385	3.5E-02	-0.0148899	0.00666573	4.98984	2.5E-02	4.64721	3.1E-02
rs79810698	1	154836444	1.69767	C	A	0.95565	1	1.21322	2.7E-01	0.0129937	0.0136756	0.902766	3.4E-01	0.872454	3.5E-01
rs10494421	1	164738727	1.83743	C	T	0.880829	1	0.625107	4.3E-01	-0.00639656	0.00868912	0.541928	4.6E-01	0.110821	7.4E-01
rs3121911	1	170212480	1.91705	G	A	0.744389	0.993907	0.0888787	7.7E-01	0.00107205	0.00643759	0.0277323	8.7E-01	0.0666344	8.0E-01
rs17346300	1	170510459	1.91857	C	T	0.950626	1	0.568304	4.5E-01	-0.00757359	0.0130224	0.338238	5.6E-01	0.0891649	7.7E-01
rs6697844	1	172308238	1.93873	C	T	0.56798	0.996349	2.11864	1.5E-01	-0.00860598	0.00566717	2.30604	1.3E-01	2.46187	1.2E-01
rs10922075	1	196467248	2.1432	G	A	0.687963	0.997066	1.18509	2.8E-01	0.00641011	0.00607781	1.11234	2.9E-01	1.32261	2.5E-01
rs13303121	1	203503267	2.22276	C	G	0.607356	0.947347	0.479887	4.9E-01	0.00392838	0.00590419	0.442696	5.1E-01	0.329601	5.7E-01
rs4951159	1	205012106	2.25304	G	C	0.0908836	0.967	1.49438	2.2E-01	-0.0113615	0.00995742	1.30191	2.5E-01	1.17009	2.8E-01
rs61821643	1	219268532	2.43532	T	C	0.974378	0.889659	0.114542	7.4E-01	0.00491843	0.0188579	0.0680243	7.9E-01	0.0506788	8.2E-01
rs77278027	1	219392230	2.43543	C	T	0.93823	0.976746	0.542003	4.6E-01	-0.00894199	0.0118344	0.570916	4.5E-01	0.307996	5.8E-01
rs12740837	1	219623230	2.43692	G	A	0.983204	0.959021	1.50892	2.2E-01	-0.0287242	0.0223056	1.65831	2.0E-01	1.95269	1.6E-01
rs661955	1	234842856	2.62186	G	C	0.481801	0.978806	34.3065	4.7E-09	-0.0329123	0.00568898	33.4695	7.2E-09	36.7789	1.3E-09
rs711869	2	13073967	0.297329	G	A	0.443249	0.983109	0.138951	7.1E-01	-0.0014206	0.00571576	0.0617725	8.0E-01	0.00160703	9.7E-01
rs144545816	2	21413077	0.420543	G	A	0.71544	0.993104	89.4179	3.2E-21	-0.0596267	0.00626642	90.5405	1.8E-21	96.6012	8.5E-23
rs77541036	2	25575523	0.459339	A	G	0.962268	0.991995	0.937244	3.3E-01	0.0133746	0.0148152	0.814977	3.7E-01	1.05509	3.0E-01
rs7933	2	43452183	0.682402	A	G	0.634849	0.981779	2.36679	1.2E-01	-0.0088815	0.00589385	2.27078	1.3E-01	1.82084	1.8E-01
rs56266464	2	44054991	0.686489	G	A	0.939556	0.986548	61.7925	3.8E-15	0.0958004	0.0119113	64.6866	8.8E-16	65.4706	5.9E-16
rs36072157	2	48953740	0.765134	G	C	0.658175	0.956087	2.08984	1.5E-01	-0.00902011	0.00606095	2.21484	1.4E-01	2.35182	1.3E-01
rs4953627	2	48990167	0.765401	C	T	0.77524	0.975089	0.167944	6.8E-01	0.00301952	0.00684966	0.194329	6.6E-01	0.477941	4.9E-01
rs12620918	2	63268355	0.885798	T	C	0.826656	0.992379	32.3177	1.3E-08	-0.0422879	0.00746032	32.1305	1.4E-08	34.4618	4.3E-09
rs10779951	2	66142656	0.91656	G	A	0.525126	0.992672	0.00638215	9.4E-01	-0.000810856	0.00566778	0.0204674	8.9E-01	0.000303488	9.9E-01
rs12713567	2	66729420	0.924256	A	G	0.428176	0.981664	3.93258	4.7E-02	0.0112468	0.00573863	3.84097	5.0E-02	4.73657	3.0E-02
rs12712049	2	100208830	1.21955	A	G	0.176674	0.985519	0.330593	5.7E-01	-0.00529714	0.00742377	0.509136	4.8E-01	0.317564	5.7E-01
rs72946301	2	111861838	1.33125	G	A	0.903863	0.964859	0.481124	4.9E-01	-0.00837209	0.0097283	0.740617	3.9E-01	0.494588	4.8E-01
rs1053413	2	114471921	1.35945	A	G	0.784744	0.998156	5.27188	2.2E-02	-0.0152622	0.0068729	4.93118	2.6E-02	5.72717	1.7E-02
rs7593247	2	119337589	1.3956	C	T	0.503784	0.990163	0.238375	6.3E-01	0.00261153	0.00565564	0.21322	6.4E-01	0.341503	5.6E-01
rs78876301	2	158234589	1.75901	A	C	0.987195	0.782415	0.334101	5.6E-01	-0.0180348	0.0283363	0.405074	5.2E-01	0.634958	4.3E-01
rs77928329	2	158413902	1.76308	G	A	0.94544	0.998218	5.00696	2.5E-02	0.0285631	0.0123609	5.33966	2.1E-02	4.96191	2.6E-02
rs1402698	2	165424575	1.81281	G	A	0.368889	0.988943	2.89626	8.9E-02	-0.00987673	0.00587899	2.82241	9.3E-02	2.29223	1.3E-01
rs3769877	2	165569779	1.81517	G	A	0.125673	1	0.949425	3.3E-01	0.0079905	0.00849831	0.884063	3.5E-01	0.555918	4.6E-01
rs72882321	2	172298662	1.8972	C	T	0.821415	0.98752	2.02865	1.5E-01	0.00926972	0.00740218	1.56824	2.1E-01	0.488656	4.8E-01
rs62173497	2	187821910	2.04064	C	A	0.889372	0.96522	1.31684	2.5E-01	-0.0110452	0.00912244	1.46598	2.3E-01	1.75245	1.9E-01
rs61613340	2	191746748	2.0603	G	T	0.922172	0.993102	3.85452	5.0E-02	-0.0199888	0.0105426	3.5948	5.8E-02	3.31127	6.9E-02
rs1250248	2	216287093	2.28549	A	G	0.271958	0.996374	3.05299	8.1E-02	-0.0121146	0.00634448	3.6461	5.6E-02	3.80241	5.1E-02
rs2373074	2	218381350	2.32413	C	T	0.903229	0.998908	0.0482149	8.3E-01	0.00268131	0.0095356	0.0790673	7.8E-01	0.0345828	8.5E-01
rs62182126	2	219279230	2.33765	G	A	0.901349	1	0.0189708	8.9E-01	-0.000274586	0.00944271	0.000845595	9.8E-01	0.0128383	9.1E-01
rs6760762	2	226866226	2.44112	C	T	0.776249	0.976874	3.21303	7.3E-02	-0.0121655	0.00684213	3.16139	7.5E-02	2.7751	9.6E-02
rs305506	3	12026709	0.296805	G	T	0.113563	0.992655	1.61295	2.0E-01	0.011948	0.00892054	1.79394	1.8E-01	2.39628	1.2E-01
rs114252958	3	12409938	0.29797	C	T	0.982978	0.956617	1.43472	2.3E-01	0.0242546	0.0223518	1.17751	2.8E-01	1.22167	2.7E-01
rs10490869	3	35635145	0.595764	A	T	0.789478	0.990849	0.0402025	8.4E-01	-0.000464276	0.00691441	0.0045086	9.5E-01	0.0709008	7.9E-01
rs6771508	3	43718462	0.664863	A	C	0.974946	0.998741	0.472424	4.9E-01	0.0122291	0.0180244	0.460332	5.0E-01	0.292902	5.9E-01
rs4683294	3	46979013	0.687679	G	C	0.321605	0.960868	0.296758	5.9E-01	0.00376467	0.0061407	0.375854	5.4E-01	0.280647	6.0E-01
rs4858828	3	48724811	0.68972	C	T	0.349101	0.999091	3.83616	5.0E-02	0.0107233	0.00588552	3.3196	6.8E-02	3.12871	7.7E-02
rs352156	3	52214610	0.694887	C	T	0.955078	0.904333	2.68801	1.0E-01	0.0210397	0.0141651	2.20618	1.4E-01	3.00452	8.3E-02
rs7643235	3	53227428	0.699142	T	C	0.4136	0.989215	0.268773	6.0E-01	-0.00278897	0.00571737	0.237955	6.3E-01	0.364008	5.5E-01
rs11718560	3	64584862	0.868956	C	T	0.731847	0.985124	0.533497	4.7E-01	-0.00444655	0.0063956	0.483375	4.9E-01	0.451357	5.0E-01
rs4688498	3	64674599	0.871028	C	T	0.669682	0.985151	2.80961	9.4E-02	-0.0100323	0.00603152	2.76659	9.6E-02	3.15299	7.6E-02
rs997274	3	78704821	1.06722	T	C	0.748705	0.994327	0.875844	3.5E-01	0.00535805	0.00652391	0.674523	4.1E-01	0.934498	3.3E-01
rs1877569	3	99224544	1.12953	G	A	0.816212	0.993173	0.496692	4.8E-01	-0.00549499	0.00727207	0.570977	4.5E-01	1.01449	3.1E-01
rs9875732	3	107461731	1.19696	T	C	0.623037	0.99667	3.77656	5.2E-02	-0.0116001	0.00582035	3.97214	4.6E-02	3.42842	6.4E-02
rs1000368	3	123117165	1.35684	C	T	0.748381	0.996692	0.0134987	9.1E-01	-0.000317509	0.00649231	0.00239174	9.6E-01	0.0520915	8.2E-01
rs113771682	3	129112166	1.4255	C	T	0.937375	0.999072	0.627262	4.3E-01	-0.00832396	0.0116538	0.510182	4.8E-01	0.843553	3.6E-01
rs7647218	3	129125231	1.42558	C	A	0.901341	0.999167	2.75835	9.7E-02	-0.0178845	0.00946434	3.57087	5.9E-02	4.10645	4.3E-02
rs75212171	3	129323322	1.42649	T	C	0.983129	1	0.485078	4.9E-01	0.0181093	0.0218522	0.686776	4.1E-01	0.984507	3.2E-01
rs112551697	3	150018637	1.64271	G	A	0.96554	0.928479	0.0204444	8.9E-01	0.00479987	0.0159676	0.0903606	7.6E-01	0.00650416	9.4E-01
rs11720805	3	156800360	1.71236	A	G	0.330979	0.970132	0.438242	5.1E-01	-0.00375621	0.00607731	0.382012	5.4E-01	0.551949	4.6E-01
rs1488111	3	168951612	1.77942	C	T	0.517315	0.996852	0.205635	6.5E-01	-0.000878149	0.00563088	0.0243212	8.8E-01	0.00475805	9.5E-01
rs1499813	3	171760427	1.8208	T	C	0.587431	1	1.25799	2.6E-01	-0.00715885	0.00574428	1.55316	2.1E-01	1.91998	1.7E-01
rs13092876	3	185495320	2.01656	G	A	0.686729	0.994835	0.00288019	9.6E-01	-0.000652064	0.0060845	0.011485	9.1E-01	0.000361811	9.8E-01
rs3843375	3	196813908	2.26438	G	A	0.590289	0.999191	0.705671	4.0E-01	-0.00484981	0.0057404	0.713783	4.0E-01	0.931232	3.3E-01
rs75072999	4	844781	0.00782036	G	A	0.904916	0.991302	2.85935	9.1E-02	0.0151269	0.00965492	2.45473	1.2E-01	2.51074	1.1E-01
rs748483	4	952409	0.00822297	A	G	0.891514	0.99682	0.00491401	9.4E-01	-0.000300215	0.00907508	0.00109437	9.7E-01	0.0328163	8.6E-01
rs1912897	4	26006133	0.455942	A	T	0.79303	0.98817	0.0502003	8.2E-01	-0.00189175	0.00699555	0.0731281	7.9E-01	0.204866	6.5E-01
rs7689800	4	26295421	0.461356	C	G	0.382047	0.982424	1.14491	2.8E-01	-0.00576703	0.00585001	0.971832	3.2E-01	1.75942	1.8E-01
rs34171390	4	56192405	0.730002	C	G	0.8287	0.967618	2.18881	1.4E-01	-0.0110988	0.00757901	2.14451	1.4E-01	2.35857	1.2E-01
rs3017896	4	89533004	1.04795	G	C	0.704424	1	0.00213761	9.6E-01	8.95569e-05	0.00615145	0.000211954	9.9E-01	0.0402394	8.4E-01
rs10029220	4	89710592	1.04921	C	T	0.909822	0.997537	0.00701138	9.3E-01	-0.000572955	0.00985327	0.00338127	9.5E-01	0.127743	7.2E-01
rs1813006	4	103001649	1.15654	G	T	0.940843	0.94358	0.202809	6.5E-01	0.00543121	0.0122762	0.195734	6.6E-01	0.351555	5.5E-01
rs12647922	4	106063987	1.17944	C	T	0.794569	0.998343	1.26091	2.6E-01	-0.0076642	0.0069677	1.20991	2.7E-01	1.42518	2.3E-01
rs7655064	4	120106348	1.31331	T	C	0.875314	0.995692	2.41884	1.2E-01	0.0130123	0.00852667	2.3289	1.3E-01	2.36266	1.2E-01
rs2922979	4	123748616	1.34468	C	G	0.689916	1	0.284414	5.9E-01	-0.00391017	0.00609497	0.411574	5.2E-01	0.438784	5.1E-01
rs1520325	4	125182690	1.35483	C	T	0.780072	0.994582	0.00265757	9.6E-01	0.000826042	0.00681687	0.0146837	9.0E-01	0.0545438	8.2E-01
rs2353397	4	145517578	1.53798	C	T	0.460014	1	0.0339443	8.5E-01	-0.00182199	0.00565603	0.103769	7.5E-01	0.0202255	8.9E-01
rs2166365	5	3597830	0.0882728	A	G	0.777698	0.981109	0.00173906	9.7E-01	0.000218875	0.00682853	0.00102739	9.7E-01	0.00349349	9.5E-01
rs13178917	5	4007353	0.10142	C	T	0.551974	0.99437	0.0747475	7.8E-01	-0.000684899	0.00565219	0.0146832	9.0E-01	0.0349379	8.5E-01
rs10061804	5	32748637	0.511958	G	A	0.711087	1	4.73913e-05	9.9E-01	1.53933e-05	0.0062139	6.13675e-06	1.0E+00	0.0691809	7.9E-01
rs299615	5	34042097	0.535425	G	A	0.843206	1	0.354686	5.5E-01	-0.00577251	0.00774964	0.554837	4.6E-01	0.0862301	7.7E-01
rs4293945	5	38736142	0.597252	A	T	0.606405	0.995383	6.05869	1.4E-02	0.0153158	0.0057752	7.03311	8.0E-03	8.41887	3.7E-03
rs163112	5	54538003	0.667379	C	G	0.107056	0.994238	0.0213753	8.8E-01	0.000594035	0.00914602	0.00421852	9.5E-01	0.0784914	7.8E-01
rs61653333	5	55779080	0.679717	G	T	0.970413	0.977169	0.00080008	9.8E-01	0.00177577	0.0167764	0.0112041	9.2E-01	0.00392485	9.5E-01
rs6867983	5	55854153	0.681454	C	T	0.861186	1	2.821	9.3E-02	-0.0144024	0.00814287	3.12836	7.7E-02	3.63066	5.7E-02
rs11749164	5	66294202	0.770672	T	G	0.726476	0.988719	0.348782	5.5E-01	-0.00366476	0.00635524	0.332527	5.6E-01	0.308301	5.8E-01
rs6878122	5	76427311	0.889556	G	A	0.318279	0.997785	0.573384	4.5E-01	0.00473313	0.00605746	0.610541	4.3E-01	0.967128	3.3E-01
rs7734060	5	101780479	1.10738	T	G	0.734786	0.995631	0.0892042	7.7E-01	-0.00140086	0.00641114	0.0477442	8.3E-01	0.0161272	9.0E-01
rs1394631	5	118639270	1.27349	C	T	0.775173	0.988487	0.896619	3.4E-01	-0.00665177	0.00677137	0.964985	3.3E-01	1.07927	3.0E-01
rs11744058	5	118798944	1.27486	G	T	0.783774	0.998591	0.208923	6.5E-01	0.003745	0.00684836	0.29904	5.8E-01	1.24072	2.7E-01
rs3749748	5	127350549	1.37291	C	T	0.753975	0.992802	0.406005	5.2E-01	-0.00372162	0.00655599	0.322246	5.7E-01	0.429831	5.1E-01
rs4705986	5	132349654	1.39065	T	G	0.937241	0.978165	0.0461006	8.3E-01	0.00330612	0.0117455	0.0792311	7.8E-01	0.173116	6.8E-01
rs10463353	5	141710741	1.48273	C	T	0.640669	0.986535	0.170814	6.8E-01	-0.00317599	0.00590116	0.289656	5.9E-01	0.107667	7.4E-01
rs33999	5	141973349	1.48937	C	G	0.612065	0.9834	0.60136	4.4E-01	-0.00399178	0.00581311	0.471538	4.9E-01	0.499118	4.8E-01
rs10062458	5	156367092	1.66277	T	C	0.34782	0.985353	43.5448	4.1E-11	-0.0383617	0.00592217	41.9599	9.3E-11	43.088	5.2E-11
rs12652322	5	171822666	1.88951	C	T	0.705252	0.99822	1.86778	1.7E-01	-0.0085771	0.0061864	1.92223	1.7E-01	1.66662	2.0E-01
rs2053681	5	172746086	1.91113	A	G	0.485601	0.912476	0.398002	5.3E-01	-0.00411734	0.00591082	0.485219	4.9E-01	0.731352	3.9E-01
rs10035782	5	173270328	1.92939	A	G	0.600665	0.984103	4.17538	4.1E-02	0.0118935	0.00579368	4.21419	4.0E-02	4.61176	3.2E-02
rs11963955	6	6631996	0.178791	A	G	0.637527	0.976944	1.74196	1.9E-01	-0.0082525	0.00593315	1.93464	1.6E-01	1.4451	2.3E-01
rs201061	6	6730512	0.181115	G	A	0.455616	0.976616	0.0940433	7.6E-01	-0.00140561	0.00570919	0.060615	8.1E-01	0.0132942	9.1E-01
rs1334576	6	7211818	0.195986	G	A	0.5774	1	0.921465	3.4E-01	0.00550625	0.00571156	0.9294	3.4E-01	0.967351	3.3E-01
rs9382988	6	14595010	0.314722	C	A	0.204362	0.998886	0.0314636	8.6E-01	0.000218682	0.007006	0.000974286	9.8E-01	0.00326287	9.5E-01
rs4710940	6	20658012	0.410434	A	C	0.647018	0.999463	0.038338	8.4E-01	0.00118578	0.00590626	0.0403073	8.4E-01	0.0393803	8.4E-01
rs3129830	6	30248711	0.50553	G	A	0.868546	0.999908	0.258976	6.1E-01	0.0037074	0.0083038	0.199335	6.6E-01	0.263274	6.1E-01
rs7772131	6	30795171	0.50714	A	C	0.988571	1	3.1466	7.6E-02	-0.0498806	0.0264983	3.54344	6.0E-02	3.29272	7.0E-02
rs6919908	6	31244960	0.511805	T	C	0.193909	0.999901	2.70643	1.0E-01	-0.0125329	0.00714316	3.07838	7.9E-02	3.87336	4.9E-02
rs181133225	6	32454764	0.520293	T	C	0.893444	0.778953	0.7504	3.9E-01	0.00817678	0.010282	0.632426	4.3E-01	0.21052	6.5E-01
rs117108573	6	32489679	0.520303	C	T	0.921405	0.866866	0.503182	4.8E-01	0.00755485	0.0111743	0.457102	5.0E-01	0.0749733	7.8E-01
rs575662827	6	32543874	0.520325	T	C	0.899303	0.833996	1.23842	2.7E-01	0.0108451	0.0101998	1.13053	2.9E-01	0.375635	5.4E-01
rs114760566	6	34192036	0.545788	C	A	0.954268	0.993831	1.05624	3.0E-01	-0.0139092	0.0135123	1.05962	3.0E-01	1.60572	2.1E-01
rs1574430	6	43269029	0.669727	A	C	0.391321	0.999399	1.58708	2.1E-01	0.00725436	0.00577071	1.5803	2.1E-01	1.46894	2.3E-01
rs9381248	6	43734606	0.675407	C	T	0.87836	0.993046	0.483999	4.9E-01	-0.00466755	0.00865186	0.291044	5.9E-01	0.20948	6.5E-01
rs35349911	6	43785255	0.678849	C	T	0.409597	0.97009	0.607545	4.4E-01	-0.00462962	0.00582582	0.631506	4.3E-01	0.625433	4.3E-01
rs72902769	6	80719576	0.920488	C	G	0.966636	0.999182	1.30763e-05	1.0E+00	0.000476123	0.0157103	0.000918482	9.8E-01	0.032737	8.6E-01
rs62406467	6	81114126	0.921634	G	T	0.849349	0.952286	0.0299929	8.6E-01	0.00142563	0.00806736	0.0312283	8.6E-01	0.00378912	9.5E-01
rs6924944	6	100597579	1.0811	A	T	0.245827	0.981159	1.90925	1.7E-01	0.00945811	0.00662039	2.04099	1.5E-01	1.42989	2.3E-01
rs2806373	6	109222017	1.18299	G	A	0.239664	0.998945	0.22388	6.4E-01	-0.00295534	0.00659362	0.200894	6.5E-01	0.306035	5.8E-01
rs72969772	6	126187585	1.32503	A	G	0.980332	1	1.06455	3.0E-01	-0.0217746	0.020343	1.14569	2.8E-01	0.587646	4.4E-01
rs9986505	6	126445558	1.32603	A	G	0.6761	0.991308	1.26389	2.6E-01	0.00658455	0.00604346	1.18708	2.8E-01	1.02978	3.1E-01
rs74949497	6	126812007	1.32699	A	C	0.97518	1	0.039632	8.4E-01	-0.0057725	0.0182082	0.100507	7.5E-01	0.0759511	7.8E-01
rs139242696	6	127414440	1.32797	T	C	0.974907	0.948341	0.14023	7.1E-01	-0.00312501	0.0184558	0.0286708	8.7E-01	0.0433416	8.4E-01
rs9385864	6	139805476	1.50274	C	T	0.6907	0.988333	2.04072	1.5E-01	-0.0088645	0.00613969	2.08457	1.5E-01	1.78976	1.8E-01
rs12205386	6	139837171	1.50318	C	A	0.643666	0.9992	3.3195	6.8E-02	0.0100448	0.00588716	2.91118	8.8E-02	3.15817	7.6E-02
rs11756568	6	152042413	1.64245	A	T	0.724877	0.999168	6.81773	9.0E-03	-0.0146071	0.00631762	5.34587	2.1E-02	6.42122	1.1E-02
rs998075	6	160468278	1.77084	A	G	0.53429	0.994008	40.885	1.6E-10	0.036016	0.0056761	40.2616	2.2E-10	40.7354	1.7E-10
rs9459839	6	167431829	1.92196	T	C	0.531185	0.998188	0.323159	5.7E-01	-0.00309159	0.00562717	0.301845	5.8E-01	0.120401	7.3E-01
rs2214440	7	20372191	0.358281	A	G	0.667686	0.991786	0.582664	4.5E-01	0.00583229	0.00600675	0.942755	3.3E-01	1.7668	1.8E-01
rs111683990	7	25729528	0.437229	C	G	0.955515	0.987881	0.386304	5.3E-01	-0.00838071	0.013769	0.370472	5.4E-01	0.771608	3.8E-01
rs2040786	7	26208736	0.442609	G	A	0.529361	1	0.952725	3.3E-01	0.00505764	0.00564075	0.803937	3.7E-01	0.718216	4.0E-01
rs17428025	7	27251396	0.453724	C	T	0.971743	0.967404	0.0672614	8.0E-01	-0.00556978	0.0172741	0.103965	7.5E-01	0.279033	6.0E-01
rs849140	7	28183702	0.463008	T	C	0.410278	1	4.3527	3.7E-02	-0.0125944	0.00575604	4.78744	2.9E-02	6.38504	1.2E-02
rs17172095	7	42665355	0.680121	A	G	0.679343	0.995026	0.471439	4.9E-01	-0.004067	0.00604503	0.45264	5.0E-01	0.26854	6.0E-01
rs2072183	7	44579180	0.698676	G	C	0.775748	1	30.2879	3.7E-08	-0.0375791	0.0067361	31.1226	2.4E-08	34.8679	3.5E-09
rs71556711	7	72854549	0.899611	C	T	0.908397	1	0.466284	4.9E-01	-0.00801664	0.00974874	0.676219	4.1E-01	0.726862	3.9E-01
rs7780317	7	72867852	0.899612	C	T	0.92793	0.985744	0.000562207	9.8E-01	0.000551183	0.0109338	0.00254124	9.6E-01	0.00747505	9.3E-01
rs57487833	7	77115793	0.936393	G	A	0.723097	0.985735	2.49971	1.1E-01	-0.00991727	0.00633575	2.45013	1.2E-01	2.28218	1.3E-01
rs76306613	7	106235348	1.22452	G	T	0.855998	0.98895	0.958847	3.3E-01	-0.00742868	0.00806906	0.847573	3.6E-01	1.2946	2.6E-01
rs2237687	7	107585473	1.24369	C	T	0.472386	0.966594	0.75322	3.9E-01	-0.0052283	0.0057311	0.832236	3.6E-01	1.17024	2.8E-01
rs38902	7	116889718	1.32093	G	A	0.474719	0.992845	3.1045	7.8E-02	-0.0102111	0.00565583	3.25952	7.1E-02	3.2262	7.2E-02
rs12154627	7	130422934	1.4017	T	C	0.506907	0.97487	1.78011	1.8E-01	0.00726894	0.00569296	1.6303	2.0E-01	1.4699	2.3E-01
rs7808446	7	150214465	1.67249	T	G	0.235469	0.993612	0.0123196	9.1E-01	0.00126172	0.00665709	0.0359217	8.5E-01	0.190658	6.6E-01
rs4841132	8	9183596	0.25181	A	G	0.0911363	1	30.7516	2.9E-08	-0.0546228	0.00982589	30.9033	2.7E-08	33.2619	8.1E-09
rs7844736	8	23551671	0.545238	A	G	0.828827	1	0.208172	6.5E-01	-0.00309994	0.00748828	0.171374	6.8E-01	0.000861692	9.8E-01
rs310289	8	23610756	0.545792	C	T	0.760888	0.994537	4.90311	2.7E-02	0.0140739	0.00663107	4.50466	3.4E-02	3.64082	5.6E-02
rs11992444	8	25464690	0.565812	G	T	0.49058	1	6.3876	1.1E-02	-0.0131245	0.00562049	5.4528	2.0E-02	5.25709	2.2E-02
rs7815496	8	38321607	0.69461	C	T	0.597431	0.996532	3.10862	7.8E-02	-0.0109115	0.00573869	3.61531	5.7E-02	2.68474	1.0E-01
rs55704109	8	59323247	0.819013	G	A	0.5057	0.919152	30.3419	3.6E-08	0.0322094	0.00589158	29.8883	4.6E-08	34.1603	5.1E-09
rs12543555	8	69562014	0.90375	A	G	0.792127	0.98465	0.557168	4.6E-01	-0.006298	0.00697516	0.815261	3.7E-01	1.35434	2.4E-01
rs28568866	8	72353630	0.949663	G	A	0.969859	0.939217	0.0969005	7.6E-01	-0.00670026	0.0170109	0.155142	6.9E-01	0.186474	6.7E-01
rs146492163	8	72386394	0.950025	G	T	0.96946	0.960969	0.00768322	9.3E-01	0.0012793	0.0167239	0.00585156	9.4E-01	0.0330287	8.6E-01
rs1895674	8	72443246	0.950276	T	G	0.946831	0.990629	0.0839363	7.7E-01	-0.00441937	0.0125744	0.123523	7.3E-01	0.215165	6.4E-01
rs4147332	8	89280863	1.08332	G	C	0.323111	0.995784	5.04384	2.5E-02	0.013446	0.00602787	4.97576	2.6E-02	4.90854	2.7E-02
rs144435165	8	126419938	1.45107	G	C	0.944194	0.785853	5.10793	2.4E-02	-0.0347395	0.0138178	6.3207	1.2E-02	6.6746	9.8E-03
rs2954018	8	126477153	1.45319	C	T	0.298303	0.998357	14.3992	1.5E-04	0.0230953	0.00616009	14.0563	1.8E-04	15.1776	9.8E-05
rs6991761	8	128274518	1.48941	C	T	0.844226	0.993607	0.0110586	9.2E-01	-0.00192986	0.00777574	0.0615981	8.0E-01	0.0793065	7.8E-01
rs2467030	8	135665361	1.60637	A	G	0.339711	0.997044	0.00918908	9.2E-01	-0.00150087	0.00596989	0.0632056	8.0E-01	0.196202	6.6E-01
rs12340775	9	13226945	0.282033	G	A	0.944664	0.940298	1.91482	1.7E-01	0.0187418	0.0126847	2.18303	1.4E-01	3.00493	8.3E-02
rs73650963	9	93943033	1.11642	T	C	0.892489	0.990174	0.00338465	9.5E-01	0.000506079	0.00909507	0.00309616	9.6E-01	0.0197421	8.9E-01
rs2131919	9	95283887	1.12689	A	G	0.83667	0.999136	0.660069	4.2E-01	-0.0064353	0.00764258	0.709018	4.0E-01	1.17233	2.8E-01
rs1572136	9	101740604	1.18729	G	C	0.724977	0.989514	2.16037	1.4E-01	0.00966369	0.00634871	2.31694	1.3E-01	2.90348	8.8E-02
rs12686004	9	107653426	1.24316	G	A	0.884341	1	8.53509	3.5E-03	0.0269419	0.00880285	9.36723	2.2E-03	9.76646	1.8E-03
rs10991414	9	107685589	1.24582	T	C	0.861068	0.989408	0.00332898	9.5E-01	0.000160533	0.00820605	0.000382702	9.8E-01	0.0460713	8.3E-01
rs111479443	9	107874316	1.24936	T	G	0.963776	0.9746	9.2034	2.4E-03	0.0473961	0.0152781	9.62376	1.9E-03	8.78735	3.0E-03
rs7048735	9	112529695	1.31375	A	G	0.239526	0.976202	0.758607	3.8E-01	0.00453228	0.00667561	0.460947	5.0E-01	0.585063	4.4E-01
rs1002607	9	113858933	1.33848	T	C	0.40707	0.988428	1.07624	3.0E-01	-0.00610253	0.00577602	1.11625	2.9E-01	1.44907	2.3E-01
rs13298297	9	119264108	1.4204	G	A	0.769275	0.989359	2.2745	1.3E-01	-0.0101437	0.00674143	2.26406	1.3E-01	1.93681	1.6E-01
rs6478851	9	131561110	1.55426	G	A	0.758733	1	0.610461	4.3E-01	-0.00481307	0.00659619	0.532425	4.7E-01	0.918196	3.4E-01
rs687621	9	136137065	1.66206	A	G	0.681622	1	45.1485	1.8E-11	-0.0406747	0.00604589	45.2614	1.7E-11	46.2402	1.0E-11
rs60980157	9	139235415	1.78278	C	T	0.757489	0.966704	0.0688549	7.9E-01	0.00265181	0.00666392	0.158353	6.9E-01	0.0820402	7.7E-01
rs7072195	10	3540748	0.0738836	T	C	0.417524	0.993244	0.257077	6.1E-01	-0.00236789	0.00573226	0.170637	6.8E-01	0.455647	5.0E-01
rs11592754	10	32619572	0.605452	A	C	0.856559	0.998356	0.696934	4.0E-01	0.00657557	0.00803471	0.66977	4.1E-01	1.03843	3.1E-01
rs2247396	10	33489192	0.60946	G	A	0.603662	0.99818	0.670794	4.1E-01	0.00380943	0.00574163	0.440199	5.1E-01	0.452159	5.0E-01
rs4341488	10	60452745	0.822202	G	A	0.188405	0.998867	0.159924	6.9E-01	-0.00303726	0.00719893	0.178004	6.7E-01	0.243573	6.2E-01
rs17287962	10	63770969	0.858439	A	G	0.970068	0.979005	0.0626933	8.0E-01	-0.00345785	0.0166967	0.0428896	8.4E-01	0.000811893	9.8E-01
rs10762666	10	77157489	1.00522	A	G	0.241989	0.984822	5.13451	2.3E-02	-0.0152716	0.0065994	5.35502	2.1E-02	3.91036	4.8E-02
rs10887758	10	89603315	1.15934	T	C	0.784607	0.990793	0.0165268	9.0E-01	-0.000120122	0.00689576	0.000303444	9.9E-01	2.7537e-06	1.0E+00
rs141490680	10	95280981	1.22085	G	A	0.866803	0.998279	0.565885	4.5E-01	0.00728041	0.00828392	0.772396	3.8E-01	0.676775	4.1E-01
rs7342070	10	104223628	1.30538	T	C	0.455127	1	3.86201	4.9E-02	0.0110458	0.00565136	3.82021	5.1E-02	4.85847	2.8E-02
rs7917983	10	114732882	1.3977	T	C	0.532013	1	0.456308	5.0E-01	0.00344347	0.0056466	0.371893	5.4E-01	0.563784	4.5E-01
rs242956	10	119297479	1.46386	C	T	0.362576	0.990585	0.741658	3.9E-01	0.00497284	0.0058725	0.717074	4.0E-01	0.736031	3.9E-01
rs7104929	11	784340	0.0108006	C	G	0.530558	0.997422	0.00124676	9.7E-01	0.000636765	0.00566256	0.0126454	9.1E-01	0.0163754	9.0E-01
rs7932891	11	10921512	0.210707	A	G	0.294517	0.99931	1.40981	2.4E-01	-0.00592992	0.0061712	0.923332	3.4E-01	1.90065	1.7E-01
rs11607537	11	14224166	0.277204	C	T	0.941072	0.981717	0.286637	5.9E-01	-0.00533722	0.0120738	0.195409	6.6E-01	0.0868069	7.7E-01
rs79634051	11	14561945	0.278112	G	C	0.97174	1	0.00362037	9.5E-01	0.000644303	0.0169343	0.00144759	9.7E-01	0.00363355	9.5E-01
rs3114693	11	26127790	0.452397	A	T	0.617593	0.997848	0.100127	7.5E-01	0.00196257	0.00580039	0.114482	7.4E-01	0.0432267	8.4E-01
rs56386213	11	36291554	0.562467	A	G	0.595018	1	0.434209	5.1E-01	-0.00368958	0.00570253	0.418619	5.2E-01	0.560024	4.5E-01
rs174528	11	61543499	0.703973	T	C	0.623454	0.995598	94.353	2.6E-22	0.0564341	0.00582471	93.8717	3.4E-22	106.228	6.6E-25
rs4297487	11	69229628	0.763225	A	G	0.324796	0.994186	1.34194e-05	1.0E+00	0.000222714	0.00602853	0.00136481	9.7E-01	0.131001	7.2E-01
rs28690953	11	111384426	1.18701	T	G	0.852988	1	0.90582	3.4E-01	-0.00825377	0.00795698	1.07599	3.0E-01	1.00679	3.2E-01
rs525028	11	116705516	1.26127	G	A	0.293161	0.987249	32.5594	1.2E-08	0.0357188	0.00621473	33.0331	9.1E-09	33.8755	5.9E-09
rs112771035	11	126225876	1.42416	C	G	0.927964	0.997671	29.0718	7.0E-08	-0.0595085	0.0108993	29.8096	4.8E-08	31.253	2.3E-08
rs11045172	12	20470221	0.37098	A	C	0.802205	0.989276	0.0172626	9.0E-01	-0.000152591	0.00710705	0.00046098	9.8E-01	0.00385094	9.5E-01
rs7977928	12	26265632	0.457285	G	A	0.408615	1	0.263073	6.1E-01	-0.00331881	0.00571605	0.33711	5.6E-01	0.376273	5.4E-01
rs2343874	12	26409450	0.459085	G	A	0.53283	0.98214	1.19372	2.7E-01	0.0072512	0.00568952	1.62431	2.0E-01	1.77727	1.8E-01
rs16931815	12	27427917	0.469712	A	G	0.872673	0.996695	1.11759	2.9E-01	-0.00776904	0.00847819	0.839708	3.6E-01	1.30201	2.5E-01
rs7310959	12	45968598	0.59006	G	A	0.897555	1	0.0102755	9.2E-01	-0.000500966	0.00930534	0.00289836	9.6E-01	0.0895298	7.6E-01
rs75824359	12	54320490	0.68262	A	G	0.970266	0.973341	0.136201	7.1E-01	-0.00720252	0.0167978	0.183851	6.7E-01	0.317416	5.7E-01
rs10878362	12	66417493	0.793832	C	A	0.687723	0.991565	0.938173	3.3E-01	-0.00672418	0.00608674	1.22042	2.7E-01	1.32262	2.5E-01
rs10745659	12	94092690	1.0816	C	G	0.553308	0.994516	0.0404661	8.4E-01	0.00140492	0.00569775	0.0607986	8.1E-01	1.31408e-06	1.0E+00
rs10778495	12	106991545	1.2616	A	G	0.720919	0.990603	2.71951	9.9E-02	-0.00982094	0.00628416	2.44237	1.2E-01	1.25393	2.6E-01
rs189392453	12	122381427	1.46398	C	A	0.929828	0.926987	0.839897	3.6E-01	-0.0091088	0.0114551	0.632304	4.3E-01	0.479754	4.9E-01
rs12366339	12	122854616	1.46723	G	A	0.9894	0.907552	0.779432	3.8E-01	-0.0258708	0.0289034	0.801163	3.7E-01	0.517906	4.7E-01
rs147433011	12	123162845	1.46972	T	C	0.989135	0.898372	0.170008	6.8E-01	0.0130646	0.0287165	0.206979	6.5E-01	0.267145	6.1E-01
rs116950578	12	123188577	1.46982	C	T	0.967055	1	0.013959	9.1E-01	-0.0018898	0.0157427	0.0144103	9.0E-01	0.10988	7.4E-01
rs140689322	12	123375732	1.4703	G	A	0.973654	0.966101	2.58653	1.1E-01	-0.0265404	0.0178811	2.20306	1.4E-01	2.56798	1.1E-01
rs28722199	12	123989436	1.47618	A	G	0.954286	0.931304	1.04601	3.1E-01	0.0121636	0.013967	0.758439	3.8E-01	1.27203	2.6E-01
rs12582221	12	125323240	1.49972	G	A	0.572176	1	0.492577	4.8E-01	0.00396094	0.00568594	0.485278	4.9E-01	0.496338	4.8E-01
rs7993238	13	22473593	0.0544542	A	C	0.631395	0.976757	0.926665	3.4E-01	0.00613712	0.00591669	1.0759	3.0E-01	1.17498	2.8E-01
rs10507524	13	44684600	0.468128	T	C	0.907237	0.994143	1.24964	2.6E-01	-0.0102371	0.0097635	1.09937	2.9E-01	1.07602	3.0E-01
rs12872335	13	50442235	0.536587	G	A	0.792188	0.994746	1.39491	2.4E-01	-0.00801807	0.00696503	1.32524	2.5E-01	1.05322	3.0E-01
rs61964388	13	51061980	0.539297	G	A	0.904117	0.961186	1.60638	2.1E-01	-0.013804	0.00974397	2.00695	1.6E-01	1.61551	2.0E-01
rs627527	13	110915135	1.21483	G	A	0.418925	0.983958	0.513792	4.7E-01	0.00391289	0.00575069	0.462972	5.0E-01	0.277853	6.0E-01
rs1057119	14	23746269	0.116581	C	G	0.76153	1	0.761888	3.8E-01	0.00548514	0.00658515	0.693817	4.0E-01	0.864763	3.5E-01
rs140664623	14	52321987	0.459221	G	T	0.976323	0.975931	0.124893	7.2E-01	-0.00549177	0.0186853	0.0863821	7.7E-01	0.331244	5.6E-01
rs2145600	14	58750902	0.537897	C	G	0.237608	0.992449	0.180888	6.7E-01	0.00178038	0.00663015	0.0721075	7.9E-01	0.1073	7.4E-01
rs6575165	14	91352234	0.881721	G	A	0.76556	0.994744	0.00316859	9.6E-01	0.00112814	0.00665412	0.028744	8.7E-01	0.0908971	7.6E-01
rs10130936	14	98342676	1.02712	C	T	0.37676	0.985923	3.72616	5.4E-02	0.0114135	0.00585839	3.79559	5.1E-02	3.37075	6.6E-02
rs4779523	15	31679470	0.452779	T	A	0.728098	0.995337	0.00137767	9.7E-01	-0.000582872	0.00636067	0.00839732	9.3E-01	0.0385814	8.4E-01
rs28647196	15	40833379	0.629227	C	T	0.564205	0.997093	0.0856987	7.7E-01	0.000932804	0.00570142	0.0267679	8.7E-01	0.161262	6.9E-01
rs11630710	15	56364758	0.756318	G	T	0.893172	0.979091	0.264667	6.1E-01	-0.00368479	0.00924359	0.158908	6.9E-01	0.175179	6.8E-01
rs17184382	15	63792486	0.876626	A	C	0.574619	1	0.118111	7.3E-01	0.00288043	0.00570019	0.255351	6.1E-01	0.0638123	8.0E-01
rs2165241	15	74222202	0.994735	T	C	0.491224	0.994517	1.91119	1.7E-01	-0.00853199	0.00563033	2.29632	1.3E-01	0.924326	3.4E-01
rs12905116	15	79042734	1.02295	T	A	0.242831	0.998559	0.246457	6.2E-01	-0.00312197	0.00654578	0.227476	6.3E-01	0.190767	6.6E-01
rs2401948	16	1340854	0.0338191	G	C	0.470436	0.984992	0.197418	6.6E-01	0.00228898	0.00568238	0.162264	6.9E-01	0.0522903	8.2E-01
rs3747577	16	4415696	0.082586	C	G	0.259467	0.988145	0.104878	7.5E-01	-0.00187797	0.00646678	0.0843341	7.7E-01	0.181373	6.7E-01
rs6498114	16	10964118	0.259065	G	T	0.240585	0.980902	0.545067	4.6E-01	-0.00506732	0.00665607	0.57959	4.5E-01	0.838991	3.6E-01
rs2192868	16	53428284	0.643286	G	A	0.551203	0.983829	0.319075	5.7E-01	-0.00368252	0.00571413	0.415326	5.2E-01	0.376516	5.4E-01
rs72786786	16	56985514	0.729988	G	A	0.688624	0.963543	40.1246	2.4E-10	0.0400183	0.00618803	41.8227	1.0E-10	41.3779	1.3E-10
rs116975210	16	67058614	0.849502	T	G	0.960603	0.993544	1.20576e-06	1.0E+00	-0.00129203	0.0145209	0.00791702	9.3E-01	0.0181433	8.9E-01
rs2056876	16	78864296	0.975993	T	G	0.815684	0.95437	2.22629	1.4E-01	0.0108984	0.00741895	2.15796	1.4E-01	1.93741	1.6E-01
rs9926618	16	81484570	1.04509	T	A	0.39429	0.97289	0.217828	6.4E-01	0.0022496	0.00584069	0.148349	7.0E-01	0.0600012	8.1E-01
rs66710707	16	81528621	1.0457	A	G	0.719577	0.992374	0.375285	5.4E-01	-0.00393033	0.00629039	0.390393	5.3E-01	0.310069	5.8E-01
rs116911572	17	943593	0.0364958	T	C	0.982069	1	0.714186	4.0E-01	-0.0190851	0.0212544	0.806297	3.7E-01	0.841367	3.6E-01
rs4151120	17	7342148	0.196018	T	A	0.629178	0.991461	4.88931	2.7E-02	0.0129722	0.00585714	4.90521	2.7E-02	5.08094	2.4E-02
rs1561	17	8263334	0.209036	C	T	0.928268	0.930811	3.14016	7.6E-02	-0.0201917	0.0112911	3.19795	7.4E-02	3.43588	6.4E-02
rs1242488	17	17347995	0.443205	C	A	0.250473	0.994678	1.28572	2.6E-01	-0.00662776	0.00650002	1.03969	3.1E-01	0.915514	3.4E-01
rs897456	17	17422608	0.444631	A	G	0.942018	1	0.21218	6.5E-01	-0.00670022	0.0120665	0.30833	5.8E-01	0.279333	6.0E-01
rs11651639	17	27672320	0.49569	A	T	0.483934	0.999433	0.0668909	8.0E-01	-0.00162514	0.00563278	0.0832402	7.7E-01	0.124847	7.2E-01
rs55883500	17	40395267	0.664304	T	G	0.691334	0.998762	0.200519	6.5E-01	-0.00290391	0.00609455	0.22703	6.3E-01	0.127156	7.2E-01
rs2242461	17	40861424	0.665935	G	A	0.405713	1	0.038804	8.4E-01	-0.000987022	0.00573278	0.0296431	8.6E-01	0.119051	7.3E-01
rs62053943	17	43744203	0.688226	C	T	0.845555	0.975028	3.76855	5.2E-02	-0.0138753	0.00790488	3.08104	7.9E-02	2.96841	8.5E-02
rs6504972	17	53601168	0.790946	G	A	0.654059	0.990391	0.640081	4.2E-01	-0.00481745	0.00596892	0.651391	4.2E-01	0.629776	4.3E-01
rs9892365	17	59491384	0.871045	A	G	0.330387	0.996856	0.219178	6.4E-01	0.00391782	0.00599498	0.427084	5.1E-01	0.574997	4.5E-01
rs146385050	17	60637258	0.881108	C	A	0.819308	0.982238	0.496633	4.8E-01	0.00537236	0.00737716	0.530337	4.7E-01	0.308564	5.8E-01
rs1966327	17	67570113	0.971768	A	G	0.320402	0.997202	0.937957	3.3E-01	-0.00502031	0.00603571	0.691838	4.1E-01	0.565684	4.5E-01
rs9896666	17	68226321	0.98162	C	T	0.675868	0.994992	0.287013	5.9E-01	0.00307531	0.00602525	0.260512	6.1E-01	0.507177	4.8E-01
rs3810068	18	2846499	0.0738566	T	C	0.595452	1	4.56797	3.3E-02	0.0105251	0.0057228	3.3825	6.6E-02	4.23227	4.0E-02
rs4800451	18	20716805	0.429195	C	T	0.259966	0.984274	0.00903711	9.2E-01	-0.00146454	0.00648031	0.0510755	8.2E-01	0.0621538	8.0E-01
rs1026186	18	42741410	0.625015	G	A	0.64681	0.995626	1.59703	2.1E-01	0.00700615	0.00590349	1.40845	2.4E-01	1.60369	2.1E-01
rs8086644	18	60788559	0.864537	G	A	0.834201	0.988925	0.0508093	8.2E-01	-0.00343798	0.00760339	0.204452	6.5E-01	0.254671	6.1E-01
rs12979965	19	2131148	0.0753026	A	G	0.499935	0.991113	0.636415	4.3E-01	0.00561838	0.00563837	0.992922	3.2E-01	1.20919	2.7E-01
rs10421685	19	4488926	0.151356	G	A	0.311293	0.998169	7.65894	5.6E-03	0.0160037	0.00607828	6.93236	8.5E-03	6.49775	1.1E-02
rs10421685	19	4488926	0.151356	G	C	0.973386	0.548756	0.019036	8.9E-01	-0.00484084	0.0235456	0.0422691	8.4E-01	0.0531064	8.2E-01
rs35555265	19	17152232	0.420672	C	T	0.803227	0.993265	0.632985	4.3E-01	0.00655193	0.0070787	0.856704	3.5E-01	0.687714	4.1E-01
rs72999466	19	18248499	0.447893	C	T	0.742123	0.99893	0.0644835	8.0E-01	-0.00294498	0.0064196	0.21045	6.5E-01	0.0725046	7.9E-01
rs1423056	19	33780444	0.560699	G	A	0.681795	0.903762	0.0663377	8.0E-01	0.00136058	0.0063538	0.0458541	8.3E-01	0.00396761	9.5E-01
rs113504807	19	33787954	0.561506	C	T	0.951238	0.934153	0.983643	3.2E-01	-0.014789	0.0134694	1.20554	2.7E-01	1.161	2.8E-01
rs11672697	19	33876955	0.562267	C	T	0.494053	0.99299	1.43953	2.3E-01	0.00721461	0.00564277	1.63471	2.0E-01	1.53769	2.1E-01
rs62116588	19	44446097	0.68736	C	G	0.976805	0.933368	43.6595	3.9E-11	0.12798	0.0193526	43.7326	3.8E-11	48.3933	3.5E-12
rs55840997	19	44480979	0.687479	G	A	0.981353	1	30.1354	4.0E-08	0.115637	0.0207866	30.9474	2.7E-08	31.9523	1.6E-08
rs73048351	19	45160086	0.697689	C	A	0.989712	0.91554	80.6482	2.7E-19	0.269929	0.029176	85.5945	2.2E-20	85.2719	2.6E-20
rs11881756	19	45220896	0.699851	T	C	0.886737	1	271.669	4.9E-61	0.146028	0.00886208	271.52	5.3E-61	267.156	4.7E-60
rs139326841	19	45269725	0.701551	T	C	0.978636	0.821408	44.3936	2.7E-11	-0.141235	0.0213804	43.6367	4.0E-11	43.9047	3.4E-11
rs2075649	19	45395330	0.707004	A	G	0.611354	0.998574	101.458	7.3E-24	-0.0577474	0.00578054	99.7994	1.7E-23	102.634	4.0E-24
rs146390218	19	45478352	0.709104	A	G	0.973731	0.966351	215.834	7.3E-49	0.265238	0.0178691	220.325	7.7E-50	231.379	3.0E-52
rs2864436	19	55986637	0.996315	T	C	0.754674	1	0.413163	5.2E-01	0.00435586	0.00651082	0.447585	5.0E-01	0.518912	4.7E-01
rs151235402	20	569164	0.0196907	C	T	0.984757	0.956324	1.62057	2.0E-01	0.0304494	0.0236342	1.65987	2.0E-01	1.65903	2.0E-01
rs805769	20	5667459	0.191037	T	C	0.595306	0.99253	0.104636	7.5E-01	0.00175499	0.00575871	0.0928749	7.6E-01	0.00744429	9.3E-01
rs6117303	20	6487687	0.213838	T	C	0.34849	0.989053	3.42102	6.4E-02	0.0117297	0.00593659	3.90391	4.8E-02	4.00306	4.5E-02
rs146411982	20	38985760	0.586515	A	G	0.97517	0.885893	15.6173	7.8E-05	-0.0778507	0.0191919	16.4547	5.0E-05	15.4019	8.7E-05
rs1997833	20	39690342	0.597551	T	C	0.700507	0.998963	9.48415	2.1E-03	-0.0193935	0.00612562	10.0234	1.5E-03	12.0866	5.1E-04
rs11699991	20	45489407	0.689702	T	A	0.670387	0.988835	0.949727	3.3E-01	0.00785379	0.00601636	1.70408	1.9E-01	2.14592	1.4E-01
rs6068280	20	51235613	0.791961	A	G	0.324841	0.992237	0.537272	4.6E-01	0.00476729	0.00600253	0.630775	4.3E-01	0.640662	4.2E-01
rs6013572	20	51553621	0.798111	T	C	0.936054	1	0.194512	6.6E-01	0.00356952	0.0115688	0.095201	7.6E-01	0.256542	6.1E-01
rs1936966	20	51691779	0.801626	C	T	0.672454	0.982215	1.53187	2.2E-01	-0.00790323	0.00608834	1.68504	1.9E-01	1.22293	2.7E-01
rs2105063	20	62690683	1.09651	C	T	0.438811	1	2.48244	1.2E-01	0.00880818	0.00568182	2.40324	1.2E-01	2.06725	1.5E-01
rs4998557	21	33034892	0.322704	G	A	0.887631	0.995909	0.247067	6.2E-01	-0.00250705	0.00894425	0.0785666	7.8E-01	0.206314	6.5E-01
rs2836139	21	39451403	0.432375	A	G	0.514897	0.9942	3.74741	5.3E-02	0.0101347	0.00567345	3.19101	7.4E-02	3.13809	7.6E-02
rs2330396	21	47524380	0.643685	A	C	0.492654	0.996498	4.58314	3.2E-02	-0.0120977	0.00562436	4.62659	3.1E-02	3.88094	4.9E-02
rs2236142	22	29137944	0.338659	G	C	0.32476	0.994367	0.518667	4.7E-01	-0.00380832	0.00602076	0.400096	5.3E-01	0.455789	5.0E-01
rs5997898	22	31572963	0.355537	A	C	0.421356	0.998342	0.00341739	9.5E-01	-0.000477905	0.00570788	0.00701025	9.3E-01	0.012782	9.1E-01
