SNP	CHR	BP	GENPOS	ALLELE1	ALLELE0	A1FREQ	INFO	CHISQ_LINREG	P_LINREG	BETA	SE	CHISQ_BOLT_LMM_INF	P_BOLT_LMM_INF
rs10909862	1	2936815	0.0400559	G	A	0.192795	0.987988	0.689216	4.1E-01	-0.00616974	0.00718763	0.736822	3.9E-01
rs1294014	1	9325676	0.18921	C	T	0.732061	0.974098	0.180807	6.7E-01	0.00222312	0.00646064	0.118406	7.3E-01
rs10753554	1	23619009	0.461644	T	C	0.260287	0.989627	0.00905728	9.2E-01	-0.000592273	0.00645452	0.00842007	9.3E-01
rs875868	1	65539253	0.960443	A	C	0.697693	0.993511	1.50881	2.2E-01	0.00692421	0.00615682	1.26482	2.6E-01
rs10889551	1	65906137	0.967654	A	G	0.32693	0.995997	0.0036353	9.5E-01	0.000293978	0.00602747	0.00237881	9.6E-01
rs71658797	1	77967507	1.07336	T	A	0.879092	0.99054	1.5037	2.2E-01	0.0110363	0.00866422	1.6225	2.0E-01
rs1415361	1	103562263	1.33102	C	T	0.402156	0.995554	0.135338	7.1E-01	-0.00201414	0.00576011	0.12227	7.3E-01
rs116679284	1	119014845	1.50751	C	T	0.963619	0.948411	3.56307	5.9E-02	-0.0300438	0.0154638	3.77466	5.2E-02
rs1766783	1	119434896	1.50931	A	C	0.181324	0.981355	0.650206	4.2E-01	-0.00525141	0.00737275	0.507333	4.8E-01
rs3738479	1	150997842	1.65945	T	A	0.765977	0.995486	0.191761	6.6E-01	-0.00262375	0.00667396	0.154553	6.9E-01
rs79810698	1	154836444	1.69767	C	A	0.955636	1	0.540386	4.6E-01	0.0091998	0.0136859	0.451866	5.0E-01
rs10494421	1	164738727	1.83743	C	T	0.880816	1	0.0405027	8.4E-01	-0.00129715	0.00869575	0.0222519	8.8E-01
rs3121911	1	170212480	1.91705	G	A	0.744418	0.993907	0.41423	5.2E-01	-0.00361643	0.00644328	0.315025	5.7E-01
rs17346300	1	170510459	1.91857	C	T	0.950643	1	0.861821	3.5E-01	0.0123706	0.0130358	0.900549	3.4E-01
rs6697844	1	172308238	1.93873	C	T	0.567913	0.996349	0.126772	7.2E-01	-0.00185945	0.0056729	0.107439	7.4E-01
rs10922075	1	196467248	2.1432	G	A	0.688006	0.997066	2.07874	1.5E-01	0.00890578	0.0060829	2.1435	1.4E-01
rs13303121	1	203503267	2.22276	C	G	0.607351	0.947347	1.27611	2.6E-01	0.00692305	0.00590985	1.37228	2.4E-01
rs4951159	1	205012106	2.25304	G	C	0.0908718	0.967	0.367546	5.4E-01	-0.00562564	0.00996612	0.318633	5.7E-01
rs61821643	1	219268532	2.43532	T	C	0.974369	0.889659	5.27992	2.2E-02	-0.0440261	0.018871	5.44289	2.0E-02
rs77278027	1	219392230	2.43543	C	T	0.938286	0.976746	3.21918	7.3E-02	-0.0216542	0.0118487	3.33997	6.8E-02
rs12740837	1	219623230	2.43692	G	A	0.983211	0.959021	5.77203	1.6E-02	0.0535344	0.02233	5.74765	1.7E-02
rs711869	2	13073967	0.297329	G	A	0.443116	0.983109	2.57489	1.1E-01	-0.00900678	0.0057181	2.48106	1.2E-01
rs2702068	2	24689512	0.456007	A	C	0.144526	0.985387	0.0525778	8.2E-01	-0.000765274	0.00807027	0.00899201	9.2E-01
rs77541036	2	25575523	0.459339	A	G	0.962283	0.991995	1.94619	1.6E-01	-0.0173274	0.0148251	1.36606	2.4E-01
rs7933	2	43452183	0.682402	A	G	0.6349	0.981779	0.0225252	8.8E-01	0.000574869	0.0058972	0.00950268	9.2E-01
rs36072157	2	48953740	0.765134	G	C	0.658172	0.956087	0.19065	6.6E-01	-0.00347114	0.00606406	0.327656	5.7E-01
rs4953627	2	48990167	0.765401	C	T	0.775268	0.975089	0.465672	4.9E-01	-0.00440591	0.00685403	0.413219	5.2E-01
rs10779951	2	66142656	0.91656	G	A	0.525061	0.992672	0.383837	5.4E-01	0.00317537	0.00567044	0.313584	5.8E-01
rs12713567	2	66729420	0.924256	A	G	0.42815	0.981664	0.491325	4.8E-01	0.00399966	0.00574231	0.485147	4.9E-01
rs1521047	2	67724601	0.937973	C	G	0.754192	0.992329	0.501858	4.8E-01	0.00433034	0.00654149	0.438218	5.1E-01
rs12712049	2	100208830	1.21955	A	G	0.176723	0.985519	0.00779476	9.3E-01	-0.000782041	0.00742779	0.0110851	9.2E-01
rs72946301	2	111861838	1.33125	G	A	0.903885	0.964859	0.259866	6.1E-01	0.00476831	0.00973478	0.239925	6.2E-01
rs1053413	2	114471921	1.35945	A	G	0.784723	0.998156	4.93924	2.6E-02	-0.0148145	0.00687533	4.64287	3.1E-02
rs7593247	2	119337589	1.3956	C	T	0.503798	0.990163	0.223515	6.4E-01	0.00307237	0.00565852	0.294809	5.9E-01
rs78876301	2	158234589	1.75901	A	C	0.987175	0.782415	1.43917	2.3E-01	0.0333306	0.0283256	1.38461	2.4E-01
rs77928329	2	158413902	1.76308	G	A	0.945383	0.998218	8.9905	2.7E-03	0.0375341	0.0123613	9.21987	2.4E-03
rs1402698	2	165424575	1.81281	G	A	0.368769	0.988943	13.6457	2.2E-04	-0.0217427	0.0058816	13.6658	2.2E-04
rs3769877	2	165569779	1.81517	G	A	0.125554	1	2.77049	9.6E-02	0.0136467	0.00850702	2.57336	1.1E-01
rs17539351	2	169766560	1.85524	C	T	0.898599	0.953959	92.7961	5.8E-22	0.0924946	0.0095666	93.4799	4.1E-22
rs62173497	2	187821910	2.04064	C	A	0.889369	0.96522	0.175538	6.8E-01	-0.00452717	0.00912794	0.245985	6.2E-01
rs61613340	2	191746748	2.0603	G	T	0.922175	0.993102	0.188973	6.6E-01	0.00411564	0.0105475	0.152256	7.0E-01
rs1250248	2	216287093	2.28549	A	G	0.271935	0.996374	0.00240122	9.6E-01	0.00105223	0.00634783	0.0274773	8.7E-01
rs2373074	2	218381350	2.32413	C	T	0.903195	0.998908	0.78149	3.8E-01	-0.00949995	0.00954026	0.991567	3.2E-01
rs62182126	2	219279230	2.33765	G	A	0.901432	1	0.0117256	9.1E-01	-0.00109645	0.0094519	0.0134568	9.1E-01
rs6760762	2	226866226	2.44112	C	T	0.776218	0.976874	0.40618	5.2E-01	0.00479412	0.00684426	0.490642	4.8E-01
rs305506	3	12026709	0.296805	G	T	0.113605	0.992655	0.143514	7.0E-01	0.00278782	0.00891974	0.0976845	7.5E-01
rs114252958	3	12409938	0.29797	C	T	0.98297	0.956617	0.000630697	9.8E-01	-0.000983207	0.0223446	0.00193618	9.6E-01
rs10490869	3	35635145	0.595764	A	T	0.789429	0.990849	0.471408	4.9E-01	-0.003664	0.00691244	0.280962	6.0E-01
rs6771508	3	43718462	0.664863	A	C	0.974962	0.998741	0.564895	4.5E-01	0.0135018	0.0180275	0.560936	4.5E-01
rs4683294	3	46979013	0.687679	G	C	0.321613	0.960868	0.00788597	9.3E-01	-0.000533177	0.00613963	0.00754151	9.3E-01
rs4858828	3	48724811	0.68972	C	T	0.349204	0.999091	0.00295246	9.6E-01	-0.000625806	0.00588404	0.0113117	9.2E-01
rs352156	3	52214610	0.694887	C	T	0.955062	0.904333	0.00318415	9.6E-01	-9.41086e-06	0.0141609	4.41652e-07	1.0E+00
rs7643235	3	53227428	0.699142	T	C	0.41357	0.989215	2.41588	1.2E-01	-0.00865704	0.00571661	2.2933	1.3E-01
rs11718560	3	64584862	0.868956	C	T	0.731923	0.985124	0.169599	6.8E-01	0.00280065	0.00639484	0.191804	6.6E-01
rs4688498	3	64674599	0.871028	C	T	0.66962	0.985151	0.57226	4.5E-01	0.0043601	0.00603247	0.522399	4.7E-01
rs997274	3	78704821	1.06722	T	C	0.748751	0.994327	0.00470603	9.5E-01	5.09702e-05	0.00652253	6.10662e-05	9.9E-01
rs1877569	3	99224544	1.12953	G	A	0.816291	0.993173	2.57124	1.1E-01	0.0121808	0.00727245	2.80538	9.4E-02
rs9875732	3	107461731	1.19696	T	C	0.622981	0.99667	1.18419	2.8E-01	-0.00650473	0.00582049	1.24893	2.6E-01
rs4072921	3	123022429	1.35601	C	T	0.752171	0.993344	28.6542	8.7E-08	0.0363387	0.00653991	30.8741	2.8E-08
rs113771682	3	129112166	1.4255	C	T	0.937359	0.999072	0.0364799	8.5E-01	0.00187758	0.0116507	0.0259713	8.7E-01
rs7647218	3	129125231	1.42558	C	A	0.901351	0.999167	0.295105	5.9E-01	-0.00568861	0.00946366	0.361322	5.5E-01
rs112551697	3	150018637	1.64271	G	A	0.96555	0.928479	6.07929	1.4E-02	-0.0400335	0.0159682	6.28543	1.2E-02
rs11720805	3	156800360	1.71236	A	G	0.330967	0.970132	0.0942115	7.6E-01	0.0023286	0.00607701	0.146829	7.0E-01
rs1488111	3	168951612	1.77942	C	T	0.517316	0.996852	0.288265	5.9E-01	0.00221812	0.00562975	0.155236	6.9E-01
rs6804915	3	170627909	1.79817	C	A	0.707525	0.995412	45.3834	1.6E-11	0.0421673	0.00620138	46.2354	1.0E-11
rs1499813	3	171760427	1.8208	T	C	0.587447	1	0.822075	3.6E-01	-0.00477221	0.00574354	0.690367	4.1E-01
rs13092876	3	185495320	2.01656	G	A	0.686703	0.994835	3.76479	5.2E-02	-0.0114451	0.00608406	3.53877	6.0E-02
rs3843375	3	196813908	2.26438	G	A	0.590352	0.999191	0.948577	3.3E-01	0.00556194	0.00573879	0.939314	3.3E-01
rs75072999	4	844781	0.00782036	G	A	0.904962	0.991302	1.31342	2.5E-01	0.0107352	0.00965653	1.23589	2.7E-01
rs748483	4	952409	0.00822297	A	G	0.891513	0.99682	0.140469	7.1E-01	0.00362498	0.0090749	0.159562	6.9E-01
rs1912897	4	26006133	0.455942	A	T	0.792988	0.98817	0.670068	4.1E-01	0.0057843	0.00699612	0.683577	4.1E-01
rs7689800	4	26295421	0.461356	C	G	0.382	0.982424	1.38375	2.4E-01	0.00736554	0.00585026	1.58511	2.1E-01
rs34171390	4	56192405	0.730002	C	G	0.828722	0.967618	2.66085	1.0E-01	-0.0115255	0.00758004	2.31192	1.3E-01
rs3017896	4	89533004	1.04795	G	C	0.704376	1	0.776897	3.8E-01	0.00537764	0.00615186	0.764138	3.8E-01
rs10029220	4	89710592	1.04921	C	T	0.909785	0.997537	4.02084	4.5E-02	0.0189925	0.00985206	3.71629	5.4E-02
rs1813006	4	103001649	1.15654	G	T	0.940883	0.94358	0.275956	6.0E-01	-0.00663237	0.0122802	0.291693	5.9E-01
rs12647922	4	106063987	1.17944	C	T	0.794639	0.998343	1.11167	2.9E-01	0.00746347	0.00696938	1.14681	2.8E-01
rs7655064	4	120106348	1.31331	T	C	0.87533	0.995692	0.0877183	7.7E-01	0.00237319	0.00852861	0.0774298	7.8E-01
rs2922979	4	123748616	1.34468	C	G	0.689913	1	6.96093	8.3E-03	0.0160009	0.006096	6.8897	8.7E-03
rs1520325	4	125182690	1.35483	C	T	0.780066	0.994582	0.44576	5.0E-01	0.00406637	0.00681801	0.355712	5.5E-01
rs2353397	4	145517578	1.53798	C	T	0.459904	1	0.0245497	8.8E-01	0.000493837	0.00565702	0.00762064	9.3E-01
rs2166365	5	3597830	0.0882728	A	G	0.777695	0.981109	1.42788	2.3E-01	0.00772144	0.0068294	1.2783	2.6E-01
rs13178917	5	4007353	0.10142	C	T	0.552033	0.99437	0.00830272	9.3E-01	-0.000153875	0.00565521	0.000740353	9.8E-01
rs10061804	5	32748637	0.511958	G	A	0.71106	1	1.50816	2.2E-01	-0.00810155	0.00621626	1.69855	1.9E-01
rs299615	5	34042097	0.535425	G	A	0.843161	1	1.34085	2.5E-01	-0.00902678	0.00775186	1.35598	2.4E-01
rs4293945	5	38736142	0.597252	A	T	0.606401	0.995383	0.0210531	8.8E-01	-0.000384133	0.00577787	0.00442004	9.5E-01
rs163112	5	54538003	0.667379	C	G	0.10711	0.994238	0.0732769	7.9E-01	0.00249144	0.00914805	0.0741724	7.9E-01
rs61653333	5	55779080	0.679717	G	T	0.970405	0.977169	0.132684	7.2E-01	0.00751766	0.0167807	0.200699	6.5E-01
rs6867983	5	55854153	0.681454	C	T	0.861175	1	0.22712	6.3E-01	0.00349301	0.00814861	0.183752	6.7E-01
rs11749164	5	66294202	0.770672	T	G	0.726467	0.988719	0.0447275	8.3E-01	-0.000753017	0.00635759	0.0140289	9.1E-01
rs6878122	5	76427311	0.889556	G	A	0.318362	0.997785	4.22596	4.0E-02	0.0121293	0.00605975	4.00645	4.5E-02
rs7734060	5	101780479	1.10738	T	G	0.734797	0.995631	0.951458	3.3E-01	0.00652805	0.00641369	1.03598	3.1E-01
rs1394631	5	118639270	1.27349	C	T	0.775203	0.988487	0.11747	7.3E-01	0.00223215	0.00677422	0.108574	7.4E-01
rs11744058	5	118798944	1.27486	G	T	0.783855	0.998591	0.187083	6.7E-01	0.00309406	0.00685317	0.203833	6.5E-01
rs3749748	5	127350549	1.37291	C	T	0.753997	0.992802	3.28462	7.0E-02	0.0114362	0.00655814	3.04093	8.1E-02
rs4705986	5	132349654	1.39065	T	G	0.937194	0.978165	0.0350597	8.5E-01	-0.000848537	0.011746	0.00521872	9.4E-01
rs10463353	5	141710741	1.48273	C	T	0.640781	0.986535	0.0621921	8.0E-01	0.00172173	0.00590411	0.0850393	7.7E-01
rs33999	5	141973349	1.48937	C	G	0.61204	0.9834	1.7631	1.8E-01	0.00811649	0.00581562	1.9478	1.6E-01
rs12652322	5	171822666	1.88951	C	T	0.705156	0.99822	0.373597	5.4E-01	0.00396072	0.00618837	0.409633	5.2E-01
rs2053681	5	172746086	1.91113	A	G	0.485632	0.912476	1.04687	3.1E-01	0.00615667	0.00591341	1.08397	3.0E-01
rs10035782	5	173270328	1.92939	A	G	0.600732	0.984103	0.0639457	8.0E-01	0.0014811	0.00579613	0.0652971	8.0E-01
rs11963955	6	6631996	0.178791	A	G	0.637564	0.976944	2.22091	1.4E-01	0.00862154	0.00593356	2.11125	1.5E-01
rs201061	6	6730512	0.181115	G	A	0.45566	0.976616	0.00883414	9.3E-01	-7.07182e-05	0.00571084	0.000153343	9.9E-01
rs1334576	6	7211818	0.195986	G	A	0.577453	1	0.241977	6.2E-01	0.00368979	0.00571307	0.417124	5.2E-01
rs9382988	6	14595010	0.314722	C	A	0.204354	0.998886	5.92732	1.5E-02	0.0166896	0.00700748	5.67238	1.7E-02
rs4710940	6	20658012	0.410434	A	C	0.647053	0.999463	1.55775	2.1E-01	-0.00841866	0.00590781	2.03064	1.5E-01
rs3129830	6	30248711	0.50553	G	A	0.868614	0.999908	2.67698	1.0E-01	-0.0123961	0.00830812	2.22619	1.4E-01
rs7772131	6	30795171	0.50714	A	C	0.988597	1	0.00213366	9.6E-01	-0.00328345	0.0265531	0.0152908	9.0E-01
rs6919908	6	31244960	0.511805	T	C	0.193906	0.999901	8.47531	3.6E-03	-0.0215795	0.00714482	9.12222	2.5E-03
rs181133225	6	32454764	0.520293	T	C	0.893453	0.778953	3.05174	8.1E-02	0.019137	0.0102846	3.46237	6.3E-02
rs117108573	6	32489679	0.520303	C	T	0.92141	0.866866	2.53941	1.1E-01	0.0195923	0.0111766	3.07292	8.0E-02
rs575662827	6	32543874	0.520325	T	C	0.899324	0.833996	2.97563	8.5E-02	0.0191196	0.0102026	3.51182	6.1E-02
rs114760566	6	34192036	0.545788	C	A	0.954293	0.993831	3.43017	6.4E-02	0.0254896	0.0135207	3.55409	5.9E-02
rs1574430	6	43269029	0.669727	A	C	0.391256	0.999399	0.300516	5.8E-01	-0.00331986	0.00577184	0.330834	5.7E-01
rs9381248	6	43734606	0.675407	C	T	0.878399	0.993046	0.246414	6.2E-01	-0.00425255	0.00865569	0.241376	6.2E-01
rs35349911	6	43785255	0.678849	C	T	0.40956	0.97009	0.322884	5.7E-01	0.00333829	0.00582772	0.328134	5.7E-01
rs72902769	6	80719576	0.920488	C	G	0.966628	0.999182	0.27253	6.0E-01	-0.00595191	0.015712	0.1435	7.0E-01
rs62406467	6	81114126	0.921634	G	T	0.849321	0.952286	0.555725	4.6E-01	0.00634682	0.00806972	0.618579	4.3E-01
rs6924944	6	100597579	1.0811	A	T	0.245817	0.981159	0.825412	3.6E-01	0.00501235	0.00662111	0.573088	4.5E-01
rs2806373	6	109222017	1.18299	G	A	0.239482	0.998945	1.47167	2.3E-01	0.00786885	0.00659682	1.42283	2.3E-01
rs72969772	6	126187585	1.32503	A	G	0.980319	1	1.03185	3.1E-01	-0.0203913	0.0203411	1.00495	3.2E-01
rs9986505	6	126445558	1.32603	A	G	0.676082	0.991308	0.0303246	8.6E-01	-0.00142573	0.0060447	0.0556318	8.1E-01
rs74949497	6	126812007	1.32699	A	C	0.975165	1	0.158915	6.9E-01	0.00817044	0.0182071	0.201376	6.5E-01
rs139242696	6	127414440	1.32797	T	C	0.974909	0.948341	0.850698	3.6E-01	0.0173912	0.0184603	0.887526	3.5E-01
rs9385864	6	139805476	1.50274	C	T	0.690817	0.988333	0.0346801	8.5E-01	0.00109127	0.00614216	0.031566	8.6E-01
rs12205386	6	139837171	1.50318	C	A	0.643646	0.9992	5.40583	2.0E-02	0.0130417	0.00588911	4.90422	2.7E-02
rs11756568	6	152042413	1.64245	A	T	0.724847	0.999168	0.540392	4.6E-01	-0.00410659	0.00631821	0.42245	5.2E-01
rs474617	6	160700441	1.77412	T	C	0.327876	0.996694	2.04946	1.5E-01	0.00892355	0.00600355	2.20932	1.4E-01
rs9459839	6	167431829	1.92196	T	C	0.531269	0.998188	0.0588255	8.1E-01	-0.000849569	0.0056282	0.0227855	8.8E-01
rs2214440	7	20372191	0.358281	A	G	0.667639	0.991786	0.533183	4.7E-01	-0.00333022	0.00600598	0.307452	5.8E-01
rs111683990	7	25729528	0.437229	C	G	0.955503	0.987881	0.301259	5.8E-01	-0.00700095	0.0137661	0.258639	6.1E-01
rs2040786	7	26208736	0.442609	G	A	0.529401	1	7.24573	7.1E-03	-0.01564	0.00563998	7.68989	5.6E-03
rs17428025	7	27251396	0.453724	C	T	0.971776	0.967404	0.383289	5.4E-01	-0.00986422	0.0172876	0.325577	5.7E-01
rs849140	7	28183702	0.463008	T	C	0.410274	1	1.38984	2.4E-01	0.0071755	0.00575593	1.55408	2.1E-01
rs17172095	7	42665355	0.680121	A	G	0.679311	0.995026	1.51328	2.2E-01	0.00686744	0.00604391	1.29108	2.6E-01
rs71556711	7	72854549	0.899611	C	T	0.908406	1	6.68009	9.7E-03	-0.0260224	0.00974852	7.12554	7.6E-03
rs7780317	7	72867852	0.899612	C	T	0.927974	0.985744	0.0193289	8.9E-01	0.0020817	0.010935	0.0362406	8.5E-01
rs57487833	7	77115793	0.936393	G	A	0.723161	0.985735	0.731839	3.9E-01	-0.00580185	0.006335	0.838763	3.6E-01
rs76306613	7	106235348	1.22452	G	T	0.856053	0.98895	1.0417	3.1E-01	0.00819641	0.00807025	1.03151	3.1E-01
rs2237687	7	107585473	1.24369	C	T	0.472423	0.966594	0.0539745	8.2E-01	0.00138917	0.00573064	0.0587627	8.1E-01
rs38902	7	116889718	1.32093	G	A	0.474747	0.992845	0.584955	4.4E-01	-0.00409518	0.00565639	0.524166	4.7E-01
rs12154627	7	130422934	1.4017	T	C	0.506886	0.97487	4.94338	2.6E-02	0.0125658	0.00569277	4.87228	2.7E-02
rs7808446	7	150214465	1.67249	T	G	0.235514	0.993612	0.156278	6.9E-01	0.00220348	0.00665715	0.109557	7.4E-01
rs7014168	8	10641965	0.266242	G	A	0.776693	0.996719	0.111014	7.4E-01	-0.00294622	0.00678104	0.188772	6.6E-01
rs4474021	8	12632903	0.332387	G	T	0.680773	1	0.0334936	8.5E-01	0.00163165	0.00603408	0.0731193	7.9E-01
rs7844736	8	23551671	0.545238	A	G	0.828794	1	3.74474	5.3E-02	0.0131627	0.00749068	3.08777	7.9E-02
rs310289	8	23610756	0.545792	C	T	0.760903	0.994537	0.107253	7.4E-01	0.00200314	0.00663445	0.0911618	7.6E-01
rs11992444	8	25464690	0.565812	G	T	0.490578	1	0.067297	8.0E-01	0.00155398	0.00562398	0.0763485	7.8E-01
rs7815496	8	38321607	0.69461	C	T	0.597362	0.996532	0.436678	5.1E-01	0.00380406	0.005741	0.439056	5.1E-01
rs12543555	8	69562014	0.90375	A	G	0.792115	0.98465	0.924992	3.4E-01	-0.00715549	0.00697851	1.05136	3.1E-01
rs28568866	8	72353630	0.949663	G	A	0.96991	0.939217	2.54975	1.1E-01	-0.0273655	0.0170322	2.58144	1.1E-01
rs146492163	8	72386394	0.950025	G	T	0.969429	0.960969	0.0163893	9.0E-01	0.00176065	0.0167231	0.0110843	9.2E-01
rs1895674	8	72443246	0.950276	T	G	0.946811	0.990629	0.0404498	8.4E-01	-0.00297857	0.0125779	0.0560791	8.1E-01
rs4147332	8	89280863	1.08332	G	C	0.323237	0.995784	0.461472	5.0E-01	0.00438884	0.00603077	0.529606	4.7E-01
rs144435165	8	126419938	1.45107	G	C	0.944177	0.785853	0.312196	5.8E-01	-0.00728604	0.013822	0.277869	6.0E-01
rs2954018	8	126477153	1.45319	C	T	0.298333	0.998357	0.752667	3.9E-01	0.00540417	0.00616328	0.768836	3.8E-01
rs6991761	8	128274518	1.48941	C	T	0.844248	0.993607	1.73524	1.9E-01	-0.0103212	0.00778128	1.75938	1.8E-01
rs2467030	8	135665361	1.60637	A	G	0.33961	0.997044	0.607207	4.4E-01	-0.00500255	0.0059742	0.70117	4.0E-01
rs12340775	9	13226945	0.282033	G	A	0.944665	0.940298	0.00624557	9.4E-01	-0.000398	0.0126851	0.000984411	9.7E-01
rs73650963	9	93943033	1.11642	T	C	0.892445	0.990174	0.0389013	8.4E-01	-0.00170728	0.00909329	0.0352506	8.5E-01
rs2131919	9	95283887	1.12689	A	G	0.836693	0.999136	2.18076	1.4E-01	0.0106197	0.00764323	1.9305	1.6E-01
rs1572136	9	101740604	1.18729	G	C	0.724965	0.989514	1.28679	2.6E-01	0.00740399	0.00634908	1.35991	2.4E-01
rs12686004	9	107653426	1.24316	G	A	0.884335	1	1.64145	2.0E-01	0.0116211	0.00880353	1.74253	1.9E-01
rs10991414	9	107685589	1.24582	T	C	0.861177	0.989408	0.925534	3.4E-01	-0.00824765	0.00820987	1.00923	3.2E-01
rs111479443	9	107874316	1.24936	T	G	0.963774	0.9746	1.56477	2.1E-01	-0.0182476	0.015278	1.42653	2.3E-01
rs7048735	9	112529695	1.31375	A	G	0.239522	0.976202	0.0380716	8.5E-01	0.000145484	0.00667761	0.000474668	9.8E-01
rs1002607	9	113858933	1.33848	T	C	0.407211	0.988428	0.752	3.9E-01	0.00506447	0.00577661	0.768637	3.8E-01
rs13298297	9	119264108	1.4204	G	A	0.769323	0.989359	1.19938	2.7E-01	0.00795423	0.0067424	1.39177	2.4E-01
rs6478851	9	131561110	1.55426	G	A	0.758685	1	0.00227067	9.6E-01	-0.00118455	0.00659689	0.0322423	8.6E-01
rs60980157	9	139235415	1.78278	C	T	0.757469	0.966704	2.60557	1.1E-01	0.0109562	0.00666377	2.70319	1.0E-01
rs11592619	10	3133714	0.0581012	C	T	0.625523	0.959415	34.5626	4.1E-09	0.0354618	0.00595304	35.4849	2.6E-09
rs7072195	10	3540748	0.0738836	T	C	0.417525	0.993244	0.166017	6.8E-01	0.00225702	0.00573301	0.15499	6.9E-01
rs11592754	10	32619572	0.605452	A	C	0.856669	0.998356	0.143313	7.1E-01	-0.00268769	0.00803774	0.111813	7.4E-01
rs2247396	10	33489192	0.60946	G	A	0.603608	0.99818	0.0183215	8.9E-01	-0.000903978	0.00574169	0.0247877	8.7E-01
rs4341488	10	60452745	0.822202	G	A	0.188383	0.998867	1.01048	3.1E-01	0.00792847	0.00720072	1.21235	2.7E-01
rs17287962	10	63770969	0.858439	A	G	0.970115	0.979005	3.42231	6.4E-02	-0.0307812	0.0167096	3.39343	6.5E-02
rs10762666	10	77157489	1.00522	A	G	0.241973	0.984822	0.101652	7.5E-01	0.00205027	0.00659987	0.0965054	7.6E-01
rs10887758	10	89603315	1.15934	T	C	0.784511	0.990793	0.144827	7.0E-01	-0.0024928	0.00689529	0.130698	7.2E-01
rs141490680	10	95280981	1.22085	G	A	0.866803	0.998279	0.614167	4.3E-01	-0.00538194	0.00828397	0.422085	5.2E-01
rs7342070	10	104223628	1.30538	T	C	0.455169	1	0.90807	3.4E-01	0.00521793	0.00565263	0.852111	3.6E-01
rs7917983	10	114732882	1.3977	T	C	0.532139	1	0.585366	4.4E-01	-0.00483175	0.00564635	0.732275	3.9E-01
rs242956	10	119297479	1.46386	C	T	0.362593	0.990585	0.0310392	8.6E-01	-0.000399701	0.00587296	0.00463187	9.5E-01
rs7104929	11	784340	0.0108006	C	G	0.530613	0.997422	8.26854	4.0E-03	0.0169655	0.00566512	8.96841	2.7E-03
rs7932891	11	10921512	0.210707	A	G	0.29441	0.99931	0.0307911	8.6E-01	0.00122448	0.00617434	0.0393299	8.4E-01
rs11607537	11	14224166	0.277204	C	T	0.941056	0.981717	1.46849	2.3E-01	-0.0135606	0.0120786	1.26045	2.6E-01
rs79634051	11	14561945	0.278112	G	C	0.971758	1	0.0267517	8.7E-01	-0.00204846	0.0169457	0.014613	9.0E-01
rs3114693	11	26127790	0.452397	A	T	0.617498	0.997848	0.769833	3.8E-01	-0.00425175	0.00580253	0.536909	4.6E-01
rs56386213	11	36291554	0.562467	A	G	0.594977	1	1.12606	2.9E-01	-0.0049546	0.00570426	0.75443	3.9E-01
rs1043789	11	62160729	0.709847	G	A	0.679085	0.993986	0.213079	6.4E-01	0.00350196	0.00603523	0.336694	5.6E-01
rs77701059	11	62290876	0.71396	G	A	0.938612	1	0.0433481	8.4E-01	-0.00147245	0.0117476	0.0157103	9.0E-01
rs143580468	11	62492885	0.714749	T	G	0.959938	0.928525	0.28566	5.9E-01	0.00821323	0.0148754	0.304854	5.8E-01
rs7933551	11	63852949	0.730486	T	G	0.960036	0.986418	0.906969	3.4E-01	-0.0146589	0.0144496	1.02918	3.1E-01
rs7119750	11	65422591	0.738612	C	T	0.867279	1	0.00312348	9.6E-01	0.000788328	0.00830622	0.00900754	9.2E-01
rs4297487	11	69229628	0.763225	A	G	0.324724	0.994186	0.0134226	9.1E-01	-0.000650468	0.0060306	0.011634	9.1E-01
rs28690953	11	111384426	1.18701	T	G	0.853017	1	0.13091	7.2E-01	0.00251728	0.00796091	0.0999857	7.5E-01
rs747249	11	130271647	1.49781	A	G	0.360857	0.986641	0.0739787	7.9E-01	-0.00208685	0.00590839	0.124751	7.2E-01
rs11045172	12	20470221	0.37098	A	C	0.80219	0.989276	0.507763	4.8E-01	0.0045961	0.00710699	0.418222	5.2E-01
rs7977928	12	26265632	0.457285	G	A	0.408671	1	4.87267	2.7E-02	-0.0135558	0.00571727	5.62177	1.8E-02
rs2343874	12	26409450	0.459085	G	A	0.532856	0.98214	0.287652	5.9E-01	-0.00213727	0.00569023	0.141078	7.1E-01
rs16931815	12	27427917	0.469712	A	G	0.872693	0.996695	0.0163527	9.0E-01	0.000540047	0.00847928	0.00405643	9.5E-01
rs7310959	12	45968598	0.59006	G	A	0.897623	1	0.147701	7.0E-01	-0.00286206	0.00931018	0.0945022	7.6E-01
rs75824359	12	54320490	0.68262	A	G	0.970273	0.973341	0.117815	7.3E-01	0.00558749	0.0168019	0.11059	7.4E-01
rs10878362	12	66417493	0.793832	C	A	0.68769	0.991565	10.593	1.1E-03	-0.0203225	0.00608746	11.1451	8.4E-04
rs10745659	12	94092690	1.0816	C	G	0.55336	0.994516	0.964121	3.3E-01	-0.00480481	0.00569909	0.71079	4.0E-01
rs10778495	12	106991545	1.2616	A	G	0.721053	0.990603	0.0669199	8.0E-01	0.00112548	0.00628596	0.0320579	8.6E-01
rs189392453	12	122381427	1.46398	C	A	0.929808	0.926987	0.347046	5.6E-01	-0.00620412	0.0114547	0.293355	5.9E-01
rs12366339	12	122854616	1.46723	G	A	0.989426	0.907552	0.0362805	8.5E-01	-0.00669235	0.0289428	0.053466	8.2E-01
rs147433011	12	123162845	1.46972	T	C	0.989122	0.898372	0.461347	5.0E-01	-0.020893	0.0287051	0.529765	4.7E-01
rs116950578	12	123188577	1.46982	C	T	0.967071	1	0.585214	4.4E-01	-0.0104029	0.015748	0.436369	5.1E-01
rs140689322	12	123375732	1.4703	G	A	0.973705	0.966101	2.77583	9.6E-02	0.029622	0.0178993	2.73876	9.8E-02
rs28722199	12	123989436	1.47618	A	G	0.954274	0.931304	4.86665	2.7E-02	-0.0306057	0.0139696	4.79997	2.8E-02
rs12582221	12	125323240	1.49972	G	A	0.572203	1	0.604299	4.4E-01	0.0040898	0.0056871	0.517158	4.7E-01
rs7993238	13	22473593	0.0544542	A	C	0.631373	0.976757	0.210181	6.5E-01	-0.00322384	0.00591668	0.296886	5.9E-01
rs10507524	13	44684600	0.468128	T	C	0.907283	0.994143	0.0964796	7.6E-01	-0.00257528	0.0097663	0.0695328	7.9E-01
rs12872335	13	50442235	0.536587	G	A	0.792079	0.994746	3.43601	6.4E-02	-0.0126444	0.0069648	3.29592	6.9E-02
rs61964388	13	51061980	0.539297	G	A	0.904161	0.961186	3.64627	5.6E-02	0.0186242	0.00974629	3.65154	5.6E-02
rs627527	13	110915135	1.21483	G	A	0.418792	0.983958	7.38219	6.6E-03	0.0156632	0.00574953	7.42159	6.4E-03
rs1057119	14	23746269	0.116581	C	G	0.761439	1	0.0112761	9.2E-01	0.000911874	0.006585	0.019176	8.9E-01
rs140664623	14	52321987	0.459221	G	T	0.976326	0.975931	1.96207	1.6E-01	-0.0246399	0.0186867	1.73866	1.9E-01
rs2145600	14	58750902	0.537897	C	G	0.237626	0.992449	3.83034	5.0E-02	0.0134878	0.00663041	4.1381	4.2E-02
rs6575165	14	91352234	0.881721	G	A	0.765557	0.994744	2.10346	1.5E-01	-0.00944872	0.00665356	2.01668	1.6E-01
rs10130936	14	98342676	1.02712	C	T	0.376749	0.985923	0.76494	3.8E-01	-0.00545299	0.00585875	0.86628	3.5E-01
rs4779523	15	31679470	0.452779	T	A	0.72811	0.995337	8.95614	2.8E-03	0.0191014	0.0063609	9.01766	2.7E-03
rs28647196	15	40833379	0.629227	C	T	0.564265	0.997093	0.014778	9.0E-01	0.0012896	0.00570159	0.0511589	8.2E-01
rs11630710	15	56364758	0.756318	G	T	0.893149	0.979091	1.22566	2.7E-01	-0.00974811	0.00924367	1.11212	2.9E-01
rs17184382	15	63792486	0.876626	A	C	0.574603	1	1.63414	2.0E-01	0.00821985	0.00570043	2.07927	1.5E-01
rs2165241	15	74222202	0.994735	T	C	0.491256	0.994517	0.192555	6.6E-01	0.0024413	0.00562981	0.188043	6.6E-01
rs12905116	15	79042734	1.02295	T	A	0.242914	0.998559	0.928395	3.4E-01	-0.0062695	0.00654516	0.917539	3.4E-01
rs2401948	16	1340854	0.0338191	G	C	0.470445	0.984992	0.176207	6.7E-01	0.00253964	0.00568197	0.199778	6.5E-01
rs3747577	16	4415696	0.082586	C	G	0.259498	0.988145	0.000676417	9.8E-01	0.000198724	0.00646614	0.000944523	9.8E-01
rs6498114	16	10964118	0.259065	G	T	0.240547	0.980902	1.04731	3.1E-01	0.00718434	0.00665632	1.16495	2.8E-01
rs2192868	16	53428284	0.643286	G	A	0.551052	0.983829	1.22347	2.7E-01	0.006324	0.00571481	1.22456	2.7E-01
rs116975210	16	67058614	0.849502	T	G	0.960591	0.993544	0.797536	3.7E-01	0.0115548	0.0145176	0.633484	4.3E-01
rs2056876	16	78864296	0.975993	T	G	0.815688	0.95437	0.192649	6.6E-01	0.00308697	0.00741797	0.173179	6.8E-01
rs9926618	16	81484570	1.04509	T	A	0.394323	0.97289	0.0104682	9.2E-01	-0.000988363	0.00583962	0.028646	8.7E-01
rs66710707	16	81528621	1.0457	A	G	0.719503	0.992374	0.218526	6.4E-01	-0.00355098	0.00629004	0.318705	5.7E-01
rs116911572	17	943593	0.0364958	T	C	0.98209	1	0.478195	4.9E-01	-0.0152065	0.0212628	0.511465	4.7E-01
rs4151120	17	7342148	0.196018	T	A	0.629185	0.991461	4.64969	3.1E-02	0.0127987	0.00585645	4.77601	2.9E-02
rs1561	17	8263334	0.209036	C	T	0.928256	0.930811	0.0511421	8.2E-01	-0.0025288	0.0112885	0.0501831	8.2E-01
rs1242488	17	17347995	0.443205	C	A	0.250444	0.994678	3.85579	5.0E-02	-0.0118475	0.0064993	3.32294	6.8E-02
rs897456	17	17422608	0.444631	A	G	0.942027	1	1.11532	2.9E-01	-0.0128614	0.0120665	1.1361	2.9E-01
rs11651639	17	27672320	0.49569	A	T	0.483919	0.999433	0.252712	6.2E-01	0.00319502	0.00563191	0.321837	5.7E-01
rs55883500	17	40395267	0.664304	T	G	0.691272	0.998762	4.15064	4.2E-02	0.0122605	0.00609231	4.04998	4.4E-02
rs2242461	17	40861424	0.665935	G	A	0.40566	1	0.0073753	9.3E-01	-0.000301188	0.00573173	0.00276125	9.6E-01
rs62053943	17	43744203	0.688226	C	T	0.845596	0.975028	5.624	1.8E-02	0.0192211	0.0079047	5.91273	1.5E-02
rs6504972	17	53601168	0.790946	G	A	0.65407	0.990391	0.0926257	7.6E-01	-0.00203814	0.00596837	0.116616	7.3E-01
rs9892365	17	59491384	0.871045	A	G	0.330357	0.996856	0.0150875	9.0E-01	-0.000993168	0.00599502	0.0274451	8.7E-01
rs146385050	17	60637258	0.881108	C	A	0.819359	0.982238	0.0461873	8.3E-01	-0.000838108	0.00737641	0.0129095	9.1E-01
rs1966327	17	67570113	0.971768	A	G	0.320377	0.997202	5.29757	2.1E-02	-0.0143636	0.00603504	5.66453	1.7E-02
rs9896666	17	68226321	0.98162	C	T	0.675821	0.994992	0.184721	6.7E-01	-0.00242914	0.0060235	0.162632	6.9E-01
rs3810068	18	2846499	0.0738566	T	C	0.595484	1	0.347101	5.6E-01	0.00248646	0.00572261	0.188787	6.6E-01
rs4800451	18	20716805	0.429195	C	T	0.259931	0.984274	0.00499787	9.4E-01	-0.000769913	0.0064819	0.0141084	9.1E-01
rs1026186	18	42741410	0.625015	G	A	0.646912	0.995626	0.751658	3.9E-01	-0.00542029	0.00590421	0.842793	3.6E-01
rs8086644	18	60788559	0.864537	G	A	0.834209	0.988925	0.0257352	8.7E-01	-0.00142819	0.00760516	0.0352659	8.5E-01
rs12979965	19	2131148	0.0753026	A	G	0.499943	0.991113	0.0582378	8.1E-01	0.00129692	0.00565429	0.0526102	8.2E-01
rs10421685	19	4488926	0.151356	G	A	0.311282	0.998169	2.02904	1.5E-01	0.00950723	0.00609532	2.43285	1.2E-01
rs10421685	19	4488926	0.151356	G	C	0.973384	0.548756	0.837945	3.6E-01	0.0208607	0.0236142	0.780393	3.8E-01
rs35555265	19	17152232	0.420672	C	T	0.80328	0.993265	0.323612	5.7E-01	-0.003962	0.00709973	0.31142	5.8E-01
rs72999466	19	18248499	0.447893	C	T	0.742067	0.99893	1.74509	1.9E-01	-0.00831072	0.00643697	1.66692	2.0E-01
rs1423056	19	33780444	0.560699	G	A	0.68171	0.903762	0.000730798	9.8E-01	-0.000484247	0.00637179	0.0057758	9.4E-01
rs113504807	19	33787954	0.561506	C	T	0.951236	0.934153	0.0623784	8.0E-01	0.00248372	0.0135069	0.0338136	8.5E-01
rs11672697	19	33876955	0.562267	C	T	0.494152	0.99299	6.51896	1.1E-02	0.0147088	0.00565861	6.75674	9.3E-03
rs283815	19	45390333	0.706964	A	G	0.78437	0.995277	5.32464	2.1E-02	-0.0147697	0.00687755	4.61186	3.2E-02
rs2864436	19	55986637	0.996315	T	C	0.754578	1	0.0747657	7.8E-01	0.0019632	0.0065291	0.0904109	7.6E-01
rs151235402	20	569164	0.0196907	C	T	0.984775	0.956324	1.81354	1.8E-01	-0.0329123	0.0236482	1.93696	1.6E-01
rs805769	20	5667459	0.191037	T	C	0.595265	0.99253	1.02625	3.1E-01	-0.00693737	0.00575914	1.45102	2.3E-01
rs6117303	20	6487687	0.213838	T	C	0.348416	0.989053	0.188491	6.6E-01	0.00272666	0.00593755	0.210886	6.5E-01
rs2021681	20	22528759	0.488776	G	T	0.041835	0.97227	32.11	1.5E-08	-0.0779997	0.0142824	29.825	4.7E-08
rs146411982	20	38985760	0.586515	A	G	0.975219	0.885893	0.0252157	8.7E-01	0.00279386	0.0192236	0.0211223	8.8E-01
rs1997833	20	39690342	0.597551	T	C	0.700509	0.998963	0.0377489	8.5E-01	0.00185698	0.00612756	0.0918415	7.6E-01
rs11699991	20	45489407	0.689702	T	A	0.670294	0.988835	0.35451	5.5E-01	0.00416191	0.00601775	0.478319	4.9E-01
rs6068280	20	51235613	0.791961	A	G	0.324905	0.992237	0.000848785	9.8E-01	0.000267297	0.00600416	0.00198191	9.6E-01
rs6013572	20	51553621	0.798111	T	C	0.9361	1	1.97424	1.6E-01	-0.0157674	0.0115743	1.85581	1.7E-01
rs1936966	20	51691779	0.801626	C	T	0.672554	0.982215	2.53831	1.1E-01	-0.00938092	0.00608974	2.37298	1.2E-01
rs2105063	20	62690683	1.09651	C	T	0.438822	1	3.41422	6.5E-02	0.0102683	0.00568308	3.26456	7.1E-02
rs4998557	21	33034892	0.322704	G	A	0.887665	0.995909	1.43109	2.3E-01	-0.010379	0.00894439	1.34652	2.5E-01
rs2836139	21	39451403	0.432375	A	G	0.514991	0.9942	0.314463	5.7E-01	0.00174	0.00567374	0.0940502	7.6E-01
rs2330396	21	47524380	0.643685	A	C	0.492691	0.996498	1.57746	2.1E-01	-0.007079	0.00562334	1.58473	2.1E-01
rs2236142	22	29137944	0.338659	G	C	0.324795	0.994367	3.37892	6.6E-02	0.0115223	0.006021	3.66217	5.6E-02
rs5997898	22	31572963	0.355537	A	C	0.421428	0.998342	0.67428	4.1E-01	0.00465416	0.00570774	0.664897	4.1E-01
