rs10909862	1	2936815	0.0400559	G	A	0.1928	0.987988	3.56013	5.9E-02	0.0136865	0.00714717	3.66707	5.5E-02	3.2016	7.4E-02
rs1294014	1	9325676	0.18921	C	T	0.732088	0.974098	0.0058259	9.4E-01	3.62015e-05	0.00642515	3.17458e-05	1.0E+00	0.00159786	9.7E-01
rs10753554	1	23619009	0.461644	T	C	0.260317	0.989627	0.0780263	7.8E-01	-0.00190883	0.00641897	0.0884311	7.7E-01	0.0771597	7.8E-01
rs875868	1	65539253	0.960443	A	C	0.697717	0.993511	5.06348	2.4E-02	0.0121688	0.00612306	3.94968	4.7E-02	4.24308	3.9E-02
rs10889551	1	65906137	0.967654	A	G	0.326867	0.995997	32.9603	9.4E-09	-0.03583	0.00599364	35.7365	2.3E-09	34.7442	3.8E-09
rs71658797	1	77967507	1.07336	T	A	0.879141	0.99054	4.36495	3.7E-02	-0.0150757	0.00861892	3.05951	8.0E-02	4.24827	3.9E-02
rs1415361	1	103562263	1.33102	C	T	0.402104	0.995554	1.47353	2.2E-01	0.00790294	0.00572856	1.9032	1.7E-01	1.57408	2.1E-01
rs116679284	1	119014845	1.50751	C	T	0.963654	0.948411	1.25395	2.6E-01	-0.0180263	0.0153863	1.3726	2.4E-01	1.46621	2.3E-01
rs1766783	1	119434896	1.50931	A	C	0.181268	0.981355	4.88213	2.7E-02	-0.015592	0.0073327	4.52144	3.3E-02	4.83585	2.8E-02
rs3738479	1	150997842	1.65945	T	A	0.765906	0.995486	0.532688	4.7E-01	-0.00452729	0.00663531	0.465538	5.0E-01	0.497285	4.8E-01
rs79810698	1	154836444	1.69767	C	A	0.95565	1	7.6594	5.6E-03	0.0350765	0.0136132	6.6392	1.0E-02	7.33618	6.8E-03
rs10494421	1	164738727	1.83743	C	T	0.880829	1	2.30693	1.3E-01	0.0132617	0.00864945	2.35082	1.3E-01	2.44806	1.2E-01
rs3121911	1	170212480	1.91705	G	A	0.744389	0.993907	0.508105	4.8E-01	0.00516878	0.00640821	0.650585	4.2E-01	0.612245	4.3E-01
rs17346300	1	170510459	1.91857	C	T	0.950626	1	2.30955	1.3E-01	0.0178145	0.0129629	1.8886	1.7E-01	2.68656	1.0E-01
rs6697844	1	172308238	1.93873	C	T	0.56798	0.996349	4.36385	3.7E-02	-0.0122567	0.00564131	4.72053	3.0E-02	4.77765	2.9E-02
rs10922075	1	196467248	2.1432	G	A	0.687963	0.997066	10.1556	1.4E-03	0.0193218	0.00605006	10.1994	1.4E-03	9.08787	2.6E-03
rs13303121	1	203503267	2.22276	C	G	0.607356	0.947347	2.04311	1.5E-01	0.00751064	0.00587724	1.63308	2.0E-01	0.874895	3.5E-01
rs4951159	1	205012106	2.25304	G	C	0.0908836	0.967	5.47774	1.9E-02	-0.0226398	0.00991197	5.21706	2.2E-02	5.92764	1.5E-02
rs61821643	1	219268532	2.43532	T	C	0.974378	0.889659	0.144221	7.0E-01	-0.00696895	0.0187719	0.137822	7.1E-01	0.0700154	7.9E-01
rs77278027	1	219392230	2.43543	C	T	0.93823	0.976746	0.022451	8.8E-01	-0.00230611	0.0117804	0.0383211	8.4E-01	0.00505846	9.4E-01
rs12740837	1	219623230	2.43692	G	A	0.983204	0.959021	0.98308	3.2E-01	-0.0241623	0.0222038	1.18419	2.8E-01	1.13307	2.9E-01
rs711869	2	13073967	0.297329	G	A	0.443249	0.983109	3.54742	6.0E-02	-0.0105518	0.00568923	3.4399	6.4E-02	4.26594	3.9E-02
rs2702068	2	24689512	0.456007	A	C	0.144534	0.985387	0.0493706	8.2E-01	-0.000407461	0.00802774	0.00257623	9.6E-01	0.0221456	8.8E-01
rs77541036	2	25575523	0.459339	A	G	0.962268	0.991995	0.347326	5.6E-01	-0.00575117	0.0147464	0.152103	7.0E-01	0.107615	7.4E-01
rs7933	2	43452183	0.682402	A	G	0.634849	0.981779	0.670043	4.1E-01	-0.0053284	0.00586649	0.82497	3.6E-01	0.733241	3.9E-01
rs36072157	2	48953740	0.765134	G	C	0.658175	0.956087	1.57941	2.1E-01	-0.00802809	0.00603281	1.77086	1.8E-01	1.95958	1.6E-01
rs4953627	2	48990167	0.765401	C	T	0.77524	0.975089	2.95909	8.5E-02	0.0133473	0.00681786	3.83257	5.0E-02	4.49885	3.4E-02
rs10779951	2	66142656	0.91656	G	A	0.525126	0.992672	2.71242	1.0E-01	-0.0102164	0.00564146	3.27954	7.0E-02	3.57099	5.9E-02
rs12713567	2	66729420	0.924256	A	G	0.428176	0.981664	0.131702	7.2E-01	0.00188368	0.00571198	0.108753	7.4E-01	0.152175	7.0E-01
rs1521047	2	67724601	0.937973	C	G	0.75421	0.992329	0.940207	3.3E-01	0.00693772	0.00650864	1.1362	2.9E-01	1.00461	3.2E-01
rs12712049	2	100208830	1.21955	A	G	0.176674	0.985519	3.58595	5.8E-02	0.0126559	0.0073893	2.93345	8.7E-02	3.83714	5.0E-02
rs72946301	2	111861838	1.33125	G	A	0.903863	0.964859	3.37624	6.6E-02	0.0178798	0.00968313	3.40954	6.5E-02	3.72698	5.4E-02
rs1053413	2	114471921	1.35945	A	G	0.784744	0.998156	0.325627	5.7E-01	-0.00412319	0.00684099	0.363268	5.5E-01	0.39916	5.3E-01
rs7593247	2	119337589	1.3956	C	T	0.503784	0.990163	0.187028	6.7E-01	-0.00186737	0.00562938	0.110037	7.4E-01	0.143917	7.0E-01
rs78876301	2	158234589	1.75901	A	C	0.987195	0.782415	2.1394	1.4E-01	0.0450822	0.0282048	2.55485	1.1E-01	2.72957	9.9E-02
rs77928329	2	158413902	1.76308	G	A	0.94544	0.998218	0.404736	5.2E-01	0.00996134	0.0123035	0.65551	4.2E-01	0.995221	3.2E-01
rs1402698	2	165424575	1.81281	G	A	0.368889	0.988943	6.79145	9.2E-03	-0.0161419	0.0058517	7.60936	5.8E-03	7.59153	5.9E-03
rs3769877	2	165569779	1.81517	G	A	0.125673	1	4.23005	4.0E-02	0.0158424	0.00845885	3.50769	6.1E-02	3.83002	5.0E-02
rs72882321	2	172298662	1.8972	C	T	0.821415	0.98752	1.13473	2.9E-01	-0.0089721	0.00736782	1.4829	2.2E-01	1.45114	2.3E-01
rs62173497	2	187821910	2.04064	C	A	0.889372	0.96522	0.357361	5.5E-01	0.00460925	0.00908008	0.25768	6.1E-01	0.523733	4.7E-01
rs61613340	2	191746748	2.0603	G	T	0.922172	0.993102	0.104506	7.5E-01	0.00234641	0.0104937	0.049998	8.2E-01	0.0139734	9.1E-01
rs1250248	2	216287093	2.28549	A	G	0.271958	0.996374	0.591386	4.4E-01	0.00535519	0.00631503	0.719118	4.0E-01	0.542337	4.6E-01
rs2373074	2	218381350	2.32413	C	T	0.903229	0.998908	0.183963	6.7E-01	0.00226906	0.00949133	0.0571531	8.1E-01	0.022895	8.8E-01
rs62182126	2	219279230	2.33765	G	A	0.901349	1	6.93527	8.5E-03	-0.024344	0.00939887	6.70861	9.6E-03	6.44707	1.1E-02
rs6760762	2	226866226	2.44112	C	T	0.776249	0.976874	0.0122321	9.1E-01	0.00110723	0.00681037	0.0264322	8.7E-01	0.0360481	8.5E-01
rs305506	3	12026709	0.296805	G	T	0.113563	0.992655	9.29277	2.3E-03	0.0249701	0.00887669	7.91298	4.9E-03	7.95948	4.8E-03
rs114252958	3	12409938	0.29797	C	T	0.982978	0.956617	0.070174	7.9E-01	0.00669372	0.0222419	0.0905715	7.6E-01	0.191386	6.6E-01
rs10490869	3	35635145	0.595764	A	T	0.789478	0.990849	6.89775	8.6E-03	-0.0176349	0.00688042	6.56927	1.0E-02	7.91734	4.9E-03
rs6771508	3	43718462	0.664863	A	C	0.974946	0.998741	0.0820976	7.7E-01	0.00574478	0.0179358	0.10259	7.5E-01	0.0499781	8.2E-01
rs4683294	3	46979013	0.687679	G	C	0.321605	0.960868	10.3755	1.3E-03	-0.018698	0.00611051	9.36344	2.2E-03	8.79761	3.0E-03
rs4858828	3	48724811	0.68972	C	T	0.349101	0.999091	12.2375	4.7E-04	-0.0208141	0.00585658	12.6306	3.8E-04	12.6712	3.7E-04
rs352156	3	52214610	0.694887	C	T	0.955078	0.904333	5.50615	1.9E-02	0.0322429	0.0140955	5.23248	2.2E-02	4.39013	3.6E-02
rs7643235	3	53227428	0.699142	T	C	0.4136	0.989215	0.446676	5.0E-01	0.00403602	0.00568927	0.503263	4.8E-01	0.603783	4.4E-01
rs11718560	3	64584862	0.868956	C	T	0.731847	0.985124	3.05047	8.1E-02	-0.0123526	0.00636416	3.76737	5.2E-02	3.44912	6.3E-02
rs4688498	3	64674599	0.871028	C	T	0.669682	0.985151	1.31821	2.5E-01	0.00708663	0.00600187	1.39414	2.4E-01	1.32399	2.5E-01
rs997274	3	78704821	1.06722	T	C	0.748705	0.994327	3.80331	5.1E-02	-0.012791	0.00649184	3.88214	4.9E-02	3.26443	7.1E-02
rs1877569	3	99224544	1.12953	G	A	0.816212	0.993173	0.0169659	9.0E-01	0.000576871	0.00723632	0.0063551	9.4E-01	0.0185115	8.9E-01
rs9875732	3	107461731	1.19696	T	C	0.623037	0.99667	0.334938	5.6E-01	-0.00477474	0.00579174	0.679643	4.1E-01	0.708278	4.0E-01
rs1000368	3	123117165	1.35684	C	T	0.748381	0.996692	4.60606	3.2E-02	-0.0141663	0.0064604	4.8083	2.8E-02	4.37397	3.6E-02
rs113771682	3	129112166	1.4255	C	T	0.937375	0.999072	0.00220365	9.6E-01	9.45929e-05	0.0115965	6.65369e-05	9.9E-01	8.53824e-06	1.0E+00
rs7647218	3	129125231	1.42558	C	A	0.901341	0.999167	0.138296	7.1E-01	0.00207077	0.00941782	0.0483461	8.3E-01	0.00873441	9.3E-01
rs75212171	3	129323322	1.42649	T	C	0.983129	1	0.138863	7.1E-01	-0.00451649	0.0217447	0.0431414	8.4E-01	0.022353	8.8E-01
rs112551697	3	150018637	1.64271	G	A	0.96554	0.928479	0.0850959	7.7E-01	0.00703168	0.0158891	0.195848	6.6E-01	0.118484	7.3E-01
rs11720805	3	156800360	1.71236	A	G	0.330979	0.970132	0.535445	4.6E-01	-0.00362221	0.00604744	0.358761	5.5E-01	0.390269	5.3E-01
rs1488111	3	168951612	1.77942	C	T	0.517315	0.996852	2.05735	1.5E-01	0.00683197	0.0056032	1.48669	2.2E-01	1.79207	1.8E-01
rs1499813	3	171760427	1.8208	T	C	0.587431	1	0.150442	7.0E-01	0.00150961	0.00571604	0.069749	7.9E-01	0.0275637	8.7E-01
rs13092876	3	185495320	2.01656	G	A	0.686729	0.994835	0.467114	4.9E-01	-0.00303071	0.00605459	0.250564	6.2E-01	0.340207	5.6E-01
rs3843375	3	196813908	2.26438	G	A	0.590289	0.999191	2.84531	9.2E-02	-0.00893234	0.00571218	2.44527	1.2E-01	2.67291	1.0E-01
rs75072999	4	844781	0.00782036	G	A	0.904916	0.991302	0.142411	7.1E-01	-0.00100185	0.0096126	0.0108624	9.2E-01	0.140683	7.1E-01
rs748483	4	952409	0.00822297	A	G	0.891514	0.99682	0.371034	5.4E-01	-0.00750719	0.0090353	0.690349	4.1E-01	0.976977	3.2E-01
rs3095075	4	3253183	0.0327617	A	G	0.555059	0.986746	29.5169	5.5E-08	0.0310505	0.0056825	29.8579	4.6E-08	30.7305	3.0E-08
rs1912897	4	26006133	0.455942	A	T	0.79303	0.98817	0.279351	6.0E-01	0.00220735	0.00696488	0.100442	7.5E-01	0.280126	6.0E-01
rs7689800	4	26295421	0.461356	C	G	0.382047	0.982424	1.57301	2.1E-01	0.00773852	0.00582437	1.7653	1.8E-01	1.65781	2.0E-01
rs34171390	4	56192405	0.730002	C	G	0.8287	0.967618	0.000618632	9.8E-01	0.000992914	0.00754578	0.0173147	9.0E-01	0.00712169	9.3E-01
rs3017896	4	89533004	1.04795	G	C	0.704424	1	0.784036	3.8E-01	-0.00588333	0.00612449	0.922799	3.4E-01	0.732386	3.9E-01
rs10029220	4	89710592	1.04921	C	T	0.909822	0.997537	2.01368	1.6E-01	0.0133856	0.00981008	1.86177	1.7E-01	1.5951	2.1E-01
rs1813006	4	103001649	1.15654	G	T	0.940843	0.94358	0.277064	6.0E-01	-0.00730159	0.0122224	0.35688	5.5E-01	0.504408	4.8E-01
rs12647922	4	106063987	1.17944	C	T	0.794569	0.998343	4.66663	3.1E-02	0.0142883	0.00693716	4.24228	3.9E-02	4.74706	2.9E-02
rs7655064	4	120106348	1.31331	T	C	0.875314	0.995692	0.170953	6.8E-01	0.00373954	0.0084893	0.194041	6.6E-01	0.065468	8.0E-01
rs2922979	4	123748616	1.34468	C	G	0.689916	1	5.97299	1.5E-02	0.0129639	0.00606825	4.56397	3.3E-02	4.72197	3.0E-02
rs1520325	4	125182690	1.35483	C	T	0.780072	0.994582	0.597279	4.4E-01	0.00428992	0.00678699	0.399526	5.3E-01	0.24768	6.2E-01
rs2353397	4	145517578	1.53798	C	T	0.460014	1	3.46542	6.3E-02	0.0103268	0.00563124	3.363	6.7E-02	3.25371	7.1E-02
rs2166365	5	3597830	0.0882728	A	G	0.777698	0.981109	0.0110368	9.2E-01	0.000927797	0.00679842	0.0186247	8.9E-01	0.00325908	9.5E-01
rs13178917	5	4007353	0.10142	C	T	0.551974	0.99437	2.28098	1.3E-01	0.00857784	0.00562726	2.3236	1.3E-01	2.69254	1.0E-01
rs10061804	5	32748637	0.511958	G	A	0.711087	1	0.0455602	8.3E-01	-0.00207224	0.00618649	0.112199	7.4E-01	0.0824891	7.7E-01
rs299615	5	34042097	0.535425	G	A	0.843206	1	0.078696	7.8E-01	0.00371246	0.00771546	0.231526	6.3E-01	0.0694777	7.9E-01
rs4293945	5	38736142	0.597252	A	T	0.606405	0.995383	0.341908	5.6E-01	0.00446628	0.00574973	0.603389	4.4E-01	0.523525	4.7E-01
rs163112	5	54538003	0.667379	C	G	0.107056	0.994238	3.59448	5.8E-02	0.0156459	0.00910568	2.9524	8.6E-02	2.81822	9.3E-02
rs61653333	5	55779080	0.679717	G	T	0.970413	0.977169	2.29945	1.3E-01	-0.0226026	0.0167024	1.83131	1.8E-01	1.60772	2.0E-01
rs6867983	5	55854153	0.681454	C	T	0.861186	1	14.7547	1.2E-04	-0.0322939	0.00810696	15.8681	6.8E-05	15.975	6.4E-05
rs11749164	5	66294202	0.770672	T	G	0.726476	0.988719	0.585025	4.4E-01	0.00546776	0.00632721	0.746782	3.9E-01	0.616939	4.3E-01
rs6878122	5	76427311	0.889556	G	A	0.318279	0.997785	1.11775	2.9E-01	-0.00696555	0.00603075	1.33404	2.5E-01	1.26582	2.6E-01
rs7734060	5	101780479	1.10738	T	G	0.734786	0.995631	1.75804	1.8E-01	0.00880191	0.00638286	1.90162	1.7E-01	1.77968	1.8E-01
rs1394631	5	118639270	1.27349	C	T	0.775173	0.988487	0.0876089	7.7E-01	-0.00273162	0.00674151	0.164183	6.9E-01	0.136504	7.1E-01
rs11744058	5	118798944	1.27486	G	T	0.783774	0.998591	1.1933	2.7E-01	0.00777251	0.00681816	1.29954	2.5E-01	1.2467	2.6E-01
rs3749748	5	127350549	1.37291	C	T	0.753975	0.992802	0.262967	6.1E-01	0.00428036	0.00652707	0.430055	5.1E-01	0.359657	5.5E-01
rs4705986	5	132349654	1.39065	T	G	0.937241	0.978165	9.01342	2.7E-03	0.038317	0.0116937	10.7369	1.1E-03	11.5716	6.7E-04
rs10463353	5	141710741	1.48273	C	T	0.640669	0.986535	0.460816	5.0E-01	0.0036266	0.00587514	0.381033	5.4E-01	0.605181	4.4E-01
rs33999	5	141973349	1.48937	C	G	0.612065	0.9834	0.517335	4.7E-01	-0.00379914	0.00578747	0.430918	5.1E-01	0.328969	5.7E-01
rs12652322	5	171822666	1.88951	C	T	0.705252	0.99822	1.31598	2.5E-01	-0.00741139	0.00615912	1.44798	2.3E-01	1.39697	2.4E-01
rs2053681	5	172746086	1.91113	A	G	0.485601	0.912476	0.0300969	8.6E-01	-0.00106284	0.00588475	0.0326199	8.6E-01	0.0684137	7.9E-01
rs10035782	5	173270328	1.92939	A	G	0.600665	0.984103	2.81215	9.4E-02	-0.0096968	0.00576812	2.8261	9.3E-02	2.77318	9.6E-02
rs11963955	6	6631996	0.178791	A	G	0.637527	0.976944	0.188142	6.6E-01	-0.00382826	0.00590374	0.420482	5.2E-01	0.288483	5.9E-01
rs201061	6	6730512	0.181115	G	A	0.455616	0.976616	1.35854	2.4E-01	-0.00697603	0.00568089	1.50794	2.2E-01	1.73434	1.9E-01
rs1334576	6	7211818	0.195986	G	A	0.5774	1	4.24237	3.9E-02	0.0132898	0.00568325	5.46815	1.9E-02	5.52862	1.9E-02
rs9382988	6	14595010	0.314722	C	A	0.204362	0.998886	0.584967	4.4E-01	0.00646626	0.00697127	0.860365	3.5E-01	0.589843	4.4E-01
rs4710940	6	20658012	0.410434	A	C	0.647018	0.999463	1.70342	1.9E-01	-0.00888949	0.00587699	2.28794	1.3E-01	1.75532	1.9E-01
rs3129830	6	30248711	0.50553	G	A	0.868546	0.999908	12.1687	4.9E-04	0.0304252	0.00826264	13.559	2.3E-04	13.2175	2.8E-04
rs7772131	6	30795171	0.50714	A	C	0.988571	1	7.87773e-05	9.9E-01	-0.00805173	0.026367	0.0932518	7.6E-01	0.136847	7.1E-01
rs6919908	6	31244960	0.511805	T	C	0.193909	0.999901	31.5689	1.9E-08	-0.0399615	0.00710775	31.6097	1.9E-08	29.1788	6.6E-08
rs181133225	6	32454764	0.520293	T	C	0.893444	0.778953	17.9471	2.3E-05	-0.0410125	0.010231	16.0692	6.1E-05	16.3081	5.4E-05
rs117108573	6	32489679	0.520303	C	T	0.921405	0.866866	14.4512	1.4E-04	-0.0383193	0.0111189	11.8772	5.7E-04	11.6761	6.3E-04
rs575662827	6	32543874	0.520325	T	C	0.899303	0.833996	18.1368	2.1E-05	-0.0406306	0.0101492	16.0267	6.2E-05	16.1864	5.7E-05
rs114760566	6	34192036	0.545788	C	A	0.954268	0.993831	0.614141	4.3E-01	-0.00969697	0.0134453	0.520153	4.7E-01	0.360843	5.5E-01
rs1574430	6	43269029	0.669727	A	C	0.391321	0.999399	1.79613	1.8E-01	0.00798264	0.0057421	1.93264	1.6E-01	2.15251	1.4E-01
rs9381248	6	43734606	0.675407	C	T	0.87836	0.993046	0.271805	6.0E-01	-0.00505192	0.00860897	0.344358	5.6E-01	0.432419	5.1E-01
rs35349911	6	43785255	0.678849	C	T	0.409597	0.97009	2.33893	1.3E-01	-0.00900218	0.00579694	2.41156	1.2E-01	2.61824	1.1E-01
rs72902769	6	80719576	0.920488	C	G	0.966636	0.999182	1.70793	1.9E-01	-0.0169788	0.0156324	1.17968	2.8E-01	1.06251	3.0E-01
rs62406467	6	81114126	0.921634	G	T	0.849349	0.952286	3.44465	6.3E-02	0.0152091	0.00802737	3.58972	5.8E-02	3.34644	6.7E-02
rs6924944	6	100597579	1.0811	A	T	0.245827	0.981159	0.848927	3.6E-01	0.00634168	0.00658757	0.92674	3.4E-01	0.850967	3.6E-01
rs2806373	6	109222017	1.18299	G	A	0.239664	0.998945	0.631705	4.3E-01	-0.00410801	0.00656093	0.392041	5.3E-01	0.350226	5.5E-01
rs72969772	6	126187585	1.32503	A	G	0.980332	1	0.238909	6.2E-01	0.0117202	0.0202422	0.33524	5.6E-01	0.215249	6.4E-01
rs9986505	6	126445558	1.32603	A	G	0.6761	0.991308	0.00503157	9.4E-01	-0.00108844	0.0060135	0.0327606	8.6E-01	0.0654348	8.0E-01
rs74949497	6	126812007	1.32699	A	C	0.97518	1	0.0126642	9.1E-01	-0.00379263	0.0181179	0.0438191	8.3E-01	0.00640798	9.4E-01
rs139242696	6	127414440	1.32797	T	C	0.974907	0.948341	0.0043668	9.5E-01	0.00520253	0.0183643	0.0802568	7.8E-01	0.0448804	8.3E-01
rs9385864	6	139805476	1.50274	C	T	0.6907	0.988333	4.84472	2.8E-02	-0.0142212	0.00610926	5.41868	2.0E-02	4.89068	2.7E-02
rs12205386	6	139837171	1.50318	C	A	0.643666	0.9992	0.469238	4.9E-01	0.00445348	0.00585797	0.57797	4.5E-01	0.59395	4.4E-01
rs11756568	6	152042413	1.64245	A	T	0.724877	0.999168	6.74773	9.4E-03	-0.0146201	0.00628631	5.40894	2.0E-02	4.79052	2.9E-02
rs474617	6	160700441	1.77412	T	C	0.327782	0.996694	0.970369	3.2E-01	-0.00511398	0.00597277	0.733105	3.9E-01	0.854605	3.6E-01
rs9459839	6	167431829	1.92196	T	C	0.531185	0.998188	0.489925	4.8E-01	-0.00380886	0.00559928	0.462727	5.0E-01	0.850327	3.6E-01
rs2214440	7	20372191	0.358281	A	G	0.667686	0.991786	1.82948	1.8E-01	0.00905097	0.00597879	2.29173	1.3E-01	2.10973	1.5E-01
rs111683990	7	25729528	0.437229	C	G	0.955515	0.987881	0.186729	6.7E-01	0.00483902	0.0137049	0.12467	7.2E-01	0.18708	6.7E-01
rs2040786	7	26208736	0.442609	G	A	0.529361	1	5.18855	2.3E-02	-0.0124031	0.0056145	4.88017	2.7E-02	4.30214	3.8E-02
rs17428025	7	27251396	0.453724	C	T	0.971743	0.967404	0.697407	4.0E-01	-0.0145774	0.0171937	0.718826	4.0E-01	0.948405	3.3E-01
rs849140	7	28183702	0.463008	T	C	0.410278	1	0.00159302	9.7E-01	0.000665382	0.00572925	0.013488	9.1E-01	0.0530325	8.2E-01
rs17172095	7	42665355	0.680121	A	G	0.679343	0.995026	1.11097	2.9E-01	0.00653094	0.00601689	1.17817	2.8E-01	1.1044	2.9E-01
rs42132	7	72809618	0.89708	C	T	0.812622	0.92392	35.9336	2.0E-09	0.0453849	0.00749959	36.6225	1.4E-09	36.6957	1.4E-09
rs76306613	7	106235348	1.22452	G	T	0.855998	0.98895	0.0179771	8.9E-01	-0.00248249	0.0080315	0.0955393	7.6E-01	0.0625795	8.0E-01
rs2237687	7	107585473	1.24369	C	T	0.472386	0.966594	3.16191	7.5E-02	0.0100417	0.00570442	3.09876	7.8E-02	3.52734	6.0E-02
rs38902	7	116889718	1.32093	G	A	0.474719	0.992845	5.33006	2.1E-02	-0.0139021	0.0056295	6.09848	1.4E-02	6.01083	1.4E-02
rs12154627	7	130422934	1.4017	T	C	0.506907	0.97487	1.49943	2.2E-01	0.00601332	0.00566646	1.12617	2.9E-01	0.829594	3.6E-01
rs7808446	7	150214465	1.67249	T	G	0.235469	0.993612	0.508254	4.8E-01	-0.00527615	0.0066261	0.634042	4.3E-01	0.525309	4.7E-01
rs9987289	8	9183358	0.251807	A	G	0.0911685	1	27.6955	1.4E-07	-0.053713	0.00974427	30.3851	3.5E-08	28.7255	8.3E-08
rs73597699	8	19756592	0.471873	C	T	0.833146	0.994114	33.8589	5.9E-09	0.0424013	0.00755982	31.4583	2.0E-08	31.0752	2.5E-08
rs59296513	8	22882293	0.532451	G	A	0.680938	0.987429	31.9685	1.6E-08	0.0335825	0.00604857	30.8262	2.8E-08	30.3733	3.6E-08
rs7815496	8	38321607	0.69461	C	T	0.597431	0.996532	6.90375	8.6E-03	-0.0155344	0.00571397	7.3912	6.6E-03	8.13016	4.4E-03
rs12543555	8	69562014	0.90375	A	G	0.792127	0.98465	0.0774673	7.8E-01	-0.00233102	0.00694512	0.11265	7.4E-01	0.0339681	8.5E-01
rs28568866	8	72353630	0.949663	G	A	0.969859	0.939217	0.0334618	8.5E-01	0.00313807	0.0169376	0.0343258	8.5E-01	0.0233383	8.8E-01
rs146492163	8	72386394	0.950025	G	T	0.96946	0.960969	2.24769	1.3E-01	-0.0232964	0.0166518	1.95729	1.6E-01	1.59609	2.1E-01
rs1895674	8	72443246	0.950276	T	G	0.946831	0.990629	9.51439	2.0E-03	0.0385832	0.0125202	9.49666	2.1E-03	8.64723	3.3E-03
rs4147332	8	89280863	1.08332	G	C	0.323111	0.995784	5.39941	2.0E-02	-0.0132509	0.00600191	4.87428	2.7E-02	5.18529	2.3E-02
rs144435165	8	126419938	1.45107	G	C	0.944194	0.785853	8.12767	4.4E-03	-0.0399755	0.0137583	8.44219	3.7E-03	8.29239	4.0E-03
rs2954018	8	126477153	1.45319	C	T	0.298303	0.998357	25.1609	5.3E-07	0.031865	0.00613356	26.99	2.0E-07	30.5715	3.2E-08
rs6991761	8	128274518	1.48941	C	T	0.844226	0.993607	0.0684366	7.9E-01	-0.00145332	0.00774225	0.0352363	8.5E-01	0.0114865	9.1E-01
rs2467030	8	135665361	1.60637	A	G	0.339711	0.997044	1.11865	2.9E-01	-0.00628939	0.00594418	1.11952	2.9E-01	1.19715	2.7E-01
rs12340775	9	13226945	0.282033	G	A	0.944664	0.940298	2.47501	1.2E-01	0.0214276	0.0126255	2.88036	9.0E-02	2.82754	9.3E-02
rs73650963	9	93943033	1.11642	T	C	0.892489	0.990174	2.56722	1.1E-01	0.0156056	0.00905259	2.97177	8.5E-02	2.61872	1.1E-01
rs2131919	9	95283887	1.12689	A	G	0.83667	0.999136	4.63943	3.1E-02	-0.0176041	0.00760688	5.35569	2.1E-02	5.43957	2.0E-02
rs1572136	9	101740604	1.18729	G	C	0.724977	0.989514	8.50271	3.5E-03	0.018086	0.00631906	8.19182	4.2E-03	7.65166	5.7E-03
rs12686004	9	107653426	1.24316	G	A	0.884341	1	0.388938	5.3E-01	0.00432874	0.00876174	0.244086	6.2E-01	0.343402	5.6E-01
rs10991414	9	107685589	1.24582	T	C	0.861068	0.989408	1.47427	2.2E-01	-0.00953495	0.00816773	1.36281	2.4E-01	1.4922	2.2E-01
rs111479443	9	107874316	1.24936	T	G	0.963776	0.9746	3.20246	7.4E-02	0.0307748	0.0152068	4.0956	4.3E-02	4.12575	4.2E-02
rs7048735	9	112529695	1.31375	A	G	0.239526	0.976202	0.000529259	9.8E-01	-0.00273541	0.00664443	0.169484	6.8E-01	0.126829	7.2E-01
rs1002607	9	113858933	1.33848	T	C	0.40707	0.988428	0.702459	4.0E-01	0.00427244	0.00574904	0.552282	4.6E-01	0.919871	3.4E-01
rs10982136	9	117058723	1.39113	A	G	0.882888	0.971614	34.0072	5.5E-09	-0.0526244	0.00885557	35.3136	2.8E-09	35.5449	2.5E-09
rs13298297	9	119264108	1.4204	G	A	0.769275	0.989359	0.909099	3.4E-01	-0.00578578	0.00670995	0.743507	3.9E-01	0.715057	4.0E-01
rs6478851	9	131561110	1.55426	G	A	0.758733	1	0.497874	4.8E-01	0.0042998	0.00656539	0.428919	5.1E-01	0.363276	5.5E-01
rs60980157	9	139235415	1.78278	C	T	0.757489	0.966704	2.2419	1.3E-01	-0.0090444	0.0066328	1.85937	1.7E-01	2.0476	1.5E-01
rs7072195	10	3540748	0.0738836	T	C	0.417524	0.993244	0.0407477	8.4E-01	-0.00130598	0.00570562	0.0523926	8.2E-01	0.118371	7.3E-01
rs11592754	10	32619572	0.605452	A	C	0.856559	0.998356	0.00403487	9.5E-01	-0.000532173	0.00799736	0.00442804	9.5E-01	0.0143042	9.0E-01
rs2247396	10	33489192	0.60946	G	A	0.603662	0.99818	0.266552	6.1E-01	-0.00338819	0.00571495	0.35149	5.5E-01	0.429988	5.1E-01
rs4341488	10	60452745	0.822202	G	A	0.188405	0.998867	1.17146	2.8E-01	0.00723841	0.00716547	1.02046	3.1E-01	0.678095	4.1E-01
rs17287962	10	63770969	0.858439	A	G	0.970068	0.979005	11.3124	7.7E-04	-0.0542715	0.0166191	10.6643	1.1E-03	10.3511	1.3E-03
rs10762666	10	77157489	1.00522	A	G	0.241989	0.984822	4.94829	2.6E-02	-0.0156103	0.00656872	5.64756	1.7E-02	5.81902	1.6E-02
rs10887758	10	89603315	1.15934	T	C	0.784607	0.990793	5.26374	2.2E-02	-0.0143235	0.0068637	4.35496	3.7E-02	4.28175	3.9E-02
rs141490680	10	95280981	1.22085	G	A	0.866803	0.998279	11.1167	8.6E-04	-0.0270889	0.00824542	10.7934	1.0E-03	10.1638	1.4E-03
rs7342070	10	104223628	1.30538	T	C	0.455127	1	0.0668639	8.0E-01	-0.000259867	0.00562509	0.00213423	9.6E-01	0.010317	9.2E-01
rs7917983	10	114732882	1.3977	T	C	0.532013	1	1.65661	2.0E-01	-0.00787276	0.00562035	1.96213	1.6E-01	1.70651	1.9E-01
rs242956	10	119297479	1.46386	C	T	0.362576	0.990585	0.306299	5.8E-01	-0.00230891	0.0058452	0.156033	6.9E-01	0.281142	6.0E-01
rs7104929	11	784340	0.0108006	C	G	0.530558	0.997422	0.817453	3.7E-01	-0.00444171	0.00563985	0.620247	4.3E-01	0.575446	4.5E-01
rs7932891	11	10921512	0.210707	A	G	0.294517	0.99931	0.00928829	9.2E-01	0.00049096	0.00614645	0.00638032	9.4E-01	0.0195948	8.9E-01
rs11607537	11	14224166	0.277204	C	T	0.941072	0.981717	1.94884	1.6E-01	0.01972	0.0120253	2.68916	1.0E-01	2.84896	9.1E-02
rs79634051	11	14561945	0.278112	G	C	0.97174	1	5.0633	2.4E-02	0.0377847	0.0168664	5.01867	2.5E-02	4.91836	2.7E-02
rs3114693	11	26127790	0.452397	A	T	0.617593	0.997848	0.218099	6.4E-01	0.00314051	0.00577713	0.295514	5.9E-01	0.293741	5.9E-01
rs56386213	11	36291554	0.562467	A	G	0.595018	1	0.722906	4.0E-01	-0.00335775	0.00567966	0.349505	5.5E-01	0.113634	7.4E-01
rs1043789	11	62160729	0.709847	G	A	0.679051	0.993986	1.80051	1.8E-01	-0.00652044	0.00600787	1.17791	2.8E-01	0.95802	3.3E-01
rs77701059	11	62290876	0.71396	G	A	0.938626	1	0.255569	6.1E-01	0.00714129	0.0116973	0.372718	5.4E-01	0.325849	5.7E-01
rs143580468	11	62492885	0.714749	T	G	0.959967	0.928525	0.0479833	8.3E-01	0.00495428	0.0148144	0.11184	7.4E-01	0.164707	6.8E-01
rs7933551	11	63852949	0.730486	T	G	0.960057	0.986418	3.36419	6.7E-02	-0.0266554	0.0143894	3.43151	6.4E-02	4.09419	4.3E-02
rs7119750	11	65422591	0.738612	C	T	0.867318	1	0.711872	4.0E-01	0.00631885	0.00826959	0.583858	4.4E-01	0.568337	4.5E-01
rs4297487	11	69229628	0.763225	A	G	0.324796	0.994186	4.69416	3.0E-02	-0.0123374	0.00600435	4.222	4.0E-02	4.50946	3.4E-02
rs28690953	11	111384426	1.18701	T	G	0.852988	1	0.181201	6.7E-01	-0.00477346	0.00792506	0.362794	5.5E-01	0.359532	5.5E-01
rs513533	11	116519358	1.25951	A	G	0.895505	0.969744	32.6139	1.1E-08	-0.0530161	0.00928882	32.5757	1.1E-08	32.9065	9.7E-09
rs747249	11	130271647	1.49781	A	G	0.360849	0.986641	0.241257	6.2E-01	0.00266629	0.00588272	0.205426	6.5E-01	0.0668911	8.0E-01
rs11045172	12	20470221	0.37098	A	C	0.802205	0.989276	4.90575	2.7E-02	0.0156613	0.0070726	4.90343	2.7E-02	4.84274	2.8E-02
rs7977928	12	26265632	0.457285	G	A	0.408615	1	0.0102946	9.2E-01	-0.00192547	0.00568835	0.114578	7.3E-01	0.232982	6.3E-01
rs2343874	12	26409450	0.459085	G	A	0.53283	0.98214	0.855571	3.5E-01	-0.00534341	0.00566194	0.890647	3.5E-01	0.81913	3.7E-01
rs16931815	12	27427917	0.469712	A	G	0.872673	0.996695	1.68538	1.9E-01	-0.00992628	0.0084371	1.38416	2.4E-01	1.80702	1.8E-01
rs7310959	12	45968598	0.59006	G	A	0.897555	1	10.7742	1.0E-03	-0.0296181	0.00926023	10.2299	1.4E-03	10.4106	1.3E-03
rs75824359	12	54320490	0.68262	A	G	0.970266	0.973341	0.0125515	9.1E-01	0.00154244	0.0167164	0.00851403	9.3E-01	0.0586663	8.1E-01
rs10878362	12	66417493	0.793832	C	A	0.687723	0.991565	1.32511	2.5E-01	-0.00727738	0.00605724	1.44345	2.3E-01	0.873131	3.5E-01
rs10745659	12	94092690	1.0816	C	G	0.553308	0.994516	2.50514	1.1E-01	-0.00816828	0.00567014	2.07527	1.5E-01	2.14377	1.4E-01
rs10778495	12	106991545	1.2616	A	G	0.720919	0.990603	3.07004	8.0E-02	-0.0111483	0.0062537	3.17794	7.5E-02	3.15223	7.6E-02
rs189392453	12	122381427	1.46398	C	A	0.929828	0.926987	0.0122201	9.1E-01	0.00145205	0.0113996	0.016225	9.0E-01	0.0367551	8.5E-01
rs12366339	12	122854616	1.46723	G	A	0.9894	0.907552	0.0591841	8.1E-01	-0.0128838	0.0287633	0.200635	6.5E-01	0.288375	5.9E-01
rs147433011	12	123162845	1.46972	T	C	0.989135	0.898372	0.236179	6.3E-01	0.00912558	0.0285773	0.101971	7.5E-01	0.34503	5.6E-01
rs116950578	12	123188577	1.46982	C	T	0.967055	1	1.77444	1.8E-01	0.0228257	0.0156664	2.12281	1.5E-01	2.31725	1.3E-01
rs140689322	12	123375732	1.4703	G	A	0.973654	0.966101	0.264898	6.1E-01	0.0111583	0.0177944	0.393215	5.3E-01	0.466956	4.9E-01
rs28722199	12	123989436	1.47618	A	G	0.954286	0.931304	2.28883	1.3E-01	-0.0194475	0.0138993	1.9577	1.6E-01	2.24564	1.3E-01
rs12582221	12	125323240	1.49972	G	A	0.572176	1	0.359566	5.5E-01	0.00295301	0.00565838	0.272361	6.0E-01	0.268749	6.0E-01
rs7993238	13	22473593	0.0544542	A	C	0.631395	0.976757	1.52469	2.2E-01	-0.00749634	0.00589001	1.61982	2.0E-01	1.72168	1.9E-01
rs10507524	13	44684600	0.468128	T	C	0.907237	0.994143	0.615475	4.3E-01	-0.00792536	0.00971947	0.664894	4.1E-01	0.379352	5.4E-01
rs12872335	13	50442235	0.536587	G	A	0.792188	0.994746	0.0107109	9.2E-01	0.001686	0.00693362	0.0591285	8.1E-01	0.00887438	9.2E-01
rs61964388	13	51061980	0.539297	G	A	0.904117	0.961186	2.68334	1.0E-01	-0.0159951	0.00970003	2.71913	9.9E-02	2.47163	1.2E-01
rs627527	13	110915135	1.21483	G	A	0.418925	0.983958	0.22058	6.4E-01	-0.00253478	0.00572476	0.19605	6.6E-01	0.388767	5.3E-01
rs1057119	14	23746269	0.116581	C	G	0.76153	1	1.45879	2.3E-01	0.00831012	0.0065545	1.60744	2.0E-01	1.75823	1.8E-01
rs140664623	14	52321987	0.459221	G	T	0.976323	0.975931	1.93564	1.6E-01	-0.0205678	0.0185983	1.22301	2.7E-01	1.68923	1.9E-01
rs2145600	14	58750902	0.537897	C	G	0.237608	0.992449	4.6193	3.2E-02	0.0134658	0.00659929	4.16361	4.1E-02	4.95374	2.6E-02
rs6575165	14	91352234	0.881721	G	A	0.76556	0.994744	0.320502	5.7E-01	0.00454833	0.00662315	0.471602	4.9E-01	0.284536	5.9E-01
rs10130936	14	98342676	1.02712	C	T	0.37676	0.985923	0.660474	4.2E-01	-0.0040762	0.00583113	0.488659	4.8E-01	0.367739	5.4E-01
rs4779523	15	31679470	0.452779	T	A	0.728098	0.995337	0.912321	3.4E-01	-0.00672311	0.00633305	1.12697	2.9E-01	0.84029	3.6E-01
rs28647196	15	40833379	0.629227	C	T	0.564205	0.997093	3.39619	6.5E-02	-0.00955131	0.00567667	2.831	9.2E-02	3.24465	7.2E-02
rs11630710	15	56364758	0.756318	G	T	0.893172	0.979091	3.50249	6.1E-02	-0.0158156	0.00920345	2.95303	8.6E-02	3.15362	7.6E-02
rs17184382	15	63792486	0.876626	A	C	0.574619	1	0.0450778	8.3E-01	5.55273e-05	0.00567544	9.57225e-05	9.9E-01	0.00309952	9.6E-01
rs2165241	15	74222202	0.994735	T	C	0.491224	0.994517	0.218144	6.4E-01	0.00246552	0.00560588	0.193432	6.6E-01	0.220262	6.4E-01
rs12905116	15	79042734	1.02295	T	A	0.242831	0.998559	0.0313054	8.6E-01	-0.000305256	0.00651736	0.00219374	9.6E-01	0.00229815	9.6E-01
rs2401948	16	1340854	0.0338191	G	C	0.470436	0.984992	0.0105836	9.2E-01	0.000273761	0.00565323	0.00234503	9.6E-01	0.050047	8.2E-01
rs3747577	16	4415696	0.082586	C	G	0.259467	0.988145	3.37224	6.6E-02	-0.0120905	0.00643361	3.53169	6.0E-02	3.47733	6.2E-02
rs6498114	16	10964118	0.259065	G	T	0.240585	0.980902	0.304341	5.8E-01	-0.00311988	0.00662193	0.221976	6.4E-01	0.0942244	7.6E-01
rs2192868	16	53428284	0.643286	G	A	0.551203	0.983829	2.39744	1.2E-01	0.00932455	0.00568482	2.69043	1.0E-01	3.03357	8.2E-02
rs116975210	16	67058614	0.849502	T	G	0.960603	0.993544	4.2876	3.8E-02	0.0277469	0.0144464	3.68901	5.5E-02	3.94198	4.7E-02
rs146424960	16	71773581	0.872216	G	C	0.978813	0.862874	33.9371	5.7E-09	0.122996	0.0209629	34.4254	4.4E-09	35.9559	2.0E-09
rs61705884	16	72176640	0.873108	C	T	0.985444	1	41.8677	9.8E-11	0.150978	0.0235284	41.1759	1.4E-10	40.9079	1.6E-10
rs140845518	16	72234132	0.873293	G	A	0.983568	0.978049	80.8517	2.4E-19	-0.200349	0.0222245	81.2661	2.0E-19	83.9496	5.1E-20
rs66710707	16	81528621	1.0457	A	G	0.719577	0.992374	4.92056	2.7E-02	0.0132267	0.00625813	4.46701	3.5E-02	4.30555	3.8E-02
rs116911572	17	943593	0.0364958	T	C	0.982069	1	3.06297	8.0E-02	0.0365144	0.0211549	2.97925	8.4E-02	3.59052	5.8E-02
rs4151120	17	7342148	0.196018	T	A	0.629178	0.991461	0.0312033	8.6E-01	0.00165213	0.00582974	0.0803134	7.8E-01	0.0754146	7.8E-01
rs1561	17	8263334	0.209036	C	T	0.928268	0.930811	4.25756	3.9E-02	-0.0223859	0.0112383	3.9678	4.6E-02	4.54676	3.3E-02
rs1242488	17	17347995	0.443205	C	A	0.250473	0.994678	0.319385	5.7E-01	0.00417842	0.00646961	0.417126	5.2E-01	0.529138	4.7E-01
rs897456	17	17422608	0.444631	A	G	0.942018	1	13.9208	1.9E-04	-0.0470238	0.01201	15.3302	9.0E-05	15.7709	7.1E-05
rs11651639	17	27672320	0.49569	A	T	0.483934	0.999433	0.115913	7.3E-01	-0.00234112	0.00560643	0.174372	6.8E-01	0.163727	6.9E-01
rs55883500	17	40395267	0.664304	T	G	0.691334	0.998762	0.522914	4.7E-01	-0.00468044	0.00606604	0.595337	4.4E-01	0.535232	4.6E-01
rs2242461	17	40861424	0.665935	G	A	0.405713	1	0.372092	5.4E-01	0.00335917	0.00570596	0.346583	5.6E-01	0.594854	4.4E-01
rs62053943	17	43744203	0.688226	C	T	0.845555	0.975028	3.06263	8.0E-02	-0.0129191	0.0078679	2.69618	1.0E-01	2.28368	1.3E-01
rs6504972	17	53601168	0.790946	G	A	0.654059	0.990391	0.966637	3.3E-01	-0.00614961	0.005941	1.07146	3.0E-01	1.2384	2.7E-01
rs9892365	17	59491384	0.871045	A	G	0.330387	0.996856	1.89364	1.7E-01	-0.00765849	0.00596694	1.64734	2.0E-01	2.14646	1.4E-01
rs146385050	17	60637258	0.881108	C	A	0.819308	0.982238	0.534983	4.6E-01	0.00563587	0.00734265	0.589136	4.4E-01	0.292288	5.9E-01
rs1966327	17	67570113	0.971768	A	G	0.320402	0.997202	4.90452	2.7E-02	-0.0122666	0.00600748	4.16933	4.1E-02	3.46713	6.3E-02
rs9896666	17	68226321	0.98162	C	T	0.675868	0.994992	0.114063	7.4E-01	-0.000699748	0.00599707	0.0136146	9.1E-01	0.0219976	8.8E-01
rs3810068	18	2846499	0.0738566	T	C	0.595452	1	6.74376	9.4E-03	0.012077	0.00569806	4.49224	3.4E-02	4.69585	3.0E-02
rs4800451	18	20716805	0.429195	C	T	0.259966	0.984274	1.27065	2.6E-01	-0.00969053	0.00645229	2.25563	1.3E-01	1.60055	2.1E-01
rs1026186	18	42741410	0.625015	G	A	0.64681	0.995626	1.8854	1.7E-01	0.00871018	0.00587797	2.19584	1.4E-01	2.23458	1.3E-01
rs8086644	18	60788559	0.864537	G	A	0.834201	0.988925	0.0374449	8.5E-01	-0.00208376	0.00757051	0.0757607	7.8E-01	0.0184024	8.9E-01
rs12979965	19	2131148	0.0753026	A	G	0.499935	0.991113	1.2119	2.7E-01	0.00633397	0.00562853	1.26637	2.6E-01	1.54253	2.1E-01
rs10421685	19	4488926	0.151356	G	A	0.311293	0.998169	2.63083	1.0E-01	0.0104088	0.00606767	2.94277	8.6E-02	3.04879	8.1E-02
rs10421685	19	4488926	0.151356	G	C	0.973386	0.548756	0.000179329	9.9E-01	-0.00585939	0.0235045	0.0621448	8.0E-01	0.0174805	8.9E-01
rs35555265	19	17152232	0.420672	C	T	0.803227	0.993265	10.8904	9.7E-04	0.0246969	0.00706635	12.2151	4.7E-04	10.8297	1.0E-03
rs72999466	19	18248499	0.447893	C	T	0.742123	0.99893	2.64116	1.0E-01	0.0110969	0.00640839	2.99853	8.3E-02	3.20171	7.4E-02
rs1423056	19	33780444	0.560699	G	A	0.681795	0.903762	6.00145	1.4E-02	-0.0160026	0.00634271	6.36551	1.2E-02	6.87727	8.7E-03
rs113504807	19	33787954	0.561506	C	T	0.951238	0.934153	0.252186	6.2E-01	-0.00857627	0.0134459	0.406837	5.2E-01	0.419955	5.2E-01
rs11672697	19	33876955	0.562267	C	T	0.494053	0.99299	4.70876	3.0E-02	0.0123877	0.00563292	4.8363	2.8E-02	5.04224	2.5E-02
rs283815	19	45390333	0.706964	A	G	0.784343	0.995277	3.98703	4.6E-02	-0.0129106	0.00684499	3.55751	5.9E-02	4.32296	3.8E-02
rs149807892	19	50159756	0.792992	C	T	0.984058	0.969949	33.2752	8.0E-09	0.133671	0.022723	34.6052	4.0E-09	34.9448	3.4E-09
rs151235402	20	569164	0.0196907	C	T	0.984757	0.956324	2.52584	1.1E-01	-0.0396069	0.0235372	2.8316	9.2E-02	2.63627	1.0E-01
rs805769	20	5667459	0.191037	T	C	0.595306	0.99253	0.0287004	8.7E-01	0.000296729	0.00573506	0.00267697	9.6E-01	0.00613996	9.4E-01
rs6117303	20	6487687	0.213838	T	C	0.34849	0.989053	0.166957	6.8E-01	0.00299894	0.00591221	0.257298	6.1E-01	0.258301	6.1E-01
rs146411982	20	38985760	0.586515	A	G	0.97517	0.885893	2.3757	1.2E-01	-0.0315209	0.0191131	2.7198	9.9E-02	3.29723	6.9E-02
rs1997833	20	39690342	0.597551	T	C	0.700507	0.998963	5.82904	1.6E-02	-0.0137687	0.00610046	5.09402	2.4E-02	5.7046	1.7E-02
rs11699991	20	45489407	0.689702	T	A	0.670387	0.988835	0.185015	6.7E-01	-0.00182675	0.00599165	0.0929534	7.6E-01	0.0368646	8.5E-01
rs6068280	20	51235613	0.791961	A	G	0.324841	0.992237	3.49473	6.2E-02	-0.010916	0.00597787	3.33453	6.8E-02	3.12043	7.7E-02
rs6013572	20	51553621	0.798111	T	C	0.936054	1	0.936009	3.3E-01	0.0103428	0.0115213	0.805876	3.7E-01	0.696096	4.0E-01
rs1936966	20	51691779	0.801626	C	T	0.672454	0.982215	1.35486	2.4E-01	-0.00727476	0.00606334	1.43951	2.3E-01	1.23585	2.7E-01
rs2105063	20	62690683	1.09651	C	T	0.438811	1	4.3307	3.7E-02	0.0114946	0.00565848	4.12659	4.2E-02	4.55874	3.3E-02
rs4998557	21	33034892	0.322704	G	A	0.887631	0.995909	0.184395	6.7E-01	0.00530884	0.00890546	0.355375	5.5E-01	0.695693	4.0E-01
rs2836139	21	39451403	0.432375	A	G	0.514897	0.9942	0.0916682	7.6E-01	0.000827883	0.00564885	0.0214792	8.8E-01	0.0489597	8.2E-01
rs2330396	21	47524380	0.643685	A	C	0.492654	0.996498	0.919765	3.4E-01	-0.00627348	0.00559997	1.25501	2.6E-01	1.53301	2.2E-01
rs2236142	22	29137944	0.338659	G	C	0.32476	0.994367	0.023374	8.8E-01	0.00044222	0.00599497	0.00544129	9.4E-01	0.00892784	9.2E-01
rs5997898	22	31572963	0.355537	A	C	0.421356	0.998342	0.181544	6.7E-01	0.00143966	0.00568344	0.0641648	8.0E-01	0.0195228	8.9E-01
