SNP	CHR	BP	GENPOS	ALLELE1	ALLELE0	A1FREQ	INFO	CHISQ_LINREG	P_LINREG	BETA	SE	CHISQ_BOLT_LMM_INF	P_BOLT_LMM_INF	CHISQ_BOLT_LMM	P_BOLT_LMM
rs10909862	1	2936815	0.0400559	G	A	0.1928	0.987988	2.21417	1.4E-01	0.0096778	0.00717204	1.82083	1.8E-01	2.03116	1.5E-01
rs10909862	1	2936815	0.0400559	G	A	0.1928	0.987988	2.21417	1.4E-01	0.0096778	0.00717204	1.82083	1.8E-01	2.03116	1.5E-01
rs1294014	1	9325676	0.18921	C	T	0.732088	0.974098	1.88643	1.7E-01	-0.0102403	0.0064475	2.52256	1.1E-01	2.91516	8.8E-02
rs10753554	1	23619009	0.461644	T	C	0.260317	0.989627	5.59897	1.8E-02	-0.0156611	0.0064413	5.91148	1.5E-02	5.40513	2.0E-02
rs12117661	1	55487346	0.808955	C	G	0.755046	0.987273	68.2221	1.5E-16	0.0556145	0.00659561	71.0992	3.4E-17	70.5975	4.4E-17
rs624698	1	62900811	0.92277	A	G	0.58261	0.969721	37.9491	7.3E-10	0.0364737	0.00578085	39.8086	2.8E-10	46.5992	8.7E-12
rs10889551	1	65906137	0.967654	A	G	0.326867	0.995997	1.50822	2.2E-01	0.0072596	0.00601449	1.45689	2.3E-01	1.85223	1.7E-01
rs71658797	1	77967507	1.07336	T	A	0.879141	0.99054	0.45486	5.0E-01	0.00338823	0.0086489	0.15347	7.0E-01	0.000494237	9.8E-01
rs1415361	1	103562263	1.33102	C	T	0.402104	0.995554	1.7611	1.8E-01	-0.00663351	0.00574849	1.33162	2.5E-01	2.23242	1.4E-01
rs116679284	1	119014845	1.50751	C	T	0.963654	0.948411	0.776269	3.8E-01	-0.012056	0.0154398	0.609711	4.3E-01	0.669497	4.1E-01
rs1766783	1	119434896	1.50931	A	C	0.181268	0.981355	0.0771183	7.8E-01	0.00252445	0.0073582	0.117704	7.3E-01	0.0341839	8.5E-01
rs3738479	1	150997842	1.65945	T	A	0.765906	0.995486	3.75141	5.3E-02	-0.0134127	0.00665839	4.05785	4.4E-02	3.61596	5.7E-02
rs79810698	1	154836444	1.69767	C	A	0.95565	1	0.715194	4.0E-01	0.00975365	0.0136605	0.5098	4.8E-01	0.280284	6.0E-01
rs10494421	1	164738727	1.83743	C	T	0.880829	1	0.0629302	8.0E-01	-0.00112892	0.00867954	0.0169172	9.0E-01	0.141416	7.1E-01
rs3121911	1	170212480	1.91705	G	A	0.744389	0.993907	0.374629	5.4E-01	0.00309875	0.0064305	0.232212	6.3E-01	0.348609	5.5E-01
rs17346300	1	170510459	1.91857	C	T	0.950626	1	1.44277	2.3E-01	-0.0123977	0.013008	0.908359	3.4E-01	0.345232	5.6E-01
rs6697844	1	172308238	1.93873	C	T	0.56798	0.996349	0.108906	7.4E-01	-0.0020872	0.00566093	0.135942	7.1E-01	0.115534	7.3E-01
rs10922075	1	196467248	2.1432	G	A	0.687963	0.997066	0.250434	6.2E-01	0.00328017	0.00607111	0.291915	5.9E-01	0.264628	6.1E-01
rs13303121	1	203503267	2.22276	C	G	0.607356	0.947347	1.14185e-05	1.0E+00	-0.000165926	0.00589768	0.000791531	9.8E-01	0.0522998	8.2E-01
rs4951159	1	205012106	2.25304	G	C	0.0908836	0.967	0.309125	5.8E-01	-0.00524652	0.00994645	0.278232	6.0E-01	0.245167	6.2E-01
rs61821643	1	219268532	2.43532	T	C	0.974378	0.889659	0.578882	4.5E-01	0.0116504	0.0188372	0.382515	5.4E-01	0.529391	4.7E-01
rs77278027	1	219392230	2.43543	C	T	0.93823	0.976746	0.227253	6.3E-01	-0.00610709	0.0118214	0.266889	6.1E-01	0.02904	8.6E-01
rs12740837	1	219623230	2.43692	G	A	0.983204	0.959021	0.666183	4.1E-01	-0.0196738	0.022281	0.779657	3.8E-01	1.1629	2.8E-01
rs711869	2	13073967	0.297329	G	A	0.443249	0.983109	0.154295	6.9E-01	-0.00169484	0.00571061	0.0880829	7.7E-01	0.014833	9.0E-01
rs144545816	2	21413077	0.420543	G	A	0.71544	0.993104	56.5976	5.3E-14	-0.0472752	0.00626077	57.0179	4.3E-14	62.9666	2.1E-15
rs77541036	2	25575523	0.459339	A	G	0.962268	0.991995	0.714091	4.0E-01	0.0109102	0.0148018	0.543289	4.6E-01	0.628846	4.3E-01
rs7933	2	43452183	0.682402	A	G	0.634849	0.981779	1.7336	1.9E-01	-0.0076546	0.00588853	1.68978	1.9E-01	1.54036	2.1E-01
rs56266464	2	44054991	0.686489	G	A	0.939556	0.986548	65.9425	4.6E-16	0.0991705	0.0119006	69.443	7.9E-17	71.4483	2.8E-17
rs36072157	2	48953740	0.765134	G	C	0.658175	0.956087	0.442797	5.1E-01	-0.00422884	0.00605548	0.487691	4.8E-01	0.684437	4.1E-01
rs4953627	2	48990167	0.765401	C	T	0.77524	0.975089	0.0123645	9.1E-01	-0.000716342	0.00684348	0.0109569	9.2E-01	0.00578684	9.4E-01
rs12620918	2	63268355	0.885798	T	C	0.826656	0.992379	30.529	3.3E-08	-0.0411393	0.00745359	30.4636	3.4E-08	31.8152	1.7E-08
rs10779951	2	66142656	0.91656	G	A	0.525126	0.992672	0.250176	6.2E-01	0.00262134	0.00566266	0.214292	6.4E-01	0.430185	5.1E-01
rs12713567	2	66729420	0.924256	A	G	0.428176	0.981664	4.45003	3.5E-02	0.0116829	0.00573345	4.15212	4.2E-02	4.41629	3.6E-02
rs12712049	2	100208830	1.21955	A	G	0.176674	0.985519	4.03772	4.4E-02	-0.0157962	0.00741707	4.53568	3.3E-02	3.61815	5.7E-02
rs72946301	2	111861838	1.33125	G	A	0.903863	0.964859	0.618673	4.3E-01	-0.00911317	0.00971952	0.879121	3.5E-01	0.467631	4.9E-01
rs1053413	2	114471921	1.35945	A	G	0.784744	0.998156	4.66783	3.1E-02	-0.014451	0.0068667	4.42894	3.5E-02	4.95406	2.6E-02
rs7593247	2	119337589	1.3956	C	T	0.503784	0.990163	0.0322277	8.6E-01	0.00100104	0.00565053	0.0313848	8.6E-01	0.107021	7.4E-01
rs78876301	2	158234589	1.75901	A	C	0.987195	0.782415	0.303907	5.8E-01	-0.0186815	0.0283108	0.435432	5.1E-01	0.770257	3.8E-01
rs77928329	2	158413902	1.76308	G	A	0.94544	0.998218	6.3865	1.1E-02	0.0314971	0.0123497	6.50469	1.1E-02	5.44542	2.0E-02
rs1402698	2	165424575	1.81281	G	A	0.368889	0.988943	0.839524	3.6E-01	-0.00554495	0.00587369	0.891195	3.5E-01	0.780392	3.8E-01
rs3769877	2	165569779	1.81517	G	A	0.125673	1	0.0181434	8.9E-01	0.00082282	0.00849064	0.00939135	9.2E-01	0.0195857	8.9E-01
rs72882321	2	172298662	1.8972	C	T	0.821415	0.98752	0.902572	3.4E-01	0.00580652	0.00739551	0.616447	4.3E-01	0.0623809	8.0E-01
rs62173497	2	187821910	2.04064	C	A	0.889372	0.96522	1.99913	1.6E-01	-0.0133786	0.00911421	2.15467	1.4E-01	2.86787	9.0E-02
rs61613340	2	191746748	2.0603	G	T	0.922172	0.993102	5.47343	1.9E-02	-0.022779	0.0105331	4.67686	3.1E-02	4.0853	4.3E-02
rs1250248	2	216287093	2.28549	A	G	0.271958	0.996374	5.56565	1.8E-02	-0.0161213	0.00633876	6.46831	1.1E-02	7.03446	8.0E-03
rs2373074	2	218381350	2.32413	C	T	0.903229	0.998908	0.578249	4.5E-01	0.00830167	0.009527	0.759309	3.8E-01	0.451054	5.0E-01
rs62182126	2	219279230	2.33765	G	A	0.901349	1	0.713857	4.0E-01	0.00971262	0.00943419	1.0599	3.0E-01	0.956664	3.3E-01
rs6760762	2	226866226	2.44112	C	T	0.776249	0.976874	9.75521	1.8E-03	-0.0212536	0.00683596	9.66643	1.9E-03	9.58178	2.0E-03
rs305506	3	12026709	0.296805	G	T	0.113563	0.992655	0.680414	4.1E-01	0.00767702	0.00891097	0.742224	3.9E-01	0.991407	3.2E-01
rs114252958	3	12409938	0.29797	C	T	0.982978	0.956617	1.52861	2.2E-01	0.0231271	0.0223278	1.07288	3.0E-01	1.20176	2.7E-01
rs10490869	3	35635145	0.595764	A	T	0.789478	0.990849	0.158368	6.9E-01	0.00391092	0.00690699	0.320612	5.7E-01	0.129357	7.2E-01
rs6771508	3	43718462	0.664863	A	C	0.974946	0.998741	0.343108	5.6E-01	0.0102933	0.018005	0.326827	5.7E-01	0.140663	7.1E-01
rs4683294	3	46979013	0.687679	G	C	0.321605	0.960868	2.92486	8.7E-02	0.0105814	0.00613411	2.97565	8.5E-02	2.38932	1.2E-01
rs4858828	3	48724811	0.68972	C	T	0.349101	0.999091	4.87984	2.7E-02	0.0117197	0.0058792	3.97371	4.6E-02	3.9602	4.7E-02
rs352156	3	52214610	0.694887	C	T	0.955078	0.904333	0.55747	4.6E-01	0.00821413	0.0141499	0.336989	5.6E-01	0.69379	4.0E-01
rs7643235	3	53227428	0.699142	T	C	0.4136	0.989215	0.370356	5.4E-01	-0.00313841	0.00571124	0.301967	5.8E-01	0.560885	4.5E-01
rs11718560	3	64584862	0.868956	C	T	0.731847	0.985124	0.00232668	9.6E-01	0.000789467	0.00638874	0.01527	9.0E-01	0.0100577	9.2E-01
rs4688498	3	64674599	0.871028	C	T	0.669682	0.985151	4.53784	3.3E-02	-0.0126217	0.00602505	4.38847	3.6E-02	4.80944	2.8E-02
rs997274	3	78704821	1.06722	T	C	0.748705	0.994327	0.926796	3.4E-01	0.00565681	0.00651691	0.753459	3.9E-01	1.09501	3.0E-01
rs1877569	3	99224544	1.12953	G	A	0.816212	0.993173	0.0308097	8.6E-01	-0.00131894	0.00726427	0.0329662	8.6E-01	0.10084	7.5E-01
rs9875732	3	107461731	1.19696	T	C	0.623037	0.99667	3.68382	5.5E-02	-0.0115112	0.00581411	3.91987	4.8E-02	3.07247	8.0E-02
rs1000368	3	123117165	1.35684	C	T	0.748381	0.996692	0.0601509	8.1E-01	0.00225232	0.00648535	0.120613	7.3E-01	0.0402567	8.4E-01
rs113771682	3	129112166	1.4255	C	T	0.937375	0.999072	0.845845	3.6E-01	-0.00937087	0.0116413	0.647973	4.2E-01	1.11195	2.9E-01
rs7647218	3	129125231	1.42558	C	A	0.901341	0.999167	2.49515	1.1E-01	-0.0174583	0.00945419	3.41002	6.5E-02	3.86901	4.9E-02
rs75212171	3	129323322	1.42649	T	C	0.983129	1	1.08203	3.0E-01	0.0228248	0.0218287	1.09335	3.0E-01	1.6529	2.0E-01
rs112551697	3	150018637	1.64271	G	A	0.96554	0.928479	0.490868	4.8E-01	0.0133677	0.0159505	0.702365	4.0E-01	0.509657	4.8E-01
rs11720805	3	156800360	1.71236	A	G	0.330979	0.970132	0.601076	4.4E-01	-0.00452033	0.00607079	0.554435	4.6E-01	0.810019	3.7E-01
rs1488111	3	168951612	1.77942	C	T	0.517315	0.996852	1.15214	2.8E-01	-0.00437359	0.00562484	0.604583	4.4E-01	0.217268	6.4E-01
rs1499813	3	171760427	1.8208	T	C	0.587431	1	0.871828	3.5E-01	-0.00618991	0.00573812	1.16367	2.8E-01	1.09525	3.0E-01
rs13092876	3	185495320	2.01656	G	A	0.686729	0.994835	0.687708	4.1E-01	0.00418587	0.00607797	0.474302	4.9E-01	0.669853	4.1E-01
rs3843375	3	196813908	2.26438	G	A	0.590289	0.999191	1.49673	2.2E-01	-0.00711669	0.00573424	1.5403	2.1E-01	2.36573	1.2E-01
rs75072999	4	844781	0.00782036	G	A	0.904916	0.991302	2.1027	1.5E-01	0.0124013	0.00964539	1.65309	2.0E-01	1.54317	2.1E-01
rs748483	4	952409	0.00822297	A	G	0.891514	0.99682	0.57173	4.5E-01	0.00752751	0.00906613	0.689381	4.1E-01	0.526059	4.7E-01
rs1912897	4	26006133	0.455942	A	T	0.79303	0.98817	4.83465e-05	9.9E-01	-0.000668507	0.00698864	0.00915011	9.2E-01	0.0968767	7.6E-01
rs7689800	4	26295421	0.461356	C	G	0.382047	0.982424	1.21823	2.7E-01	-0.00587482	0.00584424	1.01049	3.1E-01	1.57243	2.1E-01
rs34171390	4	56192405	0.730002	C	G	0.8287	0.967618	1.79715	1.8E-01	-0.00971228	0.00757153	1.64542	2.0E-01	1.3688	2.4E-01
rs3017896	4	89533004	1.04795	G	C	0.704424	1	0.0357096	8.5E-01	-0.00100153	0.00614538	0.0265602	8.7E-01	0.195622	6.6E-01
rs10029220	4	89710592	1.04921	C	T	0.909822	0.997537	0.300774	5.8E-01	0.00551827	0.00984355	0.31427	5.8E-01	0.190665	6.6E-01
rs1813006	4	103001649	1.15654	G	T	0.940843	0.94358	5.20198	2.3E-02	0.027804	0.0122641	5.13978	2.3E-02	6.23659	1.3E-02
rs12647922	4	106063987	1.17944	C	T	0.794569	0.998343	1.23171	2.7E-01	-0.00770325	0.00696082	1.22469	2.7E-01	1.24141	2.7E-01
rs7655064	4	120106348	1.31331	T	C	0.875314	0.995692	2.79122	9.5E-02	0.0140184	0.00851826	2.70829	1.0E-01	2.80533	9.4E-02
rs2922979	4	123748616	1.34468	C	G	0.689916	1	1.07175	3.0E-01	-0.00712444	0.00608895	1.36904	2.4E-01	1.11203	2.9E-01
rs1520325	4	125182690	1.35483	C	T	0.780072	0.994582	0.309147	5.8E-01	0.00505436	0.00681014	0.550834	4.6E-01	0.612955	4.3E-01
rs2353397	4	145517578	1.53798	C	T	0.460014	1	0.00867752	9.3E-01	-0.00148185	0.00565045	0.068777	7.9E-01	5.0932e-05	9.9E-01
rs2166365	5	3597830	0.0882728	A	G	0.777698	0.981109	0.110763	7.4E-01	-0.00279002	0.006822	0.167259	6.8E-01	0.233252	6.3E-01
rs13178917	5	4007353	0.10142	C	T	0.551974	0.99437	1.43362	2.3E-01	-0.00560454	0.00564678	0.985093	3.2E-01	0.405661	5.2E-01
rs10061804	5	32748637	0.511958	G	A	0.711087	1	0.533488	4.7E-01	-0.00437418	0.00620795	0.496475	4.8E-01	0.651763	4.2E-01
rs299615	5	34042097	0.535425	G	A	0.843206	1	1.02038	3.1E-01	-0.0094228	0.00774223	1.48125	2.2E-01	0.575798	4.5E-01
rs4293945	5	38736142	0.597252	A	T	0.606405	0.995383	3.29672	6.9E-02	0.0118143	0.00576967	4.19291	4.1E-02	4.91749	2.7E-02
rs163112	5	54538003	0.667379	C	G	0.107056	0.994238	0.89162	3.5E-01	-0.00949622	0.00913727	1.08011	3.0E-01	2.00418	1.6E-01
rs61653333	5	55779080	0.679717	G	T	0.970413	0.977169	0.342501	5.6E-01	0.0120052	0.0167603	0.513066	4.7E-01	0.49856	4.8E-01
rs6867983	5	55854153	0.681454	C	T	0.861186	1	0.0565325	8.1E-01	-0.00297494	0.00813508	0.133731	7.1E-01	0.238811	6.3E-01
rs11749164	5	66294202	0.770672	T	G	0.726476	0.988719	0.56201	4.5E-01	-0.0047719	0.00634916	0.564873	4.5E-01	0.588494	4.4E-01
rs6878122	5	76427311	0.889556	G	A	0.318279	0.997785	0.137008	7.1E-01	0.00264882	0.00605167	0.191582	6.6E-01	0.274481	6.0E-01
rs7734060	5	101780479	1.10738	T	G	0.734786	0.995631	0.0583045	8.1E-01	-0.000726161	0.006405	0.0128537	9.1E-01	0.0116768	9.1E-01
rs1394631	5	118639270	1.27349	C	T	0.775173	0.988487	0.0509871	8.2E-01	0.00201568	0.00676489	0.0887812	7.7E-01	0.0413337	8.4E-01
rs11744058	5	118798944	1.27486	G	T	0.783774	0.998591	0.00753459	9.3E-01	0.000352771	0.00684181	0.00265855	9.6E-01	0.375939	5.4E-01
rs3749748	5	127350549	1.37291	C	T	0.753975	0.992802	1.09064	3.0E-01	-0.00630834	0.00654971	0.927652	3.4E-01	1.03859	3.1E-01
rs4705986	5	132349654	1.39065	T	G	0.937241	0.978165	0.185725	6.7E-01	-0.00416959	0.0117342	0.126263	7.2E-01	0.0783168	7.8E-01
rs10463353	5	141710741	1.48273	C	T	0.640669	0.986535	0.0764165	7.8E-01	-0.00259451	0.00589552	0.193672	6.6E-01	0.108691	7.4E-01
rs33999	5	141973349	1.48937	C	G	0.612065	0.9834	0.1749	6.8E-01	-0.00225438	0.00580754	0.150685	7.0E-01	0.119424	7.3E-01
rs7717984	5	156369171	1.66278	C	T	0.347787	0.991627	33.049	9.0E-09	-0.03297	0.00589747	31.254	2.3E-08	31.7361	1.8E-08
rs12652322	5	171822666	1.88951	C	T	0.705252	0.99822	2.30229	1.3E-01	-0.00950687	0.00618049	2.36608	1.2E-01	1.94291	1.6E-01
rs2053681	5	172746086	1.91113	A	G	0.485601	0.912476	0.029675	8.6E-01	0.000366396	0.00590517	0.00384979	9.5E-01	0.00343305	9.5E-01
rs10035782	5	173270328	1.92939	A	G	0.600665	0.984103	4.40389	3.6E-02	0.0121276	0.00578813	4.39006	3.6E-02	4.58501	3.2E-02
rs11963955	6	6631996	0.178791	A	G	0.637527	0.976944	1.30545	2.5E-01	-0.00682851	0.00592854	1.32665	2.5E-01	0.598968	4.4E-01
rs201061	6	6730512	0.181115	G	A	0.455616	0.976616	0.0309325	8.6E-01	-0.000731376	0.00570475	0.0164365	9.0E-01	0.00228544	9.6E-01
rs1334576	6	7211818	0.195986	G	A	0.5774	1	0.212041	6.5E-01	0.00281994	0.00570712	0.244144	6.2E-01	0.319942	5.7E-01
rs9382988	6	14595010	0.314722	C	A	0.204362	0.998886	0.0673881	8.0E-01	-0.000206194	0.00700055	0.000867532	9.8E-01	5.13027e-05	9.9E-01
rs4710940	6	20658012	0.410434	A	C	0.647018	0.999463	0.56164	4.5E-01	0.00453071	0.00590167	0.589363	4.4E-01	0.73845	3.9E-01
rs3129830	6	30248711	0.50553	G	A	0.868546	0.999908	0.398542	5.3E-01	0.00421799	0.00829734	0.258425	6.1E-01	0.186893	6.7E-01
rs7772131	6	30795171	0.50714	A	C	0.988571	1	1.45255	2.3E-01	-0.0331539	0.0264777	1.56786	2.1E-01	1.32536	2.5E-01
rs6919908	6	31244960	0.511805	T	C	0.193909	0.999901	0.128171	7.2E-01	-0.00338372	0.0071376	0.224742	6.4E-01	0.451754	5.0E-01
rs181133225	6	32454764	0.520293	T	C	0.893444	0.778953	1.54157	2.1E-01	0.0114703	0.010274	1.24644	2.6E-01	0.600633	4.4E-01
rs117108573	6	32489679	0.520303	C	T	0.921405	0.866866	1.37799	2.4E-01	0.0118358	0.0111656	1.12366	2.9E-01	0.406131	5.2E-01
rs575662827	6	32543874	0.520325	T	C	0.899303	0.833996	2.47859	1.2E-01	0.0150365	0.0101918	2.17666	1.4E-01	1.00216	3.2E-01
rs114760566	6	34192036	0.545788	C	A	0.954268	0.993831	0.618217	4.3E-01	0.00997754	0.0135018	0.546092	4.6E-01	0.178243	6.7E-01
rs1574430	6	43269029	0.669727	A	C	0.391321	0.999399	1.59113	2.1E-01	0.00730433	0.00576622	1.60464	2.1E-01	1.56576	2.1E-01
rs9381248	6	43734606	0.675407	C	T	0.87836	0.993046	0.00288702	9.6E-01	0.00213155	0.00864513	0.0607923	8.1E-01	0.0689854	7.9E-01
rs35349911	6	43785255	0.678849	C	T	0.409597	0.97009	0.0121745	9.1E-01	0.000490957	0.00582128	0.00711294	9.3E-01	0.0860151	7.7E-01
rs72902769	6	80719576	0.920488	C	G	0.966636	0.999182	7.02258e-05	9.9E-01	-3.19387e-05	0.015698	4.13946e-06	1.0E+00	0.0106883	9.2E-01
rs62406467	6	81114126	0.921634	G	T	0.849349	0.952286	0.0444448	8.3E-01	-0.00170061	0.00806108	0.0445066	8.3E-01	0.180414	6.7E-01
rs6924944	6	100597579	1.0811	A	T	0.245827	0.981159	1.53024	2.2E-01	0.00820427	0.00661524	1.53811	2.1E-01	0.897284	3.4E-01
rs2806373	6	109222017	1.18299	G	A	0.239664	0.998945	0.0752184	7.8E-01	-0.00205757	0.00658849	0.09753	7.5E-01	0.151257	7.0E-01
rs72969772	6	126187585	1.32503	A	G	0.980332	1	1.10807	2.9E-01	-0.0220414	0.0203272	1.17577	2.8E-01	0.669271	4.1E-01
rs9986505	6	126445558	1.32603	A	G	0.6761	0.991308	1.09086	3.0E-01	0.00616795	0.00603876	1.04325	3.1E-01	0.85662	3.5E-01
rs74949497	6	126812007	1.32699	A	C	0.97518	1	0.0744936	7.8E-01	-0.0076608	0.018194	0.177293	6.7E-01	0.106955	7.4E-01
rs139242696	6	127414440	1.32797	T	C	0.974907	0.948341	0.18421	6.7E-01	0.0104351	0.0184414	0.320186	5.7E-01	0.178752	6.7E-01
rs9385864	6	139805476	1.50274	C	T	0.6907	0.988333	0.0153311	9.0E-01	0.000455469	0.00613492	0.00551189	9.4E-01	0.0696562	7.9E-01
rs12205386	6	139837171	1.50318	C	A	0.643666	0.9992	1.76108	1.8E-01	0.00694037	0.00588258	1.39197	2.4E-01	1.29047	2.6E-01
rs11756568	6	152042413	1.64245	A	T	0.724877	0.999168	5.1799	2.3E-02	-0.0129817	0.00631271	4.22891	4.0E-02	5.04868	2.5E-02
rs998075	6	160468278	1.77084	A	G	0.53429	0.994008	32.4961	1.2E-08	0.0324808	0.00567168	32.7966	1.0E-08	33.0511	9.0E-09
rs118039278	6	160985526	1.7755	G	A	0.921465	0.991329	33.2294	8.2E-09	-0.0605074	0.0105079	33.1575	8.5E-09	37.795	7.9E-10
rs9769088	7	1029585	0.0111549	T	C	0.608739	0.988099	31.6429	1.9E-08	0.0329783	0.00579663	32.3671	1.3E-08	33.5143	7.1E-09
rs2214440	7	20372191	0.358281	A	G	0.667686	0.991786	0.0651513	8.0E-01	0.00295363	0.00600088	0.242261	6.2E-01	0.836462	3.6E-01
rs111683990	7	25729528	0.437229	C	G	0.955515	0.987881	1.22096	2.7E-01	-0.0151005	0.0137556	1.20511	2.7E-01	2.06718	1.5E-01
rs2040786	7	26208736	0.442609	G	A	0.529361	1	1.33728	2.5E-01	0.00617688	0.00563524	1.20147	2.7E-01	0.910109	3.4E-01
rs17428025	7	27251396	0.453724	C	T	0.971743	0.967404	0.000107446	9.9E-01	-0.000808373	0.0172572	0.00219424	9.6E-01	0.0300696	8.6E-01
rs849140	7	28183702	0.463008	T	C	0.410278	1	9.87163	1.7E-03	-0.0189018	0.00575042	10.8046	1.0E-03	13.7891	2.0E-04
rs17172095	7	42665355	0.680121	A	G	0.679343	0.995026	0.653778	4.2E-01	-0.00498304	0.00603912	0.680833	4.1E-01	0.526537	4.7E-01
rs17725246	7	44581986	0.698744	T	C	0.815924	0.999146	29.983	4.4E-08	-0.0402717	0.0072326	31.0036	2.6E-08	34.9162	3.4E-09
rs71556711	7	72854549	0.899611	C	T	0.908397	1	16.9736	3.8E-05	-0.0419261	0.00973922	18.5319	1.7E-05	17.7167	2.6E-05
rs7780317	7	72867852	0.899612	C	T	0.92793	0.985744	0.000720195	9.8E-01	0.000921176	0.0109232	0.00711194	9.3E-01	0.000274502	9.9E-01
rs57487833	7	77115793	0.936393	G	A	0.723097	0.985735	4.71819	3.0E-02	-0.0139405	0.00632956	4.85074	2.8E-02	4.79117	2.9E-02
rs76306613	7	106235348	1.22452	G	T	0.855998	0.98895	0.983559	3.2E-01	-0.00763659	0.00806118	0.897433	3.4E-01	1.21574	2.7E-01
rs2237687	7	107585473	1.24369	C	T	0.472386	0.966594	1.90592	1.7E-01	-0.00842907	0.0057255	2.16737	1.4E-01	2.32595	1.3E-01
rs38902	7	116889718	1.32093	G	A	0.474719	0.992845	1.94245	1.6E-01	-0.00795406	0.0056503	1.98168	1.6E-01	1.94844	1.6E-01
rs12154627	7	130422934	1.4017	T	C	0.506907	0.97487	0.223599	6.4E-01	-0.00288037	0.00568739	0.25649	6.1E-01	0.480117	4.9E-01
rs7808446	7	150214465	1.67249	T	G	0.235469	0.993612	1.98868	1.6E-01	-0.00875527	0.00665058	1.73308	1.9E-01	1.23843	2.7E-01
rs7012637	8	9173209	0.251675	G	A	0.526887	0.985021	37.315	1.0E-09	-0.0341308	0.00567147	36.2162	1.8E-09	36.5726	1.5E-09
rs117026536	8	19818773	0.472625	G	T	0.900105	0.996683	37.861	7.6E-10	-0.0563455	0.00939781	35.9472	2.0E-09	36.687	1.4E-09
rs7844736	8	23551671	0.545238	A	G	0.828827	1	0.00122246	9.7E-01	-0.000234879	0.00748012	0.000985989	9.7E-01	0.035772	8.5E-01
rs11992444	8	25464690	0.565812	G	T	0.49058	1	6.07397	1.4E-02	-0.0129736	0.00561437	5.33971	2.1E-02	4.96314	2.6E-02
rs7815496	8	38321607	0.69461	C	T	0.597431	0.996532	1.86122	1.7E-01	-0.00858233	0.00573244	2.24146	1.3E-01	1.50918	2.2E-01
rs12543555	8	69562014	0.90375	A	G	0.792127	0.98465	0.996185	3.2E-01	-0.00825048	0.00696757	1.40216	2.4E-01	2.16218	1.4E-01
rs28568866	8	72353630	0.949663	G	A	0.969859	0.939217	0.0656369	8.0E-01	-0.0059626	0.0169924	0.12313	7.3E-01	0.183585	6.7E-01
rs146492163	8	72386394	0.950025	G	T	0.96946	0.960969	0.479814	4.9E-01	0.0111485	0.0167056	0.445354	5.0E-01	0.703529	4.0E-01
rs1895674	8	72443246	0.950276	T	G	0.946831	0.990629	0.437396	5.1E-01	-0.00948351	0.0125607	0.570047	4.5E-01	0.615843	4.3E-01
rs4147332	8	89280863	1.08332	G	C	0.323111	0.995784	8.20765	4.2E-03	0.0171152	0.00602131	8.07947	4.5E-03	8.02693	4.6E-03
rs144435165	8	126419938	1.45107	G	C	0.944194	0.785853	1.19126	2.8E-01	-0.0187763	0.0138028	1.85047	1.7E-01	1.98843	1.6E-01
rs2954018	8	126477153	1.45319	C	T	0.298303	0.998357	8.71862	3.1E-03	0.0177077	0.00615339	8.28123	4.0E-03	9.32939	2.3E-03
rs6991761	8	128274518	1.48941	C	T	0.844226	0.993607	0.107653	7.4E-01	0.00161347	0.00776727	0.0431504	8.4E-01	0.00108843	9.7E-01
rs2467030	8	135665361	1.60637	A	G	0.339711	0.997044	0.179392	6.7E-01	0.00143586	0.00596339	0.0579745	8.1E-01	0.00113836	9.7E-01
rs12340775	9	13226945	0.282033	G	A	0.944664	0.940298	2.3975	1.2E-01	0.0210031	0.0126735	2.74646	9.7E-02	3.99306	4.6E-02
rs73650963	9	93943033	1.11642	T	C	0.892489	0.990174	0.905111	3.4E-01	0.00959416	0.00908701	1.11474	2.9E-01	1.43577	2.3E-01
rs2131919	9	95283887	1.12689	A	G	0.83667	0.999136	0.0179292	8.9E-01	0.000738067	0.00763581	0.00934291	9.2E-01	0.0121117	9.1E-01
rs1572136	9	101740604	1.18729	G	C	0.724977	0.989514	0.649743	4.2E-01	0.00519048	0.00634309	0.669598	4.1E-01	1.13409	2.9E-01
rs12686004	9	107653426	1.24316	G	A	0.884341	1	9.90195	1.7E-03	0.0293928	0.00879505	11.1688	8.3E-04	11.5972	6.6E-04
rs10991414	9	107685589	1.24582	T	C	0.861068	0.989408	0.162305	6.9E-01	0.00289716	0.00819878	0.124867	7.2E-01	0.00192984	9.6E-01
rs111479443	9	107874316	1.24936	T	G	0.963776	0.9746	7.07489	7.8E-03	0.0413046	0.0152646	7.32194	6.8E-03	6.43727	1.1E-02
rs7048735	9	112529695	1.31375	A	G	0.239526	0.976202	1.04438	3.1E-01	0.00513427	0.00666969	0.592579	4.4E-01	0.991964	3.2E-01
rs1002607	9	113858933	1.33848	T	C	0.40707	0.988428	3.57033	5.9E-02	-0.0108675	0.0057709	3.54625	6.0E-02	4.36196	3.7E-02
rs13298297	9	119264108	1.4204	G	A	0.769275	0.989359	0.550512	4.6E-01	-0.00481886	0.00673546	0.511864	4.7E-01	0.322245	5.7E-01
rs6478851	9	131561110	1.55426	G	A	0.758733	1	0.0802107	7.8E-01	-0.00153956	0.00659035	0.0545729	8.2E-01	0.378332	5.4E-01
rs687621	9	136137065	1.66206	A	G	0.681622	1	44.9314	2.0E-11	-0.0398193	0.00604054	43.4546	4.3E-11	45.0107	2.0E-11
rs60980157	9	139235415	1.78278	C	T	0.757489	0.966704	0.404891	5.2E-01	-0.00339278	0.00665802	0.259669	6.1E-01	0.569158	4.5E-01
rs7072195	10	3540748	0.0738836	T	C	0.417524	0.993244	0.0943768	7.6E-01	-0.00136223	0.00572659	0.0565856	8.1E-01	0.265542	6.1E-01
rs11592754	10	32619572	0.605452	A	C	0.856559	0.998356	1.20009	2.7E-01	0.00845128	0.00802676	1.10857	2.9E-01	1.89451	1.7E-01
rs2247396	10	33489192	0.60946	G	A	0.603662	0.99818	0.521204	4.7E-01	0.00333117	0.00573595	0.337273	5.6E-01	0.483761	4.9E-01
rs4341488	10	60452745	0.822202	G	A	0.188405	0.998867	0.113823	7.4E-01	-0.00233334	0.0071918	0.105264	7.5E-01	0.0383389	8.4E-01
rs17287962	10	63770969	0.858439	A	G	0.970068	0.979005	0.0582094	8.1E-01	0.00391805	0.0166802	0.0551746	8.1E-01	0.222394	6.4E-01
rs10822143	10	64887856	0.871046	C	T	0.493696	0.997837	32.974	9.3E-09	-0.0317976	0.00562448	31.9613	1.6E-08	35.8905	2.1E-09
rs10762666	10	77157489	1.00522	A	G	0.241989	0.984822	2.72226	9.9E-02	-0.0106444	0.00659286	2.60669	1.1E-01	1.85194	1.7E-01
rs10887758	10	89603315	1.15934	T	C	0.784607	0.990793	0.09571	7.6E-01	0.00105528	0.00688893	0.0234655	8.8E-01	0.010455	9.2E-01
rs141490680	10	95280981	1.22085	G	A	0.866803	0.998279	3.07337	8.0E-02	0.0151504	0.00827572	3.35146	6.7E-02	3.33184	6.8E-02
rs7342070	10	104223628	1.30538	T	C	0.455127	1	4.2427	3.9E-02	0.0117504	0.00564577	4.3317	3.7E-02	5.5753	1.8E-02
rs7917983	10	114732882	1.3977	T	C	0.532013	1	1.73705	1.9E-01	0.00727484	0.00564101	1.66315	2.0E-01	2.23288	1.4E-01
rs242956	10	119297479	1.46386	C	T	0.362576	0.990585	0.198361	6.6E-01	0.00217645	0.00586668	0.137629	7.1E-01	0.246298	6.2E-01
rs7104929	11	784340	0.0108006	C	G	0.530558	0.997422	0.459444	5.0E-01	0.00433652	0.00565606	0.587834	4.4E-01	0.412959	5.2E-01
rs7932891	11	10921512	0.210707	A	G	0.294517	0.99931	2.95292	8.6E-02	-0.0091576	0.00616412	2.2071	1.4E-01	3.38685	6.6E-02
rs11607537	11	14224166	0.277204	C	T	0.941072	0.981717	3.86918	4.9E-02	-0.022242	0.0120599	3.40141	6.5E-02	3.24325	7.2E-02
rs79634051	11	14561945	0.278112	G	C	0.97174	1	0.0913944	7.6E-01	-0.00577099	0.0169149	0.116403	7.3E-01	0.0641796	8.0E-01
rs3114693	11	26127790	0.452397	A	T	0.617593	0.997848	0.000153124	9.9E-01	0.000289619	0.00579373	0.00249884	9.6E-01	0.0237905	8.8E-01
rs56386213	11	36291554	0.562467	A	G	0.595018	1	0.765959	3.8E-01	-0.00484805	0.00569598	0.72443	3.9E-01	1.17903	2.8E-01
rs10792318	11	61531443	0.703376	A	G	0.749747	1	31.9868	1.6E-08	0.0371742	0.00650614	32.6465	1.1E-08	38.3779	5.8E-10
rs77701059	11	62290876	0.71396	G	A	0.938626	1	2.37617	1.2E-01	0.0203612	0.0117309	3.01258	8.3E-02	3.08857	7.9E-02
rs4297487	11	69229628	0.763225	A	G	0.324796	0.994186	0.163344	6.9E-01	0.00235002	0.00602161	0.152307	7.0E-01	0.00671704	9.3E-01
rs656095	11	75445338	0.831924	A	G	0.827786	0.993412	33.0608	8.9E-09	0.0430246	0.00747648	33.1161	8.7E-09	34.1623	5.1E-09
rs28690953	11	111384426	1.18701	T	G	0.852988	1	0.0880526	7.7E-01	-0.00294611	0.00794784	0.137404	7.1E-01	0.149801	7.0E-01
rs747249	11	130271647	1.49781	A	G	0.360849	0.986641	3.85185	5.0E-02	-0.0113538	0.00589963	3.70366	5.4E-02	5.37674	2.0E-02
rs11045172	12	20470221	0.37098	A	C	0.802205	0.989276	2.41817	1.2E-01	-0.0105015	0.00710005	2.18768	1.4E-01	2.60098	1.1E-01
rs7977928	12	26265632	0.457285	G	A	0.408615	1	0.0012706	9.7E-01	-9.43849e-05	0.00571042	0.000273192	9.9E-01	0.000152089	9.9E-01
rs2343874	12	26409450	0.459085	G	A	0.53283	0.98214	4.73916	2.9E-02	0.013387	0.00568392	5.54717	1.9E-02	5.73977	1.7E-02
rs16931815	12	27427917	0.469712	A	G	0.872673	0.996695	0.241265	6.2E-01	-0.00308715	0.00846985	0.132851	7.2E-01	0.530367	4.7E-01
rs7310959	12	45968598	0.59006	G	A	0.897555	1	0.641244	4.2E-01	0.00733667	0.00929617	0.622859	4.3E-01	0.308461	5.8E-01
rs75824359	12	54320490	0.68262	A	G	0.970266	0.973341	0.29061	5.9E-01	-0.0101457	0.0167812	0.365528	5.5E-01	0.588512	4.4E-01
rs10878362	12	66417493	0.793832	C	A	0.687723	0.991565	0.874863	3.5E-01	-0.00677896	0.00608075	1.24283	2.6E-01	1.51657	2.2E-01
rs10745659	12	94092690	1.0816	C	G	0.553308	0.994516	0.082582	7.7E-01	0.00133752	0.00569214	0.0552141	8.1E-01	0.00879291	9.3E-01
rs10778495	12	106991545	1.2616	A	G	0.720919	0.990603	1.28053	2.6E-01	-0.0064565	0.00627797	1.05769	3.0E-01	0.411888	5.2E-01
rs2649999	12	121380544	1.45376	T	C	0.330394	0.973048	42.5821	6.8E-11	0.0391238	0.00607405	41.4882	1.2E-10	45.5919	1.5E-11
rs12366339	12	122854616	1.46723	G	A	0.9894	0.907552	0.000111135	9.9E-01	-0.00119486	0.028875	0.00171234	9.7E-01	0.0501179	8.2E-01
rs140689322	12	123375732	1.4703	G	A	0.973654	0.966101	4.64824	3.1E-02	-0.0351399	0.0178635	3.86961	4.9E-02	4.84544	2.8E-02
rs7993238	13	22473593	0.0544542	A	C	0.631395	0.976757	1.2394	2.7E-01	0.00692828	0.00591089	1.37387	2.4E-01	1.61326	2.0E-01
rs10507524	13	44684600	0.468128	T	C	0.907237	0.994143	1.50794	2.2E-01	-0.011277	0.00975392	1.33669	2.5E-01	1.46712	2.3E-01
rs12872335	13	50442235	0.536587	G	A	0.792188	0.994746	1.95155	1.6E-01	-0.00947486	0.0069582	1.85418	1.7E-01	1.54308	2.1E-01
rs61964388	13	51061980	0.539297	G	A	0.904117	0.961186	0.474592	4.9E-01	-0.00827736	0.00973442	0.723042	4.0E-01	0.69991	4.0E-01
rs627527	13	110915135	1.21483	G	A	0.418925	0.983958	0.118252	7.3E-01	0.00157901	0.00574506	0.0755403	7.8E-01	0.00464454	9.5E-01
rs1057119	14	23746269	0.116581	C	G	0.76153	1	0.0901881	7.6E-01	0.00120576	0.00657831	0.0335962	8.5E-01	0.1411	7.1E-01
rs140664623	14	52321987	0.459221	G	T	0.976323	0.975931	0.293213	5.9E-01	-0.00936654	0.0186659	0.251803	6.2E-01	0.61549	4.3E-01
rs2145600	14	58750902	0.537897	C	G	0.237608	0.992449	0.0182851	8.9E-01	-0.000153369	0.00662327	0.000536203	9.8E-01	0.000134605	9.9E-01
rs6575165	14	91352234	0.881721	G	A	0.76556	0.994744	0.145112	7.0E-01	0.00311692	0.00664721	0.219873	6.4E-01	0.493716	4.8E-01
rs10130936	14	98342676	1.02712	C	T	0.37676	0.985923	5.16849	2.3E-02	0.0131587	0.00585231	5.05555	2.5E-02	4.4252	3.5E-02
rs4779523	15	31679470	0.452779	T	A	0.728098	0.995337	0.151907	7.0E-01	0.00224321	0.00635344	0.124658	7.2E-01	0.0254315	8.7E-01
rs28647196	15	40833379	0.629227	C	T	0.564205	0.997093	2.80658	9.4E-02	0.00873138	0.00569494	2.35065	1.3E-01	3.5136	6.1E-02
rs138570705	15	44266730	0.642704	G	A	0.974833	0.997328	33.2177	8.2E-09	0.0994059	0.0179545	30.6534	3.1E-08	28.5962	8.9E-08
rs11630710	15	56364758	0.756318	G	T	0.893172	0.979091	0.274611	6.0E-01	-0.00417016	0.00923307	0.203992	6.5E-01	0.199047	6.6E-01
rs17184382	15	63792486	0.876626	A	C	0.574619	1	0.226914	6.3E-01	-0.00164499	0.00569371	0.0834707	7.7E-01	0.202693	6.5E-01
rs2165241	15	74222202	0.994735	T	C	0.491224	0.994517	2.17307	1.4E-01	-0.00862839	0.00562393	2.35386	1.2E-01	0.958889	3.3E-01
rs12905116	15	79042734	1.02295	T	A	0.242831	0.998559	0.541872	4.6E-01	-0.00519989	0.00653834	0.63249	4.3E-01	0.668589	4.1E-01
rs2401948	16	1340854	0.0338191	G	C	0.470436	0.984992	0.109015	7.4E-01	0.00177826	0.00567697	0.0981194	7.5E-01	0.00350312	9.5E-01
rs3747577	16	4415696	0.082586	C	G	0.259467	0.988145	0.25473	6.1E-01	-0.00295982	0.00646062	0.209886	6.5E-01	0.145983	7.0E-01
rs6498114	16	10964118	0.259065	G	T	0.240585	0.980902	0.188845	6.6E-01	-0.00271748	0.00664974	0.167003	6.8E-01	0.323237	5.7E-01
rs2192868	16	53428284	0.643286	G	A	0.551203	0.983829	0.176629	6.7E-01	-0.003172	0.0057087	0.30874	5.8E-01	0.204104	6.5E-01
rs116975210	16	67058614	0.849502	T	G	0.960603	0.993544	0.00348959	9.5E-01	-0.00160067	0.0145071	0.0121743	9.1E-01	0.0307349	8.6E-01
rs2056876	16	78864296	0.975993	T	G	0.815684	0.95437	0.253787	6.1E-01	0.00400084	0.00741189	0.29137	5.9E-01	0.124886	7.2E-01
rs9926618	16	81484570	1.04509	T	A	0.39429	0.97289	1.57351	2.1E-01	-0.00799214	0.00583513	1.87596	1.7E-01	2.47678	1.2E-01
rs66710707	16	81528621	1.0457	A	G	0.719577	0.992374	1.89972	1.7E-01	-0.00868816	0.00628441	1.91129	1.7E-01	1.87101	1.7E-01
rs116911572	17	943593	0.0364958	T	C	0.982069	1	0.921802	3.4E-01	-0.0215796	0.0212356	1.03266	3.1E-01	0.772175	3.8E-01
rs4151120	17	7342148	0.196018	T	A	0.629178	0.991461	3.90136	4.8E-02	0.0115909	0.00585198	3.92306	4.8E-02	3.35042	6.7E-02
rs1561	17	8263334	0.209036	C	T	0.928268	0.930811	0.660439	4.2E-01	-0.0100713	0.0112811	0.797017	3.7E-01	0.846579	3.6E-01
rs1242488	17	17347995	0.443205	C	A	0.250473	0.994678	1.78807	1.8E-01	-0.00779388	0.00649429	1.44027	2.3E-01	1.44576	2.3E-01
rs897456	17	17422608	0.444631	A	G	0.942018	1	0.167431	6.8E-01	0.0041772	0.0120558	0.120053	7.3E-01	0.175713	6.8E-01
rs11651639	17	27672320	0.49569	A	T	0.483934	0.999433	0.061477	8.0E-01	0.00144507	0.00562782	0.0659319	8.0E-01	0.0238107	8.8E-01
rs55883500	17	40395267	0.664304	T	G	0.691334	0.998762	0.0380726	8.5E-01	-0.0017571	0.00608918	0.0832679	7.7E-01	0.000768335	9.8E-01
rs2242461	17	40861424	0.665935	G	A	0.405713	1	1.4888	2.2E-01	-0.00685738	0.00572772	1.43335	2.3E-01	1.79753	1.8E-01
rs62053943	17	43744203	0.688226	C	T	0.845555	0.975028	0.106064	7.4E-01	-0.000528551	0.00789791	0.00447868	9.5E-01	0.012402	9.1E-01
rs6504972	17	53601168	0.790946	G	A	0.654059	0.990391	0.615853	4.3E-01	-0.00449784	0.00596366	0.568828	4.5E-01	0.610055	4.3E-01
rs9892365	17	59491384	0.871045	A	G	0.330387	0.996856	0.0332988	8.6E-01	0.001962	0.0059897	0.107297	7.4E-01	0.23006	6.3E-01
rs146385050	17	60637258	0.881108	C	A	0.819308	0.982238	0.555834	4.6E-01	0.00593677	0.00737066	0.648764	4.2E-01	0.222798	6.4E-01
rs1966327	17	67570113	0.971768	A	G	0.320402	0.997202	1.31641	2.5E-01	-0.00635582	0.00603039	1.11084	2.9E-01	0.810677	3.7E-01
rs9896666	17	68226321	0.98162	C	T	0.675868	0.994992	0.740071	3.9E-01	0.00482592	0.00601994	0.642651	4.2E-01	1.08756	3.0E-01
rs3810068	18	2846499	0.0738566	T	C	0.595452	1	2.77582	9.6E-02	0.00771239	0.00571714	1.81979	1.8E-01	2.08069	1.5E-01
rs4800451	18	20716805	0.429195	C	T	0.259966	0.984274	0.51618	4.7E-01	0.00366582	0.0064739	0.320635	5.7E-01	0.186598	6.7E-01
rs1026186	18	42741410	0.625015	G	A	0.64681	0.995626	0.445735	5.0E-01	0.00337525	0.00589765	0.327532	5.7E-01	0.478567	4.9E-01
rs6507939	18	47176261	0.689521	A	C	0.150333	0.990511	34.4628	4.3E-09	-0.0460814	0.00788719	34.1355	5.1E-09	34.7722	3.7E-09
rs8086644	18	60788559	0.864537	G	A	0.834201	0.988925	0.316936	5.7E-01	-0.00613187	0.00759587	0.651675	4.2E-01	0.665008	4.1E-01
rs12979965	19	2131148	0.0753026	A	G	0.499935	0.991113	0.243626	6.2E-01	0.00391068	0.00563214	0.482122	4.9E-01	0.612572	4.3E-01
rs10421685	19	4488926	0.151356	G	A	0.311293	0.998169	4.86009	2.7E-02	0.0125706	0.00607156	4.28658	3.8E-02	4.01381	4.5E-02
rs10421685	19	4488926	0.151356	G	C	0.973386	0.548756	0.0030479	9.6E-01	-0.00153684	0.0235195	0.00426972	9.5E-01	0.00663399	9.4E-01
rs35555265	19	17152232	0.420672	C	T	0.803227	0.993265	0.013659	9.1E-01	0.000210356	0.00707088	0.00088504	9.8E-01	0.00158036	9.7E-01
rs72999466	19	18248499	0.447893	C	T	0.742123	0.99893	0.0183291	8.9E-01	-0.00294028	0.0064125	0.210243	6.5E-01	0.129191	7.2E-01
rs1423056	19	33780444	0.560699	G	A	0.681795	0.903762	0.164632	6.8E-01	0.0023974	0.00634678	0.142684	7.1E-01	0.0203824	8.9E-01
rs113504807	19	33787954	0.561506	C	T	0.951238	0.934153	1.02426	3.1E-01	-0.0151275	0.0134545	1.26416	2.6E-01	1.15039	2.8E-01
rs11672697	19	33876955	0.562267	C	T	0.494053	0.99299	0.95545	3.3E-01	0.00575611	0.00563654	1.04288	3.1E-01	1.06553	3.0E-01
rs62116588	19	44446097	0.68736	C	G	0.976805	0.933368	46.9253	7.4E-12	0.130835	0.0193312	45.8064	1.3E-11	48.6763	3.0E-12
rs28550459	19	45037783	0.693461	T	A	0.964339	0.862461	31.0818	2.5E-08	0.0904838	0.0162602	30.9664	2.6E-08	32.7896	1.0E-08
rs73048351	19	45160086	0.697689	C	A	0.989712	0.91554	78.6346	7.5E-19	0.267801	0.0291438	84.4368	4.0E-20	82.0956	1.3E-19
rs139326841	19	45269725	0.701551	T	C	0.978636	0.821408	41.4045	1.2E-10	-0.135902	0.0213568	40.4931	2.0E-10	43.3707	4.5E-11
rs3745150	19	45385759	0.706836	G	C	0.607337	0.977556	92.5176	6.7E-22	-0.0554547	0.00582676	90.5781	1.8E-21	93.2171	4.7E-22
rs146390218	19	45478352	0.709104	A	G	0.973731	0.966351	207.111	5.9E-47	0.259232	0.0178494	210.926	8.6E-48	220.471	7.1E-50
rs141651018	19	46042665	0.717068	C	T	0.969731	0.964852	55.1681	1.1E-13	0.125794	0.0166736	56.9189	4.5E-14	61.1827	5.2E-15
rs151235402	20	569164	0.0196907	C	T	0.984757	0.956324	4.43776	3.5E-02	0.052244	0.0236127	4.89535	2.7E-02	4.97585	2.6E-02
rs805769	20	5667459	0.191037	T	C	0.595306	0.99253	0.714053	4.0E-01	0.00480103	0.00575345	0.696323	4.0E-01	0.235891	6.3E-01
rs6117303	20	6487687	0.213838	T	C	0.34849	0.989053	3.48399	6.2E-02	0.0120409	0.00593117	4.12136	4.2E-02	3.94864	4.7E-02
rs146411982	20	38985760	0.586515	A	G	0.97517	0.885893	14.4439	1.4E-04	-0.0742086	0.0191744	14.9784	1.1E-04	14.458	1.4E-04
rs1997833	20	39690342	0.597551	T	C	0.700507	0.998963	5.79653	1.6E-02	-0.0155451	0.00612002	6.45183	1.1E-02	8.02973	4.6E-03
rs11699991	20	45489407	0.689702	T	A	0.670387	0.988835	0.635732	4.3E-01	0.00664666	0.00601087	1.22274	2.7E-01	1.53504	2.2E-01
rs6068280	20	51235613	0.791961	A	G	0.324841	0.992237	3.06241	8.0E-02	0.0112888	0.00599704	3.54343	6.0E-02	3.47548	6.2E-02
rs6013572	20	51553621	0.798111	T	C	0.936054	1	0.727353	3.9E-01	0.00847015	0.0115583	0.537028	4.6E-01	0.892023	3.4E-01
rs1936966	20	51691779	0.801626	C	T	0.672454	0.982215	1.4307	2.3E-01	-0.00744869	0.00608278	1.49953	2.2E-01	1.17282	2.8E-01
rs2105063	20	62690683	1.09651	C	T	0.438811	1	0.38906	5.3E-01	0.00326614	0.00567663	0.331046	5.7E-01	0.266172	6.1E-01
rs4998557	21	33034892	0.322704	G	A	0.887631	0.995909	0.0594314	8.1E-01	-0.000282878	0.00893614	0.00100207	9.7E-01	0.0744442	7.8E-01
rs2836139	21	39451403	0.432375	A	G	0.514897	0.9942	1.58443	2.1E-01	0.00644204	0.00566831	1.29163	2.6E-01	1.59291	2.1E-01
rs2330396	21	47524380	0.643685	A	C	0.492654	0.996498	3.0883	7.9E-02	-0.00953631	0.00561926	2.88006	9.0E-02	2.53102	1.1E-01
rs2236142	22	29137944	0.338659	G	C	0.32476	0.994367	0.800678	3.7E-01	-0.00461452	0.00601556	0.588439	4.4E-01	0.579715	4.5E-01
rs5997898	22	31572963	0.355537	A	C	0.421356	0.998342	0.0129796	9.1E-01	0.000696394	0.00570296	0.0149111	9.0E-01	0.00957497	9.2E-01
