SNP	CHR	BP	GENPOS	ALLELE1	ALLELE0	A1FREQ	INFO	CHISQ_LINREG	P_LINREG	BETA	SE	CHISQ_BOLT_LMM_INF	P_BOLT_LMM_INF	CHISQ_BOLT_LMM	P_BOLT_LMM
rs10909862	1	2936815	0.0400559	G	A	0.1928	0.987988	2.35854	1.2E-01	0.0100737	0.00717162	1.97307	1.6E-01	2.35316	1.3E-01
rs10909862	1	2936815	0.0400559	G	A	0.1928	0.987988	2.35854	1.2E-01	0.0100737	0.00717162	1.97307	1.6E-01	2.35316	1.3E-01
rs1294014	1	9325676	0.18921	C	T	0.732088	0.974098	0.768287	3.8E-01	-0.00709884	0.00644713	1.21239	2.7E-01	1.33932	2.5E-01
rs10753554	1	23619009	0.461644	T	C	0.260317	0.989627	6.10358	1.3E-02	-0.015981	0.00644092	6.15617	1.3E-02	5.90605	1.5E-02
rs12117661	1	55487346	0.808955	C	G	0.755046	0.987273	72.1905	2.0E-17	0.0573601	0.00659523	75.6414	3.4E-18	74.3603	6.5E-18
rs875868	1	65539253	0.960443	A	C	0.697717	0.993511	0.0500778	8.2E-01	0.00114079	0.006144	0.0344754	8.5E-01	0.0120752	9.1E-01
rs10889551	1	65906137	0.967654	A	G	0.326867	0.995997	1.65572	2.0E-01	0.00762744	0.00601414	1.60846	2.0E-01	1.94897	1.6E-01
rs71658797	1	77967507	1.07336	T	A	0.879141	0.99054	0.114558	7.4E-01	0.000560963	0.0086484	0.00420724	9.5E-01	0.121704	7.3E-01
rs1415361	1	103562263	1.33102	C	T	0.402104	0.995554	2.52922	1.1E-01	-0.0081876	0.00574816	2.02888	1.5E-01	3.19023	7.4E-02
rs116679284	1	119014845	1.50751	C	T	0.963654	0.948411	0.380841	5.4E-01	-0.00833532	0.0154389	0.291481	5.9E-01	0.314234	5.8E-01
rs1766783	1	119434896	1.50931	A	C	0.181268	0.981355	0.0185778	8.9E-01	0.0013719	0.00735778	0.0347659	8.5E-01	0.00334273	9.5E-01
rs3738479	1	150997842	1.65945	T	A	0.765906	0.995486	4.91082	2.7E-02	-0.0151957	0.006658	5.20902	2.2E-02	4.88823	2.7E-02
rs79810698	1	154836444	1.69767	C	A	0.95565	1	0.955863	3.3E-01	0.0118254	0.0136597	0.749461	3.9E-01	0.546154	4.6E-01
rs10494421	1	164738727	1.83743	C	T	0.880829	1	0.00709492	9.3E-01	5.24944e-05	0.00867904	3.65833e-05	1.0E+00	0.230374	6.3E-01
rs3121911	1	170212480	1.91705	G	A	0.744389	0.993907	0.259046	6.1E-01	0.00228137	0.00643012	0.125879	7.2E-01	0.232546	6.3E-01
rs17346300	1	170510459	1.91857	C	T	0.950626	1	1.54137	2.1E-01	-0.0127174	0.0130073	0.955923	3.3E-01	0.467164	4.9E-01
rs6697844	1	172308238	1.93873	C	T	0.56798	0.996349	0.086275	7.7E-01	-0.00184543	0.0056606	0.106285	7.4E-01	0.072338	7.9E-01
rs10922075	1	196467248	2.1432	G	A	0.687963	0.997066	0.431515	5.1E-01	0.0042899	0.00607075	0.499355	4.8E-01	0.462455	5.0E-01
rs13303121	1	203503267	2.22276	C	G	0.607356	0.947347	0.0189074	8.9E-01	-0.00105466	0.00589734	0.0319824	8.6E-01	0.123117	7.3E-01
rs4951159	1	205012106	2.25304	G	C	0.0908836	0.967	0.0918875	7.6E-01	-0.00253454	0.00994587	0.0649401	8.0E-01	0.0598738	8.1E-01
rs61821643	1	219268532	2.43532	T	C	0.974378	0.889659	0.602436	4.4E-01	0.0119902	0.0188361	0.405201	5.2E-01	0.57271	4.5E-01
rs77278027	1	219392230	2.43543	C	T	0.93823	0.976746	0.284633	5.9E-01	-0.00686193	0.0118207	0.336981	5.6E-01	0.0713079	7.9E-01
rs12740837	1	219623230	2.43692	G	A	0.983204	0.959021	0.427258	5.1E-01	-0.0160504	0.0222797	0.518984	4.7E-01	0.713295	4.0E-01
rs711869	2	13073967	0.297329	G	A	0.443249	0.983109	3.56276e-07	1.0E+00	0.000573793	0.00570998	0.0100981	9.2E-01	0.130299	7.2E-01
rs144545816	2	21413077	0.420543	G	A	0.71544	0.993104	64.6906	8.8E-16	-0.0504804	0.00626008	65.0259	7.4E-16	70.6254	4.3E-17
rs77541036	2	25575523	0.459339	A	G	0.962268	0.991995	0.464365	5.0E-01	0.00851613	0.0148002	0.331092	5.7E-01	0.414849	5.2E-01
rs7933	2	43452183	0.682402	A	G	0.634849	0.981779	1.42267	2.3E-01	-0.00685043	0.00588788	1.35368	2.4E-01	1.19148	2.8E-01
rs56266464	2	44054991	0.686489	G	A	0.939556	0.986548	64.6811	8.8E-16	0.0983432	0.0118993	68.3043	1.4E-16	70.3677	4.9E-17
rs36072157	2	48953740	0.765134	G	C	0.658175	0.956087	0.882915	3.5E-01	-0.00585636	0.00605481	0.935522	3.3E-01	1.20574	2.7E-01
rs4953627	2	48990167	0.765401	C	T	0.77524	0.975089	0.00379284	9.5E-01	0.000530856	0.00684273	0.00601859	9.4E-01	0.0475621	8.3E-01
rs10779951	2	66142656	0.91656	G	A	0.525126	0.992672	0.41558	5.2E-01	0.00343596	0.00566204	0.368257	5.4E-01	0.554234	4.6E-01
rs12713567	2	66729420	0.924256	A	G	0.428176	0.981664	4.23863	4.0E-02	0.0116187	0.00573282	4.10748	4.3E-02	4.37079	3.7E-02
rs1521047	2	67724601	0.937973	C	G	0.75421	0.992329	0.137949	7.1E-01	0.0020722	0.00653238	0.100628	7.5E-01	0.000682557	9.8E-01
rs12712049	2	100208830	1.21955	A	G	0.176674	0.985519	3.26925	7.1E-02	-0.0143065	0.00741625	3.7213	5.4E-02	2.93867	8.6E-02
rs72946301	2	111861838	1.33125	G	A	0.903863	0.964859	1.5037	2.2E-01	-0.0132316	0.00971845	1.85365	1.7E-01	1.29807	2.5E-01
rs1053413	2	114471921	1.35945	A	G	0.784744	0.998156	4.074	4.4E-02	-0.0135359	0.00686595	3.88661	4.9E-02	4.2877	3.8E-02
rs7593247	2	119337589	1.3956	C	T	0.503784	0.990163	0.00450123	9.5E-01	0.000333419	0.00564991	0.00348256	9.5E-01	0.0263359	8.7E-01
rs78876301	2	158234589	1.75901	A	C	0.987195	0.782415	0.310412	5.8E-01	-0.0197358	0.0283077	0.486071	4.9E-01	0.72662	3.9E-01
rs77928329	2	158413902	1.76308	G	A	0.94544	0.998218	6.57391	1.0E-02	0.0320078	0.0123484	6.71885	9.5E-03	5.69326	1.7E-02
rs1402698	2	165424575	1.81281	G	A	0.368889	0.988943	0.884144	3.5E-01	-0.00548141	0.00587304	0.871082	3.5E-01	0.73121	3.9E-01
rs3769877	2	165569779	1.81517	G	A	0.125673	1	0.0331498	8.6E-01	0.00129805	0.0084897	0.0233773	8.8E-01	0.008498	9.3E-01
rs72882321	2	172298662	1.8972	C	T	0.821415	0.98752	1.10087	2.9E-01	0.00645882	0.00739469	0.762899	3.8E-01	0.0866252	7.7E-01
rs62173497	2	187821910	2.04064	C	A	0.889372	0.96522	1.646	2.0E-01	-0.0122464	0.0091132	1.80581	1.8E-01	2.78776	9.5E-02
rs61613340	2	191746748	2.0603	G	T	0.922172	0.993102	6.62719	1.0E-02	-0.0255113	0.010532	5.86742	1.5E-02	5.56895	1.8E-02
rs1250248	2	216287093	2.28549	A	G	0.271958	0.996374	5.69199	1.7E-02	-0.0163443	0.00633806	6.64996	9.9E-03	7.08719	7.8E-03
rs2373074	2	218381350	2.32413	C	T	0.903229	0.998908	0.514019	4.7E-01	0.00809316	0.00952594	0.721806	4.0E-01	0.477346	4.9E-01
rs62182126	2	219279230	2.33765	G	A	0.901349	1	0.123455	7.3E-01	0.00495177	0.00943315	0.275554	6.0E-01	0.291201	5.9E-01
rs6760762	2	226866226	2.44112	C	T	0.776249	0.976874	10.5509	1.2E-03	-0.0222862	0.00683521	10.6309	1.1E-03	10.6294	1.1E-03
rs305506	3	12026709	0.296805	G	T	0.113563	0.992655	0.937458	3.3E-01	0.0090323	0.00890962	1.02773	3.1E-01	1.41588	2.3E-01
rs114252958	3	12409938	0.29797	C	T	0.982978	0.956617	1.71281	1.9E-01	0.0246766	0.0223244	1.22183	2.7E-01	1.36538	2.4E-01
rs10490869	3	35635145	0.595764	A	T	0.789478	0.990849	0.205402	6.5E-01	0.00413551	0.00690595	0.358602	5.5E-01	0.182822	6.7E-01
rs6771508	3	43718462	0.664863	A	C	0.974946	0.998741	0.517685	4.7E-01	0.0128019	0.0180023	0.505703	4.8E-01	0.249068	6.2E-01
rs4683294	3	46979013	0.687679	G	C	0.321605	0.960868	2.42607	1.2E-01	0.00982463	0.00613318	2.56602	1.1E-01	1.95788	1.6E-01
rs4858828	3	48724811	0.68972	C	T	0.349101	0.999091	5.23085	2.2E-02	0.0121203	0.00587831	4.25128	3.9E-02	4.27424	3.9E-02
rs352156	3	52214610	0.694887	C	T	0.955078	0.904333	0.297696	5.9E-01	0.00569101	0.0141478	0.161809	6.9E-01	0.433725	5.1E-01
rs7643235	3	53227428	0.699142	T	C	0.4136	0.989215	0.965367	3.3E-01	-0.00517072	0.00571037	0.819924	3.7E-01	1.19674	2.7E-01
rs11718560	3	64584862	0.868956	C	T	0.731847	0.985124	0.0238777	8.8E-01	-0.00063367	0.00638777	0.00984073	9.2E-01	0.0270584	8.7E-01
rs4688498	3	64674599	0.871028	C	T	0.669682	0.985151	3.7019	5.4E-02	-0.0113489	0.00602414	3.54911	6.0E-02	4.02406	4.5E-02
rs997274	3	78704821	1.06722	T	C	0.748705	0.994327	0.836849	3.6E-01	0.00500374	0.00651593	0.589709	4.4E-01	0.93247	3.3E-01
rs1877569	3	99224544	1.12953	G	A	0.816212	0.993173	0.124995	7.2E-01	-0.00274885	0.00726317	0.143235	7.1E-01	0.286648	5.9E-01
rs9875732	3	107461731	1.19696	T	C	0.623037	0.99667	3.57388	5.9E-02	-0.0112452	0.00581323	3.74196	5.3E-02	3.02205	8.2E-02
rs1000368	3	123117165	1.35684	C	T	0.748381	0.996692	0.0367026	8.5E-01	0.00175278	0.00648437	0.0730663	7.9E-01	0.0148104	9.0E-01
rs113771682	3	129112166	1.4255	C	T	0.937375	0.999072	0.956379	3.3E-01	-0.0100741	0.0116395	0.749107	3.9E-01	1.15204	2.8E-01
rs7647218	3	129125231	1.42558	C	A	0.901341	0.999167	1.97754	1.6E-01	-0.0158202	0.00945276	2.80096	9.4E-02	3.13873	7.6E-02
rs75212171	3	129323322	1.42649	T	C	0.983129	1	0.665728	4.1E-01	0.0185881	0.0218254	0.725344	3.9E-01	1.19881	2.7E-01
rs112551697	3	150018637	1.64271	G	A	0.96554	0.928479	0.53426	4.6E-01	0.0135974	0.0159481	0.726935	3.9E-01	0.600858	4.4E-01
rs11720805	3	156800360	1.71236	A	G	0.330979	0.970132	0.512654	4.7E-01	-0.00392328	0.00606987	0.417772	5.2E-01	0.652946	4.2E-01
rs1488111	3	168951612	1.77942	C	T	0.517315	0.996852	0.83874	3.6E-01	-0.00363875	0.00562399	0.418616	5.2E-01	0.152051	7.0E-01
rs1499813	3	171760427	1.8208	T	C	0.587431	1	1.1708	2.8E-01	-0.00695808	0.00573725	1.47086	2.3E-01	1.5586	2.1E-01
rs13092876	3	185495320	2.01656	G	A	0.686729	0.994835	0.858221	3.5E-01	0.00492957	0.00607705	0.658008	4.2E-01	0.922429	3.4E-01
rs3843375	3	196813908	2.26438	G	A	0.590289	0.999191	1.04006	3.1E-01	-0.00589543	0.00573337	1.05733	3.0E-01	1.67918	2.0E-01
rs75072999	4	844781	0.00782036	G	A	0.904916	0.991302	2.2221	1.4E-01	0.0129679	0.00964441	1.80796	1.8E-01	1.71053	1.9E-01
rs748483	4	952409	0.00822297	A	G	0.891514	0.99682	0.252427	6.2E-01	0.00539676	0.0090652	0.354414	5.5E-01	0.256933	6.1E-01
rs1912897	4	26006133	0.455942	A	T	0.79303	0.98817	0.02399	8.8E-01	0.00031283	0.00698793	0.0020041	9.6E-01	0.031751	8.6E-01
rs7689800	4	26295421	0.461356	C	G	0.382047	0.982424	1.74114	1.9E-01	-0.00713871	0.00584364	1.49235	2.2E-01	2.10483	1.5E-01
rs34171390	4	56192405	0.730002	C	G	0.8287	0.967618	1.469	2.3E-01	-0.0088908	0.00757076	1.37912	2.4E-01	1.1857	2.8E-01
rs3017896	4	89533004	1.04795	G	C	0.704424	1	0.223226	6.4E-01	-0.00279516	0.00614476	0.206921	6.5E-01	0.444469	5.0E-01
rs10029220	4	89710592	1.04921	C	T	0.909822	0.997537	0.152562	7.0E-01	0.00410845	0.00984255	0.174237	6.8E-01	0.0873551	7.7E-01
rs1813006	4	103001649	1.15654	G	T	0.940843	0.94358	3.69891	5.4E-02	0.0233057	0.0122628	3.61196	5.7E-02	4.5276	3.3E-02
rs12647922	4	106063987	1.17944	C	T	0.794569	0.998343	1.39511	2.4E-01	-0.00808374	0.00696012	1.34894	2.5E-01	1.18501	2.8E-01
rs7655064	4	120106348	1.31331	T	C	0.875314	0.995692	2.48116	1.2E-01	0.0131023	0.00851739	2.36638	1.2E-01	2.39535	1.2E-01
rs2922979	4	123748616	1.34468	C	G	0.689916	1	0.961898	3.3E-01	-0.0067673	0.00608833	1.23548	2.7E-01	0.953106	3.3E-01
rs1520325	4	125182690	1.35483	C	T	0.780072	0.994582	0.0595001	8.1E-01	0.00278882	0.00680945	0.167732	6.8E-01	0.244299	6.2E-01
rs2353397	4	145517578	1.53798	C	T	0.460014	1	0.0560158	8.1E-01	0.000483492	0.00564987	0.0073232	9.3E-01	0.19481	6.6E-01
rs2166365	5	3597830	0.0882728	A	G	0.777698	0.981109	0.0717945	7.9E-01	-0.00236755	0.00682093	0.120479	7.3E-01	0.188001	6.6E-01
rs13178917	5	4007353	0.10142	C	T	0.551974	0.99437	0.689028	4.1E-01	-0.00374823	0.0056459	0.440743	5.1E-01	0.110881	7.4E-01
rs10061804	5	32748637	0.511958	G	A	0.711087	1	0.353343	5.5E-01	-0.0034436	0.00620698	0.307797	5.8E-01	0.32006	5.7E-01
rs299615	5	34042097	0.535425	G	A	0.843206	1	1.21067	2.7E-01	-0.0103069	0.00774101	1.7728	1.8E-01	0.810764	3.7E-01
rs4293945	5	38736142	0.597252	A	T	0.606405	0.995383	3.94334	4.7E-02	0.0129212	0.00576877	5.01691	2.5E-02	6.09419	1.4E-02
rs163112	5	54538003	0.667379	C	G	0.107056	0.994238	0.615553	4.3E-01	-0.00812524	0.00913584	0.790998	3.7E-01	1.50291	2.2E-01
rs61653333	5	55779080	0.679717	G	T	0.970413	0.977169	0.149776	7.0E-01	0.00852958	0.0167577	0.259076	6.1E-01	0.310327	5.8E-01
rs6867983	5	55854153	0.681454	C	T	0.861186	1	0.0644384	8.0E-01	-0.0029342	0.0081338	0.130135	7.2E-01	0.169633	6.8E-01
rs11749164	5	66294202	0.770672	T	G	0.726476	0.988719	0.775265	3.8E-01	-0.00563305	0.00634816	0.787393	3.7E-01	0.899791	3.4E-01
rs6878122	5	76427311	0.889556	G	A	0.318279	0.997785	0.606294	4.4E-01	0.00519573	0.00605072	0.737359	3.9E-01	0.829632	3.6E-01
rs7734060	5	101780479	1.10738	T	G	0.734786	0.995631	0.186646	6.7E-01	-0.001967	0.006404	0.0943427	7.6E-01	0.0996575	7.5E-01
rs1394631	5	118639270	1.27349	C	T	0.775173	0.988487	4.64551e-05	9.9E-01	0.000569407	0.00676383	0.00708695	9.3E-01	0.00301259	9.6E-01
rs11744058	5	118798944	1.27486	G	T	0.783774	0.998591	0.0926736	7.6E-01	-0.00111867	0.00684073	0.0267422	8.7E-01	0.172539	6.8E-01
rs3749748	5	127350549	1.37291	C	T	0.753975	0.992802	0.874813	3.5E-01	-0.00538493	0.00654869	0.676162	4.1E-01	0.761533	3.8E-01
rs4705986	5	132349654	1.39065	T	G	0.937241	0.978165	0.0545317	8.2E-01	-0.00184987	0.0117324	0.0248604	8.7E-01	0.00414017	9.5E-01
rs10463353	5	141710741	1.48273	C	T	0.640669	0.986535	0.412563	5.2E-01	-0.00472834	0.00589459	0.643444	4.2E-01	0.472895	4.9E-01
rs33999	5	141973349	1.48937	C	G	0.612065	0.9834	0.23093	6.3E-01	-0.00262014	0.00580663	0.20361	6.5E-01	0.207084	6.5E-01
rs10062458	5	156367092	1.66277	T	C	0.34782	0.985353	35.9519	2.0E-09	-0.034696	0.00591558	34.4005	4.5E-09	34.677	3.9E-09
rs12652322	5	171822666	1.88951	C	T	0.705252	0.99822	1.07759	3.0E-01	-0.00665199	0.00617952	1.15876	2.8E-01	0.839146	3.6E-01
rs2053681	5	172746086	1.91113	A	G	0.485601	0.912476	0.00342089	9.5E-01	-0.000955644	0.00590424	0.0261978	8.7E-01	0.113974	7.4E-01
rs10035782	5	173270328	1.92939	A	G	0.600665	0.984103	3.90437	4.8E-02	0.0110887	0.00578723	3.67133	5.5E-02	3.93631	4.7E-02
rs11963955	6	6631996	0.178791	A	G	0.637527	0.976944	1.57442	2.1E-01	-0.00760113	0.00592753	1.64441	2.0E-01	1.00413	3.2E-01
rs201061	6	6730512	0.181115	G	A	0.455616	0.976616	0.0896499	7.6E-01	-0.00145117	0.00570378	0.0647309	8.0E-01	0.00258094	9.6E-01
rs1334576	6	7211818	0.195986	G	A	0.5774	1	0.124098	7.2E-01	0.00230182	0.00570614	0.162727	6.9E-01	0.234915	6.3E-01
rs9382988	6	14595010	0.314722	C	A	0.204362	0.998886	0.132837	7.2E-01	-0.00074393	0.00699936	0.0112966	9.2E-01	0.00529261	9.4E-01
rs4710940	6	20658012	0.410434	A	C	0.647018	0.999463	0.650553	4.2E-01	0.00493061	0.00590066	0.698231	4.0E-01	0.851634	3.6E-01
rs3129830	6	30248711	0.50553	G	A	0.868546	0.999908	0.295556	5.9E-01	0.00361855	0.00829592	0.190256	6.6E-01	0.137608	7.1E-01
rs7772131	6	30795171	0.50714	A	C	0.988571	1	1.68445	1.9E-01	-0.0356916	0.0264732	1.81768	1.8E-01	1.5691	2.1E-01
rs6919908	6	31244960	0.511805	T	C	0.193909	0.999901	0.129058	7.2E-01	-0.0031211	0.00713638	0.191275	6.6E-01	0.38425	5.4E-01
rs181133225	6	32454764	0.520293	T	C	0.893444	0.778953	1.29919	2.5E-01	0.0103726	0.0102722	1.01964	3.1E-01	0.451538	5.0E-01
rs117108573	6	32489679	0.520303	C	T	0.921405	0.866866	1.14773	2.8E-01	0.0106595	0.0111637	0.91172	3.4E-01	0.314133	5.8E-01
rs575662827	6	32543874	0.520325	T	C	0.899303	0.833996	2.46197	1.2E-01	0.0149478	0.0101901	2.15178	1.4E-01	1.03859	3.1E-01
rs114760566	6	34192036	0.545788	C	A	0.954268	0.993831	0.713206	4.0E-01	0.0106516	0.0134995	0.622585	4.3E-01	0.243468	6.2E-01
rs1574430	6	43269029	0.669727	A	C	0.391321	0.999399	0.890082	3.5E-01	0.0054563	0.00576524	0.895699	3.4E-01	0.814023	3.7E-01
rs9381248	6	43734606	0.675407	C	T	0.87836	0.993046	6.25292e-05	9.9E-01	0.00162979	0.00864365	0.0355522	8.5E-01	0.0578106	8.1E-01
rs35349911	6	43785255	0.678849	C	T	0.409597	0.97009	0.0341958	8.5E-01	-0.00134279	0.00582029	0.0532264	8.2E-01	4.22733e-05	9.9E-01
rs72902769	6	80719576	0.920488	C	G	0.966636	0.999182	0.0209402	8.8E-01	0.00234649	0.0156954	0.022351	8.8E-01	0.0641866	8.0E-01
rs62406467	6	81114126	0.921634	G	T	0.849349	0.952286	0.141095	7.1E-01	-0.00274574	0.00805971	0.11606	7.3E-01	0.318601	5.7E-01
rs6924944	6	100597579	1.0811	A	T	0.245827	0.981159	1.81928	1.8E-01	0.00896611	0.00661411	1.83766	1.8E-01	1.1371	2.9E-01
rs2806373	6	109222017	1.18299	G	A	0.239664	0.998945	0.00284623	9.6E-01	-0.000701061	0.00658736	0.0113263	9.2E-01	0.0214582	8.8E-01
rs72969772	6	126187585	1.32503	A	G	0.980332	1	0.813474	3.7E-01	-0.0188623	0.0203237	0.86136	3.5E-01	0.541367	4.6E-01
rs9986505	6	126445558	1.32603	A	G	0.6761	0.991308	0.670894	4.1E-01	0.00481736	0.00603773	0.636607	4.2E-01	0.494833	4.8E-01
rs74949497	6	126812007	1.32699	A	C	0.97518	1	0.163139	6.9E-01	-0.0103334	0.0181909	0.322684	5.7E-01	0.245381	6.2E-01
rs139242696	6	127414440	1.32797	T	C	0.974907	0.948341	0.18274	6.7E-01	0.0108409	0.0184383	0.345694	5.6E-01	0.207523	6.5E-01
rs9385864	6	139805476	1.50274	C	T	0.6907	0.988333	0.0112886	9.2E-01	-0.00105537	0.00613387	0.0296033	8.6E-01	0.000148406	9.9E-01
rs12205386	6	139837171	1.50318	C	A	0.643666	0.9992	1.39394	2.4E-01	0.00605533	0.00588157	1.05996	3.0E-01	0.985173	3.2E-01
rs11756568	6	152042413	1.64245	A	T	0.724877	0.999168	4.35923	3.7E-02	-0.0116893	0.00631163	3.43	6.4E-02	4.22947	4.0E-02
rs998075	6	160468278	1.77084	A	G	0.53429	0.994008	32.9221	9.6E-09	0.0325735	0.00567071	32.9955	9.2E-09	33.553	6.9E-09
rs118039278	6	160985526	1.7755	G	A	0.921465	0.991329	38.3154	6.0E-10	-0.0648212	0.0105061	38.0669	6.8E-10	42.1115	8.6E-11
rs9769088	7	1029585	0.0111549	T	C	0.608739	0.988099	33.1942	8.3E-09	0.0337723	0.00579593	33.9527	5.6E-09	34.8321	3.6E-09
rs2214440	7	20372191	0.358281	A	G	0.667686	0.991786	0.0582586	8.1E-01	0.00280665	0.00600015	0.218803	6.4E-01	0.806598	3.7E-01
rs111683990	7	25729528	0.437229	C	G	0.955515	0.987881	1.06383	3.0E-01	-0.0141778	0.0137539	1.06259	3.0E-01	1.77958	1.8E-01
rs2040786	7	26208736	0.442609	G	A	0.529361	1	0.507787	4.8E-01	0.0035505	0.00563456	0.397062	5.3E-01	0.250171	6.2E-01
rs17428025	7	27251396	0.453724	C	T	0.971743	0.967404	0.109835	7.4E-01	-0.00650172	0.0172551	0.141978	7.1E-01	0.259489	6.1E-01
rs849140	7	28183702	0.463008	T	C	0.410278	1	9.85167	1.7E-03	-0.0188047	0.00574972	10.6965	1.1E-03	13.7277	2.1E-04
rs17172095	7	42665355	0.680121	A	G	0.679343	0.995026	0.622105	4.3E-01	-0.00473533	0.00603839	0.614976	4.3E-01	0.493104	4.8E-01
rs2072183	7	44579180	0.698676	G	C	0.775748	1	30.596	3.2E-08	-0.0376373	0.0067287	31.2877	2.2E-08	34.8612	3.5E-09
rs71556711	7	72854549	0.899611	C	T	0.908397	1	20.5046	5.9E-06	-0.0461168	0.00973804	22.4272	2.2E-06	21.9909	2.7E-06
rs7780317	7	72867852	0.899612	C	T	0.92793	0.985744	0.0431275	8.4E-01	-0.000935809	0.0109218	0.00734147	9.3E-01	0.0121288	9.1E-01
rs57487833	7	77115793	0.936393	G	A	0.723097	0.985735	6.14223	1.3E-02	-0.0158793	0.00632879	6.29536	1.2E-02	5.94797	1.5E-02
rs76306613	7	106235348	1.22452	G	T	0.855998	0.98895	1.10607	2.9E-01	-0.00827116	0.0080602	1.05303	3.0E-01	1.2069	2.7E-01
rs2237687	7	107585473	1.24369	C	T	0.472386	0.966594	1.57918	2.1E-01	-0.00765269	0.0057248	1.78693	1.8E-01	2.00598	1.6E-01
rs38902	7	116889718	1.32093	G	A	0.474719	0.992845	2.63163	1.0E-01	-0.00920041	0.00564962	2.65202	1.0E-01	2.41589	1.2E-01
rs12154627	7	130422934	1.4017	T	C	0.506907	0.97487	0.0917885	7.6E-01	-0.00199381	0.00568671	0.122927	7.3E-01	0.277886	6.0E-01
rs7808446	7	150214465	1.67249	T	G	0.235469	0.993612	3.50276	6.1E-02	-0.0118877	0.00664978	3.19579	7.4E-02	2.33035	1.3E-01
rs10102352	8	9206069	0.252022	A	G	0.393714	0.988241	31.9247	1.6E-08	-0.031935	0.0057844	30.4802	3.4E-08	33.835	6.0E-09
rs117026536	8	19818773	0.472625	G	T	0.900105	0.996683	33.8608	5.9E-09	-0.0530335	0.00939699	31.851	1.7E-08	32.5901	1.1E-08
rs7844736	8	23551671	0.545238	A	G	0.828827	1	0.00388427	9.5E-01	0.000370523	0.00747947	0.00245408	9.6E-01	0.066036	8.0E-01
rs11992444	8	25464690	0.565812	G	T	0.49058	1	6.02154	1.4E-02	-0.0130504	0.00561387	5.40405	2.0E-02	5.19678	2.3E-02
rs7815496	8	38321607	0.69461	C	T	0.597431	0.996532	1.71162	1.9E-01	-0.00819711	0.00573193	2.04512	1.5E-01	1.52738	2.2E-01
rs12543555	8	69562014	0.90375	A	G	0.792127	0.98465	0.916122	3.4E-01	-0.00787805	0.00696695	1.27865	2.6E-01	2.00556	1.6E-01
rs28568866	8	72353630	0.949663	G	A	0.969859	0.939217	0.158811	6.9E-01	-0.00826647	0.0169909	0.236705	6.3E-01	0.3551	5.5E-01
rs146492163	8	72386394	0.950025	G	T	0.96946	0.960969	0.75577	3.8E-01	0.0136028	0.0167042	0.663145	4.2E-01	0.944795	3.3E-01
rs1895674	8	72443246	0.950276	T	G	0.946831	0.990629	0.320437	5.7E-01	-0.00859926	0.0125596	0.468782	4.9E-01	0.556075	4.6E-01
rs4147332	8	89280863	1.08332	G	C	0.323111	0.995784	8.10927	4.4E-03	0.0170962	0.00602078	8.06295	4.5E-03	7.79449	5.2E-03
rs144435165	8	126419938	1.45107	G	C	0.944194	0.785853	0.741714	3.9E-01	-0.0158459	0.0138016	1.31818	2.5E-01	1.37248	2.4E-01
rs2954018	8	126477153	1.45319	C	T	0.298303	0.998357	7.08475	7.8E-03	0.0160975	0.00615284	6.84489	8.9E-03	7.64206	5.7E-03
rs6991761	8	128274518	1.48941	C	T	0.844226	0.993607	0.0166571	9.0E-01	-0.00015158	0.00776659	0.000380913	9.8E-01	0.0325549	8.6E-01
rs2467030	8	135665361	1.60637	A	G	0.339711	0.997044	0.240728	6.2E-01	0.00185966	0.00596287	0.0972655	7.6E-01	0.00871263	9.3E-01
rs12340775	9	13226945	0.282033	G	A	0.944664	0.940298	2.32655	1.3E-01	0.0205961	0.0126713	2.64198	1.0E-01	4.07545	4.4E-02
rs73650963	9	93943033	1.11642	T	C	0.892489	0.990174	0.584788	4.4E-01	0.00774781	0.00908541	0.727225	3.9E-01	0.944906	3.3E-01
rs2131919	9	95283887	1.12689	A	G	0.83667	0.999136	0.202174	6.5E-01	0.00328626	0.00763446	0.185288	6.7E-01	0.0549008	8.1E-01
rs1572136	9	101740604	1.18729	G	C	0.724977	0.989514	0.906087	3.4E-01	0.00601801	0.00634197	0.900445	3.4E-01	1.4848	2.2E-01
rs12686004	9	107653426	1.24316	G	A	0.884341	1	9.20496	2.4E-03	0.0278677	0.0087935	10.0433	1.5E-03	10.4979	1.2E-03
rs10991414	9	107685589	1.24582	T	C	0.861068	0.989408	0.625495	4.3E-01	0.00642336	0.00819734	0.614016	4.3E-01	0.263277	6.1E-01
rs111479443	9	107874316	1.24936	T	G	0.963776	0.9746	7.33333	6.8E-03	0.0421698	0.0152619	7.6346	5.7E-03	6.83723	8.9E-03
rs7048735	9	112529695	1.31375	A	G	0.239526	0.976202	1.02914	3.1E-01	0.00515095	0.00666851	0.596646	4.4E-01	0.836432	3.6E-01
rs1002607	9	113858933	1.33848	T	C	0.40707	0.988428	3.14043	7.6E-02	-0.0102403	0.00576988	3.14984	7.6E-02	3.87024	4.9E-02
rs13298297	9	119264108	1.4204	G	A	0.769275	0.989359	1.32525	2.5E-01	-0.00744689	0.00673427	1.22284	2.7E-01	0.912262	3.4E-01
rs6478851	9	131561110	1.55426	G	A	0.758733	1	0.0110018	9.2E-01	-0.000663241	0.00658919	0.0101316	9.2E-01	0.192385	6.6E-01
rs687621	9	136137065	1.66206	A	G	0.681622	1	51.0525	9.0E-13	-0.0425011	0.00603947	49.5225	2.0E-12	50.9213	9.6E-13
rs60980157	9	139235415	1.78278	C	T	0.757489	0.966704	0.241379	6.2E-01	-0.00240443	0.00665684	0.130463	7.2E-01	0.314299	5.8E-01
rs7072195	10	3540748	0.0738836	T	C	0.417524	0.993244	0.204443	6.5E-01	-0.00199321	0.00572576	0.121182	7.3E-01	0.456513	5.0E-01
rs11592754	10	32619572	0.605452	A	C	0.856559	0.998356	0.540943	4.6E-01	0.00556603	0.00802559	0.480991	4.9E-01	1.04376	3.1E-01
rs2247396	10	33489192	0.60946	G	A	0.603662	0.99818	0.364468	5.5E-01	0.00286664	0.00573512	0.249839	6.2E-01	0.345306	5.6E-01
rs4341488	10	60452745	0.822202	G	A	0.188405	0.998867	0.382383	5.4E-01	-0.00447547	0.00719076	0.387372	5.3E-01	0.291536	5.9E-01
rs17287962	10	63770969	0.858439	A	G	0.970068	0.979005	0.04146	8.4E-01	0.00311616	0.0166777	0.0349112	8.5E-01	0.211177	6.5E-01
rs1935	10	64927823	0.871092	C	G	0.526033	1	30.8799	2.7E-08	-0.0307879	0.00562951	29.9102	4.5E-08	34.5776	4.1E-09
rs10762666	10	77157489	1.00522	A	G	0.241989	0.984822	2.79794	9.4E-02	-0.0108936	0.00659191	2.73097	9.8E-02	1.83243	1.8E-01
rs10887758	10	89603315	1.15934	T	C	0.784607	0.990793	0.501984	4.8E-01	0.00369581	0.00688793	0.287899	5.9E-01	0.261043	6.1E-01
rs141490680	10	95280981	1.22085	G	A	0.866803	0.998279	2.84523	9.2E-02	0.0145689	0.00827452	3.10006	7.8E-02	3.06681	8.0E-02
rs7342070	10	104223628	1.30538	T	C	0.455127	1	4.13485	4.2E-02	0.0114709	0.00564495	4.12927	4.2E-02	5.50203	1.9E-02
rs1129555	10	113910721	1.38375	A	G	0.276672	0.998104	40.0142	2.5E-10	0.0386657	0.00629807	37.691	8.3E-10	36.1134	1.9E-09
rs7104929	11	784340	0.0108006	C	G	0.530558	0.997422	0.746799	3.9E-01	0.00542401	0.00565521	0.919906	3.4E-01	0.793723	3.7E-01
rs7932891	11	10921512	0.210707	A	G	0.294517	0.99931	4.34662	3.7E-02	-0.0113804	0.00616319	3.40962	6.5E-02	4.80308	2.8E-02
rs11607537	11	14224166	0.277204	C	T	0.941072	0.981717	3.05344	8.1E-02	-0.0200194	0.0120581	2.75642	9.7E-02	2.52621	1.1E-01
rs79634051	11	14561945	0.278112	G	C	0.97174	1	0.067535	7.9E-01	-0.00586276	0.0169123	0.12017	7.3E-01	0.0784654	7.8E-01
rs3114693	11	26127790	0.452397	A	T	0.617593	0.997848	0.00827531	9.3E-01	-0.000214148	0.00579286	0.00136661	9.7E-01	0.0269255	8.7E-01
rs56386213	11	36291554	0.562467	A	G	0.595018	1	1.14316	2.8E-01	-0.00602797	0.00569513	1.1203	2.9E-01	1.49583	2.2E-01
rs10792318	11	61531443	0.703376	A	G	0.749747	1	39.4155	3.4E-10	0.0411717	0.00650516	40.0572	2.5E-10	46.4963	9.2E-12
rs74771917	11	61627960	0.704422	C	T	0.97801	0.993773	31.7178	1.8E-08	0.105786	0.0191594	30.4853	3.4E-08	29.6046	5.3E-08
rs4297487	11	69229628	0.763225	A	G	0.324796	0.994186	0.219131	6.4E-01	0.00270589	0.0060207	0.201989	6.5E-01	0.0402851	8.4E-01
rs28690953	11	111384426	1.18701	T	G	0.852988	1	0.0813776	7.8E-01	-0.00266725	0.00794665	0.112657	7.4E-01	0.161313	6.9E-01
rs747249	11	130271647	1.49781	A	G	0.360849	0.986641	2.69871	1.0E-01	-0.00955269	0.00589875	2.6226	1.1E-01	4.0399	4.4E-02
rs11045172	12	20470221	0.37098	A	C	0.802205	0.989276	1.67348	2.0E-01	-0.00898159	0.00709904	1.60069	2.1E-01	1.94406	1.6E-01
rs7977928	12	26265632	0.457285	G	A	0.408615	1	0.0245122	8.8E-01	-0.00114732	0.00570961	0.040379	8.4E-01	0.0439025	8.3E-01
rs2343874	12	26409450	0.459085	G	A	0.53283	0.98214	4.52472	3.3E-02	0.0130845	0.00568311	5.30081	2.1E-02	5.64211	1.8E-02
rs16931815	12	27427917	0.469712	A	G	0.872673	0.996695	0.0978227	7.5E-01	-0.00195213	0.00846865	0.053136	8.2E-01	0.245818	6.2E-01
rs7310959	12	45968598	0.59006	G	A	0.897555	1	0.433649	5.1E-01	0.00611594	0.00929486	0.432953	5.1E-01	0.190344	6.6E-01
rs75824359	12	54320490	0.68262	A	G	0.970266	0.973341	0.153864	6.9E-01	-0.00726585	0.0167789	0.18752	6.6E-01	0.241997	6.2E-01
rs10878362	12	66417493	0.793832	C	A	0.687723	0.991565	1.18951	2.8E-01	-0.00768296	0.00607989	1.59686	2.1E-01	1.80034	1.8E-01
rs10745659	12	94092690	1.0816	C	G	0.553308	0.994516	0.214496	6.4E-01	0.00232606	0.00569133	0.167038	6.8E-01	0.00444995	9.5E-01
rs10778495	12	106991545	1.2616	A	G	0.720919	0.990603	0.978997	3.2E-01	-0.00554149	0.00627708	0.779359	3.8E-01	0.3016	5.8E-01
rs2649999	12	121380544	1.45376	T	C	0.330394	0.973048	39.03	4.2E-10	0.0373057	0.00607319	37.7326	8.1E-10	41.486	1.2E-10
rs12366339	12	122854616	1.46723	G	A	0.9894	0.907552	0.000103297	9.9E-01	-0.00176604	0.0288709	0.00374179	9.5E-01	0.0586813	8.1E-01
rs140689322	12	123375732	1.4703	G	A	0.973654	0.966101	3.86355	4.9E-02	-0.031922	0.017861	3.19425	7.4E-02	4.01229	4.5E-02
rs7993238	13	22473593	0.0544542	A	C	0.631395	0.976757	0.905985	3.4E-01	0.00591577	0.00590998	1.00196	3.2E-01	1.14889	2.8E-01
rs10507524	13	44684600	0.468128	T	C	0.907237	0.994143	1.14069	2.9E-01	-0.00971578	0.00975242	0.9925	3.2E-01	1.07284	3.0E-01
rs12872335	13	50442235	0.536587	G	A	0.792188	0.994746	1.48029	2.2E-01	-0.00818367	0.00695713	1.38368	2.4E-01	1.03936	3.1E-01
rs61964388	13	51061980	0.539297	G	A	0.904117	0.961186	0.481957	4.9E-01	-0.00836521	0.00973292	0.738698	3.9E-01	0.791443	3.7E-01
rs627527	13	110915135	1.21483	G	A	0.418925	0.983958	0.142823	7.1E-01	0.00192347	0.00574417	0.112128	7.4E-01	0.0189847	8.9E-01
rs1057119	14	23746269	0.116581	C	G	0.76153	1	0.0498561	8.2E-01	0.000775564	0.00657743	0.0139035	9.1E-01	0.0672767	8.0E-01
rs140664623	14	52321987	0.459221	G	T	0.976323	0.975931	0.270453	6.0E-01	-0.00883842	0.0186634	0.224268	6.4E-01	0.626772	4.3E-01
rs2145600	14	58750902	0.537897	C	G	0.237608	0.992449	0.00395878	9.5E-01	-0.00137496	0.00662237	0.0431076	8.4E-01	0.0409429	8.4E-01
rs6575165	14	91352234	0.881721	G	A	0.76556	0.994744	0.428307	5.1E-01	0.00494465	0.00664631	0.553489	4.6E-01	0.932299	3.3E-01
rs10130936	14	98342676	1.02712	C	T	0.37676	0.985923	3.8054	5.1E-02	0.0112058	0.00585152	3.6673	5.5E-02	3.29278	7.0E-02
rs4779523	15	31679470	0.452779	T	A	0.728098	0.995337	0.115294	7.3E-01	0.00199938	0.00635195	0.099078	7.5E-01	0.0353777	8.5E-01
rs28647196	15	40833379	0.629227	C	T	0.564205	0.997093	2.4577	1.2E-01	0.00805297	0.00569361	2.0005	1.6E-01	2.8359	9.2E-02
rs11630710	15	56364758	0.756318	G	T	0.893172	0.979091	0.506539	4.8E-01	-0.00565711	0.00923092	0.375578	5.4E-01	0.430537	5.1E-01
rs17184382	15	63792486	0.876626	A	C	0.574619	1	0.213436	6.4E-01	-0.00160313	0.00569238	0.0793136	7.8E-01	0.212729	6.4E-01
rs2165241	15	74222202	0.994735	T	C	0.491224	0.994517	2.45023	1.2E-01	-0.00920315	0.00562261	2.67915	1.0E-01	1.11604	2.9E-01
rs12905116	15	79042734	1.02295	T	A	0.242831	0.998559	0.567632	4.5E-01	-0.00507408	0.00653681	0.602536	4.4E-01	0.590088	4.4E-01
rs2401948	16	1340854	0.0338191	G	C	0.470436	0.984992	0.00350199	9.5E-01	0.000250554	0.00567602	0.00194857	9.6E-01	0.0682044	7.9E-01
rs3747577	16	4415696	0.082586	C	G	0.259467	0.988145	0.549776	4.6E-01	-0.0044405	0.00645954	0.472565	4.9E-01	0.451158	5.0E-01
rs6498114	16	10964118	0.259065	G	T	0.240585	0.980902	0.33395	5.6E-01	-0.00387686	0.00664862	0.340014	5.6E-01	0.527311	4.7E-01
rs2192868	16	53428284	0.643286	G	A	0.551203	0.983829	0.235587	6.3E-01	-0.00359394	0.00570773	0.396474	5.3E-01	0.299027	5.8E-01
rs116975210	16	67058614	0.849502	T	G	0.960603	0.993544	0.301886	5.8E-01	-0.00870979	0.0145046	0.360581	5.5E-01	0.388331	5.3E-01
rs2056876	16	78864296	0.975993	T	G	0.815684	0.95437	0.233252	6.3E-01	0.00368854	0.00741065	0.247741	6.2E-01	0.102331	7.5E-01
rs9926618	16	81484570	1.04509	T	A	0.39429	0.97289	0.867483	3.5E-01	-0.00615374	0.00583415	1.11256	2.9E-01	1.35989	2.4E-01
rs66710707	16	81528621	1.0457	A	G	0.719577	0.992374	2.27124	1.3E-01	-0.00942556	0.00628335	2.25026	1.3E-01	2.19349	1.4E-01
rs116911572	17	943593	0.0364958	T	C	0.982069	1	1.72291	1.9E-01	-0.0288407	0.0212311	1.8453	1.7E-01	1.63987	2.0E-01
rs4151120	17	7342148	0.196018	T	A	0.629178	0.991461	3.30697	6.9E-02	0.0106448	0.00585073	3.31023	6.9E-02	2.82639	9.3E-02
rs1561	17	8263334	0.209036	C	T	0.928268	0.930811	0.654852	4.2E-01	-0.00995543	0.0112787	0.779112	3.8E-01	0.89736	3.4E-01
rs1242488	17	17347995	0.443205	C	A	0.250473	0.994678	3.02275	8.2E-02	-0.010421	0.00649291	2.57595	1.1E-01	2.66755	1.0E-01
rs897456	17	17422608	0.444631	A	G	0.942018	1	0.568268	4.5E-01	0.00805728	0.0120533	0.446856	5.0E-01	0.456383	5.0E-01
rs11651639	17	27672320	0.49569	A	T	0.483934	0.999433	0.0738981	7.9E-01	0.00165636	0.00562662	0.0866591	7.7E-01	0.0532391	8.2E-01
rs55883500	17	40395267	0.664304	T	G	0.691334	0.998762	0.000863403	9.8E-01	-0.000828413	0.00608788	0.0185166	8.9E-01	0.0256865	8.7E-01
rs2242461	17	40861424	0.665935	G	A	0.405713	1	1.99311	1.6E-01	-0.00804301	0.0057265	1.97269	1.6E-01	2.51447	1.1E-01
rs62053943	17	43744203	0.688226	C	T	0.845555	0.975028	0.0188282	8.9E-01	0.000906545	0.00789622	0.0131807	9.1E-01	0.0210469	8.8E-01
rs6504972	17	53601168	0.790946	G	A	0.654059	0.990391	0.50551	4.8E-01	-0.00411816	0.00596239	0.477052	4.9E-01	0.420437	5.2E-01
rs9892365	17	59491384	0.871045	A	G	0.330387	0.996856	0.108974	7.4E-01	0.00281502	0.00598842	0.220972	6.4E-01	0.338488	5.6E-01
rs146385050	17	60637258	0.881108	C	A	0.819308	0.982238	1.08765	3.0E-01	0.00802735	0.00736909	1.18663	2.8E-01	0.640535	4.2E-01
rs1966327	17	67570113	0.971768	A	G	0.320402	0.997202	0.964501	3.3E-01	-0.00549166	0.0060291	0.829664	3.6E-01	0.688716	4.1E-01
rs9896666	17	68226321	0.98162	C	T	0.675868	0.994992	0.324256	5.7E-01	0.00302673	0.00601866	0.2529	6.2E-01	0.515104	4.7E-01
rs3810068	18	2846499	0.0738566	T	C	0.595452	1	2.30944	1.3E-01	0.00699868	0.00571658	1.49886	2.2E-01	1.57592	2.1E-01
rs4800451	18	20716805	0.429195	C	T	0.259966	0.984274	0.761608	3.8E-01	0.00479733	0.00647326	0.549229	4.6E-01	0.381784	5.4E-01
rs1026186	18	42741410	0.625015	G	A	0.64681	0.995626	0.419334	5.2E-01	0.00321328	0.00589707	0.296909	5.9E-01	0.380354	5.4E-01
rs8086644	18	60788559	0.864537	G	A	0.834201	0.988925	0.081874	7.7E-01	-0.00403411	0.00759512	0.282115	6.0E-01	0.230445	6.3E-01
rs12979965	19	2131148	0.0753026	A	G	0.499935	0.991113	0.389585	5.3E-01	0.00461531	0.00563356	0.671175	4.1E-01	0.864296	3.5E-01
rs10421685	19	4488926	0.151356	G	A	0.311293	0.998169	4.9297	2.6E-02	0.0126226	0.00607309	4.31993	3.8E-02	3.99247	4.6E-02
rs10421685	19	4488926	0.151356	G	C	0.973386	0.548756	0.0144062	9.0E-01	-0.002881	0.0235254	0.0149972	9.0E-01	0.00429567	9.5E-01
rs35555265	19	17152232	0.420672	C	T	0.803227	0.993265	0.00240562	9.6E-01	0.00126218	0.00707266	0.0318475	8.6E-01	0.0238968	8.8E-01
rs72999466	19	18248499	0.447893	C	T	0.742123	0.99893	0.0377128	8.5E-01	-0.000820912	0.00641411	0.0163802	9.0E-01	0.00162466	9.7E-01
rs1423056	19	33780444	0.560699	G	A	0.681795	0.903762	0.162143	6.9E-01	0.00229662	0.00634838	0.130874	7.2E-01	0.0119543	9.1E-01
rs113504807	19	33787954	0.561506	C	T	0.951238	0.934153	0.839751	3.6E-01	-0.0141078	0.0134579	1.09893	2.9E-01	0.995108	3.2E-01
rs11672697	19	33876955	0.562267	C	T	0.494053	0.99299	0.559485	4.5E-01	0.00467783	0.00563795	0.688409	4.1E-01	0.567027	4.5E-01
rs62116588	19	44446097	0.68736	C	G	0.976805	0.933368	41.5377	1.2E-10	0.123737	0.0193361	40.9508	1.6E-10	44.1439	3.1E-11
rs74747585	19	45039971	0.694152	T	C	0.974322	0.945812	48.5357	3.2E-12	0.126896	0.0181797	48.7218	2.9E-12	51.4572	7.3E-13
rs73048351	19	45160086	0.697689	C	A	0.989712	0.91554	69.448	7.8E-17	0.251725	0.0291511	74.5665	5.9E-18	73.0377	1.3E-17
rs139326841	19	45269725	0.701551	T	C	0.978636	0.821408	42.0969	8.7E-11	-0.13668	0.0213622	40.9373	1.6E-10	43.8209	3.6E-11
rs3745150	19	45385759	0.706836	G	C	0.607337	0.977556	76.4701	2.2E-18	-0.0503677	0.00582822	74.6848	5.5E-18	75.6859	3.3E-18
rs146390218	19	45478352	0.709104	A	G	0.973731	0.966351	176.95	2.2E-40	0.239907	0.0178539	180.559	3.7E-41	189.661	3.8E-43
rs141651018	19	46042665	0.717068	C	T	0.969731	0.964852	55.3619	1.0E-13	0.126261	0.0166778	57.3138	3.7E-14	60.2889	8.2E-15
rs151235402	20	569164	0.0196907	C	T	0.984757	0.956324	3.84769	5.0E-02	0.0485937	0.0236094	4.23634	4.0E-02	4.20917	4.0E-02
rs805769	20	5667459	0.191037	T	C	0.595306	0.99253	0.359431	5.5E-01	0.00351933	0.00575266	0.374268	5.4E-01	0.0966481	7.6E-01
rs6117303	20	6487687	0.213838	T	C	0.34849	0.989053	2.93874	8.6E-02	0.0112501	0.00593035	3.59875	5.8E-02	3.72992	5.3E-02
rs146411982	20	38985760	0.586515	A	G	0.97517	0.885893	14.7429	1.2E-04	-0.0752484	0.0191717	15.4054	8.7E-05	14.1966	1.6E-04
rs1997833	20	39690342	0.597551	T	C	0.700507	0.998963	5.23688	2.2E-02	-0.0146611	0.00611918	5.74046	1.7E-02	6.76487	9.3E-03
rs11699991	20	45489407	0.689702	T	A	0.670387	0.988835	0.768861	3.8E-01	0.00709998	0.00601004	1.3956	2.4E-01	1.9267	1.7E-01
rs6068280	20	51235613	0.791961	A	G	0.324841	0.992237	2.70521	1.0E-01	0.0106738	0.00599622	3.1687	7.5E-02	3.43147	6.4E-02
rs6013572	20	51553621	0.798111	T	C	0.936054	1	0.670121	4.1E-01	0.00816916	0.0115567	0.499677	4.8E-01	0.768324	3.8E-01
rs1936966	20	51691779	0.801626	C	T	0.672454	0.982215	1.63142	2.0E-01	-0.00793217	0.00608194	1.70098	1.9E-01	1.30382	2.5E-01
rs2105063	20	62690683	1.09651	C	T	0.438811	1	0.813337	3.7E-01	0.00501427	0.00567584	0.780465	3.8E-01	0.700246	4.0E-01
rs4998557	21	33034892	0.322704	G	A	0.887631	0.995909	0.188993	6.6E-01	-0.00187437	0.00893455	0.0440115	8.3E-01	0.199759	6.5E-01
rs2836139	21	39451403	0.432375	A	G	0.514897	0.9942	1.68649	1.9E-01	0.00672772	0.0056673	1.40923	2.4E-01	1.65794	2.0E-01
rs2330396	21	47524380	0.643685	A	C	0.492654	0.996498	3.38396	6.6E-02	-0.00999667	0.00561826	3.16597	7.5E-02	2.81259	9.4E-02
rs2236142	22	29137944	0.338659	G	C	0.32476	0.994367	0.676489	4.1E-01	-0.00423425	0.00601467	0.495599	4.8E-01	0.394045	5.3E-01
rs5997898	22	31572963	0.355537	A	C	0.421356	0.998342	0.00260409	9.6E-01	0.000351007	0.00570211	0.00378931	9.5E-01	0.00271799	9.6E-01
