rs10909862	1	2936815	0.0400559	G	A	0.1928	0.987988	4.28991	3.8E-02	0.0145898	0.00716579	4.14544	4.2E-02	3.64367	5.6E-02
rs1294014	1	9325676	0.18921	C	T	0.732088	0.974098	4.68723	3.0E-02	-0.0142523	0.00644188	4.89493	2.7E-02	5.425	2.0E-02
rs10753554	1	23619009	0.461644	T	C	0.260317	0.989627	2.9401	8.6E-02	-0.0115435	0.00643569	3.21723	7.3E-02	3.10437	7.8E-02
rs12117661	1	55487346	0.808955	C	G	0.755046	0.987273	64.8857	7.9E-16	0.0542944	0.00658987	67.8824	1.7E-16	69.9093	6.2E-17
rs624698	1	62900811	0.92277	A	G	0.58261	0.969721	40.171	2.3E-10	0.0376101	0.00577581	42.4016	7.4E-11	47.7346	4.9E-12
rs10889551	1	65906137	0.967654	A	G	0.326867	0.995997	0.599677	4.4E-01	0.00475176	0.00600925	0.62527	4.3E-01	1.31128	2.5E-01
rs71658797	1	77967507	1.07336	T	A	0.879141	0.99054	2.44148	1.2E-01	0.0119014	0.00864136	1.89684	1.7E-01	0.886164	3.5E-01
rs1415361	1	103562263	1.33102	C	T	0.402104	0.995554	2.56008	1.1E-01	-0.00872081	0.00574348	2.30549	1.3E-01	3.2672	7.1E-02
rs116679284	1	119014845	1.50751	C	T	0.963654	0.948411	0.568944	4.5E-01	-0.00983035	0.0154264	0.406078	5.2E-01	0.429083	5.1E-01
rs1766783	1	119434896	1.50931	A	C	0.181268	0.981355	0.0088779	9.2E-01	5.21658e-05	0.00735179	5.03483e-05	9.9E-01	0.0412967	8.4E-01
rs3738479	1	150997842	1.65945	T	A	0.765906	0.995486	3.4434	6.4E-02	-0.0130688	0.00665258	3.85912	4.9E-02	3.49616	6.2E-02
rs79810698	1	154836444	1.69767	C	A	0.95565	1	1.09197	3.0E-01	0.0128729	0.0136486	0.889567	3.5E-01	0.826297	3.6E-01
rs10494421	1	164738727	1.83743	C	T	0.880829	1	0.715123	4.0E-01	-0.00770992	0.00867198	0.790429	3.7E-01	0.263284	6.1E-01
rs3121911	1	170212480	1.91705	G	A	0.744389	0.993907	0.254417	6.1E-01	0.00235187	0.00642489	0.133996	7.1E-01	0.122984	7.3E-01
rs17346300	1	170510459	1.91857	C	T	0.950626	1	0.310031	5.8E-01	-0.00383207	0.0129967	0.0869363	7.7E-01	0.00857304	9.3E-01
rs6697844	1	172308238	1.93873	C	T	0.56798	0.996349	1.71478	1.9E-01	-0.00845033	0.005656	2.23218	1.4E-01	2.44445	1.2E-01
rs10922075	1	196467248	2.1432	G	A	0.687963	0.997066	3.42833	6.4E-02	0.0109135	0.00606582	3.23705	7.2E-02	3.61395	5.7E-02
rs13303121	1	203503267	2.22276	C	G	0.607356	0.947347	0.890638	3.5E-01	0.00520363	0.00589255	0.779842	3.8E-01	0.636015	4.3E-01
rs4951159	1	205012106	2.25304	G	C	0.0908836	0.967	0.961294	3.3E-01	-0.00957062	0.00993778	0.927473	3.4E-01	0.620889	4.3E-01
rs61821643	1	219268532	2.43532	T	C	0.974378	0.889659	0.672286	4.1E-01	0.0135747	0.0188207	0.520222	4.7E-01	0.444766	5.0E-01
rs77278027	1	219392230	2.43543	C	T	0.93823	0.976746	0.659766	4.2E-01	-0.00987434	0.0118111	0.698932	4.0E-01	0.445541	5.0E-01
rs12740837	1	219623230	2.43692	G	A	0.983204	0.959021	2.5037	1.1E-01	-0.0363871	0.0222616	2.67166	1.0E-01	3.04814	8.1E-02
rs661955	1	234842856	2.62186	G	C	0.481801	0.978806	39.2871	3.7E-10	-0.0349195	0.00567775	37.8253	7.7E-10	42.0635	8.8E-11
rs711869	2	13073967	0.297329	G	A	0.443249	0.983109	0.462326	5.0E-01	-0.00281469	0.00570337	0.243556	6.2E-01	0.0447865	8.3E-01
rs10198175	2	21133883	0.419577	A	G	0.109915	0.966983	41.7355	1.0E-10	0.0603542	0.00912339	43.7626	3.7E-11	43.5035	4.2E-11
rs4665972	2	27598097	0.473423	T	C	0.393862	0.987959	50.4825	1.2E-12	0.0399881	0.00578552	47.7724	4.8E-12	49.422	2.1E-12
rs7933	2	43452183	0.682402	A	G	0.634849	0.981779	2.14087	1.4E-01	-0.00761004	0.00588107	1.67441	2.0E-01	1.23316	2.7E-01
rs56266464	2	44054991	0.686489	G	A	0.939556	0.986548	66.7573	3.1E-16	0.0995038	0.0118855	70.0882	5.7E-17	69.9015	6.2E-17
rs36072157	2	48953740	0.765134	G	C	0.658175	0.956087	2.69143	1.0E-01	-0.00985503	0.00604781	2.65534	1.0E-01	2.58796	1.1E-01
rs4953627	2	48990167	0.765401	C	T	0.77524	0.975089	1.24894	2.6E-01	0.00791721	0.00683481	1.34181	2.5E-01	1.76226	1.8E-01
rs1877026	2	63072208	0.885693	A	G	0.152553	0.992931	30.597	3.2E-08	0.0433916	0.0078242	30.756	2.9E-08	33.1439	8.6E-09
rs12713567	2	66729420	0.924256	A	G	0.428176	0.981664	2.27152	1.3E-01	0.00867063	0.00572618	2.29282	1.3E-01	3.02303	8.2E-02
rs12712049	2	100208830	1.21955	A	G	0.176674	0.985519	0.0013409	9.7E-01	-0.00119774	0.00740767	0.0261436	8.7E-01	0.00296826	9.6E-01
rs72946301	2	111861838	1.33125	G	A	0.903863	0.964859	2.24889	1.3E-01	-0.0160837	0.0097072	2.74525	9.8E-02	2.18114	1.4E-01
rs1053413	2	114471921	1.35945	A	G	0.784744	0.998156	4.55901	3.3E-02	-0.0148601	0.006858	4.69515	3.0E-02	5.01466	2.5E-02
rs7593247	2	119337589	1.3956	C	T	0.503784	0.990163	0.108431	7.4E-01	0.00180449	0.00564337	0.102242	7.5E-01	0.174727	6.8E-01
rs78876301	2	158234589	1.75901	A	C	0.987195	0.782415	0.465926	4.9E-01	-0.0221737	0.0282749	0.614998	4.3E-01	0.83522	3.6E-01
rs77928329	2	158413902	1.76308	G	A	0.94544	0.998218	8.1096	4.4E-03	0.0357956	0.0123341	8.42263	3.7E-03	7.94052	4.8E-03
rs1402698	2	165424575	1.81281	G	A	0.368889	0.988943	3.55407	5.9E-02	-0.011116	0.00586624	3.59066	5.8E-02	3.08948	7.9E-02
rs3769877	2	165569779	1.81517	G	A	0.125673	1	0.30571	5.8E-01	0.00484929	0.00847988	0.327022	5.7E-01	0.254283	6.1E-01
rs72882321	2	172298662	1.8972	C	T	0.821415	0.98752	2.9406	8.6E-02	0.0107292	0.00738613	2.1101	1.5E-01	1.06987	3.0E-01
rs62173497	2	187821910	2.04064	C	A	0.889372	0.96522	0.305741	5.8E-01	-0.00547649	0.00910265	0.361966	5.5E-01	0.392217	5.3E-01
rs61613340	2	191746748	2.0603	G	T	0.922172	0.993102	3.82441	5.1E-02	-0.0188114	0.0105198	3.19764	7.4E-02	2.88653	8.9E-02
rs1250248	2	216287093	2.28549	A	G	0.271958	0.996374	1.90289	1.7E-01	-0.009431	0.00633072	2.21926	1.4E-01	2.37755	1.2E-01
rs2373074	2	218381350	2.32413	C	T	0.903229	0.998908	0.00213305	9.6E-01	0.00131549	0.00951492	0.0191145	8.9E-01	0.00110813	9.7E-01
rs62182126	2	219279230	2.33765	G	A	0.901349	1	0.143895	7.0E-01	-0.00275141	0.00942223	0.0852711	7.7E-01	0.00961457	9.2E-01
rs6760762	2	226866226	2.44112	C	T	0.776249	0.976874	1.68323	1.9E-01	-0.00884919	0.0068273	1.68	1.9E-01	1.43067	2.3E-01
rs305506	3	12026709	0.296805	G	T	0.113563	0.992655	2.72751	9.9E-02	0.0155351	0.00890328	3.04457	8.1E-02	3.88076	4.9E-02
rs114252958	3	12409938	0.29797	C	T	0.982978	0.956617	0.221461	6.4E-01	0.00796	0.0223085	0.127316	7.2E-01	0.115289	7.3E-01
rs10490869	3	35635145	0.595764	A	T	0.789478	0.990849	0.298336	5.8E-01	-0.00277639	0.00690103	0.161858	6.9E-01	0.375696	5.4E-01
rs6771508	3	43718462	0.664863	A	C	0.974946	0.998741	2.70229	1.0E-01	0.0292077	0.0179895	2.63606	1.0E-01	2.25329	1.3E-01
rs4683294	3	46979013	0.687679	G	C	0.321605	0.960868	0.212291	6.4E-01	0.00333672	0.00612882	0.296405	5.9E-01	0.196811	6.6E-01
rs4858828	3	48724811	0.68972	C	T	0.349101	0.999091	3.20009	7.4E-02	0.00963204	0.00587413	2.68874	1.0E-01	2.6321	1.0E-01
rs352156	3	52214610	0.694887	C	T	0.955078	0.904333	3.98019	4.6E-02	0.0262803	0.0141377	3.45544	6.3E-02	4.19576	4.1E-02
rs7643235	3	53227428	0.699142	T	C	0.4136	0.989215	0.0949941	7.6E-01	-0.00146483	0.00570631	0.0658969	8.0E-01	0.105238	7.5E-01
rs11718560	3	64584862	0.868956	C	T	0.731847	0.985124	1.28901	2.6E-01	-0.00743723	0.00638323	1.35751	2.4E-01	1.23133	2.7E-01
rs4688498	3	64674599	0.871028	C	T	0.669682	0.985151	4.09963	4.3E-02	-0.0120552	0.00601985	4.01028	4.5E-02	4.65435	3.1E-02
rs997274	3	78704821	1.06722	T	C	0.748705	0.994327	0.600704	4.4E-01	0.00391254	0.00651129	0.361064	5.5E-01	0.661672	4.2E-01
rs1877569	3	99224544	1.12953	G	A	0.816212	0.993173	0.0153861	9.0E-01	-0.00146295	0.007258	0.0406277	8.4E-01	0.248183	6.2E-01
rs9875732	3	107461731	1.19696	T	C	0.623037	0.99667	3.37774	6.6E-02	-0.0111178	0.0058091	3.66288	5.6E-02	3.5515	5.9E-02
rs1000368	3	123117165	1.35684	C	T	0.748381	0.996692	0.537476	4.6E-01	-0.00397352	0.00647976	0.376041	5.4E-01	0.644793	4.2E-01
rs113771682	3	129112166	1.4255	C	T	0.937375	0.999072	0.206883	6.5E-01	-0.00432443	0.0116313	0.138231	7.1E-01	0.239138	6.2E-01
rs7647218	3	129125231	1.42558	C	A	0.901341	0.999167	1.59096	2.1E-01	-0.0133275	0.00944604	1.99067	1.6E-01	2.48028	1.2E-01
rs75212171	3	129323322	1.42649	T	C	0.983129	1	0.383945	5.4E-01	0.0165054	0.0218099	0.572727	4.5E-01	0.912717	3.4E-01
rs112551697	3	150018637	1.64271	G	A	0.96554	0.928479	0.18375	6.7E-01	-0.00445491	0.0159367	0.0781411	7.8E-01	0.232234	6.3E-01
rs11720805	3	156800360	1.71236	A	G	0.330979	0.970132	0.0489608	8.2E-01	-0.00125955	0.00606555	0.0431208	8.4E-01	0.0741394	7.9E-01
rs1488111	3	168951612	1.77942	C	T	0.517315	0.996852	0.00888522	9.2E-01	0.00151949	0.00561998	0.0731016	7.9E-01	0.13306	7.2E-01
rs1499813	3	171760427	1.8208	T	C	0.587431	1	1.37528	2.4E-01	-0.00728335	0.00573317	1.61388	2.0E-01	2.3854	1.2E-01
rs13092876	3	185495320	2.01656	G	A	0.686729	0.994835	0.263118	6.1E-01	-0.00331772	0.00607273	0.298478	5.8E-01	0.252177	6.2E-01
rs3843375	3	196813908	2.26438	G	A	0.590289	0.999191	0.658685	4.2E-01	-0.00456826	0.00572929	0.635769	4.3E-01	0.688759	4.1E-01
rs75072999	4	844781	0.00782036	G	A	0.904916	0.991302	2.21268	1.4E-01	0.0137148	0.00963612	2.02571	1.5E-01	2.07119	1.5E-01
rs748483	4	952409	0.00822297	A	G	0.891514	0.99682	0.49057	4.8E-01	-0.00519837	0.00905741	0.329402	5.7E-01	0.540197	4.6E-01
rs1912897	4	26006133	0.455942	A	T	0.79303	0.98817	0.930952	3.3E-01	-0.00729707	0.00698193	1.09231	3.0E-01	1.36898	2.4E-01
rs7689800	4	26295421	0.461356	C	G	0.382047	0.982424	0.924122	3.4E-01	-0.00508641	0.00583862	0.758932	3.8E-01	1.42205	2.3E-01
rs34171390	4	56192405	0.730002	C	G	0.8287	0.967618	4.34293	3.7E-02	-0.0157734	0.00756425	4.3483	3.7E-02	4.41345	3.6E-02
rs3017896	4	89533004	1.04795	G	C	0.704424	1	0.112179	7.4E-01	0.00239075	0.00613948	0.151637	7.0E-01	0.0548122	8.1E-01
rs10029220	4	89710592	1.04921	C	T	0.909822	0.997537	0.111	7.4E-01	0.00352043	0.00983409	0.128151	7.2E-01	0.000109512	9.9E-01
rs1813006	4	103001649	1.15654	G	T	0.940843	0.94358	1.07561	3.0E-01	-0.0130968	0.0122523	1.14261	2.9E-01	0.900186	3.4E-01
rs12647922	4	106063987	1.17944	C	T	0.794569	0.998343	1.49682	2.2E-01	-0.00763139	0.00695413	1.20426	2.7E-01	1.20507	2.7E-01
rs7655064	4	120106348	1.31331	T	C	0.875314	0.995692	3.55435	5.9E-02	0.0155384	0.00851007	3.33386	6.8E-02	3.14182	7.6E-02
rs2922979	4	123748616	1.34468	C	G	0.689916	1	0.00955604	9.2E-01	-0.00102773	0.0060831	0.0285435	8.7E-01	0.0948798	7.6E-01
rs1520325	4	125182690	1.35483	C	T	0.780072	0.994582	0.477977	4.9E-01	-0.00315896	0.0068036	0.215581	6.4E-01	0.162833	6.9E-01
rs2353397	4	145517578	1.53798	C	T	0.460014	1	0.0653867	8.0E-01	-0.00168738	0.00564502	0.0893501	7.7E-01	0.0636177	8.0E-01
rs2166365	5	3597830	0.0882728	A	G	0.777698	0.981109	0.000949427	9.8E-01	6.31051e-05	0.00681533	8.57345e-05	9.9E-01	0.00747598	9.3E-01
rs13178917	5	4007353	0.10142	C	T	0.551974	0.99437	0.192342	6.6E-01	-0.00124579	0.00564126	0.0487684	8.3E-01	0.0318825	8.6E-01
rs10061804	5	32748637	0.511958	G	A	0.711087	1	0.551587	4.6E-01	0.00485367	0.00620188	0.612481	4.3E-01	0.381596	5.4E-01
rs299615	5	34042097	0.535425	G	A	0.843206	1	0.27959	6.0E-01	-0.00567998	0.00773466	0.539276	4.6E-01	0.142264	7.1E-01
rs4293945	5	38736142	0.597252	A	T	0.606405	0.995383	2.93324	8.7E-02	0.0110052	0.00576403	3.64535	5.6E-02	5.10125	2.4E-02
rs163112	5	54538003	0.667379	C	G	0.107056	0.994238	0.339868	5.6E-01	0.00395279	0.00912834	0.187509	6.6E-01	0.00137988	9.7E-01
rs61653333	5	55779080	0.679717	G	T	0.970413	0.977169	0.100583	7.5E-01	-0.00456521	0.0167439	0.0743374	7.9E-01	0.121169	7.3E-01
rs6867983	5	55854153	0.681454	C	T	0.861186	1	8.07009	4.5E-03	-0.0245392	0.00812713	9.11686	2.5E-03	10.6836	1.1E-03
rs11749164	5	66294202	0.770672	T	G	0.726476	0.988719	0.680465	4.1E-01	-0.00585123	0.00634295	0.850963	3.6E-01	1.25594	2.6E-01
rs6878122	5	76427311	0.889556	G	A	0.318279	0.997785	0.253953	6.1E-01	0.00379816	0.00604575	0.394681	5.3E-01	0.639465	4.2E-01
rs7734060	5	101780479	1.10738	T	G	0.734786	0.995631	0.00321282	9.5E-01	4.04641e-06	0.00639874	3.99899e-07	1.0E+00	0.00057452	9.8E-01
rs1394631	5	118639270	1.27349	C	T	0.775173	0.988487	0.608387	4.4E-01	-0.00576808	0.00675828	0.728432	3.9E-01	0.827704	3.6E-01
rs11744058	5	118798944	1.27486	G	T	0.783774	0.998591	1.26914	2.6E-01	0.00828221	0.00683512	1.46825	2.3E-01	3.25249	7.1E-02
rs3749748	5	127350549	1.37291	C	T	0.753975	0.992802	0.0454716	8.3E-01	0.00142079	0.00654331	0.0471482	8.3E-01	0.0313253	8.6E-01
rs4705986	5	132349654	1.39065	T	G	0.937241	0.978165	0.206794	6.5E-01	0.00629945	0.0117228	0.288766	5.9E-01	0.458552	5.0E-01
rs10463353	5	141710741	1.48273	C	T	0.640669	0.986535	0.140728	7.1E-01	0.000747847	0.00588975	0.0161224	9.0E-01	0.0714971	7.9E-01
rs33999	5	141973349	1.48937	C	G	0.612065	0.9834	2.35874	1.2E-01	-0.00793089	0.00580187	1.86857	1.7E-01	1.65213	2.0E-01
rs4704819	5	156333978	1.66257	A	G	0.771246	0.975499	27.1953	1.8E-07	-0.0369512	0.00676746	29.813	4.8E-08	32.6511	1.1E-08
rs12652322	5	171822666	1.88951	C	T	0.705252	0.99822	2.08031	1.5E-01	-0.00881476	0.00617444	2.0381	1.5E-01	1.71543	1.9E-01
rs2053681	5	172746086	1.91113	A	G	0.485601	0.912476	0.619902	4.3E-01	-0.00462782	0.00589939	0.615372	4.3E-01	0.998014	3.2E-01
rs10035782	5	173270328	1.92939	A	G	0.600665	0.984103	2.60667	1.1E-01	0.00909503	0.00578248	2.47389	1.2E-01	2.89839	8.9E-02
rs11963955	6	6631996	0.178791	A	G	0.637527	0.976944	2.76849	9.6E-02	-0.00973872	0.00592063	2.70562	1.0E-01	2.38976	1.2E-01
rs201061	6	6730512	0.181115	G	A	0.455616	0.976616	0.322984	5.7E-01	-0.00294526	0.00569714	0.26726	6.1E-01	0.15688	6.9E-01
rs1334576	6	7211818	0.195986	G	A	0.5774	1	0.0168588	9.0E-01	0.000356979	0.00569951	0.00392294	9.5E-01	0.00560937	9.4E-01
rs9382988	6	14595010	0.314722	C	A	0.204362	0.998886	0.0351202	8.5E-01	0.00082528	0.00699122	0.0139347	9.1E-01	0.00352569	9.5E-01
rs4710940	6	20658012	0.410434	A	C	0.647018	0.999463	0.624111	4.3E-01	0.00481088	0.0058938	0.666281	4.1E-01	0.895978	3.4E-01
rs3129830	6	30248711	0.50553	G	A	0.868546	0.999908	3.28433	7.0E-02	0.0134123	0.00828628	2.6199	1.1E-01	3.20763	7.3E-02
rs7772131	6	30795171	0.50714	A	C	0.988571	1	3.17063	7.5E-02	-0.04555	0.0264424	2.96739	8.5E-02	2.68756	1.0E-01
rs6919908	6	31244960	0.511805	T	C	0.193909	0.999901	3.47572	6.2E-02	-0.0128605	0.00712808	3.25513	7.1E-02	3.50935	6.1E-02
rs181133225	6	32454764	0.520293	T	C	0.893444	0.778953	1.29713	2.5E-01	0.0101998	0.0102603	0.988234	3.2E-01	0.423608	5.2E-01
rs117108573	6	32489679	0.520303	C	T	0.921405	0.866866	0.85742	3.5E-01	0.00927815	0.0111507	0.692339	4.1E-01	0.160959	6.9E-01
rs575662827	6	32543874	0.520325	T	C	0.899303	0.833996	1.90904	1.7E-01	0.0128113	0.0101782	1.58433	2.1E-01	0.677488	4.1E-01
rs114760566	6	34192036	0.545788	C	A	0.954268	0.993831	2.8144	9.3E-02	-0.0230637	0.0134838	2.92573	8.7E-02	3.65829	5.6E-02
rs1574430	6	43269029	0.669727	A	C	0.391321	0.999399	0.468453	4.9E-01	0.00301613	0.00575853	0.274333	6.0E-01	0.302424	5.8E-01
rs9381248	6	43734606	0.675407	C	T	0.87836	0.993046	0.277127	6.0E-01	-0.0032759	0.0086336	0.143972	7.0E-01	0.129152	7.2E-01
rs35349911	6	43785255	0.678849	C	T	0.409597	0.97009	2.06026	1.5E-01	-0.0085779	0.00581352	2.17713	1.4E-01	2.13654	1.4E-01
rs72902769	6	80719576	0.920488	C	G	0.966636	0.999182	0.0104708	9.2E-01	-0.00107582	0.0156771	0.00470921	9.5E-01	0.00117821	9.7E-01
rs62406467	6	81114126	0.921634	G	T	0.849349	0.952286	1.26593	2.6E-01	0.00900674	0.00805033	1.25172	2.6E-01	0.821284	3.6E-01
rs6924944	6	100597579	1.0811	A	T	0.245827	0.981159	2.71186	1.0E-01	0.0116247	0.00660642	3.09619	7.8E-02	2.39317	1.2E-01
rs2806373	6	109222017	1.18299	G	A	0.239664	0.998945	0.519532	4.7E-01	-0.00437651	0.0065797	0.442429	5.1E-01	0.60576	4.4E-01
rs72969772	6	126187585	1.32503	A	G	0.980332	1	0.765132	3.8E-01	-0.0179554	0.0203001	0.78234	3.8E-01	0.303263	5.8E-01
rs9986505	6	126445558	1.32603	A	G	0.6761	0.991308	1.54818	2.1E-01	0.0073049	0.00603071	1.46721	2.3E-01	1.38656	2.4E-01
rs74949497	6	126812007	1.32699	A	C	0.97518	1	0.690831	4.1E-01	-0.0174696	0.0181698	0.924412	3.4E-01	0.964501	3.3E-01
rs139242696	6	127414440	1.32797	T	C	0.974907	0.948341	0.210811	6.5E-01	-0.00482602	0.0184168	0.0686671	7.9E-01	0.129478	7.2E-01
rs9385864	6	139805476	1.50274	C	T	0.6907	0.988333	6.91785	8.5E-03	-0.0162694	0.00612674	7.05156	7.9E-03	6.34894	1.2E-02
rs12205386	6	139837171	1.50318	C	A	0.643666	0.9992	5.62349	1.8E-02	0.0132667	0.00587473	5.09973	2.4E-02	5.9039	1.5E-02
rs11756568	6	152042413	1.64245	A	T	0.724877	0.999168	5.20292	2.3E-02	-0.0126923	0.00630429	4.05331	4.4E-02	4.73685	3.0E-02
rs998075	6	160468278	1.77084	A	G	0.53429	0.994008	43.9341	3.4E-11	0.0373357	0.00566412	43.4495	4.4E-11	43.9152	3.4E-11
rs9459839	6	167431829	1.92196	T	C	0.531185	0.998188	0.324678	5.7E-01	-0.00310103	0.0056153	0.304976	5.8E-01	0.079877	7.8E-01
rs2214440	7	20372191	0.358281	A	G	0.667686	0.991786	0.238611	6.3E-01	0.00456147	0.00599531	0.578877	4.5E-01	1.20807	2.7E-01
rs111683990	7	25729528	0.437229	C	G	0.955515	0.987881	0.157791	6.9E-01	-0.00589756	0.0137428	0.18416	6.7E-01	0.461927	5.0E-01
rs2040786	7	26208736	0.442609	G	A	0.529361	1	1.14603	2.8E-01	0.00578566	0.00563001	1.05606	3.0E-01	1.05816	3.0E-01
rs17428025	7	27251396	0.453724	C	T	0.971743	0.967404	0.00319925	9.5E-01	0.000610409	0.0172412	0.00125345	9.7E-01	0.00385285	9.5E-01
rs849140	7	28183702	0.463008	T	C	0.410278	1	2.90068	8.9E-02	-0.00956749	0.00574508	2.77335	9.6E-02	4.13467	4.2E-02
rs17172095	7	42665355	0.680121	A	G	0.679343	0.995026	7.56484e-05	9.9E-01	0.000230885	0.00603351	0.00146437	9.7E-01	0.0112064	9.2E-01
rs41279633	7	44580876	0.698729	G	T	0.844676	0.995324	29.5575	5.4E-08	-0.0427597	0.0077747	30.2483	3.8E-08	31.8122	1.7E-08
rs71556711	7	72854549	0.899611	C	T	0.908397	1	3.70167	5.4E-02	0.0169858	0.00973017	3.04741	8.1E-02	2.87779	9.0E-02
rs7780317	7	72867852	0.899612	C	T	0.92793	0.985744	0.0774628	7.8E-01	0.00372832	0.010913	0.116717	7.3E-01	0.0779807	7.8E-01
rs57487833	7	77115793	0.936393	G	A	0.723097	0.985735	2.57253	1.1E-01	-0.00987986	0.00632368	2.44097	1.2E-01	2.27866	1.3E-01
rs76306613	7	106235348	1.22452	G	T	0.855998	0.98895	1.38817	2.4E-01	-0.00861071	0.00805369	1.14311	2.8E-01	1.30526	2.5E-01
rs2237687	7	107585473	1.24369	C	T	0.472386	0.966594	0.444811	5.0E-01	-0.00431028	0.00572018	0.567796	4.5E-01	0.545354	4.6E-01
rs38902	7	116889718	1.32093	G	A	0.474719	0.992845	1.99884	1.6E-01	-0.00811911	0.00564505	2.06862	1.5E-01	1.70283	1.9E-01
rs12154627	7	130422934	1.4017	T	C	0.506907	0.97487	7.18882	7.3E-03	0.0142558	0.00568211	6.29457	1.2E-02	6.03785	1.4E-02
rs7808446	7	150214465	1.67249	T	G	0.235469	0.993612	0.385464	5.3E-01	0.00471845	0.00664441	0.504297	4.8E-01	0.77767	3.8E-01
rs7014168	8	10641965	0.266242	G	A	0.776722	0.996719	0.112707	7.4E-01	0.00159182	0.00676553	0.0553581	8.1E-01	0.130075	7.2E-01
rs4474021	8	12632903	0.332387	G	T	0.680802	1	1.09285	3.0E-01	-0.00596125	0.00601893	0.980927	3.2E-01	0.770664	3.8E-01
rs7844736	8	23551671	0.545238	A	G	0.828827	1	0.483409	4.9E-01	-0.00467014	0.0074738	0.39046	5.3E-01	0.0854188	7.7E-01
rs310289	8	23610756	0.545792	C	T	0.760888	0.994537	3.89344	4.8E-02	0.0122651	0.00661825	3.43441	6.4E-02	2.62543	1.1E-01
rs11992444	8	25464690	0.565812	G	T	0.49058	1	4.27456	3.9E-02	-0.0102519	0.00560962	3.33997	6.8E-02	3.11469	7.8E-02
rs7815496	8	38321607	0.69461	C	T	0.597431	0.996532	3.88836	4.9E-02	-0.0122182	0.00572759	4.55064	3.3E-02	3.40943	6.5E-02
rs55704109	8	59323247	0.819013	G	A	0.5057	0.919152	33.1423	8.6E-09	0.0333002	0.00588019	32.0709	1.5E-08	37.2788	1.0E-09
rs12543555	8	69562014	0.90375	A	G	0.792127	0.98465	0.762249	3.8E-01	-0.00724911	0.00696167	1.08428	3.0E-01	1.4444	2.3E-01
rs28568866	8	72353630	0.949663	G	A	0.969859	0.939217	0.0456229	8.3E-01	-0.00561048	0.016978	0.109201	7.4E-01	0.0713635	7.9E-01
rs146492163	8	72386394	0.950025	G	T	0.96946	0.960969	0.0467336	8.3E-01	-0.0055071	0.0166915	0.108856	7.4E-01	0.037456	8.5E-01
rs1895674	8	72443246	0.950276	T	G	0.946831	0.990629	0.0374648	8.5E-01	-0.00394524	0.0125501	0.0988218	7.5E-01	0.176467	6.7E-01
rs4147332	8	89280863	1.08332	G	C	0.323111	0.995784	6.94547	8.4E-03	0.0153938	0.00601621	6.54708	1.1E-02	6.28233	1.2E-02
rs144435165	8	126419938	1.45107	G	C	0.944194	0.785853	10.4977	1.2E-03	-0.0499442	0.0137911	13.1151	2.9E-04	12.999	3.1E-04
rs2954018	8	126477153	1.45319	C	T	0.298303	0.998357	28.2952	1.0E-07	0.0325096	0.00614818	27.9596	1.2E-07	29.3743	6.0E-08
rs6991761	8	128274518	1.48941	C	T	0.844226	0.993607	0.00144765	9.7E-01	-0.00127912	0.0077607	0.0271657	8.7E-01	0.0263502	8.7E-01
rs2467030	8	135665361	1.60637	A	G	0.339711	0.997044	0.0279663	8.7E-01	-0.000338103	0.00595835	0.00321993	9.5E-01	0.0199375	8.9E-01
rs12340775	9	13226945	0.282033	G	A	0.944664	0.940298	2.24305	1.3E-01	0.0200741	0.0126613	2.5137	1.1E-01	2.87711	9.0E-02
rs73650963	9	93943033	1.11642	T	C	0.892489	0.990174	0.381741	5.4E-01	-0.00458013	0.00907828	0.254536	6.1E-01	0.155843	6.9E-01
rs2131919	9	95283887	1.12689	A	G	0.83667	0.999136	1.97546	1.6E-01	-0.010398	0.00762847	1.85792	1.7E-01	2.50972	1.1E-01
rs1572136	9	101740604	1.18729	G	C	0.724977	0.989514	4.91039	2.7E-02	0.0144456	0.006337	5.19646	2.3E-02	5.7957	1.6E-02
rs12686004	9	107653426	1.24316	G	A	0.884341	1	3.19086	7.4E-02	0.0170001	0.0087866	3.74338	5.3E-02	4.17696	4.1E-02
rs10991414	9	107685589	1.24582	T	C	0.861068	0.989408	0.410471	5.2E-01	-0.00504256	0.00819091	0.378999	5.4E-01	0.781368	3.8E-01
rs111479443	9	107874316	1.24936	T	G	0.963776	0.9746	5.07714	2.4E-02	0.035136	0.0152499	5.30848	2.1E-02	4.8818	2.7E-02
rs7048735	9	112529695	1.31375	A	G	0.239526	0.976202	0.559767	4.5E-01	0.0040392	0.00666328	0.367464	5.4E-01	0.337282	5.6E-01
rs1002607	9	113858933	1.33848	T	C	0.40707	0.988428	0.351521	5.5E-01	-0.0039077	0.00576536	0.459398	5.0E-01	0.609075	4.4E-01
rs13298297	9	119264108	1.4204	G	A	0.769275	0.989359	1.99846	1.6E-01	-0.00880514	0.00672899	1.71228	1.9E-01	1.65746	2.0E-01
rs6478851	9	131561110	1.55426	G	A	0.758733	1	1.45936	2.3E-01	-0.00784496	0.00658402	1.41971	2.3E-01	2.10893	1.5E-01
rs2519093	9	136141870	1.66208	C	T	0.816616	0.999448	55.2922	1.0E-13	-0.052117	0.00725394	51.6192	6.7E-13	54.3831	1.6E-13
rs60980157	9	139235415	1.78278	C	T	0.757489	0.966704	0.00281673	9.6E-01	0.000635592	0.00665162	0.00913067	9.2E-01	0.000203021	9.9E-01
rs7072195	10	3540748	0.0738836	T	C	0.417524	0.993244	0.308663	5.8E-01	-0.00261851	0.00572107	0.209486	6.5E-01	0.496483	4.8E-01
rs11592754	10	32619572	0.605452	A	C	0.856559	0.998356	0.514673	4.7E-01	0.00486435	0.00801903	0.367965	5.4E-01	0.693441	4.0E-01
rs2247396	10	33489192	0.60946	G	A	0.603662	0.99818	1.07197	3.0E-01	0.00549319	0.00573043	0.918916	3.4E-01	0.920475	3.4E-01
rs4341488	10	60452745	0.822202	G	A	0.188405	0.998867	0.24688	6.2E-01	-0.00300925	0.00718488	0.17542	6.8E-01	0.293114	5.9E-01
rs17287962	10	63770969	0.858439	A	G	0.970068	0.979005	0.112572	7.4E-01	-0.00610651	0.0166641	0.134284	7.1E-01	0.0669436	8.0E-01
rs10762666	10	77157489	1.00522	A	G	0.241989	0.984822	2.47092	1.2E-01	-0.0107868	0.00658651	2.68208	1.0E-01	1.78906	1.8E-01
rs10887758	10	89603315	1.15934	T	C	0.784607	0.990793	0.0127594	9.1E-01	-0.000972654	0.0068823	0.0199733	8.9E-01	0.0185411	8.9E-01
rs141490680	10	95280981	1.22085	G	A	0.866803	0.998279	8.2273e-06	1.0E+00	0.00051494	0.00826775	0.00387916	9.5E-01	0.0197047	8.9E-01
rs7342070	10	104223628	1.30538	T	C	0.455127	1	1.83027	1.8E-01	0.00780184	0.00564033	1.91331	1.7E-01	2.26441	1.3E-01
rs7917983	10	114732882	1.3977	T	C	0.532013	1	0.280841	6.0E-01	0.0028606	0.00563558	0.257655	6.1E-01	0.419756	5.2E-01
rs242956	10	119297479	1.46386	C	T	0.362576	0.990585	1.99835	1.6E-01	0.00775198	0.00586103	1.74935	1.9E-01	1.72661	1.9E-01
rs7104929	11	784340	0.0108006	C	G	0.530558	0.997422	0.011586	9.1E-01	0.00105663	0.00565186	0.0349513	8.5E-01	0.0996621	7.5E-01
rs7932891	11	10921512	0.210707	A	G	0.294517	0.99931	0.545451	4.6E-01	-0.00342382	0.00615954	0.308977	5.8E-01	1.00111	3.2E-01
rs11607537	11	14224166	0.277204	C	T	0.941072	0.981717	0.0854227	7.7E-01	0.00431426	0.0120509	0.128165	7.2E-01	0.289371	5.9E-01
rs79634051	11	14561945	0.278112	G	C	0.97174	1	0.485902	4.9E-01	0.0110004	0.0169023	0.423572	5.2E-01	0.307763	5.8E-01
rs3114693	11	26127790	0.452397	A	T	0.617593	0.997848	0.181005	6.7E-01	0.00210017	0.00578943	0.131594	7.2E-01	0.219562	6.4E-01
rs56386213	11	36291554	0.562467	A	G	0.595018	1	0.300954	5.8E-01	-0.00295971	0.00569175	0.2704	6.0E-01	0.448096	5.0E-01
rs174528	11	61543499	0.703973	T	C	0.623454	0.995598	36.6267	1.4E-09	0.0347091	0.0058137	35.6435	2.4E-09	42.3057	7.8E-11
rs4297487	11	69229628	0.763225	A	G	0.324796	0.994186	0.0665172	8.0E-01	-0.00111085	0.00601713	0.0340827	8.5E-01	0.401671	5.3E-01
rs28690953	11	111384426	1.18701	T	G	0.852988	1	1.72175	1.9E-01	-0.011491	0.00794194	2.09344	1.5E-01	1.84856	1.7E-01
rs513533	11	116519358	1.25951	A	G	0.895505	0.969744	38.5332	5.4E-10	-0.0582536	0.0093086	39.1631	3.9E-10	43.988	3.3E-11
rs12804228	11	126260684	1.42442	A	G	0.914785	0.983631	34.3321	4.6E-09	-0.061712	0.0101477	36.9828	1.2E-09	34.291	4.7E-09
rs747249	11	130271647	1.49781	A	G	0.360849	0.986641	1.82855	1.8E-01	-0.00815285	0.00589525	1.91256	1.7E-01	3.29677	6.9E-02
rs11045172	12	20470221	0.37098	A	C	0.802205	0.989276	0.00880475	9.3E-01	0.00139016	0.00709333	0.0384085	8.4E-01	0.0180282	8.9E-01
rs7977928	12	26265632	0.457285	G	A	0.408615	1	0.0175292	8.9E-01	-0.00128875	0.00570502	0.0510298	8.2E-01	0.107164	7.4E-01
rs2343874	12	26409450	0.459085	G	A	0.53283	0.98214	1.6836	1.9E-01	0.00836741	0.00567854	2.17125	1.4E-01	2.51556	1.1E-01
rs16931815	12	27427917	0.469712	A	G	0.872673	0.996695	2.07273	1.5E-01	-0.0112216	0.00846183	1.75865	1.8E-01	2.11841	1.5E-01
rs7310959	12	45968598	0.59006	G	A	0.897555	1	0.727784	3.9E-01	-0.00835698	0.00928737	0.80968	3.7E-01	1.28688	2.6E-01
rs75824359	12	54320490	0.68262	A	G	0.970266	0.973341	0.307197	5.8E-01	-0.0100885	0.0167653	0.3621	5.5E-01	0.367547	5.4E-01
rs10878362	12	66417493	0.793832	C	A	0.687723	0.991565	0.645816	4.2E-01	-0.00551661	0.00607499	0.824619	3.6E-01	0.736434	3.9E-01
rs10745659	12	94092690	1.0816	C	G	0.553308	0.994516	7.9565e-05	9.9E-01	-0.000428707	0.00568675	0.00568319	9.4E-01	0.106356	7.4E-01
rs10778495	12	106991545	1.2616	A	G	0.720919	0.990603	5.70376	1.7E-02	-0.0142023	0.00627203	5.12743	2.4E-02	3.05983	8.0E-02
rs189392453	12	122381427	1.46398	C	A	0.929828	0.926987	0.837492	3.6E-01	-0.0106066	0.011433	0.860666	3.5E-01	0.922322	3.4E-01
rs12366339	12	122854616	1.46723	G	A	0.9894	0.907552	0.774075	3.8E-01	-0.0282152	0.0288476	0.95663	3.3E-01	0.763266	3.8E-01
rs147433011	12	123162845	1.46972	T	C	0.989135	0.898372	1.23976	2.7E-01	0.0354276	0.0286611	1.52791	2.2E-01	1.64603	2.0E-01
rs116950578	12	123188577	1.46982	C	T	0.967055	1	0.82559	3.6E-01	0.0156033	0.0157123	0.98617	3.2E-01	0.46913	4.9E-01
rs140689322	12	123375732	1.4703	G	A	0.973654	0.966101	1.72989	1.9E-01	-0.0217878	0.0178466	1.49045	2.2E-01	1.85967	1.7E-01
rs28722199	12	123989436	1.47618	A	G	0.954286	0.931304	1.25013	2.6E-01	0.0118222	0.01394	0.719239	4.0E-01	1.07832	3.0E-01
rs12582221	12	125323240	1.49972	G	A	0.572176	1	2.10459	1.5E-01	0.0080632	0.00567496	2.01878	1.6E-01	2.10456	1.5E-01
rs7993238	13	22473593	0.0544542	A	C	0.631395	0.976757	0.80818	3.7E-01	0.00548452	0.00590554	0.862498	3.5E-01	0.936893	3.3E-01
rs10507524	13	44684600	0.468128	T	C	0.907237	0.994143	0.50434	4.8E-01	-0.00724959	0.0097451	0.55342	4.6E-01	0.418553	5.2E-01
rs12872335	13	50442235	0.536587	G	A	0.792188	0.994746	1.2567	2.6E-01	-0.00773509	0.0069519	1.23801	2.7E-01	0.980731	3.2E-01
rs61964388	13	51061980	0.539297	G	A	0.904117	0.961186	3.30844	6.9E-02	-0.0200841	0.00972561	4.26451	3.9E-02	3.84294	5.0E-02
rs627527	13	110915135	1.21483	G	A	0.418925	0.983958	1.63826	2.0E-01	0.0074017	0.00573986	1.66288	2.0E-01	1.24936	2.6E-01
rs1057119	14	23746269	0.116581	C	G	0.76153	1	1.99909	1.6E-01	0.00918433	0.00657305	1.95237	1.6E-01	2.09	1.5E-01
rs140664623	14	52321987	0.459221	G	T	0.976323	0.975931	0.0658231	8.0E-01	0.0053378	0.018651	0.081907	7.7E-01	0.0132805	9.1E-01
rs2145600	14	58750902	0.537897	C	G	0.237608	0.992449	0.00790935	9.3E-01	0.000131615	0.00661797	0.000395515	9.8E-01	5.64575e-05	9.9E-01
rs6575165	14	91352234	0.881721	G	A	0.76556	0.994744	0.0417607	8.4E-01	0.00230692	0.00664189	0.120638	7.3E-01	0.206209	6.5E-01
rs10130936	14	98342676	1.02712	C	T	0.37676	0.985923	2.84929	9.1E-02	0.0099661	0.00584763	2.90463	8.8E-02	2.37445	1.2E-01
rs4779523	15	31679470	0.452779	T	A	0.728098	0.995337	0.0793882	7.8E-01	-0.00224603	0.00634815	0.12518	7.2E-01	0.169872	6.8E-01
rs28647196	15	40833379	0.629227	C	T	0.564205	0.997093	0.000166946	9.9E-01	-0.00118496	0.0056902	0.0433663	8.4E-01	0.0072194	9.3E-01
rs11630710	15	56364758	0.756318	G	T	0.893172	0.979091	0.248825	6.2E-01	-0.00397238	0.0092254	0.185409	6.7E-01	0.293003	5.9E-01
rs17184382	15	63792486	0.876626	A	C	0.574619	1	0.916974	3.4E-01	0.00621481	0.00568897	1.19341	2.7E-01	0.875934	3.5E-01
rs2165241	15	74222202	0.994735	T	C	0.491224	0.994517	2.27724	1.3E-01	-0.00900431	0.00561925	2.5677	1.1E-01	1.21704	2.7E-01
rs12905116	15	79042734	1.02295	T	A	0.242831	0.998559	0.227032	6.3E-01	-0.00321285	0.0065329	0.241863	6.2E-01	0.200976	6.5E-01
rs2401948	16	1340854	0.0338191	G	C	0.470436	0.984992	0.01942	8.9E-01	-0.000642448	0.00567218	0.0128285	9.1E-01	0.125406	7.2E-01
rs3747577	16	4415696	0.082586	C	G	0.259467	0.988145	0.12079	7.3E-01	0.00261392	0.00645517	0.163972	6.9E-01	0.073552	7.9E-01
rs6498114	16	10964118	0.259065	G	T	0.240585	0.980902	0.510194	4.8E-01	-0.00487415	0.00664412	0.538174	4.6E-01	0.783361	3.8E-01
rs2192868	16	53428284	0.643286	G	A	0.551203	0.983829	1.59896	2.1E-01	-0.00694963	0.00570387	1.48451	2.2E-01	1.67589	2.0E-01
rs12446515	16	56987015	0.730026	C	T	0.677848	0.992505	40.6569	1.8E-10	0.039303	0.00603403	42.4265	7.3E-11	41.4765	1.2E-10
rs116975210	16	67058614	0.849502	T	G	0.960603	0.993544	0.0640148	8.0E-01	-0.00387291	0.0144948	0.071392	7.9E-01	0.0993233	7.5E-01
rs2056876	16	78864296	0.975993	T	G	0.815684	0.95437	3.88703	4.9E-02	0.0138833	0.00740564	3.51448	6.1E-02	3.03132	8.2E-02
rs9926618	16	81484570	1.04509	T	A	0.39429	0.97289	1.30239	2.5E-01	0.00643713	0.0058302	1.21904	2.7E-01	1.00158	3.2E-01
rs66710707	16	81528621	1.0457	A	G	0.719577	0.992374	0.0418873	8.4E-01	-0.000965711	0.0062791	0.0236537	8.8E-01	0.0285907	8.7E-01
rs116911572	17	943593	0.0364958	T	C	0.982069	1	0.987054	3.2E-01	-0.0206012	0.0212134	0.943114	3.3E-01	1.13789	2.9E-01
rs4151120	17	7342148	0.196018	T	A	0.629178	0.991461	3.20269	7.4E-02	0.0106685	0.00584587	3.33052	6.8E-02	3.70296	5.4E-02
rs1561	17	8263334	0.209036	C	T	0.928268	0.930811	1.8283	1.8E-01	-0.0150107	0.0112694	1.77421	1.8E-01	1.97061	1.6E-01
rs1242488	17	17347995	0.443205	C	A	0.250473	0.994678	0.901638	3.4E-01	-0.00612669	0.00648751	0.891859	3.4E-01	1.08196	3.0E-01
rs897456	17	17422608	0.444631	A	G	0.942018	1	1.25717	2.6E-01	-0.0149161	0.0120433	1.53399	2.2E-01	1.67905	2.0E-01
rs11651639	17	27672320	0.49569	A	T	0.483934	0.999433	0.00863003	9.3E-01	-0.000609784	0.00562194	0.0117646	9.1E-01	0.078192	7.8E-01
rs55883500	17	40395267	0.664304	T	G	0.691334	0.998762	0.601276	4.4E-01	-0.00485487	0.00608282	0.637009	4.2E-01	0.571164	4.5E-01
rs2242461	17	40861424	0.665935	G	A	0.405713	1	0.00356421	9.5E-01	-0.000592969	0.00572174	0.0107401	9.2E-01	0.0711185	7.9E-01
rs62053943	17	43744203	0.688226	C	T	0.845555	0.975028	5.52733	1.9E-02	-0.0171324	0.00788966	4.7154	3.0E-02	4.52598	3.3E-02
rs6504972	17	53601168	0.790946	G	A	0.654059	0.990391	0.305514	5.8E-01	-0.00343025	0.00595743	0.331538	5.6E-01	0.330732	5.7E-01
rs9892365	17	59491384	0.871045	A	G	0.330387	0.996856	0.0228962	8.8E-01	0.00196692	0.00598344	0.108062	7.4E-01	0.157839	6.9E-01
rs146385050	17	60637258	0.881108	C	A	0.819308	0.982238	2.39543	1.2E-01	0.0113294	0.00736296	2.36761	1.2E-01	2.21382	1.4E-01
rs1966327	17	67570113	0.971768	A	G	0.320402	0.997202	1.19774	2.7E-01	-0.00551691	0.00602409	0.838704	3.6E-01	0.729742	3.9E-01
rs9896666	17	68226321	0.98162	C	T	0.675868	0.994992	0.0507613	8.2E-01	0.00102709	0.00601366	0.0291702	8.6E-01	0.208742	6.5E-01
rs3810068	18	2846499	0.0738566	T	C	0.595452	1	6.19762	1.3E-02	0.0126465	0.00571226	4.90141	2.7E-02	5.6428	1.8E-02
rs4800451	18	20716805	0.429195	C	T	0.259966	0.984274	0.327287	5.7E-01	-0.00443794	0.00646838	0.47073	4.9E-01	0.549312	4.6E-01
rs1026186	18	42741410	0.625015	G	A	0.64681	0.995626	3.43465	6.4E-02	0.0103587	0.00589262	3.09027	7.9E-02	2.98703	8.4E-02
rs8086644	18	60788559	0.864537	G	A	0.834201	0.988925	0.267197	6.1E-01	0.00180451	0.00758939	0.0565336	8.1E-01	0.0833184	7.7E-01
rs12979965	19	2131148	0.0753026	A	G	0.499935	0.991113	0.000194468	9.9E-01	0.00142771	0.00562931	0.064323	8.0E-01	0.156853	6.9E-01
rs10421685	19	4488926	0.151356	G	A	0.311293	0.998169	7.72102	5.5E-03	0.0155386	0.00606851	6.55631	1.0E-02	5.6989	1.7E-02
rs10421685	19	4488926	0.151356	G	C	0.973386	0.548756	0.796065	3.7E-01	-0.0236598	0.0235077	1.01298	3.1E-01	0.969521	3.2E-01
rs79915079	19	11229066	0.319635	G	A	0.973807	0.995135	31.9215	1.6E-08	0.101756	0.0175984	33.4329	7.4E-09	33.6914	6.5E-09
rs35555265	19	17152232	0.420672	C	T	0.803227	0.993265	1.38844	2.4E-01	0.0088336	0.00706733	1.5623	2.1E-01	1.29228	2.6E-01
rs1423056	19	33780444	0.560699	G	A	0.681795	0.903762	0.493993	4.8E-01	0.00388746	0.0063436	0.375544	5.4E-01	0.0857915	7.7E-01
rs113504807	19	33787954	0.561506	C	T	0.951238	0.934153	1.2409	2.7E-01	-0.0156415	0.0134477	1.35289	2.4E-01	1.07503	3.0E-01
rs11672697	19	33876955	0.562267	C	T	0.494053	0.99299	2.26752	1.3E-01	0.00898115	0.00563371	2.54142	1.1E-01	2.46194	1.2E-01
rs62116612	19	44479588	0.687479	G	C	0.972393	0.937341	30.366	3.6E-08	0.0985047	0.0177523	30.7898	2.9E-08	33.8323	6.0E-09
rs142751148	19	45100982	0.69683	G	T	0.973358	0.950645	65.0386	7.3E-16	0.143889	0.0178392	65.0588	7.3E-16	65.4063	6.1E-16
rs113330691	19	45295886	0.703011	G	A	0.965024	0.995257	215.726	7.7E-49	0.226983	0.0153165	219.616	1.1E-49	215.335	9.4E-49
rs61642202	19	45345283	0.705129	A	C	0.989532	0.975922	54.2659	1.8E-13	-0.203704	0.0278917	53.3394	2.8E-13	54.2897	1.7E-13
rs41289512	19	45351516	0.705384	C	G	0.957916	1	91.2621	1.3E-21	-0.134043	0.0139202	92.7252	6.0E-22	92.3236	7.4E-22
rs144311893	19	45423944	0.707337	C	T	0.977625	0.940731	605.228	1.2E-133	0.48557	0.0195909	614.32	1.3E-135	636.467	2.0E-140
rs57465754	19	45477231	0.709103	C	G	0.794607	0.986988	30.3267	3.7E-08	-0.0386849	0.00699073	30.6222	3.1E-08	31.8748	1.6E-08
rs36030682	19	46204384	0.718895	A	G	0.956404	0.967583	37.0893	1.1E-09	0.0871195	0.0139882	38.7889	4.7E-10	41.1615	1.4E-10
rs2864436	19	55986637	0.996315	T	C	0.754674	1	0.101423	7.5E-01	0.00220341	0.00650036	0.114899	7.3E-01	0.210359	6.5E-01
rs151235402	20	569164	0.0196907	C	T	0.984757	0.956324	0.173407	6.8E-01	0.0109142	0.0235896	0.214062	6.4E-01	0.320084	5.7E-01
rs805769	20	5667459	0.191037	T	C	0.595306	0.99253	0.00182601	9.7E-01	0.000256699	0.00574784	0.00199452	9.6E-01	0.0326383	8.6E-01
rs6117303	20	6487687	0.213838	T	C	0.34849	0.989053	3.68953	5.5E-02	0.0128094	0.00592538	4.67334	3.1E-02	4.64523	3.1E-02
rs146411982	20	38985760	0.586515	A	G	0.97517	0.885893	18.4218	1.8E-05	-0.0841685	0.0191557	19.3065	1.1E-05	18.3165	1.9E-05
rs1997833	20	39690342	0.597551	T	C	0.700507	0.998963	11.6553	6.4E-04	-0.0213185	0.00611405	12.1578	4.9E-04	13.6674	2.2E-04
rs11699991	20	45489407	0.689702	T	A	0.670387	0.988835	0.910887	3.4E-01	0.00777674	0.006005	1.67714	2.0E-01	2.4065	1.2E-01
rs6068280	20	51235613	0.791961	A	G	0.324841	0.992237	0.311826	5.8E-01	0.00361603	0.00599119	0.364282	5.5E-01	0.313951	5.8E-01
rs6013572	20	51553621	0.798111	T	C	0.936054	1	0.0386564	8.4E-01	0.000659923	0.011547	0.00326625	9.5E-01	0.0194313	8.9E-01
rs1936966	20	51691779	0.801626	C	T	0.672454	0.982215	1.06312	3.0E-01	-0.00674192	0.00607685	1.23087	2.7E-01	0.898087	3.4E-01
rs2105063	20	62690683	1.09651	C	T	0.438811	1	1.13994	2.9E-01	0.00608856	0.00567109	1.15265	2.8E-01	0.884484	3.5E-01
rs4998557	21	33034892	0.322704	G	A	0.887631	0.995909	1.48822	2.2E-01	-0.00904965	0.00892793	1.02745	3.1E-01	1.11962	2.9E-01
rs2836139	21	39451403	0.432375	A	G	0.514897	0.9942	0.813908	3.7E-01	0.00471695	0.0056631	0.693769	4.0E-01	0.67098	4.1E-01
rs2330396	21	47524380	0.643685	A	C	0.492654	0.996498	6.59744	1.0E-02	-0.0140278	0.0056141	6.24336	1.2E-02	5.4794	1.9E-02
rs2236142	22	29137944	0.338659	G	C	0.32476	0.994367	0.00386058	9.5E-01	-0.000882676	0.00600942	0.0215744	8.8E-01	0.112987	7.4E-01
rs5997898	22	31572963	0.355537	A	C	0.421356	0.998342	0.129866	7.2E-01	-0.00180765	0.00569713	0.100674	7.5E-01	0.0826061	7.7E-01
