SNP	CHR	BP	GENPOS	ALLELE1	ALLELE0	A1FREQ	INFO	CHISQ_LINREG	P_LINREG	BETA	SE	CHISQ_BOLT_LMM_INF	P_BOLT_LMM_INF
rs10909862	1	2936815	0.0400559	G	A	0.1928	0.987988	6.92959	8.5E-03	0.0186543	0.00715183	6.80335	9.1E-03	5.88478	1.5E-02
rs1294014	1	9325676	0.18921	C	T	0.732088	0.974098	10.2838	1.3E-03	-0.0194476	0.00642934	9.1495	2.5E-03	10.831	1.0E-03
rs10753554	1	23619009	0.461644	T	C	0.260317	0.989627	0.24767	6.2E-01	-0.00410787	0.00642315	0.409014	5.2E-01	0.438108	5.1E-01
rs75460349	1	27180088	0.501718	A	C	0.976332	0.967852	31.7481	1.8E-08	-0.104237	0.0187206	31.0032	2.6E-08	31.5208	2.0E-08
rs11591147	1	55505647	0.809828	G	T	0.982511	1	57.7985	2.9E-14	0.160011	0.021378	56.0225	7.2E-14	59.8829	1.0E-14
rs646179	1	62902874	0.922787	A	G	0.394311	0.984822	45.0496	1.9E-11	0.0394283	0.00577461	46.6199	8.6E-12	52.965	3.4E-13
rs10889551	1	65906137	0.967654	A	G	0.326867	0.995997	0.0235268	8.8E-01	-0.000433463	0.00599755	0.00522343	9.4E-01	0.0353812	8.5E-01
rs71658797	1	77967507	1.07336	T	A	0.879141	0.99054	4.89097	2.7E-02	0.0210844	0.00862453	5.97657	1.4E-02	5.30477	2.1E-02
rs1415361	1	103562263	1.33102	C	T	0.402104	0.995554	0.805417	3.7E-01	-0.0045558	0.0057323	0.631644	4.3E-01	0.460757	5.0E-01
rs116679284	1	119014845	1.50751	C	T	0.963654	0.948411	0.0625969	8.0E-01	-0.00352762	0.0153963	0.0524962	8.2E-01	0.00104554	9.7E-01
rs1766783	1	119434896	1.50931	A	C	0.181268	0.981355	0.8686	3.5E-01	-0.00570424	0.00733747	0.60437	4.4E-01	0.727231	3.9E-01
rs3738479	1	150997842	1.65945	T	A	0.765906	0.995486	0.986334	3.2E-01	-0.00675454	0.00663963	1.03491	3.1E-01	0.849271	3.6E-01
rs79810698	1	154836444	1.69767	C	A	0.95565	1	2.24211	1.3E-01	0.018534	0.013622	1.85121	1.7E-01	1.71231	1.9E-01
rs10494421	1	164738727	1.83743	C	T	0.880829	1	0.718344	4.0E-01	-0.00831083	0.00865509	0.922032	3.4E-01	1.38699	2.4E-01
rs3121911	1	170212480	1.91705	G	A	0.744389	0.993907	1.42	2.3E-01	0.00685728	0.00641238	1.14358	2.8E-01	1.19966	2.7E-01
rs17346300	1	170510459	1.91857	C	T	0.950626	1	0.595132	4.4E-01	0.0102917	0.0129714	0.629506	4.3E-01	0.736967	3.9E-01
rs6697844	1	172308238	1.93873	C	T	0.56798	0.996349	5.46118	1.9E-02	-0.0146522	0.00564498	6.7372	9.4E-03	7.3509	6.7E-03
rs10922075	1	196467248	2.1432	G	A	0.687963	0.997066	10.3342	1.3E-03	0.0186382	0.006054	9.47814	2.1E-03	8.84821	2.9E-03
rs13303121	1	203503267	2.22276	C	G	0.607356	0.947347	4.14564	4.2E-02	0.0114975	0.00588107	3.82202	5.1E-02	3.09004	7.9E-02
rs4951159	1	205012106	2.25304	G	C	0.0908836	0.967	1.67686	2.0E-01	-0.0124295	0.00991843	1.57043	2.1E-01	2.04981	1.5E-01
rs61821643	1	219268532	2.43532	T	C	0.974378	0.889659	0.00529189	9.4E-01	-0.00132181	0.0187841	0.00495174	9.4E-01	0.194769	6.6E-01
rs77278027	1	219392230	2.43543	C	T	0.93823	0.976746	0.508888	4.8E-01	-0.00871015	0.0117881	0.545964	4.6E-01	0.435327	5.1E-01
rs12740837	1	219623230	2.43692	G	A	0.983204	0.959021	1.74907	1.9E-01	-0.0312834	0.0222183	1.98248	1.6E-01	2.3787	1.2E-01
rs4631704	1	230293530	2.53595	C	T	0.39136	0.985874	35.9867	2.0E-09	0.0362985	0.00578209	39.4102	3.4E-10	44.5649	2.5E-11
rs711869	2	13073967	0.297329	G	A	0.443249	0.983109	0.373112	5.4E-01	-0.00172978	0.00569151	0.0923695	7.6E-01	0.0776199	7.8E-01
rs113178254	2	20921906	0.417157	C	T	0.934529	0.997165	32.2249	1.4E-08	0.0629497	0.011371	30.6473	3.1E-08	30.5032	3.3E-08
rs4971538	2	21121130	0.419459	T	G	0.87799	0.993171	43.9022	3.5E-11	-0.0578894	0.00857429	45.5828	1.5E-11	49.4685	2.0E-12
rs1275541	2	27389195	0.473183	A	G	0.303753	0.98562	36.4195	1.6E-09	-0.0359865	0.00613949	34.357	4.6E-09	34.7922	3.7E-09
rs7933	2	43452183	0.682402	A	G	0.634849	0.981779	1.79526	1.8E-01	-0.00801457	0.00586884	1.8649	1.7E-01	0.998045	3.2E-01
rs4299376	2	44072576	0.686578	G	T	0.325137	0.998057	40.6764	1.8E-10	0.038904	0.00600008	42.0411	8.9E-11	41.6779	1.1E-10
rs36072157	2	48953740	0.765134	G	C	0.658175	0.956087	4.3545	3.7E-02	-0.0121607	0.00603523	4.06003	4.4E-02	3.40558	6.5E-02
rs4953627	2	48990167	0.765401	C	T	0.77524	0.975089	9.14391	2.5E-03	0.0226314	0.00682059	11.0098	9.1E-04	12.4252	4.2E-04
rs10779951	2	66142656	0.91656	G	A	0.525126	0.992672	3.05736	8.0E-02	-0.0107086	0.00564372	3.60026	5.8E-02	3.597	5.8E-02
rs12713567	2	66729420	0.924256	A	G	0.428176	0.981664	1.25879	2.6E-01	0.00544498	0.00571428	0.907966	3.4E-01	1.10162	2.9E-01
rs1521047	2	67724601	0.937973	C	G	0.75421	0.992329	1.23586	2.7E-01	0.00690514	0.00651125	1.12465	2.9E-01	1.1924	2.7E-01
rs12712049	2	100208830	1.21955	A	G	0.176674	0.985519	3.89052	4.9E-02	0.0136126	0.00739227	3.39101	6.6E-02	3.11946	7.7E-02
rs72946301	2	111861838	1.33125	G	A	0.903863	0.964859	0.212357	6.4E-01	0.00346244	0.00968702	0.127757	7.2E-01	0.525278	4.7E-01
rs1053413	2	114471921	1.35945	A	G	0.784744	0.998156	3.97956	4.6E-02	-0.0141132	0.00684374	4.25269	3.9E-02	4.17299	4.1E-02
rs7593247	2	119337589	1.3956	C	T	0.503784	0.990163	0.0106322	9.2E-01	0.00102487	0.00563164	0.0331184	8.6E-01	0.0601739	8.1E-01
rs78876301	2	158234589	1.75901	A	C	0.987195	0.782415	0.864257	3.5E-01	-0.0239434	0.0282161	0.720073	4.0E-01	1.09492	3.0E-01
rs77928329	2	158413902	1.76308	G	A	0.94544	0.998218	2.7993	9.4E-02	0.0229765	0.0123084	3.48468	6.2E-02	3.78928	5.2E-02
rs1402698	2	165424575	1.81281	G	A	0.368889	0.988943	11.5107	6.9E-04	-0.0194819	0.00585405	11.0752	8.7E-04	10.2882	1.3E-03
rs3769877	2	165569779	1.81517	G	A	0.125673	1	5.41786	2.0E-02	0.0189118	0.00846225	4.99455	2.5E-02	5.37855	2.0E-02
rs72882321	2	172298662	1.8972	C	T	0.821415	0.98752	0.841639	3.6E-01	0.00588778	0.00737077	0.638082	4.2E-01	0.25992	6.1E-01
rs62173497	2	187821910	2.04064	C	A	0.889372	0.96522	0.948121	3.3E-01	0.00782472	0.00908373	0.742009	3.9E-01	0.783738	3.8E-01
rs61613340	2	191746748	2.0603	G	T	0.922172	0.993102	8.7804e-05	9.9E-01	0.000236697	0.0104979	0.000508371	9.8E-01	0.0218087	8.8E-01
rs1250248	2	216287093	2.28549	A	G	0.271958	0.996374	0.21524	6.4E-01	-0.00333854	0.00631756	0.279264	6.0E-01	0.49984	4.8E-01
rs2373074	2	218381350	2.32413	C	T	0.903229	0.998908	0.977229	3.2E-01	-0.0100292	0.00949513	1.11566	2.9E-01	0.945301	3.3E-01
rs62182126	2	219279230	2.33765	G	A	0.901349	1	4.10253	4.3E-02	-0.0185672	0.00940264	3.89938	4.8E-02	4.02698	4.5E-02
rs6760762	2	226866226	2.44112	C	T	0.776249	0.976874	4.3832	3.6E-02	0.0141909	0.0068131	4.3384	3.7E-02	4.74023	2.9E-02
rs305506	3	12026709	0.296805	G	T	0.113563	0.992655	4.57991	3.2E-02	0.0189216	0.00888697	4.53324	3.3E-02	5.23163	2.2E-02
rs114252958	3	12409938	0.29797	C	T	0.982978	0.956617	0.00356795	9.5E-01	-0.00275447	0.0222676	0.0153012	9.0E-01	0.01027	9.2E-01
rs10490869	3	35635145	0.595764	A	T	0.789478	0.990849	2.65714	1.0E-01	-0.00973421	0.00688839	1.99695	1.6E-01	2.65406	1.0E-01
rs6771508	3	43718462	0.664863	A	C	0.974946	0.998741	2.29775	1.3E-01	0.0265113	0.0179565	2.1798	1.4E-01	1.79691	1.8E-01
rs4683294	3	46979013	0.687679	G	C	0.321605	0.960868	4.87387	2.7E-02	-0.0117457	0.00611759	3.68633	5.5E-02	4.04345	4.4E-02
rs4858828	3	48724811	0.68972	C	T	0.349101	0.999091	0.308073	5.8E-01	0.00202953	0.00586337	0.119811	7.3E-01	0.183272	6.7E-01
rs352156	3	52214610	0.694887	C	T	0.955078	0.904333	9.76725	1.8E-03	0.0421345	0.0141118	8.9148	2.8E-03	8.75272	3.1E-03
rs7643235	3	53227428	0.699142	T	C	0.4136	0.989215	0.654843	4.2E-01	0.0049557	0.00569585	0.756993	3.8E-01	0.528597	4.7E-01
rs11718560	3	64584862	0.868956	C	T	0.731847	0.985124	4.626	3.1E-02	-0.0137068	0.00637153	4.62788	3.1E-02	4.19839	4.0E-02
rs4688498	3	64674599	0.871028	C	T	0.669682	0.985151	0.0410592	8.4E-01	-0.00163215	0.00600882	0.0737809	7.9E-01	0.0526245	8.2E-01
rs997274	3	78704821	1.06722	T	C	0.748705	0.994327	0.0835235	7.7E-01	0.0011923	0.00649936	0.0336536	8.5E-01	0.280824	6.0E-01
rs1877569	3	99224544	1.12953	G	A	0.816212	0.993173	0.00792476	9.3E-01	-0.00121138	0.0072447	0.0279591	8.7E-01	0.0424162	8.4E-01
rs9875732	3	107461731	1.19696	T	C	0.623037	0.99667	0.906398	3.4E-01	-0.00629223	0.00579845	1.17756	2.8E-01	1.73832	1.9E-01
rs1000368	3	123117165	1.35684	C	T	0.748381	0.996692	2.28943	1.3E-01	-0.00998765	0.00646788	2.38453	1.2E-01	2.64945	1.0E-01
rs113771682	3	129112166	1.4255	C	T	0.937375	0.999072	0.18651	6.7E-01	0.00406266	0.0116099	0.122451	7.3E-01	0.106027	7.4E-01
rs7647218	3	129125231	1.42558	C	A	0.901341	0.999167	0.732895	3.9E-01	-0.0102556	0.00942872	1.18308	2.8E-01	0.721028	4.0E-01
rs75212171	3	129323322	1.42649	T	C	0.983129	1	0.0575086	8.1E-01	0.0116946	0.0217699	0.288573	5.9E-01	0.395128	5.3E-01
rs112551697	3	150018637	1.64271	G	A	0.96554	0.928479	2.43994	1.2E-01	-0.0215098	0.0159075	1.82839	1.8E-01	2.55198	1.1E-01
rs11720805	3	156800360	1.71236	A	G	0.330979	0.970132	1.40898	2.4E-01	0.00789049	0.00605444	1.69848	1.9E-01	2.21612	1.4E-01
rs1488111	3	168951612	1.77942	C	T	0.517315	0.996852	2.65531	1.0E-01	0.00975203	0.00560969	3.02213	8.2E-02	2.92672	8.7E-02
rs1499813	3	171760427	1.8208	T	C	0.587431	1	1.13863	2.9E-01	-0.00655852	0.00572266	1.31346	2.5E-01	2.21934	1.4E-01
rs13092876	3	185495320	2.01656	G	A	0.686729	0.994835	4.455	3.5E-02	-0.0127031	0.0060616	4.3918	3.6E-02	4.66444	3.1E-02
rs3843375	3	196813908	2.26438	G	A	0.590289	0.999191	1.79132	1.8E-01	-0.00667639	0.00571879	1.36293	2.4E-01	0.979977	3.2E-01
rs75072999	4	844781	0.00782036	G	A	0.904916	0.991302	3.58934	5.8E-02	0.0183605	0.00961965	3.64292	5.6E-02	3.56558	5.9E-02
rs748483	4	952409	0.00822297	A	G	0.891514	0.99682	4.82818	2.8E-02	-0.0201357	0.00904193	4.95921	2.6E-02	4.8645	2.7E-02
rs7676662	4	3484768	0.0351686	T	C	0.323993	0.991258	31.6676	1.8E-08	-0.034128	0.00603083	32.0234	1.5E-08	32.7116	1.1E-08
rs1912897	4	26006133	0.455942	A	T	0.79303	0.98817	5.87963	1.5E-02	-0.0173194	0.00696999	6.17451	1.3E-02	6.06548	1.4E-02
rs7689800	4	26295421	0.461356	C	G	0.382047	0.982424	0.00961401	9.2E-01	0.00168133	0.00582864	0.0832096	7.7E-01	0.0140998	9.1E-01
rs34171390	4	56192405	0.730002	C	G	0.8287	0.967618	4.34374	3.7E-02	-0.0149903	0.00755132	3.94072	4.7E-02	3.31307	6.9E-02
rs28716151	4	87799931	1.02887	A	G	0.633496	0.995654	30.0382	4.2E-08	-0.0330597	0.00584886	31.9489	1.6E-08	33.1694	8.4E-09
rs10029220	4	89710592	1.04921	C	T	0.909822	0.997537	0.0290995	8.6E-01	-0.00303939	0.00981728	0.0958498	7.6E-01	0.132954	7.2E-01
rs1813006	4	103001649	1.15654	G	T	0.940843	0.94358	10.796	1.0E-03	-0.0406022	0.0122313	11.0192	9.0E-04	11.6093	6.6E-04
rs12647922	4	106063987	1.17944	C	T	0.794569	0.998343	0.788644	3.7E-01	-0.0054466	0.00694225	0.615533	4.3E-01	0.805375	3.7E-01
rs7655064	4	120106348	1.31331	T	C	0.875314	0.995692	0.577412	4.5E-01	0.00625828	0.00849552	0.542663	4.6E-01	0.326411	5.7E-01
rs2922979	4	123748616	1.34468	C	G	0.689916	1	2.70301	1.0E-01	0.0087159	0.0060727	2.05997	1.5E-01	1.33021	2.5E-01
rs1520325	4	125182690	1.35483	C	T	0.780072	0.994582	0.397178	5.3E-01	-0.00457978	0.00679197	0.454671	5.0E-01	0.545257	4.6E-01
rs2353397	4	145517578	1.53798	C	T	0.460014	1	0.0721045	7.9E-01	-0.00189747	0.00563537	0.113372	7.4E-01	0.0117571	9.1E-01
rs2166365	5	3597830	0.0882728	A	G	0.777698	0.981109	0.187502	6.7E-01	0.00342846	0.00680326	0.25396	6.1E-01	0.393078	5.3E-01
rs13178917	5	4007353	0.10142	C	T	0.551974	0.99437	2.44327	1.2E-01	0.00995313	0.00563127	3.12397	7.7E-02	2.82816	9.3E-02
rs10061804	5	32748637	0.511958	G	A	0.711087	1	0.0334896	8.5E-01	0.00122555	0.0061909	0.0391882	8.4E-01	0.000825027	9.8E-01
rs299615	5	34042097	0.535425	G	A	0.843206	1	1.33127	2.5E-01	0.00799682	0.00772096	1.07273	3.0E-01	0.941295	3.3E-01
rs4293945	5	38736142	0.597252	A	T	0.606405	0.995383	1.92068	1.7E-01	0.00878494	0.00575382	2.33112	1.3E-01	2.69349	1.0E-01
rs163112	5	54538003	0.667379	C	G	0.107056	0.994238	2.08564	1.5E-01	0.0112908	0.00911217	1.53535	2.2E-01	1.66333	2.0E-01
rs61653333	5	55779080	0.679717	G	T	0.970413	0.977169	0.00157673	9.7E-01	0.00273742	0.0167143	0.0268231	8.7E-01	1.58405e-06	1.0E+00
rs6867983	5	55854153	0.681454	C	T	0.861186	1	38.9848	4.3E-10	-0.0525482	0.00811273	41.9548	9.3E-11	45.2401	1.7E-11
rs11749164	5	66294202	0.770672	T	G	0.726476	0.988719	0.189907	6.6E-01	-0.00331566	0.00633172	0.274219	6.0E-01	0.743474	3.9E-01
rs6878122	5	76427311	0.889556	G	A	0.318279	0.997785	0.684328	4.1E-01	-0.00404867	0.00603504	0.450053	5.0E-01	0.210036	6.5E-01
rs7734060	5	101780479	1.10738	T	G	0.734786	0.995631	0.59881	4.4E-01	0.00540204	0.00638741	0.715263	4.0E-01	0.791026	3.7E-01
rs1394631	5	118639270	1.27349	C	T	0.775173	0.988487	1.82833	1.8E-01	-0.00963762	0.00674631	2.04083	1.5E-01	1.93851	1.6E-01
rs11744058	5	118798944	1.27486	G	T	0.783774	0.998591	6.5488	1.0E-02	0.0178895	0.00682301	6.87453	8.7E-03	8.67253	3.2E-03
rs3749748	5	127350549	1.37291	C	T	0.753975	0.992802	1.93814	1.6E-01	0.00915329	0.00653172	1.96381	1.6E-01	1.50879	2.2E-01
rs4705986	5	132349654	1.39065	T	G	0.937241	0.978165	1.71508	1.9E-01	0.0188112	0.011702	2.58412	1.1E-01	3.01246	8.3E-02
rs10463353	5	141710741	1.48273	C	T	0.640669	0.986535	4.5644	3.3E-02	0.0122963	0.00587932	4.37418	3.6E-02	5.02954	2.5E-02
rs33999	5	141973349	1.48937	C	G	0.612065	0.9834	5.05454	2.5E-02	-0.0117269	0.00579159	4.09989	4.3E-02	3.72799	5.4E-02
rs10062458	5	156367092	1.66277	T	C	0.34782	0.985353	47.1672	6.5E-12	-0.0403475	0.00590025	46.7619	8.0E-12	48.3229	3.6E-12
rs12652322	5	171822666	1.88951	C	T	0.705252	0.99822	3.28309	7.0E-02	-0.0106902	0.00616351	3.00827	8.3E-02	2.44565	1.2E-01
rs2053681	5	172746086	1.91113	A	G	0.485601	0.912476	2.14533	1.4E-01	-0.00764839	0.00588894	1.68681	1.9E-01	2.26493	1.3E-01
rs10035782	5	173270328	1.92939	A	G	0.600665	0.984103	0.0310292	8.6E-01	0.00142951	0.00577223	0.0613321	8.0E-01	0.0504934	8.2E-01
rs11963955	6	6631996	0.178791	A	G	0.637527	0.976944	6.03773	1.4E-02	-0.0148491	0.00590767	6.31782	1.2E-02	7.17299	7.4E-03
rs201061	6	6730512	0.181115	G	A	0.455616	0.976616	0.250988	6.2E-01	-0.00249586	0.00568467	0.192766	6.6E-01	0.341872	5.6E-01
rs1334576	6	7211818	0.195986	G	A	0.5774	1	0.0383333	8.4E-01	-0.000580105	0.00568703	0.010405	9.2E-01	0.0250963	8.7E-01
rs9382988	6	14595010	0.314722	C	A	0.204362	0.998886	0.160612	6.9E-01	-0.000708899	0.00697591	0.0103268	9.2E-01	0.0212894	8.8E-01
rs4710940	6	20658012	0.410434	A	C	0.647018	0.999463	3.47042	6.2E-02	-0.0120204	0.0058809	4.17783	4.1E-02	3.21592	7.3E-02
rs3129830	6	30248711	0.50553	G	A	0.868546	0.999908	4.35542	3.7E-02	0.0171821	0.00826813	4.31855	3.8E-02	5.03074	2.5E-02
rs7772131	6	30795171	0.50714	A	C	0.988571	1	0.00533439	9.4E-01	-0.00431354	0.0263845	0.0267281	8.7E-01	0.0139861	9.1E-01
rs6919908	6	31244960	0.511805	T	C	0.193909	0.999901	11.8623	5.7E-04	-0.0255684	0.00711247	12.923	3.2E-04	10.8122	1.0E-03
rs181133225	6	32454764	0.520293	T	C	0.893444	0.778953	0.0217186	8.8E-01	-0.000623301	0.0102378	0.00370663	9.5E-01	0.0214125	8.8E-01
rs117108573	6	32489679	0.520303	C	T	0.921405	0.866866	0.0736157	7.9E-01	-0.000932918	0.0111263	0.00703051	9.3E-01	0.0151069	9.0E-01
rs575662827	6	32543874	0.520325	T	C	0.899303	0.833996	0.0468575	8.3E-01	-0.00125183	0.0101559	0.0151932	9.0E-01	0.0333563	8.6E-01
rs114760566	6	34192036	0.545788	C	A	0.954268	0.993831	10.6646	1.1E-03	-0.0447587	0.0134542	11.0672	8.8E-04	10.8729	9.8E-04
rs1574430	6	43269029	0.669727	A	C	0.391321	0.999399	0.495645	4.8E-01	0.00344894	0.00574592	0.36029	5.5E-01	0.490436	4.8E-01
rs9381248	6	43734606	0.675407	C	T	0.87836	0.993046	3.31285	6.9E-02	-0.0154567	0.00861469	3.21924	7.3E-02	3.59573	5.8E-02
rs35349911	6	43785255	0.678849	C	T	0.409597	0.97009	4.36453	3.7E-02	-0.012915	0.00580079	4.95693	2.6E-02	4.78486	2.9E-02
rs72902769	6	80719576	0.920488	C	G	0.966636	0.999182	1.96844	1.6E-01	-0.0189128	0.0156428	1.46178	2.3E-01	0.943563	3.3E-01
rs62406467	6	81114126	0.921634	G	T	0.849349	0.952286	0.985247	3.2E-01	0.00861122	0.00803271	1.14923	2.8E-01	0.456468	5.0E-01
rs6924944	6	100597579	1.0811	A	T	0.245827	0.981159	3.19106	7.4E-02	0.0125283	0.00659196	3.61206	5.7E-02	3.49682	6.1E-02
rs2806373	6	109222017	1.18299	G	A	0.239664	0.998945	3.43114	6.4E-02	-0.0107993	0.0065653	2.70574	1.0E-01	3.16255	7.5E-02
rs72969772	6	126187585	1.32503	A	G	0.980332	1	0.583204	4.5E-01	-0.0132048	0.0202556	0.424984	5.1E-01	0.364514	5.5E-01
rs9986505	6	126445558	1.32603	A	G	0.6761	0.991308	3.07956	7.9E-02	0.00963963	0.0060175	2.56619	1.1E-01	2.34808	1.3E-01
rs74949497	6	126812007	1.32699	A	C	0.97518	1	5.07492	2.4E-02	-0.0426061	0.01813	5.52267	1.9E-02	5.22057	2.2E-02
rs139242696	6	127414440	1.32797	T	C	0.974907	0.948341	1.49425	2.2E-01	-0.0174614	0.0183765	0.902885	3.4E-01	1.60977	2.0E-01
rs9385864	6	139805476	1.50274	C	T	0.6907	0.988333	19.9616	7.9E-06	-0.0270237	0.00611332	19.5405	9.8E-06	19.7974	8.6E-06
rs12205386	6	139837171	1.50318	C	A	0.643666	0.9992	10.6553	1.1E-03	0.0187494	0.00586187	10.2307	1.4E-03	11.8887	5.6E-04
rs11756568	6	152042413	1.64245	A	T	0.724877	0.999168	2.80923	9.4E-02	-0.00835105	0.00629049	1.76244	1.8E-01	1.53253	2.2E-01
rs9365100	6	160248806	1.76828	G	A	0.98445	0.969721	28.7273	8.3E-08	0.125482	0.0229534	29.8859	4.6E-08	30.2893	3.7E-08
rs9459839	6	167431829	1.92196	T	C	0.531185	0.998188	1.63085	2.0E-01	-0.00710744	0.005603	1.6091	2.0E-01	1.52717	2.2E-01
rs2214440	7	20372191	0.358281	A	G	0.667686	0.991786	2.33506	1.3E-01	0.0104027	0.00598328	3.02284	8.2E-02	3.29658	6.9E-02
rs111683990	7	25729528	0.437229	C	G	0.955515	0.987881	0.475871	4.9E-01	-0.00949027	0.0137152	0.478797	4.9E-01	0.496533	4.8E-01
rs2040786	7	26208736	0.442609	G	A	0.529361	1	2.06963	1.5E-01	0.00817781	0.00561871	2.11837	1.5E-01	1.85407	1.7E-01
rs17428025	7	27251396	0.453724	C	T	0.971743	0.967404	1.66929	2.0E-01	0.0204195	0.0172066	1.40832	2.4E-01	1.43867	2.3E-01
rs849140	7	28183702	0.463008	T	C	0.410278	1	0.495443	4.8E-01	-0.00435328	0.00573355	0.576482	4.5E-01	0.2592	6.1E-01
rs17172095	7	42665355	0.680121	A	G	0.679343	0.995026	1.10877	2.9E-01	0.00700618	0.0060214	1.35384	2.4E-01	1.46055	2.3E-01
rs42132	7	72809618	0.89708	C	T	0.812622	0.92392	42.2388	8.1E-11	0.0486163	0.00750522	41.9602	9.3E-11	38.8234	4.6E-10
rs76306613	7	106235348	1.22452	G	T	0.855998	0.98895	1.28212	2.6E-01	-0.00905909	0.00803753	1.27035	2.6E-01	2.00556	1.6E-01
rs2237687	7	107585473	1.24369	C	T	0.472386	0.966594	0.531959	4.7E-01	0.00397364	0.0057087	0.484511	4.9E-01	0.894247	3.4E-01
rs38902	7	116889718	1.32093	G	A	0.474719	0.992845	3.74778	5.3E-02	-0.011174	0.00563373	3.93391	4.7E-02	3.31307	6.9E-02
rs12154627	7	130422934	1.4017	T	C	0.506907	0.97487	44.0898	3.1E-11	0.036551	0.00567071	41.5454	1.2E-10	43.4802	4.3E-11
rs7808446	7	150214465	1.67249	T	G	0.235469	0.993612	6.17858	1.3E-02	0.0168347	0.00663107	6.44531	1.1E-02	6.0869	1.4E-02
rs7014168	8	10641965	0.266242	G	A	0.776722	0.996719	5.76124	1.6E-02	-0.0165791	0.00674866	6.03517	1.4E-02	5.75767	1.6E-02
rs4474021	8	12632903	0.332387	G	T	0.680802	1	5.20942	2.2E-02	-0.0135342	0.00600392	5.08157	2.4E-02	5.08852	2.4E-02
rs10103634	8	19890612	0.473319	G	A	0.679853	1	99.5142	1.9E-23	0.0588152	0.00599412	96.2782	1.0E-22	102.107	5.3E-24
rs7815496	8	38321607	0.69461	C	T	0.597431	0.996532	8.7545	3.1E-03	-0.0171212	0.00571331	8.98035	2.7E-03	9.57776	2.0E-03
rs7826120	8	59371725	0.81908	T	C	0.332931	0.994459	33.0221	9.1E-09	0.0330172	0.00598174	30.4667	3.4E-08	31.2691	2.2E-08
rs12543555	8	69562014	0.90375	A	G	0.792127	0.98465	0.563387	4.5E-01	-0.00522045	0.00694431	0.565141	4.5E-01	0.577682	4.5E-01
rs28568866	8	72353630	0.949663	G	A	0.969859	0.939217	0.470657	4.9E-01	-0.0131026	0.0169357	0.59856	4.4E-01	0.897826	3.4E-01
rs146492163	8	72386394	0.950025	G	T	0.96946	0.960969	8.7332	3.1E-03	-0.0497888	0.0166499	8.94213	2.8E-03	8.26056	4.1E-03
rs1895674	8	72443246	0.950276	T	G	0.946831	0.990629	0.0884865	7.7E-01	0.00308847	0.0125188	0.0608644	8.1E-01	0.0401324	8.4E-01
rs4147332	8	89280863	1.08332	G	C	0.323111	0.995784	0.535639	4.6E-01	0.00447516	0.00600121	0.556083	4.6E-01	0.385868	5.3E-01
rs144435165	8	126419938	1.45107	G	C	0.944194	0.785853	32.2768	1.3E-08	-0.0816685	0.0137567	35.2435	2.9E-09	34.5217	4.2E-09
rs2954018	8	126477153	1.45319	C	T	0.298303	0.998357	73.9837	7.9E-18	0.0539327	0.00613285	77.3356	1.4E-18	81.4187	1.8E-19
rs6991761	8	128274518	1.48941	C	T	0.844226	0.993607	0.150809	7.0E-01	-0.00289092	0.00774135	0.139457	7.1E-01	0.0856022	7.7E-01
rs2467030	8	135665361	1.60637	A	G	0.339711	0.997044	0.0876327	7.7E-01	0.000966555	0.00594349	0.0264466	8.7E-01	0.00841142	9.3E-01
rs12340775	9	13226945	0.282033	G	A	0.944664	0.940298	1.29917	2.5E-01	0.0165205	0.0126373	1.70896	1.9E-01	1.73719	1.9E-01
rs73650963	9	93943033	1.11642	T	C	0.892489	0.990174	1.00771	3.2E-01	-0.00848411	0.00906108	0.876704	3.5E-01	0.831243	3.6E-01
rs2131919	9	95283887	1.12689	A	G	0.83667	0.999136	5.00398	2.5E-02	-0.0171308	0.00761402	5.06204	2.4E-02	4.71033	3.0E-02
rs1572136	9	101740604	1.18729	G	C	0.724977	0.989514	12.134	5.0E-04	0.0219435	0.00632499	12.0363	5.2E-04	13.0828	3.0E-04
rs12686004	9	107653426	1.24316	G	A	0.884341	1	2.84822	9.1E-02	0.0152628	0.00876995	3.02884	8.2E-02	3.76266	5.2E-02
rs10991414	9	107685589	1.24582	T	C	0.861068	0.989408	2.26992	1.3E-01	-0.012353	0.00817539	2.28312	1.3E-01	2.47276	1.2E-01
rs111479443	9	107874316	1.24936	T	G	0.963776	0.9746	1.83704	1.8E-01	0.0232949	0.015221	2.34225	1.3E-01	2.8827	9.0E-02
rs7048735	9	112529695	1.31375	A	G	0.239526	0.976202	0.131525	7.2E-01	-0.00361339	0.00665066	0.29519	5.9E-01	0.342719	5.6E-01
rs1002607	9	113858933	1.33848	T	C	0.40707	0.988428	0.0534445	8.2E-01	0.000937636	0.00575443	0.02655	8.7E-01	0.0531563	8.2E-01
rs13298297	9	119264108	1.4204	G	A	0.769275	0.989359	0.899066	3.4E-01	-0.00578177	0.00671624	0.741089	3.9E-01	0.680852	4.1E-01
rs6478851	9	131561110	1.55426	G	A	0.758733	1	1.81991	1.8E-01	-0.00913689	0.00657154	1.93313	1.6E-01	2.36115	1.2E-01
rs60980157	9	139235415	1.78278	C	T	0.757489	0.966704	1.65566	2.0E-01	-0.00774772	0.00663902	1.36189	2.4E-01	1.29937	2.5E-01
rs7072195	10	3540748	0.0738836	T	C	0.417524	0.993244	0.163109	6.9E-01	-0.00130504	0.00571013	0.0522344	8.2E-01	0.11988	7.3E-01
rs11592754	10	32619572	0.605452	A	C	0.856559	0.998356	0.65051	4.2E-01	0.00483523	0.0080037	0.364967	5.5E-01	0.341181	5.6E-01
rs2247396	10	33489192	0.60946	G	A	0.603662	0.99818	1.51464	2.2E-01	0.00636843	0.00571947	1.2398	2.7E-01	0.857105	3.5E-01
rs4341488	10	60452745	0.822202	G	A	0.188405	0.998867	0.409617	5.2E-01	0.00444122	0.00717114	0.383555	5.4E-01	0.144033	7.0E-01
rs17287962	10	63770969	0.858439	A	G	0.970068	0.979005	1.88341	1.7E-01	-0.0218766	0.0166322	1.73004	1.9E-01	2.2587	1.3E-01
rs10762666	10	77157489	1.00522	A	G	0.241989	0.984822	0.914744	3.4E-01	-0.00800954	0.00657392	1.48445	2.2E-01	1.87232	1.7E-01
rs10887758	10	89603315	1.15934	T	C	0.784607	0.990793	2.10039	1.5E-01	-0.0108979	0.00686914	2.51697	1.1E-01	2.42412	1.2E-01
rs141490680	10	95280981	1.22085	G	A	0.866803	0.998279	11.2925	7.8E-04	-0.0267558	0.00825195	10.5129	1.2E-03	9.52484	2.0E-03
rs7342070	10	104223628	1.30538	T	C	0.455127	1	0.130332	7.2E-01	-0.0029541	0.00562955	0.275361	6.0E-01	0.319776	5.7E-01
rs7917983	10	114732882	1.3977	T	C	0.532013	1	1.02714	3.1E-01	-0.0064768	0.00562481	1.32588	2.5E-01	1.48107	2.2E-01
rs242956	10	119297479	1.46386	C	T	0.362576	0.990585	0.934091	3.3E-01	0.00469536	0.00584983	0.644246	4.2E-01	0.358347	5.5E-01
rs7104929	11	784340	0.0108006	C	G	0.530558	0.997422	0.00138793	9.7E-01	0.00140197	0.00564222	0.0617419	8.0E-01	0.308841	5.8E-01
rs7932891	11	10921512	0.210707	A	G	0.294517	0.99931	0.844148	3.6E-01	0.00576184	0.00614903	0.878029	3.5E-01	0.280093	6.0E-01
rs11607537	11	14224166	0.277204	C	T	0.941072	0.981717	9.46778	2.1E-03	0.0383449	0.0120304	10.1591	1.4E-03	11.9805	5.4E-04
rs79634051	11	14561945	0.278112	G	C	0.97174	1	5.59983	1.8E-02	0.0424575	0.0168735	6.33141	1.2E-02	5.0862	2.4E-02
rs3114693	11	26127790	0.452397	A	T	0.617593	0.997848	1.75326	1.9E-01	0.00783325	0.00577955	1.83694	1.8E-01	2.24167	1.3E-01
rs56386213	11	36291554	0.562467	A	G	0.595018	1	4.34182e-05	9.9E-01	0.00149705	0.00568205	0.0694163	7.9E-01	0.126385	7.2E-01
rs1043789	11	62160729	0.709847	G	A	0.679051	0.993986	1.10858	2.9E-01	-0.00578041	0.00601039	0.924935	3.4E-01	0.865303	3.5E-01
rs77701059	11	62290876	0.71396	G	A	0.938626	1	0.187922	6.6E-01	0.00652046	0.0117022	0.310469	5.8E-01	0.542585	4.6E-01
rs143580468	11	62492885	0.714749	T	G	0.959967	0.928525	0.0529237	8.2E-01	0.00231038	0.0148206	0.0243017	8.8E-01	0.0198229	8.9E-01
rs7933551	11	63852949	0.730486	T	G	0.960057	0.986418	6.63013	1.0E-02	-0.0348304	0.0143954	5.85421	1.6E-02	5.62863	1.8E-02
rs7119750	11	65422591	0.738612	C	T	0.867318	1	0.500203	4.8E-01	-0.00756091	0.00827307	0.835247	3.6E-01	0.869683	3.5E-01
rs4297487	11	69229628	0.763225	A	G	0.324796	0.994186	0.189516	6.6E-01	-0.00158824	0.00600687	0.0699093	7.9E-01	0.541795	4.6E-01
rs28690953	11	111384426	1.18701	T	G	0.852988	1	4.29995	3.8E-02	-0.0183306	0.00792839	5.34543	2.1E-02	4.45118	3.5E-02
rs55776558	11	116527521	1.25984	T	C	0.953162	0.985638	86.4781	1.4E-20	-0.126493	0.0133865	89.2893	3.4E-21	89.2733	3.4E-21
rs139524394	11	116624922	1.26038	C	T	0.990256	0.941813	48.3145	3.6E-12	-0.208473	0.0293982	50.2875	1.3E-12	52.4577	4.4E-13
rs73632737	11	126226775	1.42418	G	C	0.926353	1	31.4329	2.1E-08	-0.0606436	0.0107356	31.9091	1.6E-08	29.8488	4.7E-08
rs11045172	12	20470221	0.37098	A	C	0.802205	0.989276	10.0664	1.5E-03	0.0238971	0.00707936	11.3947	7.4E-04	11.222	8.1E-04
rs7977928	12	26265632	0.457285	G	A	0.408615	1	0.414508	5.2E-01	-0.00491272	0.00569378	0.744462	3.9E-01	1.03622	3.1E-01
rs2343874	12	26409450	0.459085	G	A	0.53283	0.98214	0.274635	6.0E-01	-0.00177401	0.00566735	0.0979829	7.5E-01	0.0613463	8.0E-01
rs16931815	12	27427917	0.469712	A	G	0.872673	0.996695	3.49531	6.2E-02	-0.0138958	0.00844516	2.70741	1.0E-01	2.45783	1.2E-01
rs7310959	12	45968598	0.59006	G	A	0.897555	1	12.8219	3.4E-04	-0.0329117	0.00926908	12.6075	3.8E-04	12.8608	3.4E-04
rs75824359	12	54320490	0.68262	A	G	0.970266	0.973341	0.708838	4.0E-01	0.0150935	0.0167323	0.813704	3.7E-01	1.3479	2.5E-01
rs10878362	12	66417493	0.793832	C	A	0.687723	0.991565	0.747567	3.9E-01	-0.00610376	0.00606303	1.01348	3.1E-01	0.596264	4.4E-01
rs10745659	12	94092690	1.0816	C	G	0.553308	0.994516	0.987791	3.2E-01	-0.00493952	0.00567555	0.757448	3.8E-01	0.950169	3.3E-01
rs10778495	12	106991545	1.2616	A	G	0.720919	0.990603	6.4978	1.1E-02	-0.015789	0.00625967	6.36219	1.2E-02	6.38831	1.1E-02
rs189392453	12	122381427	1.46398	C	A	0.929828	0.926987	7.87293	5.0E-03	-0.0306475	0.0114104	7.21413	7.2E-03	6.91733	8.5E-03
rs12366339	12	122854616	1.46723	G	A	0.9894	0.907552	2.98204	8.4E-02	-0.0532261	0.0287908	3.41776	6.4E-02	4.66343	3.1E-02
rs147433011	12	123162845	1.46972	T	C	0.989135	0.898372	1.65613	2.0E-01	0.0362704	0.0286046	1.60781	2.0E-01	1.77421	1.8E-01
rs116950578	12	123188577	1.46982	C	T	0.967055	1	6.52058	1.1E-02	0.0414414	0.0156814	6.98394	8.2E-03	6.42887	1.1E-02
rs140689322	12	123375732	1.4703	G	A	0.973654	0.966101	0.00264791	9.6E-01	0.00262811	0.0178114	0.0217716	8.8E-01	0.0144583	9.0E-01
rs28722199	12	123989436	1.47618	A	G	0.954286	0.931304	0.56001	4.5E-01	-0.0116787	0.0139125	0.704653	4.0E-01	0.687742	4.1E-01
rs12582221	12	125323240	1.49972	G	A	0.572176	1	4.80688	2.8E-02	0.0126791	0.00566378	5.01143	2.5E-02	5.15768	2.3E-02
rs7993238	13	22473593	0.0544542	A	C	0.631395	0.976757	0.0254248	8.7E-01	0.000751433	0.00589498	0.0162486	9.0E-01	0.000997235	9.7E-01
rs10507524	13	44684600	0.468128	T	C	0.907237	0.994143	0.266317	6.1E-01	-0.00464418	0.00972767	0.227929	6.3E-01	0.325855	5.7E-01
rs12872335	13	50442235	0.536587	G	A	0.792188	0.994746	0.581301	4.5E-01	-0.00460737	0.00693947	0.440812	5.1E-01	0.348416	5.6E-01
rs61964388	13	51061980	0.539297	G	A	0.904117	0.961186	4.63324	3.1E-02	-0.0225072	0.00970822	5.37483	2.0E-02	4.73824	2.9E-02
rs627527	13	110915135	1.21483	G	A	0.418925	0.983958	2.28023	1.3E-01	0.0084293	0.00572959	2.16439	1.4E-01	1.2937	2.6E-01
rs1057119	14	23746269	0.116581	C	G	0.76153	1	1.55953	2.1E-01	0.00896947	0.00656075	1.86907	1.7E-01	1.80377	1.8E-01
rs140664623	14	52321987	0.459221	G	T	0.976323	0.975931	0.555699	4.6E-01	0.0179192	0.0186161	0.926533	3.4E-01	1.09565	3.0E-01
rs2145600	14	58750902	0.537897	C	G	0.237608	0.992449	2.55448	1.1E-01	0.00951239	0.00660559	2.07375	1.5E-01	2.46954	1.2E-01
rs6575165	14	91352234	0.881721	G	A	0.76556	0.994744	0.809403	3.7E-01	-0.00500004	0.00662947	0.568839	4.5E-01	1.12561	2.9E-01
rs10130936	14	98342676	1.02712	C	T	0.37676	0.985923	0.226972	6.3E-01	0.00343873	0.00583669	0.347106	5.6E-01	0.202709	6.5E-01
rs4779523	15	31679470	0.452779	T	A	0.728098	0.995337	0.501395	4.8E-01	-0.00626473	0.00633793	0.977033	3.2E-01	0.591884	4.4E-01
rs28647196	15	40833379	0.629227	C	T	0.564205	0.997093	7.18405	7.4E-03	-0.0160684	0.00568104	7.99995	4.7E-03	7.56533	6.0E-03
rs11630710	15	56364758	0.756318	G	T	0.893172	0.979091	0.91888	3.4E-01	-0.0073451	0.00921054	0.635953	4.3E-01	0.477326	4.9E-01
rs17184382	15	63792486	0.876626	A	C	0.574619	1	4.69524	3.0E-02	0.0135697	0.00567981	5.70783	1.7E-02	4.48558	3.4E-02
rs2165241	15	74222202	0.994735	T	C	0.491224	0.994517	0.618011	4.3E-01	-0.00461703	0.0056102	0.677279	4.1E-01	0.336729	5.6E-01
rs12905116	15	79042734	1.02295	T	A	0.242831	0.998559	0.382084	5.4E-01	-0.00266172	0.00652238	0.166538	6.8E-01	0.267498	6.1E-01
rs2401948	16	1340854	0.0338191	G	C	0.470436	0.984992	0.568817	4.5E-01	-0.0043084	0.00565989	0.579451	4.5E-01	0.653722	4.2E-01
rs3747577	16	4415696	0.082586	C	G	0.259467	0.988145	0.119718	7.3E-01	0.00287329	0.00644118	0.198988	6.6E-01	0.438442	5.1E-01
rs6498114	16	10964118	0.259065	G	T	0.240585	0.980902	0.137904	7.1E-01	0.00281269	0.00662972	0.179991	6.7E-01	0.130667	7.2E-01
rs2192868	16	53428284	0.643286	G	A	0.551203	0.983829	1.43897	2.3E-01	-0.00618602	0.00569152	1.18132	2.8E-01	1.43988	2.3E-01
rs3816117	16	56996158	0.730227	T	C	0.512811	0.998354	279.81	8.3E-63	0.0946423	0.0056106	284.546	7.7E-64	291.252	2.7E-65
rs116975210	16	67058614	0.849502	T	G	0.960603	0.993544	0.363191	5.5E-01	0.00711885	0.0144634	0.242258	6.2E-01	0.365416	5.5E-01
rs2056876	16	78864296	0.975993	T	G	0.815684	0.95437	6.13322	1.3E-02	0.0183072	0.00738959	6.13765	1.3E-02	5.741	1.7E-02
rs9926618	16	81484570	1.04509	T	A	0.39429	0.97289	15.6561	7.6E-05	0.0232378	0.00581757	15.9554	6.5E-05	14.8245	1.2E-04
rs66710707	16	81528621	1.0457	A	G	0.719577	0.992374	8.43173	3.7E-03	0.0177369	0.0062655	8.01391	4.6E-03	8.93889	2.8E-03
rs116911572	17	943593	0.0364958	T	C	0.982069	1	0.0186787	8.9E-01	-0.00244016	0.0211738	0.0132812	9.1E-01	0.108202	7.4E-01
rs4151120	17	7342148	0.196018	T	A	0.629178	0.991461	2.48553	1.1E-01	0.00930909	0.00583495	2.5453	1.1E-01	3.86222	4.9E-02
rs1561	17	8263334	0.209036	C	T	0.928268	0.930811	1.95932	1.6E-01	-0.0142871	0.0112483	1.6133	2.0E-01	1.76695	1.8E-01
rs1242488	17	17347995	0.443205	C	A	0.250473	0.994678	0.0506762	8.2E-01	0.00118001	0.0064754	0.0332075	8.6E-01	0.00187523	9.7E-01
rs897456	17	17422608	0.444631	A	G	0.942018	1	16.4084	5.1E-05	-0.0516184	0.0120208	18.4393	1.8E-05	19.5779	9.7E-06
rs11651639	17	27672320	0.49569	A	T	0.483934	0.999433	1.48508	2.2E-01	-0.00679484	0.00561145	1.46625	2.3E-01	2.12188	1.5E-01
rs55883500	17	40395267	0.664304	T	G	0.691334	0.998762	2.41108	1.2E-01	-0.00994714	0.00607146	2.68417	1.0E-01	3.71103	5.4E-02
rs2242461	17	40861424	0.665935	G	A	0.405713	1	1.55052	2.1E-01	0.00801745	0.00571106	1.97079	1.6E-01	2.53345	1.1E-01
rs76868109	17	41776943	0.672597	A	C	0.966259	1	32.8427	1.0E-08	-0.0889954	0.0155011	32.9618	9.4E-09	34.9515	3.4E-09
rs62053943	17	43744203	0.688226	C	T	0.845555	0.975028	5.77026	1.6E-02	-0.018352	0.00787493	5.43092	2.0E-02	4.96129	2.6E-02
rs6504972	17	53601168	0.790946	G	A	0.654059	0.990391	0.02348	8.8E-01	-0.0011542	0.00594631	0.0376761	8.5E-01	0.0203391	8.9E-01
rs9892365	17	59491384	0.871045	A	G	0.330387	0.996856	0.024899	8.7E-01	0.000677162	0.00597227	0.012856	9.1E-01	0.00848367	9.3E-01
rs146385050	17	60637258	0.881108	C	A	0.819308	0.982238	2.91316	8.8E-02	0.0129281	0.00734922	3.0945	7.9E-02	3.19848	7.4E-02
rs1966327	17	67570113	0.971768	A	G	0.320402	0.997202	1.06584	3.0E-01	-0.00463369	0.00601285	0.593873	4.4E-01	0.193137	6.6E-01
rs9896666	17	68226321	0.98162	C	T	0.675868	0.994992	0.546586	4.6E-01	0.00538502	0.00600243	0.80486	3.7E-01	0.92597	3.4E-01
rs3810068	18	2846499	0.0738566	T	C	0.595452	1	11.6433	6.4E-04	0.0162964	0.00570376	8.16324	4.3E-03	8.78882	3.0E-03
rs4800451	18	20716805	0.429195	C	T	0.259966	0.984274	2.2037	1.4E-01	-0.010849	0.00645875	2.8215	9.3E-02	2.50401	1.1E-01
rs1026186	18	42741410	0.625015	G	A	0.64681	0.995626	3.83752	5.0E-02	0.0115133	0.00588385	3.82892	5.0E-02	3.84577	5.0E-02
rs8086644	18	60788559	0.864537	G	A	0.834201	0.988925	0.0647286	8.0E-01	-0.000136915	0.00757809	0.000326423	9.9E-01	0.000387787	9.8E-01
rs12979965	19	2131148	0.0753026	A	G	0.499935	0.991113	9.92997e-05	9.9E-01	0.00189058	0.00562905	0.112803	7.4E-01	0.115065	7.3E-01
rs10421685	19	4488926	0.151356	G	A	0.311293	0.998169	6.50832	1.1E-02	0.0143355	0.00606823	5.58089	1.8E-02	5.2232	2.2E-02
rs10421685	19	4488926	0.151356	G	C	0.973386	0.548756	3.00517	8.3E-02	-0.0470324	0.0235066	4.00325	4.5E-02	3.87154	4.9E-02
rs1010679	19	11207102	0.319023	T	C	0.780793	0.987998	61.5184	4.4E-15	0.053051	0.0068349	60.2452	8.4E-15	62.4818	2.7E-15
rs35555265	19	17152232	0.420672	C	T	0.803227	0.993265	5.44021	2.0E-02	0.0172659	0.007067	5.96906	1.5E-02	4.7245	3.0E-02
rs72999466	19	18248499	0.447893	C	T	0.742123	0.99893	1.63216	2.0E-01	-0.00800419	0.00640898	1.55975	2.1E-01	1.25569	2.6E-01
rs1423056	19	33780444	0.560699	G	A	0.681795	0.903762	0.0920516	7.6E-01	0.00179044	0.0063433	0.0796693	7.8E-01	0.0139862	9.1E-01
rs113504807	19	33787954	0.561506	C	T	0.951238	0.934153	0.627102	4.3E-01	-0.011231	0.0134471	0.697563	4.0E-01	0.606308	4.4E-01
rs11672697	19	33876955	0.562267	C	T	0.494053	0.99299	3.01049	8.3E-02	0.0105593	0.00563344	3.51336	6.1E-02	4.04338	4.4E-02
rs62120566	19	45197732	0.69903	C	G	0.975156	1	28.3085	1.0E-07	0.0998662	0.0180551	30.594	3.2E-08	31.5548	1.9E-08
rs148933445	19	45302504	0.703392	G	A	0.978083	0.864857	36.9758	1.2E-09	0.127123	0.0205726	38.1828	6.4E-10	36.4161	1.6E-09
rs112422902	19	45369203	0.706302	G	A	0.966483	0.980938	29.3014	6.2E-08	0.0871583	0.0157544	30.6066	3.2E-08	30.3997	3.5E-08
rs2864436	19	55986637	0.996315	T	C	0.754674	1	0.659758	4.2E-01	-0.00569216	0.00650006	0.766867	3.8E-01	0.313276	5.8E-01
rs151235402	20	569164	0.0196907	C	T	0.984757	0.956324	3.91114	4.8E-02	-0.0458921	0.0235459	3.79879	5.1E-02	3.82274	5.1E-02
rs805769	20	5667459	0.191037	T	C	0.595306	0.99253	0.283185	5.9E-01	-0.00347845	0.00573719	0.367599	5.4E-01	0.48338	4.9E-01
rs6117303	20	6487687	0.213838	T	C	0.34849	0.989053	2.94297	8.6E-02	0.011811	0.0059144	3.98795	4.6E-02	3.52252	6.1E-02
rs146411982	20	38985760	0.586515	A	G	0.97517	0.885893	15.8038	7.0E-05	-0.0788463	0.0191202	17.0051	3.7E-05	17.5422	2.8E-05
rs1997833	20	39690342	0.597551	T	C	0.700507	0.998963	11.0632	8.8E-04	-0.0205351	0.00610272	11.3226	7.7E-04	11.3084	7.7E-04
rs11699991	20	45489407	0.689702	T	A	0.670387	0.988835	0.206805	6.5E-01	0.00498253	0.00599387	0.69101	4.1E-01	1.49409	2.2E-01
rs6068280	20	51235613	0.791961	A	G	0.324841	0.992237	1.58304	2.1E-01	-0.00745332	0.00598009	1.5534	2.1E-01	1.54106	2.1E-01
rs6013572	20	51553621	0.798111	T	C	0.936054	1	0.137034	7.1E-01	-0.00648296	0.0115256	0.316388	5.7E-01	0.678635	4.1E-01
rs1936966	20	51691779	0.801626	C	T	0.672454	0.982215	0.659217	4.2E-01	-0.00561642	0.00606559	0.857381	3.5E-01	0.544029	4.6E-01
rs2105063	20	62690683	1.09651	C	T	0.438811	1	6.0493	1.4E-02	0.013944	0.00566058	6.06809	1.4E-02	6.51441	1.1E-02
rs4998557	21	33034892	0.322704	G	A	0.887631	0.995909	2.81526	9.3E-02	-0.0117712	0.00891303	1.74417	1.9E-01	1.2805	2.6E-01
rs2836139	21	39451403	0.432375	A	G	0.514897	0.9942	1.10585	2.9E-01	0.00441065	0.00565366	0.608621	4.4E-01	0.344877	5.6E-01
rs2330396	21	47524380	0.643685	A	C	0.492654	0.996498	6.42718	1.1E-02	-0.0145532	0.00560473	6.74232	9.4E-03	6.46719	1.1E-02
rs2236142	22	29137944	0.338659	G	C	0.32476	0.994367	0.430922	5.1E-01	-0.00501541	0.0059992	0.698916	4.0E-01	0.769246	3.8E-01
rs5997898	22	31572963	0.355537	A	C	0.421356	0.998342	1.6992	1.9E-01	-0.00789315	0.00568745	1.92604	1.7E-01	1.63716	2.0E-01
