SNP	CHR	BP	GENPOS	ALLELE1	ALLELE0	A1FREQ	INFO	CHISQ_LINREG	P_LINREG	BETA	SE	CHISQ_BOLT_LMM_INF	P_BOLT_LMM_INF	CHISQ_BOLT_LMM	P_BOLT_LMM
rs10909862	1	2936815	0.0400559	G	A	0.1928	0.987988	2.24706	1.3E-01	0.0104825	0.00717787	2.13274	1.4E-01	1.92179	1.7E-01
rs10909862	1	2936815	0.0400559	G	A	0.1928	0.987988	2.24706	1.3E-01	0.0104825	0.00717787	2.13274	1.4E-01	1.92179	1.7E-01
rs1294014	1	9325676	0.18921	C	T	0.732088	0.974098	4.62039	3.2E-02	-0.0145501	0.00645275	5.08442	2.4E-02	5.29267	2.1E-02
rs10753554	1	23619009	0.461644	T	C	0.260317	0.989627	3.20198	7.4E-02	-0.0115267	0.00644654	3.19708	7.4E-02	3.10938	7.8E-02
rs12117661	1	55487346	0.808955	C	G	0.755046	0.987273	59.126	1.5E-14	0.0516823	0.00660098	61.3009	4.9E-15	61.7495	3.9E-15
rs626787	1	62901243	0.92278	C	G	0.648073	0.994875	28.8879	7.7E-08	0.0329166	0.00590387	31.0855	2.5E-08	36.9713	1.2E-09
rs875868	1	65539253	0.960443	A	C	0.697717	0.993511	0.29899	5.8E-01	0.00342777	0.00614935	0.310716	5.8E-01	0.254497	6.1E-01
rs10889551	1	65906137	0.967654	A	G	0.326867	0.995997	0.793233	3.7E-01	0.00512483	0.00601938	0.724862	3.9E-01	1.38038	2.4E-01
rs71658797	1	77967507	1.07336	T	A	0.879141	0.99054	0.628796	4.3E-01	0.00577886	0.00865593	0.445715	5.0E-01	0.0410658	8.4E-01
rs1415361	1	103562263	1.33102	C	T	0.402104	0.995554	2.43935	1.2E-01	-0.00837632	0.00575317	2.11979	1.5E-01	3.19634	7.4E-02
rs79868705	1	109815074	1.38704	G	A	0.959195	0.986899	31.8523	1.7E-08	0.0800402	0.0143528	31.0989	2.5E-08	32.1825	1.4E-08
rs116679284	1	119014845	1.50751	C	T	0.963654	0.948411	1.91093	1.7E-01	-0.0205507	0.0154524	1.76873	1.8E-01	1.92431	1.7E-01
rs1766783	1	119434896	1.50931	A	C	0.181268	0.981355	0.291979	5.9E-01	-0.00294595	0.00736419	0.16003	6.9E-01	0.408041	5.2E-01
rs3738479	1	150997842	1.65945	T	A	0.765906	0.995486	4.34422	3.7E-02	-0.0147817	0.0066638	4.92043	2.7E-02	4.60973	3.2E-02
rs79810698	1	154836444	1.69767	C	A	0.95565	1	1.37953	2.4E-01	0.013872	0.0136716	1.02953	3.1E-01	1.07966	3.0E-01
rs10494421	1	164738727	1.83743	C	T	0.880829	1	0.669013	4.1E-01	-0.00666379	0.0086866	0.588495	4.4E-01	0.1289	7.2E-01
rs3121911	1	170212480	1.91705	G	A	0.744389	0.993907	0.0650813	8.0E-01	0.000805031	0.00643573	0.015647	9.0E-01	0.0343325	8.5E-01
rs17346300	1	170510459	1.91857	C	T	0.950626	1	0.45597	5.0E-01	-0.00685607	0.0130186	0.277345	6.0E-01	0.0497386	8.2E-01
rs6697844	1	172308238	1.93873	C	T	0.56798	0.996349	2.64164	1.0E-01	-0.00957919	0.00566553	2.85875	9.1E-02	3.12106	7.7E-02
rs10922075	1	196467248	2.1432	G	A	0.687963	0.997066	1.66463	2.0E-01	0.00757643	0.00607605	1.55484	2.1E-01	1.91988	1.7E-01
rs13303121	1	203503267	2.22276	C	G	0.607356	0.947347	1.11039	2.9E-01	0.00602518	0.00590248	1.04201	3.1E-01	0.944929	3.3E-01
rs4951159	1	205012106	2.25304	G	C	0.0908836	0.967	2.25663	1.3E-01	-0.014106	0.00995454	2.00802	1.6E-01	1.83021	1.8E-01
rs61821643	1	219268532	2.43532	T	C	0.974378	0.889659	0.0139724	9.1E-01	0.000925823	0.0188525	0.00241167	9.6E-01	3.37994e-05	1.0E+00
rs77278027	1	219392230	2.43543	C	T	0.93823	0.976746	0.405396	5.2E-01	-0.00777474	0.011831	0.431844	5.1E-01	0.23263	6.3E-01
rs12740837	1	219623230	2.43692	G	A	0.983204	0.959021	1.70346	1.9E-01	-0.0305313	0.0222992	1.87463	1.7E-01	2.24607	1.3E-01
rs661955	1	234842856	2.62186	G	C	0.481801	0.978806	36.1887	1.8E-09	-0.0338316	0.00568733	35.3857	2.7E-09	38.9469	4.4E-10
rs711869	2	13073967	0.297329	G	A	0.443249	0.983109	0.256301	6.1E-01	-0.00216985	0.0057138	0.144215	7.0E-01	0.0318343	8.6E-01
rs2702068	2	24689512	0.456007	A	C	0.144534	0.985387	1.21491	2.7E-01	-0.00807409	0.00806241	1.0029	3.2E-01	2.18204	1.4E-01
rs77541036	2	25575523	0.459339	A	G	0.962268	0.991995	0.786662	3.8E-01	0.0124809	0.0148101	0.710195	4.0E-01	0.937866	3.3E-01
rs7933	2	43452183	0.682402	A	G	0.634849	0.981779	2.72148	9.9E-02	-0.00951323	0.00589182	2.60709	1.1E-01	2.04756	1.5E-01
rs56266464	2	44054991	0.686489	G	A	0.939556	0.986548	57.7179	3.0E-14	0.092573	0.0119072	60.4431	7.6E-15	60.4814	7.4E-15
rs36072157	2	48953740	0.765134	G	C	0.658175	0.956087	3.04861	8.1E-02	-0.010814	0.00605886	3.18557	7.4E-02	3.27198	7.0E-02
rs4953627	2	48990167	0.765401	C	T	0.77524	0.975089	0.251992	6.2E-01	0.00369919	0.0068473	0.29186	5.9E-01	0.6507	4.2E-01
rs1877026	2	63072208	0.885693	A	G	0.152553	0.992931	30.1288	4.0E-08	0.0428499	0.00783851	29.8836	4.6E-08	32.5106	1.2E-08
rs12713567	2	66729420	0.924256	A	G	0.428176	0.981664	3.85725	5.0E-02	0.0110928	0.00573665	3.73909	5.3E-02	4.48415	3.4E-02
rs12712049	2	100208830	1.21955	A	G	0.176674	0.985519	0.025716	8.7E-01	-0.00230041	0.00742121	0.0960858	7.6E-01	0.0251617	8.7E-01
rs72946301	2	111861838	1.33125	G	A	0.903863	0.964859	0.149267	7.0E-01	-0.00536686	0.00972495	0.304555	5.8E-01	0.171979	6.8E-01
rs1053413	2	114471921	1.35945	A	G	0.784744	0.998156	5.6848	1.7E-02	-0.0158279	0.00687054	5.30718	2.1E-02	6.12716	1.3E-02
rs7593247	2	119337589	1.3956	C	T	0.503784	0.990163	0.301426	5.8E-01	0.00299901	0.00565369	0.281379	6.0E-01	0.431906	5.1E-01
rs78876301	2	158234589	1.75901	A	C	0.987195	0.782415	0.187305	6.7E-01	-0.0130301	0.0283266	0.211597	6.5E-01	0.417454	5.2E-01
rs77928329	2	158413902	1.76308	G	A	0.94544	0.998218	4.74532	2.9E-02	0.0277891	0.0123566	5.05766	2.5E-02	4.83122	2.8E-02
rs1402698	2	165424575	1.81281	G	A	0.368889	0.988943	3.97594	4.6E-02	-0.0115428	0.00587697	3.8576	5.0E-02	3.33331	6.8E-02
rs3769877	2	165569779	1.81517	G	A	0.125673	1	1.64013	2.0E-01	0.0104516	0.00849538	1.51355	2.2E-01	1.08738	3.0E-01
rs72882321	2	172298662	1.8972	C	T	0.821415	0.98752	2.44351	1.2E-01	0.0102604	0.00739964	1.92268	1.7E-01	0.747836	3.9E-01
rs62173497	2	187821910	2.04064	C	A	0.889372	0.96522	0.931257	3.3E-01	-0.00949844	0.0091193	1.08488	3.0E-01	1.27891	2.6E-01
rs61613340	2	191746748	2.0603	G	T	0.922172	0.993102	3.32977	6.8E-02	-0.0186039	0.010539	3.11608	7.8E-02	2.87419	9.0E-02
rs1250248	2	216287093	2.28549	A	G	0.271958	0.996374	2.6386	1.0E-01	-0.011293	0.0063423	3.17046	7.5E-02	3.33793	6.8E-02
rs2373074	2	218381350	2.32413	C	T	0.903229	0.998908	0.0189559	8.9E-01	0.00174714	0.00953232	0.0335939	8.5E-01	0.00808045	9.3E-01
rs62182126	2	219279230	2.33765	G	A	0.901349	1	0.136678	7.1E-01	-0.00253213	0.00943946	0.0719579	7.9E-01	0.010483	9.2E-01
rs6760762	2	226866226	2.44112	C	T	0.776249	0.976874	1.80737	1.8E-01	-0.00897453	0.00683978	1.72163	1.9E-01	1.42456	2.3E-01
rs305506	3	12026709	0.296805	G	T	0.113563	0.992655	1.95642	1.6E-01	0.0130192	0.00891832	2.1311	1.4E-01	2.92947	8.7E-02
rs114252958	3	12409938	0.29797	C	T	0.982978	0.956617	1.26222	2.6E-01	0.0231331	0.0223462	1.07167	3.0E-01	1.09205	3.0E-01
rs10490869	3	35635145	0.595764	A	T	0.789478	0.990849	0.340616	5.6E-01	-0.00302889	0.00691269	0.191987	6.6E-01	0.40196	5.3E-01
rs6771508	3	43718462	0.664863	A	C	0.974946	0.998741	0.693132	4.1E-01	0.0147502	0.0180199	0.670024	4.1E-01	0.445444	5.0E-01
rs4683294	3	46979013	0.687679	G	C	0.321605	0.960868	0.0535817	8.2E-01	0.00191684	0.00613918	0.0974884	7.5E-01	0.0638159	8.0E-01
rs4858828	3	48724811	0.68972	C	T	0.349101	0.999091	3.77909	5.2E-02	0.010726	0.00588405	3.32295	6.8E-02	3.11898	7.7E-02
rs352156	3	52214610	0.694887	C	T	0.955078	0.904333	3.34189	6.8E-02	0.0237111	0.0141616	2.80337	9.4E-02	3.72551	5.4E-02
rs7643235	3	53227428	0.699142	T	C	0.4136	0.989215	0.100628	7.5E-01	-0.00169097	0.00571595	0.0875177	7.7E-01	0.12102	7.3E-01
rs11718560	3	64584862	0.868956	C	T	0.731847	0.985124	0.831426	3.6E-01	-0.00562525	0.00639401	0.773994	3.8E-01	0.706736	4.0E-01
rs4688498	3	64674599	0.871028	C	T	0.669682	0.985151	2.31622	1.3E-01	-0.00915862	0.00603002	2.30686	1.3E-01	2.73943	9.8E-02
rs997274	3	78704821	1.06722	T	C	0.748705	0.994327	1.0237	3.1E-01	0.00594736	0.00652229	0.831472	3.6E-01	1.1339	2.9E-01
rs1877569	3	99224544	1.12953	G	A	0.816212	0.993173	0.481647	4.9E-01	-0.00545529	0.00727026	0.563035	4.5E-01	0.99408	3.2E-01
rs9875732	3	107461731	1.19696	T	C	0.623037	0.99667	3.51746	6.1E-02	-0.0113079	0.00581891	3.7764	5.2E-02	3.38636	6.6E-02
rs1000368	3	123117165	1.35684	C	T	0.748381	0.996692	0.211219	6.5E-01	-0.00259747	0.0064907	0.160146	6.9E-01	0.36742	5.4E-01
rs113771682	3	129112166	1.4255	C	T	0.937375	0.999072	0.615096	4.3E-01	-0.00833657	0.0116509	0.511983	4.7E-01	0.828496	3.6E-01
rs7647218	3	129125231	1.42558	C	A	0.901341	0.999167	2.72008	9.9E-02	-0.0176443	0.00946199	3.47731	6.2E-02	3.86696	4.9E-02
rs75212171	3	129323322	1.42649	T	C	0.983129	1	0.340588	5.6E-01	0.0160965	0.0218467	0.542865	4.6E-01	0.753293	3.9E-01
rs112551697	3	150018637	1.64271	G	A	0.96554	0.928479	0.00321818	9.5E-01	0.00165734	0.0159637	0.0107786	9.2E-01	0.0205313	8.9E-01
rs11720805	3	156800360	1.71236	A	G	0.330979	0.970132	0.384189	5.4E-01	-0.00352	0.0060758	0.335644	5.6E-01	0.451412	5.0E-01
rs1488111	3	168951612	1.77942	C	T	0.517315	0.996852	0.147662	7.0E-01	-0.000564492	0.00562948	0.0100549	9.2E-01	0.0153679	9.0E-01
rs1499813	3	171760427	1.8208	T	C	0.587431	1	1.42361	2.3E-01	-0.00754414	0.00574285	1.72569	1.9E-01	2.22232	1.4E-01
rs13092876	3	185495320	2.01656	G	A	0.686729	0.994835	0.044296	8.3E-01	-0.00145461	0.00608299	0.057182	8.1E-01	0.0248646	8.7E-01
rs3843375	3	196813908	2.26438	G	A	0.590289	0.999191	0.621479	4.3E-01	-0.00448519	0.00573897	0.610791	4.3E-01	0.683154	4.1E-01
rs75072999	4	844781	0.00782036	G	A	0.904916	0.991302	3.37611	6.6E-02	0.0166397	0.00965193	2.97209	8.5E-02	3.03583	8.1E-02
rs748483	4	952409	0.00822297	A	G	0.891514	0.99682	0.0497157	8.2E-01	-0.00179828	0.00907227	0.03929	8.4E-01	0.110014	7.4E-01
rs1912897	4	26006133	0.455942	A	T	0.79303	0.98817	0.185749	6.7E-01	-0.00337052	0.00699338	0.232284	6.3E-01	0.404232	5.2E-01
rs7689800	4	26295421	0.461356	C	G	0.382047	0.982424	0.814077	3.7E-01	-0.0047776	0.0058482	0.667383	4.1E-01	1.35623	2.4E-01
rs34171390	4	56192405	0.730002	C	G	0.8287	0.967618	2.52854	1.1E-01	-0.0119352	0.00757666	2.48145	1.2E-01	2.75561	9.7E-02
rs3017896	4	89533004	1.04795	G	C	0.704424	1	1.92578e-05	1.0E+00	-0.000224009	0.00614954	0.00132692	9.7E-01	0.0672906	8.0E-01
rs10029220	4	89710592	1.04921	C	T	0.909822	0.997537	0.00238086	9.6E-01	-0.000438488	0.00985022	0.00198163	9.6E-01	0.132533	7.2E-01
rs1813006	4	103001649	1.15654	G	T	0.940843	0.94358	0.0480479	8.3E-01	-0.00276429	0.0122724	0.0507351	8.2E-01	0.00594172	9.4E-01
rs12647922	4	106063987	1.17944	C	T	0.794569	0.998343	1.2462	2.6E-01	-0.00763159	0.00696554	1.20038	2.7E-01	1.3965	2.4E-01
rs7655064	4	120106348	1.31331	T	C	0.875314	0.995692	2.745	9.8E-02	0.0138878	0.00852403	2.65447	1.0E-01	2.65553	1.0E-01
rs2922979	4	123748616	1.34468	C	G	0.689916	1	0.13356	7.1E-01	-0.00290256	0.00609308	0.226929	6.3E-01	0.272935	6.0E-01
rs1520325	4	125182690	1.35483	C	T	0.780072	0.994582	0.0330654	8.6E-01	-8.73198e-05	0.00681476	0.000164182	9.9E-01	0.00975981	9.2E-01
rs2353397	4	145517578	1.53798	C	T	0.460014	1	0.0288631	8.7E-01	-0.00175345	0.00565428	0.0961686	7.6E-01	0.0299286	8.6E-01
rs2166365	5	3597830	0.0882728	A	G	0.777698	0.981109	0.0549633	8.1E-01	0.00168813	0.00682668	0.0611495	8.0E-01	0.020595	8.9E-01
rs13178917	5	4007353	0.10142	C	T	0.551974	0.99437	0.0655874	8.0E-01	-0.000572377	0.00565066	0.0102604	9.2E-01	0.0462751	8.3E-01
rs10061804	5	32748637	0.511958	G	A	0.711087	1	0.00478664	9.4E-01	0.000496815	0.00621221	0.00639584	9.4E-01	0.0474365	8.3E-01
rs299615	5	34042097	0.535425	G	A	0.843206	1	0.185532	6.7E-01	-0.00433972	0.00774754	0.313759	5.8E-01	0.0193933	8.9E-01
rs4293945	5	38736142	0.597252	A	T	0.606405	0.995383	5.67154	1.7E-02	0.0148394	0.00577363	6.6059	1.0E-02	8.0841	4.5E-03
rs163112	5	54538003	0.667379	C	G	0.107056	0.994238	0.0955249	7.6E-01	0.00212628	0.00914354	0.0540772	8.2E-01	0.0126847	9.1E-01
rs61653333	5	55779080	0.679717	G	T	0.970413	0.977169	0.00190197	9.7E-01	0.00197102	0.0167718	0.013811	9.1E-01	0.00549545	9.4E-01
rs6867983	5	55854153	0.681454	C	T	0.861186	1	5.63199	1.8E-02	-0.0200984	0.00814066	6.09542	1.4E-02	6.89229	8.7E-03
rs11749164	5	66294202	0.770672	T	G	0.726476	0.988719	0.316474	5.7E-01	-0.00346871	0.00635351	0.298062	5.9E-01	0.316107	5.7E-01
rs6878122	5	76427311	0.889556	G	A	0.318279	0.997785	0.447981	5.0E-01	0.00418235	0.00605582	0.476974	4.9E-01	0.870855	3.5E-01
rs7734060	5	101780479	1.10738	T	G	0.734786	0.995631	0.0385626	8.4E-01	-0.000727987	0.0064094	0.0129007	9.1E-01	2.70107e-05	1.0E+00
rs1394631	5	118639270	1.27349	C	T	0.775173	0.988487	1.32423	2.5E-01	-0.00821841	0.00676953	1.47387	2.2E-01	1.58919	2.1E-01
rs11744058	5	118798944	1.27486	G	T	0.783774	0.998591	0.64105	4.2E-01	0.00609114	0.0068465	0.791517	3.7E-01	2.1238	1.5E-01
rs3749748	5	127350549	1.37291	C	T	0.753975	0.992802	0.294105	5.9E-01	-0.00318021	0.00655421	0.235436	6.3E-01	0.298658	5.8E-01
rs4705986	5	132349654	1.39065	T	G	0.937241	0.978165	0.143676	7.0E-01	0.00544528	0.0117423	0.215048	6.4E-01	0.34409	5.6E-01
rs10463353	5	141710741	1.48273	C	T	0.640669	0.986535	0.0360455	8.5E-01	-0.00181679	0.00589956	0.094835	7.6E-01	0.0125702	9.1E-01
rs33999	5	141973349	1.48937	C	G	0.612065	0.9834	0.658793	4.2E-01	-0.00415955	0.00581153	0.512286	4.7E-01	0.503902	4.8E-01
rs10062458	5	156367092	1.66277	T	C	0.34782	0.985353	46.0103	1.2E-11	-0.0394857	0.00592057	44.4788	2.6E-11	46.1011	1.1E-11
rs12652322	5	171822666	1.88951	C	T	0.705252	0.99822	2.13887	1.4E-01	-0.00912164	0.00618473	2.17523	1.4E-01	1.90237	1.7E-01
rs2053681	5	172746086	1.91113	A	G	0.485601	0.912476	0.453899	5.0E-01	-0.00431695	0.00590922	0.533697	4.7E-01	0.801982	3.7E-01
rs10035782	5	173270328	1.92939	A	G	0.600665	0.984103	4.1258	4.2E-02	0.0118471	0.0057921	4.18362	4.1E-02	4.58624	3.2E-02
rs11963955	6	6631996	0.178791	A	G	0.637527	0.976944	2.11095	1.5E-01	-0.00904676	0.00593125	2.32645	1.3E-01	1.82904	1.8E-01
rs201061	6	6730512	0.181115	G	A	0.455616	0.976616	0.122981	7.3E-01	-0.00164317	0.00570736	0.0828885	7.7E-01	0.0291574	8.6E-01
rs1334576	6	7211818	0.195986	G	A	0.5774	1	0.695517	4.0E-01	0.00483044	0.00570973	0.715717	4.0E-01	0.719997	4.0E-01
rs9382988	6	14595010	0.314722	C	A	0.204362	0.998886	0.0408925	8.4E-01	-5.67999e-05	0.00700376	6.57707e-05	9.9E-01	0.00789235	9.3E-01
rs4710940	6	20658012	0.410434	A	C	0.647018	0.999463	0.00376682	9.5E-01	0.000242917	0.00590437	0.00169265	9.7E-01	0.00090917	9.8E-01
rs3129830	6	30248711	0.50553	G	A	0.868546	0.999908	0.426167	5.1E-01	0.00513922	0.00830114	0.383282	5.4E-01	0.468039	4.9E-01
rs7772131	6	30795171	0.50714	A	C	0.988571	1	3.48989	6.2E-02	-0.0529011	0.0264899	3.98814	4.6E-02	3.56325	5.9E-02
rs6919908	6	31244960	0.511805	T	C	0.193909	0.999901	4.8171	2.8E-02	-0.0164514	0.00714087	5.3077	2.1E-02	6.2642	1.2E-02
rs181133225	6	32454764	0.520293	T	C	0.893444	0.778953	0.480629	4.9E-01	0.00662218	0.0102787	0.415074	5.2E-01	0.113353	7.4E-01
rs117108573	6	32489679	0.520303	C	T	0.921405	0.866866	0.178834	6.7E-01	0.00468998	0.0111707	0.176271	6.7E-01	0.00186315	9.7E-01
rs575662827	6	32543874	0.520325	T	C	0.899303	0.833996	0.694067	4.0E-01	0.00819834	0.0101965	0.646473	4.2E-01	0.156703	6.9E-01
rs114760566	6	34192036	0.545788	C	A	0.954268	0.993831	2.24869	1.3E-01	-0.0200799	0.013508	2.20976	1.4E-01	3.01814	8.2E-02
rs1574430	6	43269029	0.669727	A	C	0.391321	0.999399	1.74044	1.9E-01	0.00753957	0.00576886	1.7081	1.9E-01	1.57597	2.1E-01
rs9381248	6	43734606	0.675407	C	T	0.87836	0.993046	0.684106	4.1E-01	-0.00582413	0.00864909	0.453441	5.0E-01	0.334149	5.6E-01
rs35349911	6	43785255	0.678849	C	T	0.409597	0.97009	0.99408	3.2E-01	-0.00584058	0.00582395	1.00572	3.2E-01	1.01033	3.1E-01
rs72902769	6	80719576	0.920488	C	G	0.966636	0.999182	0.00153686	9.7E-01	0.000193642	0.0157052	0.000152024	9.9E-01	0.0180618	8.9E-01
rs62406467	6	81114126	0.921634	G	T	0.849349	0.952286	0.258553	6.1E-01	0.0039837	0.00806477	0.243999	6.2E-01	0.0714962	7.9E-01
rs6924944	6	100597579	1.0811	A	T	0.245827	0.981159	2.39983	1.2E-01	0.0105317	0.00661827	2.53226	1.1E-01	1.86369	1.7E-01
rs2806373	6	109222017	1.18299	G	A	0.239664	0.998945	0.427651	5.1E-01	-0.00395506	0.00659151	0.360029	5.5E-01	0.470544	4.9E-01
rs72969772	6	126187585	1.32503	A	G	0.980332	1	1.06161	3.0E-01	-0.0215193	0.0203365	1.1197	2.9E-01	0.551647	4.6E-01
rs9986505	6	126445558	1.32603	A	G	0.6761	0.991308	1.3457	2.5E-01	0.0067509	0.00604152	1.24862	2.6E-01	1.07008	3.0E-01
rs74949497	6	126812007	1.32699	A	C	0.97518	1	0.174361	6.8E-01	-0.00979001	0.0182024	0.289275	5.9E-01	0.227717	6.3E-01
rs139242696	6	127414440	1.32797	T	C	0.974907	0.948341	0.289044	5.9E-01	-0.00610484	0.0184499	0.109487	7.4E-01	0.118444	7.3E-01
rs9385864	6	139805476	1.50274	C	T	0.6907	0.988333	3.23571	7.2E-02	-0.0110962	0.00613772	3.2684	7.1E-02	2.83808	9.2E-02
rs12205386	6	139837171	1.50318	C	A	0.643666	0.9992	4.37121	3.7E-02	0.0116911	0.00588527	3.94619	4.7E-02	4.32971	3.7E-02
rs11756568	6	152042413	1.64245	A	T	0.724877	0.999168	7.27254	7.0E-03	-0.0150696	0.0063156	5.69346	1.7E-02	6.89514	8.6E-03
rs998075	6	160468278	1.77084	A	G	0.53429	0.994008	41.7844	1.0E-10	0.0362575	0.00567428	40.8294	1.7E-10	41.1246	1.4E-10
rs9459839	6	167431829	1.92196	T	C	0.531185	0.998188	0.570326	4.5E-01	-0.00412698	0.00562537	0.538222	4.6E-01	0.283326	5.9E-01
rs2214440	7	20372191	0.358281	A	G	0.667686	0.991786	0.458811	5.0E-01	0.00530813	0.00600507	0.781352	3.8E-01	1.53094	2.2E-01
rs111683990	7	25729528	0.437229	C	G	0.955515	0.987881	0.406169	5.2E-01	-0.00848735	0.0137652	0.380172	5.4E-01	0.771987	3.8E-01
rs2040786	7	26208736	0.442609	G	A	0.529361	1	1.10519	2.9E-01	0.00552683	0.00563918	0.960551	3.3E-01	0.948164	3.3E-01
rs17428025	7	27251396	0.453724	C	T	0.971743	0.967404	0.0612778	8.0E-01	-0.00543611	0.0172693	0.0990899	7.5E-01	0.215747	6.4E-01
rs849140	7	28183702	0.463008	T	C	0.410278	1	3.65674	5.6E-02	-0.0114971	0.00575444	3.99184	4.6E-02	5.46122	1.9E-02
rs17172095	7	42665355	0.680121	A	G	0.679343	0.995026	0.343091	5.6E-01	-0.003426	0.00604334	0.321381	5.7E-01	0.186668	6.7E-01
rs17725246	7	44581986	0.698744	T	C	0.815924	0.999146	29.5232	5.5E-08	-0.0400776	0.00723765	30.6625	3.1E-08	34.1916	5.0E-09
rs71556711	7	72854549	0.899611	C	T	0.908397	1	0.808532	3.7E-01	0.00761044	0.00974602	0.609768	4.3E-01	0.568202	4.5E-01
rs7780317	7	72867852	0.899612	C	T	0.92793	0.985744	0.0105529	9.2E-01	0.00125431	0.0109308	0.0131676	9.1E-01	0.000529468	9.8E-01
rs57487833	7	77115793	0.936393	G	A	0.723097	0.985735	1.52419	2.2E-01	-0.00766586	0.00633398	1.46477	2.3E-01	1.3446	2.5E-01
rs76306613	7	106235348	1.22452	G	T	0.855998	0.98895	1.11059	2.9E-01	-0.00794977	0.00806681	0.971192	3.2E-01	1.43994	2.3E-01
rs2237687	7	107585473	1.24369	C	T	0.472386	0.966594	0.4119	5.2E-01	-0.00388621	0.0057295	0.460065	5.0E-01	0.732403	3.9E-01
rs38902	7	116889718	1.32093	G	A	0.474719	0.992845	3.61728	5.7E-02	-0.0110212	0.00565425	3.79935	5.1E-02	3.78929	5.2E-02
rs12154627	7	130422934	1.4017	T	C	0.506907	0.97487	4.58571	3.2E-02	0.0118284	0.00569137	4.31938	3.8E-02	4.15309	4.2E-02
rs7808446	7	150214465	1.67249	T	G	0.235469	0.993612	0.441209	5.1E-01	0.00488677	0.00665523	0.539159	4.6E-01	1.00013	3.2E-01
rs7014168	8	10641965	0.266242	G	A	0.776722	0.996719	0.605102	4.4E-01	0.00482355	0.00677655	0.506658	4.8E-01	0.765251	3.8E-01
rs4474021	8	12632903	0.332387	G	T	0.680802	1	0.958516	3.3E-01	-0.00564922	0.00602873	0.878063	3.5E-01	0.732179	3.9E-01
rs7844736	8	23551671	0.545238	A	G	0.828827	1	0.173819	6.8E-01	-0.0027557	0.00748597	0.135509	7.1E-01	0.0150715	9.0E-01
rs310289	8	23610756	0.545792	C	T	0.760888	0.994537	3.9605	4.7E-02	0.0124796	0.00662903	3.54405	6.0E-02	2.69707	1.0E-01
rs11992444	8	25464690	0.565812	G	T	0.49058	1	5.41512	2.0E-02	-0.0118631	0.00561876	4.45776	3.5E-02	4.29563	3.8E-02
rs7815496	8	38321607	0.69461	C	T	0.597431	0.996532	3.88186	4.9E-02	-0.0120884	0.00573692	4.43999	3.5E-02	3.42917	6.4E-02
rs55704109	8	59323247	0.819013	G	A	0.5057	0.919152	32.6021	1.1E-08	0.0334382	0.00588977	32.2321	1.4E-08	36.8431	1.3E-09
rs12543555	8	69562014	0.90375	A	G	0.792127	0.98465	0.518844	4.7E-01	-0.00606002	0.00697301	0.755278	3.8E-01	1.24019	2.7E-01
rs28568866	8	72353630	0.949663	G	A	0.969859	0.939217	0.159457	6.9E-01	-0.00832204	0.0170057	0.239482	6.2E-01	0.232927	6.3E-01
rs146492163	8	72386394	0.950025	G	T	0.96946	0.960969	0.0463127	8.3E-01	-0.00361191	0.0167187	0.0466734	8.3E-01	0.0110384	9.2E-01
rs1895674	8	72443246	0.950276	T	G	0.946831	0.990629	0.00773459	9.3E-01	-0.00182804	0.0125705	0.0211477	8.8E-01	0.0795269	7.8E-01
rs4147332	8	89280863	1.08332	G	C	0.323111	0.995784	4.08989	4.3E-02	0.0120621	0.00602601	4.00671	4.5E-02	3.90016	4.8E-02
rs144435165	8	126419938	1.45107	G	C	0.944194	0.785853	8.55662	3.4E-03	-0.0438717	0.0138136	10.0868	1.5E-03	10.6751	1.1E-03
rs2954018	8	126477153	1.45319	C	T	0.298303	0.998357	21.7449	3.1E-06	0.0285212	0.0061582	21.45	3.6E-06	23.1905	1.5E-06
rs6991761	8	128274518	1.48941	C	T	0.844226	0.993607	0.00454901	9.5E-01	-0.00160061	0.00777334	0.0423989	8.4E-01	0.0472589	8.3E-01
rs2467030	8	135665361	1.60637	A	G	0.339711	0.997044	0.0334486	8.5E-01	-0.00207053	0.00596806	0.120364	7.3E-01	0.267544	6.0E-01
rs12340775	9	13226945	0.282033	G	A	0.944664	0.940298	1.84593	1.7E-01	0.0186394	0.0126813	2.16043	1.4E-01	2.72071	9.9E-02
rs73650963	9	93943033	1.11642	T	C	0.892489	0.990174	0.109756	7.4E-01	-0.00182254	0.00909257	0.0401774	8.4E-01	0.020387	8.9E-01
rs2131919	9	95283887	1.12689	A	G	0.83667	0.999136	1.50333	2.2E-01	-0.00960371	0.00764047	1.57993	2.1E-01	2.1634	1.4E-01
rs1572136	9	101740604	1.18729	G	C	0.724977	0.989514	2.91545	8.8E-02	0.0111982	0.00634697	3.11291	7.8E-02	3.8736	4.9E-02
rs12686004	9	107653426	1.24316	G	A	0.884341	1	9.3453	2.2E-03	0.0281681	0.00880042	10.2449	1.4E-03	10.7154	1.1E-03
rs10991414	9	107685589	1.24582	T	C	0.861068	0.989408	0.101048	7.5E-01	-0.00301231	0.00820379	0.134824	7.1E-01	0.374805	5.4E-01
rs111479443	9	107874316	1.24936	T	G	0.963776	0.9746	9.06779	2.6E-03	0.047182	0.0152739	9.54226	2.0E-03	8.72767	3.1E-03
rs7048735	9	112529695	1.31375	A	G	0.239526	0.976202	0.476901	4.9E-01	0.00322566	0.00667377	0.233611	6.3E-01	0.307762	5.8E-01
rs1002607	9	113858933	1.33848	T	C	0.40707	0.988428	0.729813	3.9E-01	-0.00512578	0.00577443	0.787957	3.7E-01	1.0582	3.0E-01
rs13298297	9	119264108	1.4204	G	A	0.769275	0.989359	2.14043	1.4E-01	-0.00979238	0.00673957	2.11111	1.5E-01	1.78646	1.8E-01
rs6478851	9	131561110	1.55426	G	A	0.758733	1	1.02084	3.1E-01	-0.00637056	0.00659438	0.93327	3.3E-01	1.37597	2.4E-01
rs687621	9	136137065	1.66206	A	G	0.681622	1	40.4589	2.0E-10	-0.0386452	0.00604423	40.8798	1.6E-10	41.1491	1.4E-10
rs60980157	9	139235415	1.78278	C	T	0.757489	0.966704	0.0480118	8.3E-01	0.00239075	0.00666208	0.12878	7.2E-01	0.0687965	7.9E-01
rs7072195	10	3540748	0.0738836	T	C	0.417524	0.993244	0.261385	6.1E-01	-0.00250142	0.00573057	0.190536	6.6E-01	0.482849	4.9E-01
rs11592754	10	32619572	0.605452	A	C	0.856559	0.998356	0.908438	3.4E-01	0.00742508	0.00803234	0.854512	3.6E-01	1.2974	2.5E-01
rs2247396	10	33489192	0.60946	G	A	0.603662	0.99818	0.675677	4.1E-01	0.00380198	0.00573994	0.438739	5.1E-01	0.398979	5.3E-01
rs4341488	10	60452745	0.822202	G	A	0.188405	0.998867	0.0874335	7.7E-01	-0.00224679	0.0071968	0.0974641	7.5E-01	0.175564	6.8E-01
rs17287962	10	63770969	0.858439	A	G	0.970068	0.979005	0.192047	6.6E-01	-0.00634124	0.0166917	0.144326	7.0E-01	0.0393189	8.4E-01
rs10762666	10	77157489	1.00522	A	G	0.241989	0.984822	5.13523	2.3E-02	-0.0154271	0.00659745	5.46785	1.9E-02	4.05124	4.4E-02
rs10887758	10	89603315	1.15934	T	C	0.784607	0.990793	0.00412722	9.5E-01	-0.0013635	0.00689372	0.0391206	8.4E-01	0.0390702	8.4E-01
rs141490680	10	95280981	1.22085	G	A	0.866803	0.998279	0.0958938	7.6E-01	0.00377233	0.00828147	0.207493	6.5E-01	0.160214	6.9E-01
rs7342070	10	104223628	1.30538	T	C	0.455127	1	3.49461	6.2E-02	0.0104634	0.00564969	3.42999	6.4E-02	4.22579	4.0E-02
rs7917983	10	114732882	1.3977	T	C	0.532013	1	0.335126	5.6E-01	0.00279509	0.00564493	0.245173	6.2E-01	0.382251	5.4E-01
rs242956	10	119297479	1.46386	C	T	0.362576	0.990585	0.885048	3.5E-01	0.005403	0.00587076	0.846994	3.6E-01	0.835006	3.6E-01
rs7104929	11	784340	0.0108006	C	G	0.530558	0.997422	0.086648	7.7E-01	-0.000752365	0.0056611	0.0176626	8.9E-01	0.00719742	9.3E-01
rs7932891	11	10921512	0.210707	A	G	0.294517	0.99931	0.727128	3.9E-01	-0.00397062	0.00616961	0.414192	5.2E-01	1.16765	2.8E-01
rs11607537	11	14224166	0.277204	C	T	0.941072	0.981717	0.0781519	7.8E-01	-0.00213853	0.0120707	0.0313884	8.6E-01	0.00111697	9.7E-01
rs79634051	11	14561945	0.278112	G	C	0.97174	1	0.13853	7.1E-01	0.00615218	0.0169299	0.132053	7.2E-01	0.155112	6.9E-01
rs3114693	11	26127790	0.452397	A	T	0.617593	0.997848	0.183799	6.7E-01	0.00255995	0.0057989	0.194883	6.6E-01	0.114701	7.3E-01
rs56386213	11	36291554	0.562467	A	G	0.595018	1	0.323379	5.7E-01	-0.00306863	0.00570106	0.28972	5.9E-01	0.419735	5.2E-01
rs174528	11	61543499	0.703973	T	C	0.623454	0.995598	64.9816	7.6E-16	0.046766	0.00582321	64.4965	9.7E-16	73.1587	1.2E-17
rs4297487	11	69229628	0.763225	A	G	0.324796	0.994186	0.0169466	9.0E-01	-0.000530081	0.00602697	0.00773546	9.3E-01	0.223139	6.4E-01
rs28690953	11	111384426	1.18701	T	G	0.852988	1	1.21572	2.7E-01	-0.00953527	0.00795493	1.43679	2.3E-01	1.26628	2.6E-01
rs964184	11	116648917	1.26043	G	C	0.133437	1	53.5731	2.5E-13	0.0611219	0.00828593	54.414	1.6E-13	61.0122	5.7E-15
rs7118117	11	126258062	1.4244	A	G	0.748751	0.990769	28.815	8.0E-08	-0.0362005	0.00653596	30.6767	3.0E-08	31.151	2.4E-08
rs747249	11	130271647	1.49781	A	G	0.360849	0.986641	1.02527	3.1E-01	-0.00637359	0.00590489	1.16505	2.8E-01	2.26773	1.3E-01
rs11045172	12	20470221	0.37098	A	C	0.802205	0.989276	0.0794625	7.8E-01	0.00302892	0.00710504	0.181737	6.7E-01	0.162625	6.9E-01
rs7977928	12	26265632	0.457285	G	A	0.408615	1	0.366949	5.4E-01	-0.00392342	0.00571443	0.471392	4.9E-01	0.496386	4.8E-01
rs2343874	12	26409450	0.459085	G	A	0.53283	0.98214	0.681856	4.1E-01	0.00580355	0.00568791	1.04108	3.1E-01	1.16245	2.8E-01
rs16931815	12	27427917	0.469712	A	G	0.872673	0.996695	1.58615	2.1E-01	-0.00935033	0.0084758	1.21701	2.7E-01	1.6197	2.0E-01
rs7310959	12	45968598	0.59006	G	A	0.897555	1	0.155676	6.9E-01	-0.00317753	0.00930271	0.11667	7.3E-01	0.347037	5.6E-01
rs75824359	12	54320490	0.68262	A	G	0.970266	0.973341	0.17304	6.8E-01	-0.00814715	0.016793	0.235371	6.3E-01	0.357292	5.5E-01
rs10878362	12	66417493	0.793832	C	A	0.687723	0.991565	0.858594	3.5E-01	-0.00646602	0.00608502	1.12915	2.9E-01	1.2505	2.6E-01
rs10745659	12	94092690	1.0816	C	G	0.553308	0.994516	0.0177568	8.9E-01	0.00117404	0.00569614	0.0424822	8.4E-01	0.0018522	9.7E-01
rs10778495	12	106991545	1.2616	A	G	0.720919	0.990603	3.57206	5.9E-02	-0.0113878	0.00628238	3.28573	7.0E-02	1.82263	1.8E-01
rs189392453	12	122381427	1.46398	C	A	0.929828	0.926987	0.901914	3.4E-01	-0.00922205	0.0114518	0.648491	4.2E-01	0.473881	4.9E-01
rs12366339	12	122854616	1.46723	G	A	0.9894	0.907552	1.22486	2.7E-01	-0.0325544	0.0288953	1.2693	2.6E-01	0.935868	3.3E-01
rs147433011	12	123162845	1.46972	T	C	0.989135	0.898372	0.239407	6.2E-01	0.0148556	0.0287084	0.267769	6.0E-01	0.359649	5.5E-01
rs116950578	12	123188577	1.46982	C	T	0.967055	1	0.02647	8.7E-01	0.0024872	0.0157383	0.0249751	8.7E-01	0.00465217	9.5E-01
rs140689322	12	123375732	1.4703	G	A	0.973654	0.966101	2.12084	1.5E-01	-0.0237738	0.017876	1.7687	1.8E-01	2.05237	1.5E-01
rs28722199	12	123989436	1.47618	A	G	0.954286	0.931304	0.458897	5.0E-01	0.00743023	0.013963	0.283169	5.9E-01	0.591062	4.4E-01
rs12582221	12	125323240	1.49972	G	A	0.572176	1	0.970045	3.2E-01	0.00560449	0.00568433	0.972103	3.2E-01	0.973402	3.2E-01
rs7993238	13	22473593	0.0544542	A	C	0.631395	0.976757	0.834293	3.6E-01	0.00584127	0.00591497	0.975234	3.2E-01	1.03493	3.1E-01
rs10507524	13	44684600	0.468128	T	C	0.907237	0.994143	1.49855	2.2E-01	-0.0113189	0.00976065	1.34478	2.5E-01	1.26077	2.6E-01
rs12872335	13	50442235	0.536587	G	A	0.792188	0.994746	1.4723	2.2E-01	-0.00830161	0.006963	1.42145	2.3E-01	1.16811	2.8E-01
rs61964388	13	51061980	0.539297	G	A	0.904117	0.961186	2.38538	1.2E-01	-0.0164964	0.00974113	2.86787	9.0E-02	2.35447	1.2E-01
rs627527	13	110915135	1.21483	G	A	0.418925	0.983958	0.731233	3.9E-01	0.00472689	0.00574902	0.676025	4.1E-01	0.450222	5.0E-01
rs1057119	14	23746269	0.116581	C	G	0.76153	1	0.974957	3.2E-01	0.00638937	0.0065833	0.941952	3.3E-01	1.11995	2.9E-01
rs11621792	14	24871926	0.147512	C	T	0.547453	0.985433	30.503	3.3E-08	-0.0313104	0.00570723	30.0971	4.1E-08	36.9697	1.2E-09
rs140664623	14	52321987	0.459221	G	T	0.976323	0.975931	0.0578981	8.1E-01	-0.0030917	0.0186801	0.0273928	8.7E-01	0.206834	6.5E-01
rs2145600	14	58750902	0.537897	C	G	0.237608	0.992449	0.602267	4.4E-01	0.00404941	0.00662829	0.373233	5.4E-01	0.447809	5.0E-01
rs6575165	14	91352234	0.881721	G	A	0.76556	0.994744	0.0329539	8.6E-01	-0.00042354	0.00665225	0.0040537	9.5E-01	0.000414251	9.8E-01
rs10130936	14	98342676	1.02712	C	T	0.37676	0.985923	3.11392	7.8E-02	0.0105212	0.00585675	3.22713	7.2E-02	2.85652	9.1E-02
rs4779523	15	31679470	0.452779	T	A	0.728098	0.995337	0.0193138	8.9E-01	-0.00134809	0.00635897	0.0449432	8.3E-01	0.0769417	7.8E-01
rs28647196	15	40833379	0.629227	C	T	0.564205	0.997093	0.000762496	9.8E-01	-0.000477269	0.0056999	0.00701118	9.3E-01	0.0212909	8.8E-01
rs11630710	15	56364758	0.756318	G	T	0.893172	0.979091	0.402881	5.3E-01	-0.0046513	0.00924112	0.253337	6.1E-01	0.287062	5.9E-01
rs17184382	15	63792486	0.876626	A	C	0.574619	1	0.57531	4.5E-01	0.0052826	0.00569867	0.859307	3.5E-01	0.472386	4.9E-01
rs2165241	15	74222202	0.994735	T	C	0.491224	0.994517	1.91813	1.7E-01	-0.00854256	0.00562883	2.30324	1.3E-01	0.963972	3.3E-01
rs12905116	15	79042734	1.02295	T	A	0.242831	0.998559	0.161954	6.9E-01	-0.00248785	0.00654403	0.14453	7.0E-01	0.0957464	7.6E-01
rs2401948	16	1340854	0.0338191	G	C	0.470436	0.984992	0.188346	6.6E-01	0.00217341	0.00568091	0.146369	7.0E-01	0.0480774	8.3E-01
rs3747577	16	4415696	0.082586	C	G	0.259467	0.988145	0.0478566	8.3E-01	-0.00111024	0.00646511	0.0294908	8.6E-01	0.0870062	7.7E-01
rs6498114	16	10964118	0.259065	G	T	0.240585	0.980902	0.744478	3.9E-01	-0.00582049	0.00665435	0.765082	3.8E-01	1.09198	3.0E-01
rs2192868	16	53428284	0.643286	G	A	0.551203	0.983829	0.349338	5.5E-01	-0.00373579	0.00571266	0.42765	5.1E-01	0.422467	5.2E-01
rs72786786	16	56985514	0.729988	G	A	0.688624	0.963543	37.4781	9.2E-10	0.0387356	0.00618643	39.2048	3.8E-10	38.9042	4.5E-10
rs116975210	16	67058614	0.849502	T	G	0.960603	0.993544	0.0589295	8.1E-01	0.00198023	0.0145171	0.0186068	8.9E-01	0.00701756	9.3E-01
rs2056876	16	78864296	0.975993	T	G	0.815684	0.95437	2.92182	8.7E-02	0.0125347	0.00741704	2.85606	9.1E-02	2.57293	1.1E-01
rs9926618	16	81484570	1.04509	T	A	0.39429	0.97289	0.990051	3.2E-01	0.00537237	0.00583918	0.846502	3.6E-01	0.595995	4.4E-01
rs66710707	16	81528621	1.0457	A	G	0.719577	0.992374	0.0369229	8.5E-01	-0.00127325	0.00628877	0.0409915	8.4E-01	0.0169977	9.0E-01
rs116911572	17	943593	0.0364958	T	C	0.982069	1	0.365767	5.5E-01	-0.0142175	0.0212483	0.447709	5.0E-01	0.473558	4.9E-01
rs56093546	17	7063815	0.18961	T	A	0.796797	0.968979	28.6409	8.7E-08	0.0388747	0.00709786	29.9971	4.3E-08	32.4872	1.2E-08
rs4151120	17	7342148	0.196018	T	A	0.629178	0.991461	4.74455	2.9E-02	0.0127755	0.00585547	4.76025	2.9E-02	5.15202	2.3E-02
rs1242488	17	17347995	0.443205	C	A	0.250473	0.994678	0.941401	3.3E-01	-0.0056142	0.00649817	0.746439	3.9E-01	0.685504	4.1E-01
rs897456	17	17422608	0.444631	A	G	0.942018	1	0.728155	3.9E-01	-0.0114878	0.012063	0.906894	3.4E-01	0.858272	3.5E-01
rs11651639	17	27672320	0.49569	A	T	0.483934	0.999433	0.0882183	7.7E-01	-0.00189068	0.00563118	0.11273	7.4E-01	0.167715	6.8E-01
rs55883500	17	40395267	0.664304	T	G	0.691334	0.998762	0.548216	4.6E-01	-0.00460432	0.00609281	0.571077	4.5E-01	0.450766	5.0E-01
rs2242461	17	40861424	0.665935	G	A	0.405713	1	0.0122434	9.1E-01	0.000804056	0.00573114	0.019683	8.9E-01	1.38761e-06	1.0E+00
rs62053943	17	43744203	0.688226	C	T	0.845555	0.975028	5.0859	2.4E-02	-0.0163725	0.00790262	4.29228	3.8E-02	4.03417	4.5E-02
rs6504972	17	53601168	0.790946	G	A	0.654059	0.990391	0.472037	4.9E-01	-0.00416534	0.00596722	0.487255	4.9E-01	0.455007	5.0E-01
rs9892365	17	59491384	0.871045	A	G	0.330387	0.996856	0.0746921	7.8E-01	0.00275266	0.00599327	0.210948	6.5E-01	0.317414	5.7E-01
rs146385050	17	60637258	0.881108	C	A	0.819308	0.982238	0.523808	4.7E-01	0.00555726	0.00737506	0.567793	4.5E-01	0.343729	5.6E-01
rs1966327	17	67570113	0.971768	A	G	0.320402	0.997202	1.02178	3.1E-01	-0.00520553	0.00603399	0.744253	3.9E-01	0.6233	4.3E-01
rs9896666	17	68226321	0.98162	C	T	0.675868	0.994992	0.276289	6.0E-01	0.00306382	0.00602354	0.258716	6.1E-01	0.525748	4.7E-01
rs3810068	18	2846499	0.0738566	T	C	0.595452	1	5.91565	1.5E-02	0.0120406	0.00572125	4.42911	3.5E-02	5.46608	1.9E-02
rs4800451	18	20716805	0.429195	C	T	0.259966	0.984274	0.0435071	8.3E-01	-0.00231647	0.00647856	0.127849	7.2E-01	0.121094	7.3E-01
rs1026186	18	42741410	0.625015	G	A	0.64681	0.995626	2.09972	1.5E-01	0.00819066	0.0059019	1.92599	1.7E-01	2.13496	1.4E-01
rs8086644	18	60788559	0.864537	G	A	0.834201	0.988925	0.0419298	8.4E-01	-0.00325789	0.00760133	0.183694	6.7E-01	0.233813	6.3E-01
rs12979965	19	2131148	0.0753026	A	G	0.499935	0.991113	0.469302	4.9E-01	0.00494137	0.00563647	0.768564	3.8E-01	0.917392	3.4E-01
rs10421685	19	4488926	0.151356	G	A	0.311293	0.998169	8.09347	4.4E-03	0.0164776	0.00607623	7.35391	6.7E-03	6.9561	8.4E-03
rs10421685	19	4488926	0.151356	G	C	0.973386	0.548756	0.0266441	8.7E-01	-0.00598713	0.0235376	0.0647012	8.0E-01	0.0645303	8.0E-01
rs35555265	19	17152232	0.420672	C	T	0.803227	0.993265	1.26259	2.6E-01	0.00885977	0.00707632	1.56758	2.1E-01	1.27989	2.6E-01
rs72999466	19	18248499	0.447893	C	T	0.742123	0.99893	0.0597221	8.1E-01	-0.00272468	0.00641743	0.180263	6.7E-01	0.0520471	8.2E-01
rs1423056	19	33780444	0.560699	G	A	0.681795	0.903762	0.0195826	8.9E-01	0.000590391	0.00635166	0.00863983	9.3E-01	0.0373541	8.5E-01
rs113504807	19	33787954	0.561506	C	T	0.951238	0.934153	1.26097	2.6E-01	-0.0163956	0.0134648	1.4827	2.2E-01	1.3874	2.4E-01
rs11672697	19	33876955	0.562267	C	T	0.494053	0.99299	1.9014	1.7E-01	0.00823984	0.00564087	2.13376	1.4E-01	2.11298	1.5E-01
rs62116588	19	44446097	0.68736	C	G	0.976805	0.933368	42.0231	9.0E-11	0.12586	0.0193461	42.3242	7.7E-11	46.8342	7.7E-12
rs55840997	19	44480979	0.687479	G	A	0.981353	1	31.3746	2.1E-08	0.117779	0.0207796	32.1264	1.4E-08	33.3698	7.6E-09
rs73048351	19	45160086	0.697689	C	A	0.989712	0.91554	82.4648	1.1E-19	0.273216	0.0291662	87.7511	7.4E-21	88.0408	6.4E-21
rs11881756	19	45220896	0.699851	T	C	0.886737	1	277.427	2.7E-62	0.147646	0.0088591	277.758	2.3E-62	273.381	2.1E-61
rs139326841	19	45269725	0.701551	T	C	0.978636	0.821408	42.4166	7.4E-11	-0.138043	0.0213732	41.7145	1.1E-10	41.6103	1.1E-10
rs2075649	19	45395330	0.707004	A	G	0.611354	0.998574	102.881	3.6E-24	-0.058161	0.0057786	101.302	7.9E-24	103.997	2.0E-24
rs146390218	19	45478352	0.709104	A	G	0.973731	0.966351	220.759	6.2E-50	0.268229	0.0178631	225.475	5.8E-51	236.7	2.1E-53
rs2864436	19	55986637	0.996315	T	C	0.754674	1	0.300804	5.8E-01	0.00375708	0.00650863	0.333214	5.6E-01	0.428594	5.1E-01
rs151235402	20	569164	0.0196907	C	T	0.984757	0.956324	0.995141	3.2E-01	0.0237803	0.0236269	1.01303	3.1E-01	0.978734	3.2E-01
rs805769	20	5667459	0.191037	T	C	0.595306	0.99253	0.0669324	8.0E-01	0.00132057	0.00575692	0.052619	8.2E-01	6.40494e-07	1.0E+00
rs6117303	20	6487687	0.213838	T	C	0.34849	0.989053	3.56799	5.9E-02	0.0120045	0.00593474	4.09154	4.3E-02	4.15884	4.1E-02
rs146411982	20	38985760	0.586515	A	G	0.97517	0.885893	15.6926	7.5E-05	-0.0780755	0.0191859	16.5601	4.7E-05	15.307	9.1E-05
rs1997833	20	39690342	0.597551	T	C	0.700507	0.998963	10.8878	9.7E-04	-0.0207324	0.00612371	11.4622	7.1E-04	13.765	2.1E-04
rs11699991	20	45489407	0.689702	T	A	0.670387	0.988835	0.841396	3.6E-01	0.00757099	0.00601449	1.58456	2.1E-01	1.97383	1.6E-01
rs6068280	20	51235613	0.791961	A	G	0.324841	0.992237	0.166361	6.8E-01	0.00276861	0.00600066	0.212875	6.4E-01	0.190497	6.6E-01
rs6013572	20	51553621	0.798111	T	C	0.936054	1	0.174118	6.8E-01	0.00302559	0.0115652	0.06844	7.9E-01	0.206634	6.5E-01
rs1936966	20	51691779	0.801626	C	T	0.672454	0.982215	1.48851	2.2E-01	-0.0077944	0.00608645	1.63997	2.0E-01	1.19865	2.7E-01
rs2105063	20	62690683	1.09651	C	T	0.438811	1	3.38732	6.6E-02	0.0102438	0.00568005	3.25249	7.1E-02	2.99733	8.3E-02
rs4998557	21	33034892	0.322704	G	A	0.887631	0.995909	0.386587	5.3E-01	-0.00353858	0.00894199	0.156599	6.9E-01	0.311788	5.8E-01
rs2836139	21	39451403	0.432375	A	G	0.514897	0.9942	4.13749	4.2E-02	0.0105757	0.00567203	3.47648	6.2E-02	3.51649	6.1E-02
rs2330396	21	47524380	0.643685	A	C	0.492654	0.996498	4.78959	2.9E-02	-0.0124566	0.00562294	4.90763	2.7E-02	3.94344	4.7E-02
rs2236142	22	29137944	0.338659	G	C	0.32476	0.994367	0.394018	5.3E-01	-0.00327785	0.00601906	0.296565	5.9E-01	0.392668	5.3E-01
rs5997898	22	31572963	0.355537	A	C	0.421356	0.998342	0.00898006	9.2E-01	-0.000753958	0.00570627	0.0174578	8.9E-01	0.0267383	8.7E-01
