SNP	CHR	BP	GENPOS	ALLELE1	ALLELE0	A1FREQ	INFO	CHISQ_LINREG	P_LINREG	BETA	SE	CHISQ_BOLT_LMM_INF	P_BOLT_LMM_INF
rs10909862	1	2936815	0.0400559	G	A	0.1928	0.987988	8.98057	2.7E-03	0.0212706	0.00710611	8.95978	2.8E-03	8.71444	3.2E-03
rs1294014	1	9325676	0.18921	C	T	0.732088	0.974098	8.81912	3.0E-03	-0.0165526	0.00638823	6.71386	9.6E-03	7.5949	5.9E-03
rs10753554	1	23619009	0.461644	T	C	0.260317	0.989627	1.65563	2.0E-01	0.00682569	0.00638209	1.14385	2.8E-01	1.09296	3.0E-01
rs193084249	1	26987646	0.50164	A	G	0.976179	0.957438	32.0458	1.5E-08	-0.105529	0.0186584	31.9885	1.6E-08	33.0319	9.1E-09
rs624698	1	62900811	0.92277	A	G	0.58261	0.969721	123.674	9.9E-29	0.0651974	0.00572771	129.568	5.1E-30	132.948	9.3E-31
rs10889551	1	65906137	0.967654	A	G	0.326867	0.995997	0.0393913	8.4E-01	-0.0012194	0.0059592	0.0418715	8.4E-01	0.0232722	8.8E-01
rs71658797	1	77967507	1.07336	T	A	0.879141	0.99054	5.16725	2.3E-02	0.0228516	0.00856939	7.11104	7.7E-03	7.04385	8.0E-03
rs1415361	1	103562263	1.33102	C	T	0.402104	0.995554	0.425964	5.1E-01	0.00426861	0.00569565	0.561676	4.5E-01	0.950356	3.3E-01
rs116679284	1	119014845	1.50751	C	T	0.963654	0.948411	0.229065	6.3E-01	0.00734993	0.0152979	0.230835	6.3E-01	0.685757	4.1E-01
rs1766783	1	119434896	1.50931	A	C	0.181268	0.981355	1.76217	1.8E-01	-0.00934904	0.00729056	1.64441	2.0E-01	1.37947	2.4E-01
rs3738479	1	150997842	1.65945	T	A	0.765906	0.995486	0.73887	3.9E-01	-0.0051481	0.00659718	0.608943	4.4E-01	0.508779	4.8E-01
rs79810698	1	154836444	1.69767	C	A	0.95565	1	0.333967	5.6E-01	0.00712627	0.0135349	0.277212	6.0E-01	0.431679	5.1E-01
rs10494421	1	164738727	1.83743	C	T	0.880829	1	0.00397309	9.5E-01	-0.00087837	0.00859975	0.0104324	9.2E-01	0.208338	6.5E-01
rs3121911	1	170212480	1.91705	G	A	0.744389	0.993907	4.37368	3.6E-02	0.0129405	0.00637138	4.12507	4.2E-02	4.08807	4.3E-02
rs17346300	1	170510459	1.91857	C	T	0.950626	1	2.22268	1.4E-01	0.0172416	0.0128885	1.78958	1.8E-01	1.84153	1.7E-01
rs6697844	1	172308238	1.93873	C	T	0.56798	0.996349	2.01635	1.6E-01	-0.00918334	0.00560889	2.68069	1.0E-01	2.84975	9.1E-02
rs10922075	1	196467248	2.1432	G	A	0.687963	0.997066	13.5179	2.4E-04	0.0218769	0.0060153	13.2269	2.8E-04	13.8368	2.0E-04
rs13303121	1	203503267	2.22276	C	G	0.607356	0.947347	3.26408	7.1E-02	0.00982802	0.00584347	2.82872	9.3E-02	2.05338	1.5E-01
rs4951159	1	205012106	2.25304	G	C	0.0908836	0.967	0.915217	3.4E-01	-0.00914706	0.00985502	0.861487	3.5E-01	1.09961	2.9E-01
rs61821643	1	219268532	2.43532	T	C	0.974378	0.889659	0.163324	6.9E-01	-0.00639003	0.018664	0.117218	7.3E-01	0.833173	3.6E-01
rs77278027	1	219392230	2.43543	C	T	0.93823	0.976746	0.0254559	8.7E-01	-0.00305153	0.0117127	0.0678764	7.9E-01	0.00591901	9.4E-01
rs12740837	1	219623230	2.43692	G	A	0.983204	0.959021	0.229881	6.3E-01	-0.013535	0.0220762	0.375896	5.4E-01	0.239666	6.2E-01
rs4631704	1	230293530	2.53595	C	T	0.39136	0.985874	47.097	6.8E-12	0.0409902	0.00574512	50.905	9.7E-13	55.3083	1.0E-13
rs711869	2	13073967	0.297329	G	A	0.443249	0.983109	0.169169	6.8E-01	-0.000772539	0.00565568	0.0186582	8.9E-01	0.0020565	9.6E-01
rs2702068	2	24689512	0.456007	A	C	0.144534	0.985387	0.510565	4.7E-01	0.00635686	0.00798041	0.634505	4.3E-01	0.462879	5.0E-01
rs77541036	2	25575523	0.459339	A	G	0.962268	0.991995	3.68769	5.5E-02	-0.024486	0.0146595	2.78996	9.5E-02	3.31346	6.9E-02
rs7933	2	43452183	0.682402	A	G	0.634849	0.981779	2.67832	1.0E-01	-0.0105603	0.0058319	3.27892	7.0E-02	3.08608	7.9E-02
rs36072157	2	48953740	0.765134	G	C	0.658175	0.956087	4.76339	2.9E-02	-0.0122217	0.00599724	4.15299	4.2E-02	3.9241	4.8E-02
rs4953627	2	48990167	0.765401	C	T	0.77524	0.975089	13.0577	3.0E-04	0.0271528	0.00677766	16.0499	6.2E-05	16.5958	4.6E-05
rs10779951	2	66142656	0.91656	G	A	0.525126	0.992672	1.14071	2.9E-01	-0.00702225	0.0056082	1.56785	2.1E-01	1.34046	2.5E-01
rs12713567	2	66729420	0.924256	A	G	0.428176	0.981664	0.0255899	8.7E-01	-0.000923481	0.00567831	0.0264496	8.7E-01	0.0151527	9.0E-01
rs1521047	2	67724601	0.937973	C	G	0.75421	0.992329	0.659533	4.2E-01	0.00569578	0.00647027	0.774929	3.8E-01	1.2753	2.6E-01
rs12712049	2	100208830	1.21955	A	G	0.176674	0.985519	6.43702	1.1E-02	0.0180113	0.00734573	6.01203	1.4E-02	5.55264	1.8E-02
rs72946301	2	111861838	1.33125	G	A	0.903863	0.964859	0.975361	3.2E-01	0.00945968	0.00962604	0.965734	3.3E-01	1.64229	2.0E-01
rs1053413	2	114471921	1.35945	A	G	0.784744	0.998156	0.372766	5.4E-01	-0.00517786	0.00680066	0.579694	4.5E-01	0.463788	5.0E-01
rs7593247	2	119337589	1.3956	C	T	0.503784	0.990163	0.198912	6.6E-01	-0.0012889	0.00559619	0.0530461	8.2E-01	0.0379713	8.5E-01
rs78876301	2	158234589	1.75901	A	C	0.987195	0.782415	0.0347084	8.5E-01	0.00102865	0.0280385	0.00134594	9.7E-01	0.0597155	8.1E-01
rs77928329	2	158413902	1.76308	G	A	0.94544	0.998218	0.339322	5.6E-01	0.00943382	0.0122309	0.594916	4.4E-01	0.723784	3.9E-01
rs1402698	2	165424575	1.81281	G	A	0.368889	0.988943	7.8991	4.9E-03	-0.0159816	0.0058172	7.54772	6.0E-03	5.96825	1.5E-02
rs3769877	2	165569779	1.81517	G	A	0.125673	1	4.90871	2.7E-02	0.0172388	0.00840898	4.20271	4.0E-02	4.26507	3.9E-02
rs72882321	2	172298662	1.8972	C	T	0.821415	0.98752	0.00462422	9.5E-01	0.000517438	0.00732437	0.00499087	9.4E-01	0.0348412	8.5E-01
rs62173497	2	187821910	2.04064	C	A	0.889372	0.96522	3.12302	7.7E-02	0.0146643	0.00902655	2.63924	1.0E-01	2.77884	9.6E-02
rs61613340	2	191746748	2.0603	G	T	0.922172	0.993102	1.47595	2.2E-01	0.0128003	0.0104318	1.50563	2.2E-01	1.25687	2.6E-01
rs1250248	2	216287093	2.28549	A	G	0.271958	0.996374	0.00426941	9.5E-01	-6.66838e-05	0.00627779	0.00011283	9.9E-01	0.137707	7.1E-01
rs2373074	2	218381350	2.32413	C	T	0.903229	0.998908	1.07412	3.0E-01	-0.0117022	0.00943536	1.53821	2.1E-01	1.21184	2.7E-01
rs62182126	2	219279230	2.33765	G	A	0.901349	1	6.21328	1.3E-02	-0.0222291	0.00934345	5.66017	1.7E-02	6.78777	9.2E-03
rs6760762	2	226866226	2.44112	C	T	0.776249	0.976874	10.4755	1.2E-03	0.0221788	0.00677021	10.7317	1.1E-03	11.1108	8.6E-04
rs305506	3	12026709	0.296805	G	T	0.113563	0.992655	2.01935	1.6E-01	0.0110425	0.00882861	1.56442	2.1E-01	1.78766	1.8E-01
rs114252958	3	12409938	0.29797	C	T	0.982978	0.956617	0.286957	5.9E-01	-0.0118802	0.0221214	0.288416	5.9E-01	0.00910962	9.2E-01
rs10490869	3	35635145	0.595764	A	T	0.789478	0.990849	2.67324	1.0E-01	-0.00948409	0.00684316	1.92078	1.7E-01	2.55384	1.1E-01
rs6771508	3	43718462	0.664863	A	C	0.974946	0.998741	2.74704	9.7E-02	0.0281904	0.0178386	2.49735	1.1E-01	2.11386	1.5E-01
rs4683294	3	46979013	0.687679	G	C	0.321605	0.960868	9.10497	2.5E-03	-0.0164989	0.00607742	7.37004	6.6E-03	8.15598	4.3E-03
rs4858828	3	48724811	0.68972	C	T	0.349101	0.999091	0.194309	6.6E-01	-0.00399501	0.00582487	0.470397	4.9E-01	0.556417	4.6E-01
rs352156	3	52214610	0.694887	C	T	0.955078	0.904333	6.04729	1.4E-02	0.0341105	0.0140191	5.92016	1.5E-02	5.29818	2.1E-02
rs7643235	3	53227428	0.699142	T	C	0.4136	0.989215	3.38775	6.6E-02	0.010882	0.00565845	3.69846	5.4E-02	2.42548	1.2E-01
rs11718560	3	64584862	0.868956	C	T	0.731847	0.985124	2.51888	1.1E-01	-0.0093741	0.00632969	2.19328	1.4E-01	1.70237	1.9E-01
rs4688498	3	64674599	0.871028	C	T	0.669682	0.985151	1.7554	1.9E-01	0.00662643	0.00596937	1.23226	2.7E-01	1.47856	2.2E-01
rs997274	3	78704821	1.06722	T	C	0.748705	0.994327	0.0318736	8.6E-01	-0.000974089	0.00645668	0.0227603	8.8E-01	0.0154833	9.0E-01
rs1877569	3	99224544	1.12953	G	A	0.816212	0.993173	2.43061e-05	1.0E+00	-0.00012742	0.00719713	0.000313442	9.9E-01	0.00537669	9.4E-01
rs9875732	3	107461731	1.19696	T	C	0.623037	0.99667	0.0917953	7.6E-01	0.000935676	0.00576038	0.0263846	8.7E-01	0.00240573	9.6E-01
rs1000368	3	123117165	1.35684	C	T	0.748381	0.996692	3.12115	7.7E-02	-0.0123854	0.00642541	3.71553	5.4E-02	3.24469	7.2E-02
rs113771682	3	129112166	1.4255	C	T	0.937375	0.999072	0.574659	4.5E-01	0.00670234	0.0115337	0.337688	5.6E-01	0.462985	5.0E-01
rs7647218	3	129125231	1.42558	C	A	0.901341	0.999167	0.0941451	7.6E-01	-0.0040817	0.00936681	0.189889	6.6E-01	0.00484428	9.4E-01
rs75212171	3	129323322	1.42649	T	C	0.983129	1	0.0057357	9.4E-01	0.00698578	0.021627	0.104337	7.5E-01	0.142995	7.1E-01
rs112551697	3	150018637	1.64271	G	A	0.96554	0.928479	4.45322	3.5E-02	-0.0316977	0.0158031	4.02322	4.5E-02	5.52992	1.9E-02
rs11720805	3	156800360	1.71236	A	G	0.330979	0.970132	1.55263	2.1E-01	0.00796805	0.00601468	1.75501	1.9E-01	3.09512	7.9E-02
rs1488111	3	168951612	1.77942	C	T	0.517315	0.996852	3.30269	6.9E-02	0.0090113	0.00557285	2.61469	1.1E-01	2.49354	1.1E-01
rs1499813	3	171760427	1.8208	T	C	0.587431	1	0.143785	7.0E-01	-0.00217216	0.00568509	0.145986	7.0E-01	0.456855	5.0E-01
rs13092876	3	185495320	2.01656	G	A	0.686729	0.994835	3.98885	4.6E-02	-0.0116236	0.0060218	3.7259	5.4E-02	4.51991	3.4E-02
rs3843375	3	196813908	2.26438	G	A	0.590289	0.999191	1.85254	1.7E-01	-0.0064199	0.00568124	1.27694	2.6E-01	0.498113	4.8E-01
rs75072999	4	844781	0.00782036	G	A	0.904916	0.991302	5.5775	1.8E-02	0.0238964	0.00955775	6.25106	1.2E-02	5.40186	2.0E-02
rs748483	4	952409	0.00822297	A	G	0.891514	0.99682	5.50053	1.9E-02	-0.0218737	0.00898375	5.92826	1.5E-02	5.75202	1.6E-02
rs1912897	4	26006133	0.455942	A	T	0.79303	0.98817	10.9425	9.4E-04	-0.0233894	0.00692514	11.4073	7.3E-04	10.4328	1.2E-03
rs7689800	4	26295421	0.461356	C	G	0.382047	0.982424	0.955979	3.3E-01	0.00693607	0.00579113	1.4345	2.3E-01	1.52911	2.2E-01
rs34171390	4	56192405	0.730002	C	G	0.8287	0.967618	1.57923	2.1E-01	-0.00822854	0.00750273	1.20284	2.7E-01	0.785454	3.8E-01
rs10021790	4	87772240	1.02884	T	C	0.630384	0.99281	31.9476	1.6E-08	-0.0344598	0.00580759	35.2073	3.0E-09	37.8165	7.8E-10
rs10029220	4	89710592	1.04921	C	T	0.909822	0.997537	0.103616	7.5E-01	-0.00629042	0.00975411	0.415896	5.2E-01	0.147226	7.0E-01
rs1813006	4	103001649	1.15654	G	T	0.940843	0.94358	24.4024	7.8E-07	-0.0602424	0.0121526	24.5733	7.2E-07	27.0649	2.0E-07
rs12647922	4	106063987	1.17944	C	T	0.794569	0.998343	0.13168	7.2E-01	-0.00174488	0.00689757	0.0639937	8.0E-01	0.0958285	7.6E-01
rs7655064	4	120106348	1.31331	T	C	0.875314	0.995692	0.00541586	9.4E-01	0.00107972	0.00844086	0.0163626	9.0E-01	0.0858965	7.7E-01
rs2922979	4	123748616	1.34468	C	G	0.689916	1	5.20431	2.3E-02	0.0121965	0.00603362	4.08614	4.3E-02	2.97303	8.5E-02
rs1520325	4	125182690	1.35483	C	T	0.780072	0.994582	0.287219	5.9E-01	-0.00531852	0.00674826	0.621151	4.3E-01	0.746444	3.9E-01
rs2353397	4	145517578	1.53798	C	T	0.460014	1	0.729781	3.9E-01	0.00467809	0.00559911	0.69807	4.0E-01	0.920161	3.4E-01
rs2166365	5	3597830	0.0882728	A	G	0.777698	0.981109	1.02685	3.1E-01	0.00715716	0.00676267	1.12007	2.9E-01	1.92857	1.6E-01
rs13178917	5	4007353	0.10142	C	T	0.551974	0.99437	3.47054	6.2E-02	0.011373	0.00559768	4.12797	4.2E-02	2.28375	1.3E-01
rs10061804	5	32748637	0.511958	G	A	0.711087	1	0.00373255	9.5E-01	-0.000721375	0.00615396	0.0137408	9.1E-01	0.00151369	9.7E-01
rs299615	5	34042097	0.535425	G	A	0.843206	1	1.88297	1.7E-01	0.0104384	0.0076749	1.84979	1.7E-01	1.17047	2.8E-01
rs4293945	5	38736142	0.597252	A	T	0.606405	0.995383	0.643485	4.2E-01	-0.00422387	0.0057195	0.545389	4.6E-01	0.412241	5.2E-01
rs163112	5	54538003	0.667379	C	G	0.107056	0.994238	1.96199	1.6E-01	0.0113396	0.00905781	1.5673	2.1E-01	1.69417	1.9E-01
rs61653333	5	55779080	0.679717	G	T	0.970413	0.977169	0.5233	4.7E-01	0.0146064	0.0166146	0.772871	3.8E-01	0.978591	3.2E-01
rs6867983	5	55854153	0.681454	C	T	0.861186	1	55.7562	8.2E-14	-0.06204	0.00806433	59.1844	1.4E-14	58.88	1.7E-14
rs11749164	5	66294202	0.770672	T	G	0.726476	0.988719	0.634439	4.3E-01	-0.00502563	0.00629394	0.63758	4.2E-01	0.852301	3.6E-01
rs6878122	5	76427311	0.889556	G	A	0.318279	0.997785	3.71304	5.4E-02	-0.0101931	0.00599904	2.88705	8.9E-02	2.63511	1.0E-01
rs7734060	5	101780479	1.10738	T	G	0.734786	0.995631	2.174	1.4E-01	0.0101125	0.0063493	2.53668	1.1E-01	2.15711	1.4E-01
rs1394631	5	118639270	1.27349	C	T	0.775173	0.988487	0.54954	4.6E-01	-0.00409707	0.00670606	0.37326	5.4E-01	0.29901	5.8E-01
rs11744058	5	118798944	1.27486	G	T	0.783774	0.998591	7.31049	6.9E-03	0.0188316	0.00678231	7.70935	5.5E-03	8.32628	3.9E-03
rs3749748	5	127350549	1.37291	C	T	0.753975	0.992802	1.64448	2.0E-01	0.00850352	0.00649276	1.7153	1.9E-01	1.23385	2.7E-01
rs4705986	5	132349654	1.39065	T	G	0.937241	0.978165	0.642414	4.2E-01	0.0141145	0.0116322	1.47234	2.2E-01	1.39923	2.4E-01
rs10463353	5	141710741	1.48273	C	T	0.640669	0.986535	8.42262	3.7E-03	0.0174933	0.00584425	8.95953	2.8E-03	10.175	1.4E-03
rs33999	5	141973349	1.48937	C	G	0.612065	0.9834	3.15392	7.6E-02	-0.00920517	0.00575704	2.55661	1.1E-01	2.33363	1.3E-01
rs12652322	5	171822666	1.88951	C	T	0.705252	0.99822	2.38392	1.2E-01	-0.00867611	0.00612674	2.00536	1.6E-01	2.06213	1.5E-01
rs2053681	5	172746086	1.91113	A	G	0.485601	0.912476	0.441265	5.1E-01	-0.00260132	0.00585381	0.197473	6.6E-01	0.751295	3.9E-01
rs10035782	5	173270328	1.92939	A	G	0.600665	0.984103	0.862979	3.5E-01	-0.00512211	0.0057378	0.796905	3.7E-01	0.925335	3.4E-01
rs11963955	6	6631996	0.178791	A	G	0.637527	0.976944	5.20786	2.2E-02	-0.0135169	0.0058724	5.29816	2.1E-02	7.47883	6.2E-03
rs201061	6	6730512	0.181115	G	A	0.455616	0.976616	1.91001	1.7E-01	-0.00773327	0.00565073	1.87291	1.7E-01	2.38331	1.2E-01
rs1334576	6	7211818	0.195986	G	A	0.5774	1	3.77914	5.2E-02	-0.00917243	0.00565307	2.63269	1.0E-01	2.16814	1.4E-01
rs9382988	6	14595010	0.314722	C	A	0.204362	0.998886	0.400544	5.3E-01	-0.00317894	0.00693426	0.210168	6.5E-01	0.254289	6.1E-01
rs4710940	6	20658012	0.410434	A	C	0.647018	0.999463	6.11438	1.3E-02	-0.016403	0.00584578	7.87342	5.0E-03	6.0607	1.4E-02
rs3129830	6	30248711	0.50553	G	A	0.868546	0.999908	1.88337	1.7E-01	0.0116145	0.00821877	1.99703	1.6E-01	2.43846	1.2E-01
rs7772131	6	30795171	0.50714	A	C	0.988571	1	1.28336	2.6E-01	0.0193863	0.026227	0.546375	4.6E-01	0.773903	3.8E-01
rs6919908	6	31244960	0.511805	T	C	0.193909	0.999901	11.1014	8.6E-04	-0.0250649	0.00707001	12.5688	3.9E-04	12.2295	4.7E-04
rs181133225	6	32454764	0.520293	T	C	0.893444	0.778953	0.47354	4.9E-01	-0.00354939	0.0101767	0.121645	7.3E-01	0.0358077	8.5E-01
rs117108573	6	32489679	0.520303	C	T	0.921405	0.866866	1.12984	2.9E-01	-0.0072968	0.0110598	0.435278	5.1E-01	0.178126	6.7E-01
rs575662827	6	32543874	0.520325	T	C	0.899303	0.833996	0.812685	3.7E-01	-0.00587684	0.0100953	0.338882	5.6E-01	0.116587	7.3E-01
rs114760566	6	34192036	0.545788	C	A	0.954268	0.993831	9.44885	2.1E-03	-0.0410139	0.0133739	9.4047	2.2E-03	7.51893	6.1E-03
rs1574430	6	43269029	0.669727	A	C	0.391321	0.999399	0.0656392	8.0E-01	0.000922636	0.00571161	0.0260941	8.7E-01	0.0458934	8.3E-01
rs9381248	6	43734606	0.675407	C	T	0.87836	0.993046	3.31396	6.9E-02	-0.0160543	0.00856326	3.51481	6.1E-02	3.41902	6.4E-02
rs35349911	6	43785255	0.678849	C	T	0.409597	0.97009	2.57197	1.1E-01	-0.00995832	0.00576616	2.98263	8.4E-02	2.92457	8.7E-02
rs72902769	6	80719576	0.920488	C	G	0.966636	0.999182	4.48204	3.4E-02	-0.0288317	0.0155494	3.43806	6.4E-02	2.65201	1.0E-01
rs62406467	6	81114126	0.921634	G	T	0.849349	0.952286	0.132688	7.2E-01	0.0032528	0.00798475	0.165956	6.8E-01	0.0333606	8.6E-01
rs6924944	6	100597579	1.0811	A	T	0.245827	0.981159	2.06062	1.5E-01	0.00952933	0.0065526	2.11494	1.5E-01	2.05638	1.5E-01
rs2806373	6	109222017	1.18299	G	A	0.239664	0.998945	6.18429	1.3E-02	-0.0142193	0.0065261	4.74731	2.9E-02	4.97107	2.6E-02
rs72969772	6	126187585	1.32503	A	G	0.980332	1	0.238129	6.3E-01	-0.00433304	0.0201347	0.0463122	8.3E-01	0.125035	7.2E-01
rs9986505	6	126445558	1.32603	A	G	0.6761	0.991308	2.33974	1.3E-01	0.0078724	0.00598157	1.73214	1.9E-01	2.15285	1.4E-01
rs74949497	6	126812007	1.32699	A	C	0.97518	1	12.8418	3.4E-04	-0.0663031	0.0180217	13.5355	2.3E-04	12.6609	3.7E-04
rs139242696	6	127414440	1.32797	T	C	0.974907	0.948341	1.51331	2.2E-01	-0.0195781	0.0182668	1.14873	2.8E-01	1.93299	1.6E-01
rs9385864	6	139805476	1.50274	C	T	0.6907	0.988333	20.5375	5.8E-06	-0.026873	0.00607682	19.556	9.8E-06	21.9376	2.8E-06
rs12205386	6	139837171	1.50318	C	A	0.643666	0.9992	6.11509	1.3E-02	0.0149988	0.00582687	6.62583	1.0E-02	8.117	4.4E-03
rs11756568	6	152042413	1.64245	A	T	0.724877	0.999168	0.327495	5.7E-01	0.00441943	0.00625293	0.499535	4.8E-01	0.942421	3.3E-01
rs2282137	6	160468180	1.77084	G	A	0.984432	0.989502	30.9091	2.7E-08	0.126717	0.0225953	31.4511	2.0E-08	31.3549	2.1E-08
rs9459839	6	167431829	1.92196	T	C	0.531185	0.998188	1.60021	2.1E-01	-0.00689403	0.00556955	1.53217	2.2E-01	1.67888	2.0E-01
rs2214440	7	20372191	0.358281	A	G	0.667686	0.991786	0.470065	4.9E-01	0.00422366	0.00594531	0.504695	4.8E-01	0.643317	4.2E-01
rs111683990	7	25729528	0.437229	C	G	0.955515	0.987881	2.3962	1.2E-01	-0.0206887	0.0136282	2.30456	1.3E-01	2.59662	1.1E-01
rs2040786	7	26208736	0.442609	G	A	0.529361	1	2.89119	8.9E-02	0.00982044	0.00558306	3.09398	7.9E-02	2.90946	8.8E-02
rs17428025	7	27251396	0.453724	C	T	0.971743	0.967404	4.79182	2.9E-02	0.0347058	0.0170974	4.12045	4.2E-02	4.08903	4.3E-02
rs849140	7	28183702	0.463008	T	C	0.410278	1	0.422252	5.2E-01	-0.00409773	0.00569717	0.51733	4.7E-01	0.0725185	7.9E-01
rs17172095	7	42665355	0.680121	A	G	0.679343	0.995026	3.52921	6.0E-02	0.0122285	0.0059832	4.17717	4.1E-02	4.34169	3.7E-02
rs35867424	7	72032358	0.893844	G	A	0.97046	0.950986	31.7745	1.7E-08	0.0964593	0.0168495	32.7729	1.0E-08	32.4941	1.2E-08
rs113452856	7	72859135	0.899612	G	A	0.96835	0.994361	35.1432	3.1E-09	0.0946763	0.0159275	35.3334	2.8E-09	36.6323	1.4E-09
rs57487833	7	77115793	0.936393	G	A	0.723097	0.985735	4.48512	3.4E-02	0.015161	0.00627094	5.84511	1.6E-02	6.8475	8.9E-03
rs76306613	7	106235348	1.22452	G	T	0.855998	0.98895	0.705006	4.0E-01	-0.00766606	0.00798653	0.921358	3.4E-01	1.73546	1.9E-01
rs2237687	7	107585473	1.24369	C	T	0.472386	0.966594	2.15722	1.4E-01	0.00840703	0.00567248	2.19654	1.4E-01	2.62578	1.1E-01
rs38902	7	116889718	1.32093	G	A	0.474719	0.992845	2.9455	8.6E-02	-0.00995704	0.00559798	3.16372	7.5E-02	2.6924	1.0E-01
rs12154627	7	130422934	1.4017	T	C	0.506907	0.97487	65.2128	6.7E-16	0.0454335	0.00563473	65.0139	7.4E-16	71.5367	2.7E-17
rs7808446	7	150214465	1.67249	T	G	0.235469	0.993612	8.63454	3.3E-03	0.0192331	0.006589	8.52037	3.5E-03	7.33676	6.8E-03
rs62493791	8	9168897	0.251645	T	G	0.758098	0.977591	36.0075	2.0E-09	0.039967	0.00656096	37.1081	1.1E-09	38.1996	6.4E-10
rs4474021	8	12632903	0.332387	G	T	0.680802	1	8.11573	4.4E-03	-0.0165465	0.0059612	7.70453	5.5E-03	8.40641	3.7E-03
rs1372345	8	19852948	0.4728	C	A	0.835022	0.999604	32.836	1.0E-08	0.0422186	0.00751481	31.5625	1.9E-08	31.8973	1.6E-08
rs7844736	8	23551671	0.545238	A	G	0.828827	1	0.231223	6.3E-01	0.00282566	0.00740211	0.145724	7.0E-01	0.355464	5.5E-01
rs310289	8	23610756	0.545792	C	T	0.760888	0.994537	1.21115	2.7E-01	-0.00827974	0.00655477	1.59558	2.1E-01	1.09244	3.0E-01
rs11992444	8	25464690	0.565812	G	T	0.49058	1	1.02197	3.1E-01	0.00704948	0.00555581	1.60997	2.0E-01	1.21173	2.7E-01
rs7815496	8	38321607	0.69461	C	T	0.597431	0.996532	6.32943	1.2E-02	-0.0138087	0.00567265	5.92559	1.5E-02	7.32062	6.8E-03
rs12543555	8	69562014	0.90375	A	G	0.792127	0.98465	0.257145	6.1E-01	-0.00275942	0.0068949	0.16017	6.9E-01	0.0108941	9.2E-01
rs28568866	8	72353630	0.949663	G	A	0.969859	0.939217	1.49191	2.2E-01	-0.0210074	0.0168152	1.56079	2.1E-01	1.69694	1.9E-01
rs146492163	8	72386394	0.950025	G	T	0.96946	0.960969	16.4793	4.9E-05	-0.0668648	0.0165314	16.3597	5.2E-05	14.811	1.2E-04
rs1895674	8	72443246	0.950276	T	G	0.946831	0.990629	0.0640442	8.0E-01	0.00318352	0.0124297	0.0655985	8.0E-01	0.0111909	9.2E-01
rs4147332	8	89280863	1.08332	G	C	0.323111	0.995784	0.819972	3.7E-01	-0.00445111	0.00595851	0.558035	4.6E-01	0.50214	4.8E-01
rs144435165	8	126419938	1.45107	G	C	0.944194	0.785853	34.9745	3.3E-09	-0.0820868	0.0136589	36.1176	1.9E-09	34.9689	3.4E-09
rs2954018	8	126477153	1.45319	C	T	0.298303	0.998357	85.7541	2.0E-20	0.0584763	0.00608921	92.2227	7.7E-22	100.654	1.1E-23
rs7009673	8	126630159	1.45646	C	T	0.710504	0.988231	27.835	1.3E-07	-0.0339662	0.00616258	30.3787	3.6E-08	30.9517	2.6E-08
rs6991761	8	128274518	1.48941	C	T	0.844226	0.993607	0.0438818	8.3E-01	0.00268144	0.00768626	0.121705	7.3E-01	0.0502874	8.2E-01
rs2467030	8	135665361	1.60637	A	G	0.339711	0.997044	0.764743	3.8E-01	0.00523973	0.0059012	0.788382	3.7E-01	0.603416	4.4E-01
rs12340775	9	13226945	0.282033	G	A	0.944664	0.940298	1.61426	2.0E-01	0.0184008	0.0125588	2.14673	1.4E-01	2.07168	1.5E-01
rs73650963	9	93943033	1.11642	T	C	0.892489	0.990174	0.583676	4.4E-01	-0.00599635	0.00900477	0.443435	5.1E-01	0.253682	6.1E-01
rs2131919	9	95283887	1.12689	A	G	0.83667	0.999136	5.9925	1.4E-02	-0.0188636	0.00756669	6.21497	1.3E-02	4.85613	2.8E-02
rs1572136	9	101740604	1.18729	G	C	0.724977	0.989514	7.60624	5.8E-03	0.0168882	0.00628568	7.21875	7.2E-03	7.96455	4.8E-03
rs12686004	9	107653426	1.24316	G	A	0.884341	1	0.122708	7.3E-01	0.00315431	0.00871544	0.130988	7.2E-01	0.505342	4.8E-01
rs10991414	9	107685589	1.24582	T	C	0.861068	0.989408	3.68785	5.5E-02	-0.0161949	0.00812458	3.97335	4.6E-02	3.32898	6.8E-02
rs111479443	9	107874316	1.24936	T	G	0.963776	0.9746	0.0016664	9.7E-01	0.002727	0.0151264	0.032501	8.6E-01	0.094717	7.6E-01
rs7048735	9	112529695	1.31375	A	G	0.239526	0.976202	2.25871	1.3E-01	-0.0108917	0.00660932	2.71568	9.9E-02	2.56971	1.1E-01
rs1002607	9	113858933	1.33848	T	C	0.40707	0.988428	0.449768	5.0E-01	0.00318723	0.00571867	0.310624	5.8E-01	0.428135	5.1E-01
rs13298297	9	119264108	1.4204	G	A	0.769275	0.989359	0.0248412	8.7E-01	0.00186334	0.00667449	0.0779378	7.8E-01	0.156988	6.9E-01
rs6478851	9	131561110	1.55426	G	A	0.758733	1	3.36056	6.7E-02	-0.013507	0.0065307	4.27755	3.9E-02	3.84253	5.0E-02
rs60980157	9	139235415	1.78278	C	T	0.757489	0.966704	4.17722	4.1E-02	-0.0130402	0.00659775	3.90642	4.8E-02	3.55089	6.0E-02
rs7072195	10	3540748	0.0738836	T	C	0.417524	0.993244	0.0389793	8.4E-01	-0.000511495	0.0056747	0.00812451	9.3E-01	0.00252322	9.6E-01
rs11592754	10	32619572	0.605452	A	C	0.856559	0.998356	0.20695	6.5E-01	0.00121251	0.00795404	0.0232379	8.8E-01	0.00465651	9.5E-01
rs2247396	10	33489192	0.60946	G	A	0.603662	0.99818	0.756949	3.8E-01	0.00465868	0.00568398	0.671769	4.1E-01	0.500024	4.8E-01
rs4341488	10	60452745	0.822202	G	A	0.188405	0.998867	1.29518	2.6E-01	0.0073461	0.00712664	1.06253	3.0E-01	1.21348	2.7E-01
rs17287962	10	63770969	0.858439	A	G	0.970068	0.979005	2.71207	1.0E-01	-0.0270016	0.016529	2.66861	1.0E-01	3.69101	5.5E-02
rs10762666	10	77157489	1.00522	A	G	0.241989	0.984822	0.490142	4.8E-01	0.00238541	0.00653313	0.133316	7.2E-01	0.0194528	8.9E-01
rs10887758	10	89603315	1.15934	T	C	0.784607	0.990793	3.54064	6.0E-02	-0.0132276	0.00682652	3.75459	5.3E-02	3.75906	5.3E-02
rs141490680	10	95280981	1.22085	G	A	0.866803	0.998279	20.1104	7.3E-06	-0.0365053	0.00820074	19.8155	8.5E-06	17.279	3.2E-05
rs7342070	10	104223628	1.30538	T	C	0.455127	1	3.28084	7.0E-02	-0.0113662	0.00559462	4.12751	4.2E-02	4.55371	3.3E-02
rs7917983	10	114732882	1.3977	T	C	0.532013	1	1.65309	2.0E-01	-0.00798033	0.0055899	2.03814	1.5E-01	2.95492	8.6E-02
rs242956	10	119297479	1.46386	C	T	0.362576	0.990585	0.371931	5.4E-01	0.00210043	0.00581353	0.130538	7.2E-01	0.00624873	9.4E-01
rs7104929	11	784340	0.0108006	C	G	0.530558	0.997422	0.0874005	7.7E-01	0.00024663	0.00560389	0.00193693	9.6E-01	0.0355561	8.5E-01
rs7932891	11	10921512	0.210707	A	G	0.294517	0.99931	5.05057	2.5E-02	0.0127653	0.00610726	4.3689	3.7E-02	3.92713	4.8E-02
rs11607537	11	14224166	0.277204	C	T	0.941072	0.981717	13.6926	2.2E-04	0.0456061	0.0119487	14.5682	1.4E-04	16.1646	5.8E-05
rs79634051	11	14561945	0.278112	G	C	0.97174	1	7.03577	8.0E-03	0.0489578	0.0167588	8.53407	3.5E-03	7.47868	6.2E-03
rs3114693	11	26127790	0.452397	A	T	0.617593	0.997848	2.43582	1.2E-01	0.0098215	0.00574029	2.92744	8.7E-02	3.55994	5.9E-02
rs56386213	11	36291554	0.562467	A	G	0.595018	1	0.198457	6.6E-01	0.00468506	0.00564344	0.689195	4.1E-01	1.17759	2.8E-01
rs4647725	11	47245389	0.664953	T	C	0.841692	0.996416	34.6783	3.9E-09	0.0447371	0.00762662	34.409	4.5E-09	34.673	3.9E-09
rs174528	11	61543499	0.703973	T	C	0.623454	0.995598	110.474	7.7E-26	-0.0621173	0.00576436	116.124	4.5E-27	119.216	9.4E-28
rs56271783	11	64004723	0.731099	G	C	0.954257	0.977129	31.3589	2.1E-08	-0.0751579	0.0135125	30.9368	2.7E-08	30.6936	3.0E-08
rs28690953	11	111384426	1.18701	T	G	0.852988	1	2.63561	1.0E-01	-0.014503	0.00787453	3.39209	6.6E-02	3.76981	5.2E-02
rs55776558	11	116527521	1.25984	T	C	0.953162	0.985638	113.288	1.9E-26	-0.144729	0.0132956	118.493	1.4E-27	120.326	5.4E-28
rs139524394	11	116624922	1.26038	C	T	0.990256	0.941813	36.3534	1.6E-09	-0.181106	0.0291985	38.4722	5.6E-10	40.3192	2.2E-10
rs747249	11	130271647	1.49781	A	G	0.360849	0.986641	0.232498	6.3E-01	-0.0040324	0.00584521	0.475911	4.9E-01	0.111691	7.4E-01
rs11045172	12	20470221	0.37098	A	C	0.802205	0.989276	19.1503	1.2E-05	0.032646	0.00703409	21.5399	3.5E-06	20.0646	7.5E-06
rs7977928	12	26265632	0.457285	G	A	0.408615	1	0.0124448	9.1E-01	-0.00183107	0.00565737	0.104756	7.5E-01	0.445706	5.0E-01
rs2343874	12	26409450	0.459085	G	A	0.53283	0.98214	0.709966	4.0E-01	-0.00344704	0.00563111	0.374718	5.4E-01	0.235542	6.3E-01
rs16931815	12	27427917	0.469712	A	G	0.872673	0.996695	1.7673	1.8E-01	-0.00986941	0.00839116	1.38337	2.4E-01	1.16338	2.8E-01
rs7310959	12	45968598	0.59006	G	A	0.897555	1	14.9468	1.1E-04	-0.0353116	0.00920981	14.7006	1.3E-04	14.0583	1.8E-04
rs75824359	12	54320490	0.68262	A	G	0.970266	0.973341	0.949327	3.3E-01	0.017438	0.0166253	1.10015	2.9E-01	1.69115	1.9E-01
rs10878362	12	66417493	0.793832	C	A	0.687723	0.991565	0.089724	7.6E-01	0.000966593	0.00602426	0.0257442	8.7E-01	0.316509	5.7E-01
rs10745659	12	94092690	1.0816	C	G	0.553308	0.994516	1.57794	2.1E-01	-0.00570319	0.00563926	1.0228	3.1E-01	1.21255	2.7E-01
rs10778495	12	106991545	1.2616	A	G	0.720919	0.990603	7.71392	5.5E-03	-0.0180182	0.00621965	8.39247	3.8E-03	10.221	1.4E-03
rs189392453	12	122381427	1.46398	C	A	0.929828	0.926987	6.55488	1.0E-02	-0.0275031	0.0113375	5.88478	1.5E-02	5.92927	1.5E-02
rs12366339	12	122854616	1.46723	G	A	0.9894	0.907552	2.96532	8.5E-02	-0.0513273	0.0286067	3.21929	7.3E-02	4.80228	2.8E-02
rs147433011	12	123162845	1.46972	T	C	0.989135	0.898372	3.65602	5.6E-02	0.0491264	0.0284217	2.98765	8.4E-02	2.92926	8.7E-02
rs116950578	12	123188577	1.46982	C	T	0.967055	1	12.0063	5.3E-04	0.0553935	0.0155811	12.6392	3.8E-04	12.4955	4.1E-04
rs140689322	12	123375732	1.4703	G	A	0.973654	0.966101	0.629592	4.3E-01	0.0153845	0.0176975	0.755685	3.8E-01	1.09036	3.0E-01
rs28722199	12	123989436	1.47618	A	G	0.954286	0.931304	3.83984	5.0E-02	-0.0271737	0.0138236	3.86416	4.9E-02	3.75285	5.3E-02
rs12582221	12	125323240	1.49972	G	A	0.572176	1	3.13909	7.6E-02	0.0101491	0.00562757	3.25249	7.1E-02	3.37411	6.6E-02
rs7993238	13	22473593	0.0544542	A	C	0.631395	0.976757	0.263169	6.1E-01	-0.00376966	0.00585804	0.414096	5.2E-01	0.680981	4.1E-01
rs10507524	13	44684600	0.468128	T	C	0.907237	0.994143	0.381144	5.4E-01	-0.00539921	0.0096667	0.311963	5.8E-01	0.382416	5.4E-01
rs12872335	13	50442235	0.536587	G	A	0.792188	0.994746	0.084647	7.7E-01	-0.00121336	0.00689598	0.030959	8.6E-01	0.0471427	8.3E-01
rs61964388	13	51061980	0.539297	G	A	0.904117	0.961186	1.82138	1.8E-01	-0.0136189	0.00964737	1.99281	1.6E-01	1.53026	2.2E-01
rs627527	13	110915135	1.21483	G	A	0.418925	0.983958	2.81268	9.4E-02	0.008942	0.00569368	2.46651	1.2E-01	1.45798	2.3E-01
rs1057119	14	23746269	0.116581	C	G	0.76153	1	0.251191	6.2E-01	0.00490295	0.00651943	0.565582	4.5E-01	0.690678	4.1E-01
rs140664623	14	52321987	0.459221	G	T	0.976323	0.975931	1.70609	1.9E-01	0.0284481	0.0184988	2.36493	1.2E-01	3.8415	5.0E-02
rs2145600	14	58750902	0.537897	C	G	0.237608	0.992449	8.44978	3.7E-03	0.0187768	0.00656398	8.1829	4.2E-03	9.13898	2.5E-03
rs6575165	14	91352234	0.881721	G	A	0.76556	0.994744	1.72977	1.9E-01	-0.00846412	0.00658771	1.6508	2.0E-01	2.4824	1.2E-01
rs10130936	14	98342676	1.02712	C	T	0.37676	0.985923	1.76818	1.8E-01	-0.00673737	0.00579993	1.34939	2.5E-01	1.75877	1.8E-01
rs4779523	15	31679470	0.452779	T	A	0.728098	0.995337	0.65331	4.2E-01	-0.00710019	0.00629446	1.2724	2.6E-01	0.977969	3.2E-01
rs28647196	15	40833379	0.629227	C	T	0.564205	0.997093	7.31019	6.9E-03	-0.0156004	0.00564208	7.64527	5.7E-03	7.92203	4.9E-03
rs11630710	15	56364758	0.756318	G	T	0.893172	0.979091	6.21265	1.3E-02	-0.0207433	0.00914737	5.14236	2.3E-02	3.98775	4.6E-02
rs17184382	15	63792486	0.876626	A	C	0.574619	1	9.17614	2.5E-03	0.0183606	0.00564086	10.5946	1.1E-03	9.30937	2.3E-03
rs2165241	15	74222202	0.994735	T	C	0.491224	0.994517	0.00224619	9.6E-01	0.000418124	0.00557172	0.0056316	9.4E-01	0.0499899	8.2E-01
rs12905116	15	79042734	1.02295	T	A	0.242831	0.998559	0.0023598	9.6E-01	0.00194518	0.00647764	0.090175	7.6E-01	0.0642304	8.0E-01
rs2401948	16	1340854	0.0338191	G	C	0.470436	0.984992	1.13246	2.9E-01	-0.00652135	0.00561774	1.34757	2.5E-01	1.47481	2.2E-01
rs3747577	16	4415696	0.082586	C	G	0.259467	0.988145	0.22367	6.4E-01	0.00351847	0.00639321	0.302879	5.8E-01	0.851074	3.6E-01
rs6498114	16	10964118	0.259065	G	T	0.240585	0.980902	1.15274	2.8E-01	0.00811953	0.00658035	1.52252	2.2E-01	1.41211	2.3E-01
rs2192868	16	53428284	0.643286	G	A	0.551203	0.983829	1.48902	2.2E-01	-0.00596249	0.00564913	1.11402	2.9E-01	1.51706	2.2E-01
rs117738782	16	56946502	0.729076	T	C	0.992508	0.845877	39.1788	3.9E-10	-0.210796	0.0350922	36.0831	1.9E-09	35.554	2.5E-09
rs36229787	16	56993897	0.730163	A	C	0.75696	0.942031	64.6099	9.1E-16	-0.0536152	0.0066711	64.5923	9.2E-16	65.319	6.4E-16
rs116975210	16	67058614	0.849502	T	G	0.960603	0.993544	0.763897	3.8E-01	0.010569	0.0143557	0.542019	4.6E-01	0.636549	4.2E-01
rs2056876	16	78864296	0.975993	T	G	0.815684	0.95437	2.64886	1.0E-01	0.0128417	0.00733456	3.06547	8.0E-02	2.69586	1.0E-01
rs9926618	16	81484570	1.04509	T	A	0.39429	0.97289	28.1564	1.1E-07	0.0312024	0.00577425	29.2003	6.5E-08	27.7768	1.4E-07
rs66710707	16	81528621	1.0457	A	G	0.719577	0.992374	17.3839	3.1E-05	0.0250101	0.00621884	16.1738	5.8E-05	16.4971	4.9E-05
rs116911572	17	943593	0.0364958	T	C	0.982069	1	0.286484	5.9E-01	0.0126262	0.021039	0.36016	5.5E-01	0.0218518	8.8E-01
rs4151120	17	7342148	0.196018	T	A	0.629178	0.991461	0.432289	5.1E-01	0.00408519	0.0057978	0.496476	4.8E-01	0.632312	4.3E-01
rs1561	17	8263334	0.209036	C	T	0.928268	0.930811	0.105486	7.5E-01	-0.000601884	0.0111767	0.00290001	9.6E-01	0.0420312	8.4E-01
rs1242488	17	17347995	0.443205	C	A	0.250473	0.994678	1.32588	2.5E-01	0.00645211	0.00643416	1.00559	3.2E-01	0.407751	5.2E-01
rs897456	17	17422608	0.444631	A	G	0.942018	1	24.5113	7.4E-07	-0.0632557	0.0119442	28.0468	1.2E-07	29.8585	4.6E-08
rs11651639	17	27672320	0.49569	A	T	0.483934	0.999433	1.25042	2.6E-01	-0.00601973	0.00557571	1.16561	2.8E-01	1.70505	1.9E-01
rs2305481	17	38138624	0.641113	G	A	0.62953	0.995541	31.1679	2.4E-08	0.0325586	0.00580852	31.4195	2.1E-08	27.8624	1.3E-07
rs2242461	17	40861424	0.665935	G	A	0.405713	1	0.579042	4.5E-01	0.00612151	0.00567469	1.16368	2.8E-01	1.86595	1.7E-01
rs62053943	17	43744203	0.688226	C	T	0.845555	0.975028	1.02253	3.1E-01	-0.00861814	0.00782479	1.21306	2.7E-01	1.5046	2.2E-01
rs6504972	17	53601168	0.790946	G	A	0.654059	0.990391	0.0993823	7.5E-01	0.00186965	0.00590845	0.100132	7.5E-01	0.119702	7.3E-01
rs9892365	17	59491384	0.871045	A	G	0.330387	0.996856	0.424193	5.1E-01	-0.00331041	0.00593424	0.311196	5.8E-01	0.271875	6.0E-01
rs146385050	17	60637258	0.881108	C	A	0.819308	0.982238	2.69049	1.0E-01	0.0125334	0.00730242	2.94582	8.6E-02	2.95841	8.5E-02
rs1966327	17	67570113	0.971768	A	G	0.320402	0.997202	1.72707	1.9E-01	-0.00674681	0.00597456	1.27522	2.6E-01	1.03301	3.1E-01
rs9896666	17	68226321	0.98162	C	T	0.675868	0.994992	1.17821	2.8E-01	0.00805708	0.00596421	1.82495	1.8E-01	1.54461	2.1E-01
rs9889402	17	73364216	1.09851	G	A	0.270937	0.998338	35.1049	3.1E-09	-0.0348718	0.00626889	30.9433	2.7E-08	29.7545	4.9E-08
rs3810068	18	2846499	0.0738566	T	C	0.595452	1	12.7421	3.6E-04	0.0166945	0.00566829	8.6745	3.2E-03	10.0751	1.5E-03
rs4800451	18	20716805	0.429195	C	T	0.259966	0.984274	0.899656	3.4E-01	-0.00794418	0.00641858	1.53186	2.2E-01	2.11791	1.5E-01
rs1026186	18	42741410	0.625015	G	A	0.64681	0.995626	3.56561	5.9E-02	0.0114397	0.00584726	3.82759	5.0E-02	3.64063	5.6E-02
rs8086644	18	60788559	0.864537	G	A	0.834201	0.988925	0.197186	6.6E-01	0.00237446	0.00753096	0.09941	7.5E-01	0.101816	7.5E-01
rs12979965	19	2131148	0.0753026	A	G	0.499935	0.991113	0.0194735	8.9E-01	0.000435624	0.00559388	0.00606452	9.4E-01	0.00245499	9.6E-01
rs10421685	19	4488926	0.151356	G	A	0.311293	0.998169	0.0565371	8.1E-01	0.000918977	0.00603032	0.0232236	8.8E-01	0.0281918	8.7E-01
rs10421685	19	4488926	0.151356	G	C	0.973386	0.548756	4.75644	2.9E-02	-0.0575251	0.0233598	6.06426	1.4E-02	5.4385	2.0E-02
rs35555265	19	17152232	0.420672	C	T	0.803227	0.993265	4.78507	2.9E-02	0.0158425	0.00702285	5.08885	2.4E-02	3.79424	5.1E-02
rs72999466	19	18248499	0.447893	C	T	0.742123	0.99893	0.579474	4.5E-01	-0.00364076	0.00636895	0.326776	5.7E-01	0.280044	6.0E-01
rs1423056	19	33780444	0.560699	G	A	0.681795	0.903762	0.0434873	8.3E-01	-0.000925382	0.00630367	0.0215504	8.8E-01	0.189194	6.6E-01
rs113504807	19	33787954	0.561506	C	T	0.951238	0.934153	0.428523	5.1E-01	-0.00842959	0.0133631	0.397923	5.3E-01	0.184624	6.7E-01
rs11672697	19	33876955	0.562267	C	T	0.494053	0.99299	3.57426	5.9E-02	0.0113374	0.00559825	4.10132	4.3E-02	3.84009	5.0E-02
rs62117160	19	45232161	0.700034	G	A	0.954396	1	52.5857	4.1E-13	-0.0943646	0.0133534	49.9387	1.6E-12	53.7568	2.3E-13
rs112450640	19	45296364	0.703043	G	A	0.98057	0.986145	53.4938	2.6E-13	-0.145082	0.0203581	50.7869	1.0E-12	55.5359	9.2E-14
rs372642577	19	45432488	0.707888	C	A	0.911967	0.614237	26.413	2.8E-07	0.0686027	0.0125357	29.9493	4.4E-08	28.2886	1.0E-07
rs2864436	19	55986637	0.996315	T	C	0.754674	1	3.70808	5.4E-02	-0.0134434	0.00645945	4.33141	3.7E-02	3.30603	6.9E-02
rs151235402	20	569164	0.0196907	C	T	0.984757	0.956324	6.52845	1.1E-02	-0.0575698	0.0234006	6.05251	1.4E-02	7.65766	5.7E-03
rs805769	20	5667459	0.191037	T	C	0.595306	0.99253	0.0095968	9.2E-01	-0.0012396	0.00570178	0.0472651	8.3E-01	0.0666078	8.0E-01
rs6117303	20	6487687	0.213838	T	C	0.34849	0.989053	1.32496	2.5E-01	0.00810099	0.0058779	1.89947	1.7E-01	1.5191	2.2E-01
rs146411982	20	38985760	0.586515	A	G	0.97517	0.885893	5.83743	1.6E-02	-0.0472468	0.0190022	6.18213	1.3E-02	7.14059	7.5E-03
rs1997833	20	39690342	0.597551	T	C	0.700507	0.998963	4.56823	3.3E-02	-0.0132063	0.00606506	4.74121	2.9E-02	4.00069	4.5E-02
rs11699991	20	45489407	0.689702	T	A	0.670387	0.988835	0.0352119	8.5E-01	-0.000201015	0.00595688	0.00113873	9.7E-01	0.163137	6.9E-01
rs6068280	20	51235613	0.791961	A	G	0.324841	0.992237	8.54223	3.5E-03	-0.0174566	0.00594318	8.62744	3.3E-03	8.80075	3.0E-03
rs6013572	20	51553621	0.798111	T	C	0.936054	1	0.186266	6.7E-01	-0.00752383	0.0114545	0.431448	5.1E-01	0.904555	3.4E-01
rs1936966	20	51691779	0.801626	C	T	0.672454	0.982215	0.0424506	8.4E-01	0.000785803	0.00602815	0.0169925	9.0E-01	0.217815	6.4E-01
rs2105063	20	62690683	1.09651	C	T	0.438811	1	3.45062	6.3E-02	0.0097933	0.00562565	3.03049	8.2E-02	4.02244	4.5E-02
rs4998557	21	33034892	0.322704	G	A	0.887631	0.995909	3.14547	7.6E-02	-0.0130422	0.00885751	2.16808	1.4E-01	1.73155	1.9E-01
rs2836139	21	39451403	0.432375	A	G	0.514897	0.9942	0.316917	5.7E-01	0.00115456	0.00561844	0.0422283	8.4E-01	0.106121	7.4E-01
rs2330396	21	47524380	0.643685	A	C	0.492654	0.996498	1.87473	1.7E-01	-0.00874458	0.00556982	2.46488	1.2E-01	2.44409	1.2E-01
rs2236142	22	29137944	0.338659	G	C	0.32476	0.994367	0.49367	4.8E-01	-0.00563539	0.00596231	0.893343	3.4E-01	1.06411	3.0E-01
rs5997898	22	31572963	0.355537	A	C	0.421356	0.998342	3.57538	5.9E-02	-0.0116666	0.00565247	4.26004	3.9E-02	4.65679	3.1E-02
