SNP	CHR	BP	GENPOS	ALLELE1	ALLELE0	A1FREQ	INFO	CHISQ_LINREG	P_LINREG	BETA	SE	CHISQ_BOLT_LMM_INF	P_BOLT_LMM_INF	CHISQ_BOLT_LMM	P_BOLT_LMM
rs10909862	1	2936815	0.0400559	G	A	0.1928	0.987988	10.6659	1.1E-03	-0.0228982	0.00710311	10.3921	1.3E-03	9.97378	1.6E-03
rs10909862	1	2936815	0.0400559	G	A	0.1928	0.987988	10.6659	1.1E-03	-0.0228982	0.00710311	10.3921	1.3E-03	9.97378	1.6E-03
rs1294014	1	9325676	0.18921	C	T	0.732088	0.974098	7.63712	5.7E-03	0.0156898	0.00638554	6.03725	1.4E-02	6.57707	1.0E-02
rs10753554	1	23619009	0.461644	T	C	0.260317	0.989627	1.85654	1.7E-01	-0.00718112	0.0063794	1.26714	2.6E-01	1.38041	2.4E-01
rs114165349	1	27021913	0.501665	G	C	0.976643	0.985643	30.9568	2.6E-08	0.104062	0.0185487	31.4743	2.0E-08	33.3477	7.7E-09
rs61779310	1	39942297	0.670037	C	G	0.766232	1	28.5341	9.2E-08	0.0361464	0.00657071	30.2625	3.8E-08	35.0521	3.2E-09
rs624698	1	62900811	0.92277	A	G	0.58261	0.969721	127.804	1.2E-29	-0.0659359	0.0057253	132.632	1.1E-30	134.235	4.9E-31
rs10889551	1	65906137	0.967654	A	G	0.326867	0.995997	0.22647	6.3E-01	0.00498916	0.00595669	0.701527	4.0E-01	0.540867	4.6E-01
rs71658797	1	77967507	1.07336	T	A	0.879141	0.99054	5.50823	1.9E-02	-0.0229553	0.00856578	7.1818	7.4E-03	6.77399	9.2E-03
rs1415361	1	103562263	1.33102	C	T	0.402104	0.995554	0.666951	4.1E-01	-0.00512939	0.00569325	0.811731	3.7E-01	1.26605	2.6E-01
rs116679284	1	119014845	1.50751	C	T	0.963654	0.948411	0.602807	4.4E-01	-0.0122844	0.0152915	0.645368	4.2E-01	1.17744	2.8E-01
rs1766783	1	119434896	1.50931	A	C	0.181268	0.981355	0.546445	4.6E-01	0.00534161	0.00728749	0.537266	4.6E-01	0.321852	5.7E-01
rs3738479	1	150997842	1.65945	T	A	0.765906	0.995486	0.487583	4.9E-01	0.0040251	0.0065944	0.372566	5.4E-01	0.326279	5.7E-01
rs79810698	1	154836444	1.69767	C	A	0.95565	1	0.496059	4.8E-01	-0.00877009	0.0135292	0.420206	5.2E-01	0.429645	5.1E-01
rs10494421	1	164738727	1.83743	C	T	0.880829	1	0.0799996	7.8E-01	-0.00152721	0.00859613	0.0315639	8.6E-01	0.00845865	9.3E-01
rs3121911	1	170212480	1.91705	G	A	0.744389	0.993907	4.20236	4.0E-02	-0.0128705	0.0063687	4.08407	4.3E-02	4.52008	3.3E-02
rs17346300	1	170510459	1.91857	C	T	0.950626	1	1.68417	1.9E-01	-0.0150037	0.012883	1.35632	2.4E-01	1.32408	2.5E-01
rs6697844	1	172308238	1.93873	C	T	0.56798	0.996349	0.919434	3.4E-01	0.00631882	0.00560653	1.27023	2.6E-01	1.21211	2.7E-01
rs10922075	1	196467248	2.1432	G	A	0.687963	0.997066	11.5159	6.9E-04	-0.0202088	0.00601276	11.2963	7.8E-04	11.5806	6.7E-04
rs13303121	1	203503267	2.22276	C	G	0.607356	0.947347	2.73492	9.8E-02	-0.00914458	0.00584101	2.45105	1.2E-01	1.67245	2.0E-01
rs4951159	1	205012106	2.25304	G	C	0.0908836	0.967	0.482528	4.9E-01	0.00709631	0.00985086	0.51894	4.7E-01	0.575049	4.5E-01
rs61821643	1	219268532	2.43532	T	C	0.974378	0.889659	0.0262215	8.7E-01	0.00191455	0.0186561	0.0105315	9.2E-01	0.310299	5.8E-01
rs77278027	1	219392230	2.43543	C	T	0.93823	0.976746	0.00125116	9.7E-01	0.000424991	0.0117078	0.00131768	9.7E-01	0.0168943	9.0E-01
rs12740837	1	219623230	2.43692	G	A	0.983204	0.959021	0.202136	6.5E-01	0.0131481	0.0220669	0.355012	5.5E-01	0.221613	6.4E-01
rs4631704	1	230293530	2.53595	C	T	0.39136	0.985874	27.3981	1.7E-07	-0.0314545	0.0057427	30.0008	4.3E-08	32.9177	9.6E-09
rs711869	2	13073967	0.297329	G	A	0.443249	0.983109	0.242628	6.2E-01	0.00156616	0.00565394	0.0767308	7.8E-01	0.0232955	8.8E-01
rs2702068	2	24689512	0.456007	A	C	0.144534	0.985387	0.342093	5.6E-01	-0.00499495	0.00797795	0.391994	5.3E-01	0.303891	5.8E-01
rs77541036	2	25575523	0.459339	A	G	0.962268	0.991995	4.37137	3.7E-02	0.0273009	0.014655	3.47044	6.2E-02	3.82985	5.0E-02
rs7933	2	43452183	0.682402	A	G	0.634849	0.981779	1.60766	2.0E-01	0.00839243	0.0058301	2.07216	1.5E-01	1.90659	1.7E-01
rs36072157	2	48953740	0.765134	G	C	0.658175	0.956087	5.30093	2.1E-02	0.0132047	0.00599539	4.8509	2.8E-02	5.00545	2.5E-02
rs4953627	2	48990167	0.765401	C	T	0.77524	0.975089	11.9649	5.4E-04	-0.0256979	0.00677557	14.3848	1.5E-04	14.6957	1.3E-04
rs10779951	2	66142656	0.91656	G	A	0.525126	0.992672	1.19733	2.7E-01	0.00699267	0.00560647	1.55563	2.1E-01	1.33439	2.5E-01
rs12713567	2	66729420	0.924256	A	G	0.428176	0.981664	0.0395045	8.4E-01	0.000811721	0.00567656	0.0204477	8.9E-01	0.0166277	9.0E-01
rs1521047	2	67724601	0.937973	C	G	0.75421	0.992329	0.963962	3.3E-01	-0.00686398	0.00646827	1.12609	2.9E-01	1.67056	2.0E-01
rs12712049	2	100208830	1.21955	A	G	0.176674	0.985519	4.12614	4.2E-02	-0.0145283	0.00734347	3.91408	4.8E-02	3.85402	5.0E-02
rs72946301	2	111861838	1.33125	G	A	0.903863	0.964859	2.49348	1.1E-01	-0.0151715	0.00962307	2.48557	1.1E-01	3.65887	5.6E-02
rs1053413	2	114471921	1.35945	A	G	0.784744	0.998156	0.461098	5.0E-01	0.00543602	0.00679856	0.639335	4.2E-01	0.489085	4.8E-01
rs7593247	2	119337589	1.3956	C	T	0.503784	0.990163	0.0879487	7.7E-01	0.000487814	0.00559446	0.00760311	9.3E-01	0.0267249	8.7E-01
rs78876301	2	158234589	1.75901	A	C	0.987195	0.782415	0.00338624	9.5E-01	-0.00691672	0.0280298	0.0608918	8.1E-01	0.0015362	9.7E-01
rs77928329	2	158413902	1.76308	G	A	0.94544	0.998218	0.470911	4.9E-01	-0.0103493	0.0122272	0.716424	4.0E-01	0.75616	3.8E-01
rs1402698	2	165424575	1.81281	G	A	0.368889	0.988943	7.68419	5.6E-03	0.0158859	0.0058154	7.46212	6.3E-03	6.11882	1.3E-02
rs3769877	2	165569779	1.81517	G	A	0.125673	1	4.82708	2.8E-02	-0.0169555	0.00840639	4.06821	4.4E-02	4.49056	3.4E-02
rs72882321	2	172298662	1.8972	C	T	0.821415	0.98752	0.00413378	9.5E-01	0.000575333	0.00732212	0.00617399	9.4E-01	0.105585	7.5E-01
rs62173497	2	187821910	2.04064	C	A	0.889372	0.96522	3.78671	5.2E-02	-0.0162579	0.00902376	3.24605	7.2E-02	3.43307	6.4E-02
rs61613340	2	191746748	2.0603	G	T	0.922172	0.993102	1.13673	2.9E-01	-0.0115558	0.0104286	1.22786	2.7E-01	1.14821	2.8E-01
rs1250248	2	216287093	2.28549	A	G	0.271958	0.996374	0.000258468	9.9E-01	0.000179394	0.00627586	0.000817091	9.8E-01	0.0827317	7.7E-01
rs2373074	2	218381350	2.32413	C	T	0.903229	0.998908	0.988847	3.2E-01	0.011116	0.00943246	1.38883	2.4E-01	1.1446	2.8E-01
rs62182126	2	219279230	2.33765	G	A	0.901349	1	5.18395	2.3E-02	0.0200331	0.00934057	4.59991	3.2E-02	5.52803	1.9E-02
rs6760762	2	226866226	2.44112	C	T	0.776249	0.976874	8.85819	2.9E-03	-0.0204635	0.00676813	9.14161	2.5E-03	10.1179	1.5E-03
rs305506	3	12026709	0.296805	G	T	0.113563	0.992655	1.50473	2.2E-01	-0.00945344	0.00882303	1.14801	2.8E-01	1.34062	2.5E-01
rs114252958	3	12409938	0.29797	C	T	0.982978	0.956617	0.127985	7.2E-01	0.00911809	0.0221074	0.170111	6.8E-01	0.00820705	9.3E-01
rs10490869	3	35635145	0.595764	A	T	0.789478	0.990849	3.77587	5.2E-02	0.0117996	0.00683883	2.97696	8.4E-02	3.65706	5.6E-02
rs6771508	3	43718462	0.664863	A	C	0.974946	0.998741	2.67694	1.0E-01	-0.0275885	0.0178273	2.39488	1.2E-01	2.03498	1.5E-01
rs4683294	3	46979013	0.687679	G	C	0.321605	0.960868	9.13269	2.5E-03	0.0168453	0.00607357	7.69253	5.5E-03	8.42783	3.7E-03
rs4858828	3	48724811	0.68972	C	T	0.349101	0.999091	0.364228	5.5E-01	0.0047388	0.00582118	0.662697	4.2E-01	0.680956	4.1E-01
rs352156	3	52214610	0.694887	C	T	0.955078	0.904333	6.99067	8.2E-03	-0.0367347	0.0140103	6.87481	8.7E-03	6.28174	1.2E-02
rs7643235	3	53227428	0.699142	T	C	0.4136	0.989215	3.7493	5.3E-02	-0.0111672	0.00565487	3.89981	4.8E-02	2.82904	9.3E-02
rs11718560	3	64584862	0.868956	C	T	0.731847	0.985124	3.04325	8.1E-02	0.0102422	0.00632569	2.62162	1.1E-01	2.27589	1.3E-01
rs4688498	3	64674599	0.871028	C	T	0.669682	0.985151	2.04726	1.5E-01	-0.00747745	0.00596559	1.57109	2.1E-01	1.92425	1.7E-01
rs997274	3	78704821	1.06722	T	C	0.748705	0.994327	0.234287	6.3E-01	0.002599	0.0064526	0.162234	6.9E-01	0.0433522	8.4E-01
rs1877569	3	99224544	1.12953	G	A	0.816212	0.993173	0.310882	5.8E-01	-0.00402596	0.00719257	0.313307	5.8E-01	0.463244	5.0E-01
rs9875732	3	107461731	1.19696	T	C	0.623037	0.99667	0.0352759	8.5E-01	-0.000438113	0.00575673	0.0057919	9.4E-01	0.00646299	9.4E-01
rs1000368	3	123117165	1.35684	C	T	0.748381	0.996692	2.89609	8.9E-02	0.0116764	0.00642134	3.3065	6.9E-02	2.93964	8.6E-02
rs113771682	3	129112166	1.4255	C	T	0.937375	0.999072	0.164758	6.8E-01	-0.0028509	0.0115264	0.0611755	8.0E-01	0.0738215	7.9E-01
rs7647218	3	129125231	1.42558	C	A	0.901341	0.999167	0.0011408	9.7E-01	0.000841909	0.00936088	0.00808902	9.3E-01	0.135308	7.1E-01
rs75212171	3	129323322	1.42649	T	C	0.983129	1	0.0215026	8.8E-01	-0.00734867	0.0216133	0.115605	7.3E-01	0.178502	6.7E-01
rs112551697	3	150018637	1.64271	G	A	0.96554	0.928479	4.10541	4.3E-02	0.030397	0.0157931	3.70449	5.4E-02	4.83159	2.8E-02
rs11720805	3	156800360	1.71236	A	G	0.330979	0.970132	1.70602	1.9E-01	-0.00801758	0.00601088	1.77914	1.8E-01	3.11084	7.8E-02
rs1488111	3	168951612	1.77942	C	T	0.517315	0.996852	3.47971	6.2E-02	-0.00942738	0.00556932	2.86535	9.1E-02	2.75983	9.7E-02
rs1499813	3	171760427	1.8208	T	C	0.587431	1	0.437524	5.1E-01	0.00374474	0.00568149	0.43443	5.1E-01	0.829602	3.6E-01
rs13092876	3	185495320	2.01656	G	A	0.686729	0.994835	3.40754	6.5E-02	0.0108878	0.00601799	3.27322	7.0E-02	3.86588	4.9E-02
rs3843375	3	196813908	2.26438	G	A	0.590289	0.999191	1.66859	2.0E-01	0.00611169	0.00567765	1.15874	2.8E-01	0.506461	4.8E-01
rs75072999	4	844781	0.00782036	G	A	0.904916	0.991302	3.37343	6.6E-02	-0.0192939	0.00955254	4.07945	4.3E-02	3.44474	6.3E-02
rs748483	4	952409	0.00822297	A	G	0.891514	0.99682	5.40387	2.0E-02	0.0212809	0.00897885	5.61747	1.8E-02	5.42429	2.0E-02
rs1912897	4	26006133	0.455942	A	T	0.79303	0.98817	12.396	4.3E-04	0.0248635	0.00692136	12.9044	3.3E-04	11.3966	7.4E-04
rs7689800	4	26295421	0.461356	C	G	0.382047	0.982424	1.40142	2.4E-01	-0.00807356	0.00578798	1.9457	1.6E-01	1.86606	1.7E-01
rs34171390	4	56192405	0.730002	C	G	0.8287	0.967618	1.62761	2.0E-01	0.00827832	0.00749864	1.21876	2.7E-01	0.595443	4.4E-01
rs10021790	4	87772240	1.02884	T	C	0.630384	0.99281	34.9342	3.4E-09	0.0358104	0.00580443	38.0627	6.9E-10	40.2621	2.2E-10
rs10029220	4	89710592	1.04921	C	T	0.909822	0.997537	0.31248	5.8E-01	-0.00246791	0.00974879	0.0640849	8.0E-01	0.291135	5.9E-01
rs1813006	4	103001649	1.15654	G	T	0.940843	0.94358	21.6381	3.3E-06	0.0558956	0.012146	21.1781	4.2E-06	22.5314	2.1E-06
rs12647922	4	106063987	1.17944	C	T	0.794569	0.998343	0.0819237	7.7E-01	0.00181661	0.00689381	0.0694392	7.9E-01	0.103223	7.5E-01
rs7655064	4	120106348	1.31331	T	C	0.875314	0.995692	0.0552907	8.1E-01	-0.00251764	0.00843625	0.0890608	7.7E-01	0.18818	6.6E-01
rs2922979	4	123748616	1.34468	C	G	0.689916	1	4.736	3.0E-02	-0.0115703	0.00603033	3.68136	5.5E-02	2.55729	1.1E-01
rs1520325	4	125182690	1.35483	C	T	0.780072	0.994582	0.0605483	8.1E-01	0.00339792	0.00674458	0.253814	6.1E-01	0.291221	5.9E-01
rs2353397	4	145517578	1.53798	C	T	0.460014	1	1.06246	3.0E-01	-0.00588055	0.00559605	1.10426	2.9E-01	1.43667	2.3E-01
rs2166365	5	3597830	0.0882728	A	G	0.777698	0.981109	0.707301	4.0E-01	-0.0059181	0.00675843	0.766784	3.8E-01	1.30432	2.5E-01
rs13178917	5	4007353	0.10142	C	T	0.551974	0.99437	2.53457	1.1E-01	-0.00965463	0.00559417	2.97852	8.4E-02	1.71643	1.9E-01
rs10061804	5	32748637	0.511958	G	A	0.711087	1	0.00551722	9.4E-01	-0.000321597	0.0061501	0.00273439	9.6E-01	0.0160155	9.0E-01
rs299615	5	34042097	0.535425	G	A	0.843206	1	0.834022	3.6E-01	-0.00710897	0.00767008	0.85904	3.5E-01	0.499199	4.8E-01
rs4293945	5	38736142	0.597252	A	T	0.606405	0.995383	0.78034	3.8E-01	0.00479744	0.00571591	0.704446	4.0E-01	0.579369	4.5E-01
rs163112	5	54538003	0.667379	C	G	0.107056	0.994238	1.26129	2.6E-01	-0.00857043	0.00905213	0.896404	3.4E-01	0.890297	3.5E-01
rs61653333	5	55779080	0.679717	G	T	0.970413	0.977169	0.429822	5.1E-01	-0.0133462	0.0166041	0.646074	4.2E-01	0.866112	3.5E-01
rs6867983	5	55854153	0.681454	C	T	0.861186	1	50.3137	1.3E-12	0.05868	0.00805927	53.0138	3.3E-13	52.9678	3.4E-13
rs11749164	5	66294202	0.770672	T	G	0.726476	0.988719	0.526289	4.7E-01	0.00477845	0.00629	0.577129	4.5E-01	0.869498	3.5E-01
rs6878122	5	76427311	0.889556	G	A	0.318279	0.997785	4.61861	3.2E-02	0.0116536	0.00599528	3.77835	5.2E-02	3.80291	5.1E-02
rs7734060	5	101780479	1.10738	T	G	0.734786	0.995631	1.71732	1.9E-01	-0.00906825	0.00634532	2.0424	1.5E-01	1.37919	2.4E-01
rs1394631	5	118639270	1.27349	C	T	0.775173	0.988487	0.0488402	8.3E-01	-0.00203541	0.00670186	0.0922384	7.6E-01	0.121378	7.3E-01
rs11744058	5	118798944	1.27486	G	T	0.783774	0.998591	6.97174	8.3E-03	-0.0182738	0.00677805	7.26851	7.0E-03	7.60515	5.8E-03
rs3749748	5	127350549	1.37291	C	T	0.753975	0.992802	2.8174	9.3E-02	-0.011131	0.00648868	2.94277	8.6E-02	2.34528	1.3E-01
rs4705986	5	132349654	1.39065	T	G	0.937241	0.978165	0.806099	3.7E-01	-0.0144547	0.0116249	1.54612	2.1E-01	1.44618	2.3E-01
rs10463353	5	141710741	1.48273	C	T	0.640669	0.986535	9.54665	2.0E-03	-0.0184283	0.00584058	9.95537	1.6E-03	11.2232	8.1E-04
rs33999	5	141973349	1.48937	C	G	0.612065	0.9834	1.87736	1.7E-01	0.00739141	0.00575343	1.65045	2.0E-01	1.49264	2.2E-01
rs12652322	5	171822666	1.88951	C	T	0.705252	0.99822	2.97187	8.5E-02	0.00953794	0.00612289	2.42658	1.2E-01	2.48726	1.1E-01
rs2053681	5	172746086	1.91113	A	G	0.485601	0.912476	0.223902	6.4E-01	0.00154824	0.00585014	0.0700393	7.9E-01	0.383983	5.4E-01
rs10035782	5	173270328	1.92939	A	G	0.600665	0.984103	1.25655	2.6E-01	0.0059699	0.0057342	1.0839	3.0E-01	1.34244	2.5E-01
rs11963955	6	6631996	0.178791	A	G	0.637527	0.976944	5.30941	2.1E-02	0.0134269	0.00586942	5.23315	2.2E-02	6.93102	8.5E-03
rs201061	6	6730512	0.181115	G	A	0.455616	0.976616	2.84944	9.1E-02	0.00948432	0.00564786	2.81997	9.3E-02	2.977	8.4E-02
rs1334576	6	7211818	0.195986	G	A	0.5774	1	5.15448	2.3E-02	0.0114074	0.00565021	4.07609	4.3E-02	3.75	5.3E-02
rs9382988	6	14595010	0.314722	C	A	0.204362	0.998886	0.759464	3.8E-01	0.00506539	0.00693074	0.534154	4.6E-01	0.516688	4.7E-01
rs4710940	6	20658012	0.410434	A	C	0.647018	0.999463	4.19341	4.1E-02	0.0137283	0.00584282	5.52063	1.9E-02	4.28775	3.8E-02
rs3129830	6	30248711	0.50553	G	A	0.868546	0.999908	2.04372	1.5E-01	-0.0124878	0.0082146	2.31101	1.3E-01	2.86443	9.1E-02
rs7772131	6	30795171	0.50714	A	C	0.988571	1	0.922817	3.4E-01	-0.0169268	0.0262137	0.416958	5.2E-01	0.50368	4.8E-01
rs6919908	6	31244960	0.511805	T	C	0.193909	0.999901	10.8417	9.9E-04	0.024555	0.00706642	12.0748	5.1E-04	11.6353	6.5E-04
rs181133225	6	32454764	0.520293	T	C	0.893444	0.778953	0.289528	5.9E-01	0.00244559	0.0101715	0.0578086	8.1E-01	0.0347181	8.5E-01
rs117108573	6	32489679	0.520303	C	T	0.921405	0.866866	0.678982	4.1E-01	0.00508092	0.0110542	0.211265	6.5E-01	0.136149	7.1E-01
rs575662827	6	32543874	0.520325	T	C	0.899303	0.833996	0.473612	4.9E-01	0.00397977	0.0100902	0.155567	6.9E-01	0.102821	7.5E-01
rs114760566	6	34192036	0.545788	C	A	0.954268	0.993831	7.21839	7.2E-03	0.0361538	0.0133671	7.3153	6.8E-03	5.96317	1.5E-02
rs1574430	6	43269029	0.669727	A	C	0.391321	0.999399	0.0984486	7.5E-01	-0.00150178	0.00570872	0.0692042	7.9E-01	0.133055	7.2E-01
rs9381248	6	43734606	0.675407	C	T	0.87836	0.993046	2.00696	1.6E-01	0.0126094	0.00855892	2.17045	1.4E-01	1.97497	1.6E-01
rs35349911	6	43785255	0.678849	C	T	0.409597	0.97009	2.16371	1.4E-01	0.00897268	0.00576323	2.42389	1.2E-01	2.31442	1.3E-01
rs72902769	6	80719576	0.920488	C	G	0.966636	0.999182	4.53157	3.3E-02	0.0296216	0.0155415	3.63272	5.7E-02	2.99677	8.3E-02
rs62406467	6	81114126	0.921634	G	T	0.849349	0.952286	0.521404	4.7E-01	-0.00607141	0.0079807	0.578758	4.5E-01	0.330738	5.7E-01
rs6924944	6	100597579	1.0811	A	T	0.245827	0.981159	1.42074	2.3E-01	-0.00771451	0.00654927	1.38749	2.4E-01	1.05308	3.0E-01
rs2806373	6	109222017	1.18299	G	A	0.239664	0.998945	5.35703	2.1E-02	0.0132644	0.00652279	4.13532	4.2E-02	4.19088	4.1E-02
rs72969772	6	126187585	1.32503	A	G	0.980332	1	0.642939	4.2E-01	0.0109945	0.0201245	0.29847	5.8E-01	0.427148	5.1E-01
rs9986505	6	126445558	1.32603	A	G	0.6761	0.991308	3.59064	5.8E-02	-0.010351	0.00597854	2.99762	8.3E-02	3.38228	6.6E-02
rs74949497	6	126812007	1.32699	A	C	0.97518	1	12.7441	3.6E-04	0.0659807	0.0180126	13.4178	2.5E-04	12.223	4.7E-04
rs139242696	6	127414440	1.32797	T	C	0.974907	0.948341	0.888562	3.5E-01	0.0165946	0.0182575	0.826131	3.6E-01	1.42341	2.3E-01
rs9385864	6	139805476	1.50274	C	T	0.6907	0.988333	17.8879	2.3E-05	0.0252447	0.00607374	17.2754	3.2E-05	18.9262	1.4E-05
rs12205386	6	139837171	1.50318	C	A	0.643666	0.9992	5.54001	1.9E-02	-0.0143456	0.00582391	6.06746	1.4E-02	6.99553	8.2E-03
rs11756568	6	152042413	1.64245	A	T	0.724877	0.999168	0.19744	6.6E-01	-0.00317865	0.00624976	0.258677	6.1E-01	0.587658	4.4E-01
rs2282137	6	160468180	1.77084	G	A	0.984432	0.989502	35.237	2.9E-09	-0.1344	0.0225838	35.4161	2.7E-09	35.6075	2.4E-09
rs9459839	6	167431829	1.92196	T	C	0.531185	0.998188	1.73883	1.9E-01	0.00723255	0.00556672	1.68804	1.9E-01	1.79234	1.8E-01
rs2214440	7	20372191	0.358281	A	G	0.667686	0.991786	0.591611	4.4E-01	-0.00461652	0.00594213	0.603595	4.4E-01	0.85785	3.5E-01
rs111683990	7	25729528	0.437229	C	G	0.955515	0.987881	2.25425	1.3E-01	0.0198204	0.0136209	2.11745	1.5E-01	2.48601	1.1E-01
rs2040786	7	26208736	0.442609	G	A	0.529361	1	1.78895	1.8E-01	-0.00788976	0.00558007	1.99916	1.6E-01	2.07341	1.5E-01
rs17428025	7	27251396	0.453724	C	T	0.971743	0.967404	5.48199	1.9E-02	-0.0370955	0.0170882	4.71247	3.0E-02	4.73131	3.0E-02
rs849140	7	28183702	0.463008	T	C	0.410278	1	0.756109	3.8E-01	0.00526905	0.00569412	0.856273	3.5E-01	0.352491	5.5E-01
rs17172095	7	42665355	0.680121	A	G	0.679343	0.995026	2.90809	8.8E-02	-0.0109385	0.00597999	3.34594	6.7E-02	3.60157	5.8E-02
rs35867424	7	72032358	0.893844	G	A	0.97046	0.950986	29.9337	4.5E-08	-0.093074	0.0168405	30.5456	3.3E-08	30.1549	4.0E-08
rs7780317	7	72867852	0.899612	C	T	0.92793	0.985744	0.34357	5.6E-01	-0.00692581	0.0108162	0.410006	5.2E-01	0.395643	5.3E-01
rs57487833	7	77115793	0.936393	G	A	0.723097	0.985735	3.97476	4.6E-02	-0.014065	0.00626759	5.0359	2.5E-02	6.08729	1.4E-02
rs76306613	7	106235348	1.22452	G	T	0.855998	0.98895	0.290152	5.9E-01	0.00505187	0.00798225	0.400548	5.3E-01	0.843063	3.6E-01
rs2237687	7	107585473	1.24369	C	T	0.472386	0.966594	1.33564	2.5E-01	-0.0065475	0.00566944	1.33374	2.5E-01	1.55544	2.1E-01
rs38902	7	116889718	1.32093	G	A	0.474719	0.992845	1.48076	2.2E-01	0.00700047	0.00559498	1.56552	2.1E-01	1.31163	2.5E-01
rs12154627	7	130422934	1.4017	T	C	0.506907	0.97487	58.747	1.8E-14	-0.043077	0.00563171	58.5072	2.0E-14	64.1022	1.2E-15
rs7808446	7	150214465	1.67249	T	G	0.235469	0.993612	5.63212	1.8E-02	-0.0154967	0.00658547	5.53741	1.9E-02	5.23146	2.2E-02
rs330096	8	9171595	0.251664	G	C	0.75605	0.971568	37.1525	1.1E-09	0.0395073	0.00656717	36.1908	1.8E-09	35.7866	2.2E-09
rs7014168	8	10641965	0.266242	G	A	0.776722	0.996719	5.63372	1.8E-02	0.0163655	0.00670041	5.96562	1.5E-02	5.35216	2.1E-02
rs4474021	8	12632903	0.332387	G	T	0.680802	1	6.09709	1.4E-02	0.0142148	0.005961	5.68645	1.7E-02	6.1423	1.3E-02
rs7844736	8	23551671	0.545238	A	G	0.828827	1	0.741007	3.9E-01	-0.00560809	0.00740186	0.574048	4.5E-01	0.769759	3.8E-01
rs310289	8	23610756	0.545792	C	T	0.760888	0.994537	2.20199	1.4E-01	0.0106533	0.00655455	2.64171	1.0E-01	1.98424	1.6E-01
rs11992444	8	25464690	0.565812	G	T	0.49058	1	2.26066	1.3E-01	-0.00950929	0.00555562	2.92975	8.7E-02	2.73632	9.8E-02
rs7815496	8	38321607	0.69461	C	T	0.597431	0.996532	7.87474	5.0E-03	0.0152168	0.00567246	7.19625	7.3E-03	8.67144	3.2E-03
rs12543555	8	69562014	0.90375	A	G	0.792127	0.98465	0.310412	5.8E-01	0.00313617	0.00689467	0.206906	6.5E-01	0.0563154	8.1E-01
rs28568866	8	72353630	0.949663	G	A	0.969859	0.939217	0.714168	4.0E-01	0.0149131	0.0168146	0.786621	3.8E-01	0.937119	3.3E-01
rs146492163	8	72386394	0.950025	G	T	0.96946	0.960969	16.4124	5.1E-05	0.0666186	0.0165309	16.2405	5.6E-05	15.0466	1.0E-04
rs1895674	8	72443246	0.950276	T	G	0.946831	0.990629	0.199194	6.6E-01	-0.0062737	0.0124293	0.254774	6.1E-01	0.128657	7.2E-01
rs4147332	8	89280863	1.08332	G	C	0.323111	0.995784	0.672199	4.1E-01	0.00403348	0.00595831	0.458262	5.0E-01	0.36984	5.4E-01
rs144435165	8	126419938	1.45107	G	C	0.944194	0.785853	29.5128	5.6E-08	0.0752393	0.0136584	30.3452	3.6E-08	28.8891	7.7E-08
rs2954018	8	126477153	1.45319	C	T	0.298303	0.998357	74.6993	5.5E-18	-0.0541218	0.00608901	79.0045	6.2E-19	85.1763	2.7E-20
rs6991761	8	128274518	1.48941	C	T	0.844226	0.993607	0.10798	7.4E-01	-0.00387972	0.007686	0.2548	6.1E-01	0.1923	6.6E-01
rs2467030	8	135665361	1.60637	A	G	0.339711	0.997044	1.88763	1.7E-01	-0.00791383	0.005901	1.79855	1.8E-01	1.62719	2.0E-01
rs12340775	9	13226945	0.282033	G	A	0.944664	0.940298	2.79006	9.5E-02	-0.0233791	0.0125517	3.46938	6.3E-02	3.19002	7.4E-02
rs73650963	9	93943033	1.11642	T	C	0.892489	0.990174	0.0397662	8.4E-01	0.000833943	0.00899968	0.00858656	9.3E-01	0.00240917	9.6E-01
rs2131919	9	95283887	1.12689	A	G	0.83667	0.999136	5.98405	1.4E-02	0.0191323	0.00756242	6.40049	1.1E-02	4.80541	2.8E-02
rs1572136	9	101740604	1.18729	G	C	0.724977	0.989514	8.79901	3.0E-03	-0.0180777	0.00628212	8.28081	4.0E-03	8.58803	3.4E-03
rs12686004	9	107653426	1.24316	G	A	0.884341	1	1.86033	1.7E-01	0.0116358	0.00871052	1.78446	1.8E-01	1.30236	2.5E-01
rs10991414	9	107685589	1.24582	T	C	0.861068	0.989408	3.75249	5.3E-02	0.0165264	0.00811998	4.14234	4.2E-02	3.68792	5.5E-02
rs111479443	9	107874316	1.24936	T	G	0.963776	0.9746	0.601346	4.4E-01	0.00882497	0.0151179	0.340757	5.6E-01	0.223409	6.4E-01
rs7048735	9	112529695	1.31375	A	G	0.239526	0.976202	2.89298	8.9E-02	0.0123172	0.00660559	3.47696	6.2E-02	3.2101	7.3E-02
rs1002607	9	113858933	1.33848	T	C	0.40707	0.988428	0.613578	4.3E-01	-0.00373674	0.00571544	0.427452	5.1E-01	0.591048	4.4E-01
rs13298297	9	119264108	1.4204	G	A	0.769275	0.989359	0.382088	5.4E-01	-0.00499437	0.00667072	0.560552	4.5E-01	0.610953	4.3E-01
rs6478851	9	131561110	1.55426	G	A	0.758733	1	2.51477	1.1E-01	0.0117985	0.00652701	3.26755	7.1E-02	2.90835	8.8E-02
rs60980157	9	139235415	1.78278	C	T	0.757489	0.966704	7.7294	5.4E-03	0.0180531	0.00659402	7.49557	6.2E-03	6.97347	8.3E-03
rs7072195	10	3540748	0.0738836	T	C	0.417524	0.993244	0.00198221	9.6E-01	-0.000372782	0.00567164	0.00432009	9.5E-01	0.0341375	8.5E-01
rs11592754	10	32619572	0.605452	A	C	0.856559	0.998356	0.177017	6.7E-01	-0.00127044	0.00794974	0.0255391	8.7E-01	0.00147851	9.7E-01
rs2247396	10	33489192	0.60946	G	A	0.603662	0.99818	0.785223	3.8E-01	-0.00504551	0.00568092	0.788811	3.7E-01	0.720468	4.0E-01
rs4341488	10	60452745	0.822202	G	A	0.188405	0.998867	1.58187	2.1E-01	-0.0083494	0.0071228	1.37407	2.4E-01	1.39432	2.4E-01
rs17287962	10	63770969	0.858439	A	G	0.970068	0.979005	2.59264	1.1E-01	0.0257962	0.0165201	2.43829	1.2E-01	3.34657	6.7E-02
rs10762666	10	77157489	1.00522	A	G	0.241989	0.984822	0.688223	4.1E-01	-0.00368665	0.00652961	0.318779	5.7E-01	0.183009	6.7E-01
rs10887758	10	89603315	1.15934	T	C	0.784607	0.990793	4.05385	4.4E-02	0.0136317	0.00682283	3.9918	4.6E-02	3.82037	5.1E-02
rs141490680	10	95280981	1.22085	G	A	0.866803	0.998279	20.6158	5.6E-06	0.0372377	0.00819632	20.6409	5.5E-06	18.0554	2.1E-05
rs7342070	10	104223628	1.30538	T	C	0.455127	1	4.47258	3.4E-02	0.0129247	0.0055916	5.34276	2.1E-02	5.43812	2.0E-02
rs7917983	10	114732882	1.3977	T	C	0.532013	1	0.95114	3.3E-01	0.00606799	0.00558689	1.17964	2.8E-01	1.79541	1.8E-01
rs242956	10	119297479	1.46386	C	T	0.362576	0.990585	0.00562992	9.4E-01	0.00089646	0.00581039	0.0238041	8.8E-01	0.233826	6.3E-01
rs7104929	11	784340	0.0108006	C	G	0.530558	0.997422	0.182606	6.7E-01	0.000834179	0.00560177	0.0221752	8.8E-01	0.000467081	9.8E-01
rs7932891	11	10921512	0.210707	A	G	0.294517	0.99931	3.39526	6.5E-02	-0.0103015	0.00610495	2.84734	9.2E-02	2.63525	1.0E-01
rs11607537	11	14224166	0.277204	C	T	0.941072	0.981717	10.8665	9.8E-04	-0.0408503	0.0119442	11.6972	6.3E-04	12.7783	3.5E-04
rs79634051	11	14561945	0.278112	G	C	0.97174	1	7.9982	4.7E-03	-0.0517847	0.0167525	9.55527	2.0E-03	8.49611	3.6E-03
rs3114693	11	26127790	0.452397	A	T	0.617593	0.997848	3.06218	8.0E-02	-0.0106127	0.00573812	3.42067	6.4E-02	4.22938	4.0E-02
rs56386213	11	36291554	0.562467	A	G	0.595018	1	0.229926	6.3E-01	-0.0047835	0.00564131	0.719003	4.0E-01	1.05165	3.1E-01
rs174528	11	61543499	0.703973	T	C	0.623454	0.995598	52.2491	4.9E-13	0.0426175	0.00576218	54.7019	1.4E-13	55.192	1.1E-13
rs4297487	11	69229628	0.763225	A	G	0.324796	0.994186	0.857708	3.5E-01	0.00376389	0.00596381	0.398316	5.3E-01	0.937031	3.3E-01
rs28690953	11	111384426	1.18701	T	G	0.852988	1	2.70005	1.0E-01	0.0143766	0.00787156	3.33573	6.8E-02	3.82672	5.0E-02
rs141584077	11	116523304	1.2596	A	T	0.921494	0.881057	62.6589	2.5E-15	0.0863345	0.0110073	61.5185	4.4E-15	62.0006	3.4E-15
rs10790164	11	116699389	1.26119	A	G	0.0337732	1	75.8665	3.0E-18	-0.132955	0.0150426	78.1202	9.7E-19	80.2662	3.3E-19
rs747249	11	130271647	1.49781	A	G	0.360849	0.986641	0.244612	6.2E-01	0.00386423	0.00584301	0.437374	5.1E-01	0.0756668	7.8E-01
rs11045172	12	20470221	0.37098	A	C	0.802205	0.989276	15.075	1.0E-04	-0.0286977	0.00703049	16.6619	4.5E-05	15.6665	7.6E-05
rs7977928	12	26265632	0.457285	G	A	0.408615	1	0.0541147	8.2E-01	0.00232742	0.00565447	0.16942	6.8E-01	0.587626	4.4E-01
rs2343874	12	26409450	0.459085	G	A	0.53283	0.98214	0.424323	5.1E-01	0.00285462	0.00562823	0.257249	6.1E-01	0.193036	6.6E-01
rs16931815	12	27427917	0.469712	A	G	0.872673	0.996695	0.827678	3.6E-01	0.00627547	0.00838686	0.559878	4.5E-01	0.376743	5.4E-01
rs7310959	12	45968598	0.59006	G	A	0.897555	1	13.7525	2.1E-04	0.0338836	0.00920509	13.5495	2.3E-04	12.7083	3.6E-04
rs75824359	12	54320490	0.68262	A	G	0.970266	0.973341	0.600325	4.4E-01	-0.0136609	0.0166168	0.67587	4.1E-01	1.20717	2.7E-01
rs10878362	12	66417493	0.793832	C	A	0.687723	0.991565	0.198611	6.6E-01	-0.00193093	0.00602117	0.102842	7.5E-01	0.494197	4.8E-01
rs10745659	12	94092690	1.0816	C	G	0.553308	0.994516	2.54927	1.1E-01	0.00816013	0.00563637	2.09602	1.5E-01	2.30901	1.3E-01
rs10778495	12	106991545	1.2616	A	G	0.720919	0.990603	6.86563	8.8E-03	0.0169194	0.00621646	7.40772	6.5E-03	8.45344	3.6E-03
rs189392453	12	122381427	1.46398	C	A	0.929828	0.926987	4.14056	4.2E-02	0.0219568	0.0113317	3.75447	5.3E-02	3.87017	4.9E-02
rs12366339	12	122854616	1.46723	G	A	0.9894	0.907552	2.29033	1.3E-01	0.0453377	0.0285921	2.51436	1.1E-01	3.63147	5.7E-02
rs147433011	12	123162845	1.46972	T	C	0.989135	0.898372	3.02789	8.2E-02	-0.0433244	0.0284072	2.326	1.3E-01	2.26017	1.3E-01
rs116950578	12	123188577	1.46982	C	T	0.967055	1	11.1868	8.2E-04	-0.0533192	0.0155731	11.7224	6.2E-04	11.7036	6.2E-04
rs140689322	12	123375732	1.4703	G	A	0.973654	0.966101	0.58141	4.5E-01	-0.0146719	0.0176885	0.688004	4.1E-01	0.873293	3.5E-01
rs28722199	12	123989436	1.47618	A	G	0.954286	0.931304	3.18722	7.4E-02	0.0248279	0.0138165	3.22911	7.2E-02	2.98374	8.4E-02
rs12582221	12	125323240	1.49972	G	A	0.572176	1	3.87666	4.9E-02	-0.011271	0.00562469	4.01539	4.5E-02	3.70825	5.4E-02
rs7993238	13	22473593	0.0544542	A	C	0.631395	0.976757	0.216241	6.4E-01	0.00343684	0.00585438	0.344633	5.6E-01	0.531798	4.7E-01
rs10507524	13	44684600	0.468128	T	C	0.907237	0.994143	0.2962	5.9E-01	0.00473857	0.00966068	0.240591	6.2E-01	0.293428	5.9E-01
rs12872335	13	50442235	0.536587	G	A	0.792188	0.994746	0.188946	6.6E-01	0.0022383	0.00689168	0.105484	7.5E-01	0.00348803	9.5E-01
rs61964388	13	51061980	0.539297	G	A	0.904117	0.961186	1.06408	3.0E-01	0.0101568	0.00964136	1.10979	2.9E-01	1.08042	3.0E-01
rs35678857	13	95222890	0.91089	C	A	0.649884	0.995747	30.0073	4.3E-08	0.0321158	0.00585365	30.1011	4.1E-08	27.6899	1.4E-07
rs627527	13	110915135	1.21483	G	A	0.418925	0.983958	2.44969	1.2E-01	-0.00845909	0.00569013	2.21005	1.4E-01	1.157	2.8E-01
rs1057119	14	23746269	0.116581	C	G	0.76153	1	0.165135	6.8E-01	-0.00387928	0.0065159	0.354449	5.5E-01	0.496145	4.8E-01
rs140664623	14	52321987	0.459221	G	T	0.976323	0.975931	1.48954	2.2E-01	-0.0267453	0.0184888	2.09256	1.5E-01	3.0724	8.0E-02
rs2145600	14	58750902	0.537897	C	G	0.237608	0.992449	8.23467	4.1E-03	-0.0185692	0.00656042	8.01162	4.6E-03	8.96071	2.8E-03
rs6575165	14	91352234	0.881721	G	A	0.76556	0.994744	1.64893	2.0E-01	0.00832388	0.00658414	1.59828	2.1E-01	2.41278	1.2E-01
rs10130936	14	98342676	1.02712	C	T	0.37676	0.985923	1.85348	1.7E-01	0.00702301	0.00579679	1.46782	2.3E-01	1.70066	1.9E-01
rs4779523	15	31679470	0.452779	T	A	0.728098	0.995337	0.111363	7.4E-01	0.00389998	0.00629069	0.384352	5.4E-01	0.162477	6.9E-01
rs28647196	15	40833379	0.629227	C	T	0.564205	0.997093	5.18514	2.3E-02	0.012975	0.0056387	5.29488	2.1E-02	5.35568	2.1E-02
rs11630710	15	56364758	0.756318	G	T	0.893172	0.979091	4.7649	2.9E-02	0.0184442	0.00914189	4.07051	4.4E-02	3.29602	6.9E-02
rs17184382	15	63792486	0.876626	A	C	0.574619	1	8.33689	3.9E-03	-0.0175473	0.00563748	9.68836	1.9E-03	8.55267	3.5E-03
rs2165241	15	74222202	0.994735	T	C	0.491224	0.994517	0.0162759	9.0E-01	-0.00149351	0.00556839	0.0719378	7.9E-01	0.149304	7.0E-01
rs12905116	15	79042734	1.02295	T	A	0.242831	0.998559	0.000381543	9.8E-01	-0.00105275	0.00647377	0.0264447	8.7E-01	0.0152075	9.0E-01
rs2401948	16	1340854	0.0338191	G	C	0.470436	0.984992	1.23586	2.7E-01	0.00684397	0.00561687	1.48466	2.2E-01	1.58677	2.1E-01
rs3747577	16	4415696	0.082586	C	G	0.259467	0.988145	0.27424	6.0E-01	-0.00379006	0.00639223	0.351551	5.5E-01	1.00471	3.2E-01
rs6498114	16	10964118	0.259065	G	T	0.240585	0.980902	0.906831	3.4E-01	-0.0076659	0.00657934	1.35757	2.4E-01	1.3504	2.5E-01
rs2192868	16	53428284	0.643286	G	A	0.551203	0.983829	0.805186	3.7E-01	0.00428292	0.00564826	0.574978	4.5E-01	0.840656	3.6E-01
rs117738782	16	56946502	0.729076	T	C	0.992508	0.845877	34.9592	3.4E-09	0.200643	0.0350868	32.7009	1.1E-08	32.8106	1.0E-08
rs1800776	16	56995234	0.730202	C	A	0.922489	0.993969	39.7433	2.9E-10	0.0645488	0.0104385	38.2388	6.3E-10	43.4638	4.3E-11
rs116975210	16	67058614	0.849502	T	G	0.960603	0.993544	0.879981	3.5E-01	-0.0120991	0.0143535	0.710539	4.0E-01	0.681287	4.1E-01
rs2056876	16	78864296	0.975993	T	G	0.815684	0.95437	1.59063	2.1E-01	-0.010262	0.00733343	1.95816	1.6E-01	1.59833	2.1E-01
rs9926618	16	81484570	1.04509	T	A	0.39429	0.97289	23.3466	1.4E-06	-0.0284862	0.00577336	24.3451	8.1E-07	23.6314	1.2E-06
rs66710707	16	81528621	1.0457	A	G	0.719577	0.992374	13.5881	2.3E-04	-0.0221588	0.00621788	12.7002	3.7E-04	12.5638	3.9E-04
rs116911572	17	943593	0.0364958	T	C	0.982069	1	0.649691	4.2E-01	-0.017458	0.0210274	0.68931	4.1E-01	0.181298	6.7E-01
rs4151120	17	7342148	0.196018	T	A	0.629178	0.991461	0.511432	4.7E-01	-0.00427781	0.00579461	0.544998	4.6E-01	0.597714	4.4E-01
rs1561	17	8263334	0.209036	C	T	0.928268	0.930811	0.00188136	9.7E-01	-0.00342212	0.0111705	0.0938517	7.6E-01	0.0247809	8.7E-01
rs1242488	17	17347995	0.443205	C	A	0.250473	0.994678	1.35999	2.4E-01	-0.0068212	0.00643063	1.12516	2.9E-01	0.421394	5.2E-01
rs897456	17	17422608	0.444631	A	G	0.942018	1	21.9975	2.7E-06	0.0590839	0.0119377	24.4963	7.4E-07	25.8696	3.7E-07
rs11651639	17	27672320	0.49569	A	T	0.483934	0.999433	0.883681	3.5E-01	0.00489656	0.00557265	0.772075	3.8E-01	0.980603	3.2E-01
rs55883500	17	40395267	0.664304	T	G	0.691334	0.998762	4.1804	4.1E-02	0.0129959	0.00602948	4.64572	3.1E-02	5.8577	1.6E-02
rs2242461	17	40861424	0.665935	G	A	0.405713	1	0.249221	6.2E-01	-0.00452159	0.00567157	0.635588	4.3E-01	1.06652	3.0E-01
rs76868109	17	41776943	0.672597	A	C	0.966259	1	30.7915	2.9E-08	0.086523	0.0153939	31.5911	1.9E-08	33.2069	8.3E-09
rs62053943	17	43744203	0.688226	C	T	0.845555	0.975028	0.166509	6.8E-01	0.00358919	0.00782048	0.210632	6.5E-01	0.305313	5.8E-01
rs6504972	17	53601168	0.790946	G	A	0.654059	0.990391	0.104359	7.5E-01	-0.00204524	0.0059052	0.119956	7.3E-01	0.13783	7.1E-01
rs9892365	17	59491384	0.871045	A	G	0.330387	0.996856	1.95071	1.6E-01	0.00797532	0.00593098	1.80818	1.8E-01	1.4681	2.3E-01
rs146385050	17	60637258	0.881108	C	A	0.819308	0.982238	1.84488	1.7E-01	-0.0103345	0.00729841	2.00502	1.6E-01	2.01257	1.6E-01
rs1966327	17	67570113	0.971768	A	G	0.320402	0.997202	3.09938	7.8E-02	0.00952416	0.00597127	2.54401	1.1E-01	2.16379	1.4E-01
rs9896666	17	68226321	0.98162	C	T	0.675868	0.994992	1.81519	1.8E-01	-0.00937803	0.00596093	2.47511	1.2E-01	2.22946	1.4E-01
rs9889402	17	73364216	1.09851	G	A	0.270937	0.998338	34.7165	3.8E-09	0.0348366	0.00626544	30.9149	2.7E-08	30.5836	3.2E-08
rs3810068	18	2846499	0.0738566	T	C	0.595452	1	10.4228	1.2E-03	-0.0153708	0.0056643	7.36378	6.7E-03	7.93812	4.8E-03
rs4800451	18	20716805	0.429195	C	T	0.259966	0.984274	0.595719	4.4E-01	0.00668909	0.00641406	1.0876	3.0E-01	1.58251	2.1E-01
rs1026186	18	42741410	0.625015	G	A	0.64681	0.995626	2.94031	8.6E-02	-0.010328	0.00584314	3.12421	7.7E-02	3.01393	8.3E-02
rs8086644	18	60788559	0.864537	G	A	0.834201	0.988925	0.0534068	8.2E-01	-0.00095999	0.00752566	0.0162721	9.0E-01	0.00419092	9.5E-01
rs12979965	19	2131148	0.0753026	A	G	0.499935	0.991113	0.0183715	8.9E-01	-0.000250241	0.00559112	0.00200317	9.6E-01	0.0153458	9.0E-01
rs10421685	19	4488926	0.151356	G	A	0.311293	0.998169	0.21129	6.5E-01	-0.00251528	0.00602734	0.174149	6.8E-01	0.16004	6.9E-01
rs10421685	19	4488926	0.151356	G	C	0.973386	0.548756	3.80917	5.1E-02	0.0515262	0.0233483	4.8702	2.7E-02	4.11728	4.2E-02
rs35555265	19	17152232	0.420672	C	T	0.803227	0.993265	3.57695	5.9E-02	-0.0134019	0.00701939	3.64531	5.6E-02	2.62071	1.1E-01
rs72999466	19	18248499	0.447893	C	T	0.742123	0.99893	1.88394	1.7E-01	0.00751146	0.0063658	1.39233	2.4E-01	1.2696	2.6E-01
rs1423056	19	33780444	0.560699	G	A	0.681795	0.903762	0.118283	7.3E-01	0.00170331	0.00630056	0.0730853	7.9E-01	0.346262	5.6E-01
rs113504807	19	33787954	0.561506	C	T	0.951238	0.934153	0.223023	6.4E-01	0.0056595	0.0133565	0.179544	6.7E-01	0.122416	7.3E-01
rs11672697	19	33876955	0.562267	C	T	0.494053	0.99299	3.98626	4.6E-02	-0.0117893	0.00559549	4.43916	3.5E-02	3.99617	4.6E-02
rs112450640	19	45296364	0.703043	G	A	0.98057	0.986145	34.9286	3.4E-09	0.117289	0.0203481	33.2254	8.2E-09	35.299	2.8E-09
rs118147862	19	45319631	0.704351	G	A	0.954152	0.939129	52.1607	5.1E-13	0.0990415	0.0137479	51.8996	5.8E-13	54.1053	1.9E-13
rs372642577	19	45432488	0.707888	C	A	0.911967	0.614237	33.8497	6.0E-09	-0.0761696	0.0125295	36.957	1.2E-09	36.1739	1.8E-09
rs431001	19	54813266	0.957116	G	A	0.673806	0.993878	32.8457	1.0E-08	-0.0343134	0.00595852	33.1627	8.5E-09	33.6071	6.7E-09
rs2864436	19	55986637	0.996315	T	C	0.754674	1	3.11256	7.8E-02	0.0122216	0.00645627	3.58341	5.8E-02	2.84299	9.2E-02
rs151235402	20	569164	0.0196907	C	T	0.984757	0.956324	6.07225	1.4E-02	0.054487	0.0233884	5.42733	2.0E-02	6.86755	8.8E-03
rs805769	20	5667459	0.191037	T	C	0.595306	0.99253	0.0605587	8.1E-01	-0.000557634	0.00569881	0.00957483	9.2E-01	0.00177924	9.7E-01
rs6117303	20	6487687	0.213838	T	C	0.34849	0.989053	1.12644	2.9E-01	-0.00766409	0.00587483	1.70189	1.9E-01	1.49563	2.2E-01
rs146411982	20	38985760	0.586515	A	G	0.97517	0.885893	5.81471	1.6E-02	0.0465538	0.0189923	6.00837	1.4E-02	6.67057	9.8E-03
rs1997833	20	39690342	0.597551	T	C	0.700507	0.998963	2.7028	1.0E-01	0.0102955	0.00606189	2.88457	8.9E-02	2.4272	1.2E-01
rs11699991	20	45489407	0.689702	T	A	0.670387	0.988835	0.0268829	8.7E-01	0.000214178	0.00595377	0.00129409	9.7E-01	0.125822	7.2E-01
rs6068280	20	51235613	0.791961	A	G	0.324841	0.992237	6.43508	1.1E-02	0.0153561	0.00594008	6.68304	9.7E-03	6.88059	8.7E-03
rs6013572	20	51553621	0.798111	T	C	0.936054	1	0.298881	5.8E-01	0.00840507	0.0114485	0.538998	4.6E-01	0.93155	3.3E-01
rs1936966	20	51691779	0.801626	C	T	0.672454	0.982215	0.01317	9.1E-01	-0.00040924	0.00602501	0.00461362	9.5E-01	0.195713	6.6E-01
rs2105063	20	62690683	1.09651	C	T	0.438811	1	2.75826	9.7E-02	-0.00884441	0.00562271	2.47426	1.2E-01	3.20924	7.3E-02
rs4998557	21	33034892	0.322704	G	A	0.887631	0.995909	2.18922	1.4E-01	0.0106095	0.00885176	1.43658	2.3E-01	1.14568	2.8E-01
rs2836139	21	39451403	0.432375	A	G	0.514897	0.9942	0.00151127	9.7E-01	0.00218406	0.00561479	0.151308	7.0E-01	0.62282	4.3E-01
rs2330396	21	47524380	0.643685	A	C	0.492654	0.996498	1.94087	1.6E-01	0.00852243	0.0055662	2.34428	1.3E-01	2.19936	1.4E-01
rs2236142	22	29137944	0.338659	G	C	0.32476	0.994367	0.353913	5.5E-01	0.00486896	0.00595865	0.667693	4.1E-01	0.856667	3.5E-01
rs5997898	22	31572963	0.355537	A	C	0.421356	0.998342	1.91524	1.7E-01	0.00890416	0.005649	2.48452	1.1E-01	2.85308	9.1E-02
