SNP	CHR	BP	GENPOS	ALLELE1	ALLELE0	A1FREQ	INFO	CHISQ_LINREG	P_LINREG	BETA	SE	CHISQ_BOLT_LMM_INF	P_BOLT_LMM_INF	CHISQ_BOLT_LMM	P_BOLT_LMM
rs10909862	1	2936815	0.0400559	G	A	0.1928	0.987988	4.40545	3.6E-02	0.0147413	0.00718983	4.20374	4.0E-02	3.96225	4.7E-02
rs1294014	1	9325676	0.18921	C	T	0.732088	0.974098	5.20004	2.3E-02	-0.0150796	0.0064635	5.44309	2.0E-02	5.65202	1.7E-02
rs10753554	1	23619009	0.461644	T	C	0.260317	0.989627	2.86283	9.1E-02	-0.010665	0.00645728	2.72788	9.9E-02	2.66122	1.0E-01
rs12117661	1	55487346	0.808955	C	G	0.755046	0.987273	47.305	6.1E-12	0.0466227	0.00661198	49.7202	1.8E-12	50.9037	9.7E-13
rs624698	1	62900811	0.92277	A	G	0.58261	0.969721	42.6057	6.7E-11	0.038984	0.0057952	45.2518	1.7E-11	50.7115	1.1E-12
rs10889551	1	65906137	0.967654	A	G	0.326867	0.995997	0.591835	4.4E-01	0.00381151	0.00602942	0.399618	5.3E-01	1.14997	2.8E-01
rs71658797	1	77967507	1.07336	T	A	0.879141	0.99054	1.93236	1.6E-01	0.0122154	0.00867036	1.9849	1.6E-01	1.00927	3.2E-01
rs1415361	1	103562263	1.33102	C	T	0.402104	0.995554	2.68321	1.0E-01	-0.00865547	0.00576276	2.2559	1.3E-01	2.32667	1.3E-01
rs116679284	1	119014845	1.50751	C	T	0.963654	0.948411	0.783499	3.8E-01	-0.0137945	0.0154782	0.794282	3.7E-01	0.808271	3.7E-01
rs1766783	1	119434896	1.50931	A	C	0.181268	0.981355	0.7568	3.8E-01	-0.00543838	0.00737646	0.543554	4.6E-01	0.762308	3.8E-01
rs3738479	1	150997842	1.65945	T	A	0.765906	0.995486	5.43594	2.0E-02	-0.0159835	0.00667491	5.73397	1.7E-02	5.36774	2.1E-02
rs79810698	1	154836444	1.69767	C	A	0.95565	1	3.03131	8.2E-02	0.0217242	0.0136944	2.51652	1.1E-01	2.672	1.0E-01
rs10494421	1	164738727	1.83743	C	T	0.880829	1	0.620673	4.3E-01	-0.00692043	0.00870108	0.632587	4.3E-01	0.354887	5.5E-01
rs3121911	1	170212480	1.91705	G	A	0.744389	0.993907	0.538807	4.6E-01	0.00390505	0.00644645	0.366954	5.4E-01	0.333045	5.6E-01
rs17346300	1	170510459	1.91857	C	T	0.950626	1	0.0553474	8.1E-01	-0.00199463	0.0130403	0.0233963	8.8E-01	0.00471103	9.5E-01
rs6697844	1	172308238	1.93873	C	T	0.56798	0.996349	2.80806	9.4E-02	-0.0101446	0.00567498	3.19554	7.4E-02	3.80794	5.1E-02
rs10922075	1	196467248	2.1432	G	A	0.687963	0.997066	4.28092	3.9E-02	0.012139	0.00608617	3.97812	4.6E-02	4.05356	4.4E-02
rs13303121	1	203503267	2.22276	C	G	0.607356	0.947347	1.82207	1.8E-01	0.00775143	0.00591232	1.71889	1.9E-01	1.70038	1.9E-01
rs4951159	1	205012106	2.25304	G	C	0.0908836	0.967	1.72029	1.9E-01	-0.0119923	0.00997113	1.4465	2.3E-01	1.30055	2.5E-01
rs61821643	1	219268532	2.43532	T	C	0.974378	0.889659	0.057036	8.1E-01	-0.00456914	0.0188839	0.0585443	8.1E-01	0.14754	7.0E-01
rs77278027	1	219392230	2.43543	C	T	0.93823	0.976746	0.275633	6.0E-01	-0.00644096	0.0118507	0.2954	5.9E-01	0.175854	6.7E-01
rs12740837	1	219623230	2.43692	G	A	0.983204	0.959021	1.42758	2.3E-01	-0.0283838	0.0223363	1.61479	2.0E-01	1.90348	1.7E-01
rs661955	1	234842856	2.62186	G	C	0.481801	0.978806	33.3587	7.7E-09	-0.0324957	0.00569681	32.5378	1.2E-08	36.5027	1.5E-09
rs711869	2	13073967	0.297329	G	A	0.443249	0.983109	0.0338997	8.5E-01	0.00205928	0.00572234	0.129504	7.2E-01	0.350362	5.5E-01
rs3903032	2	21119850	0.419449	A	T	0.877441	0.983296	47.9427	4.4E-12	-0.060907	0.00864477	49.6395	1.8E-12	52.1355	5.2E-13
rs2702068	2	24689512	0.456007	A	C	0.144534	0.985387	0.756217	3.8E-01	-0.00588935	0.00807446	0.531995	4.7E-01	1.36013	2.4E-01
rs4665378	2	27548038	0.473329	A	C	0.601213	0.998401	29.469	5.7E-08	0.0317588	0.00576004	30.4003	3.5E-08	31.1638	2.4E-08
rs7933	2	43452183	0.682402	A	G	0.634849	0.981779	2.50462	1.1E-01	-0.00958271	0.00590063	2.63742	1.0E-01	2.00033	1.6E-01
rs56266464	2	44054991	0.686489	G	A	0.939556	0.986548	37.4759	9.3E-10	0.0742911	0.011925	38.8109	4.7E-10	38.9776	4.3E-10
rs36072157	2	48953740	0.765134	G	C	0.658175	0.956087	4.57625	3.2E-02	-0.013102	0.00606792	4.66228	3.1E-02	4.3313	3.7E-02
rs4953627	2	48990167	0.765401	C	T	0.77524	0.975089	2.48378	1.2E-01	0.0117723	0.00685754	2.94704	8.6E-02	3.83051	5.0E-02
rs10779951	2	66142656	0.91656	G	A	0.525126	0.992672	0.129305	7.2E-01	-0.0024762	0.0056743	0.190436	6.6E-01	0.0888827	7.7E-01
rs12713567	2	66729420	0.924256	A	G	0.428176	0.981664	3.66719	5.5E-02	0.0104719	0.00574523	3.32226	6.8E-02	3.89662	4.8E-02
rs1521047	2	67724601	0.937973	C	G	0.75421	0.992329	0.476983	4.9E-01	0.00414734	0.00654652	0.401346	5.3E-01	0.239725	6.2E-01
rs12712049	2	100208830	1.21955	A	G	0.176674	0.985519	0.434918	5.1E-01	0.00406321	0.00743231	0.298875	5.8E-01	0.40533	5.2E-01
rs72946301	2	111861838	1.33125	G	A	0.903863	0.964859	0.0869914	7.7E-01	0.00167808	0.00973949	0.0296862	8.6E-01	0.18242	6.7E-01
rs1053413	2	114471921	1.35945	A	G	0.784744	0.998156	6.61098	1.0E-02	-0.0171799	0.00688081	6.23391	1.3E-02	6.37597	1.2E-02
rs7593247	2	119337589	1.3956	C	T	0.503784	0.990163	0.345868	5.6E-01	0.00346325	0.00566214	0.374115	5.4E-01	0.594119	4.4E-01
rs78876301	2	158234589	1.75901	A	C	0.987195	0.782415	0.681668	4.1E-01	-0.0233352	0.0283689	0.676606	4.1E-01	1.15324	2.8E-01
rs77928329	2	158413902	1.76308	G	A	0.94544	0.998218	3.0851	7.9E-02	0.0232084	0.0123751	3.51718	6.1E-02	3.50937	6.1E-02
rs1402698	2	165424575	1.81281	G	A	0.368889	0.988943	8.20138	4.2E-03	-0.0162929	0.00588576	7.66288	5.6E-03	6.76323	9.3E-03
rs3769877	2	165569779	1.81517	G	A	0.125673	1	5.13648	2.3E-02	0.0185683	0.00850809	4.76299	2.9E-02	4.35217	3.7E-02
rs72882321	2	172298662	1.8972	C	T	0.821415	0.98752	1.47552	2.2E-01	0.00825625	0.0074107	1.24122	2.7E-01	0.387204	5.3E-01
rs62173497	2	187821910	2.04064	C	A	0.889372	0.96522	0.22029	6.4E-01	-0.0049706	0.00913293	0.296209	5.9E-01	0.387508	5.3E-01
rs61613340	2	191746748	2.0603	G	T	0.922172	0.993102	1.10819	2.9E-01	-0.0111914	0.0105548	1.12428	2.9E-01	0.801133	3.7E-01
rs1250248	2	216287093	2.28549	A	G	0.271958	0.996374	2.06433	1.5E-01	-0.009965	0.00635178	2.4613	1.2E-01	2.56973	1.1E-01
rs2373074	2	218381350	2.32413	C	T	0.903229	0.998908	0.00791798	9.3E-01	-0.000760791	0.00954657	0.00635092	9.4E-01	0.00232015	9.6E-01
rs62182126	2	219279230	2.33765	G	A	0.901349	1	2.17756	1.4E-01	-0.0132409	0.00945357	1.96174	1.6E-01	1.51233	2.2E-01
rs6760762	2	226866226	2.44112	C	T	0.776249	0.976874	0.178483	6.7E-01	0.00285868	0.00685001	0.17416	6.8E-01	0.288151	5.9E-01
rs305506	3	12026709	0.296805	G	T	0.113563	0.992655	2.658	1.0E-01	0.0146821	0.00893177	2.70208	1.0E-01	3.20677	7.3E-02
rs114252958	3	12409938	0.29797	C	T	0.982978	0.956617	1.7077	1.9E-01	0.0273214	0.0223799	1.49035	2.2E-01	1.5395	2.1E-01
rs10490869	3	35635145	0.595764	A	T	0.789478	0.990849	0.647673	4.2E-01	-0.00426607	0.00692312	0.37971	5.4E-01	0.494374	4.8E-01
rs6771508	3	43718462	0.664863	A	C	0.974946	0.998741	0.543428	4.6E-01	0.0133712	0.0180471	0.548943	4.6E-01	0.353601	5.5E-01
rs4683294	3	46979013	0.687679	G	C	0.321605	0.960868	1.25992	2.6E-01	-0.00590199	0.00614843	0.921442	3.4E-01	1.15014	2.8E-01
rs4858828	3	48724811	0.68972	C	T	0.349101	0.999091	2.23034	1.4E-01	0.00767048	0.00589293	1.69427	1.9E-01	1.75251	1.9E-01
rs352156	3	52214610	0.694887	C	T	0.955078	0.904333	6.84808	8.9E-03	0.035137	0.0141829	6.13758	1.3E-02	7.80313	5.2E-03
rs7643235	3	53227428	0.699142	T	C	0.4136	0.989215	0.0322951	8.6E-01	-0.000652775	0.00572457	0.0130029	9.1E-01	0.0377622	8.5E-01
rs11718560	3	64584862	0.868956	C	T	0.731847	0.985124	2.30025	1.3E-01	-0.00935448	0.00640365	2.13395	1.4E-01	2.15558	1.4E-01
rs4688498	3	64674599	0.871028	C	T	0.669682	0.985151	0.274595	6.0E-01	-0.00313005	0.00603911	0.26863	6.0E-01	0.354578	5.5E-01
rs997274	3	78704821	1.06722	T	C	0.748705	0.994327	0.373816	5.4E-01	0.0031449	0.00653213	0.231796	6.3E-01	0.440752	5.1E-01
rs1877569	3	99224544	1.12953	G	A	0.816212	0.993173	0.518381	4.7E-01	-0.00561975	0.00728122	0.595697	4.4E-01	1.13214	2.9E-01
rs9875732	3	107461731	1.19696	T	C	0.623037	0.99667	2.12668	1.4E-01	-0.00885679	0.00582768	2.30973	1.3E-01	2.25498	1.3E-01
rs1000368	3	123117165	1.35684	C	T	0.748381	0.996692	0.682749	4.1E-01	-0.00546618	0.00650049	0.707091	4.0E-01	0.957425	3.3E-01
rs113771682	3	129112166	1.4255	C	T	0.937375	0.999072	0.200954	6.5E-01	-0.00531173	0.0116685	0.207226	6.5E-01	0.286122	5.9E-01
rs7647218	3	129125231	1.42558	C	A	0.901341	0.999167	2.46988	1.2E-01	-0.0175971	0.00947626	3.44833	6.3E-02	3.31223	6.9E-02
rs75212171	3	129323322	1.42649	T	C	0.983129	1	0.00434249	9.5E-01	0.00650713	0.0218797	0.0884498	7.7E-01	0.207753	6.5E-01
rs112551697	3	150018637	1.64271	G	A	0.96554	0.928479	0.111041	7.4E-01	-0.00279091	0.0159877	0.0304733	8.6E-01	0.174266	6.8E-01
rs11720805	3	156800360	1.71236	A	G	0.330979	0.970132	0.110313	7.4E-01	0.00261743	0.00608496	0.185027	6.7E-01	0.213204	6.4E-01
rs1488111	3	168951612	1.77942	C	T	0.517315	0.996852	0.455922	5.0E-01	0.00476757	0.00563797	0.715071	4.0E-01	0.901354	3.4E-01
rs1499813	3	171760427	1.8208	T	C	0.587431	1	1.26454	2.6E-01	-0.00717318	0.00575151	1.55546	2.1E-01	2.29178	1.3E-01
rs13092876	3	185495320	2.01656	G	A	0.686729	0.994835	0.62676	4.3E-01	-0.00502948	0.00609216	0.681559	4.1E-01	0.661188	4.2E-01
rs3843375	3	196813908	2.26438	G	A	0.590289	0.999191	0.276829	6.0E-01	-0.00237955	0.00574762	0.1714	6.8E-01	0.154583	6.9E-01
rs75072999	4	844781	0.00782036	G	A	0.904916	0.991302	4.89048	2.7E-02	0.0206703	0.00966813	4.57098	3.3E-02	4.57941	3.2E-02
rs748483	4	952409	0.00822297	A	G	0.891514	0.99682	1.76114	1.8E-01	-0.0120257	0.0090875	1.7512	1.9E-01	1.89012	1.7E-01
rs1912897	4	26006133	0.455942	A	T	0.79303	0.98817	0.768835	3.8E-01	-0.00649701	0.00700511	0.860195	3.5E-01	1.21394	2.7E-01
rs7689800	4	26295421	0.461356	C	G	0.382047	0.982424	0.463767	5.0E-01	-0.00328124	0.00585801	0.313743	5.8E-01	0.755328	3.8E-01
rs34171390	4	56192405	0.730002	C	G	0.8287	0.967618	2.0775	1.5E-01	-0.0106712	0.00758937	1.97705	1.6E-01	1.87789	1.7E-01
rs3017896	4	89533004	1.04795	G	C	0.704424	1	0.366425	5.4E-01	-0.00395246	0.00615987	0.41171	5.2E-01	0.518011	4.7E-01
rs10029220	4	89710592	1.04921	C	T	0.909822	0.997537	0.152596	7.0E-01	-0.00436276	0.00986675	0.195512	6.6E-01	0.519281	4.7E-01
rs1813006	4	103001649	1.15654	G	T	0.940843	0.94358	0.979291	3.2E-01	-0.0121687	0.012293	0.979882	3.2E-01	0.717393	4.0E-01
rs12647922	4	106063987	1.17944	C	T	0.794569	0.998343	1.24744	2.6E-01	-0.00753304	0.00697723	1.16567	2.8E-01	1.54801	2.1E-01
rs7655064	4	120106348	1.31331	T	C	0.875314	0.995692	1.17712	2.8E-01	0.00894876	0.00853834	1.09845	2.9E-01	1.03584	3.1E-01
rs2922979	4	123748616	1.34468	C	G	0.689916	1	0.0905558	7.6E-01	0.000937364	0.0061033	0.0235877	8.8E-01	0.000495648	9.8E-01
rs1520325	4	125182690	1.35483	C	T	0.780072	0.994582	0.150566	7.0E-01	-0.00225778	0.00682619	0.109397	7.4E-01	0.0693678	7.9E-01
rs2353397	4	145517578	1.53798	C	T	0.460014	1	0.0884069	7.7E-01	-0.0024297	0.00566377	0.184033	6.7E-01	0.0012815	9.7E-01
rs2166365	5	3597830	0.0882728	A	G	0.777698	0.981109	0.116227	7.3E-01	0.00260245	0.00683637	0.144916	7.0E-01	0.108319	7.4E-01
rs13178917	5	4007353	0.10142	C	T	0.551974	0.99437	0.931399	3.3E-01	0.00617677	0.00565868	1.1915	2.8E-01	1.59313	2.1E-01
rs10061804	5	32748637	0.511958	G	A	0.711087	1	0.0402655	8.4E-01	-0.00111551	0.00622103	0.0321529	8.6E-01	0.23255	6.3E-01
rs299615	5	34042097	0.535425	G	A	0.843206	1	0.00875731	9.3E-01	-0.000289164	0.00775854	0.00138908	9.7E-01	0.119751	7.3E-01
rs4293945	5	38736142	0.597252	A	T	0.606405	0.995383	7.04872	7.9E-03	0.0165796	0.00578183	8.22272	4.1E-03	9.34492	2.2E-03
rs163112	5	54538003	0.667379	C	G	0.107056	0.994238	0.481124	4.9E-01	0.00528928	0.00915652	0.333682	5.6E-01	0.0705886	7.9E-01
rs61653333	5	55779080	0.679717	G	T	0.970413	0.977169	0.0512	8.2E-01	0.00608706	0.0167956	0.131348	7.2E-01	0.0511958	8.2E-01
rs6867983	5	55854153	0.681454	C	T	0.861186	1	12.8066	3.5E-04	-0.029944	0.00815222	13.4918	2.4E-04	14.9645	1.1E-04
rs11749164	5	66294202	0.770672	T	G	0.726476	0.988719	0.100677	7.5E-01	-0.00182247	0.00636254	0.0820465	7.7E-01	0.15197	7.0E-01
rs6878122	5	76427311	0.889556	G	A	0.318279	0.997785	0.177155	6.7E-01	0.00292803	0.00606442	0.233117	6.3E-01	0.523252	4.7E-01
rs7734060	5	101780479	1.10738	T	G	0.734786	0.995631	0.0209826	8.8E-01	-0.0003974	0.0064185	0.00383344	9.5E-01	0.00434373	9.5E-01
rs1394631	5	118639270	1.27349	C	T	0.775173	0.988487	1.54971	2.1E-01	-0.00875848	0.00677915	1.6692	2.0E-01	1.6292	2.0E-01
rs11744058	5	118798944	1.27486	G	T	0.783774	0.998591	1.79885	1.8E-01	0.00966871	0.00685622	1.98869	1.6E-01	3.50215	6.1E-02
rs3749748	5	127350549	1.37291	C	T	0.753975	0.992802	0.0196515	8.9E-01	-0.00037862	0.00656352	0.00332763	9.5E-01	0.0806599	7.8E-01
rs4705986	5	132349654	1.39065	T	G	0.937241	0.978165	0.403457	5.3E-01	0.00958981	0.011759	0.665092	4.1E-01	0.868913	3.5E-01
rs10463353	5	141710741	1.48273	C	T	0.640669	0.986535	0.108933	7.4E-01	0.00182798	0.00590794	0.0957354	7.6E-01	0.212163	6.5E-01
rs33999	5	141973349	1.48937	C	G	0.612065	0.9834	1.18086	2.8E-01	-0.00579915	0.00581978	0.992924	3.2E-01	0.819893	3.7E-01
rs10062458	5	156367092	1.66277	T	C	0.34782	0.985353	46.4289	9.5E-12	-0.0400242	0.00592897	45.5708	1.5E-11	46.8989	7.5E-12
rs12652322	5	171822666	1.88951	C	T	0.705252	0.99822	1.74203	1.9E-01	-0.00825227	0.00619351	1.77531	1.8E-01	1.46547	2.3E-01
rs2053681	5	172746086	1.91113	A	G	0.485601	0.912476	2.31768	1.3E-01	-0.00893732	0.00591761	2.28098	1.3E-01	3.05631	8.0E-02
rs10035782	5	173270328	1.92939	A	G	0.600665	0.984103	1.95148	1.6E-01	0.0083689	0.00580033	2.08176	1.5E-01	2.6329	1.0E-01
rs11963955	6	6631996	0.178791	A	G	0.637527	0.976944	4.159	4.1E-02	-0.012676	0.00593974	4.5544	3.3E-02	4.5148	3.4E-02
rs201061	6	6730512	0.181115	G	A	0.455616	0.976616	0.299762	5.8E-01	-0.00271995	0.00571553	0.226469	6.3E-01	0.177022	6.7E-01
rs1334576	6	7211818	0.195986	G	A	0.5774	1	0.278341	6.0E-01	0.0035696	0.0057179	0.389733	5.3E-01	0.352148	5.5E-01
rs9382988	6	14595010	0.314722	C	A	0.204362	0.998886	0.201406	6.5E-01	-0.00178517	0.00701378	0.0647818	8.0E-01	0.0718882	7.9E-01
rs4710940	6	20658012	0.410434	A	C	0.647018	0.999463	1.13702	2.9E-01	-0.00675265	0.00591282	1.30424	2.5E-01	1.18966	2.8E-01
rs3129830	6	30248711	0.50553	G	A	0.868546	0.999908	0.0435212	8.3E-01	0.00213251	0.00831301	0.0658059	8.0E-01	0.108832	7.4E-01
rs7772131	6	30795171	0.50714	A	C	0.988571	1	1.15157	2.8E-01	-0.0344622	0.0265277	1.68766	1.9E-01	1.38654	2.4E-01
rs6919908	6	31244960	0.511805	T	C	0.193909	0.999901	8.59939	3.4E-03	-0.0222986	0.00715108	9.72321	1.8E-03	10.2273	1.4E-03
rs181133225	6	32454764	0.520293	T	C	0.893444	0.778953	0.00844361	9.3E-01	0.00140205	0.0102934	0.0185528	8.9E-01	0.010913	9.2E-01
rs117108573	6	32489679	0.520303	C	T	0.921405	0.866866	0.0308637	8.6E-01	-0.000828365	0.0111867	0.00548329	9.4E-01	0.133204	7.2E-01
rs575662827	6	32543874	0.520325	T	C	0.899303	0.833996	0.0611301	8.0E-01	0.00322232	0.0102111	0.0995854	7.5E-01	0.000179598	9.9E-01
rs114760566	6	34192036	0.545788	C	A	0.954268	0.993831	3.89234	4.9E-02	-0.027346	0.0135273	4.08663	4.3E-02	4.45463	3.5E-02
rs1574430	6	43269029	0.669727	A	C	0.391321	0.999399	1.0834	3.0E-01	0.00622429	0.00577711	1.1608	2.8E-01	1.16622	2.8E-01
rs9381248	6	43734606	0.675407	C	T	0.87836	0.993046	2.25431	1.3E-01	-0.0123987	0.00866146	2.04913	1.5E-01	2.15441	1.4E-01
rs35349911	6	43785255	0.678849	C	T	0.409597	0.97009	1.69266	1.9E-01	-0.00811711	0.00583228	1.93699	1.6E-01	1.8969	1.7E-01
rs72902769	6	80719576	0.920488	C	G	0.966636	0.999182	0.119971	7.3E-01	-0.003677	0.0157277	0.0546583	8.2E-01	0.000589567	9.8E-01
rs62406467	6	81114126	0.921634	G	T	0.849349	0.952286	0.000336319	9.9E-01	0.000719332	0.00807631	0.00793292	9.3E-01	0.0120045	9.1E-01
rs6924944	6	100597579	1.0811	A	T	0.245827	0.981159	3.71287	5.4E-02	0.0129327	0.00662774	3.80756	5.1E-02	3.37083	6.6E-02
rs2806373	6	109222017	1.18299	G	A	0.239664	0.998945	0.394167	5.3E-01	-0.00353378	0.00660093	0.286595	5.9E-01	0.421296	5.2E-01
rs72969772	6	126187585	1.32503	A	G	0.980332	1	1.21824	2.7E-01	-0.022566	0.0203656	1.22776	2.7E-01	0.741369	3.9E-01
rs9986505	6	126445558	1.32603	A	G	0.6761	0.991308	2.36357	1.2E-01	0.00882593	0.00605017	2.12807	1.4E-01	2.03461	1.5E-01
rs74949497	6	126812007	1.32699	A	C	0.97518	1	1.89447	1.7E-01	-0.0268674	0.0182284	2.17248	1.4E-01	2.32945	1.3E-01
rs139242696	6	127414440	1.32797	T	C	0.974907	0.948341	0.648917	4.2E-01	-0.0109685	0.0184763	0.352424	5.5E-01	0.469676	4.9E-01
rs9385864	6	139805476	1.50274	C	T	0.6907	0.988333	8.35509	3.8E-03	-0.0177792	0.00614651	8.36694	3.8E-03	7.55273	6.0E-03
rs12205386	6	139837171	1.50318	C	A	0.643666	0.9992	6.29973	1.2E-02	0.0141907	0.00589369	5.79738	1.6E-02	6.29083	1.2E-02
rs11756568	6	152042413	1.64245	A	T	0.724877	0.999168	4.92763	2.6E-02	-0.0118816	0.00632463	3.52925	6.0E-02	3.78319	5.2E-02
rs998075	6	160468278	1.77084	A	G	0.53429	0.994008	43.6885	3.9E-11	0.0371191	0.00568239	42.671	6.5E-11	43.0434	5.4E-11
rs9459839	6	167431829	1.92196	T	C	0.531185	0.998188	1.25746	2.6E-01	-0.00597714	0.00563342	1.12575	2.9E-01	0.785784	3.8E-01
rs2214440	7	20372191	0.358281	A	G	0.667686	0.991786	1.5981	2.1E-01	0.0085451	0.0060135	2.0192	1.6E-01	3.03042	8.2E-02
rs111683990	7	25729528	0.437229	C	G	0.955515	0.987881	0.274453	6.0E-01	-0.00660086	0.0137845	0.229308	6.3E-01	0.345213	5.6E-01
rs2040786	7	26208736	0.442609	G	A	0.529361	1	0.922766	3.4E-01	0.00505591	0.0056471	0.801582	3.7E-01	0.750833	3.9E-01
rs17428025	7	27251396	0.453724	C	T	0.971743	0.967404	0.126419	7.2E-01	0.00436931	0.0172935	0.0638352	8.0E-01	0.055878	8.1E-01
rs849140	7	28183702	0.463008	T	C	0.410278	1	2.25168	1.3E-01	-0.00940056	0.00576252	2.66123	1.0E-01	3.26881	7.1E-02
rs17172095	7	42665355	0.680121	A	G	0.679343	0.995026	0.0760966	7.8E-01	-0.00154956	0.00605183	0.0655611	8.0E-01	0.0503244	8.2E-01
rs2072183	7	44579180	0.698676	G	C	0.775748	1	37.2914	1.0E-09	-0.0413171	0.00674368	37.5376	9.0E-10	40.8283	1.7E-10
rs71556711	7	72854549	0.899611	C	T	0.908397	1	8.21634	4.2E-03	0.0269624	0.00975971	7.63207	5.7E-03	7.74486	5.4E-03
rs7780317	7	72867852	0.899612	C	T	0.92793	0.985744	0.00264876	9.6E-01	0.00128428	0.0109461	0.0137657	9.1E-01	0.0117008	9.1E-01
rs57487833	7	77115793	0.936393	G	A	0.723097	0.985735	0.501006	4.8E-01	-0.00384574	0.00634287	0.367611	5.4E-01	0.212385	6.4E-01
rs76306613	7	106235348	1.22452	G	T	0.855998	0.98895	1.67885	2.0E-01	-0.0102525	0.00807814	1.61077	2.0E-01	2.01777	1.6E-01
rs2237687	7	107585473	1.24369	C	T	0.472386	0.966594	0.00920045	9.2E-01	-0.00066527	0.00573754	0.0134445	9.1E-01	0.0388316	8.4E-01
rs38902	7	116889718	1.32093	G	A	0.474719	0.992845	5.77873	1.6E-02	-0.0138623	0.00566219	5.99376	1.4E-02	5.64172	1.8E-02
rs12154627	7	130422934	1.4017	T	C	0.506907	0.97487	16.217	5.6E-05	0.0225295	0.00569936	15.6261	7.7E-05	15.8859	6.7E-05
rs7808446	7	150214465	1.67249	T	G	0.235469	0.993612	0.765034	3.8E-01	0.00625415	0.00666458	0.880627	3.5E-01	1.07687	3.0E-01
rs7014168	8	10641965	0.266242	G	A	0.776722	0.996719	0.124326	7.2E-01	-0.00241636	0.00678673	0.126766	7.2E-01	0.0660382	8.0E-01
rs4474021	8	12632903	0.332387	G	T	0.680802	1	1.42107	2.3E-01	-0.00706941	0.00603779	1.37091	2.4E-01	1.34829	2.5E-01
rs7844736	8	23551671	0.545238	A	G	0.828827	1	0.00106156	9.7E-01	0.000164943	0.00749722	0.000484022	9.8E-01	0.182776	6.7E-01
rs310289	8	23610756	0.545792	C	T	0.760888	0.994537	3.78522	5.2E-02	0.0119792	0.00663899	3.25577	7.1E-02	2.82963	9.3E-02
rs11992444	8	25464690	0.565812	G	T	0.49058	1	2.43331	1.2E-01	-0.00755908	0.0056272	1.80449	1.8E-01	1.61491	2.0E-01
rs7815496	8	38321607	0.69461	C	T	0.597431	0.996532	6.02462	1.4E-02	-0.0143316	0.00574554	6.222	1.3E-02	5.85281	1.6E-02
rs4738679	8	59370320	0.819036	G	A	0.33291	0.996056	30.9	2.7E-08	0.0328186	0.00601128	29.8061	4.8E-08	33.6679	6.5E-09
rs12543555	8	69562014	0.90375	A	G	0.792127	0.98465	0.502942	4.8E-01	-0.0053993	0.00698349	0.597764	4.4E-01	0.99598	3.2E-01
rs28568866	8	72353630	0.949663	G	A	0.969859	0.939217	0.1147	7.3E-01	-0.00713072	0.0170312	0.175297	6.8E-01	0.266656	6.1E-01
rs146492163	8	72386394	0.950025	G	T	0.96946	0.960969	2.16747	1.4E-01	-0.024592	0.0167438	2.15714	1.4E-01	1.86244	1.7E-01
rs1895674	8	72443246	0.950276	T	G	0.946831	0.990629	0.0218815	8.8E-01	0.00129776	0.0125894	0.0106262	9.2E-01	0.00321631	9.5E-01
rs4147332	8	89280863	1.08332	G	C	0.323111	0.995784	2.1026	1.5E-01	0.00879747	0.00603507	2.12496	1.4E-01	1.90728	1.7E-01
rs144435165	8	126419938	1.45107	G	C	0.944194	0.785853	13.4005	2.5E-04	-0.053313	0.0138344	14.8508	1.2E-04	14.9309	1.1E-04
rs2954018	8	126477153	1.45319	C	T	0.298303	0.998357	38.9518	4.3E-10	0.0388751	0.00616745	39.7313	2.9E-10	41.7831	1.0E-10
rs6991761	8	128274518	1.48941	C	T	0.844226	0.993607	0.397339	5.3E-01	-0.00557125	0.00778502	0.512136	4.7E-01	0.676298	4.1E-01
rs2467030	8	135665361	1.60637	A	G	0.339711	0.997044	0.0862095	7.7E-01	0.00108503	0.00597702	0.0329547	8.6E-01	0.0100611	9.2E-01
rs12340775	9	13226945	0.282033	G	A	0.944664	0.940298	1.6691	2.0E-01	0.018439	0.0126991	2.10827	1.5E-01	2.63263	1.0E-01
rs73650963	9	93943033	1.11642	T	C	0.892489	0.990174	0.135766	7.1E-01	-0.00256683	0.00910537	0.079469	7.8E-01	0.0639796	8.0E-01
rs2131919	9	95283887	1.12689	A	G	0.83667	0.999136	1.61601	2.0E-01	-0.00988472	0.00765123	1.66904	2.0E-01	2.10369	1.5E-01
rs1572136	9	101740604	1.18729	G	C	0.724977	0.989514	5.66537	1.7E-02	0.0149902	0.0063559	5.56241	1.8E-02	6.35037	1.2E-02
rs12686004	9	107653426	1.24316	G	A	0.884341	1	10.389	1.3E-03	0.0288327	0.00881281	10.7039	1.1E-03	11.7638	6.0E-04
rs10991414	9	107685589	1.24582	T	C	0.861068	0.989408	0.0544187	8.2E-01	-0.0020496	0.00821534	0.0622427	8.0E-01	0.170021	6.8E-01
rs111479443	9	107874316	1.24936	T	G	0.963776	0.9746	6.84952	8.9E-03	0.0421762	0.0152954	7.6035	5.8E-03	7.10209	7.7E-03
rs7048735	9	112529695	1.31375	A	G	0.239526	0.976202	0.157234	6.9E-01	0.00107814	0.00668316	0.0260249	8.7E-01	0.031848	8.6E-01
rs1002607	9	113858933	1.33848	T	C	0.40707	0.988428	0.525856	4.7E-01	-0.00429448	0.00578256	0.551545	4.6E-01	0.64739	4.2E-01
rs13298297	9	119264108	1.4204	G	A	0.769275	0.989359	2.31969	1.3E-01	-0.0101889	0.00674906	2.27914	1.3E-01	2.0027	1.6E-01
rs6478851	9	131561110	1.55426	G	A	0.758733	1	0.817358	3.7E-01	-0.00613872	0.00660366	0.864144	3.5E-01	1.13362	2.9E-01
rs687621	9	136137065	1.66206	A	G	0.681622	1	35.8248	2.2E-09	-0.0365472	0.00605274	36.4589	1.6E-09	35.8622	2.1E-09
rs60980157	9	139235415	1.78278	C	T	0.757489	0.966704	0.424094	5.1E-01	-0.00360012	0.00667146	0.291201	5.9E-01	0.299086	5.8E-01
rs7072195	10	3540748	0.0738836	T	C	0.417524	0.993244	0.465149	5.0E-01	-0.00305509	0.00573921	0.283364	5.9E-01	0.591427	4.4E-01
rs11592754	10	32619572	0.605452	A	C	0.856559	0.998356	0.441508	5.1E-01	0.00497161	0.00804445	0.381946	5.4E-01	0.536867	4.6E-01
rs2247396	10	33489192	0.60946	G	A	0.603662	0.99818	1.06532	3.0E-01	0.00513851	0.00574859	0.799007	3.7E-01	0.82496	3.6E-01
rs4341488	10	60452745	0.822202	G	A	0.188405	0.998867	0.0208985	8.9E-01	0.000348227	0.00720765	0.0023342	9.6E-01	0.0167359	9.0E-01
rs17287962	10	63770969	0.858439	A	G	0.970068	0.979005	0.376668	5.4E-01	-0.00887712	0.0167169	0.281989	6.0E-01	0.23653	6.3E-01
rs10762666	10	77157489	1.00522	A	G	0.241989	0.984822	3.99575	4.6E-02	-0.0142124	0.00660739	4.62676	3.1E-02	3.7955	5.1E-02
rs10887758	10	89603315	1.15934	T	C	0.784607	0.990793	0.0365665	8.5E-01	-0.00190969	0.00690411	0.0765086	7.8E-01	0.0554767	8.1E-01
rs141490680	10	95280981	1.22085	G	A	0.866803	0.998279	1.65781	2.0E-01	-0.009287	0.00829396	1.2538	2.6E-01	1.21333	2.7E-01
rs7342070	10	104223628	1.30538	T	C	0.455127	1	0.85815	3.5E-01	0.00465826	0.00565821	0.67778	4.1E-01	0.962263	3.3E-01
rs7917983	10	114732882	1.3977	T	C	0.532013	1	0.000683717	9.8E-01	-0.000768112	0.00565344	0.0184596	8.9E-01	0.00176462	9.7E-01
rs242956	10	119297479	1.46386	C	T	0.362576	0.990585	0.06983	7.9E-01	0.00142436	0.00587961	0.0586874	8.1E-01	0.0918472	7.6E-01
rs7104929	11	784340	0.0108006	C	G	0.530558	0.997422	7.57472e-06	1.0E+00	0.00129542	0.00567072	0.0521852	8.2E-01	0.154542	6.9E-01
rs7932891	11	10921512	0.210707	A	G	0.294517	0.99931	0.453287	5.0E-01	-0.00316435	0.00618009	0.262168	6.1E-01	1.00512	3.2E-01
rs11607537	11	14224166	0.277204	C	T	0.941072	0.981717	1.40259	2.4E-01	0.0150761	0.0120912	1.55468	2.1E-01	2.30065	1.3E-01
rs79634051	11	14561945	0.278112	G	C	0.97174	1	2.20442	1.4E-01	0.0256265	0.0169587	2.28345	1.3E-01	2.17831	1.4E-01
rs3114693	11	26127790	0.452397	A	T	0.617593	0.997848	0.693171	4.1E-01	0.00526223	0.00580875	0.820682	3.6E-01	0.715207	4.0E-01
rs56386213	11	36291554	0.562467	A	G	0.595018	1	0.0460949	8.3E-01	-0.000504271	0.00571074	0.00779728	9.3E-01	0.0147792	9.0E-01
rs174528	11	61543499	0.703973	T	C	0.623454	0.995598	73.3246	1.1E-17	0.0495139	0.0058331	72.0534	2.1E-17	78.0517	1.0E-18
rs4297487	11	69229628	0.763225	A	G	0.324796	0.994186	0.012193	9.1E-01	-0.000303427	0.00603721	0.00252601	9.6E-01	0.158823	6.9E-01
rs28690953	11	111384426	1.18701	T	G	0.852988	1	2.39065	1.2E-01	-0.0130766	0.00796844	2.69304	1.0E-01	2.18681	1.4E-01
rs513533	11	116519358	1.25951	A	G	0.895505	0.969744	36.8353	1.3E-09	-0.0567526	0.00933966	36.924	1.2E-09	40.0776	2.4E-10
rs12804228	11	126260684	1.42442	A	G	0.914785	0.983631	43.4019	4.5E-11	-0.0692332	0.0101816	46.2378	1.0E-11	44.601	2.4E-11
rs747249	11	130271647	1.49781	A	G	0.360849	0.986641	0.656398	4.2E-01	-0.00553163	0.00591492	0.874599	3.5E-01	1.467	2.3E-01
rs11045172	12	20470221	0.37098	A	C	0.802205	0.989276	3.48805	6.2E-02	0.0142685	0.00711527	4.02137	4.5E-02	3.84105	5.0E-02
rs7977928	12	26265632	0.457285	G	A	0.408615	1	0.932925	3.3E-01	-0.00625947	0.00572266	1.19641	2.7E-01	1.52047	2.2E-01
rs2343874	12	26409450	0.459085	G	A	0.53283	0.98214	0.0255664	8.7E-01	0.0019545	0.0056961	0.117738	7.3E-01	0.115334	7.3E-01
rs16931815	12	27427917	0.469712	A	G	0.872673	0.996695	1.0024	3.2E-01	-0.00715862	0.008488	0.711292	4.0E-01	0.88839	3.5E-01
rs7310959	12	45968598	0.59006	G	A	0.897555	1	2.8807	9.0E-02	-0.0149867	0.0093161	2.58788	1.1E-01	2.77913	9.5E-02
rs75824359	12	54320490	0.68262	A	G	0.970266	0.973341	0.248906	6.2E-01	0.00837154	0.0168172	0.247801	6.2E-01	0.269971	6.0E-01
rs10878362	12	66417493	0.793832	C	A	0.687723	0.991565	1.19576	2.7E-01	-0.00750763	0.00609379	1.51786	2.2E-01	1.51857	2.2E-01
rs10745659	12	94092690	1.0816	C	G	0.553308	0.994516	0.0452612	8.3E-01	-0.000478914	0.00570434	0.00704861	9.3E-01	0.0934707	7.6E-01
rs10778495	12	106991545	1.2616	A	G	0.720919	0.990603	3.82188	5.1E-02	-0.0119796	0.00629143	3.62565	5.7E-02	2.3644	1.2E-01
rs189392453	12	122381427	1.46398	C	A	0.929828	0.926987	3.8577	5.0E-02	-0.0203421	0.0114683	3.14623	7.6E-02	3.11027	7.8E-02
rs12366339	12	122854616	1.46723	G	A	0.9894	0.907552	2.58356	1.1E-01	-0.0473712	0.0289369	2.67995	1.0E-01	2.67113	1.0E-01
rs147433011	12	123162845	1.46972	T	C	0.989135	0.898372	0.0385176	8.4E-01	0.00591658	0.0287497	0.042352	8.4E-01	0.0765443	7.8E-01
rs116950578	12	123188577	1.46982	C	T	0.967055	1	0.66802	4.1E-01	0.0134083	0.0157609	0.723738	3.9E-01	0.467172	4.9E-01
rs140689322	12	123375732	1.4703	G	A	0.973654	0.966101	0.794131	3.7E-01	-0.0139827	0.0179018	0.610081	4.3E-01	0.591939	4.4E-01
rs28722199	12	123989436	1.47618	A	G	0.954286	0.931304	0.0134023	9.1E-01	-0.00292008	0.0139831	0.0436094	8.3E-01	0.0057953	9.4E-01
rs12582221	12	125323240	1.49972	G	A	0.572176	1	1.83984	1.7E-01	0.00802935	0.00569252	1.98954	1.6E-01	1.81607	1.8E-01
rs7993238	13	22473593	0.0544542	A	C	0.631395	0.976757	0.461692	5.0E-01	0.00442503	0.00592381	0.557995	4.6E-01	0.643897	4.2E-01
rs10507524	13	44684600	0.468128	T	C	0.907237	0.994143	1.37771	2.4E-01	-0.0106194	0.00977523	1.18018	2.8E-01	1.17005	2.8E-01
rs12872335	13	50442235	0.536587	G	A	0.792188	0.994746	1.68192	1.9E-01	-0.00859745	0.0069734	1.52002	2.2E-01	1.37287	2.4E-01
rs61964388	13	51061980	0.539297	G	A	0.904117	0.961186	2.76747	9.6E-02	-0.0173393	0.00975569	3.159	7.6E-02	2.29998	1.3E-01
rs627527	13	110915135	1.21483	G	A	0.418925	0.983958	0.812822	3.7E-01	0.0049768	0.00575761	0.747164	3.9E-01	0.428205	5.1E-01
rs1057119	14	23746269	0.116581	C	G	0.76153	1	0.383335	5.4E-01	0.00416341	0.00659325	0.398749	5.3E-01	0.330047	5.7E-01
rs140664623	14	52321987	0.459221	G	T	0.976323	0.975931	0.000161869	9.9E-01	0.00259643	0.0187083	0.0192613	8.9E-01	0.000852203	9.8E-01
rs2145600	14	58750902	0.537897	C	G	0.237608	0.992449	0.712443	4.0E-01	0.00430465	0.00663831	0.420496	5.2E-01	0.594351	4.4E-01
rs6575165	14	91352234	0.881721	G	A	0.76556	0.994744	0.0641278	8.0E-01	-0.000895595	0.00666231	0.0180706	8.9E-01	0.0310672	8.6E-01
rs10130936	14	98342676	1.02712	C	T	0.37676	0.985923	0.87484	3.5E-01	0.00559999	0.00586561	0.911482	3.4E-01	0.739093	3.9E-01
rs4779523	15	31679470	0.452779	T	A	0.728098	0.995337	0.00438487	9.5E-01	-0.000448804	0.00636858	0.00496625	9.4E-01	0.000406473	9.8E-01
rs28647196	15	40833379	0.629227	C	T	0.564205	0.997093	1.80505	1.8E-01	-0.00822313	0.00570852	2.07505	1.5E-01	1.46534	2.3E-01
rs11630710	15	56364758	0.756318	G	T	0.893172	0.979091	0.746394	3.9E-01	-0.00627764	0.00925509	0.460078	5.0E-01	0.449155	5.0E-01
rs17184382	15	63792486	0.876626	A	C	0.574619	1	0.615425	4.3E-01	0.00559206	0.00570728	0.960029	3.3E-01	0.585108	4.4E-01
rs2165241	15	74222202	0.994735	T	C	0.491224	0.994517	1.84517	1.7E-01	-0.00811977	0.00563734	2.07462	1.5E-01	1.01771	3.1E-01
rs12905116	15	79042734	1.02295	T	A	0.242831	0.998559	0.211339	6.5E-01	-0.00201148	0.00655393	0.0941956	7.6E-01	0.112889	7.4E-01
rs2401948	16	1340854	0.0338191	G	C	0.470436	0.984992	0.0330277	8.6E-01	-0.00133182	0.00568854	0.0548136	8.1E-01	0.116455	7.3E-01
rs3747577	16	4415696	0.082586	C	G	0.259467	0.988145	0.00184009	9.7E-01	0.000206035	0.00647379	0.00101289	9.7E-01	0.00483571	9.4E-01
rs6498114	16	10964118	0.259065	G	T	0.240585	0.980902	0.012592	9.1E-01	-0.000674516	0.00666329	0.0102473	9.2E-01	0.0160476	9.0E-01
rs2192868	16	53428284	0.643286	G	A	0.551203	0.983829	0.468646	4.9E-01	-0.00426612	0.00572033	0.556191	4.6E-01	0.691846	4.1E-01
rs9938160	16	56984590	0.729847	T	C	0.69243	0.921023	32.4166	1.2E-08	0.0368177	0.00636246	33.4859	7.2E-09	35.0843	3.2E-09
rs116975210	16	67058614	0.849502	T	G	0.960603	0.993544	0.0612879	8.0E-01	-0.00551608	0.0145366	0.14399	7.0E-01	0.121138	7.3E-01
rs2056876	16	78864296	0.975993	T	G	0.815684	0.95437	3.87011	4.9E-02	0.0148311	0.007427	3.9877	4.6E-02	3.33836	6.8E-02
rs9926618	16	81484570	1.04509	T	A	0.39429	0.97289	6.04815	1.4E-02	0.0140069	0.00584702	5.73872	1.7E-02	5.27439	2.2E-02
rs66710707	16	81528621	1.0457	A	G	0.719577	0.992374	1.09253	3.0E-01	0.00630577	0.00629722	1.00272	3.2E-01	1.23246	2.7E-01
rs116911572	17	943593	0.0364958	T	C	0.982069	1	0.581466	4.5E-01	-0.01715	0.0212784	0.649606	4.2E-01	0.659941	4.2E-01
rs4151120	17	7342148	0.196018	T	A	0.629178	0.991461	5.68639	1.7E-02	0.0139011	0.00586378	5.62011	1.8E-02	6.53485	1.1E-02
rs1561	17	8263334	0.209036	C	T	0.928268	0.930811	2.68273	1.0E-01	-0.0179841	0.0113039	2.53118	1.1E-01	2.68025	1.0E-01
rs1242488	17	17347995	0.443205	C	A	0.250473	0.994678	1.63934	2.0E-01	-0.00772744	0.00650739	1.41013	2.4E-01	1.34175	2.5E-01
rs897456	17	17422608	0.444631	A	G	0.942018	1	3.62905	5.7E-02	-0.0250234	0.0120802	4.29088	3.8E-02	4.48519	3.4E-02
rs11651639	17	27672320	0.49569	A	T	0.483934	0.999433	0.533349	4.7E-01	-0.00404819	0.00563917	0.515337	4.7E-01	0.676597	4.1E-01
rs55883500	17	40395267	0.664304	T	G	0.691334	0.998762	0.783708	3.8E-01	-0.00580872	0.00610146	0.906346	3.4E-01	0.949946	3.3E-01
rs2242461	17	40861424	0.665935	G	A	0.405713	1	0.47609	4.9E-01	0.00464741	0.00573927	0.655704	4.2E-01	0.460718	5.0E-01
rs62053943	17	43744203	0.688226	C	T	0.845555	0.975028	3.82809	5.0E-02	-0.0142582	0.00791384	3.24604	7.2E-02	2.74349	9.8E-02
rs6504972	17	53601168	0.790946	G	A	0.654059	0.990391	0.265943	6.1E-01	-0.00318055	0.00597569	0.283288	5.9E-01	0.210995	6.5E-01
rs9892365	17	59491384	0.871045	A	G	0.330387	0.996856	0.114485	7.4E-01	0.00323334	0.00600178	0.290231	5.9E-01	0.375318	5.4E-01
rs146385050	17	60637258	0.881108	C	A	0.819308	0.982238	1.32027	2.5E-01	0.00886252	0.00738552	1.43996	2.3E-01	1.16843	2.8E-01
rs1966327	17	67570113	0.971768	A	G	0.320402	0.997202	0.356983	5.5E-01	-0.0028138	0.00604255	0.216843	6.4E-01	0.115353	7.3E-01
rs9896666	17	68226321	0.98162	C	T	0.675868	0.994992	0.317356	5.7E-01	0.00374831	0.00603208	0.386132	5.3E-01	0.514868	4.7E-01
rs3810068	18	2846499	0.0738566	T	C	0.595452	1	5.83904	1.6E-02	0.011477	0.0057304	4.01133	4.5E-02	4.57969	3.2E-02
rs4800451	18	20716805	0.429195	C	T	0.259966	0.984274	0.483838	4.9E-01	-0.0054091	0.00648891	0.694874	4.0E-01	0.71007	4.0E-01
rs1026186	18	42741410	0.625015	G	A	0.64681	0.995626	1.55648	2.1E-01	0.0073263	0.00591133	1.53603	2.2E-01	1.9008	1.7E-01
rs8086644	18	60788559	0.864537	G	A	0.834201	0.988925	0.0802544	7.8E-01	-0.00393725	0.00761348	0.267436	6.1E-01	0.306995	5.8E-01
rs12979965	19	2131148	0.0753026	A	G	0.499935	0.991113	0.545936	4.6E-01	0.00539503	0.00565233	0.911032	3.4E-01	1.05471	3.0E-01
rs10421685	19	4488926	0.151356	G	A	0.311293	0.998169	6.74402	9.4E-03	0.0149663	0.00609332	6.03283	1.4E-02	5.36363	2.1E-02
rs10421685	19	4488926	0.151356	G	C	0.973386	0.548756	0.686816	4.1E-01	-0.0220407	0.0236038	0.871942	3.5E-01	0.868469	3.5E-01
rs35555265	19	17152232	0.420672	C	T	0.803227	0.993265	2.25024	1.3E-01	0.0116073	0.00709622	2.67552	1.0E-01	2.10832	1.5E-01
rs72999466	19	18248499	0.447893	C	T	0.742123	0.99893	0.282007	6.0E-01	-0.00429369	0.00643548	0.445143	5.0E-01	0.264857	6.1E-01
rs1423056	19	33780444	0.560699	G	A	0.681795	0.903762	0.0154497	9.0E-01	-0.000933589	0.00636953	0.0214831	8.8E-01	0.126223	7.2E-01
rs113504807	19	33787954	0.561506	C	T	0.951238	0.934153	0.626338	4.3E-01	-0.0123117	0.0135027	0.831371	3.6E-01	0.751258	3.9E-01
rs11672697	19	33876955	0.562267	C	T	0.494053	0.99299	1.66345	2.0E-01	0.00806785	0.00565674	2.03415	1.5E-01	2.00044	1.6E-01
rs62115552	19	44610355	0.688364	A	G	0.960207	1	50.2709	1.3E-12	0.106109	0.0147087	52.0422	5.4E-13	56.3627	6.0E-14
rs112027066	19	45129089	0.697512	C	T	0.981171	0.962142	33.2289	8.2E-09	0.123832	0.0210444	34.6249	4.0E-09	31.1516	2.4E-08
rs73048351	19	45160086	0.697689	C	A	0.989712	0.91554	50.2138	1.4E-12	0.215334	0.0292482	54.2034	1.8E-13	53.7225	2.3E-13
rs62120576	19	45216443	0.699708	A	C	0.907705	0.984781	59.3359	1.3E-14	0.0763573	0.0098003	60.7047	6.6E-15	58.4022	2.1E-14
rs139326841	19	45269725	0.701551	T	C	0.978636	0.821408	34.6888	3.9E-09	-0.124465	0.0214333	33.7223	6.4E-09	32.2847	1.3E-08
rs2075649	19	45395330	0.707004	A	G	0.611354	0.998574	82.824	9.0E-20	-0.0523947	0.00579485	81.7505	1.5E-19	83.3845	6.8E-20
rs201269048	19	45574113	0.710921	T	G	0.948897	0.903577	36.0905	1.9E-09	0.0843024	0.0134418	39.3339	3.6E-10	41.6286	1.1E-10
rs2864436	19	55986637	0.996315	T	C	0.754674	1	0.000551109	9.8E-01	7.97488e-05	0.00652694	0.00014929	9.9E-01	0.0303709	8.6E-01
rs151235402	20	569164	0.0196907	C	T	0.984757	0.956324	1.69959e-05	1.0E+00	-0.000353026	0.0236622	0.000222588	9.9E-01	0.00201696	9.6E-01
rs805769	20	5667459	0.191037	T	C	0.595306	0.99253	0.048077	8.3E-01	-0.0016346	0.00576554	0.0803787	7.8E-01	0.171665	6.8E-01
rs6117303	20	6487687	0.213838	T	C	0.34849	0.989053	2.32682	1.3E-01	0.0099826	0.00594363	2.82088	9.3E-02	2.75637	9.7E-02
rs146411982	20	38985760	0.586515	A	G	0.97517	0.885893	16.2107	5.7E-05	-0.0796822	0.0192146	17.1972	3.4E-05	16.0088	6.3E-05
rs1997833	20	39690342	0.597551	T	C	0.700507	0.998963	10.2266	1.4E-03	-0.0199696	0.00613288	10.6026	1.1E-03	12.5085	4.1E-04
rs11699991	20	45489407	0.689702	T	A	0.670387	0.988835	0.596092	4.4E-01	0.00677298	0.00602349	1.26434	2.6E-01	1.69863	1.9E-01
rs6068280	20	51235613	0.791961	A	G	0.324841	0.992237	0.0141106	9.1E-01	-0.00042377	0.00600964	0.00497237	9.4E-01	2.33351e-06	1.0E+00
rs6013572	20	51553621	0.798111	T	C	0.936054	1	0.00306352	9.6E-01	-0.000960361	0.0115825	0.00687481	9.3E-01	0.0040879	9.5E-01
rs1936966	20	51691779	0.801626	C	T	0.672454	0.982215	1.29668	2.5E-01	-0.00721829	0.00609556	1.4023	2.4E-01	0.981993	3.2E-01
rs2105063	20	62690683	1.09651	C	T	0.438811	1	7.52756	6.1E-03	0.0155808	0.00568855	7.50195	6.2E-03	7.25576	7.1E-03
rs4998557	21	33034892	0.322704	G	A	0.887631	0.995909	1.05007	3.1E-01	-0.00669586	0.00895508	0.55908	4.5E-01	0.51473	4.7E-01
rs2836139	21	39451403	0.432375	A	G	0.514897	0.9942	5.15679	2.3E-02	0.0115554	0.00568032	4.13834	4.2E-02	4.08152	4.3E-02
rs2330396	21	47524380	0.643685	A	C	0.492654	0.996498	4.97875	2.6E-02	-0.0128509	0.00563117	5.208	2.2E-02	4.23426	4.0E-02
rs2236142	22	29137944	0.338659	G	C	0.32476	0.994367	0.71631	4.0E-01	-0.00473218	0.00602799	0.616279	4.3E-01	0.582896	4.5E-01
rs5997898	22	31572963	0.355537	A	C	0.421356	0.998342	0.0756295	7.8E-01	-0.00200045	0.00571474	0.122536	7.3E-01	0.114002	7.4E-01
