SNP	CHR	BP	GENPOS	ALLELE1	ALLELE0	A1FREQ	INFO	CHISQ_LINREG	P_LINREG	BETA	SE	CHISQ_BOLT_LMM_INF	P_BOLT_LMM_INF	CHISQ_BOLT_LMM	P_BOLT_LMM
rs10909862	1	2936815	0.0400559	G	A	0.1928	0.987988	5.26213	2.2E-02	0.0159654	0.00717594	4.94995	2.6E-02	4.63741	3.1E-02
rs1294014	1	9325676	0.18921	C	T	0.732088	0.974098	4.477	3.4E-02	-0.013901	0.00645101	4.6434	3.1E-02	5.12708	2.4E-02
rs10753554	1	23619009	0.461644	T	C	0.260317	0.989627	4.14561	4.2E-02	-0.0134733	0.00644481	4.37047	3.7E-02	4.12019	4.2E-02
rs12117661	1	55487346	0.808955	C	G	0.755046	0.987273	67.7187	1.9E-16	0.0555272	0.00659921	70.7993	4.0E-17	71.9873	2.2E-17
rs624698	1	62900811	0.92277	A	G	0.58261	0.969721	59.1447	1.5E-14	0.0454738	0.005784	61.8109	3.8E-15	67.3659	2.3E-16
rs10889551	1	65906137	0.967654	A	G	0.326867	0.995997	0.781861	3.8E-01	0.0051083	0.00601777	0.720579	4.0E-01	1.48182	2.2E-01
rs71658797	1	77967507	1.07336	T	A	0.879141	0.99054	1.96627	1.6E-01	0.01105	0.00865361	1.63054	2.0E-01	0.734152	3.9E-01
rs1415361	1	103562263	1.33102	C	T	0.402104	0.995554	3.12914	7.7E-02	-0.00954294	0.00575162	2.75285	9.7E-02	3.43764	6.4E-02
rs116679284	1	119014845	1.50751	C	T	0.963654	0.948411	0.183033	6.7E-01	-0.00512551	0.0154483	0.110082	7.4E-01	0.110516	7.4E-01
rs1766783	1	119434896	1.50931	A	C	0.181268	0.981355	0.0103822	9.2E-01	0.000113571	0.00736221	0.000237969	9.9E-01	0.0276517	8.7E-01
rs3738479	1	150997842	1.65945	T	A	0.765906	0.995486	4.09046	4.3E-02	-0.0139356	0.00666201	4.37566	3.6E-02	3.89094	4.9E-02
rs79810698	1	154836444	1.69767	C	A	0.95565	1	1.6747	2.0E-01	0.0162222	0.013668	1.40869	2.4E-01	1.34285	2.5E-01
rs10494421	1	164738727	1.83743	C	T	0.880829	1	0.835941	3.6E-01	-0.00835949	0.00868427	0.926601	3.4E-01	0.461074	5.0E-01
rs3121911	1	170212480	1.91705	G	A	0.744389	0.993907	0.797395	3.7E-01	0.00484099	0.006434	0.566118	4.5E-01	0.588038	4.4E-01
rs17346300	1	170510459	1.91857	C	T	0.950626	1	0.338537	5.6E-01	-0.00498704	0.0130151	0.146821	7.0E-01	0.0350084	8.5E-01
rs6697844	1	172308238	1.93873	C	T	0.56798	0.996349	1.64886	2.0E-01	-0.00827922	0.00566401	2.13663	1.4E-01	2.42708	1.2E-01
rs10922075	1	196467248	2.1432	G	A	0.687963	0.997066	3.9507	4.7E-02	0.011791	0.00607442	3.76786	5.2E-02	4.03918	4.4E-02
rs13303121	1	203503267	2.22276	C	G	0.607356	0.947347	0.775466	3.8E-01	0.00483193	0.0059009	0.670509	4.1E-01	0.487214	4.9E-01
rs4951159	1	205012106	2.25304	G	C	0.0908836	0.967	0.800633	3.7E-01	-0.00863965	0.00995187	0.753673	3.9E-01	0.472351	4.9E-01
rs61821643	1	219268532	2.43532	T	C	0.974378	0.889659	0.904995	3.4E-01	0.0161258	0.0188474	0.732043	3.9E-01	0.610013	4.3E-01
rs77278027	1	219392230	2.43543	C	T	0.93823	0.976746	0.89102	3.5E-01	-0.0112518	0.0118278	0.904965	3.4E-01	0.662578	4.2E-01
rs12740837	1	219623230	2.43692	G	A	0.983204	0.959021	2.19881	1.4E-01	-0.0341958	0.0222932	2.35289	1.3E-01	2.74308	9.8E-02
rs661955	1	234842856	2.62186	G	C	0.481801	0.978806	34.6142	4.0E-09	-0.032907	0.0056858	33.496	7.1E-09	38.604	5.2E-10
rs711869	2	13073967	0.297329	G	A	0.443249	0.983109	0.1903	6.6E-01	-0.00129643	0.0057115	0.0515229	8.2E-01	0.000214015	9.9E-01
rs3903032	2	21119850	0.419449	A	T	0.877441	0.983296	51.1076	8.7E-13	-0.0626169	0.0086284	52.6651	4.0E-13	56.7115	5.0E-14
rs2702068	2	24689512	0.456007	A	C	0.144534	0.985387	0.147517	7.0E-01	-0.00190057	0.00805917	0.0556146	8.1E-01	0.50503	4.8E-01
rs7933	2	43452183	0.682402	A	G	0.634849	0.981779	2.26065	1.3E-01	-0.00841959	0.00588946	2.04377	1.5E-01	1.57609	2.1E-01
rs56266464	2	44054991	0.686489	G	A	0.939556	0.986548	61.9227	3.6E-15	0.0958022	0.0119024	64.7856	8.4E-16	66.3555	3.8E-16
rs36072157	2	48953740	0.765134	G	C	0.658175	0.956087	2.46818	1.2E-01	-0.00944502	0.00605643	2.43205	1.2E-01	2.36301	1.2E-01
rs4953627	2	48990167	0.765401	C	T	0.77524	0.975089	2.27651	1.3E-01	0.0110445	0.00684455	2.60378	1.1E-01	3.24307	7.2E-02
rs1877026	2	63072208	0.885693	A	G	0.152553	0.992931	31.4759	2.0E-08	0.0437017	0.00783536	31.1085	2.4E-08	31.9984	1.5E-08
rs12713567	2	66729420	0.924256	A	G	0.428176	0.981664	2.99919	8.3E-02	0.00975979	0.00573435	2.89676	8.9E-02	3.71652	5.4E-02
rs12712049	2	100208830	1.21955	A	G	0.176674	0.985519	0.00852448	9.3E-01	-0.000117271	0.00741823	0.000249909	9.9E-01	0.0156494	9.0E-01
rs72946301	2	111861838	1.33125	G	A	0.903863	0.964859	1.55994	2.1E-01	-0.0133893	0.00972105	1.8971	1.7E-01	1.41713	2.3E-01
rs1053413	2	114471921	1.35945	A	G	0.784744	0.998156	5.25047	2.2E-02	-0.0160064	0.00686778	5.43195	2.0E-02	5.7072	1.7E-02
rs7593247	2	119337589	1.3956	C	T	0.503784	0.990163	0.00828614	9.3E-01	0.00054133	0.00565142	0.00917505	9.2E-01	0.0568339	8.1E-01
rs78876301	2	158234589	1.75901	A	C	0.987195	0.782415	1.20176	2.7E-01	-0.0335291	0.0283152	1.40218	2.4E-01	1.95095	1.6E-01
rs77928329	2	158413902	1.76308	G	A	0.94544	0.998218	7.81785	5.2E-03	0.0355968	0.0123517	8.30563	4.0E-03	7.90991	4.9E-03
rs1402698	2	165424575	1.81281	G	A	0.368889	0.988943	4.14291	4.2E-02	-0.0117636	0.00587461	4.0098	4.5E-02	3.21541	7.3E-02
rs3769877	2	165569779	1.81517	G	A	0.125673	1	1.07459	3.0E-01	0.00868577	0.00849197	1.04616	3.1E-01	0.85207	3.6E-01
rs72882321	2	172298662	1.8972	C	T	0.821415	0.98752	1.61229	2.0E-01	0.00804347	0.00739666	1.18254	2.8E-01	0.359236	5.5E-01
rs62173497	2	187821910	2.04064	C	A	0.889372	0.96522	0.296108	5.9E-01	-0.00542498	0.00911564	0.354178	5.5E-01	0.349407	5.5E-01
rs61613340	2	191746748	2.0603	G	T	0.922172	0.993102	3.1994	7.4E-02	-0.0175721	0.0105348	2.78226	9.5E-02	2.32124	1.3E-01
rs1250248	2	216287093	2.28549	A	G	0.271958	0.996374	2.59236	1.1E-01	-0.0108678	0.00633975	2.93858	8.6E-02	3.08849	7.9E-02
rs2373074	2	218381350	2.32413	C	T	0.903229	0.998908	0.0221765	8.8E-01	-0.000658087	0.00952849	0.00477001	9.4E-01	0.00349336	9.5E-01
rs62182126	2	219279230	2.33765	G	A	0.901349	1	0.331298	5.6E-01	-0.00457816	0.00943567	0.235416	6.3E-01	0.118717	7.3E-01
rs6760762	2	226866226	2.44112	C	T	0.776249	0.976874	0.827392	3.6E-01	-0.00637229	0.00683703	0.868671	3.5E-01	0.714343	4.0E-01
rs305506	3	12026709	0.296805	G	T	0.113563	0.992655	2.24014	1.3E-01	0.0138453	0.00891466	2.4121	1.2E-01	2.9736	8.5E-02
rs114252958	3	12409938	0.29797	C	T	0.982978	0.956617	0.560372	4.5E-01	0.0140476	0.022337	0.395509	5.3E-01	0.394945	5.3E-01
rs10490869	3	35635145	0.595764	A	T	0.789478	0.990849	0.0320447	8.6E-01	-0.000271689	0.00690985	0.00154599	9.7E-01	0.0321661	8.6E-01
rs6771508	3	43718462	0.664863	A	C	0.974946	0.998741	1.40991	2.4E-01	0.0211843	0.0180125	1.38318	2.4E-01	0.960323	3.3E-01
rs4683294	3	46979013	0.687679	G	C	0.321605	0.960868	0.00454195	9.5E-01	0.000197701	0.00613665	0.00103789	9.7E-01	0.0165442	9.0E-01
rs4858828	3	48724811	0.68972	C	T	0.349101	0.999091	2.27687	1.3E-01	0.00763796	0.00588164	1.68639	1.9E-01	1.90212	1.7E-01
rs352156	3	52214610	0.694887	C	T	0.955078	0.904333	5.34038	2.1E-02	0.0308191	0.0141558	4.73994	2.9E-02	5.73724	1.7E-02
rs7643235	3	53227428	0.699142	T	C	0.4136	0.989215	0.0734685	7.9E-01	-0.00102138	0.0057136	0.0319562	8.6E-01	0.123537	7.3E-01
rs11718560	3	64584862	0.868956	C	T	0.731847	0.985124	1.20778	2.7E-01	-0.00694885	0.00639138	1.18205	2.8E-01	1.11512	2.9E-01
rs4688498	3	64674599	0.871028	C	T	0.669682	0.985151	2.7663	9.6E-02	-0.0098847	0.00602755	2.68934	1.0E-01	3.13515	7.7E-02
rs997274	3	78704821	1.06722	T	C	0.748705	0.994327	0.536958	4.6E-01	0.00377419	0.00651961	0.335122	5.6E-01	0.607636	4.4E-01
rs1877569	3	99224544	1.12953	G	A	0.816212	0.993173	0.0296585	8.6E-01	-0.00170701	0.00726727	0.0551736	8.1E-01	0.297458	5.9E-01
rs9875732	3	107461731	1.19696	T	C	0.623037	0.99667	2.91749	8.8E-02	-0.0102899	0.00581652	3.12964	7.7E-02	2.89476	8.9E-02
rs1000368	3	123117165	1.35684	C	T	0.748381	0.996692	0.197579	6.6E-01	-0.00248638	0.00648803	0.146862	7.0E-01	0.228394	6.3E-01
rs113771682	3	129112166	1.4255	C	T	0.937375	0.999072	0.261235	6.1E-01	-0.00540496	0.0116461	0.215389	6.4E-01	0.394043	5.3E-01
rs7647218	3	129125231	1.42558	C	A	0.901341	0.999167	1.90759	1.7E-01	-0.0151004	0.0094581	2.54899	1.1E-01	2.69277	1.0E-01
rs75212171	3	129323322	1.42649	T	C	0.983129	1	0.480261	4.9E-01	0.0184994	0.0218378	0.717629	4.0E-01	1.11335	2.9E-01
rs112551697	3	150018637	1.64271	G	A	0.96554	0.928479	0.147651	7.0E-01	-0.00365275	0.0159571	0.0524	8.2E-01	0.229778	6.3E-01
rs11720805	3	156800360	1.71236	A	G	0.330979	0.970132	0.02466	8.8E-01	0.00130423	0.0060733	0.0461164	8.3E-01	0.0449113	8.3E-01
rs1488111	3	168951612	1.77942	C	T	0.517315	0.996852	0.189534	6.6E-01	0.00412302	0.00562717	0.536849	4.6E-01	0.686518	4.1E-01
rs1499813	3	171760427	1.8208	T	C	0.587431	1	1.42609	2.3E-01	-0.00750308	0.00574049	1.70836	1.9E-01	2.56206	1.1E-01
rs13092876	3	185495320	2.01656	G	A	0.686729	0.994835	0.394141	5.3E-01	-0.00430078	0.00608049	0.500286	4.8E-01	0.502412	4.8E-01
rs3843375	3	196813908	2.26438	G	A	0.590289	0.999191	0.914069	3.4E-01	-0.00525212	0.00573661	0.838219	3.6E-01	0.959002	3.3E-01
rs75072999	4	844781	0.00782036	G	A	0.904916	0.991302	3.14084	7.6E-02	0.0163995	0.00964995	2.88811	8.9E-02	2.97003	8.5E-02
rs748483	4	952409	0.00822297	A	G	0.891514	0.99682	0.798312	3.7E-01	-0.00718121	0.00907041	0.626818	4.3E-01	0.83913	3.6E-01
rs1912897	4	26006133	0.455942	A	T	0.79303	0.98817	0.783672	3.8E-01	-0.00657659	0.00699194	0.884719	3.5E-01	1.1299	2.9E-01
rs7689800	4	26295421	0.461356	C	G	0.382047	0.982424	1.52712	2.2E-01	-0.00666325	0.005847	1.29869	2.5E-01	2.12838	1.4E-01
rs34171390	4	56192405	0.730002	C	G	0.8287	0.967618	4.26253	3.9E-02	-0.0155391	0.0075751	4.20801	4.0E-02	4.109	4.3E-02
rs3017896	4	89533004	1.04795	G	C	0.704424	1	0.0127973	9.1E-01	0.00100064	0.00614829	0.0264879	8.7E-01	0.0114829	9.1E-01
rs10029220	4	89710592	1.04921	C	T	0.909822	0.997537	0.000740822	9.8E-01	0.000259005	0.0098482	0.000691673	9.8E-01	0.0830356	7.7E-01
rs1813006	4	103001649	1.15654	G	T	0.940843	0.94358	0.320854	5.7E-01	-0.00720911	0.0122699	0.34521	5.6E-01	0.15856	6.9E-01
rs12647922	4	106063987	1.17944	C	T	0.794569	0.998343	1.85914	1.7E-01	-0.00881225	0.00696411	1.60119	2.1E-01	1.93547	1.6E-01
rs7655064	4	120106348	1.31331	T	C	0.875314	0.995692	2.27782	1.3E-01	0.0124733	0.00852228	2.14216	1.4E-01	2.00151	1.6E-01
rs2922979	4	123748616	1.34468	C	G	0.689916	1	0.000220424	9.9E-01	-0.000614009	0.00609183	0.0101591	9.2E-01	0.0557857	8.1E-01
rs1520325	4	125182690	1.35483	C	T	0.780072	0.994582	0.26025	6.1E-01	-0.00244551	0.00681336	0.12883	7.2E-01	0.0757503	7.8E-01
rs2353397	4	145517578	1.53798	C	T	0.460014	1	0.131611	7.2E-01	-0.00242335	0.00565312	0.183762	6.7E-01	0.00260499	9.6E-01
rs2166365	5	3597830	0.0882728	A	G	0.777698	0.981109	0.054979	8.1E-01	-0.00172345	0.00682409	0.0637833	8.0E-01	0.0936527	7.6E-01
rs13178917	5	4007353	0.10142	C	T	0.551974	0.99437	0.0774918	7.8E-01	0.00279457	0.00564852	0.244771	6.2E-01	0.593999	4.4E-01
rs10061804	5	32748637	0.511958	G	A	0.711087	1	0.0838237	7.7E-01	0.00199838	0.00620986	0.10356	7.5E-01	0.00706035	9.3E-01
rs299615	5	34042097	0.535425	G	A	0.843206	1	0.101898	7.5E-01	-0.00407919	0.0077446	0.277427	6.0E-01	0.0219935	8.8E-01
rs4293945	5	38736142	0.597252	A	T	0.606405	0.995383	4.86903	2.7E-02	0.0139202	0.00577144	5.81729	1.6E-02	7.25367	7.1E-03
rs163112	5	54538003	0.667379	C	G	0.107056	0.994238	0.195953	6.6E-01	0.00274953	0.00914007	0.0904934	7.6E-01	0.00573203	9.4E-01
rs61653333	5	55779080	0.679717	G	T	0.970413	0.977169	0.0132849	9.1E-01	0.0035306	0.0167654	0.0443473	8.3E-01	0.0248293	8.7E-01
rs6867983	5	55854153	0.681454	C	T	0.861186	1	7.99433	4.7E-03	-0.0242932	0.00813757	8.91212	2.8E-03	10.4417	1.2E-03
rs11749164	5	66294202	0.770672	T	G	0.726476	0.988719	0.534714	4.6E-01	-0.00491682	0.00635111	0.599335	4.4E-01	0.785881	3.8E-01
rs6878122	5	76427311	0.889556	G	A	0.318279	0.997785	0.0716816	7.9E-01	0.00240019	0.00605352	0.157208	6.9E-01	0.290754	5.9E-01
rs7734060	5	101780479	1.10738	T	G	0.734786	0.995631	0.000470489	9.8E-01	0.000585141	0.00640697	0.00834097	9.3E-01	0.0190281	8.9E-01
rs1394631	5	118639270	1.27349	C	T	0.775173	0.988487	0.431462	5.1E-01	-0.00443899	0.00676697	0.430309	5.1E-01	0.447763	5.0E-01
rs11744058	5	118798944	1.27486	G	T	0.783774	0.998591	1.27081	2.6E-01	0.00826508	0.00684391	1.45843	2.3E-01	3.08494	7.9E-02
rs3749748	5	127350549	1.37291	C	T	0.753975	0.992802	0.0283319	8.7E-01	0.00141983	0.00655172	0.0469639	8.3E-01	0.011447	9.1E-01
rs4705986	5	132349654	1.39065	T	G	0.937241	0.978165	0.137434	7.1E-01	0.00591425	0.0117378	0.253876	6.1E-01	0.355044	5.5E-01
rs10463353	5	141710741	1.48273	C	T	0.640669	0.986535	0.204284	6.5E-01	0.00171046	0.00589733	0.0841235	7.7E-01	0.138302	7.1E-01
rs33999	5	141973349	1.48937	C	G	0.612065	0.9834	3.35664	6.7E-02	-0.00975962	0.00580932	2.82237	9.3E-02	2.76109	9.7E-02
rs4704726	5	156354477	1.66272	G	A	0.636458	0.987029	37.6048	8.7E-10	-0.0359426	0.00585611	37.6703	8.4E-10	39.475	3.3E-10
rs12652322	5	171822666	1.88951	C	T	0.705252	0.99822	2.07226	1.5E-01	-0.00888745	0.00618238	2.06654	1.5E-01	1.5455	2.1E-01
rs2053681	5	172746086	1.91113	A	G	0.485601	0.912476	1.21094	2.7E-01	-0.00636455	0.00590698	1.16093	2.8E-01	1.62032	2.0E-01
rs10035782	5	173270328	1.92939	A	G	0.600665	0.984103	2.25838	1.3E-01	0.00871644	0.00578991	2.26639	1.3E-01	2.75443	9.7E-02
rs11963955	6	6631996	0.178791	A	G	0.637527	0.976944	3.2845	7.0E-02	-0.0109001	0.00592876	3.38011	6.6E-02	3.01201	8.3E-02
rs201061	6	6730512	0.181115	G	A	0.455616	0.976616	0.0315002	8.6E-01	-0.00061714	0.00570496	0.0117021	9.1E-01	0.000125199	9.9E-01
rs1334576	6	7211818	0.195986	G	A	0.5774	1	0.0202343	8.9E-01	0.000751038	0.00570733	0.0173164	9.0E-01	0.000973701	9.8E-01
rs9382988	6	14595010	0.314722	C	A	0.204362	0.998886	0.0343167	8.5E-01	0.000885294	0.00700082	0.0159911	9.0E-01	0.00963247	9.2E-01
rs4710940	6	20658012	0.410434	A	C	0.647018	0.999463	0.000610731	9.8E-01	0.000174504	0.00590189	0.000874233	9.8E-01	0.00921237	9.2E-01
rs3129830	6	30248711	0.50553	G	A	0.868546	0.999908	1.55702	2.1E-01	0.00900969	0.00829765	1.17899	2.8E-01	1.52408	2.2E-01
rs7772131	6	30795171	0.50714	A	C	0.988571	1	1.30695	2.5E-01	-0.0314536	0.0264787	1.41106	2.3E-01	1.35638	2.4E-01
rs6919908	6	31244960	0.511805	T	C	0.193909	0.999901	2.86396	9.1E-02	-0.012412	0.00713787	3.02378	8.2E-02	3.27223	7.0E-02
rs181133225	6	32454764	0.520293	T	C	0.893444	0.778953	1.15084	2.8E-01	0.0100395	0.0102744	0.954802	3.3E-01	0.39077	5.3E-01
rs117108573	6	32489679	0.520303	C	T	0.921405	0.866866	0.94626	3.3E-01	0.0104449	0.011166	0.875006	3.5E-01	0.253047	6.1E-01
rs575662827	6	32543874	0.520325	T	C	0.899303	0.833996	1.99288	1.6E-01	0.013684	0.0101922	1.80255	1.8E-01	0.806705	3.7E-01
rs114760566	6	34192036	0.545788	C	A	0.954268	0.993831	1.82283	1.8E-01	-0.0189418	0.0135023	1.96801	1.6E-01	2.32296	1.3E-01
rs1574430	6	43269029	0.669727	A	C	0.391321	0.999399	0.340319	5.6E-01	0.00290975	0.00576644	0.254622	6.1E-01	0.277572	6.0E-01
rs9381248	6	43734606	0.675407	C	T	0.87836	0.993046	0.534862	4.6E-01	-0.00537751	0.00864545	0.38689	5.3E-01	0.372239	5.4E-01
rs35349911	6	43785255	0.678849	C	T	0.409597	0.97009	1.50835	2.2E-01	-0.00768001	0.0058215	1.74042	1.9E-01	1.78964	1.8E-01
rs72902769	6	80719576	0.920488	C	G	0.966636	0.999182	0.120286	7.3E-01	-0.00435487	0.0156986	0.0769533	7.8E-01	0.0076009	9.3E-01
rs62406467	6	81114126	0.921634	G	T	0.849349	0.952286	0.235258	6.3E-01	0.00417797	0.00806139	0.268603	6.0E-01	0.0866738	7.7E-01
rs6924944	6	100597579	1.0811	A	T	0.245827	0.981159	2.98838	8.4E-02	0.0121436	0.00661549	3.36954	6.6E-02	2.85418	9.1E-02
rs2806373	6	109222017	1.18299	G	A	0.239664	0.998945	0.236323	6.3E-01	-0.00279511	0.00658874	0.179968	6.7E-01	0.326106	5.7E-01
rs72969772	6	126187585	1.32503	A	G	0.980332	1	0.982387	3.2E-01	-0.0202093	0.020328	0.98836	3.2E-01	0.624282	4.3E-01
rs9986505	6	126445558	1.32603	A	G	0.6761	0.991308	2.22621	1.4E-01	0.00878899	0.00603899	2.11812	1.5E-01	2.13336	1.4E-01
rs74949497	6	126812007	1.32699	A	C	0.97518	1	0.803981	3.7E-01	-0.0183174	0.0181947	1.01353	3.1E-01	1.01878	3.1E-01
rs139242696	6	127414440	1.32797	T	C	0.974907	0.948341	0.220217	6.4E-01	-0.00457155	0.0184421	0.0614476	8.0E-01	0.12281	7.3E-01
rs9385864	6	139805476	1.50274	C	T	0.6907	0.988333	7.21554	7.2E-03	-0.0165799	0.00613515	7.30321	6.9E-03	7.0111	8.1E-03
rs12205386	6	139837171	1.50318	C	A	0.643666	0.9992	4.77801	2.9E-02	0.0121377	0.0058828	4.25705	3.9E-02	4.80937	2.8E-02
rs11756568	6	152042413	1.64245	A	T	0.724877	0.999168	5.20691	2.2E-02	-0.0126631	0.00631295	4.02364	4.5E-02	4.35082	3.7E-02
rs998075	6	160468278	1.77084	A	G	0.53429	0.994008	46.4101	9.6E-12	0.0386247	0.00567189	46.3739	9.8E-12	46.9737	7.2E-12
rs9459839	6	167431829	1.92196	T	C	0.531185	0.998188	0.3764	5.4E-01	-0.00331655	0.00562301	0.347884	5.6E-01	0.123174	7.3E-01
rs2214440	7	20372191	0.358281	A	G	0.667686	0.991786	0.911776	3.4E-01	0.00712532	0.00600306	1.40884	2.4E-01	2.29042	1.3E-01
rs111683990	7	25729528	0.437229	C	G	0.955515	0.987881	0.240706	6.2E-01	-0.00718219	0.0137606	0.272421	6.0E-01	0.499507	4.8E-01
rs2040786	7	26208736	0.442609	G	A	0.529361	1	1.62739	2.0E-01	0.00688021	0.0056373	1.48957	2.2E-01	1.5361	2.2E-01
rs17428025	7	27251396	0.453724	C	T	0.971743	0.967404	0.332256	5.6E-01	0.00883616	0.0172635	0.261982	6.1E-01	0.231834	6.3E-01
rs849140	7	28183702	0.463008	T	C	0.410278	1	3.9572	4.7E-02	-0.0117145	0.00575251	4.147	4.2E-02	5.42874	2.0E-02
rs17172095	7	42665355	0.680121	A	G	0.679343	0.995026	9.47236e-05	9.9E-01	0.00039085	0.00604132	0.00418559	9.5E-01	0.0201399	8.9E-01
rs2072183	7	44579180	0.698676	G	C	0.775748	1	39.2324	3.8E-10	-0.0424501	0.00673197	39.7625	2.9E-10	42.217	8.2E-11
rs71556711	7	72854549	0.899611	C	T	0.908397	1	1.47339	2.2E-01	0.0102068	0.00974276	1.09753	2.9E-01	0.938018	3.3E-01
rs7780317	7	72867852	0.899612	C	T	0.92793	0.985744	0.0553809	8.1E-01	0.00348838	0.0109271	0.101914	7.5E-01	0.111766	7.4E-01
rs57487833	7	77115793	0.936393	G	A	0.723097	0.985735	1.88123	1.7E-01	-0.00809006	0.00633186	1.63245	2.0E-01	1.5197	2.2E-01
rs76306613	7	106235348	1.22452	G	T	0.855998	0.98895	1.7059	1.9E-01	-0.0100118	0.00806411	1.5414	2.1E-01	1.78471	1.8E-01
rs2237687	7	107585473	1.24369	C	T	0.472386	0.966594	0.619544	4.3E-01	-0.00487816	0.00572758	0.725386	3.9E-01	0.728719	3.9E-01
rs38902	7	116889718	1.32093	G	A	0.474719	0.992845	2.97265	8.5E-02	-0.0098957	0.00565236	3.06502	8.0E-02	2.77976	9.5E-02
rs12154627	7	130422934	1.4017	T	C	0.506907	0.97487	7.39044	6.6E-03	0.0146385	0.00568946	6.61986	1.0E-02	6.51312	1.1E-02
rs7808446	7	150214465	1.67249	T	G	0.235469	0.993612	0.0383767	8.4E-01	0.00190285	0.00665301	0.0818039	7.7E-01	0.176657	6.7E-01
rs7014168	8	10641965	0.266242	G	A	0.776722	0.996719	0.24901	6.2E-01	0.00300114	0.00677505	0.196222	6.6E-01	0.29416	5.9E-01
rs4474021	8	12632903	0.332387	G	T	0.680802	1	0.294096	5.9E-01	-0.00315316	0.0060274	0.273673	6.0E-01	0.184544	6.7E-01
rs7844736	8	23551671	0.545238	A	G	0.828827	1	0.447789	5.0E-01	-0.00473683	0.00748431	0.400564	5.3E-01	0.127595	7.2E-01
rs310289	8	23610756	0.545792	C	T	0.760888	0.994537	5.34953	2.1E-02	0.014654	0.00662756	4.88882	2.7E-02	4.50006	3.4E-02
rs11992444	8	25464690	0.565812	G	T	0.49058	1	3.94563	4.7E-02	-0.00994091	0.00561751	3.13159	7.7E-02	3.0434	8.1E-02
rs7815496	8	38321607	0.69461	C	T	0.597431	0.996532	4.31811	3.8E-02	-0.0125491	0.00573565	4.78698	2.9E-02	3.89431	4.8E-02
rs12543555	8	69562014	0.90375	A	G	0.792127	0.98465	0.825077	3.6E-01	-0.00716808	0.00697147	1.0572	3.0E-01	1.43724	2.3E-01
rs28568866	8	72353630	0.949663	G	A	0.969859	0.939217	0.0238237	8.8E-01	-0.00434462	0.0170019	0.0652992	8.0E-01	0.101971	7.5E-01
rs146492163	8	72386394	0.950025	G	T	0.96946	0.960969	0.231286	6.3E-01	-0.00945147	0.016715	0.319732	5.7E-01	0.204896	6.5E-01
rs1895674	8	72443246	0.950276	T	G	0.946831	0.990629	0.0953038	7.6E-01	-0.00505388	0.0125677	0.161709	6.9E-01	0.252146	6.2E-01
rs4147332	8	89280863	1.08332	G	C	0.323111	0.995784	6.99553	8.2E-03	0.0157425	0.00602468	6.82775	9.0E-03	6.60799	1.0E-02
rs144435165	8	126419938	1.45107	G	C	0.944194	0.785853	8.9866	2.7E-03	-0.0459047	0.0138105	11.0483	8.9E-04	10.6206	1.1E-03
rs2954018	8	126477153	1.45319	C	T	0.298303	0.998357	28.8161	8.0E-08	0.0331142	0.00615683	28.9277	7.5E-08	30.0773	4.2E-08
rs6991761	8	128274518	1.48941	C	T	0.844226	0.993607	0.0718864	7.9E-01	-0.00286403	0.00777162	0.13581	7.1E-01	0.22054	6.4E-01
rs2467030	8	135665361	1.60637	A	G	0.339711	0.997044	0.341251	5.6E-01	0.00240958	0.00596673	0.163084	6.9E-01	0.123849	7.2E-01
rs12340775	9	13226945	0.282033	G	A	0.944664	0.940298	2.30412	1.3E-01	0.0207106	0.012677	2.66903	1.0E-01	3.18457	7.4E-02
rs73650963	9	93943033	1.11642	T	C	0.892489	0.990174	0.0794317	7.8E-01	-0.00187575	0.00908952	0.0425862	8.4E-01	0.0258305	8.7E-01
rs2131919	9	95283887	1.12689	A	G	0.83667	0.999136	1.20537	2.7E-01	-0.00814168	0.00763791	1.13626	2.9E-01	1.68506	1.9E-01
rs1572136	9	101740604	1.18729	G	C	0.724977	0.989514	4.9529	2.6E-02	0.0142713	0.00634484	5.05923	2.4E-02	5.69169	1.7E-02
rs12686004	9	107653426	1.24316	G	A	0.884341	1	3.88368	4.9E-02	0.0181805	0.00879747	4.27064	3.9E-02	4.94287	2.6E-02
rs10991414	9	107685589	1.24582	T	C	0.861068	0.989408	0.0449622	8.3E-01	-0.00154148	0.00820104	0.0353296	8.5E-01	0.156757	6.9E-01
rs111479443	9	107874316	1.24936	T	G	0.963776	0.9746	5.57115	1.8E-02	0.0370682	0.0152688	5.89379	1.5E-02	5.31024	2.1E-02
rs7048735	9	112529695	1.31375	A	G	0.239526	0.976202	0.556144	4.6E-01	0.00387363	0.00667153	0.337121	5.6E-01	0.377197	5.4E-01
rs1002607	9	113858933	1.33848	T	C	0.40707	0.988428	0.749284	3.9E-01	-0.00520981	0.00577249	0.814548	3.7E-01	1.07175	3.0E-01
rs13298297	9	119264108	1.4204	G	A	0.769275	0.989359	1.8002	1.8E-01	-0.00858374	0.00673732	1.62323	2.0E-01	1.50224	2.2E-01
rs6478851	9	131561110	1.55426	G	A	0.758733	1	1.01398	3.1E-01	-0.00659529	0.00659217	1.00095	3.2E-01	1.42605	2.3E-01
rs687621	9	136137065	1.66206	A	G	0.681622	1	44.7628	2.2E-11	-0.039891	0.0060422	43.5871	4.1E-11	43.7498	3.7E-11
rs60980157	9	139235415	1.78278	C	T	0.757489	0.966704	0.205742	6.5E-01	-0.00216678	0.00665985	0.105853	7.4E-01	0.135876	7.1E-01
rs7072195	10	3540748	0.0738836	T	C	0.417524	0.993244	0.317035	5.7E-01	-0.00234678	0.00572874	0.167813	6.8E-01	0.465148	5.0E-01
rs11592754	10	32619572	0.605452	A	C	0.856559	0.998356	0.386195	5.3E-01	0.00407862	0.00802977	0.258001	6.1E-01	0.461409	5.0E-01
rs2247396	10	33489192	0.60946	G	A	0.603662	0.99818	1.10446	2.9E-01	0.00550163	0.00573811	0.919275	3.4E-01	1.00376	3.2E-01
rs4341488	10	60452745	0.822202	G	A	0.188405	0.998867	0.0517335	8.2E-01	-0.00149231	0.0071945	0.0430248	8.4E-01	0.12192	7.3E-01
rs17287962	10	63770969	0.858439	A	G	0.970068	0.979005	0.121817	7.3E-01	-0.0057732	0.0166864	0.119704	7.3E-01	0.116652	7.3E-01
rs10762666	10	77157489	1.00522	A	G	0.241989	0.984822	3.32173	6.8E-02	-0.0126001	0.00659534	3.64983	5.6E-02	2.53173	1.1E-01
rs10887758	10	89603315	1.15934	T	C	0.784607	0.990793	0.00913361	9.2E-01	-0.0021341	0.00689152	0.0958954	7.6E-01	0.0622569	8.0E-01
rs141490680	10	95280981	1.22085	G	A	0.866803	0.998279	0.0043395	9.5E-01	0.000225185	0.00827883	0.000739847	9.8E-01	0.00689566	9.3E-01
rs7342070	10	104223628	1.30538	T	C	0.455127	1	1.15336	2.8E-01	0.00600683	0.00564789	1.13114	2.9E-01	1.51627	2.2E-01
rs7917983	10	114732882	1.3977	T	C	0.532013	1	0.125531	7.2E-01	0.00166211	0.00564313	0.0867525	7.7E-01	0.236577	6.3E-01
rs242956	10	119297479	1.46386	C	T	0.362576	0.990585	1.15497	2.8E-01	0.00582709	0.00586889	0.985807	3.2E-01	1.09459	3.0E-01
rs7104929	11	784340	0.0108006	C	G	0.530558	0.997422	0.289899	5.9E-01	0.00374833	0.00565994	0.438582	5.1E-01	0.586437	4.4E-01
rs7932891	11	10921512	0.210707	A	G	0.294517	0.99931	0.67197	4.1E-01	-0.00397432	0.00616835	0.415132	5.2E-01	1.3	2.5E-01
rs11607537	11	14224166	0.277204	C	T	0.941072	0.981717	0.206208	6.5E-01	0.00598624	0.0120682	0.246051	6.2E-01	0.443202	5.1E-01
rs79634051	11	14561945	0.278112	G	C	0.97174	1	0.602196	4.4E-01	0.0127659	0.0169265	0.568814	4.5E-01	0.42563	5.1E-01
rs3114693	11	26127790	0.452397	A	T	0.617593	0.997848	0.42249	5.2E-01	0.00372315	0.00579771	0.41239	5.2E-01	0.46192	5.0E-01
rs56386213	11	36291554	0.562467	A	G	0.595018	1	0.155841	6.9E-01	-0.00185996	0.00569989	0.106481	7.4E-01	0.151057	7.0E-01
rs174528	11	61543499	0.703973	T	C	0.623454	0.995598	53.6067	2.4E-13	0.0420539	0.00582202	52.1752	5.1E-13	59.5699	1.2E-14
rs4297487	11	69229628	0.763225	A	G	0.324796	0.994186	0.000833613	9.8E-01	0.000168432	0.00602574	0.000781316	9.8E-01	0.163707	6.9E-01
rs28690953	11	111384426	1.18701	T	G	0.852988	1	1.59417	2.1E-01	-0.0109069	0.0079533	1.88065	1.7E-01	1.84727	1.7E-01
rs513533	11	116519358	1.25951	A	G	0.895505	0.969744	38.4101	5.7E-10	-0.0580738	0.00932191	38.8106	4.7E-10	43.3935	4.5E-11
rs12804228	11	126260684	1.42442	A	G	0.914785	0.983631	39.2188	3.8E-10	-0.0658169	0.0101623	41.9464	9.4E-11	39.4181	3.4E-10
rs747249	11	130271647	1.49781	A	G	0.360849	0.986641	2.36736	1.2E-01	-0.00934088	0.00590368	2.50339	1.1E-01	3.81137	5.1E-02
rs11045172	12	20470221	0.37098	A	C	0.802205	0.989276	0.493401	4.8E-01	0.00560579	0.00710248	0.622949	4.3E-01	0.512997	4.7E-01
rs7977928	12	26265632	0.457285	G	A	0.408615	1	0.052621	8.2E-01	-0.00191803	0.00571238	0.11274	7.4E-01	0.228524	6.3E-01
rs2343874	12	26409450	0.459085	G	A	0.53283	0.98214	1.66131	2.0E-01	0.00831944	0.00568587	2.14089	1.4E-01	2.20147	1.4E-01
rs16931815	12	27427917	0.469712	A	G	0.872673	0.996695	1.44899	2.3E-01	-0.00900971	0.00847275	1.13077	2.9E-01	1.51646	2.2E-01
rs7310959	12	45968598	0.59006	G	A	0.897555	1	1.40975	2.4E-01	-0.0111837	0.00929936	1.44633	2.3E-01	1.85941	1.7E-01
rs75824359	12	54320490	0.68262	A	G	0.970266	0.973341	0.00387054	9.5E-01	-0.0012924	0.016787	0.00592717	9.4E-01	0.00189297	9.7E-01
rs10878362	12	66417493	0.793832	C	A	0.687723	0.991565	1.23066	2.7E-01	-0.00751779	0.00608283	1.52746	2.2E-01	1.28125	2.6E-01
rs10745659	12	94092690	1.0816	C	G	0.553308	0.994516	0.0358148	8.5E-01	-0.00120773	0.00569409	0.0449875	8.3E-01	0.2194	6.4E-01
rs10778495	12	106991545	1.2616	A	G	0.720919	0.990603	3.31546	6.9E-02	-0.0107149	0.00628012	2.91099	8.8E-02	1.6589	2.0E-01
rs148608463	12	121413027	1.45395	G	A	0.646603	0.995407	32.9091	9.7E-09	-0.0331564	0.00591029	31.4716	2.0E-08	32.2586	1.3E-08
rs12366339	12	122854616	1.46723	G	A	0.9894	0.907552	1.15133	2.8E-01	-0.0335562	0.0288849	1.3496	2.5E-01	1.28497	2.6E-01
rs116950578	12	123188577	1.46982	C	T	0.967055	1	0.940052	3.3E-01	0.0165107	0.0157326	1.10136	2.9E-01	0.601965	4.4E-01
rs140689322	12	123375732	1.4703	G	A	0.973654	0.966101	1.81197	1.8E-01	-0.0224463	0.0178696	1.57783	2.1E-01	1.81835	1.8E-01
rs7993238	13	22473593	0.0544542	A	C	0.631395	0.976757	0.648887	4.2E-01	0.00503808	0.00591334	0.725878	3.9E-01	0.814022	3.7E-01
rs10507524	13	44684600	0.468128	T	C	0.907237	0.994143	0.587906	4.4E-01	-0.00712503	0.00975797	0.533157	4.7E-01	0.545674	4.6E-01
rs12872335	13	50442235	0.536587	G	A	0.792188	0.994746	1.51699	2.2E-01	-0.00832313	0.00696108	1.42962	2.3E-01	1.15017	2.8E-01
rs61964388	13	51061980	0.539297	G	A	0.904117	0.961186	2.31771	1.3E-01	-0.0167554	0.00973845	2.96028	8.5E-02	2.50121	1.1E-01
rs627527	13	110915135	1.21483	G	A	0.418925	0.983958	1.44301	2.3E-01	0.00668746	0.00574744	1.35386	2.4E-01	0.939678	3.3E-01
rs1057119	14	23746269	0.116581	C	G	0.76153	1	1.42299	2.3E-01	0.00764745	0.00658137	1.35021	2.5E-01	1.34405	2.5E-01
rs140664623	14	52321987	0.459221	G	T	0.976323	0.975931	0.10004	7.5E-01	0.0071992	0.0186746	0.148617	7.0E-01	0.0400123	8.4E-01
rs2145600	14	58750902	0.537897	C	G	0.237608	0.992449	0.00262412	9.6E-01	-0.000449402	0.00662635	0.00459962	9.5E-01	0.000526763	9.8E-01
rs6575165	14	91352234	0.881721	G	A	0.76556	0.994744	0.184282	6.7E-01	0.00372567	0.0066503	0.313854	5.8E-01	0.330079	5.7E-01
rs10130936	14	98342676	1.02712	C	T	0.37676	0.985923	2.57138	1.1E-01	0.00960829	0.00585503	2.69298	1.0E-01	2.19805	1.4E-01
rs4779523	15	31679470	0.452779	T	A	0.728098	0.995337	0.0814183	7.8E-01	-0.00247021	0.00635669	0.15101	7.0E-01	0.217949	6.4E-01
rs28647196	15	40833379	0.629227	C	T	0.564205	0.997093	0.21538	6.4E-01	-0.00374675	0.00569785	0.432401	5.1E-01	0.118389	7.3E-01
rs11630710	15	56364758	0.756318	G	T	0.893172	0.979091	0.350742	5.5E-01	-0.00467448	0.0092378	0.256053	6.1E-01	0.246149	6.2E-01
rs17184382	15	63792486	0.876626	A	C	0.574619	1	0.550588	4.6E-01	0.00501505	0.00569662	0.775026	3.8E-01	0.586788	4.4E-01
rs2165241	15	74222202	0.994735	T	C	0.491224	0.994517	2.36853	1.2E-01	-0.00914086	0.00562681	2.63906	1.0E-01	1.36867	2.4E-01
rs12905116	15	79042734	1.02295	T	A	0.242831	0.998559	0.516073	4.7E-01	-0.00434723	0.00654168	0.441618	5.1E-01	0.465304	5.0E-01
rs2401948	16	1340854	0.0338191	G	C	0.470436	0.984992	0.1567	6.9E-01	-0.00206555	0.00567846	0.132316	7.2E-01	0.30805	5.8E-01
rs3747577	16	4415696	0.082586	C	G	0.259467	0.988145	0.0112129	9.2E-01	0.00109215	0.00646231	0.0285617	8.7E-01	1.46634e-05	1.0E+00
rs6498114	16	10964118	0.259065	G	T	0.240585	0.980902	0.0196601	8.9E-01	-0.00104157	0.00665148	0.0245209	8.8E-01	0.0488609	8.3E-01
rs2192868	16	53428284	0.643286	G	A	0.551203	0.983829	1.42638	2.3E-01	-0.00686778	0.00571019	1.44655	2.3E-01	1.5265	2.2E-01
rs9938160	16	56984590	0.729847	T	C	0.69243	0.921023	34.6954	3.9E-09	0.0379341	0.00635118	35.6739	2.3E-09	36.9858	1.2E-09
rs116975210	16	67058614	0.849502	T	G	0.960603	0.993544	0.157342	6.9E-01	-0.00628055	0.0145109	0.18733	6.7E-01	0.22886	6.3E-01
rs2056876	16	78864296	0.975993	T	G	0.815684	0.95437	3.85094	5.0E-02	0.0142762	0.00741383	3.70802	5.4E-02	3.14513	7.6E-02
rs9926618	16	81484570	1.04509	T	A	0.39429	0.97289	1.63711	2.0E-01	0.00729291	0.00583666	1.56125	2.1E-01	1.42382	2.3E-01
rs66710707	16	81528621	1.0457	A	G	0.719577	0.992374	0.033584	8.5E-01	0.00135996	0.00628605	0.0468055	8.3E-01	0.0524062	8.2E-01
rs116911572	17	943593	0.0364958	T	C	0.982069	1	1.26729	2.6E-01	-0.0235707	0.0212404	1.23146	2.7E-01	1.42669	2.3E-01
rs4151120	17	7342148	0.196018	T	A	0.629178	0.991461	4.90539	2.7E-02	0.0130338	0.0058533	4.9584	2.6E-02	5.04366	2.5E-02
rs1561	17	8263334	0.209036	C	T	0.928268	0.930811	1.59185	2.1E-01	-0.0139498	0.0112837	1.5284	2.2E-01	1.58569	2.1E-01
rs1242488	17	17347995	0.443205	C	A	0.250473	0.994678	1.0998	2.9E-01	-0.00659262	0.00649575	1.03005	3.1E-01	1.09331	3.0E-01
rs897456	17	17422608	0.444631	A	G	0.942018	1	1.80185	1.8E-01	-0.0179967	0.0120586	2.22738	1.4E-01	2.38529	1.2E-01
rs11651639	17	27672320	0.49569	A	T	0.483934	0.999433	0.123981	7.2E-01	-0.00194668	0.00562909	0.119595	7.3E-01	0.225585	6.3E-01
rs55883500	17	40395267	0.664304	T	G	0.691334	0.998762	0.36818	5.4E-01	-0.00415803	0.00609055	0.466083	4.9E-01	0.40479	5.2E-01
rs2242461	17	40861424	0.665935	G	A	0.405713	1	0.0563454	8.1E-01	-0.00118408	0.00572901	0.042717	8.4E-01	0.176534	6.7E-01
rs62053943	17	43744203	0.688226	C	T	0.845555	0.975028	3.73475	5.3E-02	-0.0139406	0.00789969	3.11417	7.8E-02	2.71872	9.9E-02
rs6504972	17	53601168	0.790946	G	A	0.654059	0.990391	0.596741	4.4E-01	-0.00477234	0.005965	0.64009	4.2E-01	0.62481	4.3E-01
rs9892365	17	59491384	0.871045	A	G	0.330387	0.996856	0.212502	6.4E-01	0.00394269	0.00599105	0.433091	5.1E-01	0.585849	4.4E-01
rs146385050	17	60637258	0.881108	C	A	0.819308	0.982238	2.68919	1.0E-01	0.0122286	0.00737232	2.75135	9.7E-02	2.50992	1.1E-01
rs1966327	17	67570113	0.971768	A	G	0.320402	0.997202	1.05916	3.0E-01	-0.00523878	0.00603175	0.754351	3.9E-01	0.582978	4.5E-01
rs9896666	17	68226321	0.98162	C	T	0.675868	0.994992	0.283986	5.9E-01	0.00323189	0.0060213	0.288093	5.9E-01	0.485612	4.9E-01
rs3810068	18	2846499	0.0738566	T	C	0.595452	1	4.06742	4.4E-02	0.00958194	0.00571991	2.80627	9.4E-02	3.34072	6.8E-02
rs4800451	18	20716805	0.429195	C	T	0.259966	0.984274	0.240358	6.2E-01	-0.00389946	0.00647703	0.362458	5.5E-01	0.386001	5.3E-01
rs1026186	18	42741410	0.625015	G	A	0.64681	0.995626	2.4478	1.2E-01	0.00870478	0.00590051	2.17639	1.4E-01	2.27153	1.3E-01
rs8086644	18	60788559	0.864537	G	A	0.834201	0.988925	0.0176708	8.9E-01	-0.00120883	0.00759955	0.0253022	8.7E-01	0.0282075	8.7E-01
rs12979965	19	2131148	0.0753026	A	G	0.499935	0.991113	0.124603	7.2E-01	0.00348018	0.00564034	0.380709	5.4E-01	0.519604	4.7E-01
rs10421685	19	4488926	0.151356	G	A	0.311293	0.998169	7.7209	5.5E-03	0.0156365	0.0060804	6.61322	1.0E-02	5.80438	1.6E-02
rs10421685	19	4488926	0.151356	G	C	0.973386	0.548756	1.25931	2.6E-01	-0.0288241	0.0235538	1.49758	2.2E-01	1.52101	2.2E-01
rs79915079	19	11229066	0.319635	G	A	0.973807	0.995135	33.0949	8.8E-09	0.1033	0.0176328	34.3205	4.7E-09	35.4145	2.7E-09
rs35555265	19	17152232	0.420672	C	T	0.803227	0.993265	0.839443	3.6E-01	0.00723059	0.00708117	1.04265	3.1E-01	0.900898	3.4E-01
rs1423056	19	33780444	0.560699	G	A	0.681795	0.903762	0.231511	6.3E-01	0.00276592	0.00635602	0.189369	6.6E-01	0.0417667	8.4E-01
rs113504807	19	33787954	0.561506	C	T	0.951238	0.934153	0.881902	3.5E-01	-0.0137712	0.0134741	1.04459	3.1E-01	0.917742	3.4E-01
rs11672697	19	33876955	0.562267	C	T	0.494053	0.99299	1.50032	2.2E-01	0.00743757	0.00564474	1.7361	1.9E-01	1.58665	2.1E-01
rs62115478	19	44543760	0.688013	A	G	0.971162	0.945735	31.9613	1.6E-08	0.0993143	0.0173277	32.8506	1.0E-08	37.0233	1.2E-09
rs74747585	19	45039971	0.694152	T	C	0.974322	0.945812	43.8666	3.5E-11	0.120961	0.0182016	44.1643	3.0E-11	44.1706	3.0E-11
rs112027066	19	45129089	0.697512	C	T	0.981171	0.962142	27.9331	1.3E-07	0.116502	0.0209998	30.778	2.9E-08	27.5961	1.5E-07
rs73048351	19	45160086	0.697689	C	A	0.989712	0.91554	42.4256	7.3E-11	0.198524	0.0291862	46.2668	1.0E-11	46.6492	8.5E-12
rs139326841	19	45269725	0.701551	T	C	0.978636	0.821408	46.4763	9.3E-12	-0.144365	0.0213879	45.5605	1.5E-11	44.3272	2.8E-11
rs2075649	19	45395330	0.707004	A	G	0.611354	0.998574	101.13	8.6E-24	-0.0573511	0.00578256	98.3657	3.5E-23	100.942	9.5E-24
rs201269048	19	45574113	0.710921	T	G	0.948897	0.903577	37.441	9.4E-10	0.0847137	0.0134133	39.8876	2.7E-10	41.2864	1.3E-10
rs2864436	19	55986637	0.996315	T	C	0.754674	1	0.0493066	8.2E-01	0.00141337	0.0065131	0.047091	8.3E-01	0.133181	7.2E-01
rs151235402	20	569164	0.0196907	C	T	0.984757	0.956324	0.22581	6.3E-01	0.0122543	0.0236196	0.26917	6.0E-01	0.393817	5.3E-01
rs805769	20	5667459	0.191037	T	C	0.595306	0.99253	0.0173162	9.0E-01	-0.000529044	0.00575516	0.00845026	9.3E-01	0.0551446	8.1E-01
rs6117303	20	6487687	0.213838	T	C	0.34849	0.989053	3.4729	6.2E-02	0.0123131	0.00593292	4.30725	3.8E-02	4.46626	3.5E-02
rs146411982	20	38985760	0.586515	A	G	0.97517	0.885893	20.9046	4.8E-06	-0.0898232	0.01918	21.932	2.8E-06	20.8537	5.0E-06
rs1997833	20	39690342	0.597551	T	C	0.700507	0.998963	10.4	1.3E-03	-0.0200004	0.00612183	10.6737	1.1E-03	12.2772	4.6E-04
rs11699991	20	45489407	0.689702	T	A	0.670387	0.988835	0.697732	4.0E-01	0.00713032	0.00601265	1.40633	2.4E-01	2.064	1.5E-01
rs6068280	20	51235613	0.791961	A	G	0.324841	0.992237	0.356075	5.5E-01	0.00395062	0.00599882	0.433711	5.1E-01	0.542702	4.6E-01
rs6013572	20	51553621	0.798111	T	C	0.936054	1	0.0297146	8.6E-01	0.000558251	0.0115617	0.0023314	9.6E-01	0.00253899	9.6E-01
rs1936966	20	51691779	0.801626	C	T	0.672454	0.982215	0.983481	3.2E-01	-0.00657581	0.00608458	1.16798	2.8E-01	0.818413	3.7E-01
rs2105063	20	62690683	1.09651	C	T	0.438811	1	2.29374	1.3E-01	0.00862585	0.00567831	2.30763	1.3E-01	1.84964	1.7E-01
rs4998557	21	33034892	0.322704	G	A	0.887631	0.995909	1.88275	1.7E-01	-0.0101128	0.00893917	1.27982	2.6E-01	1.24453	2.6E-01
rs2836139	21	39451403	0.432375	A	G	0.514897	0.9942	1.36093	2.4E-01	0.00595737	0.00567023	1.10384	2.9E-01	0.994721	3.2E-01
rs2330396	21	47524380	0.643685	A	C	0.492654	0.996498	6.3253	1.2E-02	-0.0138697	0.00562117	6.08809	1.4E-02	5.22233	2.2E-02
rs2236142	22	29137944	0.338659	G	C	0.32476	0.994367	0.362372	5.5E-01	-0.00393129	0.00601714	0.426864	5.1E-01	0.555463	4.6E-01
rs5997898	22	31572963	0.355537	A	C	0.421356	0.998342	0.255296	6.1E-01	-0.00284059	0.00570445	0.247965	6.2E-01	0.20241	6.5E-01
