SNP	CHR	BP	GENPOS	ALLELE1	ALLELE0	A1FREQ	INFO	CHISQ_LINREG	P_LINREG	BETA	SE	CHISQ_BOLT_LMM_INF	P_BOLT_LMM_INF	CHISQ_BOLT_LMM	P_BOLT_LMM
rs10909862	1	2936815	0.0400559	G	A	0.1928	0.987988	6.29063	1.2E-02	0.0172843	0.00716584	5.81795	1.6E-02	5.31191	2.1E-02
rs1294014	1	9325676	0.18921	C	T	0.732088	0.974098	6.15638	1.3E-02	-0.0164165	0.00644193	6.49422	1.1E-02	6.87619	8.7E-03
rs10753554	1	23619009	0.461644	T	C	0.260317	0.989627	3.72984	5.3E-02	-0.0130166	0.00643573	4.09072	4.3E-02	3.87827	4.9E-02
rs12117661	1	55487346	0.808955	C	G	0.755046	0.987273	58.8748	1.7E-14	0.0518733	0.00658991	61.9624	3.5E-15	62.0995	3.3E-15
rs624698	1	62900811	0.92277	A	G	0.58261	0.969721	91.388	1.2E-21	0.0562636	0.00577585	94.8903	2.0E-22	104.007	2.0E-24
rs10889551	1	65906137	0.967654	A	G	0.326867	0.995997	0.617893	4.3E-01	0.00407707	0.00600929	0.46031	5.0E-01	1.06569	3.0E-01
rs71658797	1	77967507	1.07336	T	A	0.879141	0.99054	2.62735	1.1E-01	0.0133688	0.00864142	2.3934	1.2E-01	1.43315	2.3E-01
rs1415361	1	103562263	1.33102	C	T	0.402104	0.995554	1.45921	2.3E-01	-0.00609846	0.00574352	1.12741	2.9E-01	1.30789	2.5E-01
rs116679284	1	119014845	1.50751	C	T	0.963654	0.948411	0.261856	6.1E-01	-0.00673094	0.0154265	0.190378	6.6E-01	0.201028	6.5E-01
rs1766783	1	119434896	1.50931	A	C	0.181268	0.981355	0.0980187	7.5E-01	-0.00153618	0.00735184	0.0436607	8.3E-01	0.129301	7.2E-01
rs3738479	1	150997842	1.65945	T	A	0.765906	0.995486	3.85645	5.0E-02	-0.0133898	0.00665263	4.051	4.4E-02	3.45203	6.3E-02
rs79810698	1	154836444	1.69767	C	A	0.95565	1	1.88249	1.7E-01	0.0168337	0.0136487	1.52117	2.2E-01	1.29529	2.6E-01
rs10494421	1	164738727	1.83743	C	T	0.880829	1	0.188302	6.6E-01	-0.00364	0.00867204	0.176182	6.7E-01	0.00873978	9.3E-01
rs3121911	1	170212480	1.91705	G	A	0.744389	0.993907	1.01387	3.1E-01	0.0055531	0.00642494	0.747022	3.9E-01	0.704627	4.0E-01
rs17346300	1	170510459	1.91857	C	T	0.950626	1	0.255542	6.1E-01	-0.00443153	0.0129968	0.116262	7.3E-01	0.020898	8.9E-01
rs6697844	1	172308238	1.93873	C	T	0.56798	0.996349	1.53189	2.2E-01	-0.00775127	0.00565604	1.87811	1.7E-01	2.14369	1.4E-01
rs10922075	1	196467248	2.1432	G	A	0.687963	0.997066	3.81495	5.1E-02	0.0117208	0.00606586	3.73364	5.3E-02	4.13075	4.2E-02
rs13303121	1	203503267	2.22276	C	G	0.607356	0.947347	1.20482	2.7E-01	0.00615579	0.00589259	1.09133	3.0E-01	0.795742	3.7E-01
rs4951159	1	205012106	2.25304	G	C	0.0908836	0.967	1.00248	3.2E-01	-0.00971285	0.00993785	0.95523	3.3E-01	0.703857	4.0E-01
rs61821643	1	219268532	2.43532	T	C	0.974378	0.889659	0.2101	6.5E-01	0.0069327	0.0188209	0.135683	7.1E-01	0.0900673	7.6E-01
rs77278027	1	219392230	2.43543	C	T	0.93823	0.976746	0.233681	6.3E-01	-0.00608695	0.0118112	0.26559	6.1E-01	0.13876	7.1E-01
rs12740837	1	219623230	2.43692	G	A	0.983204	0.959021	1.35257	2.4E-01	-0.0275146	0.0222618	1.52759	2.2E-01	1.95253	1.6E-01
rs661955	1	234842856	2.62186	G	C	0.481801	0.978806	32.3704	1.3E-08	-0.0318087	0.00567779	31.3857	2.1E-08	35.4705	2.6E-09
rs711869	2	13073967	0.297329	G	A	0.443249	0.983109	0.215709	6.4E-01	-0.00161647	0.00570464	0.0802931	7.8E-01	0.00401157	9.5E-01
rs12720816	2	21239667	0.419939	T	C	0.606216	0.97208	134.069	5.3E-31	-0.0670119	0.0058094	133.058	8.8E-31	137.594	8.9E-32
rs2702068	2	24689512	0.456007	A	C	0.144534	0.985387	0.656028	4.2E-01	-0.00543654	0.00804949	0.456151	5.0E-01	1.11449	2.9E-01
rs77541036	2	25575523	0.459339	A	G	0.962268	0.991995	0.110918	7.4E-01	0.00469794	0.0147864	0.100946	7.5E-01	0.196675	6.6E-01
rs7933	2	43452183	0.682402	A	G	0.634849	0.981779	2.45288	1.2E-01	-0.00918548	0.00588238	2.43836	1.2E-01	2.00801	1.6E-01
rs56266464	2	44054991	0.686489	G	A	0.939556	0.986548	59.0521	1.5E-14	0.0929997	0.0118881	61.1976	5.2E-15	61.8952	3.6E-15
rs36072157	2	48953740	0.765134	G	C	0.658175	0.956087	2.45994	1.2E-01	-0.00935783	0.00604916	2.3931	1.2E-01	2.53954	1.1E-01
rs4953627	2	48990167	0.765401	C	T	0.77524	0.975089	1.6777	2.0E-01	0.00980927	0.00683633	2.05886	1.5E-01	2.7303	9.8E-02
rs1877026	2	63072208	0.885693	A	G	0.152553	0.992931	32.6193	1.1E-08	0.0442149	0.00782595	31.92	1.6E-08	32.5185	1.2E-08
rs12713567	2	66729420	0.924256	A	G	0.428176	0.981664	3.48311	6.2E-02	0.0100757	0.00572746	3.09478	7.9E-02	3.27989	7.0E-02
rs12712049	2	100208830	1.21955	A	G	0.176674	0.985519	0.132759	7.2E-01	-0.00360704	0.00740932	0.236998	6.3E-01	0.129855	7.2E-01
rs72946301	2	111861838	1.33125	G	A	0.903863	0.964859	0.157378	6.9E-01	-0.00500167	0.00970937	0.265368	6.1E-01	0.0892501	7.7E-01
rs1053413	2	114471921	1.35945	A	G	0.784744	0.998156	6.00202	1.4E-02	-0.0168029	0.00685953	6.00043	1.4E-02	6.2922	1.2E-02
rs7593247	2	119337589	1.3956	C	T	0.503784	0.990163	0.0342884	8.5E-01	0.00127939	0.00564463	0.0513733	8.2E-01	0.142175	7.1E-01
rs78876301	2	158234589	1.75901	A	C	0.987195	0.782415	0.710297	4.0E-01	-0.0246016	0.0282812	0.756712	3.8E-01	1.3023	2.5E-01
rs77928329	2	158413902	1.76308	G	A	0.94544	0.998218	6.32228	1.2E-02	0.0321353	0.0123368	6.78514	9.2E-03	6.16282	1.3E-02
rs1402698	2	165424575	1.81281	G	A	0.368889	0.988943	5.1866	2.3E-02	-0.0132349	0.00586755	5.08777	2.4E-02	4.24426	3.9E-02
rs3769877	2	165569779	1.81517	G	A	0.125673	1	1.64882	2.0E-01	0.0103558	0.00848177	1.4907	2.2E-01	1.3177	2.5E-01
rs72882321	2	172298662	1.8972	C	T	0.821415	0.98752	1.3032	2.5E-01	0.00731233	0.00738778	0.979681	3.2E-01	0.198894	6.6E-01
rs62173497	2	187821910	2.04064	C	A	0.889372	0.96522	0.218098	6.4E-01	-0.00490432	0.00910468	0.290154	5.9E-01	0.334728	5.6E-01
rs61613340	2	191746748	2.0603	G	T	0.922172	0.993102	2.53554	1.1E-01	-0.0155312	0.0105221	2.17872	1.4E-01	1.69015	1.9E-01
rs1250248	2	216287093	2.28549	A	G	0.271958	0.996374	3.39366	6.5E-02	-0.0125983	0.00633213	3.95841	4.7E-02	4.13428	4.2E-02
rs2373074	2	218381350	2.32413	C	T	0.903229	0.998908	0.0116835	9.1E-01	0.00148286	0.00951704	0.024277	8.8E-01	0.0185401	8.9E-01
rs62182126	2	219279230	2.33765	G	A	0.901349	1	0.303056	5.8E-01	-0.00382297	0.00942433	0.164551	6.9E-01	0.15048	7.0E-01
rs6760762	2	226866226	2.44112	C	T	0.776249	0.976874	1.20248	2.7E-01	-0.007321	0.00682882	1.14934	2.8E-01	1.12008	2.9E-01
rs305506	3	12026709	0.296805	G	T	0.113563	0.992655	2.4354	1.2E-01	0.0138965	0.00890314	2.43627	1.2E-01	3.22888	7.2E-02
rs114252958	3	12409938	0.29797	C	T	0.982978	0.956617	0.441959	5.1E-01	0.0116527	0.0223082	0.27285	6.0E-01	0.338616	5.6E-01
rs10490869	3	35635145	0.595764	A	T	0.789478	0.990849	0.458184	5.0E-01	-0.00329755	0.00690092	0.228333	6.3E-01	0.473672	4.9E-01
rs6771508	3	43718462	0.664863	A	C	0.974946	0.998741	1.49013	2.2E-01	0.0214665	0.0179892	1.42396	2.3E-01	0.988976	3.2E-01
rs4683294	3	46979013	0.687679	G	C	0.321605	0.960868	0.00494401	9.4E-01	0.000397893	0.00612872	0.00421494	9.5E-01	0.0322445	8.6E-01
rs4858828	3	48724811	0.68972	C	T	0.349101	0.999091	3.36749	6.6E-02	0.0093571	0.00587404	2.53752	1.1E-01	2.85175	9.1E-02
rs352156	3	52214610	0.694887	C	T	0.955078	0.904333	4.28595	3.8E-02	0.0271123	0.0141375	3.67781	5.5E-02	4.97875	2.6E-02
rs7643235	3	53227428	0.699142	T	C	0.4136	0.989215	0.000786038	9.8E-01	0.000582973	0.00570622	0.0104376	9.2E-01	0.00908314	9.2E-01
rs11718560	3	64584862	0.868956	C	T	0.731847	0.985124	1.09526	3.0E-01	-0.00638407	0.00638313	1.0003	3.2E-01	1.08179	3.0E-01
rs4688498	3	64674599	0.871028	C	T	0.669682	0.985151	2.08346	1.5E-01	-0.00863617	0.00601976	2.05818	1.5E-01	2.41053	1.2E-01
rs997274	3	78704821	1.06722	T	C	0.748705	0.994327	0.531056	4.7E-01	0.0040505	0.00651119	0.386988	5.3E-01	0.869752	3.5E-01
rs1877569	3	99224544	1.12953	G	A	0.816212	0.993173	0.0186159	8.9E-01	-0.00126899	0.00725788	0.0305702	8.6E-01	0.179318	6.7E-01
rs9875732	3	107461731	1.19696	T	C	0.623037	0.99667	3.18178	7.4E-02	-0.0108106	0.005809	3.46338	6.3E-02	3.16856	7.5E-02
rs1000368	3	123117165	1.35684	C	T	0.748381	0.996692	0.572383	4.5E-01	-0.00470176	0.00647965	0.526522	4.7E-01	0.683298	4.1E-01
rs113771682	3	129112166	1.4255	C	T	0.937375	0.999072	0.136904	7.1E-01	-0.00396109	0.0116311	0.115982	7.3E-01	0.30619	5.8E-01
rs7647218	3	129125231	1.42558	C	A	0.901341	0.999167	2.06374	1.5E-01	-0.0160073	0.00944588	2.87178	9.0E-02	2.9002	8.9E-02
rs75212171	3	129323322	1.42649	T	C	0.983129	1	0.564376	4.5E-01	0.0190265	0.0218095	0.761069	3.8E-01	1.24878	2.6E-01
rs112551697	3	150018637	1.64271	G	A	0.96554	0.928479	0.0730145	7.9E-01	-0.0018601	0.0159365	0.0136235	9.1E-01	0.114374	7.4E-01
rs11720805	3	156800360	1.71236	A	G	0.330979	0.970132	0.00338082	9.5E-01	0.000772623	0.00606546	0.0162259	9.0E-01	0.00878782	9.3E-01
rs1488111	3	168951612	1.77942	C	T	0.517315	0.996852	0.0267692	8.7E-01	0.00210807	0.00561989	0.140706	7.1E-01	0.230939	6.3E-01
rs1499813	3	171760427	1.8208	T	C	0.587431	1	1.41184	2.3E-01	-0.00753648	0.00573308	1.72807	1.9E-01	2.12887	1.4E-01
rs13092876	3	185495320	2.01656	G	A	0.686729	0.994835	0.11979	7.3E-01	-0.00259434	0.00607263	0.182516	6.7E-01	0.179481	6.7E-01
rs3843375	3	196813908	2.26438	G	A	0.590289	0.999191	1.82642	1.8E-01	-0.00725908	0.0057292	1.60537	2.1E-01	1.91251	1.7E-01
rs75072999	4	844781	0.00782036	G	A	0.904916	0.991302	4.21722	4.0E-02	0.0189376	0.00963685	3.8617	4.9E-02	3.9453	4.7E-02
rs748483	4	952409	0.00822297	A	G	0.891514	0.99682	0.320077	5.7E-01	-0.00468193	0.0090581	0.267162	6.1E-01	0.335585	5.6E-01
rs1912897	4	26006133	0.455942	A	T	0.79303	0.98817	0.980947	3.2E-01	-0.00766219	0.00698245	1.20418	2.7E-01	1.43411	2.3E-01
rs7689800	4	26295421	0.461356	C	G	0.382047	0.982424	0.785452	3.8E-01	-0.00435709	0.00583906	0.55681	4.6E-01	1.01936	3.1E-01
rs34171390	4	56192405	0.730002	C	G	0.8287	0.967618	4.11818	4.2E-02	-0.0146906	0.00756482	3.77123	5.2E-02	3.33445	6.8E-02
rs3017896	4	89533004	1.04795	G	C	0.704424	1	0.121088	7.3E-01	-0.00185566	0.00613994	0.0913417	7.6E-01	0.159166	6.9E-01
rs10029220	4	89710592	1.04921	C	T	0.909822	0.997537	0.151873	7.0E-01	0.00339206	0.00983483	0.118958	7.3E-01	0.0145493	9.0E-01
rs1813006	4	103001649	1.15654	G	T	0.940843	0.94358	0.220714	6.4E-01	-0.00621668	0.0122532	0.257405	6.1E-01	0.0821928	7.7E-01
rs12647922	4	106063987	1.17944	C	T	0.794569	0.998343	1.58038	2.1E-01	-0.00835915	0.00695466	1.44468	2.3E-01	1.67231	2.0E-01
rs7655064	4	120106348	1.31331	T	C	0.875314	0.995692	2.51343	1.1E-01	0.0133119	0.00851071	2.44651	1.2E-01	2.49296	1.1E-01
rs2922979	4	123748616	1.34468	C	G	0.689916	1	0.0023096	9.6E-01	-0.000710754	0.00608356	0.0136497	9.1E-01	0.0757637	7.8E-01
rs1520325	4	125182690	1.35483	C	T	0.780072	0.994582	0.000881531	9.8E-01	0.000452219	0.00680411	0.00441728	9.5E-01	0.01175	9.1E-01
rs2353397	4	145517578	1.53798	C	T	0.460014	1	0.0123541	9.1E-01	-0.00127445	0.00564545	0.0509623	8.2E-01	0.00303753	9.6E-01
rs2166365	5	3597830	0.0882728	A	G	0.777698	0.981109	0.00417803	9.5E-01	0.000363906	0.00681521	0.00285114	9.6E-01	0.00019457	9.9E-01
rs13178917	5	4007353	0.10142	C	T	0.551974	0.99437	3.68474e-05	1.0E+00	0.00115849	0.00564117	0.0421744	8.4E-01	0.20574	6.5E-01
rs10061804	5	32748637	0.511958	G	A	0.711087	1	0.134489	7.1E-01	-0.00215718	0.00620178	0.120988	7.3E-01	0.266286	6.1E-01
rs299615	5	34042097	0.535425	G	A	0.843206	1	0.051585	8.2E-01	-0.00322473	0.00773453	0.173828	6.8E-01	0.000445431	9.8E-01
rs4293945	5	38736142	0.597252	A	T	0.606405	0.995383	3.20448	7.3E-02	0.0115273	0.00576393	3.99964	4.6E-02	4.91459	2.7E-02
rs163112	5	54538003	0.667379	C	G	0.107056	0.994238	0.0138916	9.1E-01	-0.0001198	0.00912818	0.000172243	9.9E-01	0.135653	7.1E-01
rs61653333	5	55779080	0.679717	G	T	0.970413	0.977169	0.167091	6.8E-01	0.00930371	0.0167436	0.308754	5.8E-01	0.231692	6.3E-01
rs6867983	5	55854153	0.681454	C	T	0.861186	1	10.9589	9.3E-04	-0.0281653	0.00812699	12.0107	5.3E-04	14.0597	1.8E-04
rs11749164	5	66294202	0.770672	T	G	0.726476	0.988719	0.621344	4.3E-01	-0.00517952	0.00634284	0.666823	4.1E-01	0.890639	3.5E-01
rs6878122	5	76427311	0.889556	G	A	0.318279	0.997785	0.0302886	8.6E-01	-0.000257714	0.00604565	0.00181715	9.7E-01	0.0464897	8.3E-01
rs7734060	5	101780479	1.10738	T	G	0.734786	0.995631	0.026647	8.7E-01	0.00173729	0.00639863	0.0737173	7.9E-01	0.0417149	8.4E-01
rs1394631	5	118639270	1.27349	C	T	0.775173	0.988487	0.185328	6.7E-01	-0.00266087	0.00675817	0.15502	6.9E-01	0.163177	6.9E-01
rs11744058	5	118798944	1.27486	G	T	0.783774	0.998591	1.59164	2.1E-01	0.00938362	0.006835	1.88479	1.7E-01	3.74488	5.3E-02
rs3749748	5	127350549	1.37291	C	T	0.753975	0.992802	0.00537683	9.4E-01	-0.000159088	0.0065432	0.000591142	9.8E-01	0.00579101	9.4E-01
rs4705986	5	132349654	1.39065	T	G	0.937241	0.978165	0.082605	7.7E-01	0.00544636	0.0117226	0.215858	6.4E-01	0.219914	6.4E-01
rs10463353	5	141710741	1.48273	C	T	0.640669	0.986535	0.716114	4.0E-01	0.00430557	0.00588965	0.53442	4.6E-01	0.652387	4.2E-01
rs33999	5	141973349	1.48937	C	G	0.612065	0.9834	1.80448	1.8E-01	-0.00711761	0.00580177	1.50504	2.2E-01	1.26985	2.6E-01
rs4704726	5	156354477	1.66272	G	A	0.636458	0.987029	33.9233	5.7E-09	-0.0338886	0.00584849	33.5752	6.9E-09	35.9561	2.0E-09
rs12652322	5	171822666	1.88951	C	T	0.705252	0.99822	3.38665	6.6E-02	-0.0112177	0.00617434	3.30084	6.9E-02	2.6754	1.0E-01
rs2053681	5	172746086	1.91113	A	G	0.485601	0.912476	0.435377	5.1E-01	-0.00388445	0.00589929	0.433569	5.1E-01	0.685446	4.1E-01
rs10035782	5	173270328	1.92939	A	G	0.600665	0.984103	2.38094	1.2E-01	0.00894117	0.00578238	2.39098	1.2E-01	2.96337	8.5E-02
rs11963955	6	6631996	0.178791	A	G	0.637527	0.976944	3.53406	6.0E-02	-0.0112698	0.00592154	3.62215	5.7E-02	2.96558	8.5E-02
rs201061	6	6730512	0.181115	G	A	0.455616	0.976616	0.213405	6.4E-01	-0.00229695	0.00569802	0.162501	6.9E-01	0.115131	7.3E-01
rs1334576	6	7211818	0.195986	G	A	0.5774	1	0.00685644	9.3E-01	8.23672e-06	0.00570038	2.08786e-06	1.0E+00	0.0220738	8.8E-01
rs9382988	6	14595010	0.314722	C	A	0.204362	0.998886	0.154442	6.9E-01	-0.000899455	0.00699229	0.016547	9.0E-01	0.0216462	8.8E-01
rs4710940	6	20658012	0.410434	A	C	0.647018	0.999463	0.0943383	7.6E-01	-0.00220475	0.00589471	0.139893	7.1E-01	0.0385916	8.4E-01
rs3129830	6	30248711	0.50553	G	A	0.868546	0.999908	2.56084	1.1E-01	0.012619	0.00828755	2.31845	1.3E-01	2.7941	9.5E-02
rs7772131	6	30795171	0.50714	A	C	0.988571	1	0.792431	3.7E-01	-0.0271361	0.0264465	1.05283	3.0E-01	0.927551	3.4E-01
rs6919908	6	31244960	0.511805	T	C	0.193909	0.999901	3.50211	6.1E-02	-0.0141696	0.00712918	3.95036	4.7E-02	4.27161	3.9E-02
rs181133225	6	32454764	0.520293	T	C	0.893444	0.778953	0.699287	4.0E-01	0.00828196	0.0102619	0.651347	4.2E-01	0.283451	5.9E-01
rs117108573	6	32489679	0.520303	C	T	0.921405	0.866866	0.433958	5.1E-01	0.00755405	0.0111524	0.458799	5.0E-01	0.103818	7.5E-01
rs575662827	6	32543874	0.520325	T	C	0.899303	0.833996	1.04738	3.1E-01	0.0103674	0.0101798	1.03719	3.1E-01	0.428464	5.1E-01
rs114760566	6	34192036	0.545788	C	A	0.954268	0.993831	0.934366	3.3E-01	-0.0139309	0.0134858	1.06709	3.0E-01	1.4336	2.3E-01
rs1574430	6	43269029	0.669727	A	C	0.391321	0.999399	0.862236	3.5E-01	0.0050995	0.00575942	0.783968	3.8E-01	0.839572	3.6E-01
rs9381248	6	43734606	0.675407	C	T	0.87836	0.993046	0.607084	4.4E-01	-0.00560901	0.00863493	0.421945	5.2E-01	0.515498	4.7E-01
rs35349911	6	43785255	0.678849	C	T	0.409597	0.97009	0.908217	3.4E-01	-0.0059576	0.00581442	1.04986	3.1E-01	0.893578	3.4E-01
rs72902769	6	80719576	0.920488	C	G	0.966636	0.999182	0.414046	5.2E-01	-0.0087288	0.0156795	0.309915	5.8E-01	0.109826	7.4E-01
rs62406467	6	81114126	0.921634	G	T	0.849349	0.952286	0.225843	6.3E-01	0.0041291	0.00805157	0.262996	6.1E-01	0.0828171	7.7E-01
rs6924944	6	100597579	1.0811	A	T	0.245827	0.981159	3.29714	6.9E-02	0.0122397	0.00660744	3.43144	6.4E-02	2.76357	9.6E-02
rs2806373	6	109222017	1.18299	G	A	0.239664	0.998945	1.06775	3.0E-01	-0.00635087	0.00658072	0.931367	3.3E-01	1.14566	2.8E-01
rs72969772	6	126187585	1.32503	A	G	0.980332	1	1.16428	2.8E-01	-0.0211913	0.0203032	1.08939	3.0E-01	0.691845	4.1E-01
rs9986505	6	126445558	1.32603	A	G	0.6761	0.991308	2.22833	1.4E-01	0.00847127	0.00603163	1.97255	1.6E-01	1.92624	1.7E-01
rs74949497	6	126812007	1.32699	A	C	0.97518	1	2.18783	1.4E-01	-0.0292848	0.0181726	2.59688	1.1E-01	2.54859	1.1E-01
rs139242696	6	127414440	1.32797	T	C	0.974907	0.948341	0.0405698	8.4E-01	-0.000346913	0.0184197	0.000354714	9.8E-01	0.0303365	8.6E-01
rs9385864	6	139805476	1.50274	C	T	0.6907	0.988333	5.49127	1.9E-02	-0.0144061	0.00612768	5.52717	1.9E-02	4.95327	2.6E-02
rs12205386	6	139837171	1.50318	C	A	0.643666	0.9992	6.01064	1.4E-02	0.0136727	0.00587563	5.415	2.0E-02	6.0483	1.4E-02
rs11756568	6	152042413	1.64245	A	T	0.724877	0.999168	5.13046	2.4E-02	-0.0126106	0.00630526	4.00007	4.5E-02	4.27393	3.9E-02
rs998075	6	160468278	1.77084	A	G	0.53429	0.994008	45.6121	1.4E-11	0.0381846	0.00566499	45.4337	1.6E-11	46.086	1.1E-11
rs9459839	6	167431829	1.92196	T	C	0.531185	0.998188	0.703441	4.0E-01	-0.00437601	0.00561616	0.607124	4.4E-01	0.349144	5.5E-01
rs2214440	7	20372191	0.358281	A	G	0.667686	0.991786	0.710654	4.0E-01	0.00642392	0.00599535	1.14808	2.8E-01	1.96289	1.6E-01
rs111683990	7	25729528	0.437229	C	G	0.955515	0.987881	1.26331	2.6E-01	-0.0154548	0.0137429	1.26465	2.6E-01	1.87685	1.7E-01
rs2040786	7	26208736	0.442609	G	A	0.529361	1	2.14299	1.4E-01	0.00804478	0.00563005	2.04175	1.5E-01	1.90893	1.7E-01
rs17428025	7	27251396	0.453724	C	T	0.971743	0.967404	0.549145	4.6E-01	0.0112894	0.0172413	0.428748	5.1E-01	0.413062	5.2E-01
rs849140	7	28183702	0.463008	T	C	0.410278	1	5.99053	1.4E-02	-0.0146244	0.00574512	6.47975	1.1E-02	7.86906	5.0E-03
rs17172095	7	42665355	0.680121	A	G	0.679343	0.995026	0.00145979	9.7E-01	-4.06915e-05	0.00603356	4.54842e-05	9.9E-01	0.00110758	9.7E-01
rs2072183	7	44579180	0.698676	G	C	0.775748	1	38.4351	5.7E-10	-0.0417773	0.00672332	38.6111	5.2E-10	42.1225	8.6E-11
rs71556711	7	72854549	0.899611	C	T	0.908397	1	2.2747	1.3E-01	0.0131896	0.00973024	1.83746	1.8E-01	1.7804	1.8E-01
rs7780317	7	72867852	0.899612	C	T	0.92793	0.985744	0.0860986	7.7E-01	0.00402337	0.0109131	0.13592	7.1E-01	0.208652	6.5E-01
rs57487833	7	77115793	0.936393	G	A	0.723097	0.985735	1.35056	2.5E-01	-0.00671864	0.00632373	1.1288	2.9E-01	0.960236	3.3E-01
rs76306613	7	106235348	1.22452	G	T	0.855998	0.98895	1.69044	1.9E-01	-0.0101514	0.00805375	1.58875	2.1E-01	1.90909	1.7E-01
rs2237687	7	107585473	1.24369	C	T	0.472386	0.966594	0.347802	5.6E-01	-0.00380384	0.00572022	0.4422	5.1E-01	0.346554	5.6E-01
rs38902	7	116889718	1.32093	G	A	0.474719	0.992845	3.83721	5.0E-02	-0.011158	0.0056451	3.90686	4.8E-02	3.88513	4.9E-02
rs12154627	7	130422934	1.4017	T	C	0.506907	0.97487	9.09117	2.6E-03	0.016549	0.00568216	8.48234	3.6E-03	8.38527	3.8E-03
rs7808446	7	150214465	1.67249	T	G	0.235469	0.993612	0.0381021	8.5E-01	0.00179942	0.00664446	0.0733412	7.9E-01	0.153401	7.0E-01
rs7014168	8	10641965	0.266242	G	A	0.776722	0.996719	0.0244407	8.8E-01	0.000584143	0.0067657	0.0074544	9.3E-01	0.0715114	7.9E-01
rs4474021	8	12632903	0.332387	G	T	0.680802	1	0.973298	3.2E-01	-0.00573009	0.00601908	0.906281	3.4E-01	0.803034	3.7E-01
rs7844736	8	23551671	0.545238	A	G	0.828827	1	0.000638662	9.8E-01	0.00010498	0.00747399	0.000197292	9.9E-01	0.039451	8.4E-01
rs310289	8	23610756	0.545792	C	T	0.760888	0.994537	3.17325	7.5E-02	0.0110469	0.00661842	2.78594	9.5E-02	2.29441	1.3E-01
rs11992444	8	25464690	0.565812	G	T	0.49058	1	3.21403	7.3E-02	-0.00884869	0.00560976	2.48811	1.1E-01	2.30771	1.3E-01
rs7815496	8	38321607	0.69461	C	T	0.597431	0.996532	5.43677	2.0E-02	-0.0138638	0.00572773	5.85869	1.6E-02	5.2598	2.2E-02
rs1030431	8	59311697	0.818981	A	G	0.332921	0.99086	31.9798	1.6E-08	0.0333441	0.00600299	30.8534	2.8E-08	36.4239	1.6E-09
rs12543555	8	69562014	0.90375	A	G	0.792127	0.98465	1.08289	3.0E-01	-0.00794352	0.00696185	1.3019	2.5E-01	1.55658	2.1E-01
rs28568866	8	72353630	0.949663	G	A	0.969859	0.939217	0.148587	7.0E-01	-0.00826676	0.0169784	0.237069	6.3E-01	0.258902	6.1E-01
rs146492163	8	72386394	0.950025	G	T	0.96946	0.960969	0.878657	3.5E-01	-0.0162944	0.0166919	0.952936	3.3E-01	0.680962	4.1E-01
rs1895674	8	72443246	0.950276	T	G	0.946831	0.990629	0.0531016	8.2E-01	-0.00399425	0.0125504	0.101288	7.5E-01	0.202945	6.5E-01
rs4147332	8	89280863	1.08332	G	C	0.323111	0.995784	5.45806	1.9E-02	0.013997	0.00601636	5.41253	2.0E-02	5.15696	2.3E-02
rs144435165	8	126419938	1.45107	G	C	0.944194	0.785853	13.3352	2.6E-04	-0.0539658	0.0137915	15.3114	9.1E-05	15.2626	9.4E-05
rs2954018	8	126477153	1.45319	C	T	0.298303	0.998357	42.9494	5.6E-11	0.0405938	0.00614834	43.5917	4.0E-11	46.6108	8.7E-12
rs6991761	8	128274518	1.48941	C	T	0.844226	0.993607	0.010902	9.2E-01	0.000406323	0.0077609	0.00274106	9.6E-01	0.00369946	9.5E-01
rs2467030	8	135665361	1.60637	A	G	0.339711	0.997044	0.188622	6.6E-01	0.00155801	0.0059585	0.0683703	7.9E-01	0.0174237	8.9E-01
rs12340775	9	13226945	0.282033	G	A	0.944664	0.940298	2.5835	1.1E-01	0.0223659	0.0126603	3.12094	7.7E-02	3.46595	6.3E-02
rs73650963	9	93943033	1.11642	T	C	0.892489	0.990174	0.0226984	8.8E-01	0.00220534	0.00907752	0.0590224	8.1E-01	0.0743019	7.9E-01
rs2131919	9	95283887	1.12689	A	G	0.83667	0.999136	1.09927	2.9E-01	-0.00817614	0.00762783	1.14893	2.8E-01	1.32353	2.5E-01
rs1572136	9	101740604	1.18729	G	C	0.724977	0.989514	5.29303	2.1E-02	0.0145054	0.00633646	5.24042	2.2E-02	6.26295	1.2E-02
rs12686004	9	107653426	1.24316	G	A	0.884341	1	7.35816	6.7E-03	0.0248346	0.00878586	7.98996	4.7E-03	8.82811	3.0E-03
rs10991414	9	107685589	1.24582	T	C	0.861068	0.989408	0.312889	5.8E-01	-0.00466169	0.00819021	0.323964	5.7E-01	0.643534	4.2E-01
rs111479443	9	107874316	1.24936	T	G	0.963776	0.9746	5.68451	1.7E-02	0.0378476	0.0152486	6.16049	1.3E-02	5.36374	2.1E-02
rs7048735	9	112529695	1.31375	A	G	0.239526	0.976202	0.16876	6.8E-01	0.00114284	0.00666272	0.0294215	8.6E-01	0.0857972	7.7E-01
rs1002607	9	113858933	1.33848	T	C	0.40707	0.988428	1.38692	2.4E-01	-0.00692406	0.00576487	1.44259	2.3E-01	1.80492	1.8E-01
rs13298297	9	119264108	1.4204	G	A	0.769275	0.989359	0.764855	3.8E-01	-0.0054136	0.00672842	0.64736	4.2E-01	0.488877	4.8E-01
rs6478851	9	131561110	1.55426	G	A	0.758733	1	0.938211	3.3E-01	-0.00653621	0.00658346	0.985697	3.2E-01	1.46979	2.3E-01
rs687621	9	136137065	1.66206	A	G	0.681622	1	39.1487	3.9E-10	-0.0373622	0.00603422	38.3374	6.0E-10	38.8583	4.6E-10
rs60980157	9	139235415	1.78278	C	T	0.757489	0.966704	1.35186	2.4E-01	-0.00683103	0.00665106	1.05485	3.0E-01	1.16811	2.8E-01
rs7072195	10	3540748	0.0738836	T	C	0.417524	0.993244	0.110575	7.4E-01	-0.00124306	0.0057211	0.0472087	8.3E-01	0.208836	6.5E-01
rs11592754	10	32619572	0.605452	A	C	0.856559	0.998356	1.17094	2.8E-01	0.0077675	0.00801907	0.93824	3.3E-01	1.38336	2.4E-01
rs2247396	10	33489192	0.60946	G	A	0.603662	0.99818	1.3369	2.5E-01	0.00600788	0.00573046	1.09917	2.9E-01	1.12692	2.9E-01
rs4341488	10	60452745	0.822202	G	A	0.188405	0.998867	0.000739262	9.8E-01	-0.000207105	0.00718492	0.000830879	9.8E-01	0.00230404	9.6E-01
rs17287962	10	63770969	0.858439	A	G	0.970068	0.979005	0.183875	6.7E-01	-0.00695176	0.0166642	0.174029	6.8E-01	0.183007	6.7E-01
rs10762666	10	77157489	1.00522	A	G	0.241989	0.984822	2.40472	1.2E-01	-0.0108163	0.00658655	2.69674	1.0E-01	1.99178	1.6E-01
rs10887758	10	89603315	1.15934	T	C	0.784607	0.990793	0.121732	7.3E-01	-0.00345503	0.00688234	0.252018	6.2E-01	0.227437	6.3E-01
rs141490680	10	95280981	1.22085	G	A	0.866803	0.998279	0.30079	5.8E-01	-0.00363673	0.0082678	0.193483	6.6E-01	0.15844	6.9E-01
rs7342070	10	104223628	1.30538	T	C	0.455127	1	1.02363	3.1E-01	0.00542362	0.00564036	0.924622	3.4E-01	1.21053	2.7E-01
rs7917983	10	114732882	1.3977	T	C	0.532013	1	0.133211	7.2E-01	0.00164548	0.00563561	0.0852512	7.7E-01	0.169272	6.8E-01
rs242956	10	119297479	1.46386	C	T	0.362576	0.990585	0.471035	4.9E-01	0.00349578	0.00586107	0.355741	5.5E-01	0.364641	5.5E-01
rs7104929	11	784340	0.0108006	C	G	0.530558	0.997422	0.111149	7.4E-01	0.00284493	0.00565249	0.253317	6.1E-01	0.331835	5.6E-01
rs7932891	11	10921512	0.210707	A	G	0.294517	0.99931	0.593616	4.4E-01	-0.00383664	0.00616022	0.387891	5.3E-01	1.19694	2.7E-01
rs11607537	11	14224166	0.277204	C	T	0.941072	0.981717	0.00349026	9.5E-01	0.00206805	0.0120523	0.0294431	8.6E-01	0.119312	7.3E-01
rs79634051	11	14561945	0.278112	G	C	0.97174	1	1.23212	2.7E-01	0.0190879	0.0169042	1.27505	2.6E-01	1.16055	2.8E-01
rs3114693	11	26127790	0.452397	A	T	0.617593	0.997848	0.397497	5.3E-01	0.00390143	0.00579007	0.454025	5.0E-01	0.516978	4.7E-01
rs56386213	11	36291554	0.562467	A	G	0.595018	1	0.417102	5.2E-01	-0.00290915	0.00569239	0.261182	6.1E-01	0.461821	5.0E-01
rs174528	11	61543499	0.703973	T	C	0.623454	0.995598	58.8848	1.7E-14	0.0442323	0.00581435	57.8731	2.8E-14	65.5967	5.5E-16
rs4297487	11	69229628	0.763225	A	G	0.324796	0.994186	0.0197776	8.9E-01	0.00115739	0.0060178	0.03699	8.5E-01	0.0585005	8.1E-01
rs28690953	11	111384426	1.18701	T	G	0.852988	1	1.309	2.5E-01	-0.0101402	0.00794282	1.62984	2.0E-01	1.67069	2.0E-01
rs513533	11	116519358	1.25951	A	G	0.895505	0.969744	37.5001	9.1E-10	-0.0575235	0.00930964	38.1791	6.5E-10	42.657	6.5E-11
rs12804228	11	126260684	1.42442	A	G	0.914785	0.983631	35.509	2.5E-09	-0.0627825	0.0101489	38.2685	6.2E-10	36.1864	1.8E-09
rs747249	11	130271647	1.49781	A	G	0.360849	0.986641	2.93319	8.7E-02	-0.0103675	0.00589591	3.09203	7.9E-02	4.1923	4.1E-02
rs11045172	12	20470221	0.37098	A	C	0.802205	0.989276	0.246816	6.2E-01	0.0043257	0.00709318	0.371904	5.4E-01	0.209426	6.5E-01
rs7977928	12	26265632	0.457285	G	A	0.408615	1	0.027678	8.7E-01	-0.00163897	0.0057049	0.0825362	7.7E-01	0.166572	6.8E-01
rs2343874	12	26409450	0.459085	G	A	0.53283	0.98214	1.4757	2.2E-01	0.00806865	0.00567842	2.01905	1.6E-01	2.06166	1.5E-01
rs16931815	12	27427917	0.469712	A	G	0.872673	0.996695	1.5018	2.2E-01	-0.00900718	0.00846165	1.1331	2.9E-01	1.45851	2.3E-01
rs7310959	12	45968598	0.59006	G	A	0.897555	1	1.40833	2.4E-01	-0.0109647	0.00928718	1.39388	2.4E-01	1.75135	1.9E-01
rs75824359	12	54320490	0.68262	A	G	0.970266	0.973341	0.00303829	9.6E-01	0.000584633	0.016765	0.00121607	9.7E-01	0.00016128	9.9E-01
rs10878362	12	66417493	0.793832	C	A	0.687723	0.991565	0.813944	3.7E-01	-0.00651616	0.00607487	1.15056	2.8E-01	1.07975	3.0E-01
rs10745659	12	94092690	1.0816	C	G	0.553308	0.994516	0.0712744	7.9E-01	-0.0014319	0.00568663	0.0634039	8.0E-01	0.274446	6.0E-01
rs10778495	12	106991545	1.2616	A	G	0.720919	0.990603	3.75972	5.3E-02	-0.0117639	0.00627189	3.5181	6.1E-02	2.21051	1.4E-01
rs2649999	12	121380544	1.45376	T	C	0.330394	0.973048	38.0408	6.9E-10	0.0372755	0.00606817	37.7339	8.1E-10	40.7533	1.7E-10
rs12366339	12	122854616	1.46723	G	A	0.9894	0.907552	0.882657	3.5E-01	-0.0294839	0.028847	1.04464	3.1E-01	1.1594	2.8E-01
rs140689322	12	123375732	1.4703	G	A	0.973654	0.966101	2.39137	1.2E-01	-0.0247589	0.0178462	1.92474	1.7E-01	2.18677	1.4E-01
rs7993238	13	22473593	0.0544542	A	C	0.631395	0.976757	0.594091	4.4E-01	0.00465558	0.00590552	0.621485	4.3E-01	0.738506	3.9E-01
rs10507524	13	44684600	0.468128	T	C	0.907237	0.994143	1.25445	2.6E-01	-0.0103231	0.00974506	1.12215	2.9E-01	1.26398	2.6E-01
rs12872335	13	50442235	0.536587	G	A	0.792188	0.994746	1.75808	1.8E-01	-0.00883545	0.00695188	1.6153	2.0E-01	1.36094	2.4E-01
rs61964388	13	51061980	0.539297	G	A	0.904117	0.961186	2.64387	1.0E-01	-0.0174996	0.00972557	3.2376	7.2E-02	2.78457	9.5E-02
rs627527	13	110915135	1.21483	G	A	0.418925	0.983958	1.12257	2.9E-01	0.00575713	0.00573984	1.00604	3.2E-01	0.623466	4.3E-01
rs1057119	14	23746269	0.116581	C	G	0.76153	1	0.494438	4.8E-01	0.00438596	0.00657243	0.445326	5.0E-01	0.600677	4.4E-01
rs140664623	14	52321987	0.459221	G	T	0.976323	0.975931	0.0105433	9.2E-01	0.00414308	0.0186492	0.0493543	8.2E-01	0.00550695	9.4E-01
rs2145600	14	58750902	0.537897	C	G	0.237608	0.992449	0.707192	4.0E-01	0.00440041	0.00661735	0.4422	5.1E-01	0.506593	4.8E-01
rs6575165	14	91352234	0.881721	G	A	0.76556	0.994744	0.00627236	9.4E-01	0.000172998	0.00664127	0.000678548	9.8E-01	0.00254908	9.6E-01
rs10130936	14	98342676	1.02712	C	T	0.37676	0.985923	2.5534	1.1E-01	0.00944204	0.00584708	2.60768	1.1E-01	1.98737	1.6E-01
rs4779523	15	31679470	0.452779	T	A	0.728098	0.995337	0.00458324	9.5E-01	-0.00127083	0.00634762	0.040082	8.4E-01	0.0742328	7.9E-01
rs28647196	15	40833379	0.629227	C	T	0.564205	0.997093	0.0213656	8.8E-01	-0.00165371	0.00568973	0.0844765	7.7E-01	1.94171e-05	1.0E+00
rs11630710	15	56364758	0.756318	G	T	0.893172	0.979091	1.02869	3.1E-01	-0.0082549	0.00922463	0.800804	3.7E-01	0.708377	4.0E-01
rs17184382	15	63792486	0.876626	A	C	0.574619	1	0.749092	3.9E-01	0.0060612	0.0056885	1.13533	2.9E-01	0.864207	3.5E-01
rs2165241	15	74222202	0.994735	T	C	0.491224	0.994517	2.55969	1.1E-01	-0.00925571	0.00561878	2.71354	1.0E-01	1.45427	2.3E-01
rs12905116	15	79042734	1.02295	T	A	0.242831	0.998559	0.491835	4.8E-01	-0.00422799	0.00653235	0.418917	5.2E-01	0.36307	5.5E-01
rs2401948	16	1340854	0.0338191	G	C	0.470436	0.984992	0.0975507	7.5E-01	-0.00179485	0.00567117	0.100163	7.5E-01	0.289188	5.9E-01
rs3747577	16	4415696	0.082586	C	G	0.259467	0.988145	0.0226559	8.8E-01	-0.000435762	0.00645402	0.00455867	9.5E-01	0.0154692	9.0E-01
rs6498114	16	10964118	0.259065	G	T	0.240585	0.980902	0.00146539	9.7E-01	6.3967e-05	0.00664294	9.27236e-05	9.9E-01	0.0106546	9.2E-01
rs2192868	16	53428284	0.643286	G	A	0.551203	0.983829	1.01385	3.1E-01	-0.00594354	0.00570286	1.08619	3.0E-01	1.15395	2.8E-01
rs9989419	16	56985139	0.729936	A	G	0.393464	1	69.3282	8.3E-17	0.0487896	0.00574022	72.2433	1.9E-17	73.8532	8.4E-18
rs116975210	16	67058614	0.849502	T	G	0.960603	0.993544	0.0260851	8.7E-01	0.00116072	0.0144923	0.00641482	9.4E-01	0.000447996	9.8E-01
rs2056876	16	78864296	0.975993	T	G	0.815684	0.95437	2.27887	1.3E-01	0.0113571	0.00740432	2.35268	1.3E-01	1.7644	1.8E-01
rs9926618	16	81484570	1.04509	T	A	0.39429	0.97289	1.28441	2.6E-01	0.00631691	0.00582917	1.17434	2.8E-01	0.943142	3.3E-01
rs66710707	16	81528621	1.0457	A	G	0.719577	0.992374	0.108046	7.4E-01	0.00187385	0.00627799	0.0890902	7.7E-01	0.107453	7.4E-01
rs116911572	17	943593	0.0364958	T	C	0.982069	1	0.423749	5.2E-01	-0.014362	0.0212137	0.458346	5.0E-01	0.524505	4.7E-01
rs4151120	17	7342148	0.196018	T	A	0.629178	0.991461	4.77187	2.9E-02	0.0127997	0.00584595	4.79393	2.9E-02	4.82502	2.8E-02
rs1561	17	8263334	0.209036	C	T	0.928268	0.930811	0.895911	3.4E-01	-0.0105283	0.0112695	0.872782	3.5E-01	1.04564	3.1E-01
rs1242488	17	17347995	0.443205	C	A	0.250473	0.994678	0.667768	4.1E-01	-0.00488369	0.0064876	0.566666	4.5E-01	0.612909	4.3E-01
rs897456	17	17422608	0.444631	A	G	0.942018	1	2.89823	8.9E-02	-0.022114	0.0120434	3.37159	6.6E-02	3.41067	6.5E-02
rs11651639	17	27672320	0.49569	A	T	0.483934	0.999433	0.125481	7.2E-01	-0.00186738	0.00562202	0.110326	7.4E-01	0.231751	6.3E-01
rs55883500	17	40395267	0.664304	T	G	0.691334	0.998762	0.926975	3.4E-01	-0.0064256	0.00608291	1.11585	2.9E-01	1.04857	3.1E-01
rs2242461	17	40861424	0.665935	G	A	0.405713	1	0.190905	6.6E-01	-0.00197909	0.00572182	0.119636	7.3E-01	0.239235	6.2E-01
rs62053943	17	43744203	0.688226	C	T	0.845555	0.975028	1.47003	2.3E-01	-0.00795556	0.00788977	1.01675	3.1E-01	0.816442	3.7E-01
rs6504972	17	53601168	0.790946	G	A	0.654059	0.990391	0.31432	5.8E-01	-0.00328126	0.00595752	0.303354	5.8E-01	0.31344	5.8E-01
rs9892365	17	59491384	0.871045	A	G	0.330387	0.996856	0.0136808	9.1E-01	0.000370902	0.00598353	0.00384241	9.5E-01	0.0188377	8.9E-01
rs146385050	17	60637258	0.881108	C	A	0.819308	0.982238	2.47049	1.2E-01	0.0120329	0.00736307	2.67067	1.0E-01	2.1321	1.4E-01
rs1966327	17	67570113	0.971768	A	G	0.320402	0.997202	1.81361	1.8E-01	-0.00723064	0.00602418	1.44065	2.3E-01	1.06672	3.0E-01
rs9896666	17	68226321	0.98162	C	T	0.675868	0.994992	0.71755	4.0E-01	0.00526882	0.00601374	0.767603	3.8E-01	1.13972	2.9E-01
rs3810068	18	2846499	0.0738566	T	C	0.595452	1	7.45332	6.3E-03	0.0130616	0.00571228	5.22844	2.2E-02	5.81641	1.6E-02
rs4800451	18	20716805	0.429195	C	T	0.259966	0.984274	0.0460777	8.3E-01	-0.00254693	0.00646839	0.155039	6.9E-01	0.157482	6.9E-01
rs1026186	18	42741410	0.625015	G	A	0.64681	0.995626	1.99175	1.6E-01	0.00801512	0.00589264	1.85012	1.7E-01	1.97527	1.6E-01
rs8086644	18	60788559	0.864537	G	A	0.834201	0.988925	0.024498	8.8E-01	-0.00324247	0.00758941	0.182531	6.7E-01	0.204609	6.5E-01
rs12979965	19	2131148	0.0753026	A	G	0.499935	0.991113	0.093905	7.6E-01	0.00320218	0.00563315	0.323137	5.7E-01	0.392492	5.3E-01
rs10421685	19	4488926	0.151356	G	A	0.311293	0.998169	7.21729	7.2E-03	0.0153012	0.00607265	6.34882	1.2E-02	5.56855	1.8E-02
rs10421685	19	4488926	0.151356	G	C	0.973386	0.548756	1.11552	2.9E-01	-0.0274509	0.0235238	1.36176	2.4E-01	1.29552	2.6E-01
rs35555265	19	17152232	0.420672	C	T	0.803227	0.993265	0.983494	3.2E-01	0.00795356	0.00707216	1.26479	2.6E-01	1.0265	3.1E-01
rs72999466	19	18248499	0.447893	C	T	0.742123	0.99893	0.553581	4.6E-01	-0.00602663	0.00641366	0.882952	3.5E-01	0.566526	4.5E-01
rs12979148	19	19406869	0.462131	T	C	0.871067	0.998269	29.1877	6.6E-08	0.0472469	0.0083805	31.7838	1.7E-08	33.3162	7.8E-09
rs1423056	19	33780444	0.560699	G	A	0.681795	0.903762	0.212064	6.5E-01	0.00276154	0.00634792	0.189251	6.6E-01	0.0223128	8.8E-01
rs113504807	19	33787954	0.561506	C	T	0.951238	0.934153	1.19375	2.7E-01	-0.0158106	0.0134569	1.38041	2.4E-01	1.30865	2.5E-01
rs11672697	19	33876955	0.562267	C	T	0.494053	0.99299	2.43819	1.2E-01	0.0093444	0.00563755	2.7474	9.7E-02	2.71862	9.9E-02
rs62115478	19	44543760	0.688013	A	G	0.971162	0.945735	30.1118	4.1E-08	0.0962012	0.0173056	30.902	2.7E-08	34.8791	3.5E-09
rs74747585	19	45039971	0.694152	T	C	0.974322	0.945812	40.4655	2.0E-10	0.116012	0.0181784	40.7282	1.7E-10	40.8732	1.6E-10
rs112027066	19	45129089	0.697512	C	T	0.981171	0.962142	34.0932	5.3E-09	0.126539	0.020973	36.4018	1.6E-09	33.5138	7.1E-09
rs73048351	19	45160086	0.697689	C	A	0.989712	0.91554	43.4049	4.5E-11	0.201803	0.029149	47.9298	4.4E-12	48.2444	3.8E-12
rs139326841	19	45269725	0.701551	T	C	0.978636	0.821408	41.3753	1.3E-10	-0.135615	0.0213606	40.3075	2.2E-10	39.5495	3.2E-10
rs2075649	19	45395330	0.707004	A	G	0.611354	0.998574	94.9721	1.9E-22	-0.0555912	0.0057752	92.657	6.2E-22	95.3172	1.6E-22
rs201269048	19	45574113	0.710921	T	G	0.948897	0.903577	38.4262	5.7E-10	0.0859287	0.0133962	41.1447	1.4E-10	42.9774	5.5E-11
rs2864436	19	55986637	0.996315	T	C	0.754674	1	0.00326863	9.5E-01	-0.000443224	0.0065048	0.00464279	9.5E-01	0.00164008	9.7E-01
rs151235402	20	569164	0.0196907	C	T	0.984757	0.956324	0.298189	5.9E-01	0.0147684	0.023588	0.391999	5.3E-01	0.495246	4.8E-01
rs805769	20	5667459	0.191037	T	C	0.595306	0.99253	0.0661087	8.0E-01	0.00136052	0.00574746	0.0560346	8.1E-01	0.000593917	9.8E-01
rs6117303	20	6487687	0.213838	T	C	0.34849	0.989053	4.53515	3.3E-02	0.0139855	0.00592499	5.57165	1.8E-02	5.96307	1.5E-02
rs146411982	20	38985760	0.586515	A	G	0.97517	0.885893	21.7258	3.1E-06	-0.0910515	0.0191544	22.5963	2.0E-06	21.7229	3.2E-06
rs1997833	20	39690342	0.597551	T	C	0.700507	0.998963	9.92161	1.6E-03	-0.019794	0.00611364	10.4825	1.2E-03	12.1121	5.0E-04
rs11699991	20	45489407	0.689702	T	A	0.670387	0.988835	0.438602	5.1E-01	0.00609964	0.0060046	1.03191	3.1E-01	1.47342	2.2E-01
rs6068280	20	51235613	0.791961	A	G	0.324841	0.992237	0.187653	6.6E-01	0.00320147	0.00599079	0.285582	5.9E-01	0.354796	5.5E-01
rs6013572	20	51553621	0.798111	T	C	0.936054	1	0.262375	6.1E-01	0.00418961	0.0115462	0.131664	7.2E-01	0.167615	6.8E-01
rs1936966	20	51691779	0.801626	C	T	0.672454	0.982215	1.02451	3.1E-01	-0.00642604	0.00607644	1.11838	2.9E-01	0.766601	3.8E-01
rs2105063	20	62690683	1.09651	C	T	0.438811	1	2.64509	1.0E-01	0.00900231	0.00567071	2.52019	1.1E-01	2.14292	1.4E-01
rs4998557	21	33034892	0.322704	G	A	0.887631	0.995909	0.830919	3.6E-01	-0.0057808	0.00892778	0.419265	5.2E-01	0.462751	5.0E-01
rs2836139	21	39451403	0.432375	A	G	0.514897	0.9942	1.8539	1.7E-01	0.00665262	0.00566301	1.38004	2.4E-01	1.34032	2.5E-01
rs2330396	21	47524380	0.643685	A	C	0.492654	0.996498	5.5809	1.8E-02	-0.0131036	0.00561401	5.44797	2.0E-02	4.71942	3.0E-02
rs2236142	22	29137944	0.338659	G	C	0.32476	0.994367	0.646256	4.2E-01	-0.00465823	0.00600935	0.600879	4.4E-01	0.826929	3.6E-01
rs5997898	22	31572963	0.355537	A	C	0.421356	0.998342	0.286281	5.9E-01	-0.00323328	0.00569707	0.322096	5.7E-01	0.384957	5.3E-01
