SNP	CHR	BP	GENPOS	ALLELE1	ALLELE0	A1FREQ	INFO	CHISQ_LINREG	P_LINREG	BETA	SE	CHISQ_BOLT_LMM_INF	P_BOLT_LMM_INF	CHISQ_BOLT_LMM	P_BOLT_LMM
rs10909862	1	2936815	0.0400559	G	A	0.1928	0.987988	1.00785	3.2E-01	-0.00737535	0.00708818	1.08267	3.0E-01	1.12472	2.9E-01
rs10909862	1	2936815	0.0400559	G	A	0.1928	0.987988	1.00785	3.2E-01	-0.00737535	0.00708818	1.08267	3.0E-01	1.12472	2.9E-01
rs1294014	1	9325676	0.18921	C	T	0.732088	0.974098	1.48673	2.2E-01	0.0055936	0.00637212	0.770575	3.8E-01	0.754617	3.9E-01
rs10753554	1	23619009	0.461644	T	C	0.260317	0.989627	2.73784	9.8E-02	-0.00951246	0.00636599	2.23282	1.4E-01	2.2483	1.3E-01
rs75991743	1	39286089	0.662194	C	T	0.969233	1	31.9998	1.5E-08	-0.0910112	0.0160559	32.1309	1.4E-08	33.089	8.8E-09
rs12117661	1	55487346	0.808955	C	G	0.755046	0.987273	44.2984	2.8E-11	0.0422803	0.0065185	42.0708	8.8E-11	40.7803	1.7E-10
rs626787	1	62901243	0.92278	C	G	0.648073	0.994875	34.6422	4.0E-09	-0.0345979	0.0058301	35.2167	2.9E-09	35.6174	2.4E-09
rs875868	1	65539253	0.960443	A	C	0.697717	0.993511	1.05462	3.0E-01	-0.00536464	0.00607251	0.780447	3.8E-01	1.61517	2.0E-01
rs10889551	1	65906137	0.967654	A	G	0.326867	0.995997	0.791553	3.7E-01	0.00712762	0.00594417	1.43782	2.3E-01	1.40327	2.4E-01
rs71658797	1	77967507	1.07336	T	A	0.879141	0.99054	1.38245	2.4E-01	-0.0146278	0.00854778	2.92854	8.7E-02	4.63673	3.1E-02
rs1415361	1	103562263	1.33102	C	T	0.402104	0.995554	3.92878	4.7E-02	-0.0114417	0.00568128	4.05589	4.4E-02	5.69533	1.7E-02
rs116679284	1	119014845	1.50751	C	T	0.963654	0.948411	0.0224261	8.8E-01	-0.00135521	0.0152593	0.00788755	9.3E-01	0.132537	7.2E-01
rs1766783	1	119434896	1.50931	A	C	0.181268	0.981355	0.698226	4.0E-01	0.00647792	0.00727217	0.793492	3.7E-01	0.369611	5.4E-01
rs3738479	1	150997842	1.65945	T	A	0.765906	0.995486	2.02711	1.5E-01	-0.0110213	0.00658054	2.80507	9.4E-02	2.05295	1.5E-01
rs79810698	1	154836444	1.69767	C	A	0.95565	1	0.0565655	8.1E-01	0.00233797	0.0135008	0.0299887	8.6E-01	0.0166166	9.0E-01
rs10494421	1	164738727	1.83743	C	T	0.880829	1	0.234513	6.3E-01	-0.00296852	0.00857806	0.119757	7.3E-01	0.0644439	8.0E-01
rs3121911	1	170212480	1.91705	G	A	0.744389	0.993907	1.34756	2.5E-01	-0.00795084	0.00635531	1.56514	2.1E-01	1.05015	3.1E-01
rs17346300	1	170510459	1.91857	C	T	0.950626	1	2.97899	8.4E-02	-0.0189177	0.0128559	2.16536	1.4E-01	1.36445	2.4E-01
rs6697844	1	172308238	1.93873	C	T	0.56798	0.996349	0.621428	4.3E-01	0.00544649	0.00559474	0.947706	3.3E-01	1.0134	3.1E-01
rs10922075	1	196467248	2.1432	G	A	0.687963	0.997066	3.48281	6.2E-02	-0.0109754	0.00600012	3.34598	6.7E-02	2.87307	9.0E-02
rs13303121	1	203503267	2.22276	C	G	0.607356	0.947347	1.90778	1.7E-01	-0.0076681	0.00582873	1.73073	1.9E-01	1.59658	2.1E-01
rs4951159	1	205012106	2.25304	G	C	0.0908836	0.967	0.0308932	8.6E-01	0.00206648	0.00983015	0.0441916	8.3E-01	0.0758927	7.8E-01
rs61821643	1	219268532	2.43532	T	C	0.974378	0.889659	2.42558	1.2E-01	0.0262358	0.0186169	1.98598	1.6E-01	3.99341	4.6E-02
rs77278027	1	219392230	2.43543	C	T	0.93823	0.976746	0.056844	8.1E-01	-0.000892557	0.0116832	0.00583645	9.4E-01	0.0129473	9.1E-01
rs12740837	1	219623230	2.43692	G	A	0.983204	0.959021	0.177301	6.7E-01	-0.00958324	0.0220205	0.189395	6.6E-01	0.473064	4.9E-01
rs4631704	1	230293530	2.53595	C	T	0.39136	0.985874	40.036	2.5E-10	-0.0372188	0.00573063	42.1812	8.3E-11	42.9902	5.5E-11
rs711869	2	13073967	0.297329	G	A	0.443249	0.983109	0.102662	7.5E-01	0.00137887	0.00564154	0.0597384	8.1E-01	0.218962	6.4E-01
rs2702068	2	24689512	0.456007	A	C	0.144534	0.985387	0.0218348	8.8E-01	-0.00171461	0.00796045	0.0463933	8.3E-01	0.116314	7.3E-01
rs77541036	2	25575523	0.459339	A	G	0.962268	0.991995	3.98446	4.6E-02	0.0233915	0.0146228	2.55889	1.1E-01	3.40441	6.5E-02
rs7933	2	43452183	0.682402	A	G	0.634849	0.981779	0.000347256	9.9E-01	0.0011139	0.00581731	0.0366649	8.5E-01	0.0233137	8.8E-01
rs56266464	2	44054991	0.686489	G	A	0.939556	0.986548	37.5285	9.0E-10	0.0764089	0.0117567	42.2397	8.1E-11	46.2837	1.0E-11
rs36072157	2	48953740	0.765134	G	C	0.658175	0.956087	0.252728	6.2E-01	0.00197637	0.00598225	0.109146	7.4E-01	0.369971	5.4E-01
rs4953627	2	48990167	0.765401	C	T	0.77524	0.975089	6.3	1.2E-02	-0.0187708	0.00676071	7.70866	5.5E-03	7.60415	5.8E-03
rs10779951	2	66142656	0.91656	G	A	0.525126	0.992672	1.74547	1.9E-01	0.00866629	0.00559418	2.3999	1.2E-01	2.34113	1.3E-01
rs12713567	2	66729420	0.924256	A	G	0.428176	0.981664	1.2118	2.7E-01	0.00781337	0.00566411	1.90289	1.7E-01	2.94021	8.6E-02
rs1521047	2	67724601	0.937973	C	G	0.75421	0.992329	0.795243	3.7E-01	-0.00696893	0.00645409	1.1659	2.8E-01	1.94551	1.6E-01
rs12712049	2	100208830	1.21955	A	G	0.176674	0.985519	8.60871	3.3E-03	-0.0222349	0.00732737	9.20818	2.4E-03	7.15699	7.5E-03
rs72946301	2	111861838	1.33125	G	A	0.903863	0.964859	2.92301	8.7E-02	-0.0188542	0.00960197	3.85561	5.0E-02	4.16256	4.1E-02
rs1053413	2	114471921	1.35945	A	G	0.784744	0.998156	1.28053	2.6E-01	-0.00664524	0.00678366	0.959608	3.3E-01	1.1126	2.9E-01
rs7593247	2	119337589	1.3956	C	T	0.503784	0.990163	0.396192	5.3E-01	0.00301927	0.0055822	0.292547	5.9E-01	0.449809	5.0E-01
rs78876301	2	158234589	1.75901	A	C	0.987195	0.782415	0.266428	6.1E-01	-0.0235137	0.0279684	0.706815	4.0E-01	0.408933	5.2E-01
rs77928329	2	158413902	1.76308	G	A	0.94544	0.998218	1.77292	1.8E-01	0.0153613	0.0122004	1.58529	2.1E-01	1.13765	2.9E-01
rs1402698	2	165424575	1.81281	G	A	0.368889	0.988943	3.01607	8.2E-02	0.0101625	0.00580265	3.06727	8.0E-02	2.46179	1.2E-01
rs3769877	2	165569779	1.81517	G	A	0.125673	1	1.76721	1.8E-01	-0.0103903	0.00838795	1.53443	2.2E-01	3.08919	7.9E-02
rs72882321	2	172298662	1.8972	C	T	0.821415	0.98752	0.234747	6.3E-01	0.00235425	0.00730606	0.103833	7.5E-01	0.0235593	8.8E-01
rs62173497	2	187821910	2.04064	C	A	0.889372	0.96522	4.30724	3.8E-02	-0.0178054	0.00900398	3.91054	4.8E-02	6.2351	1.3E-02
rs61613340	2	191746748	2.0603	G	T	0.922172	0.993102	5.46866	1.9E-02	-0.0234626	0.0104057	5.08402	2.4E-02	4.18537	4.1E-02
rs1250248	2	216287093	2.28549	A	G	0.271958	0.996374	2.46327	1.2E-01	-0.010807	0.0062621	2.97834	8.4E-02	2.33495	1.3E-01
rs2373074	2	218381350	2.32413	C	T	0.903229	0.998908	0.0781595	7.8E-01	0.00423451	0.00941177	0.202425	6.5E-01	0.0365946	8.5E-01
rs62182126	2	219279230	2.33765	G	A	0.901349	1	2.34863	1.3E-01	0.014873	0.00932009	2.54659	1.1E-01	2.57146	1.1E-01
rs6760762	2	226866226	2.44112	C	T	0.776249	0.976874	13.7532	2.1E-04	-0.024939	0.00675329	13.6373	2.2E-04	13.1674	2.8E-04
rs305506	3	12026709	0.296805	G	T	0.113563	0.992655	0.38841	5.3E-01	-0.00260258	0.00880742	0.0873195	7.7E-01	0.00205358	9.6E-01
rs114252958	3	12409938	0.29797	C	T	0.982978	0.956617	0.730425	3.9E-01	0.0162806	0.0220683	0.544252	4.6E-01	0.484639	4.9E-01
rs10490869	3	35635145	0.595764	A	T	0.789478	0.990849	2.04128	1.5E-01	0.00844712	0.00682673	1.53106	2.2E-01	1.20952	2.7E-01
rs6771508	3	43718462	0.664863	A	C	0.974946	0.998741	0.873209	3.5E-01	-0.0155236	0.0177958	0.760938	3.8E-01	0.969692	3.2E-01
rs4683294	3	46979013	0.687679	G	C	0.321605	0.960868	7.04338	8.0E-03	0.0147213	0.00606283	5.89576	1.5E-02	5.87053	1.5E-02
rs4858828	3	48724811	0.68972	C	T	0.349101	0.999091	1.33691	2.5E-01	0.00678134	0.00581088	1.3619	2.4E-01	1.26316	2.6E-01
rs352156	3	52214610	0.694887	C	T	0.955078	0.904333	1.13697	2.9E-01	-0.015867	0.0139855	1.28716	2.6E-01	1.12408	2.9E-01
rs7643235	3	53227428	0.699142	T	C	0.4136	0.989215	3.55143	5.9E-02	-0.0112028	0.00564487	3.93861	4.7E-02	3.06781	8.0E-02
rs11718560	3	64584862	0.868956	C	T	0.731847	0.985124	0.760994	3.8E-01	0.00570567	0.0063145	0.816462	3.7E-01	0.634482	4.3E-01
rs4688498	3	64674599	0.871028	C	T	0.669682	0.985151	3.06581	8.0E-02	-0.00902152	0.00595504	2.29504	1.3E-01	2.98606	8.4E-02
rs997274	3	78704821	1.06722	T	C	0.748705	0.994327	0.192893	6.6E-01	0.00237381	0.00644118	0.135819	7.1E-01	0.118793	7.3E-01
rs1877569	3	99224544	1.12953	G	A	0.816212	0.993173	0.0330377	8.6E-01	0.00142103	0.00717985	0.039172	8.4E-01	0.00063954	9.8E-01
rs9875732	3	107461731	1.19696	T	C	0.623037	0.99667	2.25931	1.3E-01	-0.00816867	0.00574655	2.02064	1.6E-01	2.00021	1.6E-01
rs1000368	3	123117165	1.35684	C	T	0.748381	0.996692	5.55726	1.8E-02	0.016137	0.00640998	6.33767	1.2E-02	5.5755	1.8E-02
rs113771682	3	129112166	1.4255	C	T	0.937375	0.999072	1.04145	3.1E-01	-0.00978284	0.011506	0.722904	4.0E-01	0.650642	4.2E-01
rs7647218	3	129125231	1.42558	C	A	0.901341	0.999167	0.465455	5.0E-01	-0.00793267	0.00934433	0.720681	4.0E-01	1.25884	2.6E-01
rs75212171	3	129323322	1.42649	T	C	0.983129	1	0.00296449	9.6E-01	-0.00059979	0.0215751	0.00077285	9.8E-01	0.0586924	8.1E-01
rs112551697	3	150018637	1.64271	G	A	0.96554	0.928479	3.5232	6.1E-02	0.0297937	0.0157651	3.57152	5.9E-02	3.6878	5.5E-02
rs11720805	3	156800360	1.71236	A	G	0.330979	0.970132	2.27031	1.3E-01	-0.00990787	0.00600024	2.72661	9.9E-02	2.98907	8.4E-02
rs1488111	3	168951612	1.77942	C	T	0.517315	0.996852	1.08481	3.0E-01	-0.00274798	0.00555947	0.24432	6.2E-01	0.172188	6.8E-01
rs1499813	3	171760427	1.8208	T	C	0.587431	1	0.352262	5.5E-01	-0.00395584	0.00567144	0.486508	4.9E-01	0.529981	4.7E-01
rs13092876	3	185495320	2.01656	G	A	0.686729	0.994835	1.77018	1.8E-01	0.00705824	0.00600734	1.38047	2.4E-01	1.98285	1.6E-01
rs3843375	3	196813908	2.26438	G	A	0.590289	0.999191	0.539099	4.6E-01	0.00252611	0.0056676	0.198658	6.6E-01	0.0286105	8.7E-01
rs75072999	4	844781	0.00782036	G	A	0.904916	0.991302	0.0483316	8.3E-01	-0.00435566	0.0095321	0.2088	6.5E-01	0.202711	6.5E-01
rs748483	4	952409	0.00822297	A	G	0.891514	0.99682	2.72232	9.9E-02	0.0167763	0.00895964	3.50598	6.1E-02	3.52248	6.1E-02
rs1912897	4	26006133	0.455942	A	T	0.79303	0.98817	6.36892	1.2E-02	0.0180559	0.00690656	6.83467	8.9E-03	5.84038	1.6E-02
rs7689800	4	26295421	0.461356	C	G	0.382047	0.982424	5.57112	1.8E-02	-0.0148774	0.00577559	6.63531	1.0E-02	7.95633	4.8E-03
rs34171390	4	56192405	0.730002	C	G	0.8287	0.967618	0.00214829	9.6E-01	-0.000852087	0.0074826	0.0129677	9.1E-01	0.176564	6.7E-01
rs3017896	4	89533004	1.04795	G	C	0.704424	1	1.16636	2.8E-01	0.00633665	0.0060732	1.08864	3.0E-01	0.937114	3.3E-01
rs10029220	4	89710592	1.04921	C	T	0.909822	0.997537	0.0744122	7.9E-01	0.00688207	0.00972793	0.500491	4.8E-01	0.0368108	8.5E-01
rs1813006	4	103001649	1.15654	G	T	0.940843	0.94358	14.1613	1.7E-04	0.0463926	0.01212	14.6518	1.3E-04	15.4487	8.5E-05
rs12647922	4	106063987	1.17944	C	T	0.794569	0.998343	2.16897	1.4E-01	-0.0105135	0.00687907	2.3358	1.3E-01	2.4458	1.2E-01
rs7655064	4	120106348	1.31331	T	C	0.875314	0.995692	0.511866	4.7E-01	0.00522232	0.00841821	0.384846	5.4E-01	0.239576	6.2E-01
rs2922979	4	123748616	1.34468	C	G	0.689916	1	5.83938	1.6E-02	-0.0141932	0.00601743	5.56334	1.8E-02	4.87157	2.7E-02
rs1520325	4	125182690	1.35483	C	T	0.780072	0.994582	0.0160768	9.0E-01	0.0027711	0.00673015	0.169534	6.8E-01	0.327753	5.7E-01
rs2353397	4	145517578	1.53798	C	T	0.460014	1	0.127362	7.2E-01	-0.00155852	0.00558408	0.077897	7.8E-01	3.10459e-05	1.0E+00
rs2166365	5	3597830	0.0882728	A	G	0.777698	0.981109	0.846016	3.6E-01	-0.00707668	0.0067445	1.10093	2.9E-01	1.64599	2.0E-01
rs13178917	5	4007353	0.10142	C	T	0.551974	0.99437	2.41575	1.2E-01	-0.00838763	0.00558264	2.25735	1.3E-01	1.23132	2.7E-01
rs10061804	5	32748637	0.511958	G	A	0.711087	1	0.343456	5.6E-01	0.00414571	0.00613743	0.456273	5.0E-01	0.247331	6.2E-01
rs299615	5	34042097	0.535425	G	A	0.843206	1	3.75959	5.3E-02	-0.0159891	0.00765428	4.36353	3.7E-02	2.71372	9.9E-02
rs4293945	5	38736142	0.597252	A	T	0.606405	0.995383	3.35432	6.7E-02	0.0111158	0.00570413	3.79757	5.1E-02	5.01034	2.5E-02
rs163112	5	54538003	0.667379	C	G	0.107056	0.994238	1.36968	2.4E-01	-0.0101137	0.00903348	1.25346	2.6E-01	2.69423	1.0E-01
rs61653333	5	55779080	0.679717	G	T	0.970413	0.977169	0.300351	5.8E-01	0.00765715	0.0165699	0.213547	6.4E-01	0.0125976	9.1E-01
rs6867983	5	55854153	0.681454	C	T	0.861186	1	24.6435	6.9E-07	0.0413707	0.00804267	26.4597	2.7E-07	25.9611	3.5E-07
rs11749164	5	66294202	0.770672	T	G	0.726476	0.988719	0.0844113	7.7E-01	-0.00182516	0.00627704	0.0845458	7.7E-01	0.0130662	9.1E-01
rs6878122	5	76427311	0.889556	G	A	0.318279	0.997785	6.64171	1.0E-02	0.0147177	0.00598292	6.05133	1.4E-02	5.46863	1.9E-02
rs7734060	5	101780479	1.10738	T	G	0.734786	0.995631	1.92413	1.7E-01	-0.0090078	0.00633225	2.02359	1.5E-01	1.5514	2.1E-01
rs1394631	5	118639270	1.27349	C	T	0.775173	0.988487	0.715193	4.0E-01	0.00564692	0.00668805	0.712894	4.0E-01	0.75294	3.9E-01
rs11744058	5	118798944	1.27486	G	T	0.783774	0.998591	3.15439	7.6E-02	-0.0118293	0.00676409	3.05845	8.0E-02	2.7564	9.7E-02
rs3749748	5	127350549	1.37291	C	T	0.753975	0.992802	2.0856	1.5E-01	-0.00925295	0.00647531	2.04192	1.5E-01	2.182	1.4E-01
rs4705986	5	132349654	1.39065	T	G	0.937241	0.978165	0.425335	5.1E-01	-0.0113828	0.0116009	0.962747	3.3E-01	0.711354	4.0E-01
rs10463353	5	141710741	1.48273	C	T	0.640669	0.986535	6.89966	8.6E-03	-0.0166098	0.00582855	8.12093	4.4E-03	7.15235	7.5E-03
rs33999	5	141973349	1.48937	C	G	0.612065	0.9834	0.680019	4.1E-01	0.00403445	0.00574157	0.493749	4.8E-01	0.550232	4.6E-01
rs12652322	5	171822666	1.88951	C	T	0.705252	0.99822	0.220221	6.4E-01	0.0026798	0.00611028	0.192345	6.6E-01	0.307935	5.8E-01
rs2053681	5	172746086	1.91113	A	G	0.485601	0.912476	0.0365128	8.5E-01	-0.00224182	0.00583809	0.147455	7.0E-01	0.11651	7.3E-01
rs10035782	5	173270328	1.92939	A	G	0.600665	0.984103	2.98613	8.4E-02	0.0100014	0.00572238	3.05471	8.1E-02	3.11348	7.8E-02
rs11963955	6	6631996	0.178791	A	G	0.637527	0.976944	1.30528	2.5E-01	0.00630839	0.0058572	1.16	2.8E-01	2.78097	9.5E-02
rs201061	6	6730512	0.181115	G	A	0.455616	0.976616	0.00919108	9.2E-01	8.35997e-05	0.0056361	0.000220015	9.9E-01	0.0364956	8.5E-01
rs1334576	6	7211818	0.195986	G	A	0.5774	1	2.10623	1.5E-01	0.00672436	0.00563844	1.42228	2.3E-01	1.62468	2.0E-01
rs9382988	6	14595010	0.314722	C	A	0.204362	0.998886	0.0912943	7.6E-01	0.00312779	0.00691631	0.204515	6.5E-01	0.147944	7.0E-01
rs4710940	6	20658012	0.410434	A	C	0.647018	0.999463	6.97271	8.3E-03	0.0177197	0.00583065	9.23587	2.4E-03	7.85569	5.1E-03
rs3129830	6	30248711	0.50553	G	A	0.868546	0.999908	4.36965	3.7E-02	-0.0189756	0.00819749	5.35834	2.1E-02	6.17853	1.3E-02
rs7772131	6	30795171	0.50714	A	C	0.988571	1	5.75279	1.6E-02	-0.0555178	0.0261591	4.50421	3.4E-02	4.27948	3.9E-02
rs6919908	6	31244960	0.511805	T	C	0.193909	0.999901	7.15438	7.5E-03	0.0193458	0.00705171	7.52639	6.1E-03	6.27976	1.2E-02
rs181133225	6	32454764	0.520293	T	C	0.893444	0.778953	4.74398	2.9E-02	0.0181583	0.0101504	3.20028	7.4E-02	1.92606	1.7E-01
rs117108573	6	32489679	0.520303	C	T	0.921405	0.866866	5.94885	1.5E-02	0.0224554	0.0110312	4.14376	4.2E-02	2.18539	1.4E-01
rs575662827	6	32543874	0.520325	T	C	0.899303	0.833996	8.02873	4.6E-03	0.0249942	0.0100692	6.16157	1.3E-02	3.63443	5.7E-02
rs114760566	6	34192036	0.545788	C	A	0.954268	0.993831	1.16365	2.8E-01	0.0148428	0.0133393	1.23813	2.7E-01	1.07062	3.0E-01
rs1574430	6	43269029	0.669727	A	C	0.391321	0.999399	0.665538	4.1E-01	0.00434299	0.00569683	0.58118	4.5E-01	0.538528	4.6E-01
rs9381248	6	43734606	0.675407	C	T	0.87836	0.993046	2.30173	1.3E-01	0.014852	0.00854109	3.02373	8.2E-02	3.51231	6.1E-02
rs35349911	6	43785255	0.678849	C	T	0.409597	0.97009	0.354233	5.5E-01	0.00379138	0.00575123	0.434583	5.1E-01	0.722438	4.0E-01
rs72902769	6	80719576	0.920488	C	G	0.966636	0.999182	1.20609	2.7E-01	0.0144269	0.0155091	0.865303	3.5E-01	0.549748	4.6E-01
rs62406467	6	81114126	0.921634	G	T	0.849349	0.952286	2.18879	1.4E-01	-0.0119472	0.00796408	2.25041	1.3E-01	2.02002	1.6E-01
rs6924944	6	100597579	1.0811	A	T	0.245827	0.981159	0.10998	7.4E-01	-0.00156393	0.00653564	0.0572606	8.1E-01	0.216797	6.4E-01
rs2806373	6	109222017	1.18299	G	A	0.239664	0.998945	3.94505	4.7E-02	0.0114313	0.0065092	3.08414	7.9E-02	2.38466	1.2E-01
rs72969772	6	126187585	1.32503	A	G	0.980332	1	0.0409322	8.4E-01	-0.00857916	0.0200826	0.182495	6.7E-01	0.00270785	9.6E-01
rs9986505	6	126445558	1.32603	A	G	0.6761	0.991308	0.0051109	9.4E-01	0.00135833	0.00596609	0.051836	8.2E-01	0.00442278	9.5E-01
rs74949497	6	126812007	1.32699	A	C	0.97518	1	5.59342	1.8E-02	0.0420504	0.0179751	5.47267	1.9E-02	5.15154	2.3E-02
rs139242696	6	127414440	1.32797	T	C	0.974907	0.948341	0.563164	4.5E-01	0.0130051	0.0182195	0.509508	4.8E-01	0.975624	3.2E-01
rs9385864	6	139805476	1.50274	C	T	0.6907	0.988333	3.05903	8.0E-02	0.0102434	0.00606109	2.85617	9.1E-02	3.63413	5.7E-02
rs12205386	6	139837171	1.50318	C	A	0.643666	0.9992	2.45192	1.2E-01	-0.00936934	0.00581179	2.59895	1.1E-01	2.60187	1.1E-01
rs11756568	6	152042413	1.64245	A	T	0.724877	0.999168	1.49674	2.2E-01	-0.0073153	0.00623674	1.37578	2.4E-01	2.06091	1.5E-01
rs2282137	6	160468180	1.77084	G	A	0.984432	0.989502	31.6862	1.8E-08	-0.128209	0.0225368	32.3632	1.3E-08	31.0802	2.5E-08
rs9459839	6	167431829	1.92196	T	C	0.531185	0.998188	2.30099	1.3E-01	0.00825986	0.00555513	2.21084	1.4E-01	2.60313	1.1E-01
rs2214440	7	20372191	0.358281	A	G	0.667686	0.991786	9.35109e-05	9.9E-01	0.00115134	0.00593052	0.0376896	8.5E-01	0.221472	6.4E-01
rs111683990	7	25729528	0.437229	C	G	0.955515	0.987881	1.19141	2.8E-01	0.015137	0.0135943	1.23984	2.7E-01	0.745275	3.9E-01
rs2040786	7	26208736	0.442609	G	A	0.529361	1	0.229509	6.3E-01	0.00162009	0.00556917	0.0846245	7.7E-01	0.0997738	7.5E-01
rs17428025	7	27251396	0.453724	C	T	0.971743	0.967404	0.150571	7.0E-01	-0.006841	0.0170549	0.160895	6.9E-01	0.240839	6.2E-01
rs849140	7	28183702	0.463008	T	C	0.410278	1	1.09486	3.0E-01	-0.00616205	0.005683	1.1757	2.8E-01	3.08513	7.9E-02
rs17172095	7	42665355	0.680121	A	G	0.679343	0.995026	3.93109	4.7E-02	-0.0126366	0.00596832	4.48286	3.4E-02	4.23916	4.0E-02
rs71553230	7	71997829	0.893615	T	A	0.963499	0.829255	33.7129	6.4E-09	-0.0979526	0.0162536	36.319	1.7E-09	37.3925	9.7E-10
rs75252467	7	72802596	0.896534	G	T	0.432818	0.70545	33.3134	7.8E-09	0.0377498	0.00666634	32.0666	1.5E-08	30.0538	4.2E-08
rs76306613	7	106235348	1.22452	G	T	0.855998	0.98895	0.354251	5.5E-01	-0.00387665	0.00796667	0.236789	6.3E-01	0.0619572	8.0E-01
rs2237687	7	107585473	1.24369	C	T	0.472386	0.966594	3.75613	5.3E-02	-0.0113941	0.00565837	4.05491	4.4E-02	2.81293	9.4E-02
rs38902	7	116889718	1.32093	G	A	0.474719	0.992845	0.026348	8.7E-01	0.00119609	0.00558406	0.0458809	8.3E-01	0.00086997	9.8E-01
rs12154627	7	130422934	1.4017	T	C	0.506907	0.97487	32.0966	1.5E-08	-0.0314599	0.00562071	31.3279	2.2E-08	37.3604	9.8E-10
rs7808446	7	150214465	1.67249	T	G	0.235469	0.993612	5.57424	1.8E-02	-0.0150125	0.00657261	5.21709	2.2E-02	2.87555	9.0E-02
rs2980478	8	8088230	0.237388	T	C	0.524982	0.963758	36.7263	1.4E-09	-0.0353824	0.00568319	38.7606	4.8E-10	37.0395	1.2E-09
rs4474021	8	12632903	0.332387	G	T	0.680802	1	6.10294	1.3E-02	0.0145366	0.00594819	5.97247	1.5E-02	6.08227	1.4E-02
rs7844736	8	23551671	0.545238	A	G	0.828827	1	0.879266	3.5E-01	-0.00598855	0.00738597	0.657398	4.2E-01	0.350513	5.5E-01
rs310289	8	23610756	0.545792	C	T	0.760888	0.994537	4.5758	3.2E-02	0.0148336	0.00654047	5.14371	2.3E-02	4.30205	3.8E-02
rs11992444	8	25464690	0.565812	G	T	0.49058	1	5.90021	1.5E-02	-0.0131644	0.00554369	5.63906	1.8E-02	4.84861	2.8E-02
rs7815496	8	38321607	0.69461	C	T	0.597431	0.996532	0.289066	5.9E-01	0.00229467	0.00566028	0.164348	6.9E-01	0.815913	3.7E-01
rs12543555	8	69562014	0.90375	A	G	0.792127	0.98465	0.0114297	9.1E-01	-0.00205288	0.00687986	0.0890361	7.7E-01	0.557417	4.6E-01
rs28568866	8	72353630	0.949663	G	A	0.969859	0.939217	1.45935	2.3E-01	0.0196003	0.0167785	1.36465	2.4E-01	1.45632	2.3E-01
rs146492163	8	72386394	0.950025	G	T	0.96946	0.960969	15.1238	1.0E-04	0.0633684	0.0164954	14.7578	1.2E-04	13.9126	1.9E-04
rs1895674	8	72443246	0.950276	T	G	0.946831	0.990629	1.32235	2.5E-01	-0.0148926	0.0124026	1.44183	2.3E-01	0.933409	3.3E-01
rs4147332	8	89280863	1.08332	G	C	0.323111	0.995784	7.14963	7.5E-03	0.0153242	0.00594551	6.64316	1.0E-02	6.64284	1.0E-02
rs144435165	8	126419938	1.45107	G	C	0.944194	0.785853	12.0082	5.3E-04	0.0434559	0.0136291	10.1664	1.4E-03	10.7004	1.1E-03
rs2954018	8	126477153	1.45319	C	T	0.298303	0.998357	20.952	4.7E-06	-0.0302201	0.00607593	24.7382	6.6E-07	23.6096	1.2E-06
rs6991761	8	128274518	1.48941	C	T	0.844226	0.993607	0.301913	5.8E-01	0.00288558	0.0076695	0.141557	7.1E-01	0.0139448	9.1E-01
rs2467030	8	135665361	1.60637	A	G	0.339711	0.997044	0.020685	8.9E-01	-0.00132301	0.00588833	0.0504828	8.2E-01	0.053327	8.2E-01
rs12340775	9	13226945	0.282033	G	A	0.944664	0.940298	1.32112	2.5E-01	0.0132013	0.0125261	1.11071	2.9E-01	2.36338	1.2E-01
rs73650963	9	93943033	1.11642	T	C	0.892489	0.990174	0.865613	3.5E-01	0.00859739	0.00898132	0.91633	3.4E-01	1.61416	2.0E-01
rs2131919	9	95283887	1.12689	A	G	0.83667	0.999136	2.07841	1.5E-01	0.0115695	0.007547	2.35006	1.3E-01	1.60354	2.1E-01
rs1572136	9	101740604	1.18729	G	C	0.724977	0.989514	0.224067	6.4E-01	-0.00221555	0.00626931	0.124888	7.2E-01	0.0690161	7.9E-01
rs12686004	9	107653426	1.24316	G	A	0.884341	1	5.33169	2.1E-02	-0.0189665	0.00869276	4.76057	2.9E-02	5.74894	1.6E-02
rs10991414	9	107685589	1.24582	T	C	0.861068	0.989408	2.94766	8.6E-02	0.0135899	0.00810343	2.81252	9.4E-02	1.4855	2.2E-01
rs111479443	9	107874316	1.24936	T	G	0.963776	0.9746	2.23176	1.4E-01	0.0209426	0.015087	1.92688	1.7E-01	1.09015	3.0E-01
rs7048735	9	112529695	1.31375	A	G	0.239526	0.976202	2.10172	1.5E-01	0.00983966	0.00659212	2.22798	1.4E-01	2.28138	1.3E-01
rs1002607	9	113858933	1.33848	T	C	0.40707	0.988428	1.27502	2.6E-01	-0.00587805	0.00570378	1.06204	3.0E-01	1.56827	2.1E-01
rs13298297	9	119264108	1.4204	G	A	0.769275	0.989359	1.25903	2.6E-01	-0.00808282	0.00665712	1.47419	2.2E-01	1.27244	2.6E-01
rs6478851	9	131561110	1.55426	G	A	0.758733	1	0.305596	5.8E-01	0.00502563	0.0065137	0.595285	4.4E-01	0.396173	5.3E-01
rs687621	9	136137065	1.66206	A	G	0.681622	1	35.497	2.6E-09	-0.0352977	0.00597028	34.9546	3.4E-09	37.8489	7.6E-10
rs60980157	9	139235415	1.78278	C	T	0.757489	0.966704	4.86511	2.7E-02	0.0152878	0.00658058	5.39711	2.0E-02	5.29147	2.1E-02
rs7072195	10	3540748	0.0738836	T	C	0.417524	0.993244	0.0270507	8.7E-01	0.00123478	0.00566074	0.0475809	8.3E-01	0.0886001	7.7E-01
rs11592754	10	32619572	0.605452	A	C	0.856559	0.998356	0.439134	5.1E-01	-0.00392261	0.00793447	0.244407	6.2E-01	0.0106858	9.2E-01
rs2247396	10	33489192	0.60946	G	A	0.603662	0.99818	0.0664524	8.0E-01	-0.00147917	0.00567	0.068057	7.9E-01	0.0340393	8.5E-01
rs4341488	10	60452745	0.822202	G	A	0.188405	0.998867	1.78667	1.8E-01	-0.00944247	0.00710911	1.76417	1.8E-01	1.49594	2.2E-01
rs17287962	10	63770969	0.858439	A	G	0.970068	0.979005	1.78221	1.8E-01	0.0226373	0.0164884	1.88493	1.7E-01	2.77733	9.6E-02
rs10995445	10	64874754	0.870984	A	T	0.525676	0.990097	53.1746	3.1E-13	-0.041412	0.0055867	54.9466	1.2E-13	56.8413	4.7E-14
rs10762666	10	77157489	1.00522	A	G	0.241989	0.984822	1.91174	1.7E-01	-0.00782576	0.00651706	1.44195	2.3E-01	0.749286	3.9E-01
rs10887758	10	89603315	1.15934	T	C	0.784607	0.990793	3.4454	6.3E-02	0.0110444	0.00680972	2.63041	1.0E-01	2.62073	1.1E-01
rs141490680	10	95280981	1.22085	G	A	0.866803	0.998279	19.3983	1.1E-05	0.0369603	0.00818057	20.4128	6.2E-06	19.3866	1.1E-05
rs7342070	10	104223628	1.30538	T	C	0.455127	1	2.16134	1.4E-01	0.00956707	0.00558085	2.93871	8.6E-02	3.36799	6.6E-02
rs7917983	10	114732882	1.3977	T	C	0.532013	1	1.15319	2.8E-01	0.00662431	0.00557615	1.41128	2.3E-01	2.06261	1.5E-01
rs242956	10	119297479	1.46386	C	T	0.362576	0.990585	0.293575	5.9E-01	-0.00274956	0.00579923	0.224794	6.4E-01	0.0565421	8.1E-01
rs7104929	11	784340	0.0108006	C	G	0.530558	0.997422	1.4309	2.3E-01	0.00573595	0.00558994	1.05292	3.0E-01	0.77125	3.8E-01
rs7932891	11	10921512	0.210707	A	G	0.294517	0.99931	9.35887	2.2E-03	-0.0162298	0.00609205	7.09743	7.7E-03	8.94769	2.8E-03
rs11607537	11	14224166	0.277204	C	T	0.941072	0.981717	11.4611	7.1E-04	-0.0422657	0.0119189	12.5749	3.9E-04	12.0734	5.1E-04
rs79634051	11	14561945	0.278112	G	C	0.97174	1	3.43311	6.4E-02	-0.0347879	0.0167171	4.33045	3.7E-02	4.04711	4.4E-02
rs3114693	11	26127790	0.452397	A	T	0.617593	0.997848	2.09747	1.5E-01	-0.00909677	0.005726	2.5239	1.1E-01	4.02746	4.5E-02
rs56386213	11	36291554	0.562467	A	G	0.595018	1	0.206734	6.5E-01	-0.00447704	0.00562939	0.632497	4.3E-01	1.09567	3.0E-01
rs198423	11	61514670	0.703053	G	C	0.664349	0.986572	31.4678	2.0E-08	0.0327088	0.00593572	30.3656	3.6E-08	35.3671	2.7E-09
rs4564341	11	61573540	0.704001	C	T	0.928009	0.991114	114.305	1.1E-26	0.116029	0.0107761	115.934	4.9E-27	122.269	2.0E-28
rs1043789	11	62160729	0.709847	G	A	0.679051	0.993986	0.217856	6.4E-01	-0.00374565	0.0059547	0.395672	5.3E-01	0.269124	6.0E-01
rs4297487	11	69229628	0.763225	A	G	0.324796	0.994186	0.104765	7.5E-01	0.00154729	0.00595121	0.0675977	7.9E-01	0.0363058	8.5E-01
rs28690953	11	111384426	1.18701	T	G	0.852988	1	0.490796	4.8E-01	0.00662606	0.00785492	0.711586	4.0E-01	1.09326	3.0E-01
rs523549	11	116511028	1.2592	A	G	0.415666	0.967052	39.182	3.9E-10	0.0365895	0.00574516	40.5611	1.9E-10	35.8703	2.1E-09
rs747249	11	130271647	1.49781	A	G	0.360849	0.986641	0.300099	5.8E-01	-0.00307239	0.00583066	0.277663	6.0E-01	0.953289	3.3E-01
rs11045172	12	20470221	0.37098	A	C	0.802205	0.989276	16.3185	5.4E-05	-0.0295005	0.00701731	17.6732	2.6E-05	15.9643	6.5E-05
rs7977928	12	26265632	0.457285	G	A	0.408615	1	0.780948	3.8E-01	0.0060746	0.00564388	1.15846	2.8E-01	1.558	2.1E-01
rs2343874	12	26409450	0.459085	G	A	0.53283	0.98214	3.24087	7.2E-02	0.00986794	0.00561768	3.08559	7.9E-02	3.07203	8.0E-02
rs16931815	12	27427917	0.469712	A	G	0.872673	0.996695	0.456834	5.0E-01	0.00577906	0.00837115	0.47659	4.9E-01	0.192923	6.6E-01
rs7310959	12	45968598	0.59006	G	A	0.897555	1	14.7501	1.2E-04	0.0358132	0.00918785	15.1935	9.7E-05	14.1207	1.7E-04
rs75824359	12	54320490	0.68262	A	G	0.970266	0.973341	0.308144	5.8E-01	-0.0118031	0.0165857	0.50644	4.8E-01	0.824102	3.6E-01
rs10878362	12	66417493	0.793832	C	A	0.687723	0.991565	0.595748	4.4E-01	-0.00513426	0.00600989	0.72983	3.9E-01	1.57013	2.1E-01
rs10745659	12	94092690	1.0816	C	G	0.553308	0.994516	2.41822	1.2E-01	0.00772515	0.00562581	1.88558	1.7E-01	1.2301	2.7E-01
rs10778495	12	106991545	1.2616	A	G	0.720919	0.990603	1.21273	2.7E-01	0.00768929	0.00620481	1.53573	2.2E-01	2.57017	1.1E-01
rs189392453	12	122381427	1.46398	C	A	0.929828	0.926987	1.34814	2.5E-01	0.012893	0.0113105	1.29942	2.5E-01	1.82933	1.8E-01
rs12366339	12	122854616	1.46723	G	A	0.9894	0.907552	0.943614	3.3E-01	0.0309144	0.0285385	1.17343	2.8E-01	2.03093	1.5E-01
rs147433011	12	123162845	1.46972	T	C	0.989135	0.898372	0.176028	6.7E-01	-0.00655369	0.0283539	0.0534252	8.2E-01	0.0735985	7.9E-01
rs116950578	12	123188577	1.46982	C	T	0.967055	1	2.53925	1.1E-01	-0.0267202	0.0155439	2.95499	8.6E-02	2.62268	1.1E-01
rs140689322	12	123375732	1.4703	G	A	0.973654	0.966101	3.63764	5.6E-02	-0.0352814	0.0176553	3.99336	4.6E-02	4.86328	2.7E-02
rs28722199	12	123989436	1.47618	A	G	0.954286	0.931304	6.54657	1.1E-02	0.0330406	0.0137906	5.74021	1.7E-02	7.83732	5.1E-03
rs12582221	12	125323240	1.49972	G	A	0.572176	1	1.61601	2.0E-01	-0.00765028	0.00561415	1.85689	1.7E-01	1.82758	1.8E-01
rs7993238	13	22473593	0.0544542	A	C	0.631395	0.976757	0.198376	6.6E-01	0.00331933	0.00584303	0.322719	5.7E-01	0.653731	4.2E-01
rs10507524	13	44684600	0.468128	T	C	0.907237	0.994143	0.29965	5.8E-01	-0.00596164	0.00964194	0.382299	5.4E-01	0.130387	7.2E-01
rs12872335	13	50442235	0.536587	G	A	0.792188	0.994746	0.413845	5.2E-01	-0.00540569	0.00687831	0.617644	4.3E-01	0.409893	5.2E-01
rs61964388	13	51061980	0.539297	G	A	0.904117	0.961186	0.158468	6.9E-01	0.00232751	0.00962266	0.058505	8.1E-01	0.0772831	7.8E-01
rs627527	13	110915135	1.21483	G	A	0.418925	0.983958	0.118401	7.3E-01	-0.00195874	0.0056791	0.118958	7.3E-01	0.107223	7.4E-01
rs1057119	14	23746269	0.116581	C	G	0.76153	1	0.135623	7.1E-01	-0.0039251	0.00650308	0.364305	5.5E-01	0.575719	4.5E-01
rs140664623	14	52321987	0.459221	G	T	0.976323	0.975931	0.778195	3.8E-01	-0.0200039	0.0184524	1.17523	2.8E-01	3.13536	7.7E-02
rs2145600	14	58750902	0.537897	C	G	0.237608	0.992449	8.9716	2.7E-03	-0.0196146	0.00654752	8.97437	2.7E-03	10.8469	9.9E-04
rs6575165	14	91352234	0.881721	G	A	0.76556	0.994744	2.19877	1.4E-01	0.00982957	0.00657119	2.2376	1.3E-01	2.40001	1.2E-01
rs10130936	14	98342676	1.02712	C	T	0.37676	0.985923	3.55771	5.9E-02	0.0106287	0.00578538	3.37518	6.6E-02	4.0994	4.3E-02
rs4779523	15	31679470	0.452779	T	A	0.728098	0.995337	0.305897	5.8E-01	0.00465378	0.00628023	0.549113	4.6E-01	0.368903	5.4E-01
rs28647196	15	40833379	0.629227	C	T	0.564205	0.997093	2.75904	9.7E-02	0.00787021	0.00562932	1.95461	1.6E-01	3.36305	6.7E-02
rs11630710	15	56364758	0.756318	G	T	0.893172	0.979091	0.43017	5.1E-01	0.00597005	0.00912668	0.427888	5.1E-01	0.325316	5.7E-01
rs17184382	15	63792486	0.876626	A	C	0.574619	1	4.64291	3.1E-02	-0.0129893	0.0056281	5.3266	2.1E-02	5.24939	2.2E-02
rs2165241	15	74222202	0.994735	T	C	0.491224	0.994517	0.869699	3.5E-01	-0.00648248	0.00555913	1.35978	2.4E-01	0.941344	3.3E-01
rs12905116	15	79042734	1.02295	T	A	0.242831	0.998559	0.0161682	9.0E-01	-0.00183765	0.006463	0.0808454	7.8E-01	0.0934385	7.6E-01
rs2401948	16	1340854	0.0338191	G	C	0.470436	0.984992	1.16256	2.8E-01	0.00620911	0.00561101	1.22455	2.7E-01	0.789855	3.7E-01
rs3747577	16	4415696	0.082586	C	G	0.259467	0.988145	0.0791278	7.8E-01	-0.00264819	0.00638555	0.171989	6.8E-01	0.209217	6.5E-01
rs6498114	16	10964118	0.259065	G	T	0.240585	0.980902	0.190674	6.6E-01	-0.00403304	0.00657247	0.376537	5.4E-01	0.281369	6.0E-01
rs2192868	16	53428284	0.643286	G	A	0.551203	0.983829	0.032751	8.6E-01	-0.00245962	0.00564236	0.190027	6.6E-01	0.0493309	8.2E-01
rs116975210	16	67058614	0.849502	T	G	0.960603	0.993544	1.00426	3.2E-01	-0.0133086	0.0143385	0.8615	3.5E-01	0.931124	3.3E-01
rs2056876	16	78864296	0.975993	T	G	0.815684	0.95437	0.0476202	8.3E-01	-0.00210935	0.00732577	0.0829072	7.7E-01	0.189825	6.6E-01
rs9926618	16	81484570	1.04509	T	A	0.39429	0.97289	13.344	2.6E-04	-0.0223498	0.00576733	15.0175	1.1E-04	14.6827	1.3E-04
rs66710707	16	81528621	1.0457	A	G	0.719577	0.992374	17.9591	2.3E-05	-0.0257423	0.00621139	17.1758	3.4E-05	17.0168	3.7E-05
rs116911572	17	943593	0.0364958	T	C	0.982069	1	1.63187	2.0E-01	-0.0274707	0.020987	1.71332	1.9E-01	0.784603	3.8E-01
rs4151120	17	7342148	0.196018	T	A	0.629178	0.991461	5.79662	1.6E-02	0.0136915	0.00578347	5.60435	1.8E-02	5.01146	2.5E-02
rs1561	17	8263334	0.209036	C	T	0.928268	0.930811	0.105768	7.5E-01	-0.00435343	0.0111491	0.15247	7.0E-01	0.0581884	8.1E-01
rs1242488	17	17347995	0.443205	C	A	0.250473	0.994678	1.09007	3.0E-01	-0.0057445	0.00641826	0.801068	3.7E-01	0.725018	3.9E-01
rs897456	17	17422608	0.444631	A	G	0.942018	1	15.4953	8.3E-05	0.0482979	0.0119147	16.432	5.0E-05	17.3633	3.1E-05
rs11651639	17	27672320	0.49569	A	T	0.483934	0.999433	0.105828	7.4E-01	0.00102087	0.00556193	0.0336892	8.5E-01	0.00833184	9.3E-01
rs55883500	17	40395267	0.664304	T	G	0.691334	0.998762	1.97204	1.6E-01	0.00859624	0.00601789	2.04046	1.5E-01	3.27288	7.0E-02
rs2242461	17	40861424	0.665935	G	A	0.405713	1	4.568	3.3E-02	-0.0126829	0.00566067	5.01999	2.5E-02	5.43687	2.0E-02
rs76868109	17	41776943	0.672597	A	C	0.966259	1	47.4633	5.6E-12	0.105502	0.0153643	47.1516	6.6E-12	46.9224	7.4E-12
rs62053943	17	43744203	0.688226	C	T	0.845555	0.975028	0.0970786	7.6E-01	-0.00186677	0.00780545	0.0571985	8.1E-01	0.103238	7.5E-01
rs6504972	17	53601168	0.790946	G	A	0.654059	0.990391	1.32351	2.5E-01	-0.0070952	0.00589384	1.44921	2.3E-01	1.56004	2.1E-01
rs9892365	17	59491384	0.871045	A	G	0.330387	0.996856	1.50512	2.2E-01	0.00777098	0.00591958	1.72334	1.9E-01	1.67754	2.0E-01
rs146385050	17	60637258	0.881108	C	A	0.819308	0.982238	0.0220259	8.8E-01	0.000166652	0.00728437	0.000523404	9.8E-01	0.000991215	9.7E-01
rs1966327	17	67570113	0.971768	A	G	0.320402	0.997202	0.0394325	8.4E-01	-0.000996635	0.00595979	0.0279647	8.7E-01	0.0159578	9.0E-01
rs9896666	17	68226321	0.98162	C	T	0.675868	0.994992	0.0479513	8.3E-01	-0.00313241	0.00594947	0.277205	6.0E-01	0.160735	6.9E-01
rs3810068	18	2846499	0.0738566	T	C	0.595452	1	3.9249	4.8E-02	-0.00977225	0.00565212	2.98929	8.4E-02	2.53409	1.1E-01
rs4800451	18	20716805	0.429195	C	T	0.259966	0.984274	0.00452241	9.5E-01	0.000145224	0.00640027	0.000514852	9.8E-01	0.00549774	9.4E-01
rs1026186	18	42741410	0.625015	G	A	0.64681	0.995626	0.231298	6.3E-01	-0.00403038	0.00583058	0.477826	4.9E-01	0.239819	6.2E-01
rs8086644	18	60788559	0.864537	G	A	0.834201	0.988925	0.0234031	8.8E-01	-0.00228069	0.00750948	0.0922387	7.6E-01	0.000138183	9.9E-01
rs12979965	19	2131148	0.0753026	A	G	0.499935	0.991113	0.863769	3.5E-01	0.00547344	0.00556477	0.967447	3.3E-01	0.740523	3.9E-01
rs10421685	19	4488926	0.151356	G	A	0.311293	0.998169	0.194737	6.6E-01	0.00232817	0.00599893	0.15062	7.0E-01	0.143741	7.0E-01
rs10421685	19	4488926	0.151356	G	C	0.973386	0.548756	0.610691	4.3E-01	0.0227383	0.0232382	0.957439	3.3E-01	0.711637	4.0E-01
rs35555265	19	17152232	0.420672	C	T	0.803227	0.993265	5.64873	1.7E-02	-0.0160404	0.0069863	5.27155	2.2E-02	5.36164	2.1E-02
rs72999466	19	18248499	0.447893	C	T	0.742123	0.99893	0.949151	3.3E-01	-0.00814964	0.00633579	1.65453	2.0E-01	1.42049	2.3E-01
rs1423056	19	33780444	0.560699	G	A	0.681795	0.903762	0.163059	6.9E-01	0.00268761	0.00627086	0.183686	6.7E-01	0.18308	6.7E-01
rs113504807	19	33787954	0.561506	C	T	0.951238	0.934153	0.00297738	9.6E-01	0.000708219	0.0132935	0.00283828	9.6E-01	0.00659648	9.4E-01
rs11672697	19	33876955	0.562267	C	T	0.494053	0.99299	0.516172	4.7E-01	-0.00442528	0.00556911	0.631407	4.3E-01	1.09448	3.0E-01
rs62116588	19	44446097	0.68736	C	G	0.976805	0.933368	44.8536	2.1E-11	0.126236	0.0191	43.6815	3.9E-11	45.6096	1.4E-11
rs55840997	19	44480979	0.687479	G	A	0.981353	1	31.3132	2.2E-08	0.11594	0.0205152	31.9386	1.6E-08	34.859	3.5E-09
rs73048351	19	45160086	0.697689	C	A	0.989712	0.91554	72.0501	2.1E-17	0.243831	0.0287952	71.7033	2.5E-17	74.6135	5.7E-18
rs11881756	19	45220896	0.699851	T	C	0.886737	1	223.33	1.7E-50	0.129616	0.0087464	219.615	1.1E-49	233.424	1.1E-52
rs140824606	19	45311084	0.70382	G	A	0.974928	0.867871	43.3105	4.7E-11	-0.125314	0.0190022	43.4905	4.3E-11	49.5894	1.9E-12
rs2075649	19	45395330	0.707004	A	G	0.611354	0.998574	60.9429	5.9E-15	-0.0449031	0.00570508	61.9482	3.5E-15	70.0207	5.9E-17
rs146390218	19	45478352	0.709104	A	G	0.973731	0.966351	201.742	8.7E-46	0.251779	0.0176359	203.819	3.1E-46	203.499	3.6E-46
rs2864436	19	55986637	0.996315	T	C	0.754674	1	1.51653	2.2E-01	0.0082878	0.00642583	1.66349	2.0E-01	1.34848	2.5E-01
rs151235402	20	569164	0.0196907	C	T	0.984757	0.956324	15.7983	7.0E-05	0.0914422	0.0233438	15.3444	9.0E-05	14.8176	1.2E-04
rs805769	20	5667459	0.191037	T	C	0.595306	0.99253	0.0613615	8.0E-01	0.00218904	0.00568795	0.148114	7.0E-01	0.111945	7.4E-01
rs6117303	20	6487687	0.213838	T	C	0.34849	0.989053	0.718539	4.0E-01	0.00434994	0.00586364	0.550342	4.6E-01	0.736605	3.9E-01
rs2618568	20	17843968	0.423696	C	A	0.384197	0.989119	36.3194	1.7E-09	0.0346964	0.00573437	36.6099	1.4E-09	40.6666	1.8E-10
rs146411982	20	38985760	0.586515	A	G	0.97517	0.885893	2.31227	1.3E-01	-0.0311108	0.0189561	2.69355	1.0E-01	1.55865	2.1E-01
rs1997833	20	39690342	0.597551	T	C	0.700507	0.998963	0.00376779	9.5E-01	6.03426e-05	0.00605034	9.94692e-05	9.9E-01	0.0336595	8.5E-01
rs11699991	20	45489407	0.689702	T	A	0.670387	0.988835	0.547464	4.6E-01	0.00504674	0.00594243	0.721262	4.0E-01	1.00529	3.2E-01
rs6068280	20	51235613	0.791961	A	G	0.324841	0.992237	7.77816	5.3E-03	0.0163232	0.00592876	7.58027	5.9E-03	8.1885	4.2E-03
rs6013572	20	51553621	0.798111	T	C	0.936054	1	0.0387822	8.4E-01	-0.000652401	0.0114267	0.00325979	9.5E-01	0.000370164	9.8E-01
rs1936966	20	51691779	0.801626	C	T	0.672454	0.982215	1.18057	2.8E-01	-0.00656665	0.00601353	1.19242	2.7E-01	1.79597	1.8E-01
rs2105063	20	62690683	1.09651	C	T	0.438811	1	1.27801	2.6E-01	-0.00592493	0.005612	1.11463	2.9E-01	1.28595	2.6E-01
rs4998557	21	33034892	0.322704	G	A	0.887631	0.995909	2.2449	1.3E-01	0.012751	0.00883396	2.08341	1.5E-01	1.24558	2.6E-01
rs2836139	21	39451403	0.432375	A	G	0.514897	0.9942	1.25151	2.6E-01	0.00693838	0.0056035	1.53319	2.2E-01	2.03041	1.5E-01
rs2330396	21	47524380	0.643685	A	C	0.492654	0.996498	8.70623e-05	9.9E-01	0.000172081	0.00555501	0.000959613	9.8E-01	0.0192697	8.9E-01
rs2236142	22	29137944	0.338659	G	C	0.32476	0.994367	0.00234297	9.6E-01	0.00137778	0.00594701	0.0536736	8.2E-01	0.0704896	7.9E-01
rs5997898	22	31572963	0.355537	A	C	0.421356	0.998342	1.92807	1.6E-01	0.00803735	0.00563797	2.03227	1.5E-01	2.37208	1.2E-01
