SNP	CHR	BP	GENPOS	ALLELE1	ALLELE0	A1FREQ	INFO	CHISQ_LINREG	P_LINREG	BETA	SE	CHISQ_BOLT_LMM_INF	P_BOLT_LMM_INF	CHISQ_BOLT_LMM	P_BOLT_LMM
rs10909862	1	2936815	0.0400559	G	A	0.1928	0.987988	6.525	1.1E-02	0.0178911	0.00716682	6.23194	1.3E-02	5.26151	2.2E-02
rs1294014	1	9325676	0.18921	C	T	0.732088	0.974098	7.43861	6.4E-03	-0.0170242	0.00644281	6.98202	8.2E-03	7.82028	5.2E-03
rs10753554	1	23619009	0.461644	T	C	0.260317	0.989627	1.04863	3.1E-01	-0.00709462	0.00643661	1.21491	2.7E-01	1.18356	2.8E-01
rs12117661	1	55487346	0.808955	C	G	0.755046	0.987273	41.1562	1.4E-10	0.0437542	0.00659082	44.0718	3.2E-11	45.2669	1.7E-11
rs624698	1	62900811	0.92277	A	G	0.58261	0.969721	78.2514	9.1E-19	0.0525932	0.00577665	82.8911	8.7E-20	86.7011	1.3E-20
rs10889551	1	65906137	0.967654	A	G	0.326867	0.995997	0.587254	4.4E-01	0.00364992	0.00601012	0.368808	5.4E-01	0.983192	3.2E-01
rs71658797	1	77967507	1.07336	T	A	0.879141	0.99054	2.13231	1.4E-01	0.0130151	0.00864261	2.26781	1.3E-01	1.62499	2.0E-01
rs1415361	1	103562263	1.33102	C	T	0.402104	0.995554	1.62972	2.0E-01	-0.00670602	0.00574431	1.36287	2.4E-01	1.31284	2.5E-01
rs116679284	1	119014845	1.50751	C	T	0.963654	0.948411	0.144264	7.0E-01	-0.00514955	0.0154286	0.1114	7.4E-01	0.046109	8.3E-01
rs1766783	1	119434896	1.50931	A	C	0.181268	0.981355	0.883014	3.5E-01	-0.00579366	0.00735285	0.620862	4.3E-01	1.05232	3.0E-01
rs3738479	1	150997842	1.65945	T	A	0.765906	0.995486	3.45859	6.3E-02	-0.0128251	0.00665354	3.71551	5.4E-02	3.14887	7.6E-02
rs79810698	1	154836444	1.69767	C	A	0.95565	1	1.87521	1.7E-01	0.0169876	0.0136506	1.54869	2.1E-01	1.52173	2.2E-01
rs10494421	1	164738727	1.83743	C	T	0.880829	1	0.836643	3.6E-01	-0.0086576	0.00867323	0.996399	3.2E-01	0.958941	3.3E-01
rs3121911	1	170212480	1.91705	G	A	0.744389	0.993907	1.12842	2.9E-01	0.00576782	0.00642582	0.805688	3.7E-01	0.800321	3.7E-01
rs17346300	1	170510459	1.91857	C	T	0.950626	1	0.0134778	9.1E-01	0.00297072	0.0129986	0.0522315	8.2E-01	0.147931	7.0E-01
rs6697844	1	172308238	1.93873	C	T	0.56798	0.996349	3.36446	6.7E-02	-0.0113751	0.00565681	4.04361	4.4E-02	4.7054	3.0E-02
rs10922075	1	196467248	2.1432	G	A	0.687963	0.997066	7.55782	6.0E-03	0.0162575	0.00606669	7.18132	7.4E-03	7.10183	7.7E-03
rs13303121	1	203503267	2.22276	C	G	0.607356	0.947347	2.17608	1.4E-01	0.00808969	0.00589339	1.88422	1.7E-01	1.77129	1.8E-01
rs4951159	1	205012106	2.25304	G	C	0.0908836	0.967	1.78448	1.8E-01	-0.0126365	0.00993921	1.61641	2.0E-01	1.66242	2.0E-01
rs61821643	1	219268532	2.43532	T	C	0.974378	0.889659	0.253783	6.1E-01	0.00820508	0.0188235	0.190006	6.6E-01	0.027576	8.7E-01
rs77278027	1	219392230	2.43543	C	T	0.93823	0.976746	0.403334	5.3E-01	-0.00791682	0.0118128	0.449154	5.0E-01	0.272446	6.0E-01
rs12740837	1	219623230	2.43692	G	A	0.983204	0.959021	2.32182	1.3E-01	-0.0353959	0.0222648	2.52736	1.1E-01	3.03644	8.1E-02
rs661955	1	234842856	2.62186	G	C	0.481801	0.978806	33.4445	7.3E-09	-0.0323961	0.00567857	32.5467	1.2E-08	38.1084	6.7E-10
rs711869	2	13073967	0.297329	G	A	0.443249	0.983109	0.173145	6.8E-01	-0.000850164	0.00570361	0.0222181	8.8E-01	0.00153608	9.7E-01
rs3903032	2	21119850	0.419449	A	T	0.877441	0.983296	62.7821	2.3E-15	-0.0693479	0.00861647	64.775	8.4E-16	69.1259	9.2E-17
rs2702068	2	24689512	0.456007	A	C	0.144534	0.985387	0.0160097	9.0E-01	0.000213005	0.00804803	0.000700489	9.8E-01	0.1707	6.8E-01
rs4665378	2	27548038	0.473329	A	C	0.601213	0.998401	40.7081	1.8E-10	0.0370901	0.00574118	41.7363	1.0E-10	42.1235	8.6E-11
rs7933	2	43452183	0.682402	A	G	0.634849	0.981779	3.32389	6.8E-02	-0.0105219	0.00588131	3.20069	7.4E-02	1.99662	1.6E-01
rs56266464	2	44054991	0.686489	G	A	0.939556	0.986548	41.3496	1.3E-10	0.0781612	0.011886	43.2426	4.8E-11	42.0762	8.8E-11
rs36072157	2	48953740	0.765134	G	C	0.658175	0.956087	5.64716	1.7E-02	-0.0141343	0.00604806	5.46159	1.9E-02	5.07795	2.4E-02
rs4953627	2	48990167	0.765401	C	T	0.77524	0.975089	5.46449	1.9E-02	0.0172929	0.00683509	6.40097	1.1E-02	7.65545	5.7E-03
rs12620918	2	63268355	0.885798	T	C	0.826656	0.992379	31.3809	2.1E-08	-0.0411889	0.00744445	30.6122	3.2E-08	31.27	2.2E-08
rs10779951	2	66142656	0.91656	G	A	0.525126	0.992672	1.15714	2.8E-01	-0.00671575	0.00565572	1.40998	2.4E-01	1.30032	2.5E-01
rs12713567	2	66729420	0.924256	A	G	0.428176	0.981664	2.34241	1.3E-01	0.00836177	0.00572642	2.13221	1.4E-01	2.7076	1.0E-01
rs12712049	2	100208830	1.21955	A	G	0.176674	0.985519	1.71233	1.9E-01	0.00847445	0.00740798	1.30865	2.5E-01	1.38569	2.4E-01
rs72946301	2	111861838	1.33125	G	A	0.903863	0.964859	0.0875402	7.7E-01	-0.0039602	0.00970761	0.166421	6.8E-01	0.0161016	9.0E-01
rs1053413	2	114471921	1.35945	A	G	0.784744	0.998156	4.09863	4.3E-02	-0.0141222	0.00685828	4.24009	3.9E-02	4.331	3.7E-02
rs7593247	2	119337589	1.3956	C	T	0.503784	0.990163	0.0201687	8.9E-01	0.00117755	0.00564361	0.0435353	8.3E-01	0.0660193	8.0E-01
rs78876301	2	158234589	1.75901	A	C	0.987195	0.782415	0.713956	4.0E-01	-0.023858	0.0282761	0.71192	4.0E-01	1.1059	2.9E-01
rs77928329	2	158413902	1.76308	G	A	0.94544	0.998218	5.23944	2.2E-02	0.0297884	0.0123346	5.83239	1.6E-02	6.27882	1.2E-02
rs1402698	2	165424575	1.81281	G	A	0.368889	0.988943	8.08911	4.5E-03	-0.0161233	0.00586649	7.55354	6.0E-03	6.78764	9.2E-03
rs3769877	2	165569779	1.81517	G	A	0.125673	1	3.5506	6.0E-02	0.0153499	0.00848023	3.27637	7.0E-02	3.38932	6.6E-02
rs72882321	2	172298662	1.8972	C	T	0.821415	0.98752	1.61359	2.0E-01	0.00831088	0.00738644	1.26597	2.6E-01	0.453858	5.0E-01
rs62173497	2	187821910	2.04064	C	A	0.889372	0.96522	0.148497	7.0E-01	0.00255755	0.00910303	0.0789364	7.8E-01	0.071854	7.9E-01
rs61613340	2	191746748	2.0603	G	T	0.922172	0.993102	1.31529	2.5E-01	-0.0114672	0.0105202	1.18814	2.8E-01	0.709621	4.0E-01
rs1250248	2	216287093	2.28549	A	G	0.271958	0.996374	1.77306	1.8E-01	-0.0092473	0.00633099	2.13347	1.4E-01	2.39378	1.2E-01
rs2373074	2	218381350	2.32413	C	T	0.903229	0.998908	0.138065	7.1E-01	-0.00342586	0.00951531	0.129626	7.2E-01	0.132575	7.2E-01
rs62182126	2	219279230	2.33765	G	A	0.901349	1	2.78329	9.5E-02	-0.0148768	0.00942262	2.49272	1.1E-01	2.3958	1.2E-01
rs6760762	2	226866226	2.44112	C	T	0.776249	0.976874	0.233862	6.3E-01	0.00342204	0.00682758	0.25121	6.2E-01	0.371323	5.4E-01
rs305506	3	12026709	0.296805	G	T	0.113563	0.992655	3.06538	8.0E-02	0.0158001	0.00890508	3.14808	7.6E-02	3.66324	5.6E-02
rs114252958	3	12409938	0.29797	C	T	0.982978	0.956617	0.213271	6.4E-01	0.00881807	0.022313	0.156181	6.9E-01	0.248956	6.2E-01
rs10490869	3	35635145	0.595764	A	T	0.789478	0.990849	1.1414	2.9E-01	-0.00607324	0.00690243	0.774172	3.8E-01	1.25811	2.6E-01
rs6771508	3	43718462	0.664863	A	C	0.974946	0.998741	2.9297	8.7E-02	0.0302742	0.0179931	2.83094	9.2E-02	2.15504	1.4E-01
rs4683294	3	46979013	0.687679	G	C	0.321605	0.960868	1.55692	2.1E-01	-0.00637111	0.00613006	1.08019	3.0E-01	1.27913	2.6E-01
rs4858828	3	48724811	0.68972	C	T	0.349101	0.999091	1.65232	2.0E-01	0.00631257	0.00587532	1.15438	2.8E-01	1.56546	2.1E-01
rs352156	3	52214610	0.694887	C	T	0.955078	0.904333	8.42269	3.7E-03	0.0390901	0.0141406	7.6419	5.7E-03	8.24637	4.1E-03
rs7643235	3	53227428	0.699142	T	C	0.4136	0.989215	0.140191	7.1E-01	0.0025577	0.00570746	0.200822	6.5E-01	0.0711618	7.9E-01
rs11718560	3	64584862	0.868956	C	T	0.731847	0.985124	2.8294	9.3E-02	-0.0106494	0.00638452	2.78223	9.5E-02	2.40545	1.2E-01
rs4688498	3	64674599	0.871028	C	T	0.669682	0.985151	0.664934	4.1E-01	-0.00510718	0.00602107	0.719474	4.0E-01	0.744069	3.9E-01
rs997274	3	78704821	1.06722	T	C	0.748705	0.994327	0.652027	4.2E-01	0.00432258	0.00651261	0.440531	5.1E-01	0.975104	3.2E-01
rs1877569	3	99224544	1.12953	G	A	0.816212	0.993173	0.0769375	7.8E-01	-0.00259932	0.00725947	0.128207	7.2E-01	0.373468	5.4E-01
rs9875732	3	107461731	1.19696	T	C	0.623037	0.99667	1.6059	2.1E-01	-0.0078783	0.00581027	1.83854	1.8E-01	2.14135	1.4E-01
rs1000368	3	123117165	1.35684	C	T	0.748381	0.996692	1.52717	2.2E-01	-0.00804826	0.00648106	1.54209	2.1E-01	1.83676	1.8E-01
rs113771682	3	129112166	1.4255	C	T	0.937375	0.999072	0.0582694	8.1E-01	-0.00309566	0.0116336	0.0708074	7.9E-01	0.160499	6.9E-01
rs7647218	3	129125231	1.42558	C	A	0.901341	0.999167	1.72684	1.9E-01	-0.0145594	0.00944794	2.37472	1.2E-01	1.71751	1.9E-01
rs75212171	3	129323322	1.42649	T	C	0.983129	1	0.273619	6.0E-01	0.0168009	0.0218143	0.593175	4.4E-01	0.946096	3.3E-01
rs112551697	3	150018637	1.64271	G	A	0.96554	0.928479	1.15029	2.8E-01	-0.0143213	0.01594	0.807222	3.7E-01	1.28911	2.6E-01
rs11720805	3	156800360	1.71236	A	G	0.330979	0.970132	0.381963	5.4E-01	0.00420955	0.00606678	0.481454	4.9E-01	0.730231	3.9E-01
rs1488111	3	168951612	1.77942	C	T	0.517315	0.996852	0.90515	3.4E-01	0.00637357	0.00562112	1.28564	2.6E-01	1.30257	2.5E-01
rs1499813	3	171760427	1.8208	T	C	0.587431	1	2.35537	1.2E-01	-0.00932415	0.00573433	2.64395	1.0E-01	4.29007	3.8E-02
rs13092876	3	185495320	2.01656	G	A	0.686729	0.994835	1.30625	2.5E-01	-0.00692583	0.00607396	1.30017	2.5E-01	1.29384	2.6E-01
rs3843375	3	196813908	2.26438	G	A	0.590289	0.999191	1.16602	2.8E-01	-0.00582765	0.00573045	1.03421	3.1E-01	0.844595	3.6E-01
rs75072999	4	844781	0.00782036	G	A	0.904916	0.991302	6.14321	1.3E-02	0.0236367	0.00963921	6.01297	1.4E-02	5.62292	1.8E-02
rs748483	4	952409	0.00822297	A	G	0.891514	0.99682	2.22914	1.4E-01	-0.0132572	0.00906031	2.14101	1.4E-01	2.04207	1.5E-01
rs13108218	4	3443931	0.034383	A	G	0.384615	0.983396	31.8565	1.7E-08	0.0325508	0.0058053	31.4393	2.1E-08	28.511	9.3E-08
rs1912897	4	26006133	0.455942	A	T	0.79303	0.98817	3.21309	7.3E-02	-0.0128107	0.00698416	3.36447	6.7E-02	3.76025	5.2E-02
rs7689800	4	26295421	0.461356	C	G	0.382047	0.982424	0.757269	3.8E-01	-0.00441978	0.00584049	0.572668	4.5E-01	1.13071	2.9E-01
rs34171390	4	56192405	0.730002	C	G	0.8287	0.967618	4.9204	2.7E-02	-0.0164493	0.00756667	4.72593	3.0E-02	4.51456	3.4E-02
rs3017896	4	89533004	1.04795	G	C	0.704424	1	0.130813	7.2E-01	-0.0020342	0.00614144	0.10971	7.4E-01	0.0888973	7.7E-01
rs10029220	4	89710592	1.04921	C	T	0.909822	0.997537	0.00405027	9.5E-01	-0.00128167	0.00983724	0.0169749	9.0E-01	0.101074	7.5E-01
rs1813006	4	103001649	1.15654	G	T	0.940843	0.94358	9.30274	2.3E-03	-0.037465	0.0122562	9.34415	2.2E-03	9.29779	2.3E-03
rs12647922	4	106063987	1.17944	C	T	0.794569	0.998343	1.65065	2.0E-01	-0.00835441	0.00695636	1.44234	2.3E-01	1.8183	1.8E-01
rs7655064	4	120106348	1.31331	T	C	0.875314	0.995692	1.53425	2.2E-01	0.0103489	0.0085128	1.47789	2.2E-01	1.08722	3.0E-01
rs2922979	4	123748616	1.34468	C	G	0.689916	1	0.870591	3.5E-01	0.0047385	0.00608505	0.606393	4.4E-01	0.30477	5.8E-01
rs1520325	4	125182690	1.35483	C	T	0.780072	0.994582	0.471346	4.9E-01	-0.00436365	0.00680578	0.411097	5.2E-01	0.353853	5.5E-01
rs2353397	4	145517578	1.53798	C	T	0.460014	1	0.0101412	9.2E-01	0.000209931	0.00564683	0.00138212	9.7E-01	0.273146	6.0E-01
rs2166365	5	3597830	0.0882728	A	G	0.777698	0.981109	0.135939	7.1E-01	0.00265219	0.00681726	0.151353	7.0E-01	0.146979	7.0E-01
rs13178917	5	4007353	0.10142	C	T	0.551974	0.99437	0.735797	3.9E-01	0.00600415	0.00564286	1.13215	2.9E-01	1.18844	2.8E-01
rs10061804	5	32748637	0.511958	G	A	0.711087	1	0.00627782	9.4E-01	0.000619873	0.00620364	0.0099842	9.2E-01	0.00795135	9.3E-01
rs299615	5	34042097	0.535425	G	A	0.843206	1	0.156549	6.9E-01	0.001636	0.00773685	0.0447136	8.3E-01	0.139792	7.1E-01
rs4293945	5	38736142	0.597252	A	T	0.606405	0.995383	3.63676	5.7E-02	0.0122236	0.00576566	4.49466	3.4E-02	5.53405	1.9E-02
rs163112	5	54538003	0.667379	C	G	0.107056	0.994238	0.924058	3.4E-01	0.00764022	0.00913092	0.700136	4.0E-01	0.306684	5.8E-01
rs61653333	5	55779080	0.679717	G	T	0.970413	0.977169	0.0374471	8.5E-01	0.00517599	0.0167487	0.0955051	7.6E-01	0.00596794	9.4E-01
rs6867983	5	55854153	0.681454	C	T	0.861186	1	28.6943	8.5E-08	-0.0449304	0.00812943	30.5464	3.3E-08	33.4081	7.5E-09
rs11749164	5	66294202	0.770672	T	G	0.726476	0.988719	0.460907	5.0E-01	-0.00453528	0.00634475	0.510952	4.7E-01	1.12162	2.9E-01
rs6878122	5	76427311	0.889556	G	A	0.318279	0.997785	0.00116271	9.7E-01	0.00114365	0.00604746	0.0357634	8.5E-01	0.196769	6.6E-01
rs7734060	5	101780479	1.10738	T	G	0.734786	0.995631	0.11498	7.3E-01	0.00279092	0.00640055	0.190134	6.6E-01	0.255123	6.1E-01
rs1394631	5	118639270	1.27349	C	T	0.775173	0.988487	2.00223	1.6E-01	-0.00958618	0.00676019	2.01082	1.6E-01	1.94243	1.6E-01
rs11744058	5	118798944	1.27486	G	T	0.783774	0.998591	3.1312	7.7E-02	0.0127291	0.00683705	3.46621	6.3E-02	5.61407	1.8E-02
rs3749748	5	127350549	1.37291	C	T	0.753975	0.992802	0.368383	5.4E-01	0.00436084	0.00654516	0.443913	5.1E-01	0.225355	6.3E-01
rs4705986	5	132349654	1.39065	T	G	0.937241	0.978165	0.669903	4.1E-01	0.0125184	0.0117261	1.1397	2.9E-01	1.44684	2.3E-01
rs10463353	5	141710741	1.48273	C	T	0.640669	0.986535	1.87732	1.7E-01	0.00740888	0.00589142	1.58148	2.1E-01	1.82062	1.8E-01
rs33999	5	141973349	1.48937	C	G	0.612065	0.9834	4.60641	3.2E-02	-0.011331	0.00580351	3.81202	5.1E-02	3.58285	5.8E-02
rs4704726	5	156354477	1.66272	G	A	0.636458	0.987029	36.2228	1.8E-09	-0.0353034	0.00585025	36.4154	1.6E-09	38.7413	4.8E-10
rs12652322	5	171822666	1.88951	C	T	0.705252	0.99822	2.13321	1.4E-01	-0.0087863	0.00617619	2.02381	1.5E-01	1.42258	2.3E-01
rs2053681	5	172746086	1.91113	A	G	0.485601	0.912476	1.65003	2.0E-01	-0.00720112	0.00590106	1.48915	2.2E-01	2.20897	1.4E-01
rs10035782	5	173270328	1.92939	A	G	0.600665	0.984103	0.710564	4.0E-01	0.00493769	0.00578411	0.728743	3.9E-01	0.980331	3.2E-01
rs11963955	6	6631996	0.178791	A	G	0.637527	0.976944	4.94013	2.6E-02	-0.0134382	0.00592147	5.15017	2.3E-02	5.34737	2.1E-02
rs201061	6	6730512	0.181115	G	A	0.455616	0.976616	0.345146	5.6E-01	-0.00292705	0.00569795	0.26389	6.1E-01	0.242801	6.2E-01
rs1334576	6	7211818	0.195986	G	A	0.5774	1	0.0567443	8.1E-01	-0.000784324	0.00570032	0.0189318	8.9E-01	0.069784	7.9E-01
rs9382988	6	14595010	0.314722	C	A	0.204362	0.998886	0.155374	6.9E-01	-0.000622721	0.00699221	0.00793156	9.3E-01	0.00436282	9.5E-01
rs4710940	6	20658012	0.410434	A	C	0.647018	0.999463	0.778464	3.8E-01	-0.00579539	0.00589464	0.966609	3.3E-01	0.408798	5.2E-01
rs3129830	6	30248711	0.50553	G	A	0.868546	0.999908	2.54244	1.1E-01	0.0127297	0.00828745	2.35938	1.2E-01	2.74483	9.8E-02
rs7772131	6	30795171	0.50714	A	C	0.988571	1	0.79041	3.7E-01	-0.0279587	0.0264462	1.11765	2.9E-01	1.05551	3.0E-01
rs6919908	6	31244960	0.511805	T	C	0.193909	0.999901	9.50906	2.0E-03	-0.0226037	0.00712909	10.0529	1.5E-03	9.2946	2.3E-03
rs181133225	6	32454764	0.520293	T	C	0.893444	0.778953	0.139574	7.1E-01	0.00403865	0.0102618	0.154892	6.9E-01	0.0590334	8.1E-01
rs117108573	6	32489679	0.520303	C	T	0.921405	0.866866	0.0303195	8.6E-01	0.00321101	0.0111523	0.0829004	7.7E-01	0.0159454	9.0E-01
rs575662827	6	32543874	0.520325	T	C	0.899303	0.833996	0.233245	6.3E-01	0.0053719	0.0101797	0.278477	6.0E-01	0.141696	7.1E-01
rs114760566	6	34192036	0.545788	C	A	0.954268	0.993831	6.40181	1.1E-02	-0.0341094	0.0134857	6.39739	1.1E-02	6.78004	9.2E-03
rs1574430	6	43269029	0.669727	A	C	0.391321	0.999399	0.384059	5.4E-01	0.00296714	0.00575935	0.265417	6.1E-01	0.437709	5.1E-01
rs9381248	6	43734606	0.675407	C	T	0.87836	0.993046	1.30439	2.5E-01	-0.00901634	0.00863482	1.09032	3.0E-01	1.13028	2.9E-01
rs35349911	6	43785255	0.678849	C	T	0.409597	0.97009	3.96554	4.6E-02	-0.0122155	0.00581435	4.41385	3.6E-02	4.13854	4.2E-02
rs72902769	6	80719576	0.920488	C	G	0.966636	0.999182	1.12095	2.9E-01	-0.0140139	0.0156793	0.798848	3.7E-01	0.47218	4.9E-01
rs62406467	6	81114126	0.921634	G	T	0.849349	0.952286	0.712898	4.0E-01	0.00701102	0.00805148	0.758249	3.8E-01	0.282719	5.9E-01
rs6924944	6	100597579	1.0811	A	T	0.245827	0.981159	4.3723	3.7E-02	0.0143358	0.00660736	4.70749	3.0E-02	4.35213	3.7E-02
rs2806373	6	109222017	1.18299	G	A	0.239664	0.998945	0.932863	3.3E-01	-0.00533819	0.00658064	0.65804	4.2E-01	0.821585	3.6E-01
rs72969772	6	126187585	1.32503	A	G	0.980332	1	0.823321	3.6E-01	-0.0168249	0.020303	0.686732	4.1E-01	0.448378	5.0E-01
rs9986505	6	126445558	1.32603	A	G	0.6761	0.991308	1.7458	1.9E-01	0.00744327	0.00603156	1.52289	2.2E-01	1.43023	2.3E-01
rs74949497	6	126812007	1.32699	A	C	0.97518	1	3.62904	5.7E-02	-0.0371804	0.0181723	4.18606	4.1E-02	4.22305	4.0E-02
rs139242696	6	127414440	1.32797	T	C	0.974907	0.948341	0.552744	4.6E-01	-0.00894249	0.0184194	0.235703	6.3E-01	0.503235	4.8E-01
rs9385864	6	139805476	1.50274	C	T	0.6907	0.988333	15.9507	6.5E-05	-0.024316	0.0061276	15.7472	7.2E-05	16.0538	6.2E-05
rs12205386	6	139837171	1.50318	C	A	0.643666	0.9992	7.51041	6.1E-03	0.0156399	0.00587557	7.08551	7.8E-03	8.63283	3.3E-03
rs11756568	6	152042413	1.64245	A	T	0.724877	0.999168	3.25702	7.1E-02	-0.00924542	0.00630519	2.15009	1.4E-01	2.29379	1.3E-01
rs998075	6	160468278	1.77084	A	G	0.53429	0.994008	43.1925	5.0E-11	0.0369257	0.00566492	42.4884	7.1E-11	42.9117	5.7E-11
rs9459839	6	167431829	1.92196	T	C	0.531185	0.998188	1.55124	2.1E-01	-0.00686001	0.0056161	1.49204	2.2E-01	1.26949	2.6E-01
rs2214440	7	20372191	0.358281	A	G	0.667686	0.991786	0.617239	4.3E-01	0.00601687	0.00599613	1.00693	3.2E-01	1.66966	2.0E-01
rs111683990	7	25729528	0.437229	C	G	0.955515	0.987881	0.693379	4.1E-01	-0.0112027	0.0137447	0.664318	4.2E-01	0.838415	3.6E-01
rs2040786	7	26208736	0.442609	G	A	0.529361	1	2.27779	1.3E-01	0.00830605	0.00563078	2.17596	1.4E-01	2.23123	1.4E-01
rs17428025	7	27251396	0.453724	C	T	0.971743	0.967404	0.921898	3.4E-01	0.0149051	0.0172435	0.747166	3.9E-01	0.776747	3.8E-01
rs849140	7	28183702	0.463008	T	C	0.410278	1	1.96107	1.6E-01	-0.00845377	0.00574586	2.16466	1.4E-01	2.52048	1.1E-01
rs17172095	7	42665355	0.680121	A	G	0.679343	0.995026	0.509593	4.8E-01	0.00502706	0.00603434	0.694015	4.0E-01	0.692477	4.1E-01
rs2072183	7	44579180	0.698676	G	C	0.775748	1	34.9004	3.5E-09	-0.0398857	0.00672419	35.1847	3.0E-09	38.7349	4.9E-10
rs71556711	7	72854549	0.899611	C	T	0.908397	1	31.0849	2.5E-08	0.0530458	0.0097315	29.7128	5.0E-08	28.8236	7.9E-08
rs7780317	7	72867852	0.899612	C	T	0.92793	0.985744	0.0652261	8.0E-01	0.00359474	0.0109145	0.108474	7.4E-01	0.291323	5.9E-01
rs57487833	7	77115793	0.936393	G	A	0.723097	0.985735	0.0358706	8.5E-01	-0.000100899	0.00632454	0.000254514	9.9E-01	0.0228244	8.8E-01
rs76306613	7	106235348	1.22452	G	T	0.855998	0.98895	1.46114	2.3E-01	-0.00964182	0.00805479	1.43288	2.3E-01	1.69218	1.9E-01
rs2237687	7	107585473	1.24369	C	T	0.472386	0.966594	0.00186002	9.7E-01	-3.78279e-06	0.00572096	4.37206e-07	1.0E+00	0.0340815	8.5E-01
rs38902	7	116889718	1.32093	G	A	0.474719	0.992845	4.51996	3.4E-02	-0.0121633	0.00564583	4.64136	3.1E-02	4.0539	4.4E-02
rs12154627	7	130422934	1.4017	T	C	0.506907	0.97487	28.2894	1.0E-07	0.029533	0.00568289	27.0071	2.0E-07	27.7509	1.4E-07
rs7808446	7	150214465	1.67249	T	G	0.235469	0.993612	2.42516	1.2E-01	0.010557	0.00664532	2.52375	1.1E-01	2.80709	9.4E-02
rs7014168	8	10641965	0.266242	G	A	0.776722	0.996719	0.23656	6.3E-01	-0.00381164	0.00676524	0.317436	5.7E-01	0.2152	6.4E-01
rs4474021	8	12632903	0.332387	G	T	0.680802	1	2.41844	1.2E-01	-0.00895124	0.00601867	2.2119	1.4E-01	1.97154	1.6E-01
rs6586871	8	19714106	0.47101	A	T	0.220009	0.967685	34.2697	4.8E-09	-0.0401339	0.00689883	33.8433	6.0E-09	34.0353	5.4E-09
rs7844736	8	23551671	0.545238	A	G	0.828827	1	0.139849	7.1E-01	-0.00262235	0.00747348	0.123122	7.3E-01	0.00297513	9.6E-01
rs11992444	8	25464690	0.565812	G	T	0.49058	1	1.73453	1.9E-01	-0.00587605	0.00560938	1.09734	2.9E-01	1.25212	2.6E-01
rs7815496	8	38321607	0.69461	C	T	0.597431	0.996532	6.60276	1.0E-02	-0.0153269	0.00572735	7.16146	7.4E-03	6.88469	8.7E-03
rs55704109	8	59323247	0.819013	G	A	0.5057	0.919152	31.1808	2.4E-08	0.0323032	0.00587994	30.1817	3.9E-08	31.2874	2.2E-08
rs12543555	8	69562014	0.90375	A	G	0.792127	0.98465	0.878546	3.5E-01	-0.00713601	0.00696138	1.0508	3.1E-01	1.24425	2.6E-01
rs28568866	8	72353630	0.949663	G	A	0.969859	0.939217	0.529216	4.7E-01	-0.0137591	0.0169773	0.656816	4.2E-01	0.53947	4.6E-01
rs146492163	8	72386394	0.950025	G	T	0.96946	0.960969	3.50579	6.1E-02	-0.0320597	0.0166908	3.68948	5.5E-02	3.42959	6.4E-02
rs1895674	8	72443246	0.950276	T	G	0.946831	0.990629	0.0210681	8.8E-01	0.000572106	0.0125495	0.00207825	9.6E-01	0.000458146	9.8E-01
rs4147332	8	89280863	1.08332	G	C	0.323111	0.995784	2.99988	8.3E-02	0.0106051	0.00601596	3.10758	7.8E-02	2.597	1.1E-01
rs144435165	8	126419938	1.45107	G	C	0.944194	0.785853	25.26	5.0E-07	-0.0736087	0.0137905	28.4902	9.4E-08	27.1352	1.9E-07
rs2954018	8	126477153	1.45319	C	T	0.298303	0.998357	64.3435	1.0E-15	0.0500674	0.00614792	66.3215	3.8E-16	70.4812	4.6E-17
rs6991761	8	128274518	1.48941	C	T	0.844226	0.993607	0.0091715	9.2E-01	-0.00142104	0.00776037	0.0335308	8.5E-01	0.126305	7.2E-01
rs2467030	8	135665361	1.60637	A	G	0.339711	0.997044	0.21917	6.4E-01	0.00184196	0.0059581	0.0955755	7.6E-01	0.0722205	7.9E-01
rs12340775	9	13226945	0.282033	G	A	0.944664	0.940298	2.42262	1.2E-01	0.0218293	0.0126632	2.97161	8.5E-02	2.86438	9.1E-02
rs73650963	9	93943033	1.11642	T	C	0.892489	0.990174	1.48688	2.2E-01	-0.010029	0.00907965	1.22005	2.7E-01	1.25812	2.6E-01
rs2131919	9	95283887	1.12689	A	G	0.83667	0.999136	3.78498	5.2E-02	-0.0146481	0.00762962	3.68603	5.5E-02	4.15408	4.2E-02
rs1572136	9	101740604	1.18729	G	C	0.724977	0.989514	7.77859	5.3E-03	0.0178765	0.00633795	7.95548	4.8E-03	9.23907	2.4E-03
rs12686004	9	107653426	1.24316	G	A	0.884341	1	2.47081	1.2E-01	0.014488	0.00878792	2.71798	9.9E-02	3.18361	7.4E-02
rs10991414	9	107685589	1.24582	T	C	0.861068	0.989408	1.16967	2.8E-01	-0.00900676	0.00819214	1.20877	2.7E-01	1.64615	2.0E-01
rs111479443	9	107874316	1.24936	T	G	0.963776	0.9746	4.74905	2.9E-02	0.0356224	0.0152522	5.45483	2.0E-02	5.47842	1.9E-02
rs7048735	9	112529695	1.31375	A	G	0.239526	0.976202	0.000216975	9.9E-01	-0.00137918	0.00666429	0.042829	8.4E-01	0.0291812	8.6E-01
rs1002607	9	113858933	1.33848	T	C	0.40707	0.988428	0.0769246	7.8E-01	-0.00188983	0.00576623	0.107415	7.4E-01	0.128722	7.2E-01
rs13298297	9	119264108	1.4204	G	A	0.769275	0.989359	1.69738	1.9E-01	-0.00819556	0.00673	1.48295	2.2E-01	1.15954	2.8E-01
rs6478851	9	131561110	1.55426	G	A	0.758733	1	2.3814	1.2E-01	-0.0104956	0.00658501	2.5404	1.1E-01	3.46739	6.3E-02
rs687621	9	136137065	1.66206	A	G	0.681622	1	37.08	1.1E-09	-0.0370373	0.00603564	37.6557	8.4E-10	37.9355	7.3E-10
rs60980157	9	139235415	1.78278	C	T	0.757489	0.966704	0.177721	6.7E-01	-0.00177576	0.00665262	0.0712494	7.9E-01	0.101726	7.5E-01
rs7072195	10	3540748	0.0738836	T	C	0.417524	0.993244	0.265981	6.1E-01	-0.00200929	0.00572174	0.123319	7.3E-01	0.321487	5.7E-01
rs11592754	10	32619572	0.605452	A	C	0.856559	0.998356	0.393425	5.3E-01	0.00370918	0.00801996	0.2139	6.4E-01	0.37241	5.4E-01
rs2247396	10	33489192	0.60946	G	A	0.603662	0.99818	1.14374	2.8E-01	0.00558394	0.00573109	0.949308	3.3E-01	0.842373	3.6E-01
rs4341488	10	60452745	0.822202	G	A	0.188405	0.998867	0.0108874	9.2E-01	0.000785339	0.00718571	0.0119447	9.1E-01	0.00300798	9.6E-01
rs17287962	10	63770969	0.858439	A	G	0.970068	0.979005	1.05229	3.0E-01	-0.0164026	0.016666	0.968633	3.3E-01	1.1199	2.9E-01
rs10762666	10	77157489	1.00522	A	G	0.241989	0.984822	1.57738	2.1E-01	-0.00960376	0.00658728	2.12555	1.4E-01	2.14411	1.4E-01
rs10887758	10	89603315	1.15934	T	C	0.784607	0.990793	0.595515	4.4E-01	-0.00657577	0.0068831	0.912695	3.4E-01	0.840485	3.6E-01
rs141490680	10	95280981	1.22085	G	A	0.866803	0.998279	3.0621	8.0E-02	-0.0133012	0.00826871	2.58766	1.1E-01	2.18276	1.4E-01
rs7342070	10	104223628	1.30538	T	C	0.455127	1	0.253063	6.1E-01	0.00230246	0.00564099	0.166599	6.8E-01	0.249642	6.2E-01
rs7917983	10	114732882	1.3977	T	C	0.532013	1	0.0990594	7.5E-01	-0.0024014	0.00563623	0.181531	6.7E-01	0.119588	7.3E-01
rs242956	10	119297479	1.46386	C	T	0.362576	0.990585	1.48241	2.2E-01	0.00640033	0.00586171	1.19222	2.7E-01	0.937706	3.3E-01
rs7104929	11	784340	0.0108006	C	G	0.530558	0.997422	0.00278227	9.6E-01	0.00164168	0.00565405	0.0843062	7.7E-01	0.31373	5.8E-01
rs7932891	11	10921512	0.210707	A	G	0.294517	0.99931	0.089491	7.6E-01	0.00259365	0.00616192	0.17717	6.7E-01	0.00505969	9.4E-01
rs11607537	11	14224166	0.277204	C	T	0.941072	0.981717	3.03165	8.2E-02	0.0218627	0.0120556	3.28873	7.0E-02	4.2923	3.8E-02
rs79634051	11	14561945	0.278112	G	C	0.97174	1	2.57473	1.1E-01	0.0280663	0.0169088	2.75514	9.7E-02	2.1909	1.4E-01
rs3114693	11	26127790	0.452397	A	T	0.617593	0.997848	1.1674	2.8E-01	0.00645388	0.00579167	1.24175	2.7E-01	1.54388	2.1E-01
rs56386213	11	36291554	0.562467	A	G	0.595018	1	0.0386658	8.4E-01	-0.000248522	0.00569395	0.00190502	9.7E-01	0.00180707	9.7E-01
rs1043789	11	62160729	0.709847	G	A	0.679051	0.993986	2.26808	1.3E-01	-0.00880057	0.00602299	2.13499	1.4E-01	1.89023	1.7E-01
rs77701059	11	62290876	0.71396	G	A	0.938626	1	0.346747	5.6E-01	0.00883335	0.0117268	0.567407	4.5E-01	0.951194	3.3E-01
rs143580468	11	62492885	0.714749	T	G	0.959967	0.928525	0.058584	8.1E-01	0.00218175	0.0148517	0.0215803	8.8E-01	5.64459e-05	9.9E-01
rs7933551	11	63852949	0.730486	T	G	0.960057	0.986418	2.56031	1.1E-01	-0.020807	0.0144256	2.08042	1.5E-01	1.83428	1.8E-01
rs7119750	11	65422591	0.738612	C	T	0.867318	1	3.38448	6.6E-02	-0.0165375	0.00829041	3.97911	4.6E-02	4.47202	3.4E-02
rs4297487	11	69229628	0.763225	A	G	0.324796	0.994186	0.0664644	8.0E-01	-0.000776247	0.00601946	0.0166297	9.0E-01	0.476605	4.9E-01
rs28690953	11	111384426	1.18701	T	G	0.852988	1	2.28375	1.3E-01	-0.013388	0.00794501	2.8395	9.2E-02	2.43727	1.2E-01
rs513533	11	116519358	1.25951	A	G	0.895505	0.969744	88.6439	4.7E-21	-0.0881125	0.0093122	89.5304	3.0E-21	94.6904	2.2E-22
rs747249	11	130271647	1.49781	A	G	0.360849	0.986641	1.30635	2.5E-01	-0.00752518	0.00589753	1.62814	2.0E-01	2.0026	1.6E-01
rs11045172	12	20470221	0.37098	A	C	0.802205	0.989276	4.89488	2.7E-02	0.016916	0.00709448	5.68534	1.7E-02	4.95572	2.6E-02
rs7977928	12	26265632	0.457285	G	A	0.408615	1	0.101277	7.5E-01	-0.00264132	0.00570594	0.214283	6.4E-01	0.505668	4.8E-01
rs2343874	12	26409450	0.459085	G	A	0.53283	0.98214	0.0187652	8.9E-01	0.0020229	0.00567946	0.126862	7.2E-01	0.120539	7.3E-01
rs16931815	12	27427917	0.469712	A	G	0.872673	0.996695	2.51956	1.1E-01	-0.0119082	0.0084632	1.97982	1.6E-01	2.21435	1.4E-01
rs7310959	12	45968598	0.59006	G	A	0.897555	1	6.03182	1.4E-02	-0.0225771	0.00928888	5.90759	1.5E-02	6.41222	1.1E-02
rs75824359	12	54320490	0.68262	A	G	0.970266	0.973341	0.00962305	9.2E-01	0.00165465	0.0167681	0.00973752	9.2E-01	0.0331786	8.6E-01
rs10878362	12	66417493	0.793832	C	A	0.687723	0.991565	0.825544	3.6E-01	-0.00645113	0.00607598	1.1273	2.9E-01	0.778021	3.8E-01
rs10745659	12	94092690	1.0816	C	G	0.553308	0.994516	0.123295	7.3E-01	-0.00142114	0.00568768	0.0624319	8.0E-01	0.281794	6.0E-01
rs10778495	12	106991545	1.2616	A	G	0.720919	0.990603	6.36388	1.2E-02	-0.0154918	0.00627305	6.09886	1.4E-02	4.66466	3.1E-02
rs189392453	12	122381427	1.46398	C	A	0.929828	0.926987	3.80612	5.1E-02	-0.0209343	0.0114348	3.35163	6.7E-02	3.39682	6.5E-02
rs12366339	12	122854616	1.46723	G	A	0.9894	0.907552	2.37548	1.2E-01	-0.047754	0.0288523	2.73941	9.8E-02	3.43778	6.4E-02
rs147433011	12	123162845	1.46972	T	C	0.989135	0.898372	2.07281	1.5E-01	0.0411415	0.0286657	2.05984	1.5E-01	2.17582	1.4E-01
rs116950578	12	123188577	1.46982	C	T	0.967055	1	3.27844	7.0E-02	0.030116	0.0157149	3.67258	5.5E-02	2.81517	9.3E-02
rs140689322	12	123375732	1.4703	G	A	0.973654	0.966101	0.45924	5.0E-01	-0.0100553	0.0178495	0.317352	5.7E-01	0.293828	5.9E-01
rs28722199	12	123989436	1.47618	A	G	0.954286	0.931304	4.48106e-05	9.9E-01	-0.00206424	0.0139423	0.0219207	8.8E-01	0.00401504	9.5E-01
rs12582221	12	125323240	1.49972	G	A	0.572176	1	2.34542	1.3E-01	0.0088047	0.00567589	2.40636	1.2E-01	2.34129	1.3E-01
rs7993238	13	22473593	0.0544542	A	C	0.631395	0.976757	0.232006	6.3E-01	0.00300519	0.00590699	0.258827	6.1E-01	0.143491	7.0E-01
rs10507524	13	44684600	0.468128	T	C	0.907237	0.994143	0.919172	3.4E-01	-0.00883459	0.00974749	0.821462	3.6E-01	1.11402	2.9E-01
rs12872335	13	50442235	0.536587	G	A	0.792188	0.994746	1.18483	2.8E-01	-0.00718735	0.00695361	1.06836	3.0E-01	0.834042	3.6E-01
rs61964388	13	51061980	0.539297	G	A	0.904117	0.961186	3.71049	5.4E-02	-0.0207496	0.009728	4.54959	3.3E-02	3.72479	5.4E-02
rs627527	13	110915135	1.21483	G	A	0.418925	0.983958	2.80955	9.4E-02	0.00934988	0.00574127	2.65214	1.0E-01	1.65903	2.0E-01
rs1057119	14	23746269	0.116581	C	G	0.76153	1	1.12006	2.9E-01	0.00735956	0.0065741	1.25323	2.6E-01	1.10675	2.9E-01
rs140664623	14	52321987	0.459221	G	T	0.976323	0.975931	0.576531	4.5E-01	0.0171411	0.018654	0.844379	3.6E-01	0.730939	3.9E-01
rs2145600	14	58750902	0.537897	C	G	0.237608	0.992449	1.52201	2.2E-01	0.00715719	0.00661903	1.16922	2.8E-01	1.08206	3.0E-01
rs6575165	14	91352234	0.881721	G	A	0.76556	0.994744	0.00314384	9.6E-01	0.000605273	0.00664296	0.00830194	9.3E-01	0.00107244	9.7E-01
rs10130936	14	98342676	1.02712	C	T	0.37676	0.985923	0.699614	4.0E-01	0.00558146	0.00584857	0.910745	3.4E-01	0.674318	4.1E-01
rs4779523	15	31679470	0.452779	T	A	0.728098	0.995337	0.683077	4.1E-01	-0.00647826	0.00634976	1.04088	3.1E-01	0.724396	3.9E-01
rs28647196	15	40833379	0.629227	C	T	0.564205	0.997093	2.05608	1.5E-01	-0.00915377	0.00569164	2.58657	1.1E-01	1.78224	1.8E-01
rs11630710	15	56364758	0.756318	G	T	0.893172	0.979091	2.36038	1.2E-01	-0.012524	0.00922774	1.84204	1.7E-01	1.48378	2.2E-01
rs17184382	15	63792486	0.876626	A	C	0.574619	1	2.576	1.1E-01	0.0102369	0.00569041	3.23632	7.2E-02	2.54227	1.1E-01
rs2165241	15	74222202	0.994735	T	C	0.491224	0.994517	1.66297	2.0E-01	-0.00775832	0.00562068	1.90528	1.7E-01	0.984319	3.2E-01
rs12905116	15	79042734	1.02295	T	A	0.242831	0.998559	0.235054	6.3E-01	-0.00237658	0.00653455	0.132273	7.2E-01	0.17719	6.7E-01
rs2401948	16	1340854	0.0338191	G	C	0.470436	0.984992	0.355151	5.5E-01	-0.00350689	0.00567057	0.382464	5.4E-01	0.474247	4.9E-01
rs3747577	16	4415696	0.082586	C	G	0.259467	0.988145	0.0402194	8.4E-01	0.00189771	0.00645334	0.0864749	7.7E-01	0.18984	6.6E-01
rs6498114	16	10964118	0.259065	G	T	0.240585	0.980902	0.000152121	9.9E-01	-5.57953e-05	0.00664224	7.05613e-05	9.9E-01	8.26109e-05	9.9E-01
rs2192868	16	53428284	0.643286	G	A	0.551203	0.983829	1.62529	2.0E-01	-0.00711929	0.00570226	1.55876	2.1E-01	2.08445	1.5E-01
rs3816117	16	56996158	0.730227	T	C	0.512811	0.998354	341.29	3.3E-76	0.104691	0.00562119	346.868	2.0E-77	349.256	6.2E-78
rs116975210	16	67058614	0.849502	T	G	0.960603	0.993544	0.0368723	8.5E-01	0.0011573	0.0144907	0.00637844	9.4E-01	0.0389508	8.4E-01
rs2056876	16	78864296	0.975993	T	G	0.815684	0.95437	5.5057	1.9E-02	0.0173579	0.00740354	5.49685	1.9E-02	4.19704	4.0E-02
rs9926618	16	81484570	1.04509	T	A	0.39429	0.97289	9.64003	1.9E-03	0.0179714	0.00582855	9.50695	2.0E-03	8.91157	2.8E-03
rs66710707	16	81528621	1.0457	A	G	0.719577	0.992374	2.67767	1.0E-01	0.0102529	0.00627732	2.66774	1.0E-01	2.68991	1.0E-01
rs116911572	17	943593	0.0364958	T	C	0.982069	1	0.311958	5.8E-01	-0.0114678	0.0212171	0.292138	5.9E-01	0.432577	5.1E-01
rs4151120	17	7342148	0.196018	T	A	0.629178	0.991461	3.81701	5.1E-02	0.0114732	0.00584687	3.85057	5.0E-02	4.93387	2.6E-02
rs1561	17	8263334	0.209036	C	T	0.928268	0.930811	1.55365	2.1E-01	-0.0126176	0.0112713	1.25316	2.6E-01	1.11173	2.9E-01
rs1242488	17	17347995	0.443205	C	A	0.250473	0.994678	0.0137538	9.1E-01	-0.000737802	0.00648862	0.0129293	9.1E-01	0.0637029	8.0E-01
rs897456	17	17422608	0.444631	A	G	0.942018	1	7.76574	5.3E-03	-0.036402	0.0120453	9.133	2.5E-03	9.07707	2.6E-03
rs11651639	17	27672320	0.49569	A	T	0.483934	0.999433	0.572935	4.5E-01	-0.0043454	0.0056229	0.597225	4.4E-01	0.958364	3.3E-01
rs55883500	17	40395267	0.664304	T	G	0.691334	0.998762	1.81841	1.8E-01	-0.0086311	0.00608386	2.01268	1.6E-01	2.37398	1.2E-01
rs2242461	17	40861424	0.665935	G	A	0.405713	1	0.102597	7.5E-01	0.00242937	0.00572272	0.180211	6.7E-01	0.188145	6.6E-01
rs62053943	17	43744203	0.688226	C	T	0.845555	0.975028	5.34263	2.1E-02	-0.0172274	0.00789101	4.7662	2.9E-02	4.25168	3.9E-02
rs6504972	17	53601168	0.790946	G	A	0.654059	0.990391	0.334899	5.6E-01	-0.0038391	0.00595845	0.415138	5.2E-01	0.328422	5.7E-01
rs9892365	17	59491384	0.871045	A	G	0.330387	0.996856	0.00165053	9.7E-01	0.00097883	0.00598446	0.0267525	8.7E-01	0.046861	8.3E-01
rs146385050	17	60637258	0.881108	C	A	0.819308	0.982238	3.01675	8.2E-02	0.0130302	0.00736422	3.13076	7.7E-02	3.15063	7.6E-02
rs1966327	17	67570113	0.971768	A	G	0.320402	0.997202	1.04412	3.1E-01	-0.00491641	0.00602512	0.665833	4.1E-01	0.424805	5.1E-01
rs9896666	17	68226321	0.98162	C	T	0.675868	0.994992	0.395115	5.3E-01	0.00411593	0.00601468	0.468284	4.9E-01	0.540086	4.6E-01
rs3810068	18	2846499	0.0738566	T	C	0.595452	1	8.21674	4.2E-03	0.01348	0.0057147	5.56404	1.8E-02	6.29755	1.2E-02
rs4800451	18	20716805	0.429195	C	T	0.259966	0.984274	0.49787	4.8E-01	-0.00580603	0.00647114	0.805003	3.7E-01	0.962448	3.3E-01
rs1026186	18	42741410	0.625015	G	A	0.64681	0.995626	4.52057	3.3E-02	0.0122166	0.00589514	4.29451	3.8E-02	4.11146	4.3E-02
rs8086644	18	60788559	0.864537	G	A	0.834201	0.988925	0.191704	6.6E-01	0.00118311	0.00759263	0.0242811	8.8E-01	0.0580571	8.1E-01
rs12979965	19	2131148	0.0753026	A	G	0.499935	0.991113	0.176628	6.7E-01	0.00374416	0.00563732	0.441128	5.1E-01	0.361687	5.5E-01
rs10421685	19	4488926	0.151356	G	A	0.311293	0.998169	7.05932	7.9E-03	0.01492	0.00607714	6.02754	1.4E-02	5.63324	1.8E-02
rs10421685	19	4488926	0.151356	G	C	0.973386	0.548756	2.10441	1.5E-01	-0.0379779	0.0235412	2.6026	1.1E-01	2.35195	1.3E-01
rs35555265	19	17152232	0.420672	C	T	0.803227	0.993265	3.19274	7.4E-02	0.0135268	0.00707738	3.65297	5.6E-02	2.79464	9.5E-02
rs72999466	19	18248499	0.447893	C	T	0.742123	0.99893	0.346825	5.6E-01	-0.00428151	0.0064184	0.444981	5.0E-01	0.239457	6.2E-01
rs1423056	19	33780444	0.560699	G	A	0.681795	0.903762	0.25838	6.1E-01	0.00294306	0.00635262	0.214632	6.4E-01	0.0147931	9.0E-01
rs113504807	19	33787954	0.561506	C	T	0.951238	0.934153	1.4619	2.3E-01	-0.017148	0.0134669	1.62141	2.0E-01	1.29995	2.5E-01
rs11672697	19	33876955	0.562267	C	T	0.494053	0.99299	3.18645	7.4E-02	0.0108413	0.00564172	3.69268	5.5E-02	3.86304	4.9E-02
rs62119261	19	45122043	0.697479	A	C	0.953817	1	50.9976	9.2E-13	0.0960173	0.0133578	51.669	6.6E-13	53.0968	3.2E-13
rs113330691	19	45295886	0.703011	G	A	0.965024	0.995257	67.7101	1.9E-16	0.129005	0.0153383	70.7383	4.1E-17	67.5797	2.0E-16
rs61642202	19	45345283	0.705129	A	C	0.989532	0.975922	34.1834	5.0E-09	-0.159676	0.0279313	32.6809	1.1E-08	29.6575	5.2E-08
rs12691088	19	45418486	0.707233	G	A	0.979161	0.866168	31.8556	1.7E-08	-0.11669	0.0211098	30.5562	3.2E-08	33.4755	7.2E-09
rs34827707	19	45541782	0.710188	G	A	0.973536	0.918542	131.898	1.6E-30	0.212117	0.0182715	134.773	3.7E-31	135.161	3.0E-31
rs2864436	19	55986637	0.996315	T	C	0.754674	1	0.597186	4.4E-01	-0.00519543	0.00650961	0.636992	4.2E-01	0.232326	6.3E-01
rs151235402	20	569164	0.0196907	C	T	0.984757	0.956324	0.429461	5.1E-01	-0.0147068	0.0235933	0.38856	5.3E-01	0.330421	5.7E-01
rs805769	20	5667459	0.191037	T	C	0.595306	0.99253	0.132877	7.2E-01	-0.00218481	0.00574873	0.144438	7.0E-01	0.200792	6.5E-01
rs6117303	20	6487687	0.213838	T	C	0.34849	0.989053	3.30304	6.9E-02	0.0122465	0.0059263	4.27029	3.9E-02	3.84084	5.0E-02
rs146411982	20	38985760	0.586515	A	G	0.97517	0.885893	19.9347	8.0E-06	-0.0882732	0.0191586	21.229	4.1E-06	20.1938	7.0E-06
rs6065295	20	39626335	0.597418	C	T	0.576349	0.996403	31.1039	2.4E-08	-0.0323618	0.00568738	32.3773	1.3E-08	30.3065	3.7E-08
rs11699991	20	45489407	0.689702	T	A	0.670387	0.988835	0.443138	5.1E-01	0.00630752	0.00600593	1.10295	2.9E-01	1.92053	1.7E-01
rs6068280	20	51235613	0.791961	A	G	0.324841	0.992237	0.761503	3.8E-01	-0.00480253	0.00599212	0.642362	4.2E-01	0.593069	4.4E-01
rs6013572	20	51553621	0.798111	T	C	0.936054	1	0.000788636	9.8E-01	-0.00277073	0.0115488	0.0575594	8.1E-01	0.154783	6.9E-01
rs1936966	20	51691779	0.801626	C	T	0.672454	0.982215	0.777274	3.8E-01	-0.00593154	0.00607778	0.952456	3.3E-01	0.492265	4.8E-01
rs2105063	20	62690683	1.09651	C	T	0.438811	1	5.30719	2.1E-02	0.012975	0.00567196	5.23298	2.2E-02	5.10224	2.4E-02
rs4998557	21	33034892	0.322704	G	A	0.887631	0.995909	4.00732	4.5E-02	-0.0150992	0.00893081	2.85844	9.1E-02	2.51877	1.1E-01
rs2836139	21	39451403	0.432375	A	G	0.514897	0.9942	2.86561	9.0E-02	0.00824464	0.00566493	2.11814	1.5E-01	1.67475	2.0E-01
rs2330396	21	47524380	0.643685	A	C	0.492654	0.996498	6.69101	9.7E-03	-0.0148729	0.00561591	7.0138	8.1E-03	5.93139	1.5E-02
rs2236142	22	29137944	0.338659	G	C	0.32476	0.994367	0.683438	4.1E-01	-0.0054171	0.00601108	0.812135	3.7E-01	1.08823	3.0E-01
rs5997898	22	31572963	0.355537	A	C	0.421356	0.998342	0.973645	3.2E-01	-0.00596228	0.00569871	1.09464	3.0E-01	0.893724	3.4E-01
