SNP	CHR	BP	GENPOS	ALLELE1	ALLELE0	A1FREQ	INFO	CHISQ_LINREG	P_LINREG	BETA	SE	CHISQ_BOLT_LMM_INF	P_BOLT_LMM_INF	CHISQ_BOLT_LMM	P_BOLT_LMM
rs10909862	1	2936815	0.0400559	G	A	0.192758	0.987988	4.89185	2.7E-02	0.0162304	0.00710182	5.22296	2.2E-02	4.48904	3.4E-02
rs1294014	1	9325676	0.18921	C	T	0.732045	0.974098	8.76029	3.1E-03	-0.0161649	0.00638336	6.41276	1.1E-02	8.64703	3.3E-03
rs10753554	1	23619009	0.461644	T	C	0.260268	0.989627	1.54496	2.1E-01	0.00671507	0.00637773	1.10859	2.9E-01	0.907621	3.4E-01
rs193084249	1	26987646	0.50164	A	G	0.976162	0.957438	38.1371	6.6E-10	-0.114237	0.0186377	37.569	8.8E-10	36.4072	1.6E-09
rs624698	1	62900811	0.92277	A	G	0.582615	0.969721	47.4717	5.6E-12	0.0409678	0.00572332	51.2378	8.2E-13	53.508	2.6E-13
rs10889551	1	65906137	0.967654	A	G	0.326854	0.995997	0.753698	3.9E-01	-0.00721454	0.00595529	1.46762	2.3E-01	1.11653	2.9E-01
rs71658797	1	77967507	1.07336	T	A	0.879116	0.99054	4.20952	4.0E-02	0.0222551	0.00856193	6.7564	9.3E-03	6.96019	8.3E-03
rs1415361	1	103562263	1.33102	C	T	0.402135	0.995554	0.499139	4.8E-01	0.00410441	0.0056913	0.520088	4.7E-01	0.84796	3.6E-01
rs116679284	1	119014845	1.50751	C	T	0.963653	0.948411	0.00557967	9.4E-01	-6.35764e-05	0.0152858	1.72987e-05	1.0E+00	0.0882778	7.7E-01
rs1766783	1	119434896	1.50931	A	C	0.181268	0.981355	1.55973	2.1E-01	-0.00793143	0.0072844	1.18554	2.8E-01	1.10671	2.9E-01
rs3738479	1	150997842	1.65945	T	A	0.765966	0.995486	0.0777883	7.8E-01	-0.00144811	0.00659359	0.0482344	8.3E-01	0.0734192	7.9E-01
rs79810698	1	154836444	1.69767	C	A	0.955649	1	0.682246	4.1E-01	0.0101383	0.0135244	0.561944	4.5E-01	0.678614	4.1E-01
rs10494421	1	164738727	1.83743	C	T	0.880829	1	0.832879	3.6E-01	-0.00960854	0.00859281	1.25039	2.6E-01	2.69914	1.0E-01
rs3121911	1	170212480	1.91705	G	A	0.744393	0.993907	1.24639	2.6E-01	0.00735457	0.00636627	1.33458	2.5E-01	1.35764	2.4E-01
rs17346300	1	170510459	1.91857	C	T	0.95063	1	1.82593	1.8E-01	0.0148431	0.0128789	1.32829	2.5E-01	1.19783	2.7E-01
rs6697844	1	172308238	1.93873	C	T	0.567982	0.996349	5.87889	1.5E-02	-0.0150523	0.00560485	7.21236	7.2E-03	7.74791	5.4E-03
rs10922075	1	196467248	2.1432	G	A	0.687959	0.997066	12.2442	4.7E-04	0.0199805	0.00601041	11.0511	8.9E-04	9.61884	1.9E-03
rs13303121	1	203503267	2.22276	C	G	0.607381	0.947347	5.7966	1.6E-02	0.0133536	0.00583933	5.22962	2.2E-02	4.58361	3.2E-02
rs4951159	1	205012106	2.25304	G	C	0.0908783	0.967	1.91656	1.7E-01	-0.0134107	0.00984729	1.85467	1.7E-01	2.29933	1.3E-01
rs61821643	1	219268532	2.43532	T	C	0.974395	0.889659	0.817781	3.7E-01	-0.0139688	0.0186556	0.560661	4.5E-01	1.59423	2.1E-01
rs77278027	1	219392230	2.43543	C	T	0.938238	0.976746	0.0066366	9.4E-01	0.000855866	0.0117038	0.00534762	9.4E-01	0.0390485	8.4E-01
rs12740837	1	219623230	2.43692	G	A	0.983231	0.959021	0.465044	5.0E-01	-0.0167951	0.0220759	0.5788	4.5E-01	0.524486	4.7E-01
rs7543050	1	230278291	2.53573	C	G	0.200058	0.991591	46.9375	7.3E-12	0.0484752	0.00695861	48.5282	3.3E-12	52.494	4.3E-13
rs6542674	2	3632442	0.0621103	C	T	0.132618	0.980214	30.5346	3.3E-08	-0.0456957	0.00827652	30.4828	3.4E-08	31.2577	2.3E-08
rs711869	2	13073967	0.297329	G	A	0.443208	0.983109	0.460717	5.0E-01	-0.0025592	0.00564921	0.205226	6.5E-01	0.216878	6.4E-01
rs2702068	2	24689512	0.456007	A	C	0.144536	0.985387	0.151242	7.0E-01	0.0037321	0.00797179	0.219177	6.4E-01	0.0967723	7.6E-01
rs77541036	2	25575523	0.459339	A	G	0.962264	0.991995	1.26547	2.6E-01	-0.0126174	0.0146418	0.742586	3.9E-01	0.98939	3.2E-01
rs7933	2	43452183	0.682402	A	G	0.634885	0.981779	1.07037	3.0E-01	-0.0065137	0.0058252	1.25035	2.6E-01	0.935761	3.3E-01
rs36072157	2	48953740	0.765134	G	C	0.658123	0.956087	4.82568	2.8E-02	-0.0124872	0.00599011	4.34572	3.7E-02	3.69082	5.5E-02
rs4953627	2	48990167	0.765401	C	T	0.775252	0.975089	8.66999	3.2E-03	0.0224929	0.0067702	11.0379	8.9E-04	10.6764	1.1E-03
rs10779951	2	66142656	0.91656	G	A	0.525105	0.992672	3.60743	5.8E-02	-0.0116559	0.00560158	4.3298	3.7E-02	3.55275	5.9E-02
rs12713567	2	66729420	0.924256	A	G	0.428195	0.981664	0.0246587	8.8E-01	-0.000644366	0.00567153	0.0129082	9.1E-01	0.000525383	9.8E-01
rs1521047	2	67724601	0.937973	C	G	0.754197	0.992329	0.753665	3.9E-01	0.0059911	0.00646235	0.859472	3.5E-01	0.999263	3.2E-01
rs12712049	2	100208830	1.21955	A	G	0.176699	0.985519	9.86265	1.7E-03	0.0228821	0.00733733	9.72557	1.8E-03	9.30477	2.3E-03
rs72946301	2	111861838	1.33125	G	A	0.903889	0.964859	1.59817	2.1E-01	0.01196	0.00961564	1.54707	2.1E-01	2.73404	9.8E-02
rs1053413	2	114471921	1.35945	A	G	0.784754	0.998156	0.681877	4.1E-01	-0.00652816	0.00679286	0.923583	3.4E-01	0.773474	3.8E-01
rs7593247	2	119337589	1.3956	C	T	0.503779	0.990163	0.0316599	8.6E-01	-0.000419989	0.00558959	0.00564567	9.4E-01	0.0155288	9.0E-01
rs78876301	2	158234589	1.75901	A	C	0.987187	0.782415	0.446125	5.0E-01	-0.0117973	0.0279965	0.177564	6.7E-01	0.402381	5.3E-01
rs77928329	2	158413902	1.76308	G	A	0.945424	0.998218	0.192578	6.6E-01	0.00821118	0.0122151	0.451871	5.0E-01	0.646458	4.2E-01
rs1402698	2	165424575	1.81281	G	A	0.368852	0.988943	9.81716	1.7E-03	-0.0177761	0.00581054	9.35921	2.2E-03	7.90161	4.9E-03
rs3769877	2	165569779	1.81517	G	A	0.125621	1	6.28351	1.2E-02	0.0196846	0.0084011	5.49011	1.9E-02	6.58145	1.0E-02
rs72882321	2	172298662	1.8972	C	T	0.82134	0.98752	0.15954	6.9E-01	0.00245905	0.00731487	0.113012	7.4E-01	0.0132566	9.1E-01
rs62173497	2	187821910	2.04064	C	A	0.889346	0.96522	4.93091	2.6E-02	0.018724	0.00901498	4.31389	3.8E-02	4.88443	2.7E-02
rs61613340	2	191746748	2.0603	G	T	0.922155	0.993102	1.73662	1.9E-01	0.013115	0.0104187	1.58456	2.1E-01	1.21633	2.7E-01
rs1250248	2	216287093	2.28549	A	G	0.271924	0.996374	0.436105	5.1E-01	0.00449152	0.00627048	0.51308	4.7E-01	0.164155	6.9E-01
rs2373074	2	218381350	2.32413	C	T	0.903238	0.998908	2.51091	1.1E-01	-0.0167734	0.0094262	3.16643	7.5E-02	2.97605	8.5E-02
rs62182126	2	219279230	2.33765	G	A	0.901396	1	6.19548	1.3E-02	-0.0235201	0.00933472	6.34857	1.2E-02	6.40543	1.1E-02
rs6760762	2	226866226	2.44112	C	T	0.776212	0.976874	19.3376	1.1E-05	0.0296948	0.00676153	19.2873	1.1E-05	19.5038	1.0E-05
rs305506	3	12026709	0.296805	G	T	0.113582	0.992655	3.72438	5.4E-02	0.0156431	0.00882116	3.1448	7.6E-02	2.81358	9.3E-02
rs114252958	3	12409938	0.29797	C	T	0.982982	0.956617	0.130785	7.2E-01	-0.00670152	0.0221057	0.0919048	7.6E-01	0.00723094	9.3E-01
rs10490869	3	35635145	0.595764	A	T	0.789428	0.990849	5.56862	1.8E-02	-0.0149333	0.00683665	4.7712	2.9E-02	5.56258	1.8E-02
rs6771508	3	43718462	0.664863	A	C	0.974943	0.998741	1.84686	1.7E-01	0.0231107	0.0178229	1.68138	1.9E-01	1.40238	2.4E-01
rs4683294	3	46979013	0.687679	G	C	0.321583	0.960868	12.1548	4.9E-04	-0.0194338	0.0060726	10.2416	1.4E-03	10.0659	1.5E-03
rs4858828	3	48724811	0.68972	C	T	0.349077	0.999091	0.154314	6.9E-01	-0.00288706	0.00582	0.246074	6.2E-01	0.367016	5.4E-01
rs352156	3	52214610	0.694887	C	T	0.95508	0.904333	8.95115	2.8E-03	0.0412472	0.0140075	8.6709	3.2E-03	7.2442	7.1E-03
rs7643235	3	53227428	0.699142	T	C	0.413554	0.989215	2.04064	1.5E-01	0.00814686	0.00565361	2.07649	1.5E-01	1.69747	1.9E-01
rs11718560	3	64584862	0.868956	C	T	0.731925	0.985124	5.17802	2.3E-02	-0.0142533	0.00632426	5.07939	2.4E-02	5.49262	1.9E-02
rs4688498	3	64674599	0.871028	C	T	0.669682	0.985151	0.964091	3.3E-01	0.0048726	0.00596488	0.667294	4.1E-01	0.727505	3.9E-01
rs997274	3	78704821	1.06722	T	C	0.74872	0.994327	0.124365	7.2E-01	-0.00234544	0.00645084	0.132195	7.2E-01	0.00354348	9.5E-01
rs1877569	3	99224544	1.12953	G	A	0.816268	0.993173	0.000332248	9.9E-01	-0.000591874	0.00719247	0.00677178	9.3E-01	0.00654155	9.4E-01
rs9875732	3	107461731	1.19696	T	C	0.623	0.99667	0.00325787	9.5E-01	-0.000334908	0.00575614	0.00338523	9.5E-01	0.0847616	7.7E-01
rs1000368	3	123117165	1.35684	C	T	0.748444	0.996692	3.48691	6.2E-02	-0.0128022	0.00642121	3.97498	4.6E-02	3.54825	6.0E-02
rs113771682	3	129112166	1.4255	C	T	0.937361	0.999072	0.386898	5.3E-01	0.00444281	0.0115229	0.14866	7.0E-01	0.176352	6.7E-01
rs7647218	3	129125231	1.42558	C	A	0.901356	0.999167	0.00636394	9.4E-01	-0.000394012	0.00935921	0.00177231	9.7E-01	0.0303663	8.6E-01
rs75212171	3	129323322	1.42649	T	C	0.983133	1	0.240272	6.2E-01	-0.00212666	0.0216112	0.00968368	9.2E-01	0.00075836	9.8E-01
rs112551697	3	150018637	1.64271	G	A	0.965547	0.928479	5.51098	1.9E-02	-0.0348615	0.0157915	4.87353	2.7E-02	6.51265	1.1E-02
rs11720805	3	156800360	1.71236	A	G	0.330937	0.970132	2.52442	1.1E-01	0.0103988	0.0060093	2.99445	8.4E-02	3.98203	4.6E-02
rs1488111	3	168951612	1.77942	C	T	0.517319	0.996852	6.01531	1.4E-02	0.0130607	0.00556824	5.50171	1.9E-02	5.52743	1.9E-02
rs1499813	3	171760427	1.8208	T	C	0.587423	1	0.197282	6.6E-01	-0.00254835	0.0056803	0.201268	6.5E-01	0.419145	5.2E-01
rs13092876	3	185495320	2.01656	G	A	0.686714	0.994835	8.80804	3.0E-03	-0.0172213	0.006017	8.19172	4.2E-03	8.10202	4.4E-03
rs3843375	3	196813908	2.26438	G	A	0.590341	0.999191	0.739014	3.9E-01	-0.00346386	0.00567606	0.372416	5.4E-01	0.0174326	8.9E-01
rs75072999	4	844781	0.00782036	G	A	0.904941	0.991302	0.913624	3.4E-01	0.0107956	0.00955176	1.2774	2.6E-01	1.22383	2.7E-01
rs748483	4	952409	0.00822297	A	G	0.891522	0.99682	5.70422	1.7E-02	-0.0226792	0.00897745	6.38191	1.2E-02	7.00157	8.1E-03
rs1912897	4	26006133	0.455942	A	T	0.793054	0.98817	11.4763	7.0E-04	-0.0241013	0.00692157	12.1247	5.0E-04	12.2234	4.7E-04
rs7689800	4	26295421	0.461356	C	G	0.382061	0.982424	1.47816	2.2E-01	0.00822016	0.00578696	2.01772	1.6E-01	1.38639	2.4E-01
rs34171390	4	56192405	0.730002	C	G	0.828737	0.967618	1.52126	2.2E-01	-0.00883971	0.0074985	1.38972	2.4E-01	0.671716	4.1E-01
rs3017896	4	89533004	1.04795	G	C	0.704398	1	0.286072	5.9E-01	-0.00357159	0.00608498	0.344512	5.6E-01	0.419657	5.2E-01
rs10029220	4	89710592	1.04921	C	T	0.909788	0.997537	0.0750137	7.8E-01	-0.00565391	0.00974581	0.336559	5.6E-01	0.129917	7.2E-01
rs1813006	4	103001649	1.15654	G	T	0.940854	0.94358	24.9252	6.0E-07	-0.0609897	0.0121452	25.2177	5.1E-07	26.1966	3.1E-07
rs12647922	4	106063987	1.17944	C	T	0.794586	0.998343	0.569011	4.5E-01	-0.00474748	0.00689296	0.474369	4.9E-01	0.757079	3.8E-01
rs7655064	4	120106348	1.31331	T	C	0.875326	0.995692	0.024762	8.7E-01	-0.00111817	0.00843552	0.0175708	8.9E-01	0.0137365	9.1E-01
rs2922979	4	123748616	1.34468	C	G	0.689888	1	5.35486	2.1E-02	0.0130776	0.00602975	4.70386	3.0E-02	3.89204	4.9E-02
rs1520325	4	125182690	1.35483	C	T	0.78007	0.994582	1.0968	2.9E-01	-0.00840729	0.00674391	1.55413	2.1E-01	2.03327	1.5E-01
rs2353397	4	145517578	1.53798	C	T	0.46	1	0.102754	7.5E-01	-0.00186091	0.00559559	0.1106	7.4E-01	0.0186276	8.9E-01
rs2166365	5	3597830	0.0882728	A	G	0.777693	0.981109	0.710934	4.0E-01	0.00691617	0.00675528	1.0482	3.1E-01	1.55619	2.1E-01
rs13178917	5	4007353	0.10142	C	T	0.551938	0.99437	5.22679	2.2E-02	0.0137146	0.00559258	6.01367	1.4E-02	4.3994	3.6E-02
rs10061804	5	32748637	0.511958	G	A	0.711147	1	0.590489	4.4E-01	0.00486081	0.00614828	0.625043	4.3E-01	0.524868	4.7E-01
rs299615	5	34042097	0.535425	G	A	0.843227	1	3.14801	7.6E-02	0.014287	0.00766795	3.47155	6.2E-02	2.82976	9.3E-02
rs4293945	5	38736142	0.597252	A	T	0.606404	0.995383	0.0393027	8.4E-01	0.00147455	0.00571385	0.0665979	8.0E-01	0.0666718	8.0E-01
rs163112	5	54538003	0.667379	C	G	0.107063	0.994238	3.2624	7.1E-02	0.0141623	0.0090483	2.4498	1.2E-01	3.1974	7.4E-02
rs61653333	5	55779080	0.679717	G	T	0.970448	0.977169	0.0110251	9.2E-01	1.66137e-05	0.0166117	1.00023e-06	1.0E+00	0.0378788	8.5E-01
rs6867983	5	55854153	0.681454	C	T	0.861163	1	49.1227	2.4E-12	-0.0584696	0.00805665	52.6686	3.9E-13	53.112	3.2E-13
rs11749164	5	66294202	0.770672	T	G	0.72649	0.988719	0.0370394	8.5E-01	-0.00148497	0.00628812	0.0557689	8.1E-01	0.0788583	7.8E-01
rs6878122	5	76427311	0.889556	G	A	0.318329	0.997785	2.70178	1.0E-01	-0.00898133	0.00599294	2.24596	1.3E-01	1.6734	2.0E-01
rs7734060	5	101780479	1.10738	T	G	0.734791	0.995631	1.36866	2.4E-01	0.00778725	0.00634299	1.50723	2.2E-01	1.41453	2.3E-01
rs1394631	5	118639270	1.27349	C	T	0.775145	0.988487	1.06862	3.0E-01	-0.00803015	0.00669929	1.43678	2.3E-01	1.3277	2.5E-01
rs11744058	5	118798944	1.27486	G	T	0.783807	0.998591	10.3993	1.3E-03	0.0220097	0.00677567	10.5517	1.2E-03	10.642	1.1E-03
rs3749748	5	127350549	1.37291	C	T	0.753958	0.992802	3.44503	6.3E-02	0.0114083	0.00648596	3.0938	7.9E-02	2.51082	1.1E-01
rs4705986	5	132349654	1.39065	T	G	0.93722	0.978165	2.79219	9.5E-02	0.0232966	0.0116188	4.02037	4.5E-02	4.24584	3.9E-02
rs10463353	5	141710741	1.48273	C	T	0.64075	0.986535	8.74826	3.1E-03	0.0179137	0.00583891	9.41259	2.2E-03	9.86354	1.7E-03
rs33999	5	141973349	1.48937	C	G	0.61201	0.9834	2.80753	9.4E-02	-0.00864359	0.00575133	2.25866	1.3E-01	2.15057	1.4E-01
rs12652322	5	171822666	1.88951	C	T	0.705202	0.99822	1.99024	1.6E-01	-0.00798448	0.00612082	1.70166	1.9E-01	1.51231	2.2E-01
rs2053681	5	172746086	1.91113	A	G	0.485634	0.912476	1.46455	2.3E-01	-0.00537151	0.00584795	0.843694	3.6E-01	1.49226	2.2E-01
rs10035782	5	173270328	1.92939	A	G	0.600689	0.984103	0.742023	3.9E-01	-0.00425978	0.00573205	0.552273	4.6E-01	0.667121	4.1E-01
rs11963955	6	6631996	0.178791	A	G	0.63755	0.976944	3.75027	5.3E-02	-0.0116136	0.00586288	3.92387	4.8E-02	5.57145	1.8E-02
rs201061	6	6730512	0.181115	G	A	0.455632	0.976616	1.00309	3.2E-01	-0.00527277	0.00564118	0.87365	3.5E-01	1.3191	2.5E-01
rs1334576	6	7211818	0.195986	G	A	0.577466	1	0.876777	3.5E-01	-0.00450509	0.00564363	0.63722	4.2E-01	0.536765	4.6E-01
rs9382988	6	14595010	0.314722	C	A	0.204336	0.998886	0.209212	6.5E-01	-0.00174584	0.00692339	0.0635872	8.0E-01	0.0643955	8.0E-01
rs4710940	6	20658012	0.410434	A	C	0.647038	0.999463	4.9432	2.6E-02	-0.014843	0.00583678	6.46688	1.1E-02	5.39373	2.0E-02
rs3129830	6	30248711	0.50553	G	A	0.868561	0.999908	1.21899	2.7E-01	0.0106931	0.0082051	1.6984	1.9E-01	1.94346	1.6E-01
rs7772131	6	30795171	0.50714	A	C	0.98857	1	0.802327	3.7E-01	0.0141118	0.0261835	0.290476	5.9E-01	0.536156	4.6E-01
rs6919908	6	31244960	0.511805	T	C	0.193908	0.999901	14.5122	1.4E-04	-0.0283502	0.00705855	16.1318	5.9E-05	16.6235	4.6E-05
rs181133225	6	32454764	0.520293	T	C	0.893417	0.778953	1.00485	3.2E-01	-0.00711166	0.0101585	0.490094	4.8E-01	0.188546	6.6E-01
rs117108573	6	32489679	0.520303	C	T	0.921381	0.866866	1.94254	1.6E-01	-0.010851	0.0110399	0.966076	3.3E-01	0.464951	5.0E-01
rs575662827	6	32543874	0.520325	T	C	0.899289	0.833996	1.93283	1.6E-01	-0.0111609	0.0100777	1.22653	2.7E-01	0.639203	4.2E-01
rs114760566	6	34192036	0.545788	C	A	0.95429	0.993831	18.7336	1.5E-05	-0.0584119	0.0133571	19.124	1.2E-05	17.8831	2.3E-05
rs1574430	6	43269029	0.669727	A	C	0.391305	0.999399	0.0235214	8.8E-01	0.000451566	0.00570195	0.00627184	9.4E-01	0.0252432	8.7E-01
rs9381248	6	43734606	0.675407	C	T	0.878359	0.993046	3.50931	6.1E-02	-0.0168786	0.00854943	3.89762	4.8E-02	4.64056	3.1E-02
rs35349911	6	43785255	0.678849	C	T	0.409556	0.97009	3.08814	7.9E-02	-0.0107586	0.00575717	3.49214	6.2E-02	3.89861	4.8E-02
rs72902769	6	80719576	0.920488	C	G	0.966643	0.999182	1.6977	1.9E-01	-0.0163975	0.0155253	1.11552	2.9E-01	0.782688	3.8E-01
rs62406467	6	81114126	0.921634	G	T	0.849337	0.952286	3.44041	6.4E-02	0.0152872	0.00797197	3.67727	5.5E-02	2.79201	9.5E-02
rs6924944	6	100597579	1.0811	A	T	0.245839	0.981159	1.76826	1.8E-01	0.00938173	0.00654193	2.05662	1.5E-01	2.16091	1.4E-01
rs2806373	6	109222017	1.18299	G	A	0.239547	0.998945	7.20234	7.3E-03	-0.0150291	0.00651642	5.3192	2.1E-02	5.93524	1.5E-02
rs72969772	6	126187585	1.32503	A	G	0.980326	1	0.342104	5.6E-01	-0.00763906	0.0200985	0.144462	7.0E-01	0.180922	6.7E-01
rs9986505	6	126445558	1.32603	A	G	0.676155	0.991308	3.00519	8.3E-02	0.00946581	0.00597181	2.51249	1.1E-01	3.29137	7.0E-02
rs74949497	6	126812007	1.32699	A	C	0.97517	1	5.41217	2.0E-02	-0.0417463	0.0179886	5.38567	2.0E-02	5.07567	2.4E-02
rs139242696	6	127414440	1.32797	T	C	0.974904	0.948341	4.91491	2.7E-02	-0.0370365	0.0182357	4.12491	4.2E-02	5.72114	1.7E-02
rs9385864	6	139805476	1.50274	C	T	0.690777	0.988333	23.6171	1.2E-06	-0.0289746	0.00606791	22.8012	1.8E-06	25.2384	5.1E-07
rs12205386	6	139837171	1.50318	C	A	0.64366	0.9992	7.25642	7.1E-03	0.0160939	0.00581739	7.65361	5.7E-03	7.66075	5.6E-03
rs11756568	6	152042413	1.64245	A	T	0.724851	0.999168	0.503467	4.8E-01	-0.00291699	0.00624236	0.218359	6.4E-01	0.0886165	7.7E-01
rs9365100	6	160248806	1.76828	G	A	0.984447	0.969721	58.026	2.6E-14	0.177488	0.0227766	60.7236	6.6E-15	60.761	6.4E-15
rs146184004	6	160766334	1.77462	C	T	0.971796	0.900349	34.0701	5.3E-09	0.104274	0.0177455	34.5287	4.2E-09	37.8584	7.6E-10
rs112376176	6	160874032	1.77489	C	T	0.959091	1	33.9925	5.5E-09	-0.0779433	0.0141137	30.4982	3.3E-08	31.6108	1.9E-08
rs2214440	7	20372191	0.358281	A	G	0.667729	0.991786	1.9744	1.6E-01	0.0084289	0.00594001	2.01357	1.6E-01	1.74548	1.9E-01
rs111683990	7	25729528	0.437229	C	G	0.955498	0.987881	0.54776	4.6E-01	-0.0102985	0.0136131	0.572315	4.5E-01	0.445048	5.0E-01
rs2040786	7	26208736	0.442609	G	A	0.529342	1	0.91992	3.4E-01	0.00556917	0.00557767	0.996955	3.2E-01	0.703816	4.0E-01
rs17428025	7	27251396	0.453724	C	T	0.971753	0.967404	2.44243	1.2E-01	0.0244981	0.0170841	2.05628	1.5E-01	2.02484	1.5E-01
rs849140	7	28183702	0.463008	T	C	0.410308	1	0.83853	3.6E-01	0.00511348	0.00569179	0.807115	3.7E-01	1.928	1.6E-01
rs17172095	7	42665355	0.680121	A	G	0.679379	0.995026	2.44491	1.2E-01	0.0101787	0.00597757	2.89958	8.9E-02	3.48169	6.2E-02
rs71553230	7	71997829	0.893615	T	A	0.963504	0.829255	33.7293	6.3E-09	0.0949549	0.0162802	34.0184	5.5E-09	34.4346	4.4E-09
rs563211591	7	72819387	0.897836	C	A	0.980415	0.924119	31.7654	1.7E-08	0.118674	0.020861	32.3625	1.3E-08	31.8125	1.7E-08
rs7780317	7	72867852	0.899612	C	T	0.927932	0.985744	0.326924	5.7E-01	0.00594605	0.0108117	0.302459	5.8E-01	0.25159	6.2E-01
rs76306613	7	106235348	1.22452	G	T	0.856013	0.98895	0.31759	5.7E-01	-0.00453973	0.00797882	0.32373	5.7E-01	1.18633	2.8E-01
rs2237687	7	107585473	1.24369	C	T	0.472393	0.966594	3.62143	5.7E-02	0.0107888	0.00566735	3.62401	5.7E-02	3.47329	6.2E-02
rs38902	7	116889718	1.32093	G	A	0.474732	0.992845	1.80477	1.8E-01	-0.00775828	0.00559287	1.92425	1.7E-01	1.21475	2.7E-01
rs12154627	7	130422934	1.4017	T	C	0.50687	0.97487	71.2394	3.2E-17	0.0467646	0.00562977	69.0007	9.8E-17	74.8063	5.2E-18
rs7808446	7	150214465	1.67249	T	G	0.235459	0.993612	16.0706	6.1E-05	0.0263921	0.00658334	16.0715	6.1E-05	13.8272	2.0E-04
rs2921064	8	8316637	0.239272	C	T	0.536613	0.987347	29.3523	6.0E-08	0.0316369	0.00563009	31.5761	1.9E-08	30.8109	2.8E-08
rs4474021	8	12632903	0.332387	G	T	0.680847	1	9.00497	2.7E-03	-0.0179664	0.00595706	9.09611	2.6E-03	9.55845	2.0E-03
rs17091237	8	19593584	0.4685	C	T	0.316528	0.990177	31.2041	2.3E-08	0.0340878	0.00601315	32.1361	1.4E-08	35.6059	2.4E-09
rs190089270	8	19749424	0.471795	G	A	0.993402	0.890142	55.7617	8.2E-14	0.267995	0.0365117	53.8752	2.1E-13	60.1802	8.7E-15
rs35469180	8	19761602	0.471986	A	T	0.982038	0.993607	81.2204	2.0E-19	-0.195129	0.0210561	85.8791	1.9E-20	86.6514	1.3E-20
rs7815496	8	38321607	0.69461	C	T	0.597407	0.996532	9.32479	2.3E-03	-0.0166311	0.00566789	8.60993	3.3E-03	9.5045	2.0E-03
rs12543555	8	69562014	0.90375	A	G	0.792125	0.98465	0.240076	6.2E-01	-0.00245578	0.00688889	0.127081	7.2E-01	0.021551	8.8E-01
rs28568866	8	72353630	0.949663	G	A	0.969869	0.939217	1.18914	2.8E-01	-0.0193385	0.0168034	1.3245	2.5E-01	2.32682	1.3E-01
rs146492163	8	72386394	0.950025	G	T	0.969453	0.960969	15.6206	7.7E-05	-0.064466	0.0165162	15.235	9.5E-05	13.4385	2.5E-04
rs1895674	8	72443246	0.950276	T	G	0.946848	0.990629	0.567687	4.5E-01	0.0105108	0.0124209	0.716088	4.0E-01	0.463157	5.0E-01
rs4147332	8	89280863	1.08332	G	C	0.323141	0.995784	1.06978	3.0E-01	-0.00611945	0.00595355	1.05651	3.0E-01	0.994643	3.2E-01
rs144435165	8	126419938	1.45107	G	C	0.944169	0.785853	37.6389	8.5E-10	-0.0852169	0.0136447	39.0055	4.2E-10	38.2532	6.2E-10
rs2954018	8	126477153	1.45319	C	T	0.298338	0.998357	64.4074	1.0E-15	0.0509067	0.00608452	70.0001	5.9E-17	74.5446	5.9E-18
rs6991761	8	128274518	1.48941	C	T	0.844167	0.993607	0.234229	6.3E-01	-0.00271316	0.00767923	0.124829	7.2E-01	0.0213909	8.8E-01
rs2467030	8	135665361	1.60637	A	G	0.339674	0.997044	0.063285	8.0E-01	0.0011833	0.00589696	0.0402658	8.4E-01	0.0105743	9.2E-01
rs12340775	9	13226945	0.282033	G	A	0.944686	0.940298	0.458141	5.0E-01	0.0108363	0.0125508	0.745448	3.9E-01	0.888638	3.5E-01
rs73650963	9	93943033	1.11642	T	C	0.892475	0.990174	2.4671	1.2E-01	-0.0137783	0.00899678	2.34539	1.3E-01	2.40038	1.2E-01
rs2131919	9	95283887	1.12689	A	G	0.836694	0.999136	7.59368	5.9E-03	-0.020997	0.00756081	7.71216	5.5E-03	7.59001	5.9E-03
rs1572136	9	101740604	1.18729	G	C	0.72498	0.989514	10.2288	1.4E-03	0.0199083	0.00628072	10.0472	1.5E-03	9.60985	1.9E-03
rs12686004	9	107653426	1.24316	G	A	0.884336	1	0.44721	5.0E-01	0.00602108	0.00870864	0.478022	4.9E-01	0.964825	3.3E-01
rs10991414	9	107685589	1.24582	T	C	0.861133	0.989408	4.40544	3.6E-02	-0.0175383	0.0081203	4.66479	3.1E-02	3.7646	5.2E-02
rs111479443	9	107874316	1.24936	T	G	0.963758	0.9746	0.0105429	9.2E-01	0.00159147	0.0151107	0.0110924	9.2E-01	0.224913	6.4E-01
rs7048735	9	112529695	1.31375	A	G	0.239496	0.976202	2.01222	1.6E-01	-0.010195	0.00660509	2.3824	1.2E-01	2.51498	1.1E-01
rs1002607	9	113858933	1.33848	T	C	0.4071	0.988428	1.3582	2.4E-01	0.00606066	0.005714	1.12502	2.9E-01	1.38011	2.4E-01
rs13298297	9	119264108	1.4204	G	A	0.769285	0.989359	0.0505121	8.2E-01	-0.000883325	0.00666967	0.0175401	8.9E-01	0.0149116	9.0E-01
rs6478851	9	131561110	1.55426	G	A	0.758635	1	2.605	1.1E-01	-0.0109927	0.00652467	2.8385	9.2E-02	2.80347	9.4E-02
rs60980157	9	139235415	1.78278	C	T	0.757478	0.966704	2.58811	1.1E-01	-0.0105045	0.00659262	2.53885	1.1E-01	2.26539	1.3E-01
rs7072195	10	3540748	0.0738836	T	C	0.417534	0.993244	0.119022	7.3E-01	-0.00162484	0.0056701	0.0821186	7.7E-01	0.085409	7.7E-01
rs11592754	10	32619572	0.605452	A	C	0.85659	0.998356	0.0289182	8.6E-01	-0.000504052	0.00794789	0.00402205	9.5E-01	0.119599	7.3E-01
rs2247396	10	33489192	0.60946	G	A	0.603626	0.99818	0.487095	4.9E-01	0.00368666	0.00567814	0.421554	5.2E-01	0.157264	6.9E-01
rs4341488	10	60452745	0.822202	G	A	0.188376	0.998867	1.59941	2.1E-01	0.00835522	0.00712095	1.3767	2.4E-01	0.662954	4.2E-01
rs17287962	10	63770969	0.858439	A	G	0.970094	0.979005	3.97349	4.6E-02	-0.0307302	0.0165208	3.45996	6.3E-02	4.76759	2.9E-02
rs4746855	10	64822828	0.870307	G	A	0.596713	1	36.473	1.5E-09	0.0336534	0.00569159	34.9615	3.4E-09	36.4424	1.6E-09
rs10762666	10	77157489	1.00522	A	G	0.241967	0.984822	0.0391743	8.4E-01	-0.000851543	0.00652737	0.0170191	9.0E-01	0.114342	7.4E-01
rs10887758	10	89603315	1.15934	T	C	0.784575	0.990793	4.31939	3.8E-02	-0.0143054	0.00681994	4.39988	3.6E-02	4.7199	3.0E-02
rs141490680	10	95280981	1.22085	G	A	0.866825	0.998279	25.481	4.5E-07	-0.040566	0.0081933	24.5136	7.4E-07	23.6973	1.1E-06
rs7342070	10	104223628	1.30538	T	C	0.455086	1	1.85612	1.7E-01	-0.00889377	0.00559004	2.53129	1.1E-01	2.84797	9.1E-02
rs7917983	10	114732882	1.3977	T	C	0.532069	1	1.8	1.8E-01	-0.00856972	0.00558453	2.35484	1.2E-01	2.7613	9.7E-02
rs242956	10	119297479	1.46386	C	T	0.362627	0.990585	0.648679	4.2E-01	0.00346307	0.00580842	0.355474	5.5E-01	0.109951	7.4E-01
rs7104929	11	784340	0.0108006	C	G	0.530599	0.997422	0.567661	4.5E-01	-0.00248442	0.00560008	0.196817	6.6E-01	0.0191476	8.9E-01
rs7932891	11	10921512	0.210707	A	G	0.294445	0.99931	5.33193	2.1E-02	0.0127048	0.00610346	4.33292	3.7E-02	4.2459	3.9E-02
rs11607537	11	14224166	0.277204	C	T	0.941093	0.981717	19.9113	8.1E-06	0.055035	0.0119435	21.2331	4.1E-06	23.0411	1.6E-06
rs79634051	11	14561945	0.278112	G	C	0.971744	1	9.33389	2.2E-03	0.0559206	0.0167476	11.149	8.4E-04	9.65226	1.9E-03
rs3114693	11	26127790	0.452397	A	T	0.617543	0.997848	2.58492	1.1E-01	0.00932532	0.005736	2.64307	1.0E-01	3.29734	6.9E-02
rs56386213	11	36291554	0.562467	A	G	0.59504	1	0.60485	4.4E-01	0.00662858	0.00563953	1.38151	2.4E-01	1.9043	1.7E-01
rs11230796	11	61529267	0.703345	T	G	0.757516	0.978914	27.5983	1.5E-07	-0.0360142	0.00655926	30.1466	4.0E-08	31.5685	1.9E-08
rs174565	11	61591636	0.70404	C	G	0.873094	0.998534	90.6314	1.7E-21	-0.0831118	0.00837514	98.4785	3.3E-23	100.302	1.3E-23
rs4297487	11	69229628	0.763225	A	G	0.324779	0.994186	1.11407	2.9E-01	-0.00494937	0.00596136	0.689301	4.1E-01	1.56842	2.1E-01
rs28690953	11	111384426	1.18701	T	G	0.852983	1	4.79326	2.9E-02	-0.0191035	0.00786842	5.89459	1.5E-02	5.58452	1.8E-02
rs55776558	11	116527521	1.25984	T	C	0.953167	0.985638	89.864	2.6E-21	-0.129383	0.0132866	94.8262	2.1E-22	96.6575	8.2E-23
rs139524394	11	116624922	1.26038	C	T	0.990248	0.941813	40.7609	1.7E-10	-0.193819	0.0291673	44.1569	3.0E-11	46.658	8.5E-12
rs747249	11	130271647	1.49781	A	G	0.36087	0.986641	0.0565814	8.1E-01	0.000300625	0.00584074	0.00264919	9.6E-01	0.0795114	7.8E-01
rs11045172	12	20470221	0.37098	A	C	0.802191	0.989276	22.7823	1.8E-06	0.0355409	0.00702743	25.5779	4.2E-07	24.0933	9.2E-07
rs7977928	12	26265632	0.457285	G	A	0.408587	1	1.07124	3.0E-01	-0.00716633	0.0056532	1.60696	2.0E-01	2.33208	1.3E-01
rs2343874	12	26409450	0.459085	G	A	0.532807	0.98214	2.22824	1.4E-01	-0.00758049	0.0056264	1.81524	1.8E-01	1.35857	2.4E-01
rs16931815	12	27427917	0.469712	A	G	0.872724	0.996695	3.75202	5.3E-02	-0.0146966	0.00838461	3.07233	8.0E-02	2.74326	9.8E-02
rs7310959	12	45968598	0.59006	G	A	0.8976	1	16.4706	4.9E-05	-0.0370241	0.00920381	16.182	5.8E-05	16.9845	3.8E-05
rs75824359	12	54320490	0.68262	A	G	0.970275	0.973341	0.852595	3.6E-01	0.0168875	0.0166136	1.03324	3.1E-01	2.14259	1.4E-01
rs10878362	12	66417493	0.793832	C	A	0.687693	0.991565	0.106696	7.4E-01	-0.00256033	0.00601873	0.18096	6.7E-01	0.0206107	8.9E-01
rs10745659	12	94092690	1.0816	C	G	0.553338	0.994516	2.93565	8.7E-02	-0.00808054	0.0056344	2.05677	1.5E-01	1.66292	2.0E-01
rs10778495	12	106991545	1.2616	A	G	0.720951	0.990603	6.25258	1.2E-02	-0.016111	0.00621441	6.72114	9.5E-03	7.52901	6.1E-03
rs189392453	12	122381427	1.46398	C	A	0.92983	0.926987	10.2506	1.4E-03	-0.0342417	0.0113278	9.13739	2.5E-03	8.96877	2.7E-03
rs12366339	12	122854616	1.46723	G	A	0.989415	0.907552	3.04367	8.1E-02	-0.0537336	0.0286055	3.52853	6.0E-02	5.06523	2.4E-02
rs147433011	12	123162845	1.46972	T	C	0.989127	0.898372	1.64646	2.0E-01	0.033922	0.0283875	1.42793	2.3E-01	1.27709	2.6E-01
rs116950578	12	123188577	1.46982	C	T	0.967046	1	9.77064	1.8E-03	0.0496157	0.015566	10.1597	1.4E-03	10.0903	1.5E-03
rs140689322	12	123375732	1.4703	G	A	0.97368	0.966101	2.2454	1.3E-01	0.0265943	0.0176903	2.25998	1.3E-01	2.72477	9.9E-02
rs28722199	12	123989436	1.47618	A	G	0.954268	0.931304	4.41241	3.6E-02	-0.0282588	0.0138095	4.18749	4.1E-02	4.52823	3.3E-02
rs12582221	12	125323240	1.49972	G	A	0.572205	1	6.86869	8.8E-03	0.0154562	0.00562269	7.55648	6.0E-03	7.71001	5.5E-03
rs7993238	13	22473593	0.0544542	A	C	0.631407	0.976757	0.154791	6.9E-01	-0.00285995	0.00585337	0.238728	6.3E-01	0.661235	4.2E-01
rs10507524	13	44684600	0.468128	T	C	0.907232	0.994143	0.178095	6.7E-01	-0.00392723	0.00965769	0.165359	6.8E-01	0.190834	6.6E-01
rs12872335	13	50442235	0.536587	G	A	0.792115	0.994746	0.000177269	9.9E-01	0.000262003	0.00688932	0.00144631	9.7E-01	0.042774	8.4E-01
rs61964388	13	51061980	0.539297	G	A	0.904158	0.961186	3.65492	5.6E-02	-0.0188897	0.00964093	3.83896	5.0E-02	3.59416	5.8E-02
rs627527	13	110915135	1.21483	G	A	0.418891	0.983958	2.52041	1.1E-01	0.00883702	0.00568811	2.41366	1.2E-01	1.36289	2.4E-01
rs1057119	14	23746269	0.116581	C	G	0.761474	1	1.72087	1.9E-01	0.0103286	0.00651355	2.5145	1.1E-01	2.62378	1.1E-01
rs140664623	14	52321987	0.459221	G	T	0.976322	0.975931	1.67595	2.0E-01	0.0295043	0.0184822	2.54836	1.1E-01	3.20781	7.3E-02
rs2145600	14	58750902	0.537897	C	G	0.237623	0.992449	5.84856	1.6E-02	0.0152805	0.0065587	5.42797	2.0E-02	7.40074	6.5E-03
rs6575165	14	91352234	0.881721	G	A	0.765563	0.994744	2.01119	1.6E-01	-0.00861961	0.00658156	1.71521	1.9E-01	2.57166	1.1E-01
rs10130936	14	98342676	1.02712	C	T	0.376709	0.985923	1.26811	2.6E-01	-0.00595828	0.00579511	1.05711	3.0E-01	1.70013	1.9E-01
rs4779523	15	31679470	0.452779	T	A	0.728098	0.995337	0.324207	5.7E-01	-0.00577294	0.00629342	0.841433	3.6E-01	0.499087	4.8E-01
rs28647196	15	40833379	0.629227	C	T	0.56422	0.997093	14.4006	1.5E-04	-0.0216546	0.00564033	14.7398	1.2E-04	16.3396	5.3E-05
rs11630710	15	56364758	0.756318	G	T	0.893158	0.979091	0.598505	4.4E-01	-0.00578391	0.00914607	0.39992	5.3E-01	0.183782	6.7E-01
rs17184382	15	63792486	0.876626	A	C	0.574626	1	9.84837	1.7E-03	0.0185926	0.00563962	10.8688	9.8E-04	9.26261	2.3E-03
rs2165241	15	74222202	0.994735	T	C	0.491274	0.994517	0.0243064	8.8E-01	-0.000477281	0.00556987	0.00734273	9.3E-01	0.0288415	8.7E-01
rs12905116	15	79042734	1.02295	T	A	0.242874	0.998559	0.140718	7.1E-01	-0.000523102	0.00647591	0.00652487	9.4E-01	0.0116629	9.1E-01
rs2401948	16	1340854	0.0338191	G	C	0.470404	0.984992	0.772591	3.8E-01	-0.00530374	0.00561988	0.890655	3.5E-01	0.688536	4.1E-01
rs3747577	16	4415696	0.082586	C	G	0.259502	0.988145	0.289543	5.9E-01	0.00400462	0.00639627	0.391985	5.3E-01	0.747362	3.9E-01
rs6498114	16	10964118	0.259065	G	T	0.2406	0.980902	0.0057474	9.4E-01	0.000258188	0.00658246	0.00153849	9.7E-01	0.00167434	9.7E-01
rs2192868	16	53428284	0.643286	G	A	0.551153	0.983829	1.34201	2.5E-01	-0.00519257	0.00565203	0.844026	3.6E-01	1.02544	3.1E-01
rs116975210	16	67058614	0.849502	T	G	0.96059	0.993544	1.65488	2.0E-01	0.0176607	0.0143597	1.5126	2.2E-01	1.51529	2.2E-01
rs2056876	16	78864296	0.975993	T	G	0.815703	0.95437	6.29113	1.2E-02	0.0189243	0.00733773	6.65145	9.9E-03	6.73362	9.5E-03
rs9926618	16	81484570	1.04509	T	A	0.394229	0.97289	22.6028	2.0E-06	0.0281611	0.00577614	23.7698	1.1E-06	23.6234	1.2E-06
rs66710707	16	81528621	1.0457	A	G	0.719467	0.992374	21.6461	3.3E-06	0.0282789	0.00622086	20.6645	5.5E-06	21.7851	3.0E-06
rs116911572	17	943593	0.0364958	T	C	0.982087	1	0.303506	5.8E-01	0.0124615	0.0210337	0.351001	5.5E-01	0.0957046	7.6E-01
rs4151120	17	7342148	0.196018	T	A	0.629217	0.991461	0.213549	6.4E-01	0.00282932	0.00579398	0.238458	6.3E-01	0.737636	3.9E-01
rs1561	17	8263334	0.209036	C	T	0.928303	0.930811	0.678825	4.1E-01	-0.00640472	0.011171	0.32871	5.7E-01	0.883412	3.5E-01
rs1242488	17	17347995	0.443205	C	A	0.250427	0.994678	0.803601	3.7E-01	0.00473011	0.00642986	0.541178	4.6E-01	0.356949	5.5E-01
rs897456	17	17422608	0.444631	A	G	0.942031	1	21.1773	4.2E-06	-0.0582349	0.011938	23.7958	1.1E-06	26.5159	2.6E-07
rs11651639	17	27672320	0.49569	A	T	0.48389	0.999433	1.97063	1.6E-01	-0.00785544	0.00557136	1.98801	1.6E-01	2.41545	1.2E-01
rs55883500	17	40395267	0.664304	T	G	0.691278	0.998762	3.62741	5.7E-02	-0.0118606	0.00602773	3.87172	4.9E-02	5.45593	2.0E-02
rs2242461	17	40861424	0.665935	G	A	0.405724	1	3.55686	5.9E-02	0.0123823	0.00567084	4.76771	2.9E-02	5.74015	1.7E-02
rs76868109	17	41776943	0.672597	A	C	0.966258	1	64.9309	7.8E-16	-0.124336	0.0153906	65.2652	6.5E-16	68.4636	1.3E-16
rs62053943	17	43744203	0.688226	C	T	0.845539	0.975028	5.94194	1.5E-02	-0.0197597	0.00781875	6.38684	1.1E-02	6.99726	8.2E-03
rs6504972	17	53601168	0.790946	G	A	0.654055	0.990391	0.541489	4.6E-01	0.00426691	0.00590401	0.522316	4.7E-01	0.510662	4.7E-01
rs9892365	17	59491384	0.871045	A	G	0.330446	0.996856	0.459851	5.0E-01	-0.00264592	0.00592991	0.199093	6.6E-01	0.175583	6.8E-01
rs146385050	17	60637258	0.881108	C	A	0.819333	0.982238	1.88617	1.7E-01	0.0106861	0.00729696	2.14466	1.4E-01	2.25585	1.3E-01
rs1966327	17	67570113	0.971768	A	G	0.32043	0.997202	0.596754	4.4E-01	-0.0028274	0.0059703	0.224275	6.4E-01	0.0942513	7.6E-01
rs9896666	17	68226321	0.98162	C	T	0.675845	0.994992	1.09399	3.0E-01	0.00785666	0.00595927	1.73816	1.9E-01	1.79194	1.8E-01
rs3810068	18	2846499	0.0738566	T	C	0.595435	1	12.9495	3.2E-04	0.0172495	0.00566364	9.27603	2.3E-03	10.3577	1.3E-03
rs4800451	18	20716805	0.429195	C	T	0.259959	0.984274	3.67914	5.5E-02	-0.0135176	0.00641385	4.44182	3.5E-02	3.75238	5.3E-02
rs1026186	18	42741410	0.625015	G	A	0.646882	0.995626	3.44717	6.3E-02	0.011546	0.00584282	3.90501	4.8E-02	3.5229	6.1E-02
rs8086644	18	60788559	0.864537	G	A	0.834142	0.988925	0.0353332	8.5E-01	0.000308964	0.00752369	0.00168638	9.7E-01	0.0080156	9.3E-01
rs12979965	19	2131148	0.0753026	A	G	0.499887	0.991113	0.133745	7.1E-01	-0.000646835	0.00559033	0.0133879	9.1E-01	0.000973006	9.8E-01
rs10421685	19	4488926	0.151356	G	A	0.311314	0.998169	1.73205	1.9E-01	0.00726873	0.00602633	1.45482	2.3E-01	1.13773	2.9E-01
rs10421685	19	4488926	0.151356	G	C	0.973381	0.548756	2.99484	8.4E-02	-0.0499274	0.0233393	4.57616	3.2E-02	4.39091	3.6E-02
rs35555265	19	17152232	0.420672	C	T	0.803257	0.993265	7.23772	7.1E-03	0.0191247	0.00701904	7.42391	6.4E-03	6.23492	1.3E-02
rs72999466	19	18248499	0.447893	C	T	0.742085	0.99893	2.77218	9.6E-02	-0.00877676	0.00636472	1.90156	1.7E-01	1.96035	1.6E-01
rs1423056	19	33780444	0.560699	G	A	0.681735	0.903762	0.142743	7.1E-01	-0.00239693	0.00629939	0.144781	7.0E-01	0.215689	6.4E-01
rs113504807	19	33787954	0.561506	C	T	0.95124	0.934153	0.011091	9.2E-01	-0.00111714	0.0133548	0.00699746	9.3E-01	0.000497909	9.8E-01
rs11672697	19	33876955	0.562267	C	T	0.494103	0.99299	2.23121	1.4E-01	0.00916286	0.00559459	2.68242	1.0E-01	2.72328	9.9E-02
rs118147862	19	45319631	0.704351	G	A	0.954151	0.939129	31.5585	1.9E-08	-0.0764201	0.0137459	30.9076	2.7E-08	34.3742	4.5E-09
rs283810	19	45388241	0.706927	T	G	0.934151	0.990326	44.8453	2.1E-11	-0.0770275	0.0112643	46.7609	8.0E-12	47.7782	4.8E-12
rs2864436	19	55986637	0.996315	T	C	0.754621	1	1.65391	2.0E-01	-0.0088937	0.00645492	1.89838	1.7E-01	1.02789	3.1E-01
rs151235402	20	569164	0.0196907	C	T	0.984755	0.956324	13.0175	3.1E-04	-0.0847083	0.0233815	13.1253	2.9E-04	14.5294	1.4E-04
rs805769	20	5667459	0.191037	T	C	0.595288	0.99253	0.756151	3.8E-01	-0.00608414	0.00569722	1.14044	2.9E-01	1.42185	2.3E-01
rs6117303	20	6487687	0.213838	T	C	0.348475	0.989053	2.43663	1.2E-01	0.0105723	0.00587314	3.24042	7.2E-02	2.24353	1.3E-01
rs146411982	20	38985760	0.586515	A	G	0.975192	0.885893	3.56407	5.9E-02	-0.0378699	0.0190037	3.97111	4.6E-02	4.76703	2.9E-02
rs1997833	20	39690342	0.597551	T	C	0.700543	0.998963	3.58536	5.8E-02	-0.0116479	0.00606107	3.69317	5.5E-02	3.93502	4.7E-02
rs11699991	20	45489407	0.689702	T	A	0.670341	0.988835	0.0490396	8.2E-01	-1.87438e-05	0.00595241	9.91585e-06	1.0E+00	0.0995142	7.5E-01
rs6068280	20	51235613	0.791961	A	G	0.324786	0.992237	5.48297	1.9E-02	-0.0147559	0.00593957	6.17195	1.3E-02	6.42299	1.1E-02
rs6013572	20	51553621	0.798111	T	C	0.936055	1	0.605919	4.4E-01	-0.0107471	0.0114462	0.881576	3.5E-01	1.08639	3.0E-01
rs1936966	20	51691779	0.801626	C	T	0.672517	0.982215	0.0430944	8.4E-01	-0.00252379	0.00602369	0.175542	6.8E-01	0.016317	9.0E-01
rs2105063	20	62690683	1.09651	C	T	0.438774	1	4.87157	2.7E-02	0.0124744	0.00562174	4.92379	2.6E-02	5.39158	2.0E-02
rs4998557	21	33034892	0.322704	G	A	0.887653	0.995909	1.72134	1.9E-01	-0.00862358	0.00885087	0.9493	3.3E-01	0.914727	3.4E-01
rs2836139	21	39451403	0.432375	A	G	0.51494	0.9942	0.0677918	7.9E-01	-0.000147302	0.00561449	0.000688329	9.8E-01	0.236927	6.3E-01
rs2330396	21	47524380	0.643685	A	C	0.492657	0.996498	2.77625	9.6E-02	-0.0102441	0.00556538	3.38814	6.6E-02	3.13677	7.7E-02
rs2236142	22	29137944	0.338659	G	C	0.324801	0.994367	0.0398301	8.4E-01	-0.00299452	0.00595808	0.252604	6.2E-01	0.303101	5.8E-01
rs5997898	22	31572963	0.355537	A	C	0.421418	0.998342	2.06014	1.5E-01	-0.00900793	0.00564824	2.54345	1.1E-01	2.14515	1.4E-01
