rs10909862	1	2936815	0.0400559	G	A	0.1928	0.987988	6.75444	9.4E-03	0.0183271	0.0070735	6.71301	9.6E-03	6.14494	1.3E-02
rs1294014	1	9325676	0.18921	C	T	0.732088	0.974098	11.0959	8.7E-04	-0.0196505	0.00635892	9.54949	2.0E-03	11.3656	7.5E-04
rs10753554	1	23619009	0.461644	T	C	0.260317	0.989627	0.00919349	9.2E-01	-0.00199703	0.00635281	0.0988182	7.5E-01	0.0882008	7.7E-01
rs114165349	1	27021913	0.501665	G	C	0.976643	0.985643	35.1077	3.1E-09	-0.107971	0.0184713	34.168	5.1E-09	33.4935	7.2E-09
rs60500353	1	62898984	0.922511	C	T	0.845671	0.95804	32.1546	1.4E-08	0.0445371	0.00782271	32.4138	1.2E-08	31.8058	1.7E-08
rs10889551	1	65906137	0.967654	A	G	0.326867	0.995997	0.404537	5.2E-01	-0.00600502	0.00593186	1.02482	3.1E-01	0.741668	3.9E-01
rs71658797	1	77967507	1.07336	T	A	0.879141	0.99054	6.37344	1.2E-02	0.0252432	0.00853008	8.75757	3.1E-03	8.5152	3.5E-03
rs1415361	1	103562263	1.33102	C	T	0.402104	0.995554	0.151705	7.0E-01	0.0030272	0.00566952	0.285096	5.9E-01	0.317189	5.7E-01
rs116679284	1	119014845	1.50751	C	T	0.963654	0.948411	0.397126	5.3E-01	-0.00943694	0.0152277	0.384054	5.4E-01	0.139917	7.1E-01
rs1766783	1	119434896	1.50931	A	C	0.181268	0.981355	0.951941	3.3E-01	-0.00614969	0.00725712	0.718089	4.0E-01	0.52816	4.7E-01
rs3738479	1	150997842	1.65945	T	A	0.765906	0.995486	0.122124	7.3E-01	-0.001807	0.00656691	0.0757172	7.8E-01	0.090996	7.6E-01
rs79810698	1	154836444	1.69767	C	A	0.95565	1	1.09451	3.0E-01	0.0120531	0.0134728	0.800342	3.7E-01	0.719437	4.0E-01
rs10494421	1	164738727	1.83743	C	T	0.880829	1	0.111219	7.4E-01	-0.00358523	0.0085603	0.17541	6.8E-01	0.759816	3.8E-01
rs3121911	1	170212480	1.91705	G	A	0.744389	0.993907	2.78902	9.5E-02	0.0102907	0.00634215	2.63282	1.0E-01	2.41347	1.2E-01
rs17346300	1	170510459	1.91857	C	T	0.950626	1	1.26388	2.6E-01	0.0131368	0.0128293	1.0485	3.1E-01	1.02178	3.1E-01
rs6697844	1	172308238	1.93873	C	T	0.56798	0.996349	4.6291	3.1E-02	-0.0135247	0.00558316	5.86811	1.5E-02	6.00199	1.4E-02
rs10922075	1	196467248	2.1432	G	A	0.687963	0.997066	9.45379	2.1E-03	0.0177116	0.0059877	8.74978	3.1E-03	7.46815	6.3E-03
rs13303121	1	203503267	2.22276	C	G	0.607356	0.947347	7.14861	7.5E-03	0.0151401	0.00581666	6.77498	9.2E-03	5.3089	2.1E-02
rs4951159	1	205012106	2.25304	G	C	0.0908836	0.967	2.34424	1.3E-01	-0.0149954	0.0098098	2.33667	1.3E-01	2.60495	1.1E-01
rs61821643	1	219268532	2.43532	T	C	0.974378	0.889659	1.18538	2.8E-01	-0.0189281	0.0185784	1.03801	3.1E-01	2.30089	1.3E-01
rs77278027	1	219392230	2.43543	C	T	0.93823	0.976746	0.0247418	8.8E-01	-0.0029715	0.011659	0.0649575	8.0E-01	0.00629256	9.4E-01
rs12740837	1	219623230	2.43692	G	A	0.983204	0.959021	0.388258	5.3E-01	-0.0154023	0.0219749	0.491266	4.8E-01	0.563055	4.5E-01
rs4631704	1	230293530	2.53595	C	T	0.39136	0.985874	50.3013	1.3E-12	0.0423994	0.00571877	54.9686	1.2E-13	60.6454	6.8E-15
rs711869	2	13073967	0.297329	G	A	0.443249	0.983109	0.741644	3.9E-01	-0.00356871	0.00562848	0.402014	5.3E-01	0.450837	5.0E-01
rs112907566	2	21143289	0.419684	T	C	0.885952	0.989295	31.2547	2.3E-08	-0.050063	0.0087436	32.7834	1.0E-08	34.8085	3.6E-09
rs2702068	2	24689512	0.456007	A	C	0.144534	0.985387	0.411861	5.2E-01	-0.00386168	0.00794203	0.236423	6.3E-01	0.354182	5.5E-01
rs77541036	2	25575523	0.459339	A	G	0.962268	0.991995	0.816688	3.7E-01	-0.00856684	0.014589	0.34482	5.6E-01	0.595472	4.4E-01
rs7933	2	43452183	0.682402	A	G	0.634849	0.981779	0.692422	4.1E-01	-0.0055515	0.00580385	0.91493	3.4E-01	0.659167	4.2E-01
rs36072157	2	48953740	0.765134	G	C	0.658175	0.956087	2.79304	9.5E-02	-0.00930575	0.0059684	2.43101	1.2E-01	2.25562	1.3E-01
rs4953627	2	48990167	0.765401	C	T	0.77524	0.975089	6.75983	9.3E-03	0.0199585	0.00674506	8.75551	3.1E-03	9.01379	2.7E-03
rs10779951	2	66142656	0.91656	G	A	0.525126	0.992672	3.54561	6.0E-02	-0.0120676	0.00558123	4.67504	3.1E-02	3.92944	4.7E-02
rs12713567	2	66729420	0.924256	A	G	0.428176	0.981664	0.367283	5.4E-01	0.00171766	0.005651	0.0923901	7.6E-01	0.132412	7.2E-01
rs1521047	2	67724601	0.937973	C	G	0.75421	0.992329	2.58092	1.1E-01	0.0109878	0.00643915	2.9118	8.8E-02	3.14316	7.6E-02
rs12712049	2	100208830	1.21955	A	G	0.176674	0.985519	5.20638	2.3E-02	0.0160172	0.00731041	4.80055	2.8E-02	5.19624	2.3E-02
rs72946301	2	111861838	1.33125	G	A	0.903863	0.964859	2.32548	1.3E-01	0.0145616	0.00957974	2.31051	1.3E-01	3.89784	4.8E-02
rs1053413	2	114471921	1.35945	A	G	0.784744	0.998156	2.24723	1.3E-01	-0.0107091	0.00676795	2.50373	1.1E-01	2.24819	1.3E-01
rs7593247	2	119337589	1.3956	C	T	0.503784	0.990163	0.0056973	9.4E-01	0.00102739	0.00556927	0.0340307	8.5E-01	0.0577037	8.1E-01
rs78876301	2	158234589	1.75901	A	C	0.987195	0.782415	0.32625	5.7E-01	-0.00886294	0.0279036	0.100887	7.5E-01	0.244839	6.2E-01
rs77928329	2	158413902	1.76308	G	A	0.94544	0.998218	0.930417	3.3E-01	0.0145795	0.0121721	1.43467	2.3E-01	1.79541	1.8E-01
rs1402698	2	165424575	1.81281	G	A	0.368889	0.988943	14.7258	1.2E-04	-0.0221855	0.00578922	14.6858	1.3E-04	14.2455	1.6E-04
rs3769877	2	165569779	1.81517	G	A	0.125673	1	6.42577	1.1E-02	0.0201246	0.00836854	5.78303	1.6E-02	6.8019	9.1E-03
rs72882321	2	172298662	1.8972	C	T	0.821415	0.98752	0.391499	5.3E-01	0.00393851	0.00728915	0.291951	5.9E-01	0.113052	7.4E-01
rs62173497	2	187821910	2.04064	C	A	0.889372	0.96522	3.28751	7.0E-02	0.0151431	0.00898313	2.84166	9.2E-02	3.06875	8.0E-02
rs61613340	2	191746748	2.0603	G	T	0.922172	0.993102	0.792462	3.7E-01	0.00925246	0.0103816	0.794295	3.7E-01	0.565523	4.5E-01
rs1250248	2	216287093	2.28549	A	G	0.271958	0.996374	0.00762309	9.3E-01	0.000597939	0.0062476	0.00915982	9.2E-01	0.00585449	9.4E-01
rs2373074	2	218381350	2.32413	C	T	0.903229	0.998908	0.477499	4.9E-01	-0.00781884	0.00938999	0.693354	4.1E-01	0.766264	3.8E-01
rs62182126	2	219279230	2.33765	G	A	0.901349	1	3.8073	5.1E-02	-0.0173676	0.00929852	3.4886	6.2E-02	4.04291	4.4E-02
rs6760762	2	226866226	2.44112	C	T	0.776249	0.976874	8.56409	3.4E-03	0.0200845	0.00673765	8.88598	2.9E-03	8.94674	2.8E-03
rs305506	3	12026709	0.296805	G	T	0.113563	0.992655	5.66441	1.7E-02	0.019203	0.00879008	4.77256	2.9E-02	4.49184	3.4E-02
rs114252958	3	12409938	0.29797	C	T	0.982978	0.956617	0.063393	8.0E-01	-0.00568166	0.0220249	0.0665462	8.0E-01	0.00480983	9.4E-01
rs10490869	3	35635145	0.595764	A	T	0.789478	0.990849	5.39203	2.0E-02	-0.013569	0.00681329	3.96628	4.6E-02	5.51725	1.9E-02
rs6771508	3	43718462	0.664863	A	C	0.974946	0.998741	2.62551	1.1E-01	0.0279168	0.0177608	2.47064	1.2E-01	2.23092	1.4E-01
rs4683294	3	46979013	0.687679	G	C	0.321605	0.960868	7.87954	5.0E-03	-0.0148136	0.00605089	5.99353	1.4E-02	6.45139	1.1E-02
rs4858828	3	48724811	0.68972	C	T	0.349101	0.999091	0.19884	6.6E-01	0.00149363	0.00579944	0.0663303	8.0E-01	0.0343909	8.5E-01
rs352156	3	52214610	0.694887	C	T	0.955078	0.904333	6.86325	8.8E-03	0.0347091	0.0139579	6.18362	1.3E-02	5.69876	1.7E-02
rs7643235	3	53227428	0.699142	T	C	0.4136	0.989215	1.81521	1.8E-01	0.00795811	0.00563375	1.99537	1.6E-01	1.48454	2.2E-01
rs11718560	3	64584862	0.868956	C	T	0.731847	0.985124	5.01341	2.5E-02	-0.0140101	0.00630206	4.94214	2.6E-02	4.79319	2.9E-02
rs4688498	3	64674599	0.871028	C	T	0.669682	0.985151	0.326477	5.7E-01	0.00267341	0.00594331	0.202336	6.5E-01	0.250212	6.2E-01
rs997274	3	78704821	1.06722	T	C	0.748705	0.994327	0.0108269	9.2E-01	0.000493105	0.0064285	0.00588381	9.4E-01	0.208317	6.5E-01
rs1877569	3	99224544	1.12953	G	A	0.816212	0.993173	0.00541155	9.4E-01	-0.00086443	0.00716571	0.0145526	9.0E-01	2.39202e-05	1.0E+00
rs9875732	3	107461731	1.19696	T	C	0.623037	0.99667	0.130038	7.2E-01	-0.00297256	0.00573523	0.268633	6.0E-01	0.607015	4.4E-01
rs1000368	3	123117165	1.35684	C	T	0.748381	0.996692	6.09966	1.4E-02	-0.0163217	0.00639736	6.50922	1.1E-02	6.40202	1.1E-02
rs113771682	3	129112166	1.4255	C	T	0.937375	0.999072	0.425456	5.1E-01	0.00581178	0.0114834	0.256142	6.1E-01	0.230385	6.3E-01
rs7647218	3	129125231	1.42558	C	A	0.901341	0.999167	0.134313	7.1E-01	-0.00505243	0.00932593	0.293506	5.9E-01	0.12135	7.3E-01
rs75212171	3	129323322	1.42649	T	C	0.983129	1	0.00187985	9.7E-01	0.00384891	0.0215326	0.031951	8.6E-01	0.0433601	8.4E-01
rs112551697	3	150018637	1.64271	G	A	0.96554	0.928479	4.24637	3.9E-02	-0.0299129	0.0157341	3.61438	5.7E-02	4.86736	2.7E-02
rs11720805	3	156800360	1.71236	A	G	0.330979	0.970132	1.7815	1.8E-01	0.00906259	0.00598843	2.29023	1.3E-01	3.16251	7.5E-02
rs1488111	3	168951612	1.77942	C	T	0.517315	0.996852	1.99234	1.6E-01	0.00708054	0.00554853	1.62846	2.0E-01	1.65396	2.0E-01
rs1499813	3	171760427	1.8208	T	C	0.587431	1	0.51105	4.7E-01	-0.00435853	0.00566027	0.592934	4.4E-01	0.937653	3.3E-01
rs13092876	3	185495320	2.01656	G	A	0.686729	0.994835	4.36597	3.7E-02	-0.0120337	0.00599552	4.02853	4.5E-02	3.98355	4.6E-02
rs3843375	3	196813908	2.26438	G	A	0.590289	0.999191	1.52064	2.2E-01	-0.00534481	0.00565644	0.892848	3.4E-01	0.314954	5.7E-01
rs75072999	4	844781	0.00782036	G	A	0.904916	0.991302	1.8623	1.7E-01	0.0138454	0.00951477	2.11746	1.5E-01	2.30316	1.3E-01
rs748483	4	952409	0.00822297	A	G	0.891514	0.99682	3.49074	6.2E-02	-0.0179646	0.00894335	4.03493	4.5E-02	4.19431	4.1E-02
rs1912897	4	26006133	0.455942	A	T	0.79303	0.98817	8.26351	4.0E-03	-0.0209969	0.006894	9.27611	2.3E-03	8.80185	3.0E-03
rs7689800	4	26295421	0.461356	C	G	0.382047	0.982424	2.15542	1.4E-01	0.0101914	0.00576509	3.12503	7.7E-02	2.86996	9.0E-02
rs34171390	4	56192405	0.730002	C	G	0.8287	0.967618	2.46401	1.2E-01	-0.0100614	0.00746899	1.81466	1.8E-01	0.845227	3.6E-01
rs3017896	4	89533004	1.04795	G	C	0.704424	1	0.616255	4.3E-01	-0.00470976	0.00606216	0.603591	4.4E-01	0.590437	4.4E-01
rs10029220	4	89710592	1.04921	C	T	0.909822	0.997537	0.11906	7.3E-01	0.000123489	0.00971025	0.000161732	9.9E-01	0.0930698	7.6E-01
rs1813006	4	103001649	1.15654	G	T	0.940843	0.94358	16.2146	5.7E-05	-0.0493345	0.012098	16.6294	4.5E-05	16.8274	4.1E-05
rs12647922	4	106063987	1.17944	C	T	0.794569	0.998343	0.0673132	8.0E-01	-0.00152249	0.00686656	0.0491622	8.2E-01	0.106454	7.4E-01
rs7655064	4	120106348	1.31331	T	C	0.875314	0.995692	0.518773	4.7E-01	0.00627789	0.0084029	0.558173	4.5E-01	0.435961	5.1E-01
rs2922979	4	123748616	1.34468	C	G	0.689916	1	4.64046	3.1E-02	0.0116529	0.00600649	3.76381	5.2E-02	2.87418	9.0E-02
rs1520325	4	125182690	1.35483	C	T	0.780072	0.994582	0.163491	6.9E-01	-0.00372629	0.00671792	0.307669	5.8E-01	0.638226	4.2E-01
rs2353397	4	145517578	1.53798	C	T	0.460014	1	0.00175484	9.7E-01	-0.00100253	0.00557393	0.0323496	8.6E-01	0.0129312	9.1E-01
rs2166365	5	3597830	0.0882728	A	G	0.777698	0.981109	0.89958	3.4E-01	0.00737756	0.00672955	1.20186	2.7E-01	1.62224	2.0E-01
rs13178917	5	4007353	0.10142	C	T	0.551974	0.99437	2.48016	1.2E-01	0.00968777	0.00557026	3.0248	8.2E-02	2.36137	1.2E-01
rs10061804	5	32748637	0.511958	G	A	0.711087	1	0.148534	7.0E-01	-0.0024174	0.00612382	0.15583	6.9E-01	0.152326	7.0E-01
rs299615	5	34042097	0.535425	G	A	0.843206	1	3.4484	6.3E-02	0.0139943	0.0076373	3.35754	6.7E-02	3.03956	8.1E-02
rs4293945	5	38736142	0.597252	A	T	0.606405	0.995383	0.153505	7.0E-01	0.00298607	0.00569148	0.275263	6.0E-01	0.275356	6.0E-01
rs163112	5	54538003	0.667379	C	G	0.107056	0.994238	1.88765	1.7E-01	0.010333	0.00901344	1.31423	2.5E-01	1.74792	1.9E-01
rs61653333	5	55779080	0.679717	G	T	0.970413	0.977169	0.0935632	7.6E-01	-0.00192273	0.0165332	0.0135246	9.1E-01	0.00536778	9.4E-01
rs6867983	5	55854153	0.681454	C	T	0.861186	1	47.9579	4.4E-12	-0.0580948	0.00802483	52.4085	4.5E-13	54.0661	1.9E-13
rs11749164	5	66294202	0.770672	T	G	0.726476	0.988719	0.0578187	8.1E-01	-0.00193842	0.00626311	0.0957885	7.6E-01	0.343443	5.6E-01
rs6878122	5	76427311	0.889556	G	A	0.318279	0.997785	3.15698	7.6E-02	-0.00962424	0.00596965	2.59917	1.1E-01	2.11369	1.5E-01
rs7734060	5	101780479	1.10738	T	G	0.734786	0.995631	1.59044	2.1E-01	0.00869749	0.0063182	1.89497	1.7E-01	1.5327	2.2E-01
rs1394631	5	118639270	1.27349	C	T	0.775173	0.988487	1.00825	3.2E-01	-0.0073543	0.00667322	1.21454	2.7E-01	1.33772	2.5E-01
rs11744058	5	118798944	1.27486	G	T	0.783774	0.998591	8.18912	4.2E-03	0.0197871	0.00674909	8.59554	3.4E-03	9.08335	2.6E-03
rs3749748	5	127350549	1.37291	C	T	0.753975	0.992802	2.23202	1.4E-01	0.00944997	0.00646095	2.13928	1.4E-01	2.00035	1.6E-01
rs4705986	5	132349654	1.39065	T	G	0.937241	0.978165	1.45319	2.3E-01	0.0180632	0.0115752	2.43519	1.2E-01	2.43655	1.2E-01
rs10463353	5	141710741	1.48273	C	T	0.640669	0.986535	8.71327	3.2E-03	0.0176185	0.00581562	9.17793	2.4E-03	9.86485	1.7E-03
rs33999	5	141973349	1.48937	C	G	0.612065	0.9834	2.54086	1.1E-01	-0.00795887	0.00572884	1.93005	1.6E-01	1.69638	1.9E-01
rs13167071	5	156373637	1.66279	G	C	0.36143	0.993151	32.1178	1.5E-08	-0.0326892	0.00576219	32.1835	1.4E-08	34.2334	4.9E-09
rs12652322	5	171822666	1.88951	C	T	0.705252	0.99822	4.0465	4.4E-02	-0.0117211	0.00609673	3.69611	5.5E-02	3.72194	5.4E-02
rs2053681	5	172746086	1.91113	A	G	0.485601	0.912476	0.873753	3.5E-01	-0.00429753	0.00582514	0.544284	4.6E-01	0.99797	3.2E-01
rs10035782	5	173270328	1.92939	A	G	0.600665	0.984103	0.164458	6.9E-01	-0.00195322	0.00570969	0.117024	7.3E-01	0.242472	6.2E-01
rs11963955	6	6631996	0.178791	A	G	0.637527	0.976944	4.2792	3.9E-02	-0.0121994	0.00584017	4.36342	3.7E-02	5.23123	2.2E-02
rs201061	6	6730512	0.181115	G	A	0.455616	0.976616	0.467999	4.9E-01	-0.00382577	0.00561972	0.463455	5.0E-01	0.643264	4.2E-01
rs1334576	6	7211818	0.195986	G	A	0.5774	1	0.566847	4.5E-01	-0.00301446	0.00562205	0.287494	5.9E-01	0.382898	5.4E-01
rs9382988	6	14595010	0.314722	C	A	0.204362	0.998886	0.47069	4.9E-01	-0.00356591	0.00689621	0.267374	6.1E-01	0.224074	6.4E-01
rs4710940	6	20658012	0.410434	A	C	0.647018	0.999463	6.09372	1.4E-02	-0.0164826	0.00581371	8.0379	4.6E-03	6.61642	1.0E-02
rs3129830	6	30248711	0.50553	G	A	0.868546	0.999908	9.08873	2.6E-03	0.025962	0.00817367	10.0888	1.5E-03	10.9445	9.4E-04
rs7772131	6	30795171	0.50714	A	C	0.988571	1	0.850963	3.6E-01	0.0133498	0.0260831	0.261957	6.1E-01	0.471469	4.9E-01
rs6919908	6	31244960	0.511805	T	C	0.193909	0.999901	17.5208	2.8E-05	-0.0309999	0.00703121	19.4384	1.0E-05	18.1039	2.1E-05
rs181133225	6	32454764	0.520293	T	C	0.893444	0.778953	1.17557	2.8E-01	-0.00807742	0.0101209	0.636957	4.2E-01	0.486954	4.9E-01
rs117108573	6	32489679	0.520303	C	T	0.921405	0.866866	2.12744	1.4E-01	-0.0119806	0.0109992	1.18641	2.8E-01	0.882719	3.5E-01
rs575662827	6	32543874	0.520325	T	C	0.899303	0.833996	2.31532	1.3E-01	-0.0125948	0.0100399	1.5737	2.1E-01	1.20782	2.7E-01
rs114760566	6	34192036	0.545788	C	A	0.954268	0.993831	7.08857	7.8E-03	-0.0369219	0.0133005	7.706	5.5E-03	7.35805	6.7E-03
rs1574430	6	43269029	0.669727	A	C	0.391321	0.999399	0.34839	5.6E-01	0.00323657	0.00568027	0.324662	5.7E-01	0.391158	5.3E-01
rs9381248	6	43734606	0.675407	C	T	0.87836	0.993046	3.49718	6.1E-02	-0.0162211	0.00851627	3.62794	5.7E-02	4.23523	4.0E-02
rs35349911	6	43785255	0.678849	C	T	0.409597	0.97009	2.42865	1.2E-01	-0.00967945	0.00573452	2.8491	9.1E-02	2.69229	1.0E-01
rs72902769	6	80719576	0.920488	C	G	0.966636	0.999182	1.86905	1.7E-01	-0.0175305	0.0154641	1.28511	2.6E-01	0.87222	3.5E-01
rs62406467	6	81114126	0.921634	G	T	0.849349	0.952286	4.21041	4.0E-02	0.0167869	0.00794093	4.4689	3.5E-02	3.08887	7.9E-02
rs6924944	6	100597579	1.0811	A	T	0.245827	0.981159	2.21781	1.4E-01	0.009842	0.00651664	2.28096	1.3E-01	2.19444	1.4E-01
rs2806373	6	109222017	1.18299	G	A	0.239664	0.998945	6.55807	1.0E-02	-0.014783	0.00649029	5.18796	2.3E-02	5.23693	2.2E-02
rs72969772	6	126187585	1.32503	A	G	0.980332	1	0.468883	4.9E-01	-0.0100076	0.0200242	0.249775	6.2E-01	0.341313	5.6E-01
rs9986505	6	126445558	1.32603	A	G	0.6761	0.991308	2.19932	1.4E-01	0.00751136	0.00594875	1.59436	2.1E-01	2.14371	1.4E-01
rs74949497	6	126812007	1.32699	A	C	0.97518	1	6.7874	9.2E-03	-0.0482325	0.0179229	7.24211	7.1E-03	6.6991	9.6E-03
rs139242696	6	127414440	1.32797	T	C	0.974907	0.948341	1.96058	1.6E-01	-0.0222458	0.0181665	1.49951	2.2E-01	2.3333	1.3E-01
rs9385864	6	139805476	1.50274	C	T	0.6907	0.988333	17.7842	2.5E-05	-0.0254502	0.00604348	17.7341	2.5E-05	18.4197	1.8E-05
rs12205386	6	139837171	1.50318	C	A	0.643666	0.9992	12.4472	4.2E-04	0.0199112	0.0057949	11.806	5.9E-04	12.1289	5.0E-04
rs11756568	6	152042413	1.64245	A	T	0.724877	0.999168	1.46407	2.3E-01	-0.00578036	0.00621862	0.864016	3.5E-01	0.701247	4.0E-01
rs9365100	6	160248806	1.76828	G	A	0.98445	0.969721	63.6508	1.5E-15	0.184692	0.0226912	66.2492	4.0E-16	68.6608	1.2E-16
rs1835346	6	161162290	1.77695	A	G	0.976159	0.983193	30.5808	3.2E-08	0.105633	0.0182827	33.3828	7.6E-09	33.0076	9.2E-09
rs2214440	7	20372191	0.358281	A	G	0.667686	0.991786	1.725	1.9E-01	0.00864456	0.00591815	2.1336	1.4E-01	2.2261	1.4E-01
rs111683990	7	25729528	0.437229	C	G	0.955515	0.987881	1.96352	1.6E-01	-0.0190323	0.0135659	1.96827	1.6E-01	1.58392	2.1E-01
rs2040786	7	26208736	0.442609	G	A	0.529361	1	0.522378	4.7E-01	0.00458599	0.00555756	0.680922	4.1E-01	0.558596	4.5E-01
rs17428025	7	27251396	0.453724	C	T	0.971743	0.967404	1.53858	2.1E-01	0.0192448	0.0170193	1.27862	2.6E-01	1.492	2.2E-01
rs849140	7	28183702	0.463008	T	C	0.410278	1	0.0509632	8.2E-01	-0.00161678	0.00567114	0.081276	7.8E-01	0.00867241	9.3E-01
rs17172095	7	42665355	0.680121	A	G	0.679343	0.995026	2.13735	1.4E-01	0.00938306	0.00595586	2.48198	1.2E-01	3.00937	8.3E-02
rs35867424	7	72032358	0.893844	G	A	0.97046	0.950986	42.279	7.9E-11	0.108808	0.0167725	42.085	8.7E-11	41.907	9.6E-11
rs563211591	7	72819387	0.897836	C	A	0.980408	0.924119	31.142	2.4E-08	0.116641	0.020782	31.5009	2.0E-08	30.0072	4.3E-08
rs7780317	7	72867852	0.899612	C	T	0.92793	0.985744	0.906943	3.4E-01	0.00981541	0.0107726	0.830191	3.6E-01	0.875927	3.5E-01
rs76306613	7	106235348	1.22452	G	T	0.855998	0.98895	0.285201	5.9E-01	-0.00416771	0.00795005	0.274825	6.0E-01	0.857568	3.5E-01
rs2237687	7	107585473	1.24369	C	T	0.472386	0.966594	1.76978	1.8E-01	0.00731469	0.00564656	1.67812	2.0E-01	1.57055	2.1E-01
rs38902	7	116889718	1.32093	G	A	0.474719	0.992845	2.99443	8.4E-02	-0.0098493	0.00557241	3.1241	7.7E-02	2.50245	1.1E-01
rs12154627	7	130422934	1.4017	T	C	0.506907	0.97487	52.0314	5.5E-13	0.0394394	0.00560899	49.4415	2.0E-12	52.514	4.3E-13
rs7808446	7	150214465	1.67249	T	G	0.235469	0.993612	8.15971	4.3E-03	0.0189213	0.0065589	8.3222	3.9E-03	7.82346	5.2E-03
rs2945232	8	8098038	0.23748	T	C	0.53032	0.993033	25.8038	3.8E-07	0.0305861	0.00558617	29.9792	4.4E-08	28.5853	9.0E-08
rs4474021	8	12632903	0.332387	G	T	0.680802	1	10.2205	1.4E-03	-0.0187605	0.00593599	9.98855	1.6E-03	10.0709	1.5E-03
rs55988273	8	19627586	0.469197	A	G	0.634527	0.97044	35.3198	2.8E-09	0.0337829	0.0058604	33.2306	8.2E-09	33.8537	5.9E-09
rs3900537	8	19784574	0.472098	T	C	0.981503	0.995468	48.0649	4.1E-12	-0.151499	0.0206538	53.8049	2.2E-13	53.1805	3.0E-13
rs7815496	8	38321607	0.69461	C	T	0.597431	0.996532	7.77625	5.3E-03	-0.0155237	0.00564867	7.55265	6.0E-03	9.20959	2.4E-03
rs2326077	8	59385919	0.819129	C	T	0.335929	0.998843	31.9931	1.5E-08	0.0323148	0.00588812	30.1197	4.1E-08	30.89	2.7E-08
rs12543555	8	69562014	0.90375	A	G	0.792127	0.98465	0.450318	5.0E-01	-0.00395907	0.00686574	0.332515	5.6E-01	0.185251	6.7E-01
rs28568866	8	72353630	0.949663	G	A	0.969859	0.939217	1.4005	2.4E-01	-0.0211763	0.0167441	1.59949	2.1E-01	2.24148	1.3E-01
rs146492163	8	72386394	0.950025	G	T	0.96946	0.960969	16.8165	4.1E-05	-0.0671271	0.0164615	16.6286	4.5E-05	15.2971	9.2E-05
rs1895674	8	72443246	0.950276	T	G	0.946831	0.990629	0.741984	3.9E-01	0.0108695	0.0123771	0.771214	3.8E-01	0.536467	4.6E-01
rs4147332	8	89280863	1.08332	G	C	0.323111	0.995784	0.151555	7.0E-01	-0.00215302	0.00593331	0.131675	7.2E-01	0.238976	6.2E-01
rs144435165	8	126419938	1.45107	G	C	0.944194	0.785853	41.8361	9.9E-11	-0.0889432	0.0136011	42.7639	6.2E-11	42.454	7.2E-11
rs2954018	8	126477153	1.45319	C	T	0.298303	0.998357	83.2889	7.1E-20	0.057271	0.00606346	89.213	3.5E-21	94.9417	2.0E-22
rs6991761	8	128274518	1.48941	C	T	0.844226	0.993607	0.290967	5.9E-01	-0.00335894	0.00765376	0.192599	6.6E-01	0.021219	8.8E-01
rs2467030	8	135665361	1.60637	A	G	0.339711	0.997044	0.00916174	9.2E-01	-0.00118201	0.00587625	0.0404617	8.4E-01	0.087405	7.7E-01
rs12340775	9	13226945	0.282033	G	A	0.944664	0.940298	0.324344	5.7E-01	0.0102308	0.0124988	0.670016	4.1E-01	0.616978	4.3E-01
rs73650963	9	93943033	1.11642	T	C	0.892489	0.990174	0.696833	4.0E-01	-0.00680255	0.00896173	0.576182	4.5E-01	0.535212	4.6E-01
rs2131919	9	95283887	1.12689	A	G	0.83667	0.999136	6.53035	1.1E-02	-0.0198842	0.00753053	6.97216	8.3E-03	6.60959	1.0E-02
rs1572136	9	101740604	1.18729	G	C	0.724977	0.989514	10.3248	1.3E-03	0.019606	0.00625564	9.82277	1.7E-03	9.88679	1.7E-03
rs12686004	9	107653426	1.24316	G	A	0.884341	1	11.7007	6.2E-04	0.030138	0.00867379	12.0728	5.1E-04	13.1096	2.9E-04
rs10991414	9	107685589	1.24582	T	C	0.861068	0.989408	4.20062	4.0E-02	-0.0167534	0.00808574	4.29305	3.8E-02	3.28566	7.0E-02
rs111479443	9	107874316	1.24936	T	G	0.963776	0.9746	0.26591	6.1E-01	0.011397	0.0150541	0.573154	4.5E-01	1.09744	2.9E-01
rs7048735	9	112529695	1.31375	A	G	0.239526	0.976202	1.12834	2.9E-01	-0.00879494	0.00657773	1.78778	1.8E-01	1.89534	1.7E-01
rs1002607	9	113858933	1.33848	T	C	0.40707	0.988428	0.240025	6.2E-01	0.00231419	0.00569134	0.165336	6.8E-01	0.277917	6.0E-01
rs13298297	9	119264108	1.4204	G	A	0.769275	0.989359	0.00120834	9.7E-01	0.000949009	0.00664259	0.0204111	8.9E-01	0.000806982	9.8E-01
rs6478851	9	131561110	1.55426	G	A	0.758733	1	1.39348	2.4E-01	-0.00837333	0.00649949	1.65974	2.0E-01	1.7611	1.8E-01
rs60980157	9	139235415	1.78278	C	T	0.757489	0.966704	7.39683	6.5E-03	-0.0175119	0.00656622	7.11275	7.7E-03	6.90878	8.6E-03
rs7072195	10	3540748	0.0738836	T	C	0.417524	0.993244	0.0966101	7.6E-01	-0.00132531	0.00564824	0.0550568	8.1E-01	0.0375921	8.5E-01
rs11592754	10	32619572	0.605452	A	C	0.856559	0.998356	1.20765	2.7E-01	0.00688544	0.00791694	0.756394	3.8E-01	0.580735	4.5E-01
rs2247396	10	33489192	0.60946	G	A	0.603662	0.99818	1.92974	1.6E-01	0.00727139	0.00565748	1.65192	2.0E-01	1.1266	2.9E-01
rs4341488	10	60452745	0.822202	G	A	0.188405	0.998867	1.30101	2.5E-01	0.00776419	0.00709341	1.19807	2.7E-01	0.650439	4.2E-01
rs17287962	10	63770969	0.858439	A	G	0.970068	0.979005	2.95259	8.6E-02	-0.0272635	0.016452	2.74618	9.7E-02	3.29654	6.9E-02
rs4746855	10	64822828	0.870307	G	A	0.596714	1	34.9166	3.4E-09	0.0329486	0.00567039	33.7635	6.2E-09	32.624	1.1E-08
rs10762666	10	77157489	1.00522	A	G	0.241989	0.984822	0.0884424	7.7E-01	-0.00384826	0.00650267	0.350223	5.5E-01	0.611854	4.3E-01
rs10887758	10	89603315	1.15934	T	C	0.784607	0.990793	3.61216	5.7E-02	-0.0128255	0.00679468	3.56298	5.9E-02	4.01414	4.5E-02
rs141490680	10	95280981	1.22085	G	A	0.866803	0.998279	23.0201	1.6E-06	-0.038394	0.0081625	22.1248	2.6E-06	21.1201	4.3E-06
rs7342070	10	104223628	1.30538	T	C	0.455127	1	0.349284	5.5E-01	-0.00461773	0.00556853	0.687664	4.1E-01	0.884846	3.5E-01
rs7917983	10	114732882	1.3977	T	C	0.532013	1	0.69833	4.0E-01	-0.005764	0.00556384	1.07324	3.0E-01	1.209	2.7E-01
rs242956	10	119297479	1.46386	C	T	0.362576	0.990585	0.505907	4.8E-01	0.00305953	0.00578642	0.279568	6.0E-01	0.172474	6.8E-01
rs7104929	11	784340	0.0108006	C	G	0.530558	0.997422	0.986199	3.2E-01	-0.00366862	0.00558012	0.432234	5.1E-01	0.172227	6.8E-01
rs7932891	11	10921512	0.210707	A	G	0.294517	0.99931	3.53281	6.0E-02	0.0104711	0.00608135	2.96472	8.5E-02	2.53155	1.1E-01
rs11607537	11	14224166	0.277204	C	T	0.941072	0.981717	11.9198	5.6E-04	0.0438739	0.011898	13.5977	2.3E-04	15.3892	8.7E-05
rs79634051	11	14561945	0.278112	G	C	0.97174	1	8.10079	4.4E-03	0.0512456	0.0166878	9.43012	2.1E-03	8.27301	4.0E-03
rs3114693	11	26127790	0.452397	A	T	0.617593	0.997848	2.71612	9.9E-02	0.00991581	0.00571594	3.00941	8.3E-02	4.22231	4.0E-02
rs56386213	11	36291554	0.562467	A	G	0.595018	1	0.00395122	9.5E-01	0.00187386	0.0056195	0.111194	7.4E-01	0.18145	6.7E-01
rs174528	11	61543499	0.703973	T	C	0.623454	0.995598	70.2482	5.2E-17	-0.0500153	0.00573991	75.9269	2.9E-18	76.2047	2.6E-18
rs4297487	11	69229628	0.763225	A	G	0.324796	0.994186	0.23799	6.3E-01	-0.00217507	0.00594076	0.134049	7.1E-01	0.50844	4.8E-01
rs28690953	11	111384426	1.18701	T	G	0.852988	1	4.25347	3.9E-02	-0.0184121	0.00784113	5.51379	1.9E-02	4.82727	2.8E-02
rs55776558	11	116527521	1.25984	T	C	0.953162	0.985638	107.424	3.6E-25	-0.139017	0.0132392	110.259	8.6E-26	113.768	1.5E-26
rs139524394	11	116624922	1.26038	C	T	0.990256	0.941813	50.0885	1.5E-12	-0.210964	0.0290746	52.649	4.0E-13	54.3927	1.6E-13
rs747249	11	130271647	1.49781	A	G	0.360849	0.986641	0.318468	5.7E-01	-0.00397612	0.00582042	0.466671	4.9E-01	0.273579	6.0E-01
rs11045172	12	20470221	0.37098	A	C	0.802205	0.989276	13.6257	2.2E-04	0.0276272	0.00700239	15.5661	8.0E-05	14.8802	1.1E-04
rs7977928	12	26265632	0.457285	G	A	0.408615	1	0.801899	3.7E-01	-0.00664602	0.00563188	1.39257	2.4E-01	1.85217	1.7E-01
rs2343874	12	26409450	0.459085	G	A	0.53283	0.98214	1.48691	2.2E-01	-0.0056541	0.00560574	1.01733	3.1E-01	0.707236	4.0E-01
rs16931815	12	27427917	0.469712	A	G	0.872673	0.996695	3.91773	4.8E-02	-0.0145374	0.00835335	3.02869	8.2E-02	2.66366	1.0E-01
rs7310959	12	45968598	0.59006	G	A	0.897555	1	15.7242	7.3E-05	-0.0361452	0.00916831	15.5426	8.1E-05	16.6469	4.5E-05
rs75824359	12	54320490	0.68262	A	G	0.970266	0.973341	0.83023	3.6E-01	0.0162975	0.0165504	0.969676	3.2E-01	1.9508	1.6E-01
rs10878362	12	66417493	0.793832	C	A	0.687723	0.991565	0.12608	7.2E-01	-0.00281987	0.00599711	0.221092	6.4E-01	0.00461478	9.5E-01
rs10745659	12	94092690	1.0816	C	G	0.553308	0.994516	3.04235	8.1E-02	-0.00868938	0.00561385	2.39583	1.2E-01	2.10575	1.5E-01
rs10778495	12	106991545	1.2616	A	G	0.720919	0.990603	6.00113	1.4E-02	-0.0155351	0.00619162	6.29533	1.2E-02	7.31617	6.8E-03
rs189392453	12	122381427	1.46398	C	A	0.929828	0.926987	5.25302	2.2E-02	-0.0244051	0.0112864	4.67573	3.1E-02	4.32336	3.8E-02
rs12366339	12	122854616	1.46723	G	A	0.9894	0.907552	2.57266	1.1E-01	-0.0510938	0.0284778	3.21901	7.3E-02	4.47025	3.4E-02
rs147433011	12	123162845	1.46972	T	C	0.989135	0.898372	0.712894	4.0E-01	0.0197171	0.0282936	0.485631	4.9E-01	0.581348	4.5E-01
rs116950578	12	123188577	1.46982	C	T	0.967055	1	4.10253	4.3E-02	0.0330153	0.0155109	4.53062	3.3E-02	4.52754	3.3E-02
rs140689322	12	123375732	1.4703	G	A	0.973654	0.966101	0.459264	5.0E-01	0.0149004	0.0176178	0.71531	4.0E-01	0.724059	3.9E-01
rs28722199	12	123989436	1.47618	A	G	0.954286	0.931304	1.84287	1.7E-01	-0.019396	0.0137613	1.98657	1.6E-01	1.79356	1.8E-01
rs12582221	12	125323240	1.49972	G	A	0.572176	1	6.34056	1.2E-02	0.0144844	0.00560221	6.6847	9.7E-03	6.84136	8.9E-03
rs7993238	13	22473593	0.0544542	A	C	0.631395	0.976757	0.0337556	8.5E-01	0.00048653	0.00583129	0.00696129	9.3E-01	0.0119634	9.1E-01
rs10507524	13	44684600	0.468128	T	C	0.907237	0.994143	0.270372	6.0E-01	-0.0044026	0.00962257	0.209333	6.5E-01	0.278341	6.0E-01
rs12872335	13	50442235	0.536587	G	A	0.792188	0.994746	0.404571	5.2E-01	-0.00350386	0.0068645	0.260542	6.1E-01	0.241635	6.2E-01
rs61964388	13	51061980	0.539297	G	A	0.904117	0.961186	4.89549	2.7E-02	-0.021872	0.00960333	5.18721	2.3E-02	5.24397	2.2E-02
rs627527	13	110915135	1.21483	G	A	0.418925	0.983958	1.27645	2.6E-01	0.00633773	0.00566769	1.25042	2.6E-01	0.510134	4.8E-01
rs1057119	14	23746269	0.116581	C	G	0.76153	1	0.691594	4.1E-01	0.00644265	0.00648919	0.985708	3.2E-01	1.59382	2.1E-01
rs140664623	14	52321987	0.459221	G	T	0.976323	0.975931	0.383247	5.4E-01	0.0173811	0.018413	0.891051	3.5E-01	0.952087	3.3E-01
rs2145600	14	58750902	0.537897	C	G	0.237608	0.992449	9.8104	1.7E-03	0.0190048	0.00653354	8.4612	3.6E-03	10.6022	1.1E-03
rs6575165	14	91352234	0.881721	G	A	0.76556	0.994744	2.14214	1.4E-01	-0.00875641	0.00655715	1.78329	1.8E-01	2.54135	1.1E-01
rs10130936	14	98342676	1.02712	C	T	0.37676	0.985923	0.153674	7.0E-01	-0.00201034	0.00577303	0.121263	7.3E-01	0.356604	5.5E-01
rs4779523	15	31679470	0.452779	T	A	0.728098	0.995337	0.146888	7.0E-01	-0.00440787	0.0062687	0.494426	4.8E-01	0.284822	5.9E-01
rs28647196	15	40833379	0.629227	C	T	0.564205	0.997093	6.06714	1.4E-02	-0.0138099	0.00561899	6.04036	1.4E-02	6.85959	8.8E-03
rs11630710	15	56364758	0.756318	G	T	0.893172	0.979091	0.599932	4.4E-01	-0.00573451	0.00910994	0.396244	5.3E-01	0.375135	5.4E-01
rs17184382	15	63792486	0.876626	A	C	0.574619	1	6.75831	9.3E-03	0.0162892	0.00561777	8.40753	3.7E-03	6.99393	8.2E-03
rs2165241	15	74222202	0.994735	T	C	0.491224	0.994517	0.445677	5.0E-01	-0.00319821	0.00554892	0.332197	5.6E-01	0.127654	7.2E-01
rs12905116	15	79042734	1.02295	T	A	0.242831	0.998559	0.370347	5.4E-01	-0.00243904	0.00645114	0.142944	7.1E-01	0.19339	6.6E-01
rs2401948	16	1340854	0.0338191	G	C	0.470436	0.984992	0.789629	3.7E-01	-0.00517854	0.00560132	0.85474	3.6E-01	0.805933	3.7E-01
rs3747577	16	4415696	0.082586	C	G	0.259467	0.988145	0.0705875	7.9E-01	0.00264976	0.00637452	0.17279	6.8E-01	0.533926	4.6E-01
rs6498114	16	10964118	0.259065	G	T	0.240585	0.980902	8.94569e-06	1.0E+00	0.00114742	0.00656111	0.0305838	8.6E-01	0.00855745	9.3E-01
rs2192868	16	53428284	0.643286	G	A	0.551203	0.983829	0.622127	4.3E-01	-0.00356657	0.00563261	0.400942	5.3E-01	0.443744	5.1E-01
rs116975210	16	67058614	0.849502	T	G	0.960603	0.993544	1.75655	1.9E-01	0.0169488	0.0143137	1.40208	2.4E-01	1.61812	2.0E-01
rs2056876	16	78864296	0.975993	T	G	0.815684	0.95437	3.47614	6.2E-02	0.0141681	0.00731311	3.75336	5.3E-02	3.75729	5.3E-02
rs9926618	16	81484570	1.04509	T	A	0.39429	0.97289	15.2874	9.2E-05	0.0232313	0.00575736	16.2818	5.5E-05	15.3014	9.2E-05
rs66710707	16	81528621	1.0457	A	G	0.719577	0.992374	13.3087	2.6E-04	0.0217267	0.00620065	12.2776	4.6E-04	12.8141	3.4E-04
rs116911572	17	943593	0.0364958	T	C	0.982069	1	0.4692	4.9E-01	0.0139282	0.0209448	0.442219	5.1E-01	0.175425	6.8E-01
rs4151120	17	7342148	0.196018	T	A	0.629178	0.991461	0.107724	7.4E-01	0.0020295	0.00577185	0.123637	7.3E-01	0.573099	4.5E-01
rs1561	17	8263334	0.209036	C	T	0.928268	0.930811	0.614664	4.3E-01	-0.0071266	0.0111267	0.410237	5.2E-01	0.901328	3.4E-01
rs1242488	17	17347995	0.443205	C	A	0.250473	0.994678	0.346541	5.6E-01	0.00358993	0.00640537	0.314111	5.8E-01	0.204248	6.5E-01
rs897456	17	17422608	0.444631	A	G	0.942018	1	22.4486	2.2E-06	-0.058778	0.0118908	24.4348	7.7E-07	25.7302	3.9E-07
rs11651639	17	27672320	0.49569	A	T	0.483934	0.999433	1.09097	3.0E-01	-0.00537867	0.00555076	0.938956	3.3E-01	1.36981	2.4E-01
rs55883500	17	40395267	0.664304	T	G	0.691334	0.998762	4.51566	3.4E-02	-0.0133601	0.0060058	4.94853	2.6E-02	6.30373	1.2E-02
rs2242461	17	40861424	0.665935	G	A	0.405713	1	3.49489	6.2E-02	0.011786	0.00564929	4.35256	3.7E-02	5.44232	2.0E-02
rs76868109	17	41776943	0.672597	A	C	0.966259	1	40.3118	2.2E-10	-0.0969129	0.0153335	39.9469	2.6E-10	40.8195	1.7E-10
rs62053943	17	43744203	0.688226	C	T	0.845555	0.975028	2.53534	1.1E-01	-0.0112773	0.00778977	2.09584	1.5E-01	2.02138	1.6E-01
rs6504972	17	53601168	0.790946	G	A	0.654059	0.990391	0.241902	6.2E-01	0.0030133	0.005882	0.262442	6.1E-01	0.229493	6.3E-01
rs9892365	17	59491384	0.871045	A	G	0.330387	0.996856	0.842178	3.6E-01	-0.0039656	0.00590768	0.450592	5.0E-01	0.493836	4.8E-01
rs146385050	17	60637258	0.881108	C	A	0.819308	0.982238	1.54628	2.1E-01	0.0101846	0.00726974	1.96267	1.6E-01	1.49594	2.2E-01
rs1966327	17	67570113	0.971768	A	G	0.320402	0.997202	1.13173	2.9E-01	-0.00505729	0.00594782	0.72297	4.0E-01	0.301111	5.8E-01
rs9896666	17	68226321	0.98162	C	T	0.675868	0.994992	0.593613	4.4E-01	0.00627021	0.00593751	1.11521	2.9E-01	1.20289	2.7E-01
rs3810068	18	2846499	0.0738566	T	C	0.595452	1	16.2842	5.5E-05	0.0189654	0.00564189	11.2999	7.8E-04	10.8125	1.0E-03
rs4800451	18	20716805	0.429195	C	T	0.259966	0.984274	0.708247	4.0E-01	-0.00706954	0.00638869	1.2245	2.7E-01	0.890291	3.5E-01
rs1026186	18	42741410	0.625015	G	A	0.64681	0.995626	2.95233	8.6E-02	0.0107821	0.00582003	3.43205	6.4E-02	2.90625	8.8E-02
rs8086644	18	60788559	0.864537	G	A	0.834201	0.988925	0.0227581	8.8E-01	-0.00241582	0.00749589	0.103868	7.5E-01	0.220546	6.4E-01
rs12979965	19	2131148	0.0753026	A	G	0.499935	0.991113	0.179133	6.7E-01	-0.000545442	0.00556917	0.00959219	9.2E-01	0.000873974	9.8E-01
rs10421685	19	4488926	0.151356	G	A	0.311293	0.998169	5.43558	2.0E-02	0.0131901	0.00600367	4.8268	2.8E-02	4.52283	3.3E-02
rs10421685	19	4488926	0.151356	G	C	0.973386	0.548756	2.66649	1.0E-01	-0.0461202	0.0232566	3.93271	4.7E-02	3.83029	5.0E-02
rs35555265	19	17152232	0.420672	C	T	0.803227	0.993265	7.40843	6.5E-03	0.0196932	0.00699182	7.93325	4.9E-03	6.40528	1.1E-02
rs72999466	19	18248499	0.447893	C	T	0.742123	0.99893	0.73165	3.9E-01	-0.00477854	0.0063408	0.567941	4.5E-01	0.533844	4.6E-01
rs1423056	19	33780444	0.560699	G	A	0.681795	0.903762	0.0956001	7.6E-01	-0.00220117	0.00627582	0.123018	7.3E-01	0.337396	5.6E-01
rs113504807	19	33787954	0.561506	C	T	0.951238	0.934153	0.262199	6.1E-01	-0.00765397	0.013304	0.330984	5.7E-01	0.302761	5.8E-01
rs11672697	19	33876955	0.562267	C	T	0.494053	0.99299	3.61053	5.7E-02	0.0116874	0.00557351	4.39722	3.6E-02	5.29298	2.1E-02
rs283808	19	45387034	0.706891	A	C	0.959465	0.985472	29.4409	5.8E-08	-0.0787487	0.0141848	30.8208	2.8E-08	32.1742	1.4E-08
rs60049679	19	45429708	0.707694	G	C	0.927006	0.875573	32.2556	1.4E-08	-0.06593	0.0113887	33.5132	7.1E-09	36.0381	1.9E-09
rs2864436	19	55986637	0.996315	T	C	0.754674	1	0.579032	4.5E-01	-0.00517711	0.00643091	0.648082	4.2E-01	0.312844	5.8E-01
rs151235402	20	569164	0.0196907	C	T	0.984757	0.956324	9.34565	2.2E-03	-0.0695338	0.0232927	8.91151	2.8E-03	9.20947	2.4E-03
rs805769	20	5667459	0.191037	T	C	0.595306	0.99253	0.0551429	8.1E-01	-0.00249972	0.0056755	0.193988	6.6E-01	0.406049	5.2E-01
rs6117303	20	6487687	0.213838	T	C	0.34849	0.989053	2.12649	1.4E-01	0.010493	0.00585081	3.21638	7.3E-02	2.78946	9.5E-02
rs146411982	20	38985760	0.586515	A	G	0.97517	0.885893	7.86294	5.0E-03	-0.0542595	0.0189146	8.2292	4.1E-03	9.23924	2.4E-03
rs1997833	20	39690342	0.597551	T	C	0.700507	0.998963	6.4807	1.1E-02	-0.0157608	0.0060371	6.81553	9.0E-03	7.02755	8.0E-03
rs11699991	20	45489407	0.689702	T	A	0.670387	0.988835	0.00561124	9.4E-01	0.00140184	0.00592943	0.0558949	8.1E-01	0.304799	5.8E-01
rs6068280	20	51235613	0.791961	A	G	0.324841	0.992237	3.93537	4.7E-02	-0.0116187	0.00591579	3.85736	5.0E-02	4.40154	3.6E-02
rs6013572	20	51553621	0.798111	T	C	0.936054	1	0.0259064	8.7E-01	-0.000694481	0.0114017	0.00371009	9.5E-01	0.0463757	8.3E-01
rs1936966	20	51691779	0.801626	C	T	0.672454	0.982215	0.295486	5.9E-01	-0.00380371	0.00600037	0.401846	5.3E-01	0.173721	6.8E-01
rs2105063	20	62690683	1.09651	C	T	0.438811	1	6.1837	1.3E-02	0.0135616	0.00559972	5.86528	1.5E-02	6.56296	1.0E-02
rs4998557	21	33034892	0.322704	G	A	0.887631	0.995909	2.14163	1.4E-01	-0.00959588	0.00881645	1.18463	2.8E-01	1.07555	3.0E-01
rs2836139	21	39451403	0.432375	A	G	0.514897	0.9942	0.175924	6.7E-01	0.000580219	0.00559239	0.0107644	9.2E-01	0.0430497	8.4E-01
rs2330396	21	47524380	0.643685	A	C	0.492654	0.996498	4.85369	2.8E-02	-0.0124221	0.005544	5.02047	2.5E-02	5.24326	2.2E-02
rs2236142	22	29137944	0.338659	G	C	0.32476	0.994367	0.113367	7.4E-01	-0.00310879	0.00593468	0.274403	6.0E-01	0.323482	5.7E-01
rs5997898	22	31572963	0.355537	A	C	0.421356	0.998342	1.78946	1.8E-01	-0.00816943	0.00562628	2.10834	1.5E-01	1.88099	1.7E-01
