CHR POS SNP Tested_Allele Other_Allele Freq_Tested_Allele BETA SE P N INFO
1 2943183 rs7412983:A:C A C 0.8022 -0.0136 0.0023 3.022e-09 630071 0.995425
1 9325676 rs1294014:C:T T C 0.2602 0.0147 0.0021 8.428e-13 629884 0.971636
1 19824124 rs9988429:C:T T C 0.322 -0.0125 0.0021 2.41e-09 485486 0.998045
1 23262176 rs12041540:G:A A G 0.3447 -0.0142 0.0021 5.321e-12 485486 0.995091
1 26120367 rs10902676:G:A A G 0.527 0.0108 0.0018 1.517e-09 629977 0.989709
1 39591779 rs4660443:C:T T C 0.172 0.0128 0.0022 4.259e-09 629820 0.99697
1 49388622 rs2032022:T:G T G 0.3482 0.0108 0.0018 4.699e-09 630073 0.996918
1 62570321 rs1013293:G:A A G 0.4131 -0.0108 0.0018 1.342e-09 630010 0.987131
1 63124542 rs1168100:T:C T C 0.7033 -0.0021 0.0021 0.3261 485486 0.988496
1 86251836 rs313710:T:C T C 0.592 -0.0121 0.0018 1.867e-11 630019 0.990719
1 91207757 rs7548936:G:C C G 0.3788 0.0111 0.0018 1.639e-09 621960 0.99864
1 98298371 rs4375301:A:G A G 0.7698 -0.0149 0.0023 1.637e-10 485486 0.99316
1 103340623 rs1318756:T:C T C 0.5031 -0.0131 0.002 1.753e-11 485486 0.99025
1 107572997 rs3108680:T:C T C 0.6395 -0.0114 0.0018 1.019e-10 697665 0.998551
1 112273026 rs2076586:C:T T C 0.2321 -0.0141 0.0022 6.303e-11 614447 0.978668
1 119151935 rs71670897:G:A A G 0.0364 -0.0377 0.0053 1.021e-12 485486 0.974649
1 119572398 rs10494220:C:T T C 0.1149 0.0208 0.0025 1.641e-16 694435 0.999565
1 154991389 rs905938:T:C T C 0.7235 0.0126 0.0019 7.831e-11 697389 1
1 163589208 rs6688053:C:T T C 0.4445 0.0123 0.002 4.434e-10 485486 0.986634
1 170171874 rs17345893:C:T T C 0.0685 0.0224 0.0036 4.585e-10 617439 0.998028
1 172122601 rs17361789:T:G T G 0.6999 0.0115 0.0019 3.111e-09 629183 0.978595
1 172364712 rs6700575:A:G A G 0.8334 -0.0171 0.0026 4.83e-11 485486 0.992404
1 177815769 rs12757638:G:A A G 0.2193 0.0137 0.0021 1.124e-10 697584 0.999396
1 200036139 rs12069549:C:T T C 0.1329 -0.0158 0.0025 3.578e-10 685718 0.984975
1 205039295 rs56283998:A:C A C 0.7998 -0.0146 0.0024 2.668e-09 485486 0.995738
1 214173840 rs3767848:G:A A G 0.2539 -0.0124 0.0021 2.161e-09 618182 0.987666
1 219429385 rs7547454:T:A A T 0.3118 0.0129 0.0021 8.195e-10 485486 0.999663
1 243533273 rs12042959:A:G A G 0.8633 0.0155 0.0025 9.25e-10 630062 0.984695
2 375873 rs74495980:C:G C G 0.9635 0.0313 0.0052 1.877e-09 485486 1
2 621254 rs10185713:A:G A G 0.7944 -0.0127 0.0021 1.791e-09 695319 0.990989
2 13073562 rs812400:G:A A G 0.236 -0.0128 0.0021 1.11e-09 629928 0.986725
2 20367135 rs11895352:C:T T C 0.4751 -0.0051 0.0018 0.00427 629955 0.996674
2 21121464 rs78980904:T:C T C 0.6821 -0.0029 0.0022 0.183 551563 0.996034
2 25022598 rs1550116:A:G A G 0.8408 -0.0146 0.0025 3.382e-09 629999 1
2 26953354 rs1731260:G:T T G 0.4791 0.0104 0.0018 4.624e-09 618325 0.996929
2 43189120 rs10153926:G:A A G 0.2188 0.0143 0.0024 2.003e-09 485486 0.97686
2 48962291 rs17326656:G:T T G 0.2346 0.0153 0.0021 4.166e-13 629945 0.989881
2 58590687 rs62141921:G:A A G 0.1586 -0.0167 0.0027 5.643e-10 485486 0.991114
2 58956557 rs13428870:T:G T G 0.6952 -0.0124 0.0019 1.447e-10 630055 0.987419
2 60814466 rs2195086:T:G T G 0.8328 -0.0144 0.0024 2.809e-09 628853 0.990347
2 66201731 rs6716270:T:C T C 0.8411 -0.0209 0.0024 1.015e-17 626753 1
2 67666133 rs659116:T:G T G 0.5515 0.0105 0.0018 3.696e-09 630039 0.997054
2 67785566 rs12621286:T:C T C 0.7163 0.0189 0.0022 3.851e-18 485486 0.988474
2 100208830 rs12712049:A:G A G 0.1777 0.0138 0.0024 4.688e-09 629874 0.984094
2 100746207 rs11680586:G:T T G 0.2412 -0.0126 0.0021 1.629e-09 629964 0.994869
2 112242612 rs41465348:G:T T G 0.1827 -0.0169 0.0026 1.144e-10 485486 0.930302
2 114462089 rs111595567:C:A A C 0.2113 0.0141 0.0024 3.894e-09 485486 0.996904
2 119342963 rs10172336:G:T T G 0.5104 -0.0118 0.0018 3.282e-11 629860 0.989479
2 158393301 rs114666647:T:C T C 0.9878 0.0541 0.0089 1.317e-09 485486 1
2 161085348 rs7560257:C:T T C 0.1458 0.0148 0.0024 5.759e-10 697607 0.985915
2 165502911 rs78343493:G:A A G 0.1059 -0.0257 0.0028 1.229e-19 553064 0.994319
2 181528597 rs2887185:C:A A C 0.616 0.011 0.0018 1.82e-09 627830 0.997542
2 187733699 rs3114926:T:A A T 0.2639 0.012 0.002 1.89e-09 630073 0.995757
2 200717641 rs7597487:G:A A G 0.5553 0.0106 0.0018 3.385e-09 630066 0.996068
2 212278218 rs16846100:C:A A C 0.2715 0.0117 0.002 4.262e-09 629977 0.990432
2 213413231 rs7599312:G:A A G 0.2732 -0.0114 0.0019 2.358e-09 697620 0.978529
2 219142860 rs13429408:C:A A C 0.5642 -0.0105 0.0018 3.378e-09 621897 0.999041
2 230549844 rs7589153:A:G A G 0.465 -0.0107 0.0018 1.764e-09 630002 0.992773
2 239268619 rs72980197:G:T T G 0.0526 -0.0267 0.0044 9.96e-10 485486 1
3 9345218 rs4686340:A:C A C 0.2513 0.0123 0.002 6.014e-10 695667 0.978864
3 12038629 rs2600230:T:A A T 0.8352 -0.0141 0.0023 1.638e-09 630061 0.998857
3 12611269 rs1962515:T:C T C 0.4101 0.0123 0.0018 8.913e-12 629831 0.996609
3 15705397 rs2455806:T:A A T 0.3024 -0.0118 0.002 1.697e-09 614602 0.990487
3 33838124 rs9843488:T:G T G 0.7447 -0.012 0.002 2.8e-09 630056 0.985972
3 35516974 rs11928128:T:C T C 0.8668 -0.0155 0.0026 2.607e-09 630010 0.988228
3 46931478 rs4683301:A:T A T 0.4043 -0.0119 0.0018 7.968e-11 617998 0.991923
3 48719638 rs7633840:T:C T C 0.334 -0.0118 0.0019 1.467e-09 627507 0.949088
3 49916710 rs7613360:C:T T C 0.3866 0.0121 0.002 1.706e-09 485486 0.996913
3 62478786 rs9311841:C:T T C 0.7327 0.0135 0.0022 1.313e-09 485486 0.988212
3 64667059 rs73124286:G:T T G 0.2807 -0.0145 0.0022 8.29e-11 485486 0.953989
3 64750744 rs10510927:A:C A C 0.5577 -0.0106 0.0018 2.816e-09 629955 0.99756
3 82629523 rs4123668:T:C T C 0.5973 -0.0108 0.0018 3.391e-09 627636 0.993658
3 85806313 rs9876664:G:T T G 0.3851 -0.0109 0.0018 2.129e-09 630077 0.992666
3 93980841 rs1580100:T:A A T 0.51 -0.0115 0.002 3.792e-09 485486 0.997706
3 128039895 rs11708733:G:A A G 0.0463 -0.0254 0.0043 2.542e-09 624597 0.982494
3 129105690 rs143418767:G:A A G 0.0181 0.0478 0.0076 2.499e-10 485486 0.942667
3 131516596 rs7624428:T:A A T 0.2588 0.0127 0.002 3.182e-10 630069 0.991209
3 136014923 rs13071085:G:A A G 0.1216 -0.0219 0.003 2.668e-13 485486 0.995183
3 138328016 rs111398337:C:T T C 0.5395 -0.0115 0.002 3.811e-09 485486 0.996039
3 150066540 rs62271373:T:A A T 0.0578 0.032 0.0043 7.346e-14 485486 0.957592
3 156351718 rs9865431:T:A A T 0.1427 -0.0156 0.0025 7.196e-10 630057 0.992897
3 168927453 rs13091300:C:T T C 0.3887 -0.0108 0.0018 3.417e-09 630040 0.997283
3 171800256 rs4894803:A:G A G 0.6004 0.0149 0.0018 3.743e-16 629705 0.985672
3 185795855 rs12638263:A:C A C 0.8078 0.0124 0.0021 4.235e-09 692430 0.992726
3 187668469 rs2248422:T:C T C 0.7823 -0.0136 0.0022 2.909e-10 630052 1
4 848335 rs7697256:C:T T C 0.2711 -0.0145 0.0022 4.28e-11 485486 0.998612
4 3086753 rs4690071:A:T A T 0.6466 0.0127 0.0021 7.672e-10 485486 0.990773
4 26006133 rs1912897:A:T A T 0.799 -0.0151 0.0025 6.862e-10 485486 0.987046
4 26292555 rs2871198:C:T T C 0.5904 -0.0129 0.0019 3.717e-12 629692 0.963952
4 45175691 rs13130484:C:T T C 0.4294 0.0147 0.0017 7.834e-18 697423 0.99594
4 56235592 rs819266:T:C T C 0.7123 -0.0127 0.0022 4.888e-09 485486 0.998674
4 78625750 rs4472161:A:C A C 0.1484 0.0164 0.0028 2.814e-09 485486 0.98961
4 89642436 rs9991751:G:A A G 0.1577 -0.0147 0.0025 2.176e-09 630047 0.999331
4 100214164 rs904092:A:G A G 0.1692 0.0155 0.0023 3.912e-11 618041 1
4 102133144 rs4525978:C:T T C 0.7257 -0.0129 0.0022 3.703e-09 485486 0.992223
4 140858717 rs769668:T:C T C 0.6522 0.0141 0.0021 1.04e-11 485486 0.98678
4 145536336 rs7692554:G:A A G 0.4117 -0.0108 0.0018 1.865e-09 629553 0.998437
5 3949504 rs639744:C:T T C 0.6659 -0.0123 0.0021 3.595e-09 485486 0.991333
5 53268762 rs12658939:T:C T C 0.8799 0.0165 0.0028 3.904e-09 629842 0.977151
5 55776257 rs115865075:C:T T C 0.0125 0.0659 0.0091 5.845e-13 485486 0.929727
5 55797382 rs588898:G:A A G 0.1284 0.0208 0.0029 1.226e-12 485486 0.995541
5 66292389 rs34696:C:A A C 0.5607 -0.0112 0.0018 3.974e-10 629815 0.984912
5 74926778 rs253407:A:G A G 0.3001 -0.0134 0.0018 2.746e-13 697665 1
5 76574841 rs13167306:C:T T C 0.3295 -0.0115 0.0019 1.595e-09 630055 0.989608
5 87530253 rs247916:A:C A C 0.7888 0.0137 0.0022 2.324e-10 630025 0.983196
5 87986284 rs7733438:T:G T G 0.8588 -0.0163 0.0026 2.804e-10 629919 0.976662
5 103886213 rs6869862:T:G T G 0.5169 -0.0105 0.0018 3.07e-09 630027 0.997289
5 112535956 rs11241196:G:A A G 0.6701 -0.0114 0.0019 1.346e-09 630004 0.990532
5 118721694 rs12332329:G:A A G 0.2914 -0.0116 0.002 4.77e-09 621830 0.991137
5 132349654 rs4705986:T:G T G 0.9385 0.0281 0.0038 1.748e-13 621640 0.978107
5 142077715 rs10477191:A:G A G 0.9358 -0.0279 0.004 2.367e-12 485486 0.911492
5 153095918 rs10035289:A:G A G 0.4667 0.0108 0.0018 1.353e-09 630025 0.996454
5 155770918 rs2871924:C:T T C 0.7146 -0.0118 0.0019 1.174e-09 630064 0.995502
5 172925741 rs254800:T:G T G 0.5248 0.0106 0.0018 2.211e-09 629912 0.99373
5 173269956 rs58895838:A:G A G 0.7658 -0.0149 0.0023 1.5e-10 485486 0.979193
5 176534724 rs244722:A:C A C 0.4969 -0.013 0.002 5.08e-11 485486 0.979462
6 6724416 rs1294447:T:C T C 0.4926 0.0123 0.002 4.77e-10 485486 0.980547
6 7041700 rs13207230:G:A A G 0.524 0.0129 0.0018 4.726e-13 630062 0.981077
6 14506240 rs4715912:C:G C G 0.737 0.0125 0.0021 4.46e-09 629283 0.947351
6 20483407 rs4134943:C:T T C 0.2037 -0.0134 0.0022 2.085e-09 629681 1
6 30137387 rs2523729:G:A A G 0.1317 -0.0157 0.0026 1.455e-09 696281 1
6 30770701 rs114376405:G:A A G 0.0116 0.0684 0.0091 7.168e-14 485486 0.993784
6 31346166 rs9266618:C:A A C 0.9077 0.0233 0.0035 2.956e-11 485486 0.921082
6 32466173 rs28890929:G:T T G 0.2324 0.0179 0.0029 3.892e-10 485486 0.644972
6 34185960 rs150459394:A:T A T 0.9325 -0.0427 0.0039 2.294e-27 485486 0.977833
6 43260660 rs6901866:T:C T C 0.7054 -0.0115 0.0019 2.144e-09 630079 0.996381
6 43734606 rs9381248:C:T T C 0.1239 0.0181 0.003 1.248e-09 485486 0.991959
6 53745477 rs9395885:C:T T C 0.0814 0.0188 0.0032 4.873e-09 630076 0.998274
6 80804414 rs2505949:A:G A G 0.6358 0.0109 0.0018 3.43e-09 629860 0.987827
6 81346504 rs2496690:A:G A G 0.3793 -0.012 0.0018 5.372e-11 630076 0.991271
6 85720325 rs1322863:G:A A G 0.0646 0.0211 0.0034 5.436e-10 685897 0.997888
6 97385975 rs17448885:C:G C G 0.6522 0.011 0.0019 3.325e-09 629907 0.995527
6 97915394 rs17297752:C:A A C 0.2643 -0.013 0.0022 4.901e-09 485486 0.998365
6 98452680 rs9401452:T:C T C 0.613 0.0137 0.002 9.388e-12 485486 0.998367
6 100599389 rs2256268:C:T T C 0.1652 0.0213 0.0024 2.472e-19 630081 0.989258
6 108906200 rs12206094:C:T T C 0.2888 -0.0119 0.0019 2.207e-10 697599 0.996379
6 120157197 rs4946445:A:G A G 0.7614 0.0122 0.0021 4.854e-09 630043 0.992774
6 126248374 rs9375417:T:C T C 0.4985 -0.0122 0.002 4.136e-10 485486 0.998101
6 127353873 rs62437220:T:A A T 0.0451 0.0646 0.0048 4.492e-42 485486 0.98466
6 139824992 rs590015:G:A A G 0.4984 0.0129 0.002 4.541e-11 485486 0.991936
6 139824992 rs590015:G:C C G 4e-04 -0.0941 0.0634 0.1375 485486 0.661559
6 153405199 rs7453812:T:G T G 0.0481 -0.0237 0.004 3.329e-09 692870 0.99508
6 160468180 rs2282137:G:A A G 0.0189 0.0069 0.0072 0.337 485486 0.984023
7 20444060 rs6955431:T:C T C 0.6931 0.0114 0.0019 3.645e-09 629926 0.985687
7 25823647 rs960589:A:C A C 0.8418 -0.0164 0.0025 6.848e-11 614569 0.971262
7 26309246 rs12671127:C:T T C 0.364 -0.0163 0.002 1.884e-15 485486 0.98686
7 27237453 rs2189239:C:T T C 0.0908 -0.0211 0.0031 7.037e-12 689079 0.972471
7 50750128 rs2715135:T:G T G 0.3706 0.0109 0.0018 4.092e-09 630042 0.995138
7 68618770 rs78702390:G:C C G 0.0577 -0.0254 0.0042 2.157e-09 485486 0.980859
7 72856430 rs1178979:T:C T C 0.8055 0.0136 0.0021 1.487e-10 697657 1
7 77047102 rs12669521:A:G A G 0.6733 0.0127 0.0021 1.286e-09 485486 0.983538
7 99020806 rs917154:A:G A G 0.8285 0.0148 0.0023 1.189e-10 630056 0.995336
7 104579775 rs2470937:T:A A T 0.4512 0.013 0.002 4.916e-11 485486 0.99553
7 116888161 rs13226446:A:G A G 0.9404 -0.0229 0.0037 5.363e-10 685832 1
7 136712058 rs17168896:G:A A G 0.1459 -0.0157 0.0025 3.238e-10 630053 0.985728
8 8316637 rs2921064:C:T T C 0.4727 -0.0055 0.002 0.005258 485486 0.985652
8 18228116 rs10088180:A:G A G 0.2939 2e-04 0.0019 0.918 696902 0.983974
8 19820480 rs76423146:C:T T C 0.0294 0.0154 0.0058 0.007994 485486 0.987465
8 19822741 rs117910839:T:A A T 0.0268 -0.0068 0.0055 0.2122 552826 0.962149
8 19835822 rs28870406:C:A A C 0.0136 0.0043 0.0086 0.6154 485486 0.967124
8 19835822 rs28870406:C:T T C 4e-04 -0.0278 0.0565 0.6224 485486 0.674694
8 38321607 rs7815496:C:T T C 0.4005 0.0141 0.002 1.682e-12 485486 0.995688
8 60264465 rs62506196:A:C A C 0.8376 -0.0159 0.0027 2.696e-09 485486 0.9922
8 68195769 rs7841468:T:C T C 0.7154 -0.0134 0.0022 8.082e-10 485486 0.998938
8 72386394 rs146492163:G:T T G 0.0295 0.0406 0.0059 6.523e-12 485486 0.95914
8 72531891 rs16937731:C:T T C 0.0266 0.0289 0.0047 1.01e-09 682081 0.99485
8 73452488 rs7824350:A:G A G 0.4188 0.0107 0.0018 2.302e-09 630075 0.993388
8 126419938 rs144435165:G:C C G 0.0529 0.0349 0.0049 1.796e-12 485486 0.782128
8 126477153 rs2954018:C:T T C 0.6896 -0.0025 0.0019 0.1712 697629 0.998217
8 128318755 rs10107982:T:C T C 0.7243 0.0127 0.0019 3.82e-11 697213 0.986787
9 15634326 rs4740619:T:C T C 0.5437 0.0099 0.0017 4.068e-09 697562 0.998657
9 28410683 rs1412234:T:C T C 0.6819 -0.014 0.0019 1.684e-13 629405 0.990908
9 29642688 rs1680490:A:G A G 0.5945 -0.0118 0.002 2.412e-09 537610 0.989263
9 94186527 rs12001634:T:A A T 0.3492 -0.0121 0.002 3.326e-09 485486 0.995442
9 95283887 rs2131919:A:G A G 0.8392 -0.017 0.0024 5.998e-13 630083 0.998993
9 96392945 rs7873003:T:C T C 0.3283 0.0126 0.0021 1.895e-09 485486 0.988183
9 96712312 rs56285369:C:T T C 0.3048 -0.014 0.0021 5.437e-11 485486 0.994362
9 107653426 rs12686004:G:A A G 0.1135 -0.0181 0.0027 9.978e-12 696725 1
9 107685589 rs10991414:T:C T C 0.86 -0.0207 0.0026 2.64e-15 607421 0.988147
9 107868862 rs73519946:A:T A T 0.9548 0.0341 0.0047 4.848e-13 485486 0.984182
9 111792640 rs72607161:T:C T C 0.7118 0.0129 0.0022 2.248e-09 485486 0.996649
9 126544609 rs2799465:T:C T C 0.8481 -0.0147 0.0025 3.071e-09 630074 0.994921
9 134870755 rs4382592:T:G T G 0.3055 0.012 0.0019 2.712e-10 630013 0.995419
9 136994893 rs28647893:C:T T C 0.482 -0.0116 0.002 2.91e-09 485486 0.997465
10 4963327 rs12774134:C:T T C 0.1187 -0.0158 0.0026 2.096e-09 684223 1
10 21687123 rs7923552:G:A A G 0.4592 0.0107 0.0018 4.206e-09 617161 0.96688
10 32112728 rs2808104:C:T T C 0.2244 -0.0124 0.0021 2.294e-09 697428 0.999701
10 33461248 rs145952040:T:C T C 0.9608 -0.033 0.0052 2.662e-10 485486 0.935321
10 33672884 rs10827252:A:G A G 0.4934 -0.0113 0.0018 2.031e-10 629961 0.995279
10 34162510 rs743104:C:T T C 0.1453 0.0172 0.0028 7.243e-10 485486 0.987217
10 61842645 rs7070670:C:T T C 0.3228 -0.0132 0.0021 3.644e-10 485486 0.982719
10 63808475 rs7919055:T:C T C 0.9577 -0.0282 0.0045 4.807e-10 690764 0.971832
10 64834352 rs2036791:A:T A T 0.5979 0.0117 0.0018 1.12e-10 629991 0.999659
10 80904701 rs780157:A:C A C 0.4788 -0.0124 0.0018 1.311e-11 629901 0.95254
10 88128281 rs3814614:A:G A G 0.4769 0.0108 0.0018 9.934e-10 630071 0.997221
10 93158084 rs117471638:G:A A G 0.0196 0.0419 0.0071 3.101e-09 485486 1
10 93810872 rs1776209:A:G A G 0.7042 0.0127 0.002 8.247e-11 630076 0.987264
10 115851703 rs71486238:T:A A T 0.2138 0.0143 0.0024 2.315e-09 485486 0.99409
10 122833913 rs4751824:G:A A G 0.0968 0.0204 0.0033 5.492e-10 485486 0.998027
11 778857 rs61876729:A:G A G 0.9091 0.0214 0.0034 5.546e-10 485486 0.98052
11 8405148 rs12790154:G:A A G 0.1914 -0.0127 0.0021 2.618e-09 697611 0.997153
11 8637191 rs1128559:G:C C G 0.8368 0.0133 0.0023 4.899e-09 651876 0.998399
11 10065246 rs2403265:T:C T C 0.507 -0.0121 0.002 6.494e-10 485486 0.996347
11 27455582 rs11030003:C:T T C 0.6907 -0.0137 0.0021 1.331e-10 485486 0.981896
11 30217503 rs605765:C:T T C 0.6137 -0.0106 0.0017 1.02e-09 697597 0.990477
11 43599791 rs2679059:A:T A T 0.3993 0.0123 0.0018 1.342e-11 630075 0.988719
11 47481533 rs7950696:T:C T C 0.558 0.0142 0.0018 1.849e-15 627865 0.999411
11 61543499 rs174528:T:C T C 0.617 0.002 0.0018 0.2605 697241 0.994644
11 62309787 rs2509962:T:C T C 0.5423 -0.0122 0.002 8.372e-10 485486 0.974052
11 65326154 rs12789028:G:A A G 0.1936 0.0152 0.0025 9.979e-10 485486 0.996535
11 65883696 rs11227413:G:A A G 0.1892 0.0134 0.0023 4.072e-09 630083 0.99592
11 84854732 rs11234305:T:C T C 0.793 -0.0154 0.0023 8.989e-12 629964 0.987572
11 102942989 rs3018970:A:C A C 0.7267 0.0131 0.0022 3.269e-09 485486 0.990843
11 111432161 rs568038:G:T T G 0.7028 -0.0116 0.0019 1.871e-09 629690 0.99604
11 113199146 rs10502172:C:T T C 0.4663 -0.0109 0.0018 7.219e-10 630050 1
11 116781545 rs11216183:C:A A C 0.0923 0.0226 0.0034 2.711e-11 485486 0.998403
11 122012238 rs564649:G:C C G 0.7154 -0.0129 0.002 7.645e-11 630005 0.992279
11 130271647 rs747249:A:G A G 0.3588 0.0111 0.0019 2.65e-09 629846 0.985753
11 133110361 rs6590683:T:C T C 0.4791 0.0113 0.0018 3.285e-10 628691 0.976662
12 939480 rs11611246:G:T T G 0.2 0.0125 0.0021 3.579e-09 685441 0.995896
12 12879570 rs34322:T:C T C 0.466 0.0104 0.0018 4.604e-09 629994 1
12 26253557 rs10771260:A:C A C 0.6234 -0.0119 0.0018 5.389e-11 630073 0.994343
12 33737099 rs10844645:C:T T C 0.3979 -0.0118 0.0018 8.04e-11 629901 0.998231
12 41866717 rs2733269:A:G A G 0.44 -0.0107 0.0018 2.104e-09 629873 1
12 50223013 rs11169170:C:T T C 0.4753 0.011 0.0017 8.723e-11 697442 0.996389
12 54320692 rs3847783:C:T T C 0.6819 -0.015 0.0019 2.87e-15 627851 0.990146
12 54417525 rs894738:G:A A G 0.3552 0.0227 0.0021 2.976e-28 485486 0.988798
12 66425288 rs7961915:A:G A G 0.229 0.0148 0.0022 3.815e-11 616598 0.940434
12 89726027 rs704067:G:A A G 0.4517 0.0116 0.0018 2.438e-10 616751 0.987995
12 98772975 rs7311622:C:T T C 0.4526 -0.0119 0.0018 2.959e-11 628710 0.988621
12 108545985 rs10778609:A:C A C 0.7401 0.014 0.0022 3.317e-10 485486 1
12 121392040 rs11065365:G:A A G 0.5866 8e-04 0.002 0.6831 485486 0.997107
12 122208968 rs11608693:G:A A G 0.1667 -0.0168 0.0027 5.362e-10 567406 0.87913
12 124479161 rs4765568:T:C T C 0.7299 0.0193 0.0024 1.33e-15 559850 0.992948
13 31012904 rs1928496:C:T T C 0.7305 0.0142 0.002 3.829e-12 630064 1
13 50535863 rs2475837:C:T T C 0.119 0.0151 0.0026 4.558e-09 681193 0.998869
13 50844016 rs77871802:A:G A G 0.9652 0.0398 0.0054 1.389e-13 485486 0.992735
13 54396602 rs1379828:C:T T C 0.8093 -0.0131 0.0021 4.907e-10 689533 0.995493
13 79580919 rs1441264:G:A A G 0.5857 0.0111 0.0018 3.157e-10 685864 0.952647
13 93884256 rs1160709:T:C T C 0.4816 -0.0105 0.0018 3.098e-09 630080 0.997958
13 110932363 rs664532:T:C T C 0.3787 0.0113 0.0019 1.667e-09 553057 0.987828
14 25928179 rs10132280:C:A A C 0.3106 -0.0116 0.0018 3.114e-10 697591 0.988362
14 53956168 rs61986159:C:T T C 0.2312 0.0136 0.0023 4.847e-09 485486 0.998835
14 58668484 rs8012185:A:G A G 0.7251 -0.014 0.0022 1.928e-10 485486 0.989165
14 65426216 rs2412107:G:T T G 0.2192 0.0133 0.0021 5.785e-10 630009 0.990005
14 71359064 rs2526886:G:T T G 0.69 0.0125 0.0021 3.646e-09 485486 0.995027
14 79890456 rs10146690:G:A A G 0.2202 0.0172 0.0022 6.001e-15 618329 0.98575
14 91547136 rs7492628:C:G C G 0.6801 -0.0125 0.0019 7.893e-11 629729 0.981371
14 103297847 rs7156191:G:C C G 0.1663 0.014 0.0023 2.082e-09 630033 0.994637
15 31689543 rs12441543:G:A A G 0.2898 -0.012 0.002 1.17e-09 629900 0.994264
15 40878474 rs12437696:A:G A G 0.5109 0.0118 0.002 2.07e-09 485486 0.99848
15 43020324 rs62020665:C:G C G 0.9152 -0.0033 0.0036 0.3646 485486 0.93949
15 53044002 rs10851523:G:C C G 0.2742 -0.0118 0.002 1.787e-09 648928 0.992849
15 56394169 rs16976760:T:G T G 0.7903 -0.013 0.0022 2.344e-09 630073 0.996782
15 58728067 rs72740877:G:A A G 0.0434 -0.0078 0.005 0.1173 485486 0.931136
15 73085815 rs8030477:C:T T C 0.687 0.0106 0.0018 3.111e-09 695540 0.995961
15 74331083 rs10851869:T:C T C 0.576 -0.0114 0.0018 2.748e-10 629849 0.998119
15 81021661 rs11072938:C:T T C 0.2689 -0.0119 0.002 2.17e-09 630069 0.997633
15 92561941 rs66615128:G:C C G 0.2127 -0.0141 0.0024 3.883e-09 485486 0.998553
16 2136624 rs13335638:T:C T C 0.8264 0.0146 0.0024 6.926e-10 618857 0.99211
16 4370706 rs35108574:A:G A G 0.8751 -0.0174 0.0029 2.731e-09 485486 0.979147
16 24700215 rs4787649:C:T T C 0.7716 0.0124 0.0021 3.379e-09 629938 0.995466
16 28318440 rs2650494:A:G A G 0.5871 0.0107 0.0017 8.585e-10 681881 0.99145
16 29820480 rs34286592:C:T T C 0.1433 0.0181 0.0028 1.109e-10 485486 1
16 29950820 rs79867441:C:T T C 0.0668 -0.0233 0.0039 3.419e-09 485486 0.992089
16 49864791 rs2047937:C:T T C 0.517 -0.0106 0.0017 4.573e-10 697373 0.999687
16 53805344 rs11075986:C:G C G 0.9116 0.018 0.0031 4.944e-09 694099 0.992688
16 69547741 rs4783718:T:C T C 0.4184 0.0136 0.0017 4.565e-15 697665 0.96128
16 81509452 rs2927331:T:C T C 0.3386 0.017 0.0021 2.903e-16 485486 0.986083
16 82866767 rs10492861:G:T T G 0.2864 0.0124 0.002 5.426e-10 628368 0.986978
17 2017029 rs2760744:T:C T C 0.6996 -0.0133 0.0021 4.527e-10 485486 0.999851
17 3902163 rs6502766:C:T T C 0.1972 0.0146 0.0025 3.791e-09 485486 0.993325
17 17361137 rs1269402:T:C T C 0.264 0.0119 0.002 1.851e-09 629961 0.988403
17 21160085 rs7217403:C:T T C 0.6721 -0.011 0.0018 9.275e-10 696240 0.982561
17 34831963 rs4796221:G:A A G 0.4707 -0.0116 0.0018 9.444e-11 629569 1
17 40441048 rs72820902:C:T T C 0.0776 0.0255 0.0037 5.322e-12 485486 0.981243
17 43836953 rs56214516:A:C A C 0.8107 -0.0185 0.0025 1.933e-13 485486 0.982587
17 59491384 rs9892365:A:G A G 0.3225 0.0124 0.0019 6.185e-11 630078 0.996569
17 61664740 rs7215551:G:A A G 0.6506 -0.0118 0.0019 2.787e-10 630042 0.988352
17 65814382 rs3936134:C:G C G 0.878 -0.0162 0.0027 3.774e-09 629996 1
17 68229691 rs236544:G:A A G 0.4268 0.0101 0.0017 2.914e-09 697606 0.995115
17 73198131 rs11869880:T:C T C 0.7849 0.013 0.0022 2.753e-09 629997 0.994448
18 2846499 rs3810068:T:C T C 0.5986 0.0161 0.0019 2.257e-17 566263 1
18 13072979 rs1787013:T:C T C 0.5586 -0.0108 0.0018 1.327e-09 630077 0.999083
18 20707622 rs4310973:A:G A G 0.2078 -0.0146 0.0024 1.882e-09 485486 0.987391
18 34280131 rs505601:G:A A G 0.191 0.0138 0.0023 1.93e-09 618100 0.987432
18 40697481 rs4890429:T:C T C 0.7377 0.013 0.0019 1.621e-11 697658 0.994211
18 46578171 rs74475730:C:T T C 0.0397 0.0314 0.005 4.556e-10 485486 0.99
18 47066144 rs80204526:C:A A C 0.0109 0.002 0.0096 0.8332 485486 0.971609
18 57679365 rs2187176:A:G A G 0.2893 -0.011 0.0018 2.395e-09 697478 0.980353
18 58051294 rs8097783:G:A A G 0.0874 -0.0186 0.0032 4.727e-09 697580 1
19 2131148 rs12979965:A:G A G 0.5019 0.013 0.002 4.216e-11 485486 0.989968
19 11298369 rs111279811:C:T T C 0.0266 0.0211 0.0064 0.0009297 485486 0.914727
19 30265235 rs12461902:G:A A G 0.3254 0.0118 0.0019 8.833e-10 629737 0.984747
19 33784657 rs73024215:T:C T C 0.9322 0.0277 0.004 3.46e-12 485486 0.960976
19 34003177 rs77793940:T:C T C 0.9204 -0.026 0.0037 1.866e-12 485486 0.966588
19 45134682 rs62119267:A:C A C 0.9782 -0.0042 0.0069 0.5429 485486 0.960429
19 45295886 rs113330691:G:A A G 0.0344 0.0036 0.0054 0.5036 485486 0.994897
19 55999142 rs8103017:C:G C G 0.7044 -0.0165 0.0022 2.244e-14 485486 0.980636
20 5667459 rs805769:T:C T C 0.581 -0.0174 0.002 1.592e-18 485486 0.990153
20 6612832 rs1884897:A:G A G 0.3747 0.0106 0.0017 1.258e-09 697612 0.992545
20 25207074 rs7453:T:C T C 0.5392 -0.0101 0.0017 2.505e-09 686107 0.99856
20 39690342 rs1997833:T:C T C 0.7073 -0.0122 0.0019 4.219e-11 697323 0.998656
20 41961907 rs56323232:C:T T C 0.1516 -0.0159 0.0027 4.317e-09 485486 0.980814
20 44534651 rs6065904:G:A A G 0.2112 -0.0011 0.0022 0.6042 629871 1
20 51026284 rs6013453:T:C T C 0.6356 0.0186 0.0018 4.027e-24 630080 0.998336
20 56115153 rs6064557:G:A A G 0.5577 0.0108 0.0018 1.553e-09 630078 0.999046
21 35593827 rs28451064:G:A A G 0.1268 0.0177 0.003 4.228e-09 485486 0.955171
21 39451403 rs2836139:A:G A G 0.4973 0.0119 0.0018 2.109e-11 629809 0.994
22 27566619 rs849453:C:G C G 0.1946 0.0131 0.0022 4.531e-09 630081 0.995473
22 29140529 rs9625551:G:A A G 0.0246 0.0362 0.0059 6.306e-10 629975 0.992914
22 35663523 rs2413338:C:T T C 0.6249 -0.0116 0.0018 2.09e-10 630069 0.989002
22 47190735 rs801597:T:G T G 0.2593 0.0131 0.002 3.763e-11 630134 0.997751
