CHR POS SNP Tested_Allele Other_Allele Freq_Tested_Allele BETA SE P N INFO
1 1520725 rs28788874:C:T T C 0.4046 -0.0183 0.003 1.086e-09 262817 0.767831
1 39551488 rs72634501:T:C T C 0.7683 -0.0184 0.0031 4.409e-09 262817 0.971798
1 47659445 rs7545034:T:C T C 0.5167 0.0148 0.0023 1.735e-10 393940 0.985043
1 49231261 rs7553454:T:C T C 0.5947 -0.0184 0.0028 2.549e-11 391627 0.983391
1 55503448 rs17111503:A:G A G 0.7426 0.0026 0.0025 0.3113 430476 0.987904
1 62570321 rs1013293:G:A A G 0.4109 -0.0154 0.0023 2.197e-11 394878 0.987131
1 72514701 rs2422134:G:C C G 0.4973 -0.0138 0.0022 1.844e-10 433040 0.994257
1 74977277 rs6690871:A:G A G 0.5825 -0.0205 0.0022 3.259e-20 434772 0.984302
1 77919438 rs2247536:G:C C G 0.2674 0.0155 0.0026 2.126e-09 394894 0.982578
1 96882019 rs1536023:C:A A C 0.2321 -0.0174 0.0028 4.166e-10 394568 0.986534
1 98299475 rs10747488:C:A A C 0.7822 -0.0174 0.0027 1.016e-10 394823 0.993071
1 107946802 rs920835:G:A A G 0.2857 -0.0149 0.0025 4.484e-09 394866 0.966035
1 109703023 rs1337247:C:A A C 0.1528 0.0064 0.0031 0.03966 421690 1
1 109778237 rs4268379:C:T T C 0.4872 -0.0026 0.0022 0.2366 434643 0.997484
1 112318484 rs12033257:A:G A G 0.6358 0.0168 0.0024 5.571e-12 387046 0.98201
1 151103153 rs4357530:G:A A G 0.6639 -0.0139 0.0023 2.47e-09 434550 0.991628
1 155253286 rs148261599:C:G C G 0.8045 -0.0199 0.0034 4.24e-09 262817 0.938467
1 174400537 rs12565430:G:A A G 0.1099 0.0209 0.0035 2.962e-09 434774 0.989248
1 177755299 rs10913418:C:A A C 0.3986 -0.0138 0.0023 3.621e-09 394616 0.988282
1 177848153 rs1359940:T:C T C 0.5514 0.0239 0.0023 4.466e-25 394811 0.976376
1 184657251 rs9425633:T:C T C 0.5114 -0.0153 0.0026 4.486e-09 262817 0.996155
1 194922207 rs10801363:T:A A T 0.3639 -0.0165 0.0027 1.255e-09 262817 0.994948
1 201784151 rs2494116:G:A A G 0.5392 0.0165 0.0026 2.367e-10 262817 0.998673
1 234853406 rs558971:A:G A G 0.4812 -1e-04 0.0022 0.9641 434595 0.99503
1 243533273 rs12042959:A:G A G 0.8646 0.0194 0.0032 2.325e-09 394909 0.984695
2 345889 rs6548228:T:C T C 0.4812 0.0143 0.0023 3.789e-10 394862 0.99659
2 449487 rs2667214:A:G A G 0.6923 -0.0153 0.0025 4.673e-10 394670 0.982223
2 574368 rs10176391:C:G C G 0.9898 0.0706 0.0102 4.162e-12 391750 0.91729
2 21104631 rs11673889:G:C C G 0.2808 0.0064 0.0027 0.0157 378850 0.970785
2 35449306 rs10048652:T:C T C 0.4495 0.0135 0.0023 3.471e-09 394916 0.999246
2 44054991 rs56266464:G:A A G 0.0608 0.0043 0.0055 0.4297 262817 0.985755
2 44738763 rs698838:C:T T C 0.6193 0.0146 0.0024 1.679e-09 385329 1
2 55207693 rs3198123:C:T T C 0.2961 -0.0147 0.0025 3.945e-09 394812 0.992724
2 57992112 rs13032423:G:A A G 0.5464 -0.0138 0.0023 1.451e-09 394914 0.994946
2 58955028 rs55767040:T:C T C 0.699 -0.0201 0.0029 1.914e-12 262817 0.987401
2 59311536 rs980183:G:A A G 0.6154 -0.0197 0.0023 5.436e-17 394554 0.995931
2 86766153 rs7557796:T:C T C 0.3598 0.0145 0.0024 1.131e-09 394918 0.999599
2 100576304 rs13023088:C:T T C 0.1593 -0.0189 0.0032 4.714e-09 394080 0.993056
2 104361420 rs9308868:G:A A G 0.5223 -0.0138 0.0023 1.047e-09 394767 0.99707
2 105435369 rs1349512:T:C T C 0.6975 -0.0153 0.0024 3.243e-10 394348 0.998591
2 135755629 rs1530559:A:G A G 0.5926 0.0137 0.0022 1.12e-09 423673 1
2 143958745 rs2034604:C:T T C 0.5367 -0.0158 0.0026 1.669e-09 262817 0.996569
2 161265910 rs12692596:C:T T C 0.3605 0.0146 0.0023 9.742e-11 434752 0.995441
2 165540800 rs12328675:T:C T C 0.8686 -0.0197 0.0033 3.979e-09 434785 0.99872
2 181436641 rs6745626:C:T T C 0.5901 0.0173 0.0027 7.87e-11 262817 0.995313
2 205363596 rs6743255:A:G A G 0.1311 0.023 0.0034 2.545e-11 387903 1
2 207145906 rs13000757:G:T T G 0.5167 0.0148 0.0023 1.588e-10 394471 0.995162
2 208263279 rs11692326:C:T T C 0.2295 0.0156 0.0026 2.035e-09 431766 0.999957
2 228977034 rs12611517:T:A A T 0.3373 0.014 0.0024 4.739e-09 394924 0.999324
2 230569590 rs12473885:G:T T G 0.1297 -0.0205 0.0035 3.483e-09 394879 0.992272
3 20428568 rs13098833:A:G A G 0.7169 0.0162 0.0026 2.508e-10 394547 0.99305
3 42305131 rs754635:C:G C G 0.1113 -0.0242 0.0035 6.524e-12 394056 0.995542
3 47817007 rs72906474:G:T T G 0.5817 -0.0182 0.0027 1.249e-11 262817 0.974734
3 49991060 rs71326904:C:T T C 0.2468 0.018 0.003 2.717e-09 262817 0.999844
3 61147530 rs1371095:A:G A G 0.5789 0.0144 0.0023 7.057e-10 394361 0.991013
3 62462818 rs9874646:C:T T C 0.6828 0.0149 0.0025 2.916e-09 388534 0.96023
3 82504148 rs7430139:A:G A G 0.8315 0.0195 0.0031 2.798e-10 394816 1
3 85017098 rs1248859:G:C C G 0.6808 0.0142 0.0024 4.915e-09 394895 0.995817
3 93893210 rs9857105:A:G A G 0.4604 0.0143 0.0023 4.125e-10 394855 0.997102
3 107864673 rs11917909:G:A A G 0.3428 -0.0144 0.0024 1.969e-09 394842 0.995535
3 131458973 rs2037001:C:G C G 0.7219 -0.015 0.0026 4.235e-09 388525 0.977642
3 135710841 rs9827662:C:A A C 0.232 0.0164 0.0027 6.634e-10 394927 0.998911
3 153990749 rs355786:G:A A G 0.3833 0.0141 0.0024 2.461e-09 383816 0.998744
3 170709193 rs1604038:C:T T C 0.2814 0.0141 0.0024 3.426e-09 434756 0.999214
3 185729753 rs9867130:A:G A G 0.1449 -0.0241 0.0038 1.624e-10 262817 0.958037
4 18451423 rs11736501:A:C A C 0.6729 -0.0146 0.0025 2.997e-09 394806 0.996787
4 20091053 rs73244271:A:G A G 0.8903 -0.0248 0.0042 3.951e-09 262817 0.994073
4 25150890 rs6849555:G:C C G 0.1937 -0.0216 0.0034 2.158e-10 262817 0.938607
4 45042343 rs4623046:G:A A G 0.6642 -0.0159 0.0024 6.417e-11 394793 0.993095
4 52728640 rs6829208:T:C T C 0.7252 -0.0149 0.0024 6.839e-10 434677 0.997325
4 55487718 rs6815651:C:T T C 0.5494 -0.0161 0.0026 9.989e-10 262817 0.991987
4 67802992 rs923994:A:G A G 0.2236 0.0169 0.0028 1.393e-09 394907 0.990702
4 96018337 rs12645001:G:A A G 0.3556 -0.0141 0.0024 4.109e-09 394771 0.99759
4 102702364 rs13105682:T:G T G 0.9436 -0.0453 0.0059 1.061e-14 262817 0.938894
4 113309647 rs11728213:G:A A G 0.3064 0.0146 0.0024 2.539e-09 394822 0.9991
4 137083193 rs1296328:A:C A C 0.4459 0.0138 0.0023 2.591e-09 394447 0.990364
4 140773770 rs4863516:T:C T C 0.6717 0.0164 0.0028 3.692e-09 262817 0.998268
4 152931436 rs750090:T:C T C 0.6237 0.0156 0.0024 7.401e-11 394917 0.97307
4 162129844 rs13110266:G:A A G 0.4027 -0.0142 0.0022 1.546e-10 434749 0.992308
5 27171542 rs4597930:T:C T C 0.7126 0.0159 0.0026 1.509e-09 393681 0.996638
5 43110855 rs6451675:C:G C G 0.3263 -0.0148 0.0025 2.396e-09 394617 0.989821
5 52083226 rs115421711:A:G A G 0.9601 0.0027 0.0067 0.6821 262817 0.99796
5 62995938 rs6449674:T:C T C 0.5307 -0.015 0.0023 4.128e-11 394918 0.995292
5 63972658 rs6891856:G:T T G 0.5425 -0.0135 0.0023 3.935e-09 394846 0.98267
5 74242002 rs4072296:T:C T C 0.425 0.0171 0.0023 3.743e-14 434527 0.938191
5 80841360 rs11740689:A:C A C 0.6943 0.0161 0.0025 8.09e-11 394253 0.99325
5 87709219 rs77156384:A:G A G 0.9803 0.0572 0.0094 1.291e-09 262817 1
5 88804839 rs7701355:G:T T G 0.4364 0.0139 0.0023 1.662e-09 394900 0.9996
5 92574633 rs6885199:G:A A G 0.0361 0.039 0.0064 8.515e-10 377514 1
5 95630225 rs12186664:A:T A T 0.6943 -0.0148 0.0025 1.901e-09 394922 0.991984
5 107265051 rs1835978:T:C T C 0.1052 -0.028 0.0037 6.263e-14 388449 0.974163
5 112176756 rs459552:T:A A T 0.7751 -0.0155 0.0026 4.547e-09 431825 1
5 133861756 rs329120:C:T T C 0.4088 -0.0146 0.0024 7.613e-10 369151 0.996394
5 139053563 rs356453:G:A A G 0.3199 0.0159 0.0024 6.395e-11 394678 0.99201
5 144484261 rs2190788:G:T T G 0.3085 0.0147 0.0025 3.384e-09 394529 0.987566
5 153547409 rs7701886:G:A A G 0.5435 -0.0161 0.0023 2.379e-12 394927 0.991441
5 170322919 rs2287894:T:A A T 0.7348 0.0176 0.003 2.712e-09 262817 0.998347
6 12093961 rs10947758:T:C T C 0.6497 0.0149 0.0024 6.114e-10 394786 0.99456
6 13192190 rs9357634:T:C T C 0.7083 0.0172 0.0029 2.513e-09 262817 0.987117
6 20482335 rs3806114:G:A A G 0.6943 -0.0141 0.0024 4.485e-09 433865 0.976095
6 26098474 rs79220007:T:C T C 0.9272 0.0106 0.005 0.03481 262817 0.997632
6 31321856 rs2768:A:G A G 0.7551 0.0182 0.003 2.075e-09 262817 0.994854
6 34443523 rs57493997:T:C T C 0.9087 -0.0271 0.0046 3.1e-09 262817 0.985708
6 43604167 rs35679149:A:G A G 0.9742 0.0503 0.0083 1.184e-09 262817 1
6 46304194 rs4714925:A:G A G 0.4991 -0.0136 0.0023 3.977e-09 394916 0.99789
6 50356035 rs9473821:T:C T C 0.116 0.0221 0.0036 1.388e-09 394213 0.994062
6 83366282 rs1369869:C:T T C 0.4278 0.0136 0.0022 6.625e-10 434738 0.986547
6 98411631 rs6905544:A:G A G 0.4167 -0.015 0.0023 1.278e-10 394913 0.996549
6 108861264 rs1575676:C:T T C 0.3843 -0.0175 0.0024 2.014e-13 394437 0.997134
6 119508871 rs9387640:C:T T C 0.3843 -0.0134 0.0023 4.05e-09 432480 1
6 143154886 rs198665:C:A A C 0.3936 0.0134 0.0023 4.417e-09 434741 0.988965
6 153364643 rs7755574:G:T T G 0.2999 0.0149 0.0025 2.575e-09 394427 0.996077
6 162997533 rs13209728:A:C A C 0.8459 0.0196 0.0033 4.653e-09 394857 0.999047
7 1852823 rs11767176:G:A A G 0.2213 -0.0187 0.0031 2.697e-09 262817 0.9927
7 24354300 rs4307239:A:G A G 0.5357 -0.0141 0.0023 1.311e-09 394329 0.991771
7 25991826 rs4722551:T:C T C 0.8368 0.006 0.003 0.04763 434572 1
7 50564204 rs3807566:G:T T G 0.4148 -0.0137 0.0023 2.719e-09 394854 0.993611
7 70040558 rs4718966:C:T T C 0.411 0.0138 0.0023 2.586e-09 394923 0.992182
7 71429308 rs10950289:A:G A G 0.8391 0.0212 0.0036 4.595e-09 262817 0.975344
7 74101909 rs6964833:T:C T C 0.7741 -0.0155 0.0025 1.094e-09 422717 0.999492
7 78121458 rs7805441:C:T T C 0.5471 0.0146 0.0023 2.013e-10 394912 0.986923
7 93206264 rs16868443:G:C C G 0.3461 0.0141 0.0024 4.21e-09 394509 0.995623
7 103416295 rs17155888:T:A A T 0.4014 0.0183 0.0023 3.934e-15 394883 0.9868
7 112972483 rs7788008:G:A A G 0.4299 -0.0171 0.0023 1.088e-13 394887 0.997231
7 113422504 rs12705908:A:G A G 0.4501 0.0178 0.0026 8.343e-12 262817 0.99899
7 114303189 rs1563408:G:A A G 0.4772 0.0156 0.0023 1.016e-11 394896 0.996733
7 150614934 rs2968856:T:C T C 0.7551 0.015 0.0025 3.476e-09 434472 0.995593
8 8304502 rs2921077:G:A A G 0.4689 0.0141 0.0023 1.347e-09 394801 0.990753
8 17002725 rs2959592:T:C T C 0.8094 0.017 0.0028 6.259e-10 422363 0.983408
8 30856464 rs1362910:A:G A G 0.4125 0.0134 0.0023 3.026e-09 416212 0.990422
8 62054463 rs12681792:C:A A C 0.2036 0.0183 0.0029 2.609e-10 394464 0.98891
8 64701966 rs7822926:A:C A C 0.5164 0.0151 0.0023 6.775e-11 394495 0.993426
8 73426371 rs2017657:G:T T G 0.5587 -0.016 0.0023 2.23e-12 394904 1
8 76473939 rs2943611:T:C T C 0.2173 -0.0182 0.0028 1.392e-10 394909 0.992133
8 77329753 rs9298280:T:G T G 0.2846 -0.0161 0.0026 3.21e-10 394395 0.985368
8 116476393 rs1180626:G:A A G 0.7555 0.0171 0.0027 3.736e-10 394248 0.993238
8 126476873 rs2954017:T:C T C 0.4749 -0.012 0.0026 5.108e-06 262817 0.999687
9 11321119 rs10124645:A:G A G 0.592 0.0136 0.0023 4.984e-09 394895 0.991001
9 15533394 rs2457637:T:C T C 0.507 0.0161 0.0023 3.909e-12 394302 0.987296
9 28403813 rs6476065:C:T T C 0.5753 0.0149 0.0023 4.224e-11 427403 0.969133
9 29601893 rs12345603:C:T T C 0.4254 0.0143 0.0024 1.217e-09 394548 0.968353
9 92140852 rs868980:A:G A G 0.7704 -0.0163 0.0027 1.847e-09 394614 0.991828
9 96392945 rs7873003:T:C T C 0.3271 0.0184 0.0028 4.447e-11 262817 0.988183
9 102750138 rs1852865:C:T T C 0.5578 0.0135 0.0023 4.583e-09 394872 0.999638
9 109072075 rs7024334:T:G T G 0.226 0.0159 0.0026 1.63e-09 432154 0.999089
9 120362838 rs1252008:T:C T C 0.571 0.0143 0.0023 6.159e-10 394910 0.998744
9 129390800 rs3829849:C:T T C 0.3503 0.0136 0.0023 1.925e-09 434748 0.997915
9 129460914 rs10733682:A:G A G 0.4583 0.0158 0.0022 1.852e-12 434078 0.961882
9 131015279 rs2267958:G:A A G 0.5097 -0.0161 0.0024 1.878e-11 390569 0.958127
10 21766969 rs10159545:C:G C G 0.6466 -0.021 0.0028 2.68e-14 262817 0.985344
10 33969931 rs12762034:T:C T C 0.9278 -0.0255 0.0043 2.282e-09 394891 0.998067
10 53673286 rs4595495:A:G A G 0.5893 -0.0172 0.0027 9.757e-11 262817 0.997408
10 64822828 rs4746855:G:A A G 0.4024 -0.0145 0.0023 3.898e-10 394849 1
10 76047464 rs12098284:C:T T C 0.1204 0.0205 0.0035 3.717e-09 391545 0.998313
10 79979737 rs1249156:T:C T C 0.2873 -0.0157 0.0025 4.635e-10 394918 0.998907
10 87562928 rs12245654:A:C A C 0.9181 -0.0292 0.0048 9.03e-10 262817 0.982542
10 99694970 rs472576:G:C C G 0.4573 0.0145 0.0025 4.244e-09 362705 0.967368
10 114748497 rs4074720:C:T T C 0.4518 -0.015 0.0022 7.478e-12 434675 0.983427
10 126587488 rs72828935:G:C C G 0.2766 0.0173 0.0029 3.469e-09 262817 0.993408
10 133978806 rs12778347:G:T T G 0.5772 -0.0156 0.0027 3.852e-09 262817 0.999251
11 8387806 rs12802861:C:T T C 0.278 -0.0163 0.0026 1.805e-10 394775 0.994601
11 13288698 rs7942486:G:T T G 0.5937 0.0135 0.0022 7.542e-10 433223 0.997371
11 27277760 rs12791818:A:G A G 0.9243 0.0269 0.0043 5.739e-10 420081 0.934991
11 43599791 rs2679059:A:T A T 0.3975 0.0186 0.0024 2.707e-15 394920 0.988719
11 45404318 rs11038428:G:T T G 0.2804 -0.0149 0.0024 8.804e-10 432783 0.98827
11 47475189 rs35184771:G:T T G 0.344 0.0214 0.0027 7.525e-15 262817 0.998706
11 61538606 rs149804:A:G A G 0.613 -0.0012 0.0027 0.6725 262817 0.959463
11 63991581 rs11549690:G:A A G 0.0729 -0.0299 0.005 3.091e-09 262817 1
11 65245829 rs10896007:T:A A T 0.2084 0.0207 0.0033 2.168e-10 262817 0.985037
11 93221105 rs2605603:G:A A G 0.4805 -0.0132 0.0022 1.396e-09 434718 0.994161
11 112826709 rs4937870:A:G A G 0.6963 0.0148 0.0025 3.908e-09 394533 0.979539
11 115001410 rs2187986:G:A A G 0.443 0.0143 0.0023 9.665e-10 394416 0.962684
11 118917814 rs501351:T:G T G 0.6112 -0.0159 0.0027 3.793e-09 262817 0.996628
11 122522375 rs7941030:T:C T C 0.6161 -0.0133 0.0022 3.014e-09 434720 1
11 130717256 rs4366492:T:C T C 0.4787 -0.0144 0.0023 5.557e-10 394197 0.993157
11 132641746 rs10894604:T:G T G 0.6601 -0.0141 0.0024 3.92e-09 394864 1
12 889902 rs11064524:T:G T G 0.7662 -0.0155 0.0026 1.824e-09 425914 1
12 19207948 rs7976757:T:C T C 0.1768 -0.0192 0.003 2.937e-10 394397 0.985656
12 24001905 rs16926776:C:T T C 0.0773 0.0256 0.0043 2.43e-09 388274 1
12 41948196 rs11181001:A:G A G 0.4815 0.0133 0.0022 1.557e-09 434306 0.97536
12 50169070 rs2720296:G:A A G 0.4105 0.0167 0.0023 3.949e-13 424240 0.94923
12 60953472 rs11173522:C:A A C 0.2325 0.0169 0.0028 9.007e-10 394880 0.997121
12 69657145 rs317646:G:A A G 0.7329 -0.015 0.0026 4.743e-09 394889 0.99746
12 89726027 rs704067:G:A A G 0.4489 0.0159 0.0024 1.395e-11 387236 0.987995
12 99538895 rs591776:C:T T C 0.6354 -0.0142 0.0024 2.482e-09 394790 0.992272
12 103650031 rs4433630:T:C T C 0.4776 0.0146 0.0023 4.552e-10 394905 0.976032
12 110549533 rs11832936:A:C A C 0.6225 -0.0145 0.0023 3.507e-10 399186 0.999688
12 117576767 rs111828690:C:T T C 0.2135 0.019 0.0032 3.653e-09 262817 0.989788
12 122485389 rs144713920:C:G C G 0.9484 0.0385 0.0061 2e-10 262817 0.955288
12 124404718 rs12317176:T:C T C 0.6484 -0.015 0.0023 7.956e-11 434749 0.997821
13 20616557 rs9579775:A:C A C 0.8669 -0.0252 0.004 3.657e-10 262817 0.921363
13 28655311 rs4771218:G:A A G 0.625 -0.0147 0.0024 1.258e-09 394249 0.98889
13 33042870 rs9591001:G:A A G 0.3469 -0.0149 0.0024 5.213e-10 394842 0.994536
13 54064981 rs9568856:G:A A G 0.1319 0.0217 0.0034 1.184e-10 394305 1
13 58257667 rs6561937:T:A A T 0.7668 -0.0197 0.0027 5.951e-13 387825 0.993205
13 59260131 rs1413125:G:T T G 0.4253 -0.0157 0.0027 3.511e-09 262817 0.994038
13 79580919 rs1441264:G:A A G 0.5828 0.0171 0.0023 5.19e-14 428335 0.952647
13 86477950 rs61969477:T:C T C 0.7238 -0.0172 0.0029 4.516e-09 262817 0.997735
13 96922191 rs1927790:T:C T C 0.6083 -0.0135 0.0022 1.27e-09 434716 0.997233
13 109962579 rs7335249:T:C T C 0.5578 0.0135 0.0023 4.906e-09 394619 0.994473
14 24871926 rs11621792:C:T T C 0.4409 -0.0011 0.0027 0.6676 262817 0.984443
14 29649958 rs6576279:G:C C G 0.8104 0.0169 0.0029 4.678e-09 394918 0.99733
14 73341655 rs35020117:T:G T G 0.5464 0.0165 0.0027 1.23e-09 262817 0.93094
14 79891894 rs7159565:T:C T C 0.3306 -0.019 0.0024 3.492e-15 394889 0.982113
14 91512339 rs1951455:T:C T C 0.2814 -0.015 0.0026 3.994e-09 394877 0.996448
14 93762162 rs2273639:C:T T C 0.3147 -0.0145 0.0025 4.024e-09 394708 0.998585
14 101529005 rs7161194:A:G A G 0.344 0.0173 0.0025 7.74e-12 417176 0.91083
14 103263788 rs12148050:A:G A G 0.354 0.0158 0.0024 3.162e-11 394840 0.999259
14 103849715 rs35443927:C:T T C 0.3589 0.0171 0.0027 3.266e-10 262817 0.994933
15 46574981 rs11070502:G:A A G 0.5856 0.0137 0.0023 3.444e-09 394867 0.995844
15 51746236 rs11631408:A:G A G 0.457 0.0145 0.0023 2.541e-10 391234 0.996019
15 58671765 rs1601935:G:T T G 0.6532 0.0012 0.0028 0.6531 262817 0.986592
15 59475713 rs12908949:T:G T G 0.7597 -0.0181 0.0031 4.091e-09 262817 0.988546
15 67680209 rs12903168:T:C T C 0.7338 0.02 0.0025 6.473e-16 434773 0.987106
15 73082366 rs4777542:C:T T C 0.3134 -0.0152 0.0024 4.523e-10 391216 0.994676
15 78008843 rs11855821:G:A A G 0.2762 -0.0182 0.003 9.936e-10 262817 0.95765
15 80993570 rs12914623:G:C C G 0.2727 -0.0157 0.0026 1.883e-09 394595 0.993297
15 95263911 rs7168523:C:T T C 0.6298 -0.0157 0.0024 5.013e-11 394926 0.995679
16 336916 rs1048786:C:T T C 0.1685 -0.0184 0.0031 3.563e-09 394738 1
16 4001898 rs2601773:C:A A C 0.4853 0.0139 0.0023 1.052e-09 393126 0.993364
16 4902038 rs9934930:A:G A G 0.5001 -0.0128 0.0022 4.802e-09 434455 0.993644
16 19708196 rs7187976:A:G A G 0.8119 0.0193 0.0028 5.479e-12 434758 0.981985
16 20255097 rs4238585:C:T T C 0.8466 0.0192 0.0032 1.316e-09 428387 0.96223
16 20370168 rs11074452:C:G C G 0.5063 0.0186 0.0023 5.148e-16 394801 0.995481
16 24735178 rs200539:T:C T C 0.2609 -0.0163 0.0026 3.276e-10 394924 0.995853
16 28318440 rs2650494:A:G A G 0.5877 0.0176 0.0022 5.501e-15 424288 0.99145
16 29885447 rs4787483:A:G A G 0.6728 -0.0163 0.0024 2.04e-11 394130 1
16 53598310 rs111886096:A:G A G 0.8632 -0.0237 0.0038 6.232e-10 262817 0.99192
16 53755146 rs7205986:A:G A G 0.5017 -0.019 0.0022 8.958e-18 434768 0.988123
16 69187318 rs5011579:C:G C G 0.2828 -0.0176 0.0029 1.435e-09 262817 0.994326
16 69552215 rs12924872:C:T T C 0.4556 -0.019 0.0026 7.305e-13 262817 0.983168
16 72251132 rs811054:C:T T C 0.5331 0.0162 0.0022 3.178e-13 433837 0.984128
16 81722413 rs12926506:C:T T C 0.1697 -0.0218 0.0035 5.61e-10 262817 0.981689
17 1816762 rs77081114:G:A A G 0.1638 -0.0213 0.0035 1.822e-09 262817 1
17 5280440 rs3026101:T:C T C 0.7227 -0.016 0.0024 1.105e-11 434759 0.997463
17 15884561 rs10491104:C:T T C 0.5009 0.0129 0.0022 2.794e-09 434757 1
17 21245687 rs9906072:T:C T C 0.4785 0.0181 0.0028 9.559e-11 262817 0.875207
17 34835526 rs9904602:T:A A T 0.5207 0.0152 0.0023 3.976e-11 394835 0.995635
17 45425115 rs7206971:G:A A G 0.4873 -0.007 0.0023 0.002168 394300 0.997311
17 46039553 rs17616799:A:G A G 0.9003 -0.0224 0.0037 2.337e-09 394910 0.993601
17 47055622 rs55797392:G:A A G 0.406 -0.0174 0.0027 1.145e-10 262817 0.983897
17 61646000 rs17631394:G:A A G 0.2746 -0.0156 0.0026 2.5e-09 394850 0.989813
17 71754545 rs2619976:C:T T C 0.3993 0.0146 0.0024 6.174e-10 393654 0.991513
17 78554888 rs4424946:T:C T C 0.7554 0.0162 0.0027 2.328e-09 394749 0.998793
17 79087537 rs4076427:G:C C G 0.3969 -0.0147 0.0024 8.925e-10 391628 0.983895
18 1837007 rs1371274:A:C A C 0.8643 -0.0201 0.0033 1.916e-09 388474 0.994369
18 21071925 rs11875960:A:G A G 0.647 0.0146 0.0025 2.539e-09 394882 0.973909
18 39493911 rs9807506:C:T T C 0.8848 -0.0232 0.0037 2.875e-10 394876 0.991676
18 40697340 rs4890428:G:T T G 0.4354 -0.0144 0.0023 4.938e-10 394912 0.992652
18 45921214 rs7239114:G:A A G 0.5415 0.0155 0.0022 3.897e-12 428092 0.983676
18 53305311 rs72934723:A:G A G 0.9619 0.0419 0.007 1.835e-09 262817 0.965263
18 57679365 rs2187176:A:G A G 0.2864 -0.0156 0.0024 7.785e-11 434147 0.980353
18 57809744 rs117758180:C:T T C 0.0224 0.0551 0.0089 5.304e-10 262817 1
18 57862913 rs113268469:C:T T C 0.0168 -0.0797 0.0104 2.287e-14 262817 0.956916
19 1812682 rs11668832:A:G A G 0.47 -0.0153 0.0022 4.562e-12 433189 0.988112
19 4050424 rs72976986:G:A A G 0.1893 -0.0206 0.0034 1.181e-09 262817 0.983024
19 11192603 rs112159161:C:T T C 0.0159 0.0057 0.0108 0.5964 262817 0.949036
19 30265235 rs12461902:G:A A G 0.3266 0.0198 0.0025 1.778e-15 394191 0.984747
19 34019685 rs11882409:C:A A C 0.3056 0.0153 0.0026 3.622e-09 394849 0.964136
19 44446097 rs62116588:C:G C G 0.9775 -0.0042 0.0092 0.648 262817 0.929841
19 45147396 rs11540085:C:T T C 0.0203 0.0036 0.0097 0.7111 262817 0.923366
19 45249661 rs12459810:C:T T C 0.2942 -0.0101 0.003 0.000697 262817 0.930451
19 45344722 rs28615360:G:A A G 0.0182 -0.025 0.01 0.01199 262817 0.944095
19 45478352 rs146390218:A:G A G 0.9748 0.0091 0.0085 0.2867 262817 0.965039
19 45723446 rs79890446:A:T A T 0.9717 0.0047 0.0084 0.578 262817 0.881204
20 1410582 rs1884389:C:T T C 0.4397 -0.014 0.0023 1.201e-09 394805 0.990338
20 6585670 rs1321453:G:A A G 0.6621 0.0152 0.0025 8.086e-10 394342 0.975601
20 17171373 rs947088:G:T T G 0.7367 0.0164 0.0026 1.912e-10 394776 0.991826
20 21439820 rs8116853:A:G A G 0.8978 -0.0232 0.0037 3.025e-10 434722 0.991709
20 32686658 rs6142096:G:A A G 0.5198 0.0134 0.0023 4.17e-09 394896 0.998021
20 50813508 rs11699260:G:C C G 0.2777 -0.0176 0.0026 5.837e-12 394798 0.999253
21 40291187 rs2836753:T:C T C 0.3711 -0.014 0.0024 3.236e-09 394024 0.999216
21 42653121 rs1964926:A:G A G 0.3529 -0.0146 0.0024 1.45e-09 394920 0.988863
21 46498684 rs8130074:C:G C G 0.3445 0.0176 0.0028 2.081e-10 262817 0.995734
22 40546633 rs4820399:C:T T C 0.6135 -0.0131 0.0022 4.102e-09 434624 0.990941
22 48871624 rs13053342:G:A A G 0.3997 0.0153 0.0024 1.324e-10 393967 0.99037
