CHR POS SNP Tested_Allele Other_Allele Freq_Tested_Allele BETA SE P N INFO
1 1520725 rs28788874:C:T T C 0.4046 -0.0183 0.003 1.086e-09 262817 0.767831
1 9325676 rs1294014:C:T T C 0.2573 0.0012 0.0027 0.6607 394487 0.971636
1 23619009 rs10753554:T:C T C 0.2685 0.005 0.0025 0.04751 394795 0.988928
1 39551488 rs72634501:T:C T C 0.7683 -0.0184 0.0031 4.409e-09 262817 0.971798
1 39969059 rs72663503:C:T T C 0.2211 0.0172 0.0031 4.685e-08 262817 0.995852
1 47659445 rs7545034:T:C T C 0.5167 0.0148 0.0023 1.735e-10 393940 0.985043
1 49231261 rs7553454:T:C T C 0.5947 -0.0184 0.0028 2.549e-11 391627 0.983391
1 49589847 rs657452:A:G A G 0.4045 0.0203 0.0022 1.143e-19 430417 0.987417
1 62570321 rs1013293:G:A A G 0.4109 -0.0154 0.0023 2.197e-11 394878 0.987131
1 65892888 rs9436299:C:A A C 0.6537 0.0013 0.0025 0.6057 393850 0.969509
1 72514701 rs2422134:G:C C G 0.4973 -0.0138 0.0022 1.844e-10 433040 0.994257
1 74977277 rs6690871:A:G A G 0.5825 -0.0205 0.0022 3.259e-20 434772 0.984302
1 77919438 rs2247536:G:C C G 0.2674 0.0155 0.0026 2.126e-09 394894 0.982578
1 91209986 rs1526480:T:C T C 0.6167 -0.0127 0.0023 1.901e-08 430137 1
1 96882019 rs1536023:C:A A C 0.2321 -0.0174 0.0028 4.166e-10 394568 0.986534
1 98298371 rs4375301:A:G A G 0.7702 -0.0182 0.0031 5.823e-09 262817 0.99316
1 98299475 rs10747488:C:A A C 0.7822 -0.0174 0.0027 1.016e-10 394823 0.993071
1 107572997 rs3108680:T:C T C 0.6389 -0.0112 0.0023 1.112e-06 434777 0.998551
1 107946802 rs920835:G:A A G 0.2857 -0.0149 0.0025 4.484e-09 394866 0.966035
1 110078255 rs892511:C:G C G 0.9726 -0.0539 0.0081 3.635e-11 262817 0.963721
1 112273026 rs2076586:C:T T C 0.2272 -0.0173 0.0028 6.403e-10 385136 0.978668
1 112318484 rs12033257:A:G A G 0.6358 0.0168 0.0024 5.571e-12 387046 0.98201
1 119322589 rs115499511:T:C T C 0.964 -0.0209 0.0071 0.00325 262817 0.973448
1 119572398 rs10494220:C:T T C 0.1132 -0.0099 0.0033 0.002344 432797 0.999565
1 151103153 rs4357530:G:A A G 0.6639 -0.0139 0.0023 2.47e-09 434550 0.991628
1 154868744 rs114056923:T:C T C 0.968 -0.0023 0.0074 0.7535 262817 1
1 155253286 rs148261599:C:G C G 0.8045 -0.0199 0.0034 4.24e-09 262817 0.938467
1 170171874 rs17345893:C:T T C 0.0695 0.0047 0.0046 0.31 387719 0.998028
1 170318770 rs1953096:G:A A G 0.2388 0.0014 0.0031 0.6503 262817 0.999062
1 172308238 rs6697844:C:T T C 0.4389 -2e-04 0.0026 0.9307 262817 0.996033
1 174400537 rs12565430:G:A A G 0.1099 0.0209 0.0035 2.962e-09 434774 0.989248
1 177755299 rs10913418:C:A A C 0.3986 -0.0138 0.0023 3.621e-09 394616 0.988282
1 177848153 rs1359940:T:C T C 0.5514 0.0239 0.0023 4.466e-25 394811 0.976376
1 177852580 rs633715:T:C T C 0.7766 -0.0553 0.0027 2.42e-91 428656 1
1 184657251 rs9425633:T:C T C 0.5114 -0.0153 0.0026 4.486e-09 262817 0.996155
1 194922207 rs10801363:T:A A T 0.3639 -0.0165 0.0027 1.255e-09 262817 0.994948
1 196427811 rs11807331:T:C T C 0.6889 -0.0049 0.0025 0.04459 394926 0.994089
1 201784151 rs2494116:G:A A G 0.5392 0.0165 0.0026 2.367e-10 262817 0.998673
1 205044339 rs11240351:A:G A G 0.5771 -0.0037 0.0023 0.1039 394807 0.997959
1 219294570 rs61823192:C:T T C 0.028 -0.0252 0.0083 0.002493 262817 0.90259
1 219392230 rs77278027:C:T T C 0.0608 -0.003 0.0055 0.5828 262817 0.973578
1 219786717 rs6683741:T:G T G 0.8648 0.0031 0.0038 0.4198 262817 0.990589
1 243533273 rs12042959:A:G A G 0.8646 0.0194 0.0032 2.325e-09 394909 0.984695
2 345889 rs6548228:T:C T C 0.4812 0.0143 0.0023 3.789e-10 394862 0.99659
2 408713 rs62106252:G:A A G 0.0473 -0.0896 0.0063 3.89e-46 262817 0.954539
2 449487 rs2667214:A:G A G 0.6923 -0.0153 0.0025 4.673e-10 394670 0.982223
2 574368 rs10176391:C:G C G 0.9898 0.0706 0.0102 4.162e-12 391750 0.91729
2 601905 rs2867105:T:G T G 0.1643 -0.0496 0.003 2.131e-61 394858 0.983252
2 13073967 rs711869:G:A A G 0.5573 -0.0016 0.0023 0.5006 394786 0.981668
2 24689143 rs75971153:T:C T C 0.8096 0.0221 0.0034 5.205e-11 262817 0.972712
2 24846815 rs11677500:A:G A G 0.4449 -0.0131 0.0022 1.476e-09 434532 0.997115
2 25155419 rs75503394:C:T T C 0.0933 0.0378 0.0045 4.605e-17 262817 0.986282
2 35449306 rs10048652:T:C T C 0.4495 0.0135 0.0023 3.471e-09 394916 0.999246
2 43452183 rs7933:A:G A G 0.6226 -0.0043 0.0024 0.07318 394646 0.980242
2 44738763 rs698838:C:T T C 0.6193 0.0146 0.0024 1.679e-09 385329 1
2 47025672 rs4953423:C:T T C 0.3402 -0.0152 0.0024 3.32e-10 394744 0.984748
2 48953740 rs36072157:G:C C G 0.3352 0.0082 0.0028 0.003653 262817 0.953135
2 50201110 rs9636391:A:G A G 0.1583 0.0212 0.0031 7.077e-12 394903 0.992743
2 55207693 rs3198123:C:T T C 0.2961 -0.0147 0.0025 3.945e-09 394812 0.992724
2 57992112 rs13032423:G:A A G 0.5464 -0.0138 0.0023 1.451e-09 394914 0.994946
2 58955028 rs55767040:T:C T C 0.699 -0.0201 0.0029 1.914e-12 262817 0.987401
2 59311536 rs980183:G:A A G 0.6154 -0.0197 0.0023 5.436e-17 394554 0.995931
2 66144496 rs6546196:G:A A G 0.486 0.0024 0.0026 0.3513 262817 0.991343
2 66749108 rs4316926:G:A A G 0.5914 -5e-04 0.0023 0.8417 387861 0.996386
2 67571130 rs2170702:T:C T C 0.5547 0.0097 0.0023 2.228e-05 394604 0.995697
2 86766153 rs7557796:T:C T C 0.3598 0.0145 0.0024 1.131e-09 394918 0.999599
2 100208830 rs12712049:A:G A G 0.1791 -0.0016 0.0031 0.6058 394771 0.984094
2 100576304 rs13023088:C:T T C 0.1593 -0.0189 0.0032 4.714e-09 394080 0.993056
2 104361420 rs9308868:G:A A G 0.5223 -0.0138 0.0023 1.047e-09 394767 0.99707
2 105435369 rs1349512:T:C T C 0.6975 -0.0153 0.0024 3.243e-10 394348 0.998591
2 111861838 rs72946301:G:A A G 0.0923 0.012 0.0046 0.008673 262817 0.963761
2 119337589 rs7593247:C:T T C 0.4898 -0.007 0.0023 0.002345 394295 0.987816
2 135755629 rs1530559:A:G A G 0.5926 0.0137 0.0022 1.12e-09 423673 1
2 143958745 rs2034604:C:T T C 0.5367 -0.0158 0.0026 1.669e-09 262817 0.996569
2 158393301 rs114666647:T:C T C 0.9878 -0.0105 0.0119 0.3753 262817 1
2 158451825 rs11899550:C:T T C 0.0728 -0.0018 0.0044 0.6882 376156 0.993015
2 161265910 rs12692596:C:T T C 0.3605 0.0146 0.0023 9.742e-11 434752 0.995441
2 165477903 rs62173895:G:C C G 0.6558 -0.0093 0.0027 0.0006071 262817 0.997664
2 165540800 rs12328675:T:C T C 0.8686 -0.0197 0.0033 3.979e-09 434785 0.99872
2 165565548 rs3769872:C:T T C 0.0585 0.0163 0.0045 0.0002883 433477 0.996446
2 172379649 rs115283512:C:T T C 0.1777 -0.0074 0.0034 0.02996 262817 0.99554
2 181436641 rs6745626:C:T T C 0.5901 0.0173 0.0027 7.87e-11 262817 0.995313
2 187821910 rs62173497:C:A A C 0.1083 -0.0045 0.0043 0.294 262817 0.964449
2 205363596 rs6743255:A:G A G 0.1311 0.023 0.0034 2.545e-11 387903 1
2 207145906 rs13000757:G:T T G 0.5167 0.0148 0.0023 1.588e-10 394471 0.995162
2 208263279 rs11692326:C:T T C 0.2295 0.0156 0.0026 2.035e-09 431766 0.999957
2 216292331 rs1837121:G:A A G 0.7304 5e-04 0.0029 0.8668 262817 0.999065
2 218382258 rs16857748:C:T T C 0.0887 -0.0015 0.0038 0.6923 394467 0.99971
2 226899056 rs16866785:A:G A G 0.7794 -0.0065 0.0027 0.01689 394900 0.990722
2 228977034 rs12611517:T:A A T 0.3373 0.014 0.0024 4.739e-09 394924 0.999324
2 230569590 rs12473885:G:T T G 0.1297 -0.0205 0.0035 3.483e-09 394879 0.992272
3 12026709 rs305506:G:T T G 0.8963 -0.0022 0.0037 0.5536 388527 0.992125
3 12409938 rs114252958:C:T T C 0.0169 0.0165 0.0104 0.1131 262817 0.954578
3 20428568 rs13098833:A:G A G 0.7169 0.0162 0.0026 2.508e-10 394547 0.99305
3 35532275 rs13086654:G:A A G 0.1332 0.0192 0.0039 5.977e-07 262817 0.996042
3 42305131 rs754635:C:G C G 0.1113 -0.0242 0.0035 6.524e-12 394056 0.995542
3 46925539 rs11926707:T:C T C 0.3876 5e-04 0.0024 0.818 384896 0.984566
3 47817007 rs72906474:G:T T G 0.5817 -0.0182 0.0027 1.249e-11 262817 0.974734
3 49991060 rs71326904:C:T T C 0.2468 0.018 0.003 2.717e-09 262817 0.999844
3 52220203 rs614288:T:C T C 0.4839 -0.002 0.0022 0.3671 434564 1
3 61147530 rs1371095:A:G A G 0.5789 0.0144 0.0023 7.057e-10 394361 0.991013
3 62462818 rs9874646:C:T T C 0.6828 0.0149 0.0025 2.916e-09 388534 0.96023
3 64584862 rs11718560:C:T T C 0.2613 0.0077 0.003 0.00994 262817 0.983607
3 64674599 rs4688498:C:T T C 0.3253 0.0021 0.0028 0.4632 262817 0.984578
3 82504148 rs7430139:A:G A G 0.8315 0.0195 0.0031 2.798e-10 394816 1
3 85017098 rs1248859:G:C C G 0.6808 0.0142 0.0024 4.915e-09 394895 0.995817
3 93893210 rs9857105:A:G A G 0.4604 0.0143 0.0023 4.125e-10 394855 0.997102
3 107864673 rs11917909:G:A A G 0.3428 -0.0144 0.0024 1.969e-09 394842 0.995535
3 123155892 rs9872683:A:C A C 0.4169 0.0045 0.0027 0.09327 262817 0.993375
3 128752986 rs62265318:G:A A G 0.0343 -0.0147 0.0075 0.04839 262817 0.926331
3 129105690 rs143418767:G:A A G 0.0183 0.004 0.01 0.6874 262817 0.942667
3 131458973 rs2037001:C:G C G 0.7219 -0.015 0.0026 4.235e-09 388525 0.977642
3 135710841 rs9827662:C:A A C 0.232 0.0164 0.0027 6.634e-10 394927 0.998911
3 150018637 rs112551697:G:A A G 0.0327 -0.009 0.0076 0.2359 262817 0.926293
3 153990749 rs355786:G:A A G 0.3833 0.0141 0.0024 2.461e-09 383816 0.998744
3 156801088 rs7617389:T:C T C 0.3291 0.0016 0.0028 0.5721 262817 0.966862
3 168972802 rs998749:A:G A G 0.4964 0.0036 0.0022 0.1011 426056 0.991604
3 170709193 rs1604038:C:T T C 0.2814 0.0141 0.0024 3.426e-09 434756 0.999214
3 171760427 rs1499813:T:C T C 0.5953 0.0026 0.0027 0.3269 262817 1
3 185507299 rs11705729:A:T A T 0.6807 0.0045 0.0024 0.06786 387853 0.999665
3 185729753 rs9867130:A:G A G 0.1449 -0.0241 0.0038 1.624e-10 262817 0.958037
4 848335 rs7697256:C:T T C 0.2708 -0.0081 0.0029 0.006304 262817 0.998612
4 3098321 rs7659144:C:G C G 0.6696 0.0067 0.0024 0.00514 394891 0.994313
4 4990298 rs4450871:A:G A G 0.551 -0.004 0.0025 0.11 354923 1
4 18451423 rs11736501:A:C A C 0.6729 -0.0146 0.0025 2.997e-09 394806 0.996787
4 20091053 rs73244271:A:G A G 0.8903 -0.0248 0.0042 3.951e-09 262817 0.994073
4 25150890 rs6849555:G:C C G 0.1937 -0.0216 0.0034 2.158e-10 262817 0.938607
4 26006133 rs1912897:A:T A T 0.7991 -0.0115 0.0033 0.0004655 262817 0.987046
4 26308792 rs17644283:A:G A G 0.3902 0.0036 0.0023 0.1148 434698 0.994434
4 45042343 rs4623046:G:A A G 0.6642 -0.0159 0.0024 6.417e-11 394793 0.993095
4 52728640 rs6829208:T:C T C 0.7252 -0.0149 0.0024 6.839e-10 434677 0.997325
4 55487718 rs6815651:C:T T C 0.5494 -0.0161 0.0026 9.989e-10 262817 0.991987
4 56215631 rs11133373:C:G C G 0.687 -0.0033 0.0025 0.1916 394348 0.99139
4 67802992 rs923994:A:G A G 0.2236 0.0169 0.0028 1.393e-09 394907 0.990702
4 89615174 rs3775403:T:C T C 0.8694 -0.0035 0.0039 0.3753 262817 0.987915
4 89736565 rs17014616:A:T A T 0.9413 -0.0081 0.0043 0.05868 434364 0.996131
4 96018337 rs12645001:G:A A G 0.3556 -0.0141 0.0024 4.109e-09 394771 0.99759
4 102702364 rs13105682:T:G T G 0.9436 -0.0453 0.0059 1.061e-14 262817 0.938894
4 106063987 rs12647922:C:T T C 0.2073 -0.0018 0.0028 0.511 394883 0.997989
4 113309647 rs11728213:G:A A G 0.3064 0.0146 0.0024 2.539e-09 394822 0.9991
4 120106348 rs7655064:T:C T C 0.876 6e-04 0.004 0.8819 262817 0.994521
4 137083193 rs1296328:A:C A C 0.4459 0.0138 0.0023 2.591e-09 394447 0.990364
4 140773770 rs4863516:T:C T C 0.6717 0.0164 0.0028 3.692e-09 262817 0.998268
4 145659064 rs11727676:T:C T C 0.9116 0.0153 0.004 0.0001191 422233 1
4 152931436 rs750090:T:C T C 0.6237 0.0156 0.0024 7.401e-11 394917 0.97307
4 162129844 rs13110266:G:A A G 0.4027 -0.0142 0.0022 1.546e-10 434749 0.992308
5 4007353 rs13178917:C:T T C 0.4497 -3e-04 0.0023 0.8989 394864 0.992176
5 27171542 rs4597930:T:C T C 0.7126 0.0159 0.0026 1.509e-09 393681 0.996638
5 32773314 rs3792751:C:T T C 0.3626 -0.0055 0.0023 0.01507 434767 0.987811
5 38795199 rs17457629:A:T A T 0.7226 -9e-04 0.0026 0.7234 394626 0.986253
5 43110855 rs6451675:C:G C G 0.3263 -0.0148 0.0025 2.396e-09 394617 0.989821
5 53302354 rs2448:T:C T C 0.7384 0.0085 0.0026 0.0009651 394913 0.999368
5 54867827 rs1559215:G:A A G 0.6554 0.0061 0.0028 0.02632 262817 0.99639
5 55832217 rs11949724:G:A A G 0.3526 0.0037 0.0023 0.1072 430788 1
5 56274077 rs1002473:T:G T G 0.2117 0.0126 0.0032 8.411e-05 262817 0.99978
5 62995938 rs6449674:T:C T C 0.5307 -0.015 0.0023 4.128e-11 394918 0.995292
5 63972658 rs6891856:G:T T G 0.5425 -0.0135 0.0023 3.935e-09 394846 0.98267
5 66298637 rs34697:A:G A G 0.4156 0.0052 0.0022 0.01809 434760 0.986454
5 74242002 rs4072296:T:C T C 0.425 0.0171 0.0023 3.743e-14 434527 0.938191
5 74926778 rs253407:A:G A G 0.3013 -0.0221 0.0024 2.168e-20 434776 1
5 80841360 rs11740689:A:C A C 0.6943 0.0161 0.0025 8.09e-11 394253 0.99325
5 87697533 rs6870983:C:T T C 0.2063 -0.0212 0.0026 9.605e-16 434772 0.993782
5 87709219 rs77156384:A:G A G 0.9803 0.0572 0.0094 1.291e-09 262817 1
5 88804839 rs7701355:G:T T G 0.4364 0.0139 0.0023 1.662e-09 394900 0.9996
5 92574633 rs6885199:G:A A G 0.0361 0.039 0.0064 8.515e-10 377514 1
5 95630225 rs12186664:A:T A T 0.6943 -0.0148 0.0025 1.901e-09 394922 0.991984
5 102548967 rs27361:G:A A G 0.3021 0.0031 0.0026 0.2335 390913 0.997885
5 107265051 rs1835978:T:C T C 0.1052 -0.028 0.0037 6.263e-14 388449 0.974163
5 112176756 rs459552:T:A A T 0.7751 -0.0155 0.0026 4.547e-09 431825 1
5 112875535 rs34864074:A:C A C 0.8029 -0.0124 0.0033 0.0001513 262817 0.995523
5 118676529 rs10519585:T:C T C 0.705 -0.0013 0.0024 0.6028 426860 0.97493
5 132349654 rs4705986:T:G T G 0.9386 0.0071 0.005 0.1547 387424 0.978107
5 133861756 rs329120:C:T T C 0.4088 -0.0146 0.0024 7.613e-10 369151 0.996394
5 139053563 rs356453:G:A A G 0.3199 0.0159 0.0024 6.395e-11 394678 0.99201
5 141973349 rs33999:C:G C G 0.6229 -0.0029 0.0024 0.2244 385930 0.979628
5 142077715 rs10477191:A:G A G 0.9355 0.0077 0.0053 0.1439 262817 0.911492
5 144484261 rs2190788:G:T T G 0.3085 0.0147 0.0025 3.384e-09 394529 0.987566
5 153547409 rs7701886:G:A A G 0.5435 -0.0161 0.0023 2.379e-12 394927 0.991441
5 170322919 rs2287894:T:A A T 0.7348 0.0176 0.003 2.712e-09 262817 0.998347
5 171849098 rs72846967:A:G A G 0.7028 -0.004 0.0029 0.1576 262817 0.999081
5 172746086 rs2053681:A:G A G 0.4786 0.0017 0.0024 0.4757 392283 0.909428
6 6726017 rs201058:A:G A G 0.4292 -0.0029 0.0024 0.2256 399824 0.99459
6 6761881 rs2326776:G:A A G 0.2212 -0.0017 0.0029 0.5475 394304 0.986855
6 7209132 rs7751325:C:T T C 0.4504 -0.0039 0.0023 0.09111 394539 0.997932
6 12093961 rs10947758:T:C T C 0.6497 0.0149 0.0024 6.114e-10 394786 0.99456
6 13192190 rs9357634:T:C T C 0.7083 0.0172 0.0029 2.513e-09 262817 0.987117
6 20482335 rs3806114:G:A A G 0.6943 -0.0141 0.0024 4.485e-09 433865 0.976095
6 20560435 rs17584626:A:T A T 0.6871 0.0061 0.0025 0.01448 394833 0.982368
6 30770701 rs114376405:G:A A G 0.0116 0.0254 0.0122 0.03796 262817 0.993784
6 31113052 rs3094225:G:A A G 0.7125 0.0021 0.0026 0.4163 394047 0.99982
6 31321856 rs2768:A:G A G 0.7551 0.0182 0.003 2.075e-09 262817 0.994854
6 31591918 rs2260051:A:T A T 0.4396 -0.0185 0.0026 1.833e-12 262817 0.99995
6 32219320 rs9267989:G:T T G 0.2023 -0.0025 0.0032 0.4478 262817 0.99971
6 32454764 rs181133225:T:C T C 0.8952 -0.0032 0.0048 0.5075 262817 0.777473
6 32489679 rs117108573:C:T T C 0.0765 0.0028 0.0053 0.6005 262817 0.864719
6 34165351 rs142779375:T:G T G 0.955 0.0263 0.0063 3.164e-05 262817 0.996757
6 34443523 rs57493997:T:C T C 0.9087 -0.0271 0.0046 3.1e-09 262817 0.985708
6 43269029 rs1574430:A:C A C 0.3939 0.0066 0.0024 0.005202 369155 0.999387
6 43604167 rs35679149:A:G A G 0.9742 0.0503 0.0083 1.184e-09 262817 1
6 43734606 rs9381248:C:T T C 0.1236 -0.0021 0.004 0.6067 262817 0.991959
6 43785255 rs35349911:C:T T C 0.5861 -0.0017 0.0027 0.5186 262817 0.967221
6 46304194 rs4714925:A:G A G 0.4991 -0.0136 0.0023 3.977e-09 394916 0.99789
6 50356035 rs9473821:T:C T C 0.116 0.0221 0.0036 1.388e-09 394213 0.994062
6 80805796 rs10452561:T:C T C 0.8558 -0.0018 0.0034 0.5942 394804 0.989798
6 81346033 rs1902066:T:C T C 0.4459 0.001 0.0023 0.6651 394784 0.990948
6 83366282 rs1369869:C:T T C 0.4278 0.0136 0.0022 6.625e-10 434738 0.986547
6 98411631 rs6905544:A:G A G 0.4167 -0.015 0.0023 1.278e-10 394913 0.996549
6 100597579 rs6924944:A:T A T 0.2362 0.0038 0.0027 0.1506 394919 0.979755
6 108861264 rs1575676:C:T T C 0.3843 -0.0175 0.0024 2.014e-13 394437 0.997134
6 119508871 rs9387640:C:T T C 0.3843 -0.0134 0.0023 4.05e-09 432480 1
6 126187585 rs72969772:A:G A G 0.9814 -0.0067 0.0097 0.4892 262817 1
6 126445558 rs9986505:A:G A G 0.6905 0.0037 0.0025 0.1333 388367 0.989749
6 126812007 rs74949497:A:C A C 0.9769 0.0189 0.0088 0.03139 262817 1
6 139813632 rs9389689:G:C C G 0.5013 0.0014 0.0026 0.5877 262817 0.997488
6 143154886 rs198665:C:A A C 0.3936 0.0134 0.0023 4.417e-09 434741 0.988965
6 152029556 rs851978:G:T T G 0.2609 0.0037 0.0026 0.1491 388350 0.995805
6 153364643 rs7755574:G:T T G 0.2999 0.0149 0.0025 2.575e-09 394427 0.996077
6 160729347 rs411154:G:T T G 0.5097 0.0093 0.0026 0.0003683 262817 0.999933
6 162997533 rs13209728:A:C A C 0.8459 0.0196 0.0033 4.653e-09 394857 0.999047
7 1852823 rs11767176:G:A A G 0.2213 -0.0187 0.0031 2.697e-09 262817 0.9927
7 24354300 rs4307239:A:G A G 0.5357 -0.0141 0.0023 1.311e-09 394329 0.991771
7 25823647 rs960589:A:C A C 0.8432 -0.0041 0.0032 0.2099 385339 0.971262
7 26309246 rs12671127:C:T T C 0.3635 -0.0051 0.0027 0.0624 262817 0.98686
7 27237453 rs2189239:C:T T C 0.0922 0.0176 0.004 9.937e-06 429725 0.972471
7 42692711 rs13223303:T:C T C 0.7067 2e-04 0.0029 0.9352 262817 0.996687
7 50564204 rs3807566:G:T T G 0.4148 -0.0137 0.0023 2.719e-09 394854 0.993611
7 70040558 rs4718966:C:T T C 0.411 0.0138 0.0023 2.586e-09 394923 0.992182
7 71429308 rs10950289:A:G A G 0.8391 0.0212 0.0036 4.595e-09 262817 0.975344
7 72856269 rs2240466:G:A A G 0.1194 0.0115 0.0034 0.0005955 434467 1
7 73029207 rs72649044:C:T T C 0.0318 -0.0016 0.0075 0.8306 262817 0.987447
7 74101909 rs6964833:T:C T C 0.7741 -0.0155 0.0025 1.094e-09 422717 0.999492
7 77342199 rs6966632:G:T T G 0.5261 0.0097 0.0023 1.985e-05 394868 0.997919
7 78121458 rs7805441:C:T T C 0.5471 0.0146 0.0023 2.013e-10 394912 0.986923
7 93206264 rs16868443:G:C C G 0.3461 0.0141 0.0024 4.21e-09 394509 0.995623
7 103416295 rs17155888:T:A A T 0.4014 0.0183 0.0023 3.934e-15 394883 0.9868
7 104585760 rs2470945:C:A A C 0.3583 0.0074 0.0023 0.001363 394798 0.999019
7 112972483 rs7788008:G:A A G 0.4299 -0.0171 0.0023 1.088e-13 394887 0.997231
7 113422504 rs12705908:A:G A G 0.4501 0.0178 0.0026 8.343e-12 262817 0.99899
7 114303189 rs1563408:G:A A G 0.4772 0.0156 0.0023 1.016e-11 394896 0.996733
7 114586903 rs4313084:C:T T C 0.9156 0.0207 0.0039 1.633e-07 394857 0.999112
7 130422934 rs12154627:T:C T C 0.5157 -0.0086 0.0026 0.001132 262817 0.973944
7 150614934 rs2968856:T:C T C 0.7551 0.015 0.0025 3.476e-09 434472 0.995593
8 8304502 rs2921077:G:A A G 0.4689 0.0141 0.0023 1.347e-09 394801 0.990753
8 17002725 rs2959592:T:C T C 0.8094 0.017 0.0028 6.259e-10 422363 0.983408
8 23551671 rs7844736:A:G A G 0.8224 0.0064 0.0031 0.03569 391817 1
8 23610756 rs310289:C:T T C 0.2375 0.0035 0.0027 0.1909 394843 0.993381
8 25464690 rs11992444:G:T T G 0.5085 0.0021 0.0026 0.4339 262817 1
8 25732287 rs6984017:G:A A G 0.2934 -0.0108 0.0029 0.0002012 262817 0.986516
8 30856464 rs1362910:A:G A G 0.4125 0.0134 0.0023 3.026e-09 416212 0.990422
8 38321607 rs7815496:C:T T C 0.4007 0.0139 0.0027 2.008e-07 262817 0.995688
8 62054463 rs12681792:C:A A C 0.2036 0.0183 0.0029 2.609e-10 394464 0.98891
8 64701966 rs7822926:A:C A C 0.5164 0.0151 0.0023 6.775e-11 394495 0.993426
8 72392687 rs10093418:A:G A G 0.9013 0.0032 0.0038 0.404 388198 0.976899
8 73426371 rs2017657:G:T T G 0.5587 -0.016 0.0023 2.23e-12 394904 1
8 76473939 rs2943611:T:C T C 0.2173 -0.0182 0.0028 1.392e-10 394909 0.992133
8 77329753 rs9298280:T:G T G 0.2846 -0.0161 0.0026 3.21e-10 394395 0.985368
8 116476393 rs1180626:G:A A G 0.7555 0.0171 0.0027 3.736e-10 394248 0.993238
8 126419938 rs144435165:G:C C G 0.0528 -0.0023 0.0066 0.7327 262817 0.782128
8 128313360 rs283727:G:A A G 0.5601 0.0021 0.0023 0.3607 394072 0.975758
9 11321119 rs10124645:A:G A G 0.592 0.0136 0.0023 4.984e-09 394895 0.991001
9 15533394 rs2457637:T:C T C 0.507 0.0161 0.0023 3.909e-12 394302 0.987296
9 28403813 rs6476065:C:T T C 0.5753 0.0149 0.0023 4.224e-11 427403 0.969133
9 29601893 rs12345603:C:T T C 0.4254 0.0143 0.0024 1.217e-09 394548 0.968353
9 92140852 rs868980:A:G A G 0.7704 -0.0163 0.0027 1.847e-09 394614 0.991828
9 95283887 rs2131919:A:G A G 0.8416 0.0048 0.0031 0.1196 394928 0.998993
9 96392945 rs7873003:T:C T C 0.3271 0.0184 0.0028 4.447e-11 262817 0.988183
9 96758342 rs2398893:A:G A G 0.712 0.0056 0.0024 0.0212 434764 0.999774
9 102750138 rs1852865:C:T T C 0.5578 0.0135 0.0023 4.583e-09 394872 0.999638
9 107653426 rs12686004:G:A A G 0.1128 0.0095 0.0034 0.00569 434328 1
9 107685589 rs10991414:T:C T C 0.8614 0.003 0.0034 0.3744 382700 0.988147
9 107868862 rs73519946:A:T A T 0.9544 -0.0077 0.0063 0.2187 262817 0.984182
9 109072075 rs7024334:T:G T G 0.226 0.0159 0.0026 1.63e-09 432154 0.999089
9 120362838 rs1252008:T:C T C 0.571 0.0143 0.0023 6.159e-10 394910 0.998744
9 129390800 rs3829849:C:T T C 0.3503 0.0136 0.0023 1.925e-09 434748 0.997915
9 129460914 rs10733682:A:G A G 0.4583 0.0158 0.0022 1.852e-12 434078 0.961882
9 131015279 rs2267958:G:A A G 0.5097 -0.0161 0.0024 1.878e-11 390569 0.958127
10 3560644 rs7096078:C:T T C 0.5747 -4e-04 0.0023 0.8694 394416 0.980921
10 21766969 rs10159545:C:G C G 0.6466 -0.021 0.0028 2.68e-14 262817 0.985344
10 32391109 rs2907794:G:A A G 0.2578 -0.0101 0.0025 7.082e-05 434720 0.996855
10 33489594 rs2247486:A:G A G 0.5893 0.0025 0.0023 0.2871 394819 0.998126
10 33969931 rs12762034:T:C T C 0.9278 -0.0255 0.0043 2.282e-09 394891 0.998067
10 53673286 rs4595495:A:G A G 0.5893 -0.0172 0.0027 9.757e-11 262817 0.997408
10 63783406 rs12243209:T:C T C 0.9617 -0.0064 0.0067 0.3384 353640 0.992392
10 63867523 rs10995041:A:C A C 0.7522 0.0054 0.0031 0.0774 262817 0.973243
10 64822828 rs4746855:G:A A G 0.4024 -0.0145 0.0023 3.898e-10 394849 1
10 65384567 rs7089698:A:G A G 0.4593 0.0126 0.0022 1.941e-08 419686 0.998286
10 76047464 rs12098284:C:T T C 0.1204 0.0205 0.0035 3.717e-09 391545 0.998313
10 79979737 rs1249156:T:C T C 0.2873 -0.0157 0.0025 4.635e-10 394918 0.998907
10 80940740 rs703985:A:T A T 0.5944 0.008 0.0023 0.0005398 394910 0.991727
10 87562928 rs12245654:A:C A C 0.9181 -0.0292 0.0048 9.03e-10 262817 0.982542
10 89755643 rs11202614:C:T T C 0.1709 0.0017 0.003 0.5723 434751 0.996828
10 93943900 rs10882028:C:T T C 0.5711 0.0087 0.0022 8.195e-05 434772 0.999092
10 99694970 rs472576:G:C C G 0.4573 0.0145 0.0025 4.244e-09 362705 0.967368
10 104487443 rs7917772:G:A A G 0.6443 -0.0062 0.0023 0.006219 434569 1
10 114748497 rs4074720:C:T T C 0.4518 -0.015 0.0022 7.478e-12 434675 0.983427
10 122812361 rs11596249:T:G T G 0.9097 -6e-04 0.0041 0.8764 394112 0.993821
10 122967170 rs10788149:G:A A G 0.6907 0.0031 0.0025 0.2032 394819 1
10 126587488 rs72828935:G:C C G 0.2766 0.0173 0.0029 3.469e-09 262817 0.993408
10 133978806 rs12778347:G:T T G 0.5772 -0.0156 0.0027 3.852e-09 262817 0.999251
11 823586 rs140201358:C:G C G 0.9867 0.0281 0.0114 0.01411 262817 1
11 8387806 rs12802861:C:T T C 0.278 -0.0163 0.0026 1.805e-10 394775 0.994601
11 10921512 rs7932891:A:G A G 0.2963 9e-04 0.0026 0.7148 393057 0.998727
11 13288698 rs7942486:G:T T G 0.5937 0.0135 0.0022 7.542e-10 433223 0.997371
11 26279145 rs11029441:T:C T C 0.9154 -0.0063 0.0047 0.1805 262817 0.982825
11 27277760 rs12791818:A:G A G 0.9243 0.0269 0.0043 5.739e-10 420081 0.934991
11 27505954 rs12786130:C:T T C 0.7544 -0.0267 0.0026 2.346e-25 434600 0.988432
11 36291554 rs56386213:A:G A G 0.6022 -0.0016 0.0027 0.5546 262817 1
11 43599791 rs2679059:A:T A T 0.3975 0.0186 0.0024 2.707e-15 394920 0.988719
11 45404318 rs11038428:G:T T G 0.2804 -0.0149 0.0024 8.804e-10 432783 0.98827
11 47475189 rs35184771:G:T T G 0.344 0.0214 0.0027 7.525e-15 262817 0.998706
11 62192931 rs2509963:T:C T C 0.2617 -0.0022 0.0026 0.4027 394703 0.99285
11 62315699 rs11231137:G:A A G 0.293 -0.0031 0.0029 0.2744 262817 0.997279
11 63991581 rs11549690:G:A A G 0.0729 -0.0299 0.005 3.091e-09 262817 1
11 65159382 rs666194:T:C T C 0.3739 0.0087 0.0027 0.001387 262817 0.971136
11 65245829 rs10896007:T:A A T 0.2084 0.0207 0.0033 2.168e-10 262817 0.985037
11 68996697 rs61881114:C:T T C 0.1494 -8e-04 0.0037 0.8231 262817 0.990156
11 69449076 rs667515:G:C C G 0.3808 -0.0146 0.0025 2.756e-09 389834 0.988286
11 93221105 rs2605603:G:A A G 0.4805 -0.0132 0.0022 1.396e-09 434718 0.994161
11 111478720 rs12362685:A:T A T 0.6243 -0.0026 0.0027 0.3427 262817 0.997007
11 112826709 rs4937870:A:G A G 0.6963 0.0148 0.0025 3.908e-09 394533 0.979539
11 115001410 rs2187986:G:A A G 0.443 0.0143 0.0023 9.665e-10 394416 0.962684
11 118913993 rs1003081:C:T T C 0.4349 0.0144 0.0022 6.268e-11 434157 0.992452
11 118917814 rs501351:T:G T G 0.6112 -0.0159 0.0027 3.793e-09 262817 0.996628
11 122014110 rs579682:C:T T C 0.715 -0.012 0.0026 2.51e-06 394904 0.989004
11 122522375 rs7941030:T:C T C 0.6161 -0.0133 0.0022 3.014e-09 434720 1
11 130271647 rs747249:A:G A G 0.3602 0.002 0.0024 0.412 394422 0.985753
11 130717256 rs4366492:T:C T C 0.4787 -0.0144 0.0023 5.557e-10 394197 0.993157
11 132641746 rs10894604:T:G T G 0.6601 -0.0141 0.0024 3.92e-09 394864 1
12 889902 rs11064524:T:G T G 0.7662 -0.0155 0.0026 1.824e-09 425914 1
12 19207948 rs7976757:T:C T C 0.1768 -0.0192 0.003 2.937e-10 394397 0.985656
12 24001905 rs16926776:C:T T C 0.0773 0.0256 0.0043 2.43e-09 388274 1
12 26253557 rs10771260:A:C A C 0.6247 7e-04 0.0023 0.7576 394899 0.994343
12 26403614 rs16915737:C:T T C 0.0711 0.0117 0.0051 0.02207 262817 0.992367
12 41948196 rs11181001:A:G A G 0.4815 0.0133 0.0022 1.557e-09 434306 0.97536
12 45968598 rs7310959:G:A A G 0.0937 1e-04 0.004 0.978 383221 1
12 50169070 rs2720296:G:A A G 0.4105 0.0167 0.0023 3.949e-13 424240 0.94923
12 54320490 rs75824359:A:G A G 0.9684 0.0072 0.0076 0.3401 262817 0.960302
12 60953472 rs11173522:C:A A C 0.2325 0.0169 0.0028 9.007e-10 394880 0.997121
12 66425288 rs7961915:A:G A G 0.2312 -0.0048 0.0029 0.1024 386609 0.940434
12 69657145 rs317646:G:A A G 0.7329 -0.015 0.0026 4.743e-09 394889 0.99746
12 89726027 rs704067:G:A A G 0.4489 0.0159 0.0024 1.395e-11 387236 0.987995
12 99538895 rs591776:C:T T C 0.6354 -0.0142 0.0024 2.482e-09 394790 0.992272
12 103650031 rs4433630:T:C T C 0.4776 0.0146 0.0023 4.552e-10 394905 0.976032
12 107052620 rs7958469:G:A A G 0.3622 0 0.0027 0.9907 262817 0.993996
12 110549533 rs11832936:A:C A C 0.6225 -0.0145 0.0023 3.507e-10 399186 0.999688
12 117576767 rs111828690:C:T T C 0.2135 0.019 0.0032 3.653e-09 262817 0.989788
12 121688026 rs1169809:G:A A G 0.3131 0.0071 0.0025 0.004929 393879 0.993671
12 122485389 rs144713920:C:G C G 0.9484 0.0385 0.0061 2e-10 262817 0.955288
12 123200016 rs139948644:C:T T C 0.0267 0.0052 0.0085 0.535 262817 0.922031
12 123339117 rs11060406:C:T T C 0.0453 -0.0167 0.0066 0.01079 374502 0.964124
12 123345509 rs34149579:G:T T G 0.0504 -0.0347 0.006 6.946e-09 262817 1
12 124404718 rs12317176:T:C T C 0.6484 -0.015 0.0023 7.956e-11 434749 0.997821
12 124642803 rs11613189:C:T T C 0.366 0.0014 0.0024 0.5525 394536 0.981337
13 20616557 rs9579775:A:C A C 0.8669 -0.0252 0.004 3.657e-10 262817 0.921363
13 28655311 rs4771218:G:A A G 0.625 -0.0147 0.0024 1.258e-09 394249 0.98889
13 31033232 rs1045411:C:T T C 0.2832 -0.0139 0.0025 2.604e-08 427167 0.996695
13 33042870 rs9591001:G:A A G 0.3469 -0.0149 0.0024 5.213e-10 394842 0.994536
13 44684600 rs10507524:T:C T C 0.9045 -0.0069 0.0039 0.07636 394880 0.993459
13 50967732 rs7334326:G:C C G 0.1468 -0.0069 0.0037 0.06178 262817 0.995604
13 54064981 rs9568856:G:A A G 0.1319 0.0217 0.0034 1.184e-10 394305 1
13 58257667 rs6561937:T:A A T 0.7668 -0.0197 0.0027 5.951e-13 387825 0.993205
13 59260131 rs1413125:G:T T G 0.4253 -0.0157 0.0027 3.511e-09 262817 0.994038
13 79580919 rs1441264:G:A A G 0.5828 0.0171 0.0023 5.19e-14 428335 0.952647
13 86477950 rs61969477:T:C T C 0.7238 -0.0172 0.0029 4.516e-09 262817 0.997735
13 96922191 rs1927790:T:C T C 0.6083 -0.0135 0.0022 1.27e-09 434716 0.997233
13 109962579 rs7335249:T:C T C 0.5578 0.0135 0.0023 4.906e-09 394619 0.994473
14 25878636 rs7141213:C:T T C 0.5668 -0.0158 0.0026 2.325e-09 262817 0.997776
14 29649958 rs6576279:G:C C G 0.8104 0.0169 0.0029 4.678e-09 394918 0.99733
14 33297398 rs2143975:C:G C G 0.4576 0.015 0.0023 1.272e-10 392542 0.984
14 58668484 rs8012185:A:G A G 0.7252 -0.0024 0.0029 0.4174 262817 0.989165
14 73341655 rs35020117:T:G T G 0.5464 0.0165 0.0027 1.23e-09 262817 0.93094
14 79891894 rs7159565:T:C T C 0.3306 -0.019 0.0024 3.492e-15 394889 0.982113
14 91485445 rs1286138:T:G T G 0.3238 -0.0132 0.0024 6.747e-08 394852 0.995632
14 91512339 rs1951455:T:C T C 0.2814 -0.015 0.0026 3.994e-09 394877 0.996448
14 93762162 rs2273639:C:T T C 0.3147 -0.0145 0.0025 4.024e-09 394708 0.998585
14 98344662 rs2124307:T:C T C 0.3683 0.0056 0.0024 0.01849 391691 0.996892
14 101529005 rs7161194:A:G A G 0.344 0.0173 0.0025 7.74e-12 417176 0.91083
14 103263788 rs12148050:A:G A G 0.354 0.0158 0.0024 3.162e-11 394840 0.999259
14 103849715 rs35443927:C:T T C 0.3589 0.0171 0.0027 3.266e-10 262817 0.994933
15 31726824 rs7402977:G:A A G 0.263 0.0061 0.0027 0.02543 368924 0.981127
15 40878474 rs12437696:A:G A G 0.5103 0.0023 0.0026 0.3767 262817 0.99848
15 46574981 rs11070502:G:A A G 0.5856 0.0137 0.0023 3.444e-09 394867 0.995844
15 51746236 rs11631408:A:G A G 0.457 0.0145 0.0023 2.541e-10 391234 0.996019
15 56364758 rs11630710:G:T T G 0.1044 -0.003 0.0043 0.4951 262817 0.977171
15 59475713 rs12908949:T:G T G 0.7597 -0.0181 0.0031 4.091e-09 262817 0.988546
15 63800065 rs12911939:T:C T C 0.4176 0.0053 0.0023 0.02157 391637 0.996196
15 67680209 rs12903168:T:C T C 0.7338 0.02 0.0025 6.473e-16 434773 0.987106
15 73082366 rs4777542:C:T T C 0.3134 -0.0152 0.0024 4.523e-10 391216 0.994676
15 75041917 rs762551:C:A A C 0.7117 0.0085 0.0024 0.0004587 434443 1
15 78008843 rs11855821:G:A A G 0.2762 -0.0182 0.003 9.936e-10 262817 0.95765
15 80993570 rs12914623:G:C C G 0.2727 -0.0157 0.0026 1.883e-09 394595 0.993297
15 95263911 rs7168523:C:T T C 0.6298 -0.0157 0.0024 5.013e-11 394926 0.995679
16 336916 rs1048786:C:T T C 0.1685 -0.0184 0.0031 3.563e-09 394738 1
16 1340854 rs2401948:G:C C G 0.5273 -0.0031 0.0026 0.2344 262817 0.98264
16 4001898 rs2601773:C:A A C 0.4853 0.0139 0.0023 1.052e-09 393126 0.993364
16 4415696 rs3747577:C:G C G 0.2691 -0.0055 0.0026 0.03484 394339 0.987155
16 4902038 rs9934930:A:G A G 0.5001 -0.0128 0.0022 4.802e-09 434455 0.993644
16 11624245 rs12918743:G:A A G 0.4573 7e-04 0.0023 0.7749 394914 0.990079
16 19708196 rs7187976:A:G A G 0.8119 0.0193 0.0028 5.479e-12 434758 0.981985
16 20255097 rs4238585:C:T T C 0.8466 0.0192 0.0032 1.316e-09 428387 0.96223
16 20370168 rs11074452:C:G C G 0.5063 0.0186 0.0023 5.148e-16 394801 0.995481
16 24735178 rs200539:T:C T C 0.2609 -0.0163 0.0026 3.276e-10 394924 0.995853
16 28318440 rs2650494:A:G A G 0.5877 0.0176 0.0022 5.501e-15 424288 0.99145
16 28559573 rs4787456:C:T T C 0.3514 0.0263 0.0023 4.095e-31 434770 0.996695
16 29885447 rs4787483:A:G A G 0.6728 -0.0163 0.0024 2.04e-11 394130 1
16 29927702 rs10083738:G:A A G 0.5395 0.023 0.0026 1.499e-18 262817 0.999767
16 53474250 rs16952242:G:A A G 0.3002 0.0062 0.0025 0.0138 394672 0.99761
16 53598310 rs111886096:A:G A G 0.8632 -0.0237 0.0038 6.232e-10 262817 0.99192
16 53755146 rs7205986:A:G A G 0.5017 -0.019 0.0022 8.958e-18 434768 0.988123
16 53799507 rs9937053:G:A A G 0.4367 0.0675 0.0022 4.91e-201 434260 0.999538
16 69187318 rs5011579:C:G C G 0.2828 -0.0176 0.0029 1.435e-09 262817 0.994326
16 69549749 rs11866219:A:C A C 0.4224 0.0212 0.0024 2.335e-19 394643 0.973378
16 69552215 rs12924872:C:T T C 0.4556 -0.019 0.0026 7.305e-13 262817 0.983168
16 72251132 rs811054:C:T T C 0.5331 0.0162 0.0022 3.178e-13 433837 0.984128
16 81449060 rs2550733:A:G A G 0.4182 0.003 0.0026 0.256 262817 1
16 81509279 rs2927333:A:G A G 0.667 -0.0027 0.0025 0.2762 393297 0.983465
16 81722413 rs12926506:C:T T C 0.1697 -0.0218 0.0035 5.61e-10 262817 0.981689
17 1816762 rs77081114:G:A A G 0.1638 -0.0213 0.0035 1.822e-09 262817 1
17 5280440 rs3026101:T:C T C 0.7227 -0.016 0.0024 1.105e-11 434759 0.997463
17 7537792 rs727428:T:C T C 0.4559 -0.0056 0.0023 0.01619 394258 1
17 15884561 rs10491104:C:T T C 0.5009 0.0129 0.0022 2.794e-09 434757 1
17 17455192 rs8075019:G:A A G 0.1303 0.0026 0.0039 0.5119 262817 0.985869
17 21245687 rs9906072:T:C T C 0.4785 0.0181 0.0028 9.559e-11 262817 0.875207
17 21259827 rs16942379:C:T T C 0.4987 -0.0158 0.0023 1.045e-11 392779 0.994916
17 27672320 rs11651639:A:T A T 0.4647 0.0018 0.0023 0.4248 394870 0.999335
17 34835526 rs9904602:T:A A T 0.5207 0.0152 0.0023 3.976e-11 394835 0.995635
17 34866546 rs2306593:C:T T C 0.4918 -0.0164 0.0023 7.582e-13 394849 0.996003
17 40395267 rs55883500:T:G T G 0.6854 -0.0051 0.0028 0.06943 262817 0.998561
17 43572419 rs56328224:C:T T C 0.218 0.0032 0.0032 0.3207 262817 0.995308
17 46039553 rs17616799:A:G A G 0.9003 -0.0224 0.0037 2.337e-09 394910 0.993601
17 47055622 rs55797392:G:A A G 0.406 -0.0174 0.0027 1.145e-10 262817 0.983897
17 54374611 rs7211966:C:T T C 0.0287 -0.047 0.008 4.885e-09 387308 0.994606
17 61646000 rs17631394:G:A A G 0.2746 -0.0156 0.0026 2.5e-09 394850 0.989813
17 61698723 rs11871767:A:G A G 0.7134 0.016 0.0026 5.642e-10 394880 0.994545
17 67574721 rs7225826:C:T T C 0.6545 0.0025 0.0024 0.3157 394879 0.995907
17 68347701 rs312757:C:G C G 0.3139 -0.0093 0.0025 0.0001782 394401 0.989005
17 71754545 rs2619976:C:T T C 0.3993 0.0146 0.0024 6.174e-10 393654 0.991513
17 78554888 rs4424946:T:C T C 0.7554 0.0162 0.0027 2.328e-09 394749 0.998793
17 79087537 rs4076427:G:C C G 0.3969 -0.0147 0.0024 8.925e-10 391628 0.983895
18 1837007 rs1371274:A:C A C 0.8643 -0.0201 0.0033 1.916e-09 388474 0.994369
18 2846499 rs3810068:T:C T C 0.6043 -0.0087 0.0025 0.0003753 353176 1
18 21071925 rs11875960:A:G A G 0.647 0.0146 0.0025 2.539e-09 394882 0.973909
18 39493911 rs9807506:C:T T C 0.8848 -0.0232 0.0037 2.875e-10 394876 0.991676
18 40697340 rs4890428:G:T T G 0.4354 -0.0144 0.0023 4.938e-10 394912 0.992652
18 40697481 rs4890429:T:C T C 0.7367 0.0161 0.0025 8.227e-11 434767 0.994211
18 45921214 rs7239114:G:A A G 0.5415 0.0155 0.0022 3.897e-12 428092 0.983676
18 46585235 rs357900:T:A A T 0.8732 -0.0099 0.0038 0.009795 262817 0.9987
18 53305311 rs72934723:A:G A G 0.9619 0.0419 0.007 1.835e-09 262817 0.965263
18 57679365 rs2187176:A:G A G 0.2864 -0.0156 0.0024 7.785e-11 434147 0.980353
18 57728947 rs3897645:T:C T C 0.4414 0.029 0.0022 3.481e-40 434653 1
18 57809744 rs117758180:C:T T C 0.0224 0.0551 0.0089 5.304e-10 262817 1
18 57862913 rs113268469:C:T T C 0.0168 -0.0797 0.0104 2.287e-14 262817 0.956916
18 57955945 rs2331933:T:G T G 0.6476 -0.0296 0.0028 1.829e-26 262817 0.977309
19 1812682 rs11668832:A:G A G 0.47 -0.0153 0.0022 4.562e-12 433189 0.988112
19 2131148 rs12979965:A:G A G 0.5018 0.0023 0.0026 0.3877 262817 0.989968
19 4050424 rs72976986:G:A A G 0.1893 -0.0206 0.0034 1.181e-09 262817 0.983024
19 4159873 rs2240702:A:G A G 0.8868 -0.0158 0.0037 2.43e-05 392578 0.985649
19 7125519 rs1799815:G:A A G 0.0662 0.0044 0.0053 0.4023 262817 1
19 17152232 rs35555265:C:T T C 0.1922 -0.0047 0.0033 0.1569 262817 0.992762
19 18207397 rs55714539:A:C A C 0.6595 -0.0169 0.0028 1.535e-09 262817 0.980763
19 18248499 rs72999466:C:T T C 0.2535 0.0148 0.003 1.034e-06 262817 0.998854
19 18454825 rs17724992:A:G A G 0.7186 0.017 0.0025 6.654e-12 433546 0.990931
19 18806668 rs2003476:T:C T C 0.5814 0.0191 0.0027 8.28e-13 262817 0.983971
19 30265235 rs12461902:G:A A G 0.3266 0.0198 0.0025 1.778e-15 394191 0.984747
19 33780444 rs1423056:G:A A G 0.3156 0.001 0.0025 0.6944 423289 0.899267
19 33787954 rs113504807:C:T T C 0.051 0.0076 0.0062 0.215 262817 0.928616
19 34019685 rs11882409:C:A A C 0.3056 0.0153 0.0026 3.622e-09 394849 0.964136
19 37409561 rs544964:A:G A G 0.4187 -0.0075 0.0023 0.001177 394546 0.998563
19 45387459 rs12972156:C:G C G 0.8558 0.0246 0.0038 6.683e-11 262817 0.984489
19 45413576 rs75627662:C:T T C 0.2016 -0.0053 0.0033 0.1053 262817 0.99675
19 46180184 rs11672660:C:T T C 0.1867 -0.0321 0.0028 5.932e-31 426392 0.99966
19 46183586 rs61373376:C:T T C 0.1499 -0.0278 0.0037 3.567e-14 262817 0.997683
19 47545028 rs12609885:C:T T C 0.8874 0.0263 0.0042 5.506e-10 262817 0.962138
19 55983854 rs35068131:T:C T C 0.5366 0.0057 0.0027 0.03737 262817 0.939274
20 569164 rs151235402:C:T T C 0.0153 -0.0088 0.011 0.4212 262817 0.953845
20 1410582 rs1884389:C:T T C 0.4397 -0.014 0.0023 1.201e-09 394805 0.990338
20 5667459 rs805769:T:C T C 0.5808 -6e-04 0.0027 0.8138 262817 0.990153
20 6585670 rs1321453:G:A A G 0.6621 0.0152 0.0025 8.086e-10 394342 0.975601
20 17171373 rs947088:G:T T G 0.7367 0.0164 0.0026 1.912e-10 394776 0.991826
20 21439820 rs8116853:A:G A G 0.8978 -0.0232 0.0037 3.025e-10 434722 0.991709
20 32686658 rs6142096:G:A A G 0.5198 0.0134 0.0023 4.17e-09 394896 0.998021
20 39142516 rs2207132:G:A A G 0.0324 -0.0266 0.0074 0.0003308 262817 1
20 45440006 rs3091552:C:G C G 0.2557 0.006 0.0031 0.05159 262817 0.94951
20 45581777 rs1999536:G:C C G 0.5624 0.0084 0.0023 0.000311 393998 0.992951
20 45762552 rs1206829:A:G A G 0.4384 -0.0078 0.0023 0.0006752 394437 0.997787
20 50813508 rs11699260:G:C C G 0.2777 -0.0176 0.0026 5.837e-12 394798 0.999253
20 50964151 rs6063779:A:G A G 0.7171 0.0207 0.0026 8.947e-16 394880 0.997198
20 51712678 rs28710106:C:T T C 0.1141 -0.0068 0.0041 0.09758 262817 0.995448
20 62692060 rs6090040:A:C A C 0.4802 -0.0074 0.0026 0.005175 262817 0.987466
21 33058743 rs66836452:C:T T C 0.1137 -0.005 0.0041 0.2226 262817 0.993525
21 39451403 rs2836139:A:G A G 0.495 -0.0012 0.0023 0.6005 394374 0.994
21 40291187 rs2836753:T:C T C 0.3711 -0.014 0.0024 3.236e-09 394024 0.999216
21 42653121 rs1964926:A:G A G 0.3529 -0.0146 0.0024 1.45e-09 394920 0.988863
21 46498684 rs8130074:C:G C G 0.3445 0.0176 0.0028 2.081e-10 262817 0.995734
22 29140529 rs9625551:G:A A G 0.025 -0.0026 0.0076 0.73 394379 0.992914
22 40546633 rs4820399:C:T T C 0.6135 -0.0131 0.0022 4.102e-09 434624 0.990941
22 48871624 rs13053342:G:A A G 0.3997 0.0153 0.0024 1.324e-10 393967 0.99037
