SNP	CHR	BP	GENPOS	ALLELE1	ALLELE0	A1FREQ	INFO	CHISQ_LINREG	P_LINREG	BETA	SE	CHISQ_BOLT_LMM_INF	P_BOLT_LMM_INF	CHISQ_BOLT_LMM	P_BOLT_LMM
rs28788874	1	1520725	0.0141684	C	T	0.584735	0.768295	0.0534981	8.2E-01	0.00190127	0.00643444	0.0873106	7.7E-01	0.0801605	7.8E-01
rs72634501	1	39551488	0.669558	T	C	0.760747	0.973003	2.83018	9.3E-02	0.0121235	0.00663951	3.33417	6.8E-02	2.73407	9.8E-02
rs7545034	1	47659445	0.739124	T	C	0.495311	0.986554	4.44928	3.5E-02	-0.0110504	0.0056299	3.85258	5.0E-02	5.03201	2.5E-02
rs7553454	1	49231261	0.759781	T	C	0.774904	0.984417	2.91355	8.8E-02	0.0107703	0.00672135	2.56768	1.1E-01	2.78788	9.5E-02
rs12117661	1	55487346	0.808955	C	G	0.755046	0.987273	54.1143	1.9E-13	0.0480742	0.00655288	53.822	2.2E-13	53.4047	2.7E-13
rs2422134	1	72514701	1.03261	G	C	0.494392	0.995097	0.950672	3.3E-01	-0.00551871	0.00559389	0.9733	3.2E-01	0.908514	3.4E-01
rs6690871	1	74977277	1.04309	A	G	0.592502	0.986356	0.710116	4.0E-01	0.00477105	0.00572605	0.694254	4.0E-01	0.408984	5.2E-01
rs2247536	1	77919438	1.07305	G	C	0.734406	0.984022	0.213115	6.4E-01	-0.00455702	0.00638492	0.509391	4.8E-01	1.10158	2.9E-01
rs1536023	1	96882019	1.26526	C	A	0.779556	0.988892	0.0842646	7.7E-01	-0.000778671	0.00678379	0.0131754	9.1E-01	0.0238459	8.8E-01
rs10747488	1	98299475	1.27829	C	A	0.231417	0.993887	5.06508	2.4E-02	-0.0152002	0.00665814	5.21184	2.2E-02	6.06601	1.4E-02
rs920835	1	107946802	1.36667	G	A	0.707486	0.968585	2.11619	1.5E-01	-0.0083747	0.00624885	1.79613	1.8E-01	1.32784	2.5E-01
rs892511	1	110078255	1.38888	C	G	0.970555	0.964927	4.23104	4.0E-02	0.037483	0.0168092	4.97251	2.6E-02	3.36113	6.7E-02
rs12033257	1	112318484	1.42838	A	G	0.621237	0.983831	2.23654	1.3E-01	-0.00885169	0.00581828	2.31453	1.3E-01	2.01072	1.6E-01
rs4357530	1	151103153	1.65977	G	A	0.321207	0.991504	0.128962	7.2E-01	-0.00222416	0.00601271	0.136833	7.1E-01	0.3239	5.7E-01
rs148261599	1	155253286	1.69959	C	G	0.796018	0.939661	3.32561	6.8E-02	0.0121891	0.00713329	2.91989	8.7E-02	2.94501	8.6E-02
rs12565430	1	174400537	1.95129	G	A	0.890495	0.989663	3.20985	7.3E-02	-0.0148409	0.00897164	2.73638	9.8E-02	1.87432	1.7E-01
rs10913418	1	177755299	1.98687	C	A	0.596511	0.989574	0.276641	6.0E-01	-0.00240628	0.00572677	0.176552	6.7E-01	0.330784	5.7E-01
rs1359940	1	177848153	1.98809	T	C	0.542981	0.978287	3.16321	7.5E-02	-0.00909228	0.00567495	2.56697	1.1E-01	3.02989	8.2E-02
rs9425633	1	184657251	2.05452	T	C	0.517837	0.997773	0.087437	7.7E-01	-0.00189092	0.00559196	0.114345	7.4E-01	0.261798	6.1E-01
rs10801363	1	194922207	2.13186	T	A	0.632532	0.99595	0.206627	6.5E-01	-0.00228399	0.00580234	0.154947	6.9E-01	0.121534	7.3E-01
rs2494116	1	201784151	2.19723	G	A	0.451622	0.998902	2.83465	9.2E-02	0.00927489	0.00560814	2.73515	9.8E-02	2.89778	8.9E-02
rs12042959	1	243533273	2.82744	A	G	0.856757	0.985729	2.36207	1.2E-01	-0.0120774	0.0080155	2.27031	1.3E-01	3.05338	8.1E-02
rs6548228	2	345889	0.00380575	T	C	0.476197	0.997111	3.72461	5.4E-02	-0.0103876	0.00560138	3.43903	6.4E-02	2.88858	8.9E-02
rs2667214	2	449487	0.00560823	A	G	0.676488	0.984343	0.0436293	8.3E-01	0.00105068	0.00602807	0.0303795	8.6E-01	0.0356577	8.5E-01
rs10176391	2	574368	0.00678655	C	G	0.988537	0.920209	0.229506	6.3E-01	0.0125772	0.0273393	0.211638	6.5E-01	0.318213	5.7E-01
rs11679386	2	20985414	0.417441	T	C	0.854201	0.978267	32.261	1.3E-08	-0.0453206	0.0080035	32.0649	1.5E-08	30.3277	3.6E-08
rs436566	2	21451604	0.420768	C	T	0.823638	0.989317	32.1849	1.4E-08	0.0429437	0.00736581	33.9904	5.5E-09	34.0124	5.5E-09
rs75971153	2	24689143	0.455958	T	C	0.805299	0.974205	2.98226	8.4E-02	-0.0124297	0.00714777	3.02401	8.2E-02	3.22291	7.3E-02
rs10048652	2	35449306	0.577825	T	C	0.438309	0.999392	2.12618	1.4E-01	0.00813933	0.00564119	2.08178	1.5E-01	2.09301	1.5E-01
rs56266464	2	44054991	0.686489	G	A	0.939556	0.986548	55.0189	1.2E-13	0.0916345	0.0118198	60.103	9.0E-15	60.3169	8.1E-15
rs698838	2	44738763	0.693339	C	T	0.374359	1	0.0522774	8.2E-01	0.00129874	0.00577697	0.0505408	8.2E-01	0.015405	9.0E-01
rs3198123	2	55207693	0.827446	C	T	0.698625	0.993954	2.50431	1.1E-01	-0.0105609	0.00611579	2.98193	8.4E-02	3.29561	6.9E-02
rs13032423	2	57992112	0.847237	G	A	0.445418	0.996747	2.82829	9.3E-02	-0.00946173	0.00563973	2.81466	9.3E-02	2.30579	1.3E-01
rs55767040	2	58955028	0.850031	T	C	0.699424	0.989049	1.53532	2.2E-01	0.00778878	0.00614239	1.60792	2.0E-01	1.75863	1.8E-01
rs980183	2	59311536	0.858192	G	A	0.398003	0.996406	0.821347	3.6E-01	-0.00498257	0.00571623	0.75978	3.8E-01	0.779629	3.8E-01
rs7557796	2	86766153	1.16162	T	C	0.352323	0.999778	0.277153	6.0E-01	0.00393195	0.00585255	0.451364	5.0E-01	0.597948	4.4E-01
rs13023088	2	100576304	1.22131	C	T	0.849851	0.99385	2.36794	1.2E-01	-0.0111229	0.00783384	2.01599	1.6E-01	1.79358	1.8E-01
rs9308868	2	104361420	1.24985	G	A	0.475644	0.997977	0.358082	5.5E-01	0.00431285	0.00560874	0.591285	4.4E-01	0.484301	4.9E-01
rs1349512	2	105435369	1.26243	T	C	0.689911	0.999103	0.308752	5.8E-01	0.00214104	0.00603458	0.12588	7.2E-01	0.0780584	7.8E-01
rs1530559	2	135755629	1.58463	A	G	0.600693	1	2.29134	1.3E-01	-0.00544787	0.00565877	0.926851	3.4E-01	1.39824	2.4E-01
rs2034604	2	143958745	1.64938	C	T	0.463349	0.997459	0.109285	7.4E-01	-0.00306671	0.00561302	0.298505	5.8E-01	0.196726	6.6E-01
rs12692596	2	161265910	1.78694	C	T	0.629192	0.996301	3.02318	8.2E-02	0.00964405	0.00577082	2.79283	9.5E-02	2.88465	8.9E-02
rs12328675	2	165540800	1.81492	T	C	0.879644	0.99881	8.01329	4.6E-03	-0.0241564	0.00857414	7.93747	4.8E-03	8.98872	2.7E-03
rs6745626	2	181436641	2.00364	C	T	0.408617	0.996845	1.35587	2.4E-01	0.00675604	0.00569217	1.40873	2.4E-01	1.51535	2.2E-01
rs6743255	2	205363596	2.17314	A	G	0.119725	1	2.1732	1.4E-01	-0.0108507	0.00859064	1.59538	2.1E-01	1.09021	3.0E-01
rs13000757	2	207145906	2.20108	G	T	0.495484	0.995817	0.232993	6.3E-01	0.00170435	0.00561001	0.0922972	7.6E-01	0.0074291	9.3E-01
rs11692326	2	208263279	2.21189	C	T	0.770028	0.999964	2.12315	1.5E-01	0.00813522	0.00662581	1.50751	2.2E-01	1.42483	2.3E-01
rs12611517	2	228977034	2.47863	T	A	0.656814	0.999378	6.50027	1.1E-02	0.0149931	0.00588362	6.49372	1.1E-02	7.14515	7.5E-03
rs12473885	2	230569590	2.5018	G	T	0.878273	0.993886	1.47744	2.2E-01	-0.0111437	0.00855289	1.6976	1.9E-01	1.32409	2.5E-01
rs13098833	3	20428568	0.395393	A	G	0.723663	0.994024	0.0897819	7.6E-01	-0.00292637	0.00629411	0.216168	6.4E-01	0.0710039	7.9E-01
rs754635	3	42305131	0.652861	C	G	0.112989	0.99768	0.286898	5.9E-01	-0.00575456	0.00880184	0.427443	5.1E-01	0.344225	5.6E-01
rs72906474	3	47817007	0.688057	G	T	0.417107	0.973948	0.0607457	8.1E-01	0.000987295	0.0057464	0.029519	8.6E-01	0.0268933	8.7E-01
rs71326904	3	49991060	0.690403	C	T	0.749113	0.999883	3.09265	7.9E-02	-0.0124092	0.00645072	3.7006	5.4E-02	2.44626	1.2E-01
rs1371095	3	61147530	0.807508	A	G	0.581645	0.99157	0.184204	6.7E-01	0.00271095	0.00569384	0.22669	6.3E-01	0.0378131	8.5E-01
rs9874646	3	62462818	0.82936	C	T	0.314458	0.963027	0.000253554	9.9E-01	-0.000462613	0.00613703	0.00568223	9.4E-01	0.0659231	8.0E-01
rs7430139	3	82504148	1.08216	A	G	0.834726	1	1.94815	1.6E-01	-0.0102079	0.00754396	1.83094	1.8E-01	2.0055	1.6E-01
rs1248859	3	85017098	1.08828	G	C	0.331024	0.996188	1.86163	1.7E-01	0.00902252	0.00595609	2.29474	1.3E-01	2.2821	1.3E-01
rs9857105	3	93893210	1.10433	A	G	0.459959	0.997124	1.8035	1.8E-01	-0.00701037	0.00562779	1.55169	2.1E-01	1.36678	2.4E-01
rs11917909	3	107864673	1.2019	G	A	0.64971	0.995989	0.0912106	7.6E-01	0.00204095	0.00585914	0.121338	7.3E-01	0.119589	7.3E-01
rs2037001	3	131458973	1.44255	C	G	0.708207	0.979412	0.116825	7.3E-01	0.00270664	0.00621643	0.189575	6.6E-01	0.829088	3.6E-01
rs9827662	3	135710841	1.49347	C	A	0.75398	0.999173	0.0533051	8.2E-01	-0.00219288	0.00648643	0.114292	7.4E-01	0.111047	7.4E-01
rs355786	3	153990749	1.684	G	A	0.607502	0.999005	0.0314039	8.6E-01	-0.000498823	0.00574088	0.00754981	9.3E-01	0.112791	7.4E-01
rs1604038	3	170709193	1.7983	C	T	0.714201	0.999363	0.189225	6.6E-01	-0.00356613	0.00617859	0.333132	5.6E-01	0.513577	4.7E-01
rs9867130	3	185729753	2.0208	A	G	0.141676	0.965346	1.27524	2.6E-01	0.00928543	0.00818118	1.28817	2.6E-01	1.16517	2.8E-01
rs11736501	4	18451423	0.339653	A	C	0.680338	0.997158	1.17739	2.8E-01	0.00583964	0.0059934	0.949349	3.3E-01	2.29299	1.3E-01
rs73244271	4	20091053	0.357316	A	G	0.887469	0.995322	2.34148	1.3E-01	0.0138207	0.00889184	2.41591	1.2E-01	1.83225	1.8E-01
rs6849555	4	25150890	0.433804	G	C	0.799698	0.94032	0.464249	5.0E-01	0.00406036	0.00720301	0.31776	5.7E-01	0.530291	4.7E-01
rs4623046	4	45042343	0.679347	G	A	0.33237	0.994028	1.63583	2.0E-01	-0.00795195	0.00593982	1.79226	1.8E-01	1.08277	3.0E-01
rs6829208	4	52728640	0.6941	T	C	0.726338	0.99807	0.465889	4.9E-01	-0.00465636	0.00626534	0.552336	4.6E-01	0.297219	5.9E-01
rs6815651	4	55487718	0.714225	C	T	0.450226	0.994486	2.43342	1.2E-01	-0.0100439	0.00562448	3.18887	7.4E-02	3.45787	6.3E-02
rs923994	4	67802992	0.836181	A	G	0.217153	0.992221	0.372019	5.4E-01	-0.00337734	0.00678212	0.247981	6.2E-01	0.0484043	8.3E-01
rs12645001	4	96018337	1.09763	G	A	0.650874	0.99796	3.38117	6.6E-02	0.0108285	0.00586125	3.41314	6.5E-02	3.08104	7.9E-02
rs13105682	4	102702364	1.15516	T	G	0.941406	0.93989	0.673581	4.1E-01	0.00860998	0.0122799	0.491606	4.8E-01	0.648617	4.2E-01
rs11728213	4	113309647	1.25168	G	A	0.683684	0.99931	0.644019	4.2E-01	-0.0039923	0.00602041	0.439737	5.1E-01	0.214206	6.4E-01
rs1296328	4	137083193	1.44321	A	C	0.440098	0.99123	0.846244	3.6E-01	-0.004165	0.00568062	0.537574	4.6E-01	0.8052	3.7E-01
rs4863516	4	140773770	1.49281	T	C	0.672112	0.999318	0.00011801	9.9E-01	-0.000291842	0.00594886	0.00240674	9.6E-01	0.0575633	8.1E-01
rs750090	4	152931436	1.59021	T	C	0.646587	0.97605	0.348396	5.6E-01	0.00353191	0.0058875	0.359879	5.5E-01	0.157407	6.9E-01
rs13110266	4	162129844	1.69444	G	A	0.582061	0.993805	7.02953	8.0E-03	-0.0155781	0.00567818	7.52677	6.1E-03	7.93396	4.9E-03
rs4597930	5	27171542	0.425308	T	C	0.71786	0.997265	2.636	1.0E-01	-0.0104186	0.00622708	2.79931	9.4E-02	4.13697	4.2E-02
rs6451675	5	43110855	0.62057	C	G	0.307452	0.990847	2.86766	9.0E-02	0.0104264	0.00607372	2.94688	8.6E-02	2.65546	1.0E-01
rs6449674	5	62995938	0.739824	T	C	0.52251	0.996207	2.03089	1.5E-01	0.00809298	0.00560384	2.08567	1.5E-01	1.41437	2.3E-01
rs6891856	5	63972658	0.744519	G	T	0.472565	0.983364	3.83411	5.0E-02	-0.00987344	0.00564695	3.05709	8.0E-02	4.11162	4.3E-02
rs4072296	5	74242002	0.858799	T	C	0.46019	0.938263	16.5894	4.6E-05	-0.0231226	0.00578667	15.9667	6.4E-05	19.6059	9.5E-06
rs11740689	5	80841360	0.956164	A	C	0.681749	0.9953	0.0956234	7.6E-01	-0.00259132	0.00600526	0.186199	6.7E-01	0.171636	6.8E-01
rs77156384	5	87709219	1.01438	A	G	0.979071	1	0.502171	4.8E-01	0.0116139	0.019548	0.352979	5.5E-01	0.448718	5.0E-01
rs7701355	5	88804839	1.01946	G	T	0.578544	0.999666	1.35229	2.4E-01	0.00539028	0.00566953	0.903919	3.4E-01	2.0098	1.6E-01
rs6885199	5	92574633	1.04879	G	A	0.9622	1	0.51956	4.7E-01	-0.00954036	0.0146526	0.423933	5.1E-01	0.185844	6.7E-01
rs12186664	5	95630225	1.07202	A	T	0.684284	0.993149	0.508617	4.8E-01	-0.00428402	0.00602378	0.505784	4.8E-01	0.483622	4.9E-01
rs1835978	5	107265051	1.15538	T	C	0.111179	0.976322	4.78469	2.9E-02	0.0198973	0.00898719	4.90163	2.7E-02	4.93624	2.6E-02
rs459552	5	112176756	1.19663	T	A	0.232844	1	0.699139	4.0E-01	-0.00698702	0.00660204	1.12003	2.9E-01	1.60427	2.1E-01
rs329120	5	133861756	1.41589	C	T	0.579716	0.996967	2.71741	9.9E-02	-0.00945295	0.0056759	2.77373	9.6E-02	2.32065	1.3E-01
rs356453	5	139053563	1.4578	G	A	0.669183	0.993285	1.73491	1.9E-01	0.00844916	0.00595165	2.01536	1.6E-01	1.95856	1.6E-01
rs2190788	5	144484261	1.52142	G	T	0.681254	0.989372	2.51473	1.1E-01	-0.0102163	0.00604906	2.85244	9.1E-02	3.27894	7.0E-02
rs7701886	5	153547409	1.6413	G	A	0.45336	0.99206	1.07052	3.0E-01	0.00529826	0.00564005	0.882472	3.5E-01	1.23761	2.7E-01
rs2287894	5	170322919	1.86356	T	A	0.272401	0.998905	1.22271	2.7E-01	0.00689523	0.00628763	1.20261	2.7E-01	1.81023	1.8E-01
rs10947758	6	12093961	0.272682	T	C	0.645937	0.995017	0.0283563	8.7E-01	-0.00182432	0.00586827	0.0966458	7.6E-01	0.0145041	9.0E-01
rs9357634	6	13192190	0.290983	T	C	0.701576	0.98883	0.897548	3.4E-01	-0.00570654	0.00614954	0.861116	3.5E-01	0.649771	4.2E-01
rs3806114	6	20482335	0.408974	G	A	0.330694	0.979566	0.169249	6.8E-01	-0.00129764	0.00601229	0.0465828	8.3E-01	0.100219	7.5E-01
rs2768	6	31321856	0.512785	A	G	0.749612	0.995049	0.0776531	7.8E-01	0.00205493	0.00647793	0.100628	7.5E-01	0.0551161	8.1E-01
rs2260051	6	31591918	0.515519	A	T	0.438115	0.999979	0.227145	6.3E-01	-0.0018786	0.00562638	0.111484	7.4E-01	0.322679	5.7E-01
rs57493997	6	34443523	0.547182	T	C	0.907375	0.988432	0.874065	3.5E-01	-0.00829298	0.00969295	0.731998	3.9E-01	0.876476	3.5E-01
rs35679149	6	43604167	0.672046	A	G	0.973525	1	1.12456	2.9E-01	-0.0140119	0.0174353	0.645857	4.2E-01	0.342331	5.6E-01
rs4714925	6	46304194	0.722787	A	G	0.493044	0.998125	0.0744473	7.8E-01	0.00145435	0.00559827	0.0674887	8.0E-01	0.0117158	9.1E-01
rs9473821	6	50356035	0.748721	T	C	0.122366	0.995677	1.79762	1.8E-01	-0.0120808	0.0085485	1.99715	1.6E-01	1.07834	3.0E-01
rs1369869	6	83366282	0.934423	C	T	0.558841	0.987317	0.900625	3.4E-01	0.0056535	0.00566588	0.995636	3.2E-01	0.82158	3.6E-01
rs6905544	6	98411631	1.06235	A	G	0.398807	0.997318	2.94107	8.6E-02	0.0094184	0.00571832	2.7128	1.0E-01	2.50069	1.1E-01
rs1575676	6	108861264	1.17848	C	T	0.628148	0.997454	1.05541	3.0E-01	0.00684783	0.00577701	1.40508	2.4E-01	0.769203	3.8E-01
rs9387640	6	119508871	1.25792	C	T	0.635398	1	1.07593	3.0E-01	-0.00697457	0.00582165	1.4353	2.3E-01	1.60308	2.1E-01
rs198665	6	143154886	1.51958	C	A	0.629508	0.991725	6.74809	9.4E-03	0.015838	0.00581833	7.40974	6.5E-03	6.78561	9.2E-03
rs7755574	6	153364643	1.66311	G	T	0.718151	0.997121	6.35549	1.2E-02	0.017258	0.00625288	7.61767	5.8E-03	7.66025	5.6E-03
rs9347414	6	160989137	1.77552	T	G	0.808642	0.991577	33.9462	5.7E-09	0.0422408	0.00712431	35.1542	3.0E-09	42.6271	6.6E-11
rs3817576	7	1023191	0.0111024	A	G	0.474571	0.994298	32.4667	1.2E-08	0.0311753	0.00561982	30.7735	2.9E-08	32.1336	1.4E-08
rs4307239	7	24354300	0.415589	A	G	0.540084	0.99283	0.0222313	8.8E-01	-0.000105934	0.00562597	0.000354552	9.8E-01	1.68218e-08	1.0E+00
rs4724307	7	44585125	0.698776	C	T	0.703156	0.816091	29.1503	6.7E-08	-0.0367698	0.00673354	29.8192	4.7E-08	32.6513	1.1E-08
rs3807566	7	50564204	0.76671	G	T	0.56098	0.994523	0.28708	5.9E-01	0.00267555	0.00563873	0.225146	6.4E-01	0.286725	5.9E-01
rs4718966	7	70040558	0.868636	C	T	0.584999	0.992694	0.514782	4.7E-01	-0.00395404	0.00570638	0.480132	4.9E-01	0.776286	3.8E-01
rs10950289	7	71429308	0.890251	A	G	0.837402	0.9787	4.4965	3.4E-02	-0.0163887	0.00764529	4.59516	3.2E-02	6.57738	1.0E-02
rs113452856	7	72859135	0.899612	G	A	0.96835	0.994361	31.5191	2.0E-08	-0.0902206	0.015969	31.9196	1.6E-08	35.4975	2.6E-09
rs16868443	7	93206264	1.0947	G	C	0.638366	0.996209	0.00398734	9.5E-01	-9.23448e-05	0.00581324	0.000252342	9.9E-01	0.0587202	8.1E-01
rs17155888	7	103416295	1.18694	T	A	0.573633	0.98913	0.160356	6.9E-01	-0.00172665	0.00568468	0.0922559	7.6E-01	0.146218	7.0E-01
rs7788008	7	112972483	1.29323	G	A	0.566242	0.997606	1.91618	1.7E-01	0.00800811	0.00563954	2.01638	1.6E-01	1.76972	1.8E-01
rs12705908	7	113422504	1.29936	A	G	0.435782	0.999217	0.434581	5.1E-01	-0.00423076	0.00563713	0.563275	4.5E-01	0.00431635	9.5E-01
rs1563408	7	114303189	1.30467	G	A	0.518625	0.9976	0.180007	6.7E-01	0.00153307	0.00559979	0.0749513	7.8E-01	0.0826051	7.7E-01
rs2968856	7	150614934	1.67963	T	C	0.750666	0.995794	1.14018	2.9E-01	-0.00696682	0.00648142	1.15539	2.8E-01	1.77976	1.8E-01
rs2980478	8	8088230	0.237388	T	C	0.524982	0.963758	34.1275	5.2E-09	-0.0334541	0.00571699	34.2423	4.9E-09	36.7908	1.3E-09
rs4922113	8	19734951	0.471667	G	A	0.825362	0.989151	30.1991	3.9E-08	-0.0404159	0.00741125	29.7387	4.9E-08	28.0328	1.2E-07
rs1362910	8	30856464	0.645028	A	G	0.419317	0.991461	0.297555	5.9E-01	-0.00340588	0.00566266	0.361757	5.5E-01	0.357755	5.5E-01
rs12681792	8	62054463	0.850895	C	A	0.807401	0.990908	0.448293	5.0E-01	0.0033161	0.0071339	0.216073	6.4E-01	0.48611	4.9E-01
rs7822926	8	64701966	0.867188	A	C	0.529208	0.995395	0.0912154	7.6E-01	-0.00194213	0.00561601	0.119592	7.3E-01	0.0906109	7.6E-01
rs2017657	8	73426371	0.974058	G	T	0.427149	1	0.221077	6.4E-01	-0.00266388	0.00566662	0.220995	6.4E-01	0.0403938	8.4E-01
rs2943611	8	76473939	1.00704	T	C	0.203974	0.993157	1.09043	3.0E-01	0.00680512	0.00695245	0.958069	3.3E-01	0.724722	3.9E-01
rs9298280	8	77329753	1.00881	T	G	0.287889	0.987301	2.37506	1.2E-01	0.00865775	0.00619539	1.95287	1.6E-01	2.03298	1.5E-01
rs1180626	8	116476393	1.31509	G	A	0.224213	0.994168	2.41233	1.2E-01	-0.0107804	0.00674264	2.55628	1.1E-01	2.03185	1.5E-01
rs10124645	9	11321119	0.255592	A	G	0.589801	0.991792	0.212482	6.4E-01	-0.00202415	0.00572732	0.124905	7.2E-01	0.0827961	7.7E-01
rs2457637	9	15533394	0.341722	T	C	0.512743	0.988377	1.69354	1.9E-01	0.00764039	0.00561537	1.85129	1.7E-01	1.37094	2.4E-01
rs6476065	9	28403813	0.542923	C	T	0.423663	0.971482	1.47563	2.2E-01	0.00658085	0.00572575	1.32099	2.5E-01	1.61856	2.0E-01
rs12345603	9	29601893	0.557517	C	T	0.574964	0.971878	4.89416	2.7E-02	0.0131256	0.00573627	5.23576	2.2E-02	3.9996	4.6E-02
rs868980	9	92140852	1.08916	A	G	0.764207	0.992973	9.4714	2.1E-03	0.0205879	0.00660274	9.72248	1.8E-03	8.50827	3.5E-03
rs7873003	9	96392945	1.13399	T	C	0.320009	0.990354	0.992422	3.2E-01	0.00571483	0.00601926	0.901407	3.4E-01	1.32187	2.5E-01
rs1852865	9	102750138	1.19624	C	T	0.434954	0.999839	1.95438	1.6E-01	0.00732571	0.00565404	1.67873	2.0E-01	1.31689	2.5E-01
rs7024334	9	109072075	1.25943	T	G	0.221004	0.999349	0.075389	7.8E-01	-0.00105606	0.0067325	0.0246052	8.8E-01	0.0139262	9.1E-01
rs1252008	9	120362838	1.43341	T	C	0.568657	0.998833	0.0441894	8.3E-01	0.00198337	0.00563414	0.123923	7.2E-01	0.000147934	9.9E-01
rs3829849	9	129390800	1.5324	C	T	0.630889	0.998111	4.2357	4.0E-02	0.0119409	0.0057944	4.24677	3.9E-02	4.12243	4.2E-02
rs10733682	9	129460914	1.5336	A	G	0.474217	0.966242	0.563942	4.5E-01	0.00474289	0.00566905	0.699945	4.0E-01	1.28657	2.6E-01
rs2267958	9	131015279	1.55043	G	A	0.485563	0.958689	0.981131	3.2E-01	0.0049231	0.00572075	0.740581	3.9E-01	0.797065	3.7E-01
rs10159545	10	21766969	0.466662	C	G	0.649246	0.986543	3.26745	7.1E-02	0.0113782	0.00588804	3.73425	5.3E-02	3.40478	6.5E-02
rs12762034	10	33969931	0.621029	T	C	0.92272	0.998956	0.447378	5.0E-01	0.0103158	0.0104607	0.972485	3.2E-01	0.794968	3.7E-01
rs4595495	10	53673286	0.748363	A	G	0.58387	0.998015	0.200671	6.5E-01	-0.00381758	0.00569566	0.44925	5.0E-01	0.228269	6.3E-01
rs4746855	10	64822828	0.870307	G	A	0.596714	1	10.7352	1.1E-03	-0.0185658	0.00571108	10.568	1.2E-03	9.48604	2.1E-03
rs12098284	10	76047464	0.999816	C	T	0.877434	0.998637	0.0215971	8.8E-01	-0.00154494	0.00853061	0.0327994	8.6E-01	0.283089	5.9E-01
rs1249156	10	79979737	1.04291	T	C	0.294183	0.999324	0.10364	7.5E-01	-0.00201374	0.00614121	0.107522	7.4E-01	0.000557978	9.8E-01
rs12245654	10	87562928	1.13739	A	C	0.927047	0.984714	5.6826	1.7E-02	0.0255009	0.0108247	5.54989	1.8E-02	3.54328	6.0E-02
rs472576	10	99694970	1.2698	G	C	0.540757	0.96945	1.57584	2.1E-01	-0.00769101	0.00568697	1.82896	1.8E-01	2.25646	1.3E-01
rs4074720	10	114748497	1.39784	C	T	0.534572	0.984751	0.215829	6.4E-01	0.00294787	0.0056407	0.273119	6.0E-01	0.371381	5.4E-01
rs72828935	10	126587488	1.61238	G	C	0.716689	0.993686	1.74083	1.9E-01	0.00834331	0.00622304	1.79751	1.8E-01	1.52149	2.2E-01
rs12778347	10	133978806	1.80077	G	T	0.423877	0.999758	0.301817	5.8E-01	0.00145154	0.00565614	0.0658594	8.0E-01	0.386145	5.3E-01
rs12802861	11	8387806	0.188896	C	T	0.71326	0.995592	3.11348	7.8E-02	-0.0102694	0.00619411	2.74873	9.7E-02	2.35962	1.2E-01
rs7942486	11	13288698	0.267633	G	T	0.432178	0.998702	1.62131	2.0E-01	0.00692994	0.00565197	1.50335	2.2E-01	1.81212	1.8E-01
rs12791818	11	27277760	0.463075	A	G	0.918985	0.937343	0.221763	6.4E-01	-0.00303258	0.0105911	0.0819863	7.7E-01	0.252593	6.2E-01
rs2679059	11	43599791	0.621966	A	T	0.402252	0.990165	7.39515	6.5E-03	-0.0158098	0.00574749	7.5665	5.9E-03	5.71107	1.7E-02
rs11038428	11	45404318	0.657443	G	T	0.717407	0.990678	0.0821709	7.7E-01	0.00058546	0.00622956	0.00883244	9.3E-01	0.0160113	9.0E-01
rs35184771	11	47475189	0.665304	G	T	0.648082	0.998878	0.550594	4.6E-01	0.00523601	0.00584781	0.801703	3.7E-01	0.493324	4.8E-01
rs10792318	11	61531443	0.703376	A	G	0.749747	1	29.5844	5.4E-08	0.0357087	0.00646524	30.5055	3.3E-08	34.016	5.5E-09
rs11549690	11	63991581	0.731065	G	A	0.922817	1	0.189645	6.6E-01	-0.0048559	0.0104811	0.214649	6.4E-01	0.196018	6.6E-01
rs2605603	11	93221105	1.00432	G	A	0.520259	0.995512	0.00814818	9.3E-01	0.000587871	0.00557565	0.0111166	9.2E-01	0.0465267	8.3E-01
rs4937870	11	112826709	1.19814	A	G	0.689169	0.983578	0.0629488	8.0E-01	-0.0019991	0.00608408	0.107965	7.4E-01	0.00650065	9.4E-01
rs2187986	11	115001410	1.23045	G	A	0.524684	0.965018	0.024849	8.7E-01	-0.000350033	0.00570442	0.00376525	9.5E-01	0.0151268	9.0E-01
rs501351	11	118917814	1.29362	T	G	0.605774	0.997555	2.5028	1.1E-01	0.00867978	0.00572223	2.30084	1.3E-01	2.13233	1.4E-01
rs7941030	11	122522375	1.35839	T	C	0.616205	1	4.41358	3.6E-02	-0.013347	0.00576814	5.35418	2.1E-02	5.41917	2.0E-02
rs4366492	11	130717256	1.51227	T	C	0.474614	0.99465	1.26233	2.6E-01	0.00679035	0.00559028	1.47543	2.2E-01	1.04429	3.1E-01
rs10894604	11	132641746	1.55638	T	G	0.652028	1	0.117117	7.3E-01	-0.00103909	0.00586613	0.0313765	8.6E-01	0.00890273	9.2E-01
rs11064524	12	889902	0.0208303	T	G	0.758532	1	0.212537	6.4E-01	0.00316009	0.00651634	0.235175	6.3E-01	0.070006	7.9E-01
rs7976757	12	19207948	0.354438	T	C	0.171206	0.989812	0.27144	6.0E-01	0.00471165	0.00743923	0.401135	5.3E-01	0.618934	4.3E-01
rs16926776	12	24001905	0.419584	C	T	0.922961	1	1.60453	2.1E-01	-0.0108242	0.0105037	1.06195	3.0E-01	1.20154	2.7E-01
rs11181001	12	41948196	0.563104	A	G	0.469108	0.977653	0.0477314	8.3E-01	-0.000102722	0.00564673	0.000330928	9.9E-01	0.0459527	8.3E-01
rs2720296	12	50169070	0.630128	G	A	0.609632	0.950295	0.686742	4.1E-01	-0.00336846	0.00588664	0.327437	5.7E-01	0.17584	6.7E-01
rs11173522	12	60953472	0.741724	C	A	0.784532	0.998242	0.230414	6.3E-01	-0.00329816	0.0068161	0.234138	6.3E-01	0.080621	7.8E-01
rs317646	12	69657145	0.849888	G	A	0.275066	0.99846	3.05755	8.0E-02	-0.0115185	0.00627113	3.37362	6.6E-02	3.55621	5.9E-02
rs704067	12	89726027	1.03172	G	A	0.545146	0.989595	0.526823	4.7E-01	0.00438664	0.00565817	0.601052	4.4E-01	0.833518	3.6E-01
rs591776	12	99538895	1.16639	C	T	0.364365	0.994453	1.70231	1.9E-01	-0.00723445	0.0058278	1.541	2.1E-01	0.829698	3.6E-01
rs4433630	12	103650031	1.2114	T	C	0.48744	0.978156	0.231474	6.3E-01	0.00144688	0.00563566	0.0659135	8.0E-01	0.0274759	8.7E-01
rs11832936	12	110549533	1.29782	A	C	0.610247	0.999756	0.539076	4.6E-01	0.00345505	0.00575548	0.360366	5.5E-01	0.0803671	7.8E-01
rs111828690	12	117576767	1.39704	C	T	0.779464	0.990204	8.3276e-05	9.9E-01	-0.00207173	0.0068081	0.0926005	7.6E-01	0.0198248	8.9E-01
rs2649999	12	121380544	1.45376	T	C	0.330394	0.973048	32.5803	1.1E-08	0.0333529	0.00603347	30.5585	3.2E-08	33.8996	5.8E-09
rs144713920	12	122485389	1.46548	C	G	0.945974	0.956209	0.727022	3.9E-01	0.00935523	0.0126404	0.547756	4.6E-01	1.1109	2.9E-01
rs12317176	12	124404718	1.4789	T	C	0.662157	0.998072	2.32422	1.3E-01	-0.00764858	0.00589787	1.68179	1.9E-01	2.80382	9.4E-02
rs9579775	13	20616557	0.0139469	A	C	0.863467	0.926233	1.4358	2.3E-01	-0.00881459	0.00847325	1.08219	3.0E-01	1.33712	2.5E-01
rs4771218	13	28655311	0.212187	G	A	0.373005	0.991013	0.518402	4.7E-01	-0.00488985	0.00580743	0.708961	4.0E-01	0.588499	4.4E-01
rs9591001	13	33042870	0.304346	G	A	0.634695	0.994769	2.05046	1.5E-01	-0.00946767	0.00583742	2.63054	1.0E-01	3.13362	7.7E-02
rs9568856	13	54064981	0.568758	G	A	0.871723	1	1.06459	3.0E-01	-0.00870188	0.00836732	1.08157	3.0E-01	0.977902	3.2E-01
rs6561937	13	58257667	0.585042	T	A	0.243776	0.993408	1.52415	2.2E-01	-0.00798853	0.00654696	1.48886	2.2E-01	1.70137	1.9E-01
rs1413125	13	59260131	0.587755	G	T	0.574048	0.994453	2.36025	1.2E-01	-0.00973849	0.0056789	2.94073	8.6E-02	3.34183	6.8E-02
rs1441264	13	79580919	0.787841	G	A	0.406364	0.956515	3.44337	6.4E-02	0.0109871	0.00579824	3.59063	5.8E-02	4.39418	3.6E-02
rs61969477	13	86477950	0.835644	T	C	0.717214	0.998003	1.13874	2.9E-01	0.00520838	0.00620704	0.704102	4.0E-01	1.23199	2.7E-01
rs1927790	13	96922191	0.93596	T	C	0.587589	0.998094	0.0328353	8.6E-01	0.00114827	0.00569154	0.0407033	8.4E-01	0.108113	7.4E-01
rs7335249	13	109962579	1.18904	T	C	0.587526	0.995494	0.000432195	9.8E-01	0.00112682	0.00569249	0.0391835	8.4E-01	0.121268	7.3E-01
rs7141213	14	25878636	0.160923	C	T	0.428505	0.99817	0.0990658	7.5E-01	0.0011677	0.00567067	0.0424024	8.4E-01	0.106382	7.4E-01
rs6576279	14	29649958	0.207571	G	C	0.190393	0.998923	2.41796	1.2E-01	0.0109625	0.00709987	2.38406	1.2E-01	1.87446	1.7E-01
rs2143975	14	33297398	0.262161	C	G	0.467897	0.986467	1.63495	2.0E-01	-0.00745186	0.00565908	1.73396	1.9E-01	0.497166	4.8E-01
rs35020117	14	73341655	0.671145	T	G	0.538277	0.933938	1.60116	2.1E-01	-0.00786429	0.0058016	1.83749	1.8E-01	1.53494	2.2E-01
rs7159565	14	79891894	0.74792	T	C	0.36268	0.984708	1.01887	3.1E-01	-0.00504028	0.00584076	0.744684	3.9E-01	1.65427	2.0E-01
rs1951455	14	91512339	0.88209	T	C	0.283982	0.997245	5.2862	2.1E-02	-0.0146271	0.00620193	5.5624	1.8E-02	7.33101	6.8E-03
rs2273639	14	93762162	0.916561	C	T	0.692907	0.99913	2.46938	1.2E-01	-0.0104913	0.00606951	2.98778	8.4E-02	3.01204	8.3E-02
rs7161194	14	101529005	1.0886	A	G	0.336786	0.914125	0.48155	4.9E-01	0.00508376	0.00618185	0.67629	4.1E-01	0.851143	3.6E-01
rs12148050	14	103263788	1.11638	A	G	0.348874	0.9994	0.359751	5.5E-01	0.00402603	0.00585413	0.472965	4.9E-01	0.629725	4.3E-01
rs35443927	14	103849715	1.12404	C	T	0.630061	0.995118	0.121307	7.3E-01	0.00152198	0.00578507	0.0692155	7.9E-01	0.108256	7.4E-01
rs150844304	15	43726625	0.641813	A	C	0.974048	0.997118	34.5398	4.2E-09	0.101185	0.0175742	33.1499	8.5E-09	31.0688	2.5E-08
rs10444840	15	58450274	0.780444	G	A	0.583871	0.991019	27.7762	1.4E-07	0.0314023	0.00569839	30.3681	3.6E-08	28.7744	8.1E-08
rs1123294	15	58545064	0.781703	C	G	0.830474	0.986357	53.2509	2.9E-13	0.0552913	0.00747179	54.76	1.4E-13	54.5334	1.5E-13
rs10152355	15	58671178	0.784742	C	A	0.548786	0.924121	102.643	4.0E-24	0.0594011	0.00585207	103.032	3.3E-24	106.688	5.2E-25
rs11632618	15	58724706	0.787805	G	A	0.92956	1	129.639	4.9E-30	-0.123056	0.0109269	126.827	2.0E-29	130.842	2.7E-30
rs4777542	15	73082366	0.987566	C	T	0.670419	0.995307	1.75267	1.9E-01	0.00694745	0.00597483	1.35207	2.4E-01	1.07613	3.0E-01
rs11855821	15	78008843	1.01251	G	A	0.714306	0.958126	0.0443377	8.3E-01	0.00141448	0.00630099	0.0503939	8.2E-01	0.0406812	8.4E-01
rs12914623	15	80993570	1.05801	G	C	0.732913	0.994175	1.25341	2.6E-01	-0.00610752	0.00632376	0.932779	3.3E-01	0.953052	3.3E-01
rs7168523	15	95263911	1.31585	C	T	0.355269	0.99653	0.865972	3.5E-01	-0.00623232	0.00584537	1.13678	2.9E-01	1.08097	3.0E-01
rs1048786	16	336916	0.0036807	C	T	0.830941	1	0.0103343	9.2E-01	0.00134978	0.00745992	0.0327384	8.6E-01	0.111436	7.4E-01
rs2601773	16	4001898	0.0718473	C	A	0.503399	0.995484	0.274525	6.0E-01	-0.00292313	0.00559845	0.272622	6.0E-01	0.451711	5.0E-01
rs9934930	16	4902038	0.0862098	A	G	0.521116	0.994594	0.0135141	9.1E-01	-0.000397868	0.00562942	0.00499519	9.4E-01	0.0240865	8.8E-01
rs7187976	16	19708196	0.389763	A	G	0.820215	0.98274	2.35288	1.3E-01	-0.0116309	0.00732808	2.51912	1.1E-01	2.34319	1.3E-01
rs4238585	16	20255097	0.398011	C	T	0.13201	0.96298	0.0583079	8.1E-01	0.00126179	0.00840575	0.0225332	8.8E-01	0.0157542	9.0E-01
rs11074452	16	20370168	0.40198	C	G	0.490517	0.995812	0.0619889	8.0E-01	-0.001089	0.00560626	0.0377322	8.5E-01	9.97497e-05	9.9E-01
rs200539	16	24735178	0.466016	T	C	0.268765	0.996448	6.02446	1.4E-02	0.0146209	0.00628631	5.40952	2.0E-02	5.60484	1.8E-02
rs2650494	16	28318440	0.541911	A	G	0.581267	0.992404	0.192806	6.6E-01	-0.00266364	0.00567146	0.220578	6.4E-01	0.272867	6.0E-01
rs4787483	16	29885447	0.552081	A	G	0.662227	1	0.0264006	8.7E-01	0.000630895	0.00591796	0.011365	9.2E-01	0.0684435	7.9E-01
rs111886096	16	53598310	0.644304	A	G	0.862466	0.993464	0.132323	7.2E-01	0.00249198	0.00813248	0.0938952	7.6E-01	0.0617765	8.0E-01
rs7205986	16	53755146	0.644839	A	G	0.489919	0.988839	0.412938	5.2E-01	0.00334131	0.00563784	0.351244	5.5E-01	0.7097	4.0E-01
rs77712507	16	56742475	0.726646	G	A	0.929573	0.973547	31.1897	2.3E-08	-0.0622602	0.0110617	31.6795	1.8E-08	28.9742	7.3E-08
rs5011579	16	69187318	0.855228	C	G	0.2843	0.994942	0.17305	6.8E-01	0.00374273	0.00621008	0.363232	5.5E-01	0.671633	4.1E-01
rs12924872	16	69552215	0.858355	C	T	0.533347	0.984378	3.20769	7.3E-02	-0.00987392	0.00565668	3.04689	8.1E-02	2.71592	9.9E-02
rs811054	16	72251132	0.873381	C	T	0.462771	0.985658	0.753116	3.9E-01	0.00507467	0.00564242	0.808881	3.7E-01	0.780675	3.8E-01
rs12443634	16	81524274	1.04567	A	C	0.28686	0.984586	34.2195	4.9E-09	-0.0369536	0.00622571	35.2319	2.9E-09	30.513	3.3E-08
rs77081114	17	1816762	0.0641667	G	A	0.834903	1	1.06085	3.0E-01	-0.00836482	0.00754042	1.23061	2.7E-01	0.824007	3.6E-01
rs3026101	17	5280440	0.136672	T	C	0.696449	0.998494	0.773985	3.8E-01	0.00570062	0.0060922	0.875578	3.5E-01	1.0096	3.1E-01
rs10491104	17	15884561	0.425342	C	T	0.468509	1	0.1059	7.4E-01	-0.00147027	0.00560664	0.0687687	7.9E-01	0.0585857	8.1E-01
rs9906072	17	21245687	0.471598	T	C	0.486625	0.873727	3.73774	5.3E-02	-0.0111707	0.00599517	3.47186	6.2E-02	4.80865	2.8E-02
rs9904602	17	34835526	0.595066	T	A	0.482475	0.99641	0.130796	7.2E-01	0.00231023	0.00560177	0.170083	6.8E-01	0.0784957	7.8E-01
rs3760372	17	45380002	0.698538	T	C	0.315314	0.99342	33.3106	7.9E-09	-0.0341425	0.00604169	31.9354	1.6E-08	33.4487	7.3E-09
rs17631394	17	61646000	0.886955	G	A	0.736546	0.99153	1.81592	1.8E-01	0.0084306	0.00637666	1.74795	1.9E-01	1.74377	1.9E-01
rs75003668	17	64195431	0.918963	A	G	0.966642	0.97092	47.7909	4.7E-12	-0.108323	0.0157932	47.0435	6.9E-12	50.2558	1.3E-12
rs113120414	17	66945345	0.964692	A	G	0.942645	0.937715	49.9071	1.6E-12	-0.0908789	0.0124058	53.663	2.4E-13	57.3953	3.6E-14
rs4424946	17	78554888	1.24995	T	C	0.762112	0.998925	0.362825	5.5E-01	0.00461805	0.00656908	0.494206	4.8E-01	0.246859	6.2E-01
rs4076427	17	79087537	1.26024	G	C	0.609873	0.985353	0.0646567	8.0E-01	-0.00144554	0.00574902	0.0632225	8.0E-01	0.0606024	8.1E-01
rs1371274	18	1837007	0.0479005	A	C	0.863572	0.995553	1.00359	3.2E-01	-0.00888643	0.00813427	1.19349	2.7E-01	0.678224	4.1E-01
rs11875960	18	21071925	0.432054	A	G	0.650113	0.974621	4.68904	3.0E-02	-0.0147426	0.00593996	6.15999	1.3E-02	6.335	1.2E-02
rs9807506	18	39493911	0.604143	C	T	0.110516	0.995331	0.363308	5.5E-01	0.00547387	0.00893783	0.37508	5.4E-01	0.421273	5.2E-01
rs4890428	18	40697340	0.611694	G	T	0.5787	0.994435	3.01916	8.2E-02	0.00948957	0.00568968	2.78175	9.5E-02	2.9186	8.8E-02
rs7239114	18	45921214	0.66958	G	A	0.458185	0.985699	1.15923	2.8E-01	0.00670643	0.00565265	1.4076	2.4E-01	1.21932	2.7E-01
rs72934723	18	53305311	0.747109	A	G	0.96095	0.966483	1.97824	1.6E-01	-0.0194436	0.0146865	1.75274	1.9E-01	1.37503	2.4E-01
rs2187176	18	57679365	0.819838	A	G	0.309978	0.982596	0.00034419	9.9E-01	-0.000366585	0.00610127	0.00361001	9.5E-01	0.00658348	9.4E-01
rs117758180	18	57809744	0.821562	C	T	0.97678	1	0.056886	8.1E-01	0.00274548	0.0185652	0.0218694	8.8E-01	0.0072251	9.3E-01
rs113268469	18	57862913	0.821729	C	T	0.982698	0.966786	1.42313	2.3E-01	0.0243228	0.0218251	1.24198	2.7E-01	0.938933	3.3E-01
rs11668832	19	1812682	0.0683182	A	G	0.450689	0.989019	0.209714	6.5E-01	-0.00273614	0.00563305	0.235933	6.3E-01	0.330698	5.7E-01
rs72976986	19	4050424	0.142675	G	A	0.810758	0.984512	1.2825	2.6E-01	-0.00837919	0.00719704	1.35549	2.4E-01	1.70612	1.9E-01
rs55714539	19	18207397	0.447742	A	C	0.656472	0.982807	0.338663	5.6E-01	0.00211347	0.00591758	0.127557	7.2E-01	0.23012	6.3E-01
rs17724992	19	18454825	0.450275	A	G	0.730237	0.991647	0.466335	4.9E-01	0.00538245	0.0063054	0.728676	3.9E-01	0.715794	4.0E-01
rs2003476	19	18806668	0.454309	T	C	0.59308	0.986683	16.1716	5.8E-05	-0.023349	0.00570717	16.7377	4.3E-05	15.4591	8.4E-05
rs12461902	19	30265235	0.512848	G	A	0.672506	0.985963	3.68162	5.5E-02	0.0110811	0.00600687	3.40305	6.5E-02	2.99707	8.3E-02
rs11882409	19	34019685	0.562915	C	A	0.713772	0.966519	0.0622214	8.0E-01	-0.0015322	0.00628068	0.0595138	8.1E-01	0.323002	5.7E-01
rs62116588	19	44446097	0.68736	C	G	0.976805	0.933368	36.33	1.7E-09	0.114591	0.0192188	35.5508	2.5E-09	37.0424	1.2E-09
rs74747585	19	45039971	0.694152	T	C	0.974322	0.945812	34.6036	4.0E-09	0.106588	0.0180695	34.7958	3.7E-09	37.3712	9.8E-10
rs73048351	19	45160086	0.697689	C	A	0.989712	0.91554	50.944	9.5E-13	0.209984	0.0289743	52.5226	4.3E-13	55.9455	7.5E-14
rs139326841	19	45269725	0.701551	T	C	0.978636	0.821408	34.5715	4.1E-09	-0.123182	0.0212326	33.6577	6.6E-09	39.4606	3.3E-10
rs3745150	19	45385759	0.706836	G	C	0.607337	0.977556	40.3751	2.1E-10	-0.0359257	0.00579288	38.4612	5.6E-10	42.3331	7.7E-11
rs146390218	19	45478352	0.709104	A	G	0.973731	0.966351	140.784	1.8E-32	0.209739	0.0177456	139.694	3.1E-32	145.685	1.5E-33
rs141651018	19	46042665	0.717068	C	T	0.969731	0.964852	48.2321	3.8E-12	0.117444	0.0165767	50.196	1.4E-12	51.1297	8.6E-13
rs1884389	20	1410582	0.0620248	C	T	0.560429	0.990862	0.0395688	8.4E-01	0.000733308	0.00565762	0.0167998	9.0E-01	0.00381816	9.5E-01
rs1321453	20	6585670	0.214258	G	A	0.332006	0.979962	0.576405	4.5E-01	0.00464628	0.0060109	0.597491	4.4E-01	1.20778	2.7E-01
rs947088	20	17171373	0.411628	G	T	0.280165	0.992316	0.514064	4.7E-01	0.00526676	0.00625985	0.707879	4.0E-01	0.61296	4.3E-01
rs8116853	20	21439820	0.48109	A	G	0.902603	0.99434	0.159972	6.9E-01	-0.00386534	0.00944231	0.167579	6.8E-01	0.417656	5.2E-01
rs6142096	20	32686658	0.536502	G	A	0.481267	0.998195	2.03225	1.5E-01	0.00820837	0.00560682	2.14329	1.4E-01	1.94998	1.6E-01
rs79833227	20	44446643	0.670547	C	A	0.819405	0.99598	34.549	4.2E-09	0.0435096	0.00727117	35.8065	2.2E-09	42.4105	7.4E-11
rs2836753	21	40291187	0.447396	T	C	0.362883	0.999333	3.41536	6.5E-02	0.0112665	0.00580839	3.7624	5.2E-02	4.41148	3.6E-02
rs1964926	21	42653121	0.51205	A	G	0.35393	0.992207	0.00418778	9.5E-01	-0.000445327	0.00587602	0.00574372	9.4E-01	0.00169061	9.7E-01
rs8130074	21	46498684	0.621941	C	G	0.35124	0.996511	1.61778	2.0E-01	-0.00753473	0.00587323	1.64582	2.0E-01	2.25362	1.3E-01
rs4820399	22	40546633	0.498151	C	T	0.4075	0.991505	0.626357	4.3E-01	0.0044263	0.00570273	0.602443	4.4E-01	1.12869	2.9E-01
rs13053342	22	48871624	0.664334	G	A	0.577345	0.990848	0.259764	6.1E-01	-0.00326737	0.00567457	0.331537	5.6E-01	0.109996	7.4E-01
