SNP	CHR	BP	GENPOS	ALLELE1	ALLELE0	A1FREQ	INFO	CHISQ_LINREG	P_LINREG	BETA	SE	CHISQ_BOLT_LMM_INF	P_BOLT_LMM_INF	CHISQ_BOLT_LMM	P_BOLT_LMM
rs28788874	1	1520725	0.0141684	C	T	0.584735	0.768295	0.166111	6.8E-01	0.00335066	0.00642876	0.271648	6.0E-01	0.288455	5.9E-01
rs72634501	1	39551488	0.669558	T	C	0.760747	0.973003	6.52324	1.1E-02	0.018119	0.00663365	7.46042	6.3E-03	6.84913	8.9E-03
rs7545034	1	47659445	0.739124	T	C	0.495311	0.986554	4.94892	2.6E-02	-0.011596	0.00562493	4.2499	3.9E-02	4.70281	3.0E-02
rs7553454	1	49231261	0.759781	T	C	0.774904	0.984417	4.24768	3.9E-02	0.0131409	0.00671542	3.82914	5.0E-02	4.28654	3.8E-02
rs12117661	1	55487346	0.808955	C	G	0.755046	0.987273	48.2049	3.8E-12	0.0452585	0.0065471	47.7861	4.8E-12	47.1405	6.6E-12
rs2422134	1	72514701	1.03261	G	C	0.494392	0.995097	0.984158	3.2E-01	-0.00572786	0.00558896	1.05032	3.1E-01	0.905117	3.4E-01
rs6690871	1	74977277	1.04309	A	G	0.592502	0.986356	1.78785	1.8E-01	0.00756721	0.005721	1.74956	1.9E-01	1.37321	2.4E-01
rs2247536	1	77919438	1.07305	G	C	0.734406	0.984022	0.829552	3.6E-01	-0.00801551	0.00637929	1.57877	2.1E-01	2.45639	1.2E-01
rs1536023	1	96882019	1.26526	C	A	0.779556	0.988892	0.123067	7.3E-01	-0.000663824	0.00677781	0.0095924	9.2E-01	0.00129959	9.7E-01
rs10747488	1	98299475	1.27829	C	A	0.231417	0.993887	5.28763	2.1E-02	-0.0155628	0.00665227	5.47313	1.9E-02	6.76364	9.3E-03
rs920835	1	107946802	1.36667	G	A	0.707486	0.968585	2.28247	1.3E-01	-0.00890393	0.00624334	2.0339	1.5E-01	1.44394	2.3E-01
rs35358959	1	109824250	1.38736	G	A	0.919916	0.978071	38.7868	4.7E-10	0.0657296	0.0103994	39.9489	2.6E-10	37.6278	8.6E-10
rs12033257	1	112318484	1.42838	A	G	0.621237	0.983831	2.85595	9.1E-02	-0.00978201	0.00581315	2.83161	9.2E-02	2.33528	1.3E-01
rs4357530	1	151103153	1.65977	G	A	0.321207	0.991504	0.181769	6.7E-01	-0.00226962	0.00600741	0.142736	7.1E-01	0.302028	5.8E-01
rs148261599	1	155253286	1.69959	C	G	0.796018	0.939661	3.00256	8.3E-02	0.0110485	0.007127	2.40321	1.2E-01	2.16182	1.4E-01
rs12565430	1	174400537	1.95129	G	A	0.890495	0.989663	2.11336	1.5E-01	-0.0113875	0.00896372	1.6139	2.0E-01	1.2578	2.6E-01
rs10913418	1	177755299	1.98687	C	A	0.596511	0.989574	0.111231	7.4E-01	-0.000973222	0.00572171	0.0289316	8.6E-01	0.0995119	7.5E-01
rs1359940	1	177848153	1.98809	T	C	0.542981	0.978287	4.24556	3.9E-02	-0.0106631	0.00566994	3.53676	6.0E-02	4.45822	3.5E-02
rs9425633	1	184657251	2.05452	T	C	0.517837	0.997773	0.0133409	9.1E-01	-0.000911235	0.00558702	0.0266011	8.7E-01	0.032328	8.6E-01
rs10801363	1	194922207	2.13186	T	A	0.632532	0.99595	0.228853	6.3E-01	-0.002506	0.00579722	0.186862	6.7E-01	0.165227	6.8E-01
rs2494116	1	201784151	2.19723	G	A	0.451622	0.998902	3.79609	5.1E-02	0.0104534	0.00560319	3.48052	6.2E-02	3.34389	6.7E-02
rs2352723	1	230291868	2.53587	T	C	0.190234	0.982187	29.5166	5.5E-08	-0.039458	0.00715783	30.3883	3.5E-08	28.4573	9.6E-08
rs12042959	1	243533273	2.82744	A	G	0.856757	0.985729	3.31269	6.9E-02	-0.0141413	0.00800843	3.11806	7.7E-02	4.00173	4.5E-02
rs6548228	2	345889	0.00380575	T	C	0.476197	0.997111	7.81733	5.2E-03	-0.0150922	0.00559581	7.27405	7.0E-03	6.42883	1.1E-02
rs2667214	2	449487	0.00560823	A	G	0.676488	0.984343	0.0850464	7.7E-01	0.00143819	0.00602207	0.0570348	8.1E-01	0.0256472	8.7E-01
rs10176391	2	574368	0.00678655	C	G	0.988537	0.920209	0.0740619	7.9E-01	0.00783754	0.0273121	0.0823472	7.7E-01	0.181514	6.7E-01
rs11673889	2	21104631	0.419072	G	C	0.739344	0.972648	36.2469	1.7E-09	0.0393833	0.00644492	37.3413	9.9E-10	41.633	1.1E-10
rs4665377	2	27523440	0.473307	G	T	0.77262	0.965178	30.5501	3.3E-08	-0.0380676	0.00678443	31.4835	2.0E-08	31.6799	1.8E-08
rs10048652	2	35449306	0.577825	T	C	0.438309	0.999392	0.805556	3.7E-01	0.00521867	0.00563558	0.857517	3.5E-01	1.17023	2.8E-01
rs56266464	2	44054991	0.686489	G	A	0.939556	0.986548	46.1137	1.1E-11	0.0846515	0.0118081	51.3939	7.6E-13	53.5994	2.5E-13
rs698838	2	44738763	0.693339	C	T	0.374359	1	0.0870809	7.7E-01	0.00178429	0.00577122	0.0955861	7.6E-01	0.0287478	8.7E-01
rs3198123	2	55207693	0.827446	C	T	0.698625	0.993954	2.21989	1.4E-01	-0.0104221	0.00610971	2.90984	8.8E-02	3.11956	7.7E-02
rs13032423	2	57992112	0.847237	G	A	0.445418	0.996747	2.57694	1.1E-01	-0.00917176	0.00563412	2.65005	1.0E-01	2.35444	1.2E-01
rs55767040	2	58955028	0.850031	T	C	0.699424	0.989049	0.907222	3.4E-01	0.00591052	0.00613628	0.927769	3.4E-01	0.858796	3.5E-01
rs980183	2	59311536	0.858192	G	A	0.398003	0.996406	1.7317	1.9E-01	-0.00730049	0.00571054	1.63437	2.0E-01	2.03818	1.5E-01
rs7557796	2	86766153	1.16162	T	C	0.352323	0.999778	0.249983	6.2E-01	0.00340169	0.00584673	0.338505	5.6E-01	0.532903	4.7E-01
rs13023088	2	100576304	1.22131	C	T	0.849851	0.99385	2.47594	1.2E-01	-0.0112295	0.00782605	2.0589	1.5E-01	2.18026	1.4E-01
rs9308868	2	104361420	1.24985	G	A	0.475644	0.997977	0.195258	6.6E-01	0.00344792	0.00560316	0.378659	5.4E-01	0.304526	5.8E-01
rs1349512	2	105435369	1.26243	T	C	0.689911	0.999103	0.434205	5.1E-01	0.00246046	0.00602858	0.166572	6.8E-01	0.179627	6.7E-01
rs1530559	2	135755629	1.58463	A	G	0.600693	1	5.08642	2.4E-02	-0.00898112	0.00565314	2.52395	1.1E-01	3.34785	6.7E-02
rs2034604	2	143958745	1.64938	C	T	0.463349	0.997459	0.0652087	8.0E-01	-0.003056	0.00560744	0.297015	5.9E-01	0.248102	6.2E-01
rs12692596	2	161265910	1.78694	C	T	0.629192	0.996301	4.08575	4.3E-02	0.0110732	0.00576508	3.68921	5.5E-02	3.28776	7.0E-02
rs12328675	2	165540800	1.81492	T	C	0.879644	0.99881	18.4387	1.8E-05	-0.0365492	0.00856561	18.207	2.0E-05	18.7845	1.5E-05
rs6745626	2	181436641	2.00364	C	T	0.408617	0.996845	1.02993	3.1E-01	0.00598248	0.00568651	1.1068	2.9E-01	1.40784	2.4E-01
rs6743255	2	205363596	2.17314	A	G	0.119725	1	2.96153	8.5E-02	-0.0131165	0.0085821	2.33587	1.3E-01	1.69632	1.9E-01
rs13000757	2	207145906	2.20108	G	T	0.495484	0.995817	0.131601	7.2E-01	0.000932997	0.00560443	0.0277139	8.7E-01	0.0190888	8.9E-01
rs11692326	2	208263279	2.21189	C	T	0.770028	0.999964	1.78781	1.8E-01	0.00743041	0.00661922	1.26012	2.6E-01	1.30494	2.5E-01
rs7578326	2	227020653	2.44233	A	G	0.659679	1	29.7642	4.9E-08	-0.0326275	0.00588147	30.7748	2.9E-08	31.1889	2.3E-08
rs12611517	2	228977034	2.47863	T	A	0.656814	0.999378	8.05357	4.5E-03	0.0167878	0.00587777	8.15761	4.3E-03	8.68858	3.2E-03
rs13098833	3	20428568	0.395393	A	G	0.723663	0.994024	0.0196402	8.9E-01	-0.00227994	0.00628931	0.131413	7.2E-01	0.0850123	7.7E-01
rs754635	3	42305131	0.652861	C	G	0.112989	0.99768	0.122866	7.3E-01	-0.00464736	0.00879513	0.279208	6.0E-01	0.187152	6.7E-01
rs72906474	3	47817007	0.688057	G	T	0.417107	0.973948	0.00745584	9.3E-01	7.6699e-05	0.00574202	0.000178423	9.9E-01	0.0533118	8.2E-01
rs71326904	3	49991060	0.690403	C	T	0.749113	0.999883	1.27762	2.6E-01	-0.00842995	0.00644581	1.71039	1.9E-01	1.23404	2.7E-01
rs1371095	3	61147530	0.807508	A	G	0.581645	0.99157	0.14673	7.0E-01	0.00238244	0.00568951	0.175345	6.8E-01	0.0349157	8.5E-01
rs9874646	3	62462818	0.82936	C	T	0.314458	0.963027	0.307815	5.8E-01	0.00272467	0.00613236	0.197412	6.6E-01	0.0722473	7.9E-01
rs7430139	3	82504148	1.08216	A	G	0.834726	1	1.82604	1.8E-01	-0.0101566	0.00753821	1.81535	1.8E-01	1.76293	1.8E-01
rs1248859	3	85017098	1.08828	G	C	0.331024	0.996188	1.41362	2.3E-01	0.00816685	0.00595155	1.88299	1.7E-01	2.22015	1.4E-01
rs9857105	3	93893210	1.10433	A	G	0.459959	0.997124	0.8692	3.5E-01	-0.00468301	0.00562351	0.693484	4.0E-01	0.666943	4.1E-01
rs11917909	3	107864673	1.2019	G	A	0.64971	0.995989	0.00672255	9.3E-01	-0.000214713	0.00585468	0.00134496	9.7E-01	0.00401841	9.5E-01
rs2037001	3	131458973	1.44255	C	G	0.708207	0.979412	0.563604	4.5E-01	0.00493984	0.00621169	0.63242	4.3E-01	1.70466	1.9E-01
rs9827662	3	135710841	1.49347	C	A	0.75398	0.999173	0.0454001	8.3E-01	0.000587583	0.00648149	0.00821843	9.3E-01	0.0262615	8.7E-01
rs355786	3	153990749	1.684	G	A	0.607502	0.999005	0.305679	5.8E-01	-0.00239122	0.0057365	0.173759	6.8E-01	0.497529	4.8E-01
rs1604038	3	170709193	1.7983	C	T	0.714201	0.999363	0.186892	6.7E-01	0.00157533	0.00617388	0.065107	8.0E-01	0.0294073	8.6E-01
rs9867130	3	185729753	2.0208	A	G	0.141676	0.965346	0.445143	5.0E-01	0.00591857	0.00817495	0.524161	4.7E-01	0.428119	5.1E-01
rs11736501	4	18451423	0.339653	A	C	0.680338	0.997158	0.978553	3.2E-01	0.00544559	0.00598892	0.826785	3.6E-01	2.19796	1.4E-01
rs73244271	4	20091053	0.357316	A	G	0.887469	0.995322	3.59555	5.8E-02	0.0169326	0.00888519	3.63171	5.7E-02	3.00208	8.3E-02
rs6849555	4	25150890	0.433804	G	C	0.799698	0.94032	0.00730497	9.3E-01	-0.000476504	0.00719763	0.00438283	9.5E-01	0.00427838	9.5E-01
rs4623046	4	45042343	0.679347	G	A	0.33237	0.994028	1.75581	1.9E-01	-0.00817972	0.00593538	1.89924	1.7E-01	1.58891	2.1E-01
rs6829208	4	52728640	0.6941	T	C	0.726338	0.99807	0.347632	5.6E-01	-0.00458452	0.00626066	0.536226	4.6E-01	0.326576	5.7E-01
rs6815651	4	55487718	0.714225	C	T	0.450226	0.994486	3.48369	6.2E-02	-0.0123495	0.00562028	4.82815	2.8E-02	4.98382	2.6E-02
rs923994	4	67802992	0.836181	A	G	0.217153	0.992221	1.44781	2.3E-01	-0.00709282	0.00677705	1.09536	3.0E-01	0.517001	4.7E-01
rs12645001	4	96018337	1.09763	G	A	0.650874	0.99796	2.22165	1.4E-01	0.00885995	0.00585687	2.2884	1.3E-01	2.33603	1.3E-01
rs13105682	4	102702364	1.15516	T	G	0.941406	0.93989	3.71435	5.4E-02	0.0224499	0.0122707	3.34727	6.7E-02	3.68197	5.5E-02
rs11728213	4	113309647	1.25168	G	A	0.683684	0.99931	0.444028	5.1E-01	-0.0031413	0.00601591	0.272656	6.0E-01	0.122818	7.3E-01
rs1296328	4	137083193	1.44321	A	C	0.440098	0.99123	0.269092	6.0E-01	-0.00164962	0.00567637	0.0844555	7.7E-01	0.21729	6.4E-01
rs4863516	4	140773770	1.49281	T	C	0.672112	0.999318	0.0949253	7.6E-01	-0.00140181	0.00594442	0.0556111	8.1E-01	0.231807	6.3E-01
rs750090	4	152931436	1.59021	T	C	0.646587	0.97605	0.682397	4.1E-01	0.00514013	0.0058831	0.763371	3.8E-01	0.540101	4.6E-01
rs13110266	4	162129844	1.69444	G	A	0.582061	0.993805	6.32698	1.2E-02	-0.0150199	0.00567394	7.00754	8.1E-03	6.60012	1.0E-02
rs4597930	5	27171542	0.425308	T	C	0.71786	0.997265	1.68256	1.9E-01	-0.00834246	0.00622249	1.79746	1.8E-01	2.95175	8.6E-02
rs6451675	5	43110855	0.62057	C	G	0.307452	0.990847	2.54622	1.1E-01	0.00974323	0.00606925	2.57713	1.1E-01	2.70329	1.0E-01
rs3843467	5	55856375	0.681472	G	T	0.792691	0.997784	34.7471	3.8E-09	0.0418066	0.00688168	36.9063	1.2E-09	40.5948	1.9E-10
rs6449674	5	62995938	0.739824	T	C	0.52251	0.996207	1.57961	2.1E-01	0.00710331	0.00559971	1.60912	2.0E-01	1.10683	2.9E-01
rs4072296	5	74242002	0.858799	T	C	0.46019	0.938263	14.7336	1.2E-04	-0.0215915	0.00578241	13.9428	1.9E-04	16.9645	3.8E-05
rs11740689	5	80841360	0.956164	A	C	0.681749	0.9953	0.21484	6.4E-01	-0.00336413	0.00600083	0.314285	5.8E-01	0.200668	6.5E-01
rs77156384	5	87709219	1.01438	A	G	0.979071	1	0.801326	3.7E-01	0.0155409	0.0195336	0.632978	4.3E-01	0.935668	3.3E-01
rs7701355	5	88804839	1.01946	G	T	0.578544	0.999666	2.02268	1.5E-01	0.00660579	0.00566535	1.35955	2.4E-01	2.50757	1.1E-01
rs6885199	5	92574633	1.04879	G	A	0.9622	1	0.438411	5.1E-01	-0.00879598	0.0146418	0.360892	5.5E-01	0.160435	6.9E-01
rs12186664	5	95630225	1.07202	A	T	0.684284	0.993149	0.612524	4.3E-01	-0.00454583	0.00601934	0.570335	4.5E-01	0.378649	5.4E-01
rs1835978	5	107265051	1.15538	T	C	0.111179	0.976322	4.23123	4.0E-02	0.0185567	0.00898057	4.26967	3.9E-02	4.29332	3.8E-02
rs459552	5	112176756	1.19663	T	A	0.232844	1	0.84485	3.6E-01	-0.00783567	0.00659718	1.4107	2.3E-01	2.0392	1.5E-01
rs329120	5	133861756	1.41589	C	T	0.579716	0.996967	3.14415	7.6E-02	-0.010577	0.00567172	3.47771	6.2E-02	2.88723	8.9E-02
rs356453	5	139053563	1.4578	G	A	0.669183	0.993285	1.24749	2.6E-01	0.00730995	0.00594727	1.51075	2.2E-01	1.45392	2.3E-01
rs2190788	5	144484261	1.52142	G	T	0.681254	0.989372	1.35606	2.4E-01	-0.00736171	0.0060446	1.48327	2.2E-01	1.7155	1.9E-01
rs7701886	5	153547409	1.6413	G	A	0.45336	0.99206	1.38862	2.4E-01	0.00604368	0.00563589	1.14995	2.8E-01	1.35039	2.5E-01
rs2287894	5	170322919	1.86356	T	A	0.272401	0.998905	2.10854	1.5E-01	0.00912424	0.00628299	2.10892	1.5E-01	2.96853	8.5E-02
rs10947758	6	12093961	0.272682	T	C	0.645937	0.995017	0.0271616	8.7E-01	0.000264638	0.00586216	0.00203793	9.6E-01	0.0457751	8.3E-01
rs9357634	6	13192190	0.290983	T	C	0.701576	0.98883	2.22458	1.4E-01	-0.00886316	0.00614313	2.0816	1.5E-01	1.91655	1.7E-01
rs3806114	6	20482335	0.408974	G	A	0.330694	0.979566	0.377679	5.4E-01	-0.00227381	0.00600603	0.143329	7.0E-01	0.314532	5.7E-01
rs2768	6	31321856	0.512785	A	G	0.749612	0.995049	0.103069	7.5E-01	0.00177954	0.00647118	0.0756216	7.8E-01	0.0281242	8.7E-01
rs2260051	6	31591918	0.515519	A	T	0.438115	0.999979	0.0759501	7.8E-01	-0.000597084	0.00562052	0.0112854	9.2E-01	0.157127	6.9E-01
rs57493997	6	34443523	0.547182	T	C	0.907375	0.988432	0.0265567	8.7E-01	-0.000650753	0.00968285	0.00451675	9.5E-01	0.00731941	9.3E-01
rs35679149	6	43604167	0.672046	A	G	0.973525	1	1.911	1.7E-01	-0.0208488	0.0174171	1.43287	2.3E-01	0.989911	3.2E-01
rs4714925	6	46304194	0.722787	A	G	0.493044	0.998125	0.00874476	9.3E-01	0.000248269	0.00559244	0.00197081	9.6E-01	0.0456873	8.3E-01
rs9473821	6	50356035	0.748721	T	C	0.122366	0.995677	1.22203	2.7E-01	-0.010405	0.0085396	1.48461	2.2E-01	0.949303	3.3E-01
rs1369869	6	83366282	0.934423	C	T	0.558841	0.987317	0.615608	4.3E-01	0.00453513	0.00565998	0.642022	4.2E-01	0.541827	4.6E-01
rs6905544	6	98411631	1.06235	A	G	0.398807	0.997318	3.24039	7.2E-02	0.00994203	0.00571236	3.02914	8.2E-02	3.42131	6.4E-02
rs1575676	6	108861264	1.17848	C	T	0.628148	0.997454	1.06285	3.0E-01	0.00668397	0.00577099	1.34143	2.5E-01	0.692111	4.1E-01
rs9387640	6	119508871	1.25792	C	T	0.635398	1	1.94126	1.6E-01	-0.00921332	0.00581559	2.50984	1.1E-01	2.94273	8.6E-02
rs198665	6	143154886	1.51958	C	A	0.629508	0.991725	6.93334	8.5E-03	0.0161864	0.00581227	7.75547	5.4E-03	7.25187	7.1E-03
rs7755574	6	153364643	1.66311	G	T	0.718151	0.997121	5.76482	1.6E-02	0.0165627	0.00624637	7.03079	8.0E-03	6.63947	1.0E-02
rs41265930	6	160964135	1.77505	T	C	0.92907	1	31.2276	2.3E-08	0.0596037	0.0108888	29.963	4.4E-08	30.0736	4.2E-08
rs3817576	7	1023191	0.0111024	A	G	0.474571	0.994298	33.1111	8.7E-09	0.0316943	0.0056153	31.8579	1.7E-08	33.0591	8.9E-09
rs4307239	7	24354300	0.415589	A	G	0.540084	0.99283	0.0974491	7.5E-01	0.00280139	0.00562144	0.248344	6.2E-01	0.259718	6.1E-01
rs3807566	7	50564204	0.76671	G	T	0.56098	0.994523	0.16733	6.8E-01	0.00192197	0.00563418	0.116367	7.3E-01	0.149029	7.0E-01
rs4718966	7	70040558	0.868636	C	T	0.584999	0.992694	0.921189	3.4E-01	-0.00540464	0.00570179	0.898486	3.4E-01	1.2542	2.6E-01
rs10950289	7	71429308	0.890251	A	G	0.837402	0.9787	4.1707	4.1E-02	-0.0160032	0.00763913	4.38861	3.6E-02	5.99684	1.4E-02
rs6964833	7	74101909	0.91305	T	C	0.742216	0.9996	2.76125	9.7E-02	0.0092323	0.00639542	2.08393	1.5E-01	1.63129	2.0E-01
rs7805441	7	78121458	0.952449	C	T	0.496028	0.987826	6.77589	9.2E-03	0.0141342	0.00564078	6.27861	1.2E-02	5.98854	1.4E-02
rs16868443	7	93206264	1.0947	G	C	0.638366	0.996209	0.15942	6.9E-01	-0.0026912	0.00580855	0.214662	6.4E-01	0.0370174	8.5E-01
rs17155888	7	103416295	1.18694	T	A	0.573633	0.98913	0.0726188	7.9E-01	-0.00116325	0.0056801	0.0419404	8.4E-01	0.170254	6.8E-01
rs7788008	7	112972483	1.29323	G	A	0.566242	0.997606	0.879443	3.5E-01	0.00531979	0.005635	0.891256	3.5E-01	0.767341	3.8E-01
rs12705908	7	113422504	1.29936	A	G	0.435782	0.999217	1.48631	2.2E-01	-0.00741722	0.00563259	1.73407	1.9E-01	0.609319	4.4E-01
rs1563408	7	114303189	1.30467	G	A	0.518625	0.9976	0.250255	6.2E-01	0.00174031	0.00559528	0.0967407	7.6E-01	0.180527	6.7E-01
rs2968856	7	150614934	1.67963	T	C	0.750666	0.995794	1.35026	2.5E-01	-0.0080338	0.0064762	1.53887	2.1E-01	2.19734	1.4E-01
rs2980478	8	8088230	0.237388	T	C	0.524982	0.963758	37.7216	8.2E-10	-0.0354491	0.00571136	38.524	5.4E-10	39.281	3.7E-10
rs62496677	8	19636940	0.469846	A	C	0.808299	0.995456	36.2709	1.7E-09	-0.0395949	0.00709712	31.1254	2.4E-08	31.798	1.7E-08
rs66462329	8	19912060	0.473335	G	A	0.718482	0.996492	62.7856	2.3E-15	-0.0490071	0.00619795	62.5205	2.6E-15	69.4822	7.7E-17
rs1362910	8	30856464	0.645028	A	G	0.419317	0.991461	0.268394	6.0E-01	-0.00319736	0.00565708	0.319446	5.7E-01	0.338094	5.6E-01
rs12681792	8	62054463	0.850895	C	A	0.807401	0.990908	0.562834	4.5E-01	0.00403566	0.00712687	0.320651	5.7E-01	0.512964	4.7E-01
rs7822926	8	64701966	0.867188	A	C	0.529208	0.995395	0.143882	7.0E-01	-0.0024306	0.00561048	0.187684	6.6E-01	0.261607	6.1E-01
rs2017657	8	73426371	0.974058	G	T	0.427149	1	1.52443	2.2E-01	-0.00694528	0.00566104	1.50517	2.2E-01	1.00559	3.2E-01
rs2943611	8	76473939	1.00704	T	C	0.203974	0.993157	1.71365	1.9E-01	0.00905665	0.0069456	1.70026	1.9E-01	1.23343	2.7E-01
rs9298280	8	77329753	1.00881	T	G	0.287889	0.987301	3.6045	5.8E-02	0.0107367	0.00618929	3.00928	8.3E-02	3.12376	7.7E-02
rs1180626	8	116476393	1.31509	G	A	0.224213	0.994168	2.23847	1.3E-01	-0.010436	0.006736	2.40031	1.2E-01	1.9749	1.6E-01
rs10124645	9	11321119	0.255592	A	G	0.589801	0.991792	0.151595	7.0E-01	-0.00142445	0.00572331	0.061944	8.0E-01	0.0997473	7.5E-01
rs2457637	9	15533394	0.341722	T	C	0.512743	0.988377	1.20538	2.7E-01	0.00676729	0.00561143	1.45439	2.3E-01	1.23389	2.7E-01
rs6476065	9	28403813	0.542923	C	T	0.423663	0.971482	1.36409	2.4E-01	0.00595637	0.00572173	1.0837	3.0E-01	1.59854	2.1E-01
rs12345603	9	29601893	0.557517	C	T	0.574964	0.971878	5.89588	1.5E-02	0.0143701	0.00573224	6.28448	1.2E-02	4.85617	2.8E-02
rs868980	9	92140852	1.08916	A	G	0.764207	0.992973	12.9071	3.3E-04	0.0244567	0.0065981	13.7391	2.1E-04	11.9467	5.5E-04
rs7873003	9	96392945	1.13399	T	C	0.320009	0.990354	0.0812978	7.8E-01	0.00150752	0.00601503	0.0628132	8.0E-01	0.165533	6.8E-01
rs1852865	9	102750138	1.19624	C	T	0.434954	0.999839	0.625238	4.3E-01	0.00397512	0.00565007	0.494985	4.8E-01	0.424249	5.1E-01
rs7024334	9	109072075	1.25943	T	G	0.221004	0.999349	0.354725	5.5E-01	-0.00324536	0.00672778	0.232692	6.3E-01	0.116308	7.3E-01
rs1252008	9	120362838	1.43341	T	C	0.568657	0.998833	0.12294	7.3E-01	0.0030083	0.00563018	0.285494	5.9E-01	0.0390317	8.4E-01
rs3829849	9	129390800	1.5324	C	T	0.630889	0.998111	3.71286	5.4E-02	0.0111399	0.00579034	3.70131	5.4E-02	3.42526	6.4E-02
rs10733682	9	129460914	1.5336	A	G	0.474217	0.966242	0.636017	4.3E-01	0.00507756	0.00566508	0.803339	3.7E-01	1.3143	2.5E-01
rs2267958	9	131015279	1.55043	G	A	0.485563	0.958689	0.638227	4.2E-01	0.00379275	0.00571673	0.440163	5.1E-01	0.477019	4.9E-01
rs10159545	10	21766969	0.466662	C	G	0.649246	0.986543	3.28524	7.0E-02	0.0116711	0.00588405	3.93434	4.7E-02	3.65878	5.6E-02
rs12762034	10	33969931	0.621029	T	C	0.92272	0.998956	1.09281	3.0E-01	0.0147353	0.0104537	1.98693	1.6E-01	1.54575	2.1E-01
rs4595495	10	53673286	0.748363	A	G	0.58387	0.998015	0.0921206	7.6E-01	0.000531875	0.0056918	0.00873212	9.3E-01	0.0589934	8.1E-01
rs4746855	10	64822828	0.870307	G	A	0.596714	1	16.0993	6.0E-05	-0.022541	0.00570721	15.5991	7.8E-05	15.129	1.0E-04
rs12098284	10	76047464	0.999816	C	T	0.877434	0.998637	0.0373199	8.5E-01	-0.00217596	0.00852483	0.0651526	8.0E-01	0.44011	5.1E-01
rs1249156	10	79979737	1.04291	T	C	0.294183	0.999324	0.262049	6.1E-01	-0.00330012	0.00613705	0.289162	5.9E-01	0.107068	7.4E-01
rs12245654	10	87562928	1.13739	A	C	0.927047	0.984714	5.10719	2.4E-02	0.0244581	0.0108173	5.11218	2.4E-02	3.30856	6.9E-02
rs472576	10	99694970	1.2698	G	C	0.540757	0.96945	0.473196	4.9E-01	-0.00469033	0.00568312	0.681133	4.1E-01	0.729899	3.9E-01
rs4074720	10	114748497	1.39784	C	T	0.534572	0.984751	0.664272	4.2E-01	0.00525048	0.00563688	0.867603	3.5E-01	0.931555	3.3E-01
rs72828935	10	126587488	1.61238	G	C	0.716689	0.993686	3.24992	7.1E-02	0.0114478	0.00621883	3.38864	6.6E-02	3.40654	6.5E-02
rs12778347	10	133978806	1.80077	G	T	0.423877	0.999758	1.07799	3.0E-01	0.0038954	0.00565231	0.474955	4.9E-01	1.06187	3.0E-01
rs12802861	11	8387806	0.188896	C	T	0.71326	0.995592	2.70529	1.0E-01	-0.00961423	0.00618787	2.41405	1.2E-01	1.81581	1.8E-01
rs7942486	11	13288698	0.267633	G	T	0.432178	0.998702	2.66206	1.0E-01	0.00864109	0.00564627	2.34214	1.3E-01	2.28741	1.3E-01
rs12791818	11	27277760	0.463075	A	G	0.918985	0.937343	1.03496	3.1E-01	-0.00866091	0.0105805	0.670068	4.1E-01	0.864093	3.5E-01
rs2679059	11	43599791	0.621966	A	T	0.402252	0.990165	7.33214	6.8E-03	-0.0159873	0.0057417	7.75295	5.4E-03	6.25838	1.2E-02
rs11038428	11	45404318	0.657443	G	T	0.717407	0.990678	0.0366431	8.5E-01	-0.0023329	0.00622328	0.140525	7.1E-01	0.286105	5.9E-01
rs35184771	11	47475189	0.665304	G	T	0.648082	0.998878	0.771536	3.8E-01	0.00569452	0.00584192	0.950173	3.3E-01	1.01696	3.1E-01
rs198457	11	61471678	0.70287	C	T	0.812318	0.983863	35.8569	2.1E-09	-0.0431993	0.00719779	36.0209	2.0E-09	41.298	1.3E-10
rs11549690	11	63991581	0.731065	G	A	0.922817	1	1.00648	3.2E-01	-0.0106729	0.0104705	1.03903	3.1E-01	1.17564	2.8E-01
rs10896007	11	65245829	0.737845	T	A	0.789067	0.98525	3.25396	7.1E-02	0.0125862	0.00690801	3.31958	6.8E-02	3.94174	4.7E-02
rs667515	11	69449076	0.766481	G	C	0.61173	0.990296	5.25965	2.2E-02	-0.0137493	0.00573686	5.74397	1.7E-02	4.12791	4.2E-02
rs2605603	11	93221105	1.00432	G	A	0.520259	0.995512	3.52231e-06	1.0E+00	0.00116068	0.00557003	0.0434217	8.3E-01	0.00436144	9.5E-01
rs4937870	11	112826709	1.19814	A	G	0.689169	0.983578	0.280436	6.0E-01	-0.00381126	0.00607794	0.39321	5.3E-01	0.156649	6.9E-01
rs2187986	11	115001410	1.23045	G	A	0.524684	0.965018	0.187523	6.6E-01	0.00277223	0.00569867	0.236652	6.3E-01	0.473281	4.9E-01
rs501351	11	118917814	1.29362	T	G	0.605774	0.997555	3.23275	7.2E-02	0.00955405	0.00571647	2.79331	9.5E-02	2.6727	1.0E-01
rs7941030	11	122522375	1.35839	T	C	0.616205	1	2.80961	9.4E-02	-0.0108506	0.00576233	3.54576	6.0E-02	3.54313	6.0E-02
rs4366492	11	130717256	1.51227	T	C	0.474614	0.99465	1.30038	2.5E-01	0.00672385	0.00558464	1.44959	2.3E-01	1.01011	3.1E-01
rs10894604	11	132641746	1.55638	T	G	0.652028	1	0.195402	6.6E-01	-0.00122088	0.00586022	0.0434028	8.3E-01	0.0201462	8.9E-01
rs11064524	12	889902	0.0208303	T	G	0.758532	1	0.654619	4.2E-01	0.00502596	0.00651109	0.595842	4.4E-01	0.499863	4.8E-01
rs7976757	12	19207948	0.354438	T	C	0.171206	0.989812	0.232644	6.3E-01	0.00496341	0.00743323	0.445867	5.0E-01	0.87627	3.5E-01
rs16926776	12	24001905	0.419584	C	T	0.922961	1	1.21929	2.7E-01	-0.00795303	0.0104952	0.574226	4.5E-01	0.595293	4.4E-01
rs11181001	12	41948196	0.563104	A	G	0.469108	0.977653	0.0482659	8.3E-01	6.5108e-05	0.00564218	0.000133161	9.9E-01	0.0130442	9.1E-01
rs2720296	12	50169070	0.630128	G	A	0.609632	0.950295	1.29395	2.6E-01	-0.00486597	0.0058819	0.684391	4.1E-01	0.688154	4.1E-01
rs11173522	12	60953472	0.741724	C	A	0.784532	0.998242	0.0102339	9.2E-01	0.000815605	0.00681061	0.0143413	9.0E-01	0.13134	7.2E-01
rs317646	12	69657145	0.849888	G	A	0.275066	0.99846	3.47347	6.2E-02	-0.0125057	0.00626608	3.98313	4.6E-02	4.93687	2.6E-02
rs704067	12	89726027	1.03172	G	A	0.545146	0.989595	0.560994	4.5E-01	0.0047751	0.0056536	0.713368	4.0E-01	0.998707	3.2E-01
rs591776	12	99538895	1.16639	C	T	0.364365	0.994453	2.04802	1.5E-01	-0.00833026	0.0058231	2.04648	1.5E-01	1.21711	2.7E-01
rs4433630	12	103650031	1.2114	T	C	0.48744	0.978156	0.363841	5.5E-01	0.00223962	0.00563111	0.158183	6.9E-01	2.7082e-06	1.0E+00
rs11832936	12	110549533	1.29782	A	C	0.610247	0.999756	0.918431	3.4E-01	0.00476316	0.00575084	0.686004	4.1E-01	0.313974	5.8E-01
rs111828690	12	117576767	1.39704	C	T	0.779464	0.990204	0.0600207	8.1E-01	-0.000652356	0.00680262	0.00919639	9.2E-01	0.0861048	7.7E-01
rs144713920	12	122485389	1.46548	C	G	0.945974	0.956209	1.15299	2.8E-01	0.0116732	0.0126302	0.854193	3.6E-01	1.35	2.5E-01
rs12317176	12	124404718	1.4789	T	C	0.662157	0.998072	5.82364	1.6E-02	-0.0128704	0.00589312	4.76972	2.9E-02	6.20073	1.3E-02
rs9579775	13	20616557	0.0139469	A	C	0.863467	0.926233	0.686455	4.1E-01	-0.00571581	0.00846727	0.455689	5.0E-01	0.49958	4.8E-01
rs4771218	13	28655311	0.212187	G	A	0.373005	0.991013	0.00915739	9.2E-01	-0.001349	0.00580333	0.0540339	8.2E-01	0.0453539	8.3E-01
rs9591001	13	33042870	0.304346	G	A	0.634695	0.994769	2.83687	9.2E-02	-0.0108576	0.0058333	3.46446	6.3E-02	3.54161	6.0E-02
rs9568856	13	54064981	0.568758	G	A	0.871723	1	1.36101	2.4E-01	-0.00985618	0.00836141	1.3895	2.4E-01	1.99845	1.6E-01
rs6561937	13	58257667	0.585042	T	A	0.243776	0.993408	3.62965	5.7E-02	-0.0120295	0.00654234	3.38086	6.6E-02	4.22681	4.0E-02
rs1413125	13	59260131	0.587755	G	T	0.574048	0.994453	2.06908	1.5E-01	-0.00908285	0.00567489	2.56171	1.1E-01	2.96662	8.5E-02
rs1441264	13	79580919	0.787841	G	A	0.406364	0.956515	3.00538	8.3E-02	0.0102545	0.00579415	3.1322	7.7E-02	3.81211	5.1E-02
rs61969477	13	86477950	0.835644	T	C	0.717214	0.998003	1.42546	2.3E-01	0.0055851	0.00620266	0.810784	3.7E-01	1.2959	2.5E-01
rs1927790	13	96922191	0.93596	T	C	0.587589	0.998094	0.0760834	7.8E-01	0.0015773	0.00568752	0.0769103	7.8E-01	0.110891	7.4E-01
rs7335249	13	109962579	1.18904	T	C	0.587526	0.995494	0.0442071	8.3E-01	0.000231773	0.00568847	0.00166011	9.7E-01	0.0270021	8.7E-01
rs7141213	14	25878636	0.160923	C	T	0.428505	0.99817	0.213417	6.4E-01	0.00197285	0.00566665	0.121209	7.3E-01	0.24317	6.2E-01
rs6576279	14	29649958	0.207571	G	C	0.190393	0.998923	2.89455	8.9E-02	0.0115141	0.00709483	2.63374	1.0E-01	2.22215	1.4E-01
rs2143975	14	33297398	0.262161	C	G	0.467897	0.986467	1.75684	1.9E-01	-0.00780134	0.00565506	1.90311	1.7E-01	0.988476	3.2E-01
rs35020117	14	73341655	0.671145	T	G	0.538277	0.933938	3.10507	7.8E-02	-0.0111087	0.00579748	3.67154	5.5E-02	3.46934	6.3E-02
rs7159565	14	79891894	0.74792	T	C	0.36268	0.984708	1.48063	2.2E-01	-0.00599519	0.00583661	1.05508	3.0E-01	2.05915	1.5E-01
rs1951455	14	91512339	0.88209	T	C	0.283982	0.997245	6.96516	8.3E-03	-0.0168402	0.00619752	7.38344	6.6E-03	9.22504	2.4E-03
rs2273639	14	93762162	0.916561	C	T	0.692907	0.99913	3.1606	7.5E-02	-0.0118749	0.0060652	3.83324	5.0E-02	4.05015	4.4E-02
rs7161194	14	101529005	1.0886	A	G	0.336786	0.914125	0.567196	4.5E-01	0.00548733	0.00617747	0.789043	3.7E-01	1.15886	2.8E-01
rs12148050	14	103263788	1.11638	A	G	0.348874	0.9994	0.0122339	9.1E-01	0.00133294	0.00584997	0.0519174	8.2E-01	0.114347	7.4E-01
rs35443927	14	103849715	1.12404	C	T	0.630061	0.995118	0.00448479	9.5E-01	1.88441e-05	0.00578096	1.06255e-05	1.0E+00	0.00815124	9.3E-01
rs143875230	15	43278726	0.641084	G	A	0.974318	0.968225	42.1552	8.4E-11	0.112889	0.0179386	39.6026	3.1E-10	37.5937	8.7E-10
rs72739147	15	58571401	0.781922	A	T	0.869571	0.986571	55.2284	1.1E-13	0.0638989	0.00833726	58.7408	1.8E-14	59.0776	1.5E-14
rs145347194	15	58670135	0.784295	T	C	0.9068	0.923212	52.8918	3.5E-13	-0.0740388	0.00999814	54.8379	1.3E-13	58.276	2.3E-14
rs17821316	15	58703069	0.785726	A	C	0.481835	1	70.9074	3.7E-17	0.0464775	0.00558231	69.3198	8.4E-17	67.2943	2.3E-16
rs4777542	15	73082366	0.987566	C	T	0.670419	0.995307	2.00526	1.6E-01	0.00751937	0.00597249	1.58509	2.1E-01	1.265	2.6E-01
rs11855821	15	78008843	1.01251	G	A	0.714306	0.958126	0.339282	5.6E-01	-0.00345612	0.00629852	0.301093	5.8E-01	0.252846	6.2E-01
rs12914623	15	80993570	1.05801	G	C	0.732913	0.994175	0.880329	3.5E-01	-0.00507522	0.00632128	0.644615	4.2E-01	0.480078	4.9E-01
rs7168523	15	95263911	1.31585	C	T	0.355269	0.99653	1.66764	2.0E-01	-0.00805933	0.00584308	1.90246	1.7E-01	2.15366	1.4E-01
rs1048786	16	336916	0.0036807	C	T	0.830941	1	0.129693	7.2E-01	-0.000263679	0.00745619	0.0012506	9.7E-01	0.0362376	8.5E-01
rs2601773	16	4001898	0.0718473	C	A	0.503399	0.995484	0.0240901	8.8E-01	0.000867892	0.00559565	0.0240564	8.8E-01	0.00962116	9.2E-01
rs9934930	16	4902038	0.0862098	A	G	0.521116	0.994594	0.0448716	8.3E-01	0.00138512	0.0056266	0.0606015	8.1E-01	0.27194	6.0E-01
rs11648086	16	15054021	0.32114	G	A	0.662064	0.785615	33.2625	8.1E-09	-0.038447	0.00666641	33.2614	8.1E-09	30.1163	4.1E-08
rs4238585	16	20255097	0.398011	C	T	0.13201	0.96298	0.00863466	9.3E-01	-0.000295736	0.00840155	0.00123905	9.7E-01	0.161322	6.9E-01
rs200539	16	24735178	0.466016	T	C	0.268765	0.996448	8.16978	4.3E-03	0.0171052	0.00628317	7.41134	6.5E-03	7.57125	5.9E-03
rs2650494	16	28318440	0.541911	A	G	0.581267	0.992404	0.492144	4.8E-01	-0.00393942	0.00566863	0.482956	4.9E-01	0.569439	4.5E-01
rs4787483	16	29885447	0.552081	A	G	0.662227	1	0.0117215	9.1E-01	-0.00120855	0.005915	0.0417468	8.4E-01	0.00289565	9.6E-01
rs111886096	16	53598310	0.644304	A	G	0.862466	0.993464	0.105715	7.5E-01	0.0022595	0.00812841	0.0772703	7.8E-01	0.0685635	7.9E-01
rs7205986	16	53755146	0.644839	A	G	0.489919	0.988839	0.285454	5.9E-01	0.0025186	0.00563502	0.199769	6.5E-01	0.464595	5.0E-01
rs5011579	16	69187318	0.855228	C	G	0.2843	0.994942	0.160648	6.9E-01	0.00337341	0.00620697	0.295379	5.9E-01	0.647551	4.2E-01
rs12924872	16	69552215	0.858355	C	T	0.533347	0.984378	7.2951	6.9E-03	-0.0151412	0.00565385	7.17183	7.4E-03	7.14011	7.5E-03
rs811054	16	72251132	0.873381	C	T	0.462771	0.985658	1.62254	2.0E-01	0.00728982	0.0056396	1.67084	2.0E-01	1.51001	2.2E-01
rs12443634	16	81524274	1.04567	A	C	0.28686	0.984586	45.1839	1.8E-11	-0.0424274	0.0062226	46.4888	9.2E-12	42.3153	7.8E-11
rs77081114	17	1816762	0.0641667	G	A	0.834903	1	1.61152	2.0E-01	-0.0109369	0.00753453	2.10704	1.5E-01	1.7591	1.8E-01
rs3026101	17	5280440	0.136672	T	C	0.696449	0.998494	0.22821	6.3E-01	0.00314394	0.00608745	0.266733	6.1E-01	0.317657	5.7E-01
rs10491104	17	15884561	0.425342	C	T	0.468509	1	0.13799	7.1E-01	-0.00139672	0.00560226	0.062157	8.0E-01	0.100461	7.5E-01
rs9906072	17	21245687	0.471598	T	C	0.486625	0.873727	5.52131	1.9E-02	-0.0134315	0.00599049	5.02722	2.5E-02	7.14765	7.5E-03
rs9904602	17	34835526	0.595066	T	A	0.482475	0.99641	0.573108	4.5E-01	0.00456873	0.00559739	0.666223	4.1E-01	0.564954	4.5E-01
rs9895746	17	45479099	0.698797	C	A	0.452853	0.998447	31.2346	2.3E-08	-0.0308587	0.00562117	30.137	4.0E-08	33.6268	6.7E-09
rs55797392	17	47055622	0.707863	G	A	0.589793	0.985453	2.6812	1.0E-01	-0.00913138	0.00571351	2.55428	1.1E-01	3.11467	7.8E-02
rs17631394	17	61646000	0.886955	G	A	0.736546	0.99153	2.18435	1.4E-01	0.00921193	0.00637169	2.09022	1.5E-01	2.24147	1.3E-01
rs75003668	17	64195431	0.918963	A	G	0.966642	0.97092	40.7549	1.7E-10	-0.100828	0.0157809	40.8226	1.7E-10	44.708	2.3E-11
rs113120414	17	66945345	0.964692	A	G	0.942645	0.937715	37.8631	7.6E-10	-0.0794829	0.0123961	41.1126	1.4E-10	45.6836	1.4E-11
rs4424946	17	78554888	1.24995	T	C	0.762112	0.998925	0.401126	5.3E-01	0.00474608	0.00656395	0.522803	4.7E-01	0.200657	6.5E-01
rs4076427	17	79087537	1.26024	G	C	0.609873	0.985353	0.000124985	9.9E-01	2.98304e-05	0.00574453	2.69655e-05	1.0E+00	0.00972465	9.2E-01
rs1371274	18	1837007	0.0479005	A	C	0.863572	0.995553	1.29422	2.6E-01	-0.0104025	0.00812872	1.63768	2.0E-01	1.2684	2.6E-01
rs11875960	18	21071925	0.432054	A	G	0.650113	0.974621	7.13021	7.6E-03	-0.0183166	0.0059359	9.52172	2.0E-03	10.1663	1.4E-03
rs9807506	18	39493911	0.604143	C	T	0.110516	0.995331	0.0687764	7.9E-01	0.0020382	0.00893174	0.0520741	8.2E-01	0.0463977	8.3E-01
rs4890428	18	40697340	0.611694	G	T	0.5787	0.994435	1.78442	1.8E-01	0.00682777	0.0056858	1.44203	2.3E-01	1.15977	2.8E-01
rs7239114	18	45921214	0.66958	G	A	0.458185	0.985699	1.60052	2.1E-01	0.00786121	0.0056488	1.93672	1.6E-01	1.78674	1.8E-01
rs72934723	18	53305311	0.747109	A	G	0.96095	0.966483	3.56116	5.9E-02	-0.0269223	0.0146765	3.36497	6.7E-02	2.95004	8.6E-02
rs2187176	18	57679365	0.819838	A	G	0.309978	0.982596	0.0220002	8.8E-01	0.000530573	0.0060971	0.00757255	9.3E-01	0.0564979	8.1E-01
rs117758180	18	57809744	0.821562	C	T	0.97678	1	0.00334753	9.5E-01	-0.000719109	0.0185526	0.00150239	9.7E-01	0.0247037	8.8E-01
rs113268469	18	57862913	0.821729	C	T	0.982698	0.966786	2.29239	1.3E-01	0.0301099	0.0218102	1.90589	1.7E-01	1.82787	1.8E-01
rs11668832	19	1812682	0.0683182	A	G	0.450689	0.989019	0.00651529	9.4E-01	0.000511415	0.0056291	0.00825409	9.3E-01	0.00230522	9.6E-01
rs72976986	19	4050424	0.142675	G	A	0.810758	0.984512	2.95127	8.6E-02	-0.0125138	0.00719199	3.02746	8.2E-02	3.33794	6.8E-02
rs8110479	19	10734951	0.317437	T	C	0.0486634	0.947456	41.0466	1.5E-10	-0.0847323	0.01327	40.7713	1.7E-10	44.4039	2.7E-11
rs55714539	19	18207397	0.447742	A	C	0.656472	0.982807	0.256525	6.1E-01	0.00138194	0.00591343	0.0546134	8.2E-01	0.100581	7.5E-01
rs12461902	19	30265235	0.512848	G	A	0.672506	0.985963	3.88514	4.9E-02	0.0111908	0.00600266	3.47565	6.2E-02	3.42384	6.4E-02
rs11882409	19	34019685	0.562915	C	A	0.713772	0.966519	0.227441	6.3E-01	-0.0027729	0.00627627	0.195193	6.6E-01	0.550745	4.6E-01
rs62116588	19	44446097	0.68736	C	G	0.976805	0.933368	31.4627	2.0E-08	0.106412	0.0192053	30.6998	3.0E-08	32.556	1.2E-08
rs142751148	19	45100982	0.69683	G	T	0.973358	0.950645	55.9678	7.4E-14	0.131705	0.0177319	55.1693	1.1E-13	58.8344	1.7E-14
rs73048351	19	45160086	0.697689	C	A	0.989712	0.91554	50.141	1.4E-12	0.206683	0.028954	50.9557	9.4E-13	55.0596	1.2E-13
rs140824606	19	45311084	0.70382	G	A	0.974928	0.867871	41.0665	1.5E-10	-0.121401	0.019107	40.3702	2.1E-10	44.5637	2.5E-11
rs2075649	19	45395330	0.707004	A	G	0.611354	0.998574	41.2963	1.3E-10	-0.0365502	0.00573655	40.5955	1.9E-10	45.5351	1.5E-11
rs146390218	19	45478352	0.709104	A	G	0.973731	0.966351	122.892	1.5E-28	0.195721	0.0177332	121.816	2.5E-28	125.125	4.8E-29
rs181765708	19	45880690	0.715179	C	T	0.983746	0.92116	83.7705	5.6E-20	0.207587	0.022939	81.894	1.4E-19	85.5643	2.2E-20
rs1884389	20	1410582	0.0620248	C	T	0.560429	0.990862	3.43796e-05	1.0E+00	-0.000225892	0.00565368	0.00159639	9.7E-01	0.0136961	9.1E-01
rs1321453	20	6585670	0.214258	G	A	0.332006	0.979962	0.404088	5.2E-01	0.00380709	0.00600671	0.40171	5.3E-01	0.775781	3.8E-01
rs947088	20	17171373	0.411628	G	T	0.280165	0.992316	0.638715	4.2E-01	0.00605868	0.00625549	0.938066	3.3E-01	0.780128	3.8E-01
rs8116853	20	21439820	0.48109	A	G	0.902603	0.99434	0.011578	9.1E-01	-0.00162491	0.00943573	0.0296557	8.6E-01	0.0888704	7.7E-01
rs6142096	20	32686658	0.536502	G	A	0.481267	0.998195	3.00967	8.3E-02	0.0102427	0.00560291	3.34195	6.8E-02	3.58089	5.8E-02
rs2206449	20	44230292	0.669799	C	A	0.59114	0.999563	28.0021	1.2E-07	0.0316891	0.00568216	31.1023	2.4E-08	31.8859	1.6E-08
rs77617917	20	44563217	0.671284	G	A	0.922005	1	70.7313	4.1E-17	0.0864901	0.0104248	68.8337	1.1E-16	72.6923	1.5E-17
rs2836753	21	40291187	0.447396	T	C	0.362883	0.999333	3.80316	5.1E-02	0.0117349	0.00580423	4.08759	4.3E-02	5.21322	2.2E-02
rs1964926	21	42653121	0.51205	A	G	0.35393	0.992207	0.487453	4.9E-01	0.00325657	0.00587181	0.307594	5.8E-01	0.530103	4.7E-01
rs8130074	21	46498684	0.621941	C	G	0.35124	0.996511	1.51618	2.2E-01	-0.00745729	0.00586903	1.61447	2.0E-01	2.0585	1.5E-01
rs4820399	22	40546633	0.498151	C	T	0.4075	0.991505	0.428063	5.1E-01	0.00348229	0.00569913	0.373347	5.4E-01	0.648041	4.2E-01
rs13053342	22	48871624	0.664334	G	A	0.577345	0.990848	0.148025	7.0E-01	-0.00230645	0.00567098	0.165414	6.8E-01	0.0209976	8.8E-01
