SNP	CHR	BP	GENPOS	ALLELE1	ALLELE0	A1FREQ	INFO	CHISQ_LINREG	P_LINREG	BETA	SE	CHISQ_BOLT_LMM_INF	P_BOLT_LMM_INF	CHISQ_BOLT_LMM	P_BOLT_LMM
rs28788874	1	1520725	0.0141684	C	T	0.584735	0.768295	0.262436	6.1E-01	0.00392257	0.00641849	0.373487	5.4E-01	0.278506	6.0E-01
rs72634501	1	39551488	0.669558	T	C	0.760747	0.973003	3.0788	7.9E-02	0.0125238	0.00662305	3.57568	5.9E-02	3.37203	6.6E-02
rs7545034	1	47659445	0.739124	T	C	0.495311	0.986554	1.693	1.9E-01	-0.00659265	0.00561595	1.37808	2.4E-01	1.75066	1.9E-01
rs7553454	1	49231261	0.759781	T	C	0.774904	0.984417	1.71538	1.9E-01	0.00882203	0.00670469	1.73133	1.9E-01	2.14527	1.4E-01
rs1013293	1	62570321	0.915785	G	A	0.570076	0.987679	0.0179775	8.9E-01	-0.000876231	0.00563193	0.024206	8.8E-01	0.0278038	8.7E-01
rs2422134	1	72514701	1.03261	G	C	0.494392	0.995097	0.337504	5.6E-01	-0.00284324	0.00558003	0.259629	6.1E-01	0.369814	5.4E-01
rs6690871	1	74977277	1.04309	A	G	0.592502	0.986356	1.75859	1.8E-01	0.00718551	0.00571186	1.58256	2.1E-01	1.44297	2.3E-01
rs2247536	1	77919438	1.07305	G	C	0.734406	0.984022	1.47944	2.2E-01	-0.00923007	0.0063691	2.10017	1.5E-01	3.77621	5.2E-02
rs1536023	1	96882019	1.26526	C	A	0.779556	0.988892	0.0377857	8.5E-01	-0.000261078	0.00676698	0.0014885	9.7E-01	0.0295244	8.6E-01
rs10747488	1	98299475	1.27829	C	A	0.231417	0.993887	3.43459	6.4E-02	-0.0128279	0.00664164	3.73047	5.3E-02	4.45392	3.5E-02
rs920835	1	107946802	1.36667	G	A	0.707486	0.968585	0.45801	5.0E-01	-0.00334982	0.00623336	0.2888	5.9E-01	0.157952	6.9E-01
rs892511	1	110078255	1.38888	C	G	0.970555	0.964927	4.04977	4.4E-02	0.0369498	0.0167675	4.85608	2.8E-02	3.49413	6.2E-02
rs12033257	1	112318484	1.42838	A	G	0.621237	0.983831	1.28063	2.6E-01	-0.00638866	0.00580386	1.21167	2.7E-01	0.900795	3.4E-01
rs4357530	1	151103153	1.65977	G	A	0.321207	0.991504	0.00400538	9.5E-01	2.8651e-05	0.00599781	2.28189e-05	1.0E+00	0.0210892	8.8E-01
rs148261599	1	155253286	1.69959	C	G	0.796018	0.939661	1.91991	1.7E-01	0.00979321	0.00711561	1.8942	1.7E-01	1.44717	2.3E-01
rs12565430	1	174400537	1.95129	G	A	0.890495	0.989663	4.79299	2.9E-02	-0.018594	0.00894941	4.31674	3.8E-02	3.31996	6.8E-02
rs10913418	1	177755299	1.98687	C	A	0.596511	0.989574	0.02305	8.8E-01	0.00151709	0.00571257	0.0705274	7.9E-01	0.00196736	9.6E-01
rs1359940	1	177848153	1.98809	T	C	0.542981	0.978287	2.23311	1.4E-01	-0.00807216	0.00566089	2.03334	1.5E-01	2.25621	1.3E-01
rs9425633	1	184657251	2.05452	T	C	0.517837	0.997773	0.108681	7.4E-01	-0.00180579	0.0055781	0.1048	7.5E-01	0.202338	6.5E-01
rs10801363	1	194922207	2.13186	T	A	0.632532	0.99595	0.000364024	9.8E-01	0.000431913	0.00578796	0.00556855	9.4E-01	0.000517942	9.8E-01
rs2494116	1	201784151	2.19723	G	A	0.451622	0.998902	1.71558	1.9E-01	0.00714262	0.00559424	1.63017	2.0E-01	1.44421	2.3E-01
rs12042959	1	243533273	2.82744	A	G	0.856757	0.985729	1.56499	2.1E-01	-0.0101078	0.00799564	1.59812	2.1E-01	1.92214	1.7E-01
rs6548228	2	345889	0.00380575	T	C	0.476197	0.997111	3.85737	5.0E-02	-0.0114157	0.00558709	4.17478	4.1E-02	2.93687	8.7E-02
rs2667214	2	449487	0.00560823	A	G	0.676488	0.984343	0.0808367	7.8E-01	0.0021933	0.00601269	0.133063	7.2E-01	0.126542	7.2E-01
rs10176391	2	574368	0.00678655	C	G	0.988537	0.920209	0.127067	7.2E-01	0.00840274	0.0272695	0.0949482	7.6E-01	0.206665	6.5E-01
rs11673889	2	21104631	0.419072	G	C	0.739344	0.972648	38.3881	5.8E-10	0.0400223	0.00643487	38.6834	5.0E-10	41.9589	9.3E-11
rs4665378	2	27548038	0.473329	A	C	0.601213	0.998401	37.0026	1.2E-09	-0.0348212	0.00569465	37.3899	9.7E-10	39.7665	2.9E-10
rs10048652	2	35449306	0.577825	T	C	0.438309	0.999392	0.71976	4.0E-01	0.00513833	0.00562679	0.833915	3.6E-01	1.2841	2.6E-01
rs56266464	2	44054991	0.686489	G	A	0.939556	0.986548	55.6917	8.5E-14	0.0919507	0.0117897	60.8285	6.2E-15	64.2792	1.1E-15
rs698838	2	44738763	0.693339	C	T	0.374359	1	0.221195	6.4E-01	-0.00279369	0.00576222	0.235059	6.3E-01	0.347775	5.6E-01
rs3198123	2	55207693	0.827446	C	T	0.698625	0.993954	2.05593	1.5E-01	-0.00909061	0.00610018	2.22075	1.4E-01	1.90792	1.7E-01
rs13032423	2	57992112	0.847237	G	A	0.445418	0.996747	3.62185	5.7E-02	-0.0112755	0.00562533	4.01765	4.5E-02	3.03027	8.2E-02
rs55767040	2	58955028	0.850031	T	C	0.699424	0.989049	0.0255995	8.7E-01	0.000838698	0.00612672	0.0187394	8.9E-01	0.0879911	7.7E-01
rs980183	2	59311536	0.858192	G	A	0.398003	0.996406	0.522472	4.7E-01	-0.00416509	0.00570164	0.533641	4.7E-01	0.878447	3.5E-01
rs7557796	2	86766153	1.16162	T	C	0.352323	0.999778	0.287147	5.9E-01	0.00346597	0.00583761	0.352516	5.5E-01	0.347907	5.6E-01
rs13023088	2	100576304	1.22131	C	T	0.849851	0.99385	2.14524	1.4E-01	-0.0101806	0.00781385	1.69751	1.9E-01	1.12473	2.9E-01
rs9308868	2	104361420	1.24985	G	A	0.475644	0.997977	0.816919	3.7E-01	0.00654986	0.00559443	1.37073	2.4E-01	1.00342	3.2E-01
rs1349512	2	105435369	1.26243	T	C	0.689911	0.999103	0.0174165	9.0E-01	-4.59202e-05	0.00601918	5.82012e-05	9.9E-01	0.0380172	8.5E-01
rs1530559	2	135755629	1.58463	A	G	0.600693	1	1.17481	2.8E-01	-0.00458575	0.00564433	0.660081	4.2E-01	0.749043	3.9E-01
rs2034604	2	143958745	1.64938	C	T	0.463349	0.997459	0.00296596	9.6E-01	-0.00127797	0.0055987	0.0521035	8.2E-01	0.0276451	8.7E-01
rs12692596	2	161265910	1.78694	C	T	0.629192	0.996301	1.43342	2.3E-01	0.0063418	0.00575609	1.21386	2.7E-01	1.1515	2.8E-01
rs12328675	2	165540800	1.81492	T	C	0.879644	0.99881	7.3946	6.5E-03	-0.0234569	0.00855226	7.52283	6.1E-03	8.83332	3.0E-03
rs6745626	2	181436641	2.00364	C	T	0.408617	0.996845	1.19394	2.7E-01	0.00672804	0.00567765	1.40424	2.4E-01	1.40653	2.4E-01
rs6743255	2	205363596	2.17314	A	G	0.119725	1	3.34591	6.7E-02	-0.0134396	0.00856872	2.46004	1.2E-01	2.08836	1.5E-01
rs13000757	2	207145906	2.20108	G	T	0.495484	0.995817	0.0117439	9.1E-01	-0.000770939	0.00559569	0.0189815	8.9E-01	0.176963	6.7E-01
rs11692326	2	208263279	2.21189	C	T	0.770028	0.999964	0.49067	4.8E-01	0.00375644	0.0066089	0.323069	5.7E-01	0.196588	6.6E-01
rs12611517	2	228977034	2.47863	T	A	0.656814	0.999378	5.66282	1.7E-02	0.0137415	0.00586861	5.48278	1.9E-02	5.98442	1.4E-02
rs12473885	2	230569590	2.5018	G	T	0.878273	0.993886	3.05804	8.0E-02	-0.014506	0.00853106	2.89125	8.9E-02	2.28738	1.3E-01
rs13098833	3	20428568	0.395393	A	G	0.723663	0.994024	0.155849	6.9E-01	0.00142801	0.00627948	0.0517146	8.2E-01	0.0513119	8.2E-01
rs754635	3	42305131	0.652861	C	G	0.112989	0.99768	0.957681	3.3E-01	-0.0104984	0.00878138	1.4293	2.3E-01	1.42599	2.3E-01
rs72906474	3	47817007	0.688057	G	T	0.417107	0.973948	1.03626	3.1E-01	0.00493045	0.00573305	0.739609	3.9E-01	0.170967	6.8E-01
rs71326904	3	49991060	0.690403	C	T	0.749113	0.999883	2.50106	1.1E-01	-0.0108189	0.00643573	2.82596	9.3E-02	2.60592	1.1E-01
rs1371095	3	61147530	0.807508	A	G	0.581645	0.99157	0.341357	5.6E-01	0.00343188	0.00568061	0.364984	5.5E-01	0.252416	6.2E-01
rs9874646	3	62462818	0.82936	C	T	0.314458	0.963027	0.0452349	8.3E-01	-0.00184688	0.00612277	0.0909871	7.6E-01	0.179728	6.7E-01
rs7430139	3	82504148	1.08216	A	G	0.834726	1	0.971075	3.2E-01	-0.0070349	0.00752643	0.873652	3.5E-01	1.42365	2.3E-01
rs1248859	3	85017098	1.08828	G	C	0.331024	0.996188	2.96593	8.5E-02	0.0110979	0.00594224	3.48806	6.2E-02	4.03425	4.5E-02
rs9857105	3	93893210	1.10433	A	G	0.459959	0.997124	0.913289	3.4E-01	-0.0051867	0.00561471	0.853349	3.6E-01	0.792802	3.7E-01
rs11917909	3	107864673	1.2019	G	A	0.64971	0.995989	0.163957	6.9E-01	-0.00143528	0.00584553	0.060287	8.1E-01	0.0914353	7.6E-01
rs2037001	3	131458973	1.44255	C	G	0.708207	0.979412	0.106586	7.4E-01	-0.000853195	0.00620198	0.018925	8.9E-01	0.132308	7.2E-01
rs9827662	3	135710841	1.49347	C	A	0.75398	0.999173	0.00370079	9.5E-01	-0.000212693	0.00647136	0.00108023	9.7E-01	0.000214043	9.9E-01
rs355786	3	153990749	1.684	G	A	0.607502	0.999005	0.201088	6.5E-01	-0.00213322	0.00572753	0.138719	7.1E-01	0.39823	5.3E-01
rs1604038	3	170709193	1.7983	C	T	0.714201	0.999363	1.68616	1.9E-01	0.00734211	0.00616423	1.41868	2.3E-01	1.49656	2.2E-01
rs9867130	3	185729753	2.0208	A	G	0.141676	0.965346	1.77802	1.8E-01	0.0105274	0.00816216	1.66354	2.0E-01	2.11082	1.5E-01
rs11736501	4	18451423	0.339653	A	C	0.680338	0.997158	0.522158	4.7E-01	0.00350466	0.00597886	0.343601	5.6E-01	1.41995	2.3E-01
rs73244271	4	20091053	0.357316	A	G	0.887469	0.995322	0.994382	3.2E-01	0.00938111	0.00887027	1.1185	2.9E-01	0.859947	3.5E-01
rs6849555	4	25150890	0.433804	G	C	0.799698	0.94032	0.00469305	9.5E-01	-0.00102572	0.00718554	0.0203769	8.9E-01	0.0506998	8.2E-01
rs4623046	4	45042343	0.679347	G	A	0.33237	0.994028	1.44474	2.3E-01	-0.00734017	0.00592541	1.53453	2.2E-01	0.88615	3.5E-01
rs6829208	4	52728640	0.6941	T	C	0.726338	0.99807	1.83974	1.7E-01	-0.00835124	0.00625014	1.78535	1.8E-01	1.1619	2.8E-01
rs6815651	4	55487718	0.714225	C	T	0.450226	0.994486	2.09368	1.5E-01	-0.00950967	0.00561084	2.8726	9.0E-02	3.66546	5.6E-02
rs923994	4	67802992	0.836181	A	G	0.217153	0.992221	0.217138	6.4E-01	-0.00218712	0.00676567	0.104502	7.5E-01	0.00108405	9.7E-01
rs12645001	4	96018337	1.09763	G	A	0.650874	0.99796	2.41393	1.2E-01	0.00904996	0.00584703	2.39565	1.2E-01	2.71673	9.9E-02
rs13105682	4	102702364	1.15516	T	G	0.941406	0.93989	1.43727	2.3E-01	0.0141276	0.0122501	1.33003	2.5E-01	1.53888	2.1E-01
rs11728213	4	113309647	1.25168	G	A	0.683684	0.99931	0.748963	3.9E-01	-0.00460611	0.00600581	0.588201	4.4E-01	0.261056	6.1E-01
rs1296328	4	137083193	1.44321	A	C	0.440098	0.99123	0.0137256	9.1E-01	0.000543223	0.00566684	0.00918914	9.2E-01	0.00446859	9.5E-01
rs4863516	4	140773770	1.49281	T	C	0.672112	0.999318	0.0334129	8.5E-01	0.00146366	0.00593443	0.0608303	8.1E-01	0.00418754	9.5E-01
rs750090	4	152931436	1.59021	T	C	0.646587	0.97605	0.292268	5.9E-01	0.00327325	0.00587322	0.310604	5.8E-01	0.0506384	8.2E-01
rs13110266	4	162129844	1.69444	G	A	0.582061	0.993805	2.6487	1.0E-01	-0.00981326	0.00566441	3.00136	8.3E-02	3.54976	6.0E-02
rs4597930	5	27171542	0.425308	T	C	0.71786	0.997265	1.01322	3.1E-01	-0.00663316	0.00621236	1.14006	2.9E-01	2.77	9.6E-02
rs6451675	5	43110855	0.62057	C	G	0.307452	0.990847	1.86739	1.7E-01	0.00837479	0.00605936	1.91027	1.7E-01	2.19804	1.4E-01
rs6449674	5	62995938	0.739824	T	C	0.52251	0.996207	1.65734	2.0E-01	0.00686572	0.00559059	1.50819	2.2E-01	0.74327	3.9E-01
rs6891856	5	63972658	0.744519	G	T	0.472565	0.983364	4.58767	3.2E-02	-0.0105982	0.0056336	3.5391	6.0E-02	4.39501	3.6E-02
rs4072296	5	74242002	0.858799	T	C	0.46019	0.938263	14.8596	1.2E-04	-0.0219434	0.00577299	14.4479	1.4E-04	18.7977	1.5E-05
rs11740689	5	80841360	0.956164	A	C	0.681749	0.9953	0.0934656	7.6E-01	-0.00221839	0.00599106	0.13711	7.1E-01	0.0573112	8.1E-01
rs77156384	5	87709219	1.01438	A	G	0.979071	1	0.37767	5.4E-01	0.00934341	0.0195018	0.229541	6.3E-01	0.424378	5.1E-01
rs7701355	5	88804839	1.01946	G	T	0.578544	0.999666	1.27371	2.6E-01	0.00458301	0.00565613	0.656543	4.2E-01	1.44856	2.3E-01
rs6885199	5	92574633	1.04879	G	A	0.9622	1	0.811186	3.7E-01	-0.0120638	0.014618	0.681072	4.1E-01	0.620493	4.3E-01
rs12186664	5	95630225	1.07202	A	T	0.684284	0.993149	1.21896	2.7E-01	-0.00626856	0.00600954	1.08806	3.0E-01	1.07383	3.0E-01
rs1835978	5	107265051	1.15538	T	C	0.111179	0.976322	1.63221	2.0E-01	0.011938	0.00896594	1.77286	1.8E-01	1.96428	1.6E-01
rs459552	5	112176756	1.19663	T	A	0.232844	1	0.631995	4.3E-01	-0.00646757	0.00658644	0.964231	3.3E-01	1.60254	2.1E-01
rs329120	5	133861756	1.41589	C	T	0.579716	0.996967	2.56522	1.1E-01	-0.00937254	0.00566249	2.73969	9.8E-02	1.65494	2.0E-01
rs356453	5	139053563	1.4578	G	A	0.669183	0.993285	0.422396	5.2E-01	0.00464167	0.00593759	0.611124	4.3E-01	0.444913	5.0E-01
rs2190788	5	144484261	1.52142	G	T	0.681254	0.989372	4.23376	4.0E-02	-0.0119861	0.00603476	3.94493	4.7E-02	4.38936	3.6E-02
rs7701886	5	153547409	1.6413	G	A	0.45336	0.99206	1.26681	2.6E-01	0.00529712	0.00562671	0.886276	3.5E-01	1.29963	2.5E-01
rs2287894	5	170322919	1.86356	T	A	0.272401	0.998905	1.60875	2.0E-01	0.0081316	0.00627276	1.68048	1.9E-01	2.41416	1.2E-01
rs10947758	6	12093961	0.272682	T	C	0.645937	0.995017	0.821329	3.6E-01	0.00428528	0.00585229	0.536174	4.6E-01	0.954584	3.3E-01
rs9357634	6	13192190	0.290983	T	C	0.701576	0.98883	3.3277	6.8E-02	-0.0110916	0.00613278	3.27093	7.1E-02	3.08036	7.9E-02
rs3806114	6	20482335	0.408974	G	A	0.330694	0.979566	0.107072	7.4E-01	0.00235799	0.00599591	0.154658	6.9E-01	0.0432865	8.4E-01
rs4711092	6	25684405	0.491796	T	C	0.456309	1	29.6752	5.1E-08	0.0306228	0.00558242	30.0915	4.1E-08	27.4883	1.6E-07
rs1611320	6	29902373	0.503831	A	G	0.439596	0.926598	37.6989	8.3E-10	0.0350062	0.00581021	36.3	1.7E-09	37.4307	9.5E-10
rs9270222	6	32556644	0.520348	A	G	0.331078	0.891194	36.9334	1.2E-09	0.0389893	0.00623311	39.1274	4.0E-10	36.7891	1.3E-09
rs35679149	6	43604167	0.672046	A	G	0.973525	1	0.433789	5.1E-01	-0.00623896	0.0173878	0.128746	7.2E-01	0.00821162	9.3E-01
rs4714925	6	46304194	0.722787	A	G	0.493044	0.998125	0.0360442	8.5E-01	0.00127473	0.00558302	0.0521311	8.2E-01	0.0357861	8.5E-01
rs9473821	6	50356035	0.748721	T	C	0.122366	0.995677	0.453401	5.0E-01	-0.00720432	0.00852521	0.714127	4.0E-01	0.237229	6.3E-01
rs1369869	6	83366282	0.934423	C	T	0.558841	0.987317	0.0103957	9.2E-01	0.000178292	0.00565045	0.00099563	9.7E-01	0.0262003	8.7E-01
rs6905544	6	98411631	1.06235	A	G	0.398807	0.997318	0.291899	5.9E-01	0.00214551	0.00570274	0.141544	7.1E-01	0.161174	6.9E-01
rs1575676	6	108861264	1.17848	C	T	0.628148	0.997454	0.455001	5.0E-01	0.00466529	0.00576127	0.655722	4.2E-01	0.287713	5.9E-01
rs9387640	6	119508871	1.25792	C	T	0.635398	1	0.400928	5.3E-01	-0.00453214	0.00580579	0.609374	4.4E-01	0.718277	4.0E-01
rs198665	6	143154886	1.51958	C	A	0.629508	0.991725	4.2914	3.8E-02	0.0127637	0.00580248	4.83871	2.8E-02	4.42812	3.5E-02
rs7755574	6	153364643	1.66311	G	T	0.718151	0.997121	4.76213	2.9E-02	0.0155642	0.00623585	6.22965	1.3E-02	6.44647	1.1E-02
rs562660689	6	160703358	1.77413	A	G	0.844088	0.995196	32.2843	1.3E-08	-0.0450325	0.00767034	34.4685	4.3E-09	39.5064	3.3E-10
rs11767176	7	1852823	0.0275939	G	A	0.78849	0.994823	1.27533	2.6E-01	0.00889111	0.00682628	1.69646	1.9E-01	2.48571	1.1E-01
rs4307239	7	24354300	0.415589	A	G	0.540084	0.99283	0.13173	7.2E-01	0.00317578	0.00561232	0.320197	5.7E-01	0.316166	5.7E-01
rs17725246	7	44581986	0.698744	T	C	0.815924	0.999146	33.1102	8.7E-09	-0.0418134	0.00716683	34.039	5.4E-09	36.8729	1.3E-09
rs3807566	7	50564204	0.76671	G	T	0.56098	0.994523	0.290978	5.9E-01	0.0019887	0.00562504	0.124994	7.2E-01	0.12655	7.2E-01
rs4718966	7	70040558	0.868636	C	T	0.584999	0.992694	0.757621	3.8E-01	-0.00526145	0.00569254	0.854278	3.6E-01	1.29804	2.5E-01
rs10950289	7	71429308	0.890251	A	G	0.837402	0.9787	1.78581	1.8E-01	-0.0115857	0.00762674	2.30764	1.3E-01	3.11012	7.8E-02
rs113452856	7	72859135	0.899612	G	A	0.96835	0.994361	34.2893	4.7E-09	-0.0937379	0.0159302	34.6247	4.0E-09	38.7276	4.9E-10
rs16868443	7	93206264	1.0947	G	C	0.638366	0.996209	0.0205204	8.9E-01	-0.000769578	0.00579913	0.0176108	8.9E-01	0.0192943	8.9E-01
rs17155888	7	103416295	1.18694	T	A	0.573633	0.98913	0.0322546	8.6E-01	-0.000501543	0.00567089	0.00782194	9.3E-01	0.151915	7.0E-01
rs7788008	7	112972483	1.29323	G	A	0.566242	0.997606	2.28326	1.3E-01	0.00850618	0.00562586	2.28608	1.3E-01	3.06452	8.0E-02
rs12705908	7	113422504	1.29936	A	G	0.435782	0.999217	0.669891	4.1E-01	-0.00483042	0.00562345	0.737845	3.9E-01	0.000898929	9.8E-01
rs1563408	7	114303189	1.30467	G	A	0.518625	0.9976	0.0203486	8.9E-01	8.26135e-05	0.0055862	0.00021871	9.9E-01	0.0115713	9.1E-01
rs2968856	7	150614934	1.67963	T	C	0.750666	0.995794	0.0609034	8.1E-01	-0.00145923	0.00646569	0.050935	8.2E-01	0.558451	4.5E-01
rs2980478	8	8088230	0.237388	T	C	0.524982	0.963758	45.2871	1.7E-11	-0.0389021	0.00570138	46.5572	8.9E-12	48.7409	2.9E-12
rs62496677	8	19636940	0.469846	A	C	0.808299	0.995456	36.5308	1.5E-09	-0.0403895	0.00708471	32.5007	1.2E-08	32.8274	1.0E-08
rs66462329	8	19912060	0.473335	G	A	0.718482	0.996492	59.8101	1.0E-14	-0.0482687	0.00618711	60.8632	6.1E-15	65.4296	6.0E-16
rs1362910	8	30856464	0.645028	A	G	0.419317	0.991461	2.99743e-06	1.0E+00	-0.000973685	0.0056472	0.0297284	8.6E-01	0.00174985	9.7E-01
rs12681792	8	62054463	0.850895	C	A	0.807401	0.990908	0.227655	6.3E-01	0.00260817	0.00711442	0.134398	7.1E-01	0.294462	5.9E-01
rs7822926	8	64701966	0.867188	A	C	0.529208	0.995395	0.197468	6.6E-01	-0.00247047	0.00560067	0.194571	6.6E-01	0.085443	7.7E-01
rs2017657	8	73426371	0.974058	G	T	0.427149	1	0.053067	8.2E-01	-0.00211236	0.00565115	0.139722	7.1E-01	0.0631184	8.0E-01
rs2943611	8	76473939	1.00704	T	C	0.203974	0.993157	1.1137	2.9E-01	0.00638604	0.00693346	0.848328	3.6E-01	0.615638	4.3E-01
rs9298280	8	77329753	1.00881	T	G	0.287889	0.987301	2.01916	1.6E-01	0.00788744	0.00617847	1.62971	2.0E-01	1.60668	2.0E-01
rs1180626	8	116476393	1.31509	G	A	0.224213	0.994168	4.04626	4.4E-02	-0.0138771	0.00672423	4.25908	3.9E-02	3.59817	5.8E-02
rs10124645	9	11321119	0.255592	A	G	0.589801	0.991792	0.0214765	8.8E-01	-0.000314714	0.00571282	0.00303481	9.6E-01	0.00673814	9.3E-01
rs675849	9	15298666	0.337659	T	C	0.138628	0.996826	30.9772	2.6E-08	0.0447505	0.00807742	30.6938	3.0E-08	32.691	1.1E-08
rs6476065	9	28403813	0.542923	C	T	0.423663	0.971482	1.44111	2.3E-01	0.00690327	0.00571124	1.461	2.3E-01	1.69087	1.9E-01
rs12345603	9	29601893	0.557517	C	T	0.574964	0.971878	7.08751	7.8E-03	0.0153877	0.00572174	7.23258	7.2E-03	6.36118	1.2E-02
rs868980	9	92140852	1.08916	A	G	0.764207	0.992973	11.6933	6.3E-04	0.0228622	0.00658601	12.0501	5.2E-04	9.2474	2.4E-03
rs7873003	9	96392945	1.13399	T	C	0.320009	0.990354	0.310448	5.8E-01	0.00337778	0.00600401	0.316504	5.7E-01	0.493275	4.8E-01
rs1852865	9	102750138	1.19624	C	T	0.434954	0.999839	0.759047	3.8E-01	0.00421391	0.00563972	0.558284	4.5E-01	0.358793	5.5E-01
rs7024334	9	109072075	1.25943	T	G	0.221004	0.999349	0.685416	4.1E-01	-0.00413362	0.00671545	0.378888	5.4E-01	0.212113	6.5E-01
rs1252008	9	120362838	1.43341	T	C	0.568657	0.998833	0.252883	6.2E-01	0.00351137	0.00561987	0.390393	5.3E-01	0.0862989	7.7E-01
rs3829849	9	129390800	1.5324	C	T	0.630889	0.998111	1.17313	2.8E-01	0.00627669	0.00577972	1.17936	2.8E-01	1.47383	2.2E-01
rs10733682	9	129460914	1.5336	A	G	0.474217	0.966242	0.00194376	9.6E-01	0.000506828	0.0056547	0.00803347	9.3E-01	0.0807888	7.8E-01
rs2267958	9	131015279	1.55043	G	A	0.485563	0.958689	4.1369	4.2E-02	0.0113379	0.00570626	3.94786	4.7E-02	3.53158	6.0E-02
rs10159545	10	21766969	0.466662	C	G	0.649246	0.986543	3.83442	5.0E-02	0.0118591	0.0058743	4.07561	4.4E-02	3.98534	4.6E-02
rs12762034	10	33969931	0.621029	T	C	0.92272	0.998956	2.19272	1.4E-01	0.0182735	0.0104363	3.06582	8.0E-02	1.9685	1.6E-01
rs4595495	10	53673286	0.748363	A	G	0.58387	0.998015	0.00685245	9.3E-01	-0.00178408	0.00568237	0.0985753	7.5E-01	0.11462	7.3E-01
rs4746855	10	64822828	0.870307	G	A	0.596714	1	18.3396	1.8E-05	-0.0245733	0.00569775	18.6003	1.6E-05	15.6679	7.5E-05
rs12098284	10	76047464	0.999816	C	T	0.877434	0.998637	0.347628	5.6E-01	-0.00578863	0.0085107	0.462617	5.0E-01	1.07681	3.0E-01
rs1249156	10	79979737	1.04291	T	C	0.294183	0.999324	0.163256	6.9E-01	-0.00242977	0.00612688	0.157272	6.9E-01	0.000351789	9.9E-01
rs12245654	10	87562928	1.13739	A	C	0.927047	0.984714	3.26651	7.1E-02	0.0190528	0.0107994	3.11257	7.8E-02	1.91783	1.7E-01
rs472576	10	99694970	1.2698	G	C	0.540757	0.96945	0.56859	4.5E-01	-0.00509428	0.0056737	0.806179	3.7E-01	0.96746	3.3E-01
rs4074720	10	114748497	1.39784	C	T	0.534572	0.984751	0.0848089	7.7E-01	0.00251533	0.00562753	0.19978	6.5E-01	0.138108	7.1E-01
rs72828935	10	126587488	1.61238	G	C	0.716689	0.993686	2.94613	8.6E-02	0.0108049	0.00620852	3.02875	8.2E-02	2.71555	9.9E-02
rs12778347	10	133978806	1.80077	G	T	0.423877	0.999758	0.426738	5.1E-01	0.00227978	0.00564294	0.163221	6.9E-01	0.367001	5.4E-01
rs12802861	11	8387806	0.188896	C	T	0.71326	0.995592	0.887114	3.5E-01	-0.00480175	0.00617875	0.603945	4.4E-01	0.461519	5.0E-01
rs7942486	11	13288698	0.267633	G	T	0.432178	0.998702	2.55695	1.1E-01	0.00843471	0.00563795	2.2382	1.3E-01	2.75025	9.7E-02
rs12791818	11	27277760	0.463075	A	G	0.918985	0.937343	0.466113	4.9E-01	-0.00620386	0.0105649	0.344824	5.6E-01	0.605468	4.4E-01
rs2679059	11	43599791	0.621966	A	T	0.402252	0.990165	7.72757	5.4E-03	-0.0164509	0.00573323	8.23341	4.1E-03	7.01126	8.1E-03
rs11038428	11	45404318	0.657443	G	T	0.717407	0.990678	0.138822	7.1E-01	-0.00362264	0.0062141	0.339855	5.6E-01	0.695922	4.0E-01
rs35184771	11	47475189	0.665304	G	T	0.648082	0.998878	0.670331	4.1E-01	-0.00335856	0.00583331	0.331494	5.6E-01	0.512794	4.7E-01
rs2269928	11	61537529	0.703886	T	G	0.77337	0.962155	35.0688	3.2E-09	0.041177	0.00680159	36.6511	1.4E-09	38.9831	4.3E-10
rs2072114	11	61605215	0.704106	A	G	0.878024	1	71.1365	3.3E-17	0.0714093	0.0085127	70.3679	4.9E-17	76.6624	2.0E-18
rs2605603	11	93221105	1.00432	G	A	0.520259	0.995512	0.00122249	9.7E-01	0.00123651	0.00556182	0.049427	8.2E-01	0.000980768	9.8E-01
rs4937870	11	112826709	1.19814	A	G	0.689169	0.983578	0.00966693	9.2E-01	-0.000889003	0.00606899	0.0214573	8.8E-01	0.0144447	9.0E-01
rs2187986	11	115001410	1.23045	G	A	0.524684	0.965018	0.790718	3.7E-01	-0.00425453	0.00569027	0.559032	4.5E-01	0.329339	5.7E-01
rs501351	11	118917814	1.29362	T	G	0.605774	0.997555	0.00604943	9.4E-01	-0.000903075	0.00570804	0.0250307	8.7E-01	0.021218	8.8E-01
rs7941030	11	122522375	1.35839	T	C	0.616205	1	2.69379	1.0E-01	-0.00979746	0.00575384	2.89942	8.9E-02	3.13022	7.7E-02
rs4366492	11	130717256	1.51227	T	C	0.474614	0.99465	2.19584	1.4E-01	0.00884037	0.00557641	2.51322	1.1E-01	1.81348	1.8E-01
rs10894604	11	132641746	1.55638	T	G	0.652028	1	0.229687	6.3E-01	-0.00181719	0.00585158	0.0964392	7.6E-01	0.0339631	8.5E-01
rs11064524	12	889902	0.0208303	T	G	0.758532	1	0.0831761	7.7E-01	0.00207588	0.00650039	0.101983	7.5E-01	0.0158624	9.0E-01
rs7976757	12	19207948	0.354438	T	C	0.171206	0.989812	0.0565577	8.1E-01	0.00307124	0.00742102	0.171278	6.8E-01	0.474238	4.9E-01
rs16926776	12	24001905	0.419584	C	T	0.922961	1	1.85432	1.7E-01	-0.0118347	0.010478	1.27575	2.6E-01	1.33702	2.5E-01
rs11181001	12	41948196	0.563104	A	G	0.469108	0.977653	0.00569465	9.4E-01	0.00132787	0.0056329	0.0555705	8.1E-01	0.00178324	9.7E-01
rs2720296	12	50169070	0.630128	G	A	0.609632	0.950295	1.28628	2.6E-01	-0.00517337	0.00587223	0.776142	3.8E-01	0.775484	3.8E-01
rs11173522	12	60953472	0.741724	C	A	0.784532	0.998242	0.429483	5.1E-01	-0.0043735	0.00679942	0.413728	5.2E-01	0.288403	5.9E-01
rs317646	12	69657145	0.849888	G	A	0.275066	0.99846	4.23091	4.0E-02	-0.0129897	0.00625578	4.3116	3.8E-02	5.08866	2.4E-02
rs704067	12	89726027	1.03172	G	A	0.545146	0.989595	1.74003	1.9E-01	0.00850283	0.00564431	2.26937	1.3E-01	2.20558	1.4E-01
rs591776	12	99538895	1.16639	C	T	0.364365	0.994453	0.67273	4.1E-01	-0.00423276	0.00581354	0.530112	4.7E-01	0.200735	6.5E-01
rs4433630	12	103650031	1.2114	T	C	0.48744	0.978156	1.06116	3.0E-01	0.00448978	0.00562186	0.637808	4.2E-01	0.265021	6.1E-01
rs11832936	12	110549533	1.29782	A	C	0.610247	0.999756	0.0641804	8.0E-01	0.00171759	0.00574139	0.0894957	7.6E-01	0.00702635	9.3E-01
rs111828690	12	117576767	1.39704	C	T	0.779464	0.990204	0.0231909	8.8E-01	-0.000737769	0.00679144	0.011801	9.1E-01	0.0870586	7.7E-01
rs144713920	12	122485389	1.46548	C	G	0.945974	0.956209	0.783061	3.8E-01	0.00984513	0.0126094	0.609608	4.3E-01	1.44989	2.3E-01
rs12317176	12	124404718	1.4789	T	C	0.662157	0.998072	0.49022	4.8E-01	-0.00265864	0.00588343	0.204201	6.5E-01	0.650805	4.2E-01
rs9579775	13	20616557	0.0139469	A	C	0.863467	0.926233	2.2255	1.4E-01	-0.0104307	0.00845337	1.52255	2.2E-01	2.42675	1.2E-01
rs4771218	13	28655311	0.212187	G	A	0.373005	0.991013	0.731315	3.9E-01	-0.00528278	0.00579381	0.831375	3.6E-01	0.965046	3.3E-01
rs9591001	13	33042870	0.304346	G	A	0.634695	0.994769	3.55775	5.9E-02	-0.0119721	0.00582373	4.22606	4.0E-02	4.67702	3.1E-02
rs9568856	13	54064981	0.568758	G	A	0.871723	1	0.0208204	8.9E-01	0.000649161	0.00834769	0.00604744	9.4E-01	0.00594259	9.4E-01
rs6561937	13	58257667	0.585042	T	A	0.243776	0.993408	1.14391	2.8E-01	-0.00649602	0.0065316	0.989134	3.2E-01	1.44283	2.3E-01
rs1413125	13	59260131	0.587755	G	T	0.574048	0.994453	1.96674	1.6E-01	-0.00882226	0.00566557	2.42478	1.2E-01	2.90951	8.8E-02
rs1441264	13	79580919	0.787841	G	A	0.406364	0.956515	2.67386	1.0E-01	0.00918785	0.00578464	2.52275	1.1E-01	3.35687	6.7E-02
rs61969477	13	86477950	0.835644	T	C	0.717214	0.998003	0.103434	7.5E-01	0.00106531	0.00619248	0.0295951	8.6E-01	0.211455	6.5E-01
rs1927790	13	96922191	0.93596	T	C	0.587589	0.998094	0.368966	5.4E-01	0.00326332	0.00567819	0.330293	5.7E-01	0.342912	5.6E-01
rs7335249	13	109962579	1.18904	T	C	0.587526	0.995494	0.126745	7.2E-01	-0.000524557	0.00567914	0.0085314	9.3E-01	0.0014575	9.7E-01
rs7141213	14	25878636	0.160923	C	T	0.428505	0.99817	0.286316	5.9E-01	0.00305659	0.00565763	0.29188	5.9E-01	0.507657	4.8E-01
rs6576279	14	29649958	0.207571	G	C	0.190393	0.998923	1.69789	1.9E-01	0.00923766	0.00708354	1.70068	1.9E-01	1.28562	2.6E-01
rs2143975	14	33297398	0.262161	C	G	0.467897	0.986467	3.09252	7.9E-02	-0.0102655	0.00564606	3.30574	6.9E-02	1.62278	2.0E-01
rs35020117	14	73341655	0.671145	T	G	0.538277	0.933938	1.2909	2.6E-01	-0.00785207	0.00578825	1.84023	1.7E-01	1.69921	1.9E-01
rs7159565	14	79891894	0.74792	T	C	0.36268	0.984708	1.12078	2.9E-01	-0.00499376	0.00582732	0.734374	3.9E-01	1.99829	1.6E-01
rs1951455	14	91512339	0.88209	T	C	0.283982	0.997245	4.43179	3.5E-02	-0.0130705	0.00618766	4.46202	3.5E-02	5.5944	1.8E-02
rs2273639	14	93762162	0.916561	C	T	0.692907	0.99913	5.95461	1.5E-02	-0.0154723	0.00605555	6.52837	1.1E-02	6.91613	8.5E-03
rs7161194	14	101529005	1.0886	A	G	0.336786	0.914125	0.392022	5.3E-01	0.00417013	0.00616763	0.457154	5.0E-01	0.787655	3.7E-01
rs12148050	14	103263788	1.11638	A	G	0.348874	0.9994	0.986129	3.2E-01	0.00656463	0.00584066	1.26327	2.6E-01	1.53252	2.2E-01
rs35443927	14	103849715	1.12404	C	T	0.630061	0.995118	0.0134277	9.1E-01	-0.00132776	0.00577176	0.05292	8.2E-01	0.0180287	8.9E-01
rs149492745	15	43099550	0.641031	C	T	0.977336	0.916905	37.5881	8.7E-10	0.11514	0.0195598	34.6518	3.9E-09	32.4278	1.2E-08
rs11070502	15	46574981	0.663836	G	A	0.422393	0.996515	0.0784329	7.8E-01	-0.00022017	0.00565929	0.00151353	9.7E-01	0.308947	5.8E-01
rs12908949	15	59475713	0.795908	T	G	0.77013	0.991439	6.73041e-05	9.9E-01	-0.00154254	0.00664949	0.0538142	8.2E-01	0.340105	5.6E-01
rs12903168	15	67680209	0.914057	T	C	0.726776	0.98909	1.94834	1.6E-01	0.00876492	0.00629587	1.93813	1.6E-01	0.883731	3.5E-01
rs4777542	15	73082366	0.987566	C	T	0.670419	0.995307	0.555316	4.6E-01	0.00436626	0.00596374	0.536022	4.6E-01	0.256648	6.1E-01
rs11855821	15	78008843	1.01251	G	A	0.714306	0.958126	0.134248	7.1E-01	0.00245474	0.0062893	0.152338	7.0E-01	0.129687	7.2E-01
rs12914623	15	80993570	1.05801	G	C	0.732913	0.994175	1.79429	1.8E-01	-0.00805825	0.00631202	1.62984	2.0E-01	1.77913	1.8E-01
rs7168523	15	95263911	1.31585	C	T	0.355269	0.99653	1.90843	1.7E-01	-0.00871674	0.00583452	2.23202	1.4E-01	2.90921	8.8E-02
rs1048786	16	336916	0.0036807	C	T	0.830941	1	0.119581	7.3E-01	0.000436463	0.00743724	0.00344407	9.5E-01	0.166291	6.8E-01
rs2601773	16	4001898	0.0718473	C	A	0.503399	0.995484	0.531779	4.7E-01	0.00421623	0.00558143	0.570635	4.5E-01	0.393932	5.3E-01
rs9934930	16	4902038	0.0862098	A	G	0.521116	0.994594	0.56394	4.5E-01	-0.00402906	0.00561231	0.515378	4.7E-01	0.164043	6.9E-01
rs7187976	16	19708196	0.389763	A	G	0.820215	0.98274	1.22363	2.7E-01	-0.00838288	0.00730581	1.31659	2.5E-01	1.24822	2.6E-01
rs4238585	16	20255097	0.398011	C	T	0.13201	0.96298	0.294197	5.9E-01	0.00320826	0.0083802	0.146565	7.0E-01	0.0133262	9.1E-01
rs11074452	16	20370168	0.40198	C	G	0.490517	0.995812	0.0764938	7.8E-01	0.00166843	0.00558922	0.0891071	7.7E-01	0.0211532	8.8E-01
rs200539	16	24735178	0.466016	T	C	0.268765	0.996448	5.69678	1.7E-02	0.0139607	0.00626721	4.96213	2.6E-02	5.5999	1.8E-02
rs2650494	16	28318440	0.541911	A	G	0.581267	0.992404	0.685765	4.1E-01	-0.00486837	0.00565422	0.741345	3.9E-01	1.07474	3.0E-01
rs4787483	16	29885447	0.552081	A	G	0.662227	1	0.418809	5.2E-01	-0.00436995	0.00589997	0.548597	4.6E-01	0.379582	5.4E-01
rs111886096	16	53598310	0.644304	A	G	0.862466	0.993464	0.738565	3.9E-01	0.00576794	0.00810776	0.506104	4.8E-01	0.590977	4.4E-01
rs7205986	16	53755146	0.644839	A	G	0.489919	0.988839	0.332396	5.6E-01	0.00273707	0.0056207	0.237132	6.3E-01	0.490347	4.8E-01
rs5011579	16	69187318	0.855228	C	G	0.2843	0.994942	0.0128439	9.1E-01	0.000359115	0.0061912	0.00336447	9.5E-01	0.0650927	8.0E-01
rs12924872	16	69552215	0.858355	C	T	0.533347	0.984378	3.24097	7.2E-02	-0.0103586	0.00563948	3.37384	6.6E-02	3.54024	6.0E-02
rs811054	16	72251132	0.873381	C	T	0.462771	0.985658	1.55098	2.1E-01	0.00681737	0.00562527	1.46875	2.3E-01	1.06968	3.0E-01
rs12443634	16	81524274	1.04567	A	C	0.28686	0.984586	32.7271	1.1E-08	-0.0364152	0.00620679	34.4216	4.4E-09	31.8653	1.7E-08
rs77081114	17	1816762	0.0641667	G	A	0.834903	1	0.992039	3.2E-01	-0.0086911	0.00752172	1.3351	2.5E-01	0.679063	4.1E-01
rs3026101	17	5280440	0.136672	T	C	0.696449	0.998494	0.232824	6.3E-01	0.00341902	0.00607709	0.316527	5.7E-01	0.273822	6.0E-01
rs10491104	17	15884561	0.425342	C	T	0.468509	1	0.392673	5.3E-01	-0.00364721	0.00559274	0.425277	5.1E-01	0.244657	6.2E-01
rs9906072	17	21245687	0.471598	T	C	0.486625	0.873727	3.59515	5.8E-02	-0.0111705	0.0059803	3.48898	6.2E-02	4.86906	2.7E-02
rs9904602	17	34835526	0.595066	T	A	0.482475	0.99641	0.468554	4.9E-01	0.00411009	0.00558787	0.541014	4.6E-01	0.556497	4.6E-01
rs12453233	17	45454570	0.698795	C	T	0.453175	0.999002	37.5079	9.1E-10	-0.0333371	0.00560775	35.3409	2.8E-09	39.7178	2.9E-10
rs55797392	17	47055622	0.707863	G	A	0.589793	0.985453	2.15296	1.4E-01	-0.00806354	0.00570379	1.99859	1.6E-01	2.22949	1.4E-01
rs17631394	17	61646000	0.886955	G	A	0.736546	0.99153	6.18439	1.3E-02	0.015106	0.00636085	5.63986	1.8E-02	6.11918	1.3E-02
rs1801689	17	64210580	0.919581	A	C	0.96949	1	36.1569	1.8E-09	-0.0985513	0.0162182	36.925	1.2E-09	41.2328	1.4E-10
rs113120414	17	66945345	0.964692	A	G	0.942645	0.937715	39.2356	3.8E-10	-0.0793351	0.0123751	41.0995	1.4E-10	48.3331	3.6E-12
rs4424946	17	78554888	1.24995	T	C	0.762112	0.998925	0.587403	4.4E-01	0.00537851	0.00655279	0.673708	4.1E-01	0.257438	6.1E-01
rs4076427	17	79087537	1.26024	G	C	0.609873	0.985353	0.0499074	8.2E-01	0.0014783	0.00573476	0.0664504	8.0E-01	0.193775	6.6E-01
rs1371274	18	1837007	0.0479005	A	C	0.863572	0.995553	1.26742	2.6E-01	-0.00947697	0.0081145	1.364	2.4E-01	0.930131	3.3E-01
rs11875960	18	21071925	0.432054	A	G	0.650113	0.974621	3.32884	6.8E-02	-0.0129159	0.00592552	4.75114	2.9E-02	5.85328	1.6E-02
rs9807506	18	39493911	0.604143	C	T	0.110516	0.995331	1.46586	2.3E-01	0.0106844	0.00891611	1.43598	2.3E-01	1.65545	2.0E-01
rs4890428	18	40697340	0.611694	G	T	0.5787	0.994435	2.18375	1.4E-01	0.00839985	0.00567585	2.19019	1.4E-01	2.27083	1.3E-01
rs7239114	18	45921214	0.66958	G	A	0.458185	0.985699	0.34231	5.6E-01	0.00452313	0.00563892	0.64341	4.2E-01	0.485675	4.9E-01
rs72934723	18	53305311	0.747109	A	G	0.96095	0.966483	4.13446	4.2E-02	-0.0292861	0.0146508	3.99578	4.6E-02	3.70318	5.4E-02
rs2187176	18	57679365	0.819838	A	G	0.309978	0.982596	0.726566	3.9E-01	0.00473982	0.00608644	0.606452	4.4E-01	0.760303	3.8E-01
rs117758180	18	57809744	0.821562	C	T	0.97678	1	0.459164	5.0E-01	0.0108127	0.0185201	0.340866	5.6E-01	0.157773	6.9E-01
rs113268469	18	57862913	0.821729	C	T	0.982698	0.966786	2.6301	1.0E-01	0.034564	0.021772	2.52028	1.1E-01	2.28953	1.3E-01
rs11668832	19	1812682	0.0683182	A	G	0.450689	0.989019	0.0827454	7.7E-01	-0.00153979	0.00561539	0.0751904	7.8E-01	0.282416	6.0E-01
rs72976986	19	4050424	0.142675	G	A	0.810758	0.984512	2.01449	1.6E-01	-0.0109228	0.00717448	2.31786	1.3E-01	2.53832	1.1E-01
rs8110479	19	10734951	0.317437	T	C	0.0486634	0.947456	40.6955	1.8E-10	-0.0847756	0.0132377	41.0125	1.5E-10	42.2504	8.0E-11
rs535824581	19	11195705	0.318776	A	T	0.982559	0.940483	33.9035	5.8E-09	0.121332	0.0219119	30.6612	3.1E-08	32.201	1.4E-08
rs12461902	19	30265235	0.512848	G	A	0.672506	0.985963	3.16839	7.5E-02	0.00980345	0.00598804	2.68033	1.0E-01	2.46048	1.2E-01
rs11882409	19	34019685	0.562915	C	A	0.713772	0.966519	0.0257139	8.7E-01	-0.000770793	0.00626099	0.0151562	9.0E-01	0.181739	6.7E-01
rs62116588	19	44446097	0.68736	C	G	0.976805	0.933368	43.1424	5.1E-11	0.126645	0.0191586	43.6971	3.8E-11	45.656	1.4E-11
rs55840997	19	44480979	0.687479	G	A	0.981353	1	30.016	4.3E-08	0.113023	0.0205782	30.1662	4.0E-08	34.7299	3.8E-09
rs73048351	19	45160086	0.697689	C	A	0.989712	0.91554	69.7732	6.7E-17	0.241476	0.0288835	69.8956	6.3E-17	74.0246	7.7E-18
rs11881756	19	45220896	0.699851	T	C	0.886737	1	207.639	4.5E-47	0.125909	0.00877323	205.967	1.0E-46	221.289	4.7E-50
rs139326841	19	45269725	0.701551	T	C	0.978636	0.821408	33.7233	6.4E-09	-0.12053	0.021166	32.4273	1.2E-08	37.2445	1.0E-09
rs2075649	19	45395330	0.707004	A	G	0.611354	0.998574	55.6158	8.8E-14	-0.043274	0.00572258	57.1834	4.0E-14	65.6312	5.4E-16
rs146390218	19	45478352	0.709104	A	G	0.973731	0.966351	194.852	2.8E-44	0.24657	0.01769	194.28	3.7E-44	200.211	1.9E-45
rs1884389	20	1410582	0.0620248	C	T	0.560429	0.990862	0.098063	7.5E-01	0.00186123	0.0056442	0.108741	7.4E-01	0.0407793	8.4E-01
rs1321453	20	6585670	0.214258	G	A	0.332006	0.979962	1.63339	2.0E-01	0.00710406	0.00599664	1.40345	2.4E-01	2.22779	1.4E-01
rs947088	20	17171373	0.411628	G	T	0.280165	0.992316	1.04897	3.1E-01	0.00642741	0.006245	1.05927	3.0E-01	0.77889	3.8E-01
rs8116853	20	21439820	0.48109	A	G	0.902603	0.99434	0.259633	6.1E-01	-0.0041726	0.00941991	0.196209	6.6E-01	0.479574	4.9E-01
rs6142096	20	32686658	0.536502	G	A	0.481267	0.998195	3.74922	5.3E-02	0.0108107	0.00559351	3.73539	5.3E-02	3.95663	4.7E-02
rs11699260	20	50813508	0.791033	G	C	0.710789	0.999421	0.012159	9.1E-01	1.43869e-05	0.00614307	5.48484e-06	1.0E+00	0.0275649	8.7E-01
rs2836753	21	40291187	0.447396	T	C	0.362883	0.999333	6.00398	1.4E-02	0.0140961	0.00579471	5.91746	1.5E-02	7.18746	7.3E-03
rs1964926	21	42653121	0.51205	A	G	0.35393	0.992207	5.05989e-06	1.0E+00	-0.000539328	0.00586218	0.00846423	9.3E-01	0.0222904	8.8E-01
rs8130074	21	46498684	0.621941	C	G	0.35124	0.996511	1.00753	3.2E-01	-0.00596945	0.0058594	1.03792	3.1E-01	1.58063	2.1E-01
rs4820399	22	40546633	0.498151	C	T	0.4075	0.991505	0.631967	4.3E-01	0.00467181	0.00568903	0.674363	4.1E-01	0.984361	3.2E-01
rs13053342	22	48871624	0.664334	G	A	0.577345	0.990848	1.0656	3.0E-01	-0.00587996	0.00566094	1.07888	3.0E-01	0.557599	4.6E-01
