SNP	CHR	BP	GENPOS	ALLELE1	ALLELE0	A1FREQ	INFO	CHISQ_LINREG	P_LINREG	BETA	SE	CHISQ_BOLT_LMM_INF	P_BOLT_LMM_INF	CHISQ_BOLT_LMM	P_BOLT_LMM
rs28788874	1	1520725	0.0141684	C	T	0.584735	0.768295	0.0437222	8.3E-01	0.00199083	0.00640067	0.0967429	7.6E-01	0.125895	7.2E-01
rs75991743	1	39286089	0.662194	C	T	0.969233	1	31.9998	1.5E-08	-0.0910112	0.0160559	32.1309	1.4E-08	33.089	8.8E-09
rs72634501	1	39551488	0.669558	T	C	0.760747	0.973003	11.4968	7.0E-04	0.0235013	0.00660467	12.6614	3.7E-04	13.0117	3.1E-04
rs7545034	1	47659445	0.739124	T	C	0.495311	0.986554	5.04149	2.5E-02	-0.0114101	0.00560036	4.15096	4.2E-02	3.06332	8.0E-02
rs12117661	1	55487346	0.808955	C	G	0.755046	0.987273	44.2984	2.8E-11	0.0422803	0.0065185	42.0708	8.8E-11	40.7803	1.7E-10
rs626787	1	62901243	0.92278	C	G	0.648073	0.994875	34.6422	4.0E-09	-0.0345979	0.0058301	35.2167	2.9E-09	35.6174	2.4E-09
rs2422134	1	72514701	1.03261	G	C	0.494392	0.995097	0.532446	4.7E-01	-0.00414159	0.00556454	0.553957	4.6E-01	0.348715	5.5E-01
rs6690871	1	74977277	1.04309	A	G	0.592502	0.986356	2.61575	1.1E-01	0.00844848	0.005696	2.19997	1.4E-01	2.23374	1.4E-01
rs2247536	1	77919438	1.07305	G	C	0.734406	0.984022	2.15712	1.4E-01	-0.0115416	0.00635142	3.30212	6.9E-02	4.94782	2.6E-02
rs1536023	1	96882019	1.26526	C	A	0.779556	0.988892	1.10872	2.9E-01	-0.00559814	0.00674819	0.688197	4.1E-01	0.587517	4.4E-01
rs10747488	1	98299475	1.27829	C	A	0.231417	0.993887	4.21984	4.0E-02	-0.014224	0.00662321	4.61216	3.2E-02	5.74991	1.6E-02
rs920835	1	107946802	1.36667	G	A	0.707486	0.968585	0.18071	6.7E-01	-0.00179915	0.00621606	0.0837733	7.7E-01	0.0020385	9.6E-01
rs892511	1	110078255	1.38888	C	G	0.970555	0.964927	7.17527	7.4E-03	0.0481665	0.016721	8.29789	4.0E-03	7.34722	6.7E-03
rs12033257	1	112318484	1.42838	A	G	0.621237	0.983831	3.76199	5.2E-02	-0.0110425	0.00578775	3.64011	5.6E-02	2.56329	1.1E-01
rs4357530	1	151103153	1.65977	G	A	0.321207	0.991504	0.141442	7.1E-01	0.00249264	0.00598116	0.173679	6.8E-01	0.0482045	8.3E-01
rs148261599	1	155253286	1.69959	C	G	0.796018	0.939661	1.90445	1.7E-01	0.00892957	0.00709586	1.58362	2.1E-01	1.72377	1.9E-01
rs12565430	1	174400537	1.95129	G	A	0.890495	0.989663	1.67213	2.0E-01	-0.0103879	0.00892456	1.35483	2.4E-01	1.09903	2.9E-01
rs10913418	1	177755299	1.98687	C	A	0.596511	0.989574	0.086314	7.7E-01	0.00272964	0.00569671	0.229594	6.3E-01	0.103078	7.5E-01
rs1359940	1	177848153	1.98809	T	C	0.542981	0.978287	2.88914	8.9E-02	-0.00881672	0.00564517	2.43927	1.2E-01	3.28641	7.0E-02
rs9425633	1	184657251	2.05452	T	C	0.517837	0.997773	0.449904	5.0E-01	0.00375927	0.00556261	0.456718	5.0E-01	0.610767	4.3E-01
rs10801363	1	194922207	2.13186	T	A	0.632532	0.99595	0.0593816	8.1E-01	0.00153505	0.00577189	0.0707303	7.9E-01	0.000301889	9.9E-01
rs2494116	1	201784151	2.19723	G	A	0.451622	0.998902	1.35397	2.4E-01	0.00545402	0.00557871	0.955797	3.3E-01	0.646435	4.2E-01
rs4631704	1	230293530	2.53595	C	T	0.39136	0.985874	40.036	2.5E-10	-0.0372188	0.00573063	42.1812	8.3E-11	42.9902	5.5E-11
rs12042959	1	243533273	2.82744	A	G	0.856757	0.985729	1.59471	2.1E-01	-0.0101276	0.00797344	1.61331	2.0E-01	1.8395	1.8E-01
rs6548228	2	345889	0.00380575	T	C	0.476197	0.997111	12.8387	3.4E-04	-0.0203757	0.00557145	13.3749	2.6E-04	11.3205	7.7E-04
rs2667214	2	449487	0.00560823	A	G	0.676488	0.984343	0.419771	5.2E-01	0.0040257	0.00599585	0.450797	5.0E-01	0.298768	5.8E-01
rs10176391	2	574368	0.00678655	C	G	0.988537	0.920209	0.000252783	9.9E-01	0.00089072	0.0271932	0.00107291	9.7E-01	0.0104901	9.2E-01
rs11673889	2	21104631	0.419072	G	C	0.739344	0.972648	42.7957	6.1E-11	0.0422952	0.00641685	43.4449	4.4E-11	50.4813	1.2E-12
rs4665377	2	27523440	0.473307	G	T	0.77262	0.965178	35.42	2.7E-09	-0.0400857	0.00675489	35.2161	3.0E-09	35.6735	2.3E-09
rs10048652	2	35449306	0.577825	T	C	0.438309	0.999392	0.104412	7.5E-01	0.00243772	0.00561104	0.188748	6.6E-01	0.551766	4.6E-01
rs56266464	2	44054991	0.686489	G	A	0.939556	0.986548	37.5285	9.0E-10	0.0764089	0.0117567	42.2397	8.1E-11	46.2837	1.0E-11
rs698838	2	44738763	0.693339	C	T	0.374359	1	0.185058	6.7E-01	0.00250916	0.00574609	0.190682	6.6E-01	0.226121	6.3E-01
rs3198123	2	55207693	0.827446	C	T	0.698625	0.993954	1.72653	1.9E-01	-0.00905003	0.00608311	2.21334	1.4E-01	1.87221	1.7E-01
rs13032423	2	57992112	0.847237	G	A	0.445418	0.996747	0.560921	4.5E-01	-0.00499171	0.00560959	0.791839	3.7E-01	0.578037	4.5E-01
rs55767040	2	58955028	0.850031	T	C	0.699424	0.989049	0.803703	3.7E-01	0.00479899	0.00610957	0.616992	4.3E-01	0.682667	4.1E-01
rs980183	2	59311536	0.858192	G	A	0.398003	0.996406	4.15349	4.2E-02	-0.0115358	0.00568568	4.11653	4.2E-02	4.06854	4.4E-02
rs7557796	2	86766153	1.16162	T	C	0.352323	0.999778	0.0425418	8.4E-01	0.000906059	0.00582127	0.0242258	8.8E-01	0.0503213	8.2E-01
rs13023088	2	100576304	1.22131	C	T	0.849851	0.99385	1.84167	1.7E-01	-0.00922205	0.00779198	1.40075	2.4E-01	1.54981	2.1E-01
rs9308868	2	104361420	1.24985	G	A	0.475644	0.997977	0.395072	5.3E-01	0.00487828	0.00557877	0.764639	3.8E-01	0.254699	6.1E-01
rs1349512	2	105435369	1.26243	T	C	0.689911	0.999103	0.146513	7.0E-01	0.00138435	0.00600233	0.0531926	8.2E-01	0.0666031	8.0E-01
rs1530559	2	135755629	1.58463	A	G	0.600693	1	6.60951	1.0E-02	-0.0109021	0.00562853	3.75172	5.3E-02	4.0781	4.3E-02
rs2034604	2	143958745	1.64938	C	T	0.463349	0.997459	1.0583	3.0E-01	-0.00699968	0.00558302	1.57187	2.1E-01	1.30719	2.5E-01
rs12692596	2	161265910	1.78694	C	T	0.629192	0.996301	2.53864	1.1E-01	0.0081302	0.00573998	2.00624	1.6E-01	1.57454	2.1E-01
rs12328675	2	165540800	1.81492	T	C	0.879644	0.99881	17.6273	2.7E-05	-0.0355138	0.00852832	17.3408	3.1E-05	18.2828	1.9E-05
rs6745626	2	181436641	2.00364	C	T	0.408617	0.996845	1.30012	2.5E-01	0.00705876	0.00566175	1.55437	2.1E-01	1.63667	2.0E-01
rs6743255	2	205363596	2.17314	A	G	0.119725	1	3.99975	4.6E-02	-0.0151926	0.00854473	3.16132	7.5E-02	2.73783	9.8E-02
rs13000757	2	207145906	2.20108	G	T	0.495484	0.995817	0.126794	7.2E-01	0.000425529	0.00558003	0.00581547	9.4E-01	0.0434974	8.3E-01
rs11692326	2	208263279	2.21189	C	T	0.770028	0.999964	0.171215	6.8E-01	0.0013841	0.0065904	0.0441073	8.3E-01	0.0296816	8.6E-01
rs13388242	2	227020853	2.44234	G	A	0.66352	0.99826	28.9306	7.5E-08	-0.0324379	0.00587508	30.4845	3.4E-08	30.4653	3.4E-08
rs12611517	2	228977034	2.47863	T	A	0.656814	0.999378	7.28156	7.0E-03	0.0156774	0.00585218	7.17651	7.4E-03	7.16717	7.4E-03
rs12473885	2	230569590	2.5018	G	T	0.878273	0.993886	2.66618	1.0E-01	-0.0137711	0.00850718	2.62039	1.1E-01	2.41927	1.2E-01
rs13098833	3	20428568	0.395393	A	G	0.723663	0.994024	0.425984	5.1E-01	0.00225126	0.0062633	0.129195	7.2E-01	0.080252	7.8E-01
rs754635	3	42305131	0.652861	C	G	0.112989	0.99768	0.920886	3.4E-01	-0.0101746	0.00875876	1.34942	2.5E-01	1.09919	2.9E-01
rs72906474	3	47817007	0.688057	G	T	0.417107	0.973948	0.00385864	9.5E-01	-0.00028119	0.00571828	0.00241807	9.6E-01	0.167808	6.8E-01
rs71326904	3	49991060	0.690403	C	T	0.749113	0.999883	0.256255	6.1E-01	-0.00423936	0.00641915	0.43616	5.1E-01	0.278398	6.0E-01
rs1371095	3	61147530	0.807508	A	G	0.581645	0.99157	0.700071	4.0E-01	0.00458761	0.00566598	0.655576	4.2E-01	0.667872	4.1E-01
rs9874646	3	62462818	0.82936	C	T	0.314458	0.963027	0.000857071	9.8E-01	-0.000885037	0.00610699	0.0210024	8.8E-01	7.60527e-08	1.0E+00
rs7430139	3	82504148	1.08216	A	G	0.834726	1	0.349994	5.5E-01	-0.00413292	0.00750704	0.303093	5.8E-01	0.306164	5.8E-01
rs1248859	3	85017098	1.08828	G	C	0.331024	0.996188	0.562496	4.5E-01	0.00496545	0.00592694	0.701869	4.0E-01	1.75715	1.8E-01
rs9857105	3	93893210	1.10433	A	G	0.459959	0.997124	0.278699	6.0E-01	-0.00235748	0.00560025	0.177207	6.7E-01	0.258652	6.1E-01
rs11917909	3	107864673	1.2019	G	A	0.64971	0.995989	1.03318	3.1E-01	-0.00542045	0.00583047	0.864298	3.5E-01	0.597182	4.4E-01
rs2037001	3	131458973	1.44255	C	G	0.708207	0.979412	0.0226808	8.8E-01	0.00164543	0.00618601	0.0707515	7.9E-01	0.541632	4.6E-01
rs9827662	3	135710841	1.49347	C	A	0.75398	0.999173	0.535532	4.6E-01	0.00403395	0.00645469	0.390581	5.3E-01	0.403954	5.3E-01
rs355786	3	153990749	1.684	G	A	0.607502	0.999005	0.29034	5.9E-01	-0.00263257	0.00571278	0.212357	6.4E-01	0.514368	4.7E-01
rs1604038	3	170709193	1.7983	C	T	0.714201	0.999363	4.64689	3.1E-02	0.0125976	0.00614835	4.19813	4.0E-02	4.807	2.8E-02
rs9867130	3	185729753	2.0208	A	G	0.141676	0.965346	0.0980942	7.5E-01	-0.0024408	0.00814114	0.0898862	7.6E-01	0.0619955	8.0E-01
rs11736501	4	18451423	0.339653	A	C	0.680338	0.997158	1.09672	2.9E-01	0.00522258	0.00596242	0.767228	3.8E-01	2.79262	9.5E-02
rs73244271	4	20091053	0.357316	A	G	0.887469	0.995322	3.85436	5.0E-02	0.0171663	0.00884588	3.76592	5.2E-02	2.51136	1.1E-01
rs6849555	4	25150890	0.433804	G	C	0.799698	0.94032	0.720865	4.0E-01	-0.00720612	0.00716578	1.01129	3.1E-01	0.602883	4.4E-01
rs4623046	4	45042343	0.679347	G	A	0.33237	0.994028	1.91128	1.7E-01	-0.00824774	0.00590911	1.94816	1.6E-01	1.90249	1.7E-01
rs6829208	4	52728640	0.6941	T	C	0.726338	0.99807	0.340063	5.6E-01	-0.00405393	0.00623296	0.423023	5.2E-01	0.164216	6.9E-01
rs6815651	4	55487718	0.714225	C	T	0.450226	0.994486	6.75153	9.4E-03	-0.0162888	0.00559541	8.47452	3.6E-03	9.30186	2.3E-03
rs923994	4	67802992	0.836181	A	G	0.217153	0.992221	0.777474	3.8E-01	-0.00469773	0.00674706	0.484781	4.9E-01	0.102001	7.5E-01
rs12645001	4	96018337	1.09763	G	A	0.650874	0.99796	2.39138	1.2E-01	0.00893456	0.00583095	2.34783	1.3E-01	2.27313	1.3E-01
rs13105682	4	102702364	1.15516	T	G	0.941406	0.93989	6.73326	9.5E-03	0.031155	0.0122164	6.50385	1.1E-02	7.18156	7.4E-03
rs11728213	4	113309647	1.25168	G	A	0.683684	0.99931	0.767156	3.8E-01	-0.00437027	0.00598929	0.532435	4.7E-01	0.164051	6.9E-01
rs1296328	4	137083193	1.44321	A	C	0.440098	0.99123	0.155314	6.9E-01	0.00330427	0.00565125	0.34187	5.6E-01	0.225825	6.3E-01
rs4863516	4	140773770	1.49281	T	C	0.672112	0.999318	0.0840325	7.7E-01	-0.00041898	0.00591811	0.00501211	9.4E-01	0.0687321	7.9E-01
rs750090	4	152931436	1.59021	T	C	0.646587	0.97605	1.33087	2.5E-01	0.00752201	0.00585707	1.64933	2.0E-01	0.844152	3.6E-01
rs13110266	4	162129844	1.69444	G	A	0.582061	0.993805	1.47294	2.2E-01	-0.00724477	0.00564883	1.64487	2.0E-01	1.50435	2.2E-01
rs4597930	5	27171542	0.425308	T	C	0.71786	0.997265	1.18113	2.8E-01	-0.00683544	0.00619588	1.2171	2.7E-01	2.31541	1.3E-01
rs6451675	5	43110855	0.62057	C	G	0.307452	0.990847	1.81397	1.8E-01	0.00824284	0.00604329	1.8604	1.7E-01	2.68496	1.0E-01
rs3843467	5	55856375	0.681472	G	T	0.792691	0.997784	45.9419	1.2E-11	0.0483054	0.00685225	49.6964	1.8E-12	51.4895	7.2E-13
rs6449674	5	62995938	0.739824	T	C	0.52251	0.996207	1.71244	1.9E-01	0.00726951	0.00557576	1.69982	1.9E-01	1.20831	2.7E-01
rs4072296	5	74242002	0.858799	T	C	0.46019	0.938263	15.5637	8.0E-05	-0.0223354	0.00575768	15.0485	1.0E-04	19.923	8.1E-06
rs11740689	5	80841360	0.956164	A	C	0.681749	0.9953	0.0484423	8.3E-01	-0.00144772	0.00597517	0.0587037	8.1E-01	0.00174884	9.7E-01
rs77156384	5	87709219	1.01438	A	G	0.979071	1	0.400449	5.3E-01	0.0110123	0.0194501	0.320564	5.7E-01	0.674866	4.1E-01
rs7701355	5	88804839	1.01946	G	T	0.578544	0.999666	0.431562	5.1E-01	0.00170926	0.00564112	0.0918088	7.6E-01	0.407997	5.2E-01
rs6885199	5	92574633	1.04879	G	A	0.9622	1	0.925799	3.4E-01	-0.0138624	0.0145792	0.904078	3.4E-01	0.605209	4.4E-01
rs12186664	5	95630225	1.07202	A	T	0.684284	0.993149	0.824073	3.6E-01	-0.00472923	0.0059936	0.622595	4.3E-01	0.211603	6.5E-01
rs1835978	5	107265051	1.15538	T	C	0.111179	0.976322	1.25143	2.6E-01	0.0101526	0.00894216	1.28905	2.6E-01	1.70199	1.9E-01
rs459552	5	112176756	1.19663	T	A	0.232844	1	1.11244	2.9E-01	-0.00814911	0.00656896	1.53896	2.1E-01	2.3967	1.2E-01
rs329120	5	133861756	1.41589	C	T	0.579716	0.996967	3.55298	5.9E-02	-0.010811	0.00564746	3.66458	5.6E-02	2.48288	1.2E-01
rs356453	5	139053563	1.4578	G	A	0.669183	0.993285	1.52174	2.2E-01	0.0083241	0.00592184	1.97588	1.6E-01	1.7478	1.9E-01
rs2190788	5	144484261	1.52142	G	T	0.681254	0.989372	1.21005	2.7E-01	-0.00544501	0.00601875	0.818437	3.7E-01	0.958485	3.3E-01
rs7701886	5	153547409	1.6413	G	A	0.45336	0.99206	3.8568	5.0E-02	0.00962525	0.00561179	2.94186	8.6E-02	3.0054	8.3E-02
rs2287894	5	170322919	1.86356	T	A	0.272401	0.998905	1.79313	1.8E-01	0.00866005	0.00625613	1.91615	1.7E-01	3.25488	7.1E-02
rs10947758	6	12093961	0.272682	T	C	0.645937	0.995017	0.615215	4.3E-01	0.00389937	0.00583732	0.446234	5.0E-01	0.861219	3.5E-01
rs9357634	6	13192190	0.290983	T	C	0.701576	0.98883	6.28072	1.2E-02	-0.0149702	0.00611709	5.98918	1.4E-02	5.27034	2.2E-02
rs3806114	6	20482335	0.408974	G	A	0.330694	0.979566	0.718566	4.0E-01	-0.00420385	0.00598057	0.494094	4.8E-01	0.808839	3.7E-01
rs4711092	6	25684405	0.491796	T	C	0.456309	1	34.7387	3.8E-09	0.0324782	0.00556814	34.0223	5.4E-09	31.1797	2.4E-08
rs2768	6	31321856	0.512785	A	G	0.749612	0.995049	0.358044	5.5E-01	0.00259589	0.00644376	0.162291	6.9E-01	0.0869278	7.7E-01
rs57493997	6	34443523	0.547182	T	C	0.907375	0.988432	0.862656	3.5E-01	0.00994059	0.00964181	1.06294	3.0E-01	1.06622	3.0E-01
rs35679149	6	43604167	0.672046	A	G	0.973525	1	1.63949	2.0E-01	-0.018864	0.0173433	1.18305	2.8E-01	0.620197	4.3E-01
rs4714925	6	46304194	0.722787	A	G	0.493044	0.998125	0.0021016	9.6E-01	-0.000703789	0.00556874	0.0159725	9.0E-01	0.262581	6.1E-01
rs9473821	6	50356035	0.748721	T	C	0.122366	0.995677	0.0225656	8.8E-01	-0.00275316	0.0085034	0.104828	7.5E-01	0.0339514	8.5E-01
rs1369869	6	83366282	0.934423	C	T	0.558841	0.987317	0.0257839	8.7E-01	0.00109202	0.00563599	0.0375421	8.5E-01	0.00796165	9.3E-01
rs6905544	6	98411631	1.06235	A	G	0.398807	0.997318	0.439798	5.1E-01	0.00294064	0.00568815	0.267265	6.1E-01	0.26976	6.0E-01
rs1575676	6	108861264	1.17848	C	T	0.628148	0.997454	0.544296	4.6E-01	0.00455341	0.00574653	0.62786	4.3E-01	0.250264	6.2E-01
rs9387640	6	119508871	1.25792	C	T	0.635398	1	0.558443	4.5E-01	-0.00507687	0.00579094	0.768588	3.8E-01	1.28988	2.6E-01
rs198665	6	143154886	1.51958	C	A	0.629508	0.991725	3.65254	5.6E-02	0.0120802	0.00578763	4.35662	3.7E-02	3.86185	4.9E-02
rs7755574	6	153364643	1.66311	G	T	0.718151	0.997121	4.74928	2.9E-02	0.0143488	0.0062199	5.32188	2.1E-02	5.70336	1.7E-02
rs41265930	6	160964135	1.77505	T	C	0.92907	1	34.2687	4.8E-09	0.0620951	0.0108427	32.7976	1.0E-08	34.7751	3.7E-09
rs11767176	7	1852823	0.0275939	G	A	0.78849	0.994823	0.522036	4.7E-01	0.00671047	0.00680815	0.97151	3.2E-01	1.6807	1.9E-01
rs4307239	7	24354300	0.415589	A	G	0.540084	0.99283	0.628965	4.3E-01	0.00585925	0.00559741	1.09574	3.0E-01	1.00663	3.2E-01
rs3807566	7	50564204	0.76671	G	T	0.56098	0.994523	0.204827	6.5E-01	0.00151428	0.00561011	0.0728565	7.9E-01	0.159408	6.9E-01
rs4718966	7	70040558	0.868636	C	T	0.584999	0.992694	0.0776345	7.8E-01	-0.00223014	0.00567742	0.154298	6.9E-01	0.422436	5.2E-01
rs10950289	7	71429308	0.890251	A	G	0.837402	0.9787	2.03965	1.5E-01	-0.0120086	0.00760649	2.49241	1.1E-01	2.75043	9.7E-02
rs6964833	7	74101909	0.91305	T	C	0.742216	0.9996	1.24312	2.6E-01	0.00511208	0.00636808	0.644432	4.2E-01	0.987345	3.2E-01
rs7805441	7	78121458	0.952449	C	T	0.496028	0.987826	2.64873	1.0E-01	0.00845594	0.00561667	2.26655	1.3E-01	1.68893	1.9E-01
rs16868443	7	93206264	1.0947	G	C	0.638366	0.996209	0.134719	7.1E-01	-0.00183136	0.00578373	0.100261	7.5E-01	0.00524679	9.4E-01
rs17155888	7	103416295	1.18694	T	A	0.573633	0.98913	0.517865	4.7E-01	0.00444137	0.00565583	0.616654	4.3E-01	0.173328	6.8E-01
rs7788008	7	112972483	1.29323	G	A	0.566242	0.997606	0.221461	6.4E-01	0.0024703	0.00561091	0.193835	6.6E-01	0.211061	6.5E-01
rs12705908	7	113422504	1.29936	A	G	0.435782	0.999217	0.899646	3.4E-01	-0.00567227	0.00560851	1.02286	3.1E-01	0.0995345	7.5E-01
rs1563408	7	114303189	1.30467	G	A	0.518625	0.9976	0.377138	5.4E-01	0.00248422	0.00557137	0.198819	6.6E-01	0.220065	6.4E-01
rs12154627	7	130422934	1.4017	T	C	0.506907	0.97487	32.0966	1.5E-08	-0.0314599	0.00562071	31.3279	2.2E-08	37.3604	9.8E-10
rs2968856	7	150614934	1.67963	T	C	0.750666	0.995794	0.360533	5.5E-01	-0.00449031	0.00644852	0.484877	4.9E-01	1.07298	3.0E-01
rs2980478	8	8088230	0.237388	T	C	0.524982	0.963758	36.7263	1.4E-09	-0.0353824	0.00568319	38.7606	4.8E-10	37.0395	1.2E-09
rs1492635	8	19613762	0.468902	C	T	0.252202	0.991803	31.1829	2.3E-08	-0.0353335	0.00641719	30.3168	3.7E-08	28.3201	1.0E-07
rs190118115	8	19793581	0.472107	C	T	0.981499	0.949118	103.275	2.9E-24	0.214224	0.0211081	103	3.4E-24	105.971	7.5E-25
rs117174179	8	19941078	0.473736	G	T	0.980752	0.983391	34.0314	5.4E-09	0.117619	0.0203695	33.3423	7.7E-09	34.1171	5.2E-09
rs1362910	8	30856464	0.645028	A	G	0.419317	0.991461	0.212987	6.4E-01	-0.00335866	0.00562918	0.355994	5.5E-01	0.401231	5.3E-01
rs12681792	8	62054463	0.850895	C	A	0.807401	0.990908	0.137844	7.1E-01	0.00203199	0.00709171	0.0820997	7.7E-01	0.196238	6.6E-01
rs7822926	8	64701966	0.867188	A	C	0.529208	0.995395	0.923691	3.4E-01	-0.00562609	0.0055828	1.01557	3.1E-01	0.834722	3.6E-01
rs2017657	8	73426371	0.974058	G	T	0.427149	1	1.5151	2.2E-01	-0.0075147	0.00563311	1.77962	1.8E-01	1.10443	2.9E-01
rs2943611	8	76473939	1.00704	T	C	0.203974	0.993157	1.44841	2.3E-01	0.00756559	0.00691133	1.19829	2.7E-01	0.808479	3.7E-01
rs9298280	8	77329753	1.00881	T	G	0.287889	0.987301	3.90496	4.8E-02	0.0114387	0.00615876	3.44958	6.3E-02	3.70269	5.4E-02
rs1180626	8	116476393	1.31509	G	A	0.224213	0.994168	3.44574	6.3E-02	-0.0126023	0.00670277	3.53504	6.0E-02	3.17264	7.5E-02
rs6988140	8	126480543	1.45321	C	T	0.456223	0.841171	26.077	3.3E-07	-0.0332672	0.00607782	29.9596	4.4E-08	27.1025	1.9E-07
rs10124645	9	11321119	0.255592	A	G	0.589801	0.991792	0.285141	5.9E-01	-0.00260384	0.00569895	0.208756	6.5E-01	0.364919	5.5E-01
rs2457637	9	15533394	0.341722	T	C	0.512743	0.988377	0.272293	6.0E-01	0.00400512	0.00558755	0.513791	4.7E-01	0.535269	4.6E-01
rs6476065	9	28403813	0.542923	C	T	0.423663	0.971482	2.65145	1.0E-01	0.00872285	0.00569738	2.34405	1.3E-01	2.51755	1.1E-01
rs12345603	9	29601893	0.557517	C	T	0.574964	0.971878	8.79969	3.0E-03	0.0174979	0.00570785	9.39781	2.2E-03	7.99359	4.7E-03
rs868980	9	92140852	1.08916	A	G	0.764207	0.992973	15.7757	7.1E-05	0.02656	0.00657003	16.3426	5.3E-05	13.0684	3.0E-04
rs7873003	9	96392945	1.13399	T	C	0.320009	0.990354	0.149881	7.0E-01	-0.00250282	0.00598944	0.174617	6.8E-01	0.0402867	8.4E-01
rs1852865	9	102750138	1.19624	C	T	0.434954	0.999839	0.233955	6.3E-01	-0.00297442	0.00562603	0.279513	6.0E-01	0.231787	6.3E-01
rs7024334	9	109072075	1.25943	T	G	0.221004	0.999349	1.4733	2.2E-01	-0.00690689	0.00669915	1.06298	3.0E-01	0.548803	4.6E-01
rs1252008	9	120362838	1.43341	T	C	0.568657	0.998833	0.345225	5.6E-01	0.00436112	0.00560622	0.60514	4.4E-01	0.111453	7.4E-01
rs3829849	9	129390800	1.5324	C	T	0.630889	0.998111	3.447	6.3E-02	0.0105335	0.0057657	3.33763	6.8E-02	3.00568	8.3E-02
rs10733682	9	129460914	1.5336	A	G	0.474217	0.966242	0.84814	3.6E-01	0.00558837	0.00564097	0.981437	3.2E-01	1.28883	2.6E-01
rs2267958	9	131015279	1.55043	G	A	0.485563	0.958689	3.83337	5.0E-02	0.0107645	0.00569241	3.576	5.9E-02	3.37082	6.6E-02
rs10159545	10	21766969	0.466662	C	G	0.649246	0.986543	3.2053	7.3E-02	0.0111625	0.00585903	3.62967	5.7E-02	4.00253	4.5E-02
rs12762034	10	33969931	0.621029	T	C	0.92272	0.998956	4.28829	3.8E-02	0.0256756	0.0104092	6.08422	1.4E-02	4.46521	3.5E-02
rs4595495	10	53673286	0.748363	A	G	0.58387	0.998015	0.507556	4.8E-01	0.00258868	0.0056676	0.208621	6.5E-01	0.140726	7.1E-01
rs4746855	10	64822828	0.870307	G	A	0.596714	1	23.0851	1.5E-06	-0.0269971	0.00568294	22.5677	2.0E-06	21.5714	3.4E-06
rs12098284	10	76047464	0.999816	C	T	0.877434	0.998637	0.31921	5.7E-01	-0.00592056	0.00848858	0.48647	4.9E-01	0.809699	3.7E-01
rs1249156	10	79979737	1.04291	T	C	0.294183	0.999324	0.371382	5.4E-01	-0.00324681	0.00611095	0.282291	6.0E-01	0.0357408	8.5E-01
rs12245654	10	87562928	1.13739	A	C	0.927047	0.984714	4.16016	4.1E-02	0.0216104	0.0107713	4.02521	4.5E-02	2.2131	1.4E-01
rs472576	10	99694970	1.2698	G	C	0.540757	0.96945	0.06657	8.0E-01	-0.00220731	0.00565896	0.152144	7.0E-01	0.0250552	8.7E-01
rs4074720	10	114748497	1.39784	C	T	0.534572	0.984751	0.710187	4.0E-01	0.00525725	0.0056129	0.877289	3.5E-01	1.02547	3.1E-01
rs72828935	10	126587488	1.61238	G	C	0.716689	0.993686	4.50519	3.4E-02	0.0136249	0.00619238	4.84115	2.8E-02	4.31119	3.8E-02
rs12778347	10	133978806	1.80077	G	T	0.423877	0.999758	0.479393	4.9E-01	0.00201017	0.00562827	0.127561	7.2E-01	0.349227	5.5E-01
rs12802861	11	8387806	0.188896	C	T	0.71326	0.995592	0.586979	4.4E-01	-0.00434092	0.00616042	0.496527	4.8E-01	0.221213	6.4E-01
rs7942486	11	13288698	0.267633	G	T	0.432178	0.998702	2.63393	1.0E-01	0.00815716	0.00562122	2.1058	1.5E-01	1.45941	2.3E-01
rs12791818	11	27277760	0.463075	A	G	0.918985	0.937343	3.02516	8.2E-02	-0.0170695	0.0105335	2.626	1.1E-01	3.02335	8.2E-02
rs2679059	11	43599791	0.621966	A	T	0.402252	0.990165	10.5675	1.2E-03	-0.0192765	0.00571623	11.372	7.5E-04	9.36242	2.2E-03
rs11038428	11	45404318	0.657443	G	T	0.717407	0.990678	0.720194	4.0E-01	-0.00602341	0.00619567	0.945168	3.3E-01	1.34848	2.5E-01
rs35184771	11	47475189	0.665304	G	T	0.648082	0.998878	3.65463	5.6E-02	0.0118718	0.005816	4.16662	4.1E-02	4.25332	3.9E-02
rs198423	11	61514670	0.703053	G	C	0.664349	0.986572	31.4678	2.0E-08	0.0327088	0.00593572	30.3656	3.6E-08	35.3671	2.7E-09
rs4564341	11	61573540	0.704001	C	T	0.928009	0.991114	114.305	1.1E-26	0.116029	0.0107761	115.934	4.9E-27	122.269	2.0E-28
rs11549690	11	63991581	0.731065	G	A	0.922817	1	4.44749	3.5E-02	-0.0222422	0.0104241	4.55284	3.3E-02	4.38165	3.6E-02
rs667515	11	69449076	0.766481	G	C	0.61173	0.990296	3.49104	6.2E-02	-0.0111446	0.00571141	3.80751	5.1E-02	2.22025	1.4E-01
rs2605603	11	93221105	1.00432	G	A	0.520259	0.995512	0.0851538	7.7E-01	0.0025061	0.00554532	0.204242	6.5E-01	0.00178517	9.7E-01
rs4937870	11	112826709	1.19814	A	G	0.689169	0.983578	0.314645	5.7E-01	0.00263815	0.00605098	0.190085	6.6E-01	0.171677	6.8E-01
rs2187986	11	115001410	1.23045	G	A	0.524684	0.965018	0.0184221	8.9E-01	-0.000530144	0.00567339	0.00873176	9.3E-01	0.0194783	8.9E-01
rs4938301	11	116575473	1.26018	G	A	0.794432	0.992895	32.1997	1.4E-08	0.0403344	0.00691021	34.0696	5.3E-09	33.9419	5.7E-09
rs12808437	11	116782000	1.26169	G	T	0.77891	0.995591	48.2376	3.8E-12	-0.0479301	0.00671285	50.9804	9.3E-13	51.7648	6.3E-13
rs4366492	11	130717256	1.51227	T	C	0.474614	0.99465	0.369083	5.4E-01	0.00380651	0.00555987	0.468732	4.9E-01	0.187553	6.6E-01
rs10894604	11	132641746	1.55638	T	G	0.652028	1	0.622864	4.3E-01	-0.0035353	0.00583423	0.367185	5.4E-01	0.21931	6.4E-01
rs11064524	12	889902	0.0208303	T	G	0.758532	1	0.018473	8.9E-01	0.000240526	0.00648372	0.00137618	9.7E-01	0.00036315	9.8E-01
rs7976757	12	19207948	0.354438	T	C	0.171206	0.989812	0.2497	6.2E-01	0.00543387	0.00740199	0.538915	4.6E-01	1.3754	2.4E-01
rs16926776	12	24001905	0.419584	C	T	0.922961	1	2.37687	1.2E-01	-0.0127796	0.0104511	1.49524	2.2E-01	1.58506	2.1E-01
rs11181001	12	41948196	0.563104	A	G	0.469108	0.977653	0.00121921	9.7E-01	0.00101862	0.00561846	0.0328692	8.6E-01	0.0199389	8.9E-01
rs2720296	12	50169070	0.630128	G	A	0.609632	0.950295	0.937141	3.3E-01	-0.00350531	0.00585718	0.35816	5.5E-01	0.387267	5.3E-01
rs11173522	12	60953472	0.741724	C	A	0.784532	0.998242	0.000573002	9.8E-01	0.000312386	0.00678199	0.00212163	9.6E-01	0.0357356	8.5E-01
rs317646	12	69657145	0.849888	G	A	0.275066	0.99846	3.04998	8.1E-02	-0.0123779	0.00623974	3.93515	4.7E-02	4.60743	3.2E-02
rs704067	12	89726027	1.03172	G	A	0.545146	0.989595	0.474689	4.9E-01	0.00509811	0.00562984	0.820023	3.7E-01	0.60461	4.4E-01
rs591776	12	99538895	1.16639	C	T	0.364365	0.994453	1.78834	1.8E-01	-0.00828032	0.00579863	2.03912	1.5E-01	1.45158	2.3E-01
rs4433630	12	103650031	1.2114	T	C	0.48744	0.978156	0.0146484	9.0E-01	-8.49347e-05	0.00560745	0.000229425	9.9E-01	0.0646794	8.0E-01
rs11832936	12	110549533	1.29782	A	C	0.610247	0.999756	0.975843	3.2E-01	0.00572676	0.00572667	1.00003	3.2E-01	0.388397	5.3E-01
rs111828690	12	117576767	1.39704	C	T	0.779464	0.990204	0.0857555	7.7E-01	0.000189054	0.00677402	0.000778897	9.8E-01	0.235709	6.3E-01
rs144713920	12	122485389	1.46548	C	G	0.945974	0.956209	2.00812	1.6E-01	0.015688	0.0125771	1.55586	2.1E-01	2.35497	1.2E-01
rs12317176	12	124404718	1.4789	T	C	0.662157	0.998072	6.68845	9.7E-03	-0.0138108	0.00586835	5.5387	1.9E-02	8.52346	3.5E-03
rs9579775	13	20616557	0.0139469	A	C	0.863467	0.926233	1.51607	2.2E-01	-0.00893056	0.00843141	1.12191	2.9E-01	1.21012	2.7E-01
rs4771218	13	28655311	0.212187	G	A	0.373005	0.991013	0.349857	5.5E-01	-0.00418672	0.00577876	0.524903	4.7E-01	0.707659	4.0E-01
rs9591001	13	33042870	0.304346	G	A	0.634695	0.994769	3.73704	5.3E-02	-0.0118644	0.0058086	4.17202	4.1E-02	4.35604	3.7E-02
rs9568856	13	54064981	0.568758	G	A	0.871723	1	0.38181	5.4E-01	0.00486828	0.008326	0.341884	5.6E-01	0.142316	7.1E-01
rs6561937	13	58257667	0.585042	T	A	0.243776	0.993408	4.07688	4.3E-02	-0.0121235	0.00651463	3.4632	6.3E-02	5.01896	2.5E-02
rs1413125	13	59260131	0.587755	G	T	0.574048	0.994453	1.05343	3.0E-01	-0.00640578	0.00565085	1.28504	2.6E-01	1.54922	2.1E-01
rs1441264	13	79580919	0.787841	G	A	0.406364	0.956515	1.97858	1.6E-01	0.00818604	0.00576961	2.01305	1.6E-01	2.67751	1.0E-01
rs61969477	13	86477950	0.835644	T	C	0.717214	0.998003	0.587833	4.4E-01	0.0031934	0.00617639	0.267324	6.1E-01	0.910279	3.4E-01
rs1927790	13	96922191	0.93596	T	C	0.587589	0.998094	0.919694	3.4E-01	0.00494877	0.00566344	0.763545	3.8E-01	1.05678	3.0E-01
rs7335249	13	109962579	1.18904	T	C	0.587526	0.995494	0.496862	4.8E-01	-0.00249677	0.00566438	0.194291	6.6E-01	0.147493	7.0E-01
rs7141213	14	25878636	0.160923	C	T	0.428505	0.99817	0.309957	5.8E-01	0.00317253	0.0056433	0.316043	5.7E-01	0.387243	5.3E-01
rs6576279	14	29649958	0.207571	G	C	0.190393	0.998923	0.698758	4.0E-01	0.00560225	0.0070656	0.628677	4.3E-01	0.360143	5.5E-01
rs2143975	14	33297398	0.262161	C	G	0.467897	0.986467	2.24182	1.3E-01	-0.00899327	0.00563176	2.55004	1.1E-01	1.67818	2.0E-01
rs35020117	14	73341655	0.671145	T	G	0.538277	0.933938	0.843069	3.6E-01	-0.00640084	0.0057736	1.22908	2.7E-01	1.58562	2.1E-01
rs7159565	14	79891894	0.74792	T	C	0.36268	0.984708	2.83307	9.2E-02	-0.00828148	0.00581256	2.02993	1.5E-01	3.04275	8.1E-02
rs1951455	14	91512339	0.88209	T	C	0.283982	0.997245	4.10878	4.3E-02	-0.0123316	0.00617199	3.99197	4.6E-02	5.28275	2.2E-02
rs2273639	14	93762162	0.916561	C	T	0.692907	0.99913	6.12768	1.3E-02	-0.0155744	0.00604022	6.64838	9.9E-03	7.52211	6.1E-03
rs7161194	14	101529005	1.0886	A	G	0.336786	0.914125	0.460255	5.0E-01	0.00483637	0.00615202	0.618023	4.3E-01	1.39979	2.4E-01
rs12148050	14	103263788	1.11638	A	G	0.348874	0.9994	0.271319	6.0E-01	-0.00243708	0.00582587	0.174992	6.8E-01	0.0683994	7.9E-01
rs35443927	14	103849715	1.12404	C	T	0.630061	0.995118	0.902318	3.4E-01	-0.00632077	0.00575714	1.20539	2.7E-01	1.11456	2.9E-01
rs146131796	15	42450180	0.639832	A	T	0.980885	0.975122	34.8103	3.6E-09	0.117821	0.0205951	32.7278	1.1E-08	34.2838	4.8E-09
rs1601935	15	58671765	0.784993	G	T	0.343817	0.989102	36.529	1.5E-09	-0.0361906	0.00590095	37.6138	8.6E-10	41.7134	1.1E-10
rs7170361	15	58718998	0.78765	T	C	0.714666	0.952643	32.3441	1.3E-08	0.0363645	0.00630498	33.2649	8.0E-09	36.0347	1.9E-09
rs12908949	15	59475713	0.795908	T	G	0.77013	0.991439	0.0334723	8.5E-01	-0.000489422	0.00663248	0.00544523	9.4E-01	0.0188827	8.9E-01
rs4777542	15	73082366	0.987566	C	T	0.670419	0.995307	1.23202	2.7E-01	0.00604393	0.00594848	1.03235	3.1E-01	0.530293	4.7E-01
rs11855821	15	78008843	1.01251	G	A	0.714306	0.958126	0.769244	3.8E-01	-0.00503892	0.0062732	0.645203	4.2E-01	0.535365	4.6E-01
rs12914623	15	80993570	1.05801	G	C	0.732913	0.994175	2.13588	1.4E-01	-0.00918775	0.00629586	2.12964	1.4E-01	2.2514	1.3E-01
rs7168523	15	95263911	1.31585	C	T	0.355269	0.99653	3.73597	5.3E-02	-0.0114797	0.00581959	3.89115	4.9E-02	4.33662	3.7E-02
rs1048786	16	336916	0.0036807	C	T	0.830941	1	1.32444	2.5E-01	-0.00545845	0.00742506	0.54043	4.6E-01	0.310623	5.8E-01
rs2601773	16	4001898	0.0718473	C	A	0.503399	0.995484	3.31488	6.9E-02	0.00953908	0.00557229	2.93053	8.7E-02	3.13128	7.7E-02
rs9934930	16	4902038	0.0862098	A	G	0.521116	0.994594	0.0295654	8.6E-01	-0.000823843	0.00560311	0.0216187	8.8E-01	0.0453416	8.3E-01
rs7187976	16	19708196	0.389763	A	G	0.820215	0.98274	0.858153	3.5E-01	-0.00648675	0.00729384	0.790938	3.7E-01	0.842034	3.6E-01
rs4238585	16	20255097	0.398011	C	T	0.13201	0.96298	0.45033	5.0E-01	0.00354174	0.00836648	0.179205	6.7E-01	0.00126552	9.7E-01
rs11074452	16	20370168	0.40198	C	G	0.490517	0.995812	0.00730127	9.3E-01	0.000691153	0.00558006	0.0153416	9.0E-01	0.0062609	9.4E-01
rs200539	16	24735178	0.466016	T	C	0.268765	0.996448	6.41739	1.1E-02	0.014626	0.00625694	5.46419	1.9E-02	5.73589	1.7E-02
rs2650494	16	28318440	0.541911	A	G	0.581267	0.992404	3.51372	6.1E-02	-0.0106359	0.00564496	3.55001	6.0E-02	4.76646	2.9E-02
rs4787483	16	29885447	0.552081	A	G	0.662227	1	0.526199	4.7E-01	-0.00519433	0.00589031	0.777648	3.8E-01	0.583702	4.4E-01
rs111886096	16	53598310	0.644304	A	G	0.862466	0.993464	0.153257	7.0E-01	0.0029626	0.00809448	0.133958	7.1E-01	0.168439	6.8E-01
rs7205986	16	53755146	0.644839	A	G	0.489919	0.988839	0.24084	6.2E-01	0.0019656	0.00561149	0.122697	7.3E-01	0.220736	6.4E-01
rs5011579	16	69187318	0.855228	C	G	0.2843	0.994942	0.00749825	9.3E-01	0.0011553	0.00618106	0.0349354	8.5E-01	0.419176	5.2E-01
rs12924872	16	69552215	0.858355	C	T	0.533347	0.984378	5.78167	1.6E-02	-0.0137321	0.00563025	5.94866	1.5E-02	6.25407	1.2E-02
rs811054	16	72251132	0.873381	C	T	0.462771	0.985658	1.41182	2.3E-01	0.00644735	0.00561606	1.31795	2.5E-01	1.22772	2.7E-01
rs12926506	16	81722413	1.05397	C	T	0.829273	0.984727	1.17956	2.8E-01	0.00929989	0.00744508	1.56033	2.1E-01	1.54423	2.1E-01
rs77081114	17	1816762	0.0641667	G	A	0.834903	1	3.0898	7.9E-02	-0.0150888	0.00750328	4.04395	4.4E-02	3.63421	5.7E-02
rs3026101	17	5280440	0.136672	T	C	0.696449	0.998494	0.0325524	8.6E-01	0.00128046	0.00606219	0.0446141	8.3E-01	0.128696	7.2E-01
rs10491104	17	15884561	0.425342	C	T	0.468509	1	0.605936	4.4E-01	-0.00394877	0.00557902	0.500965	4.8E-01	0.664176	4.2E-01
rs9906072	17	21245687	0.471598	T	C	0.486625	0.873727	7.32043	6.8E-03	-0.0156076	0.00596563	6.84475	8.9E-03	9.10793	2.5E-03
rs9904602	17	34835526	0.595066	T	A	0.482475	0.99641	1.52199	2.2E-01	0.0075152	0.00557417	1.81769	1.8E-01	1.89323	1.7E-01
rs9911944	17	45498937	0.698802	G	T	0.509201	0.995237	32.4573	1.2E-08	-0.030531	0.00557696	29.9701	4.4E-08	33.9603	5.6E-09
rs17616799	17	46039553	0.703155	A	G	0.898327	0.994334	0.580691	4.5E-01	0.00887308	0.00922331	0.925497	3.4E-01	0.915962	3.4E-01
rs55797392	17	47055622	0.707863	G	A	0.589793	0.985453	2.42891	1.2E-01	-0.00821846	0.0056898	2.08635	1.5E-01	2.60946	1.1E-01
rs17631394	17	61646000	0.886955	G	A	0.736546	0.99153	7.67216	5.6E-03	0.016966	0.00634525	7.14926	7.5E-03	7.19025	7.3E-03
rs2619976	17	71754545	1.06134	C	T	0.589126	0.992569	1.25836	2.6E-01	0.00725238	0.0056889	1.62519	2.0E-01	2.15248	1.4E-01
rs4424946	17	78554888	1.24995	T	C	0.762112	0.998925	1.12789	2.9E-01	0.00742009	0.00653672	1.28854	2.6E-01	0.887949	3.5E-01
rs4076427	17	79087537	1.26024	G	C	0.609873	0.985353	0.000146962	9.9E-01	0.000321175	0.0057207	0.00315199	9.6E-01	0.235359	6.3E-01
rs1371274	18	1837007	0.0479005	A	C	0.863572	0.995553	0.994041	3.2E-01	-0.00875315	0.00809438	1.1694	2.8E-01	1.21106	2.7E-01
rs11875960	18	21071925	0.432054	A	G	0.650113	0.974621	2.9368	8.7E-02	-0.012785	0.00591083	4.67849	3.1E-02	6.46696	1.1E-02
rs9807506	18	39493911	0.604143	C	T	0.110516	0.995331	0.764471	3.8E-01	0.00735947	0.00889401	0.684697	4.1E-01	0.769296	3.8E-01
rs4890428	18	40697340	0.611694	G	T	0.5787	0.994435	0.19769	6.6E-01	0.00243829	0.00566178	0.185466	6.7E-01	0.0418816	8.4E-01
rs7239114	18	45921214	0.66958	G	A	0.458185	0.985699	2.17724	1.4E-01	0.0094639	0.00562494	2.83077	9.2E-02	2.62041	1.1E-01
rs72934723	18	53305311	0.747109	A	G	0.96095	0.966483	4.66706	3.1E-02	-0.0319292	0.0146145	4.77318	2.9E-02	3.93675	4.7E-02
rs2187176	18	57679365	0.819838	A	G	0.309978	0.982596	0.000770835	9.8E-01	-0.000548959	0.00607135	0.0081754	9.3E-01	0.00756424	9.3E-01
rs117758180	18	57809744	0.821562	C	T	0.97678	1	0.654597	4.2E-01	0.0137429	0.0184742	0.553387	4.6E-01	0.626478	4.3E-01
rs113268469	18	57862913	0.821729	C	T	0.982698	0.966786	1.91339	1.7E-01	0.0279372	0.0217181	1.65472	2.0E-01	1.33786	2.5E-01
rs11668832	19	1812682	0.0683182	A	G	0.450689	0.989019	0.518187	4.7E-01	0.00410411	0.00559822	0.537451	4.6E-01	0.294394	5.9E-01
rs72976986	19	4050424	0.142675	G	A	0.810758	0.984512	6.25132	1.2E-02	-0.0185829	0.00715254	6.75008	9.4E-03	6.93798	8.4E-03
rs1109375	19	10914719	0.317899	C	G	0.812173	0.997483	37.4328	9.5E-10	0.0452152	0.00710491	40.4997	2.0E-10	45.1942	1.8E-11
rs55714539	19	18207397	0.447742	A	C	0.656472	0.982807	0.678276	4.1E-01	-0.00616692	0.00588099	1.0996	2.9E-01	1.30008	2.5E-01
rs12461902	19	30265235	0.512848	G	A	0.672506	0.985963	3.3472	6.7E-02	0.0102914	0.00596973	2.97195	8.5E-02	3.2433	7.2E-02
rs11882409	19	34019685	0.562915	C	A	0.713772	0.966519	0.00378332	9.5E-01	-0.000100703	0.00624184	0.000260294	9.9E-01	0.102767	7.5E-01
rs62116588	19	44446097	0.68736	C	G	0.976805	0.933368	44.8536	2.1E-11	0.126236	0.0191	43.6815	3.9E-11	45.6096	1.4E-11
rs55840997	19	44480979	0.687479	G	A	0.981353	1	31.3132	2.2E-08	0.11594	0.0205152	31.9386	1.6E-08	34.859	3.5E-09
rs73048351	19	45160086	0.697689	C	A	0.989712	0.91554	72.0501	2.1E-17	0.243831	0.0287952	71.7033	2.5E-17	74.6135	5.7E-18
rs11881756	19	45220896	0.699851	T	C	0.886737	1	223.33	1.7E-50	0.129616	0.0087464	219.615	1.1E-49	233.424	1.1E-52
rs140824606	19	45311084	0.70382	G	A	0.974928	0.867871	43.3105	4.7E-11	-0.125314	0.0190022	43.4905	4.3E-11	49.5894	1.9E-12
rs2075649	19	45395330	0.707004	A	G	0.611354	0.998574	60.9429	5.9E-15	-0.0449031	0.00570508	61.9482	3.5E-15	70.0207	5.9E-17
rs146390218	19	45478352	0.709104	A	G	0.973731	0.966351	201.742	8.7E-46	0.251779	0.0176359	203.819	3.1E-46	203.499	3.6E-46
rs1884389	20	1410582	0.0620248	C	T	0.560429	0.990862	0.146185	7.0E-01	-0.00216316	0.00562971	0.147641	7.0E-01	0.303338	5.8E-01
rs1321453	20	6585670	0.214258	G	A	0.332006	0.979962	0.904304	3.4E-01	0.00493	0.00598124	0.679375	4.1E-01	0.92251	3.4E-01
rs947088	20	17171373	0.411628	G	T	0.280165	0.992316	1.72175	1.9E-01	0.00872481	0.00622896	1.96192	1.6E-01	1.67202	2.0E-01
rs8116853	20	21439820	0.48109	A	G	0.902603	0.99434	0.00646223	9.4E-01	-0.000476225	0.00939572	0.002569	9.6E-01	0.13339	7.1E-01
rs6142096	20	32686658	0.536502	G	A	0.481267	0.998195	4.99736	2.5E-02	0.0128765	0.00557915	5.32668	2.1E-02	6.52505	1.1E-02
rs6065904	20	44534651	0.671175	G	A	0.785417	1	54.1767	1.8E-13	0.050586	0.00677245	55.7917	8.1E-14	59.8737	1.0E-14
rs11699260	20	50813508	0.791033	G	C	0.710789	0.999421	0.265709	6.1E-01	-0.00187506	0.00612729	0.093647	7.6E-01	0.000284808	9.9E-01
rs2836753	21	40291187	0.447396	T	C	0.362883	0.999333	5.8303	1.6E-02	0.0136992	0.00577982	5.61778	1.8E-02	7.45046	6.3E-03
rs1964926	21	42653121	0.51205	A	G	0.35393	0.992207	2.18387	1.4E-01	0.00778601	0.00584711	1.77316	1.8E-01	3.05258	8.1E-02
rs8130074	21	46498684	0.621941	C	G	0.35124	0.996511	1.5555	2.1E-01	-0.00722054	0.00584434	1.5264	2.2E-01	1.75824	1.8E-01
rs4820399	22	40546633	0.498151	C	T	0.4075	0.991505	0.512397	4.7E-01	0.00400373	0.00567499	0.497735	4.8E-01	0.638819	4.2E-01
rs13053342	22	48871624	0.664334	G	A	0.577345	0.990848	0.0129672	9.1E-01	0.000903733	0.00564697	0.0256124	8.7E-01	0.334227	5.6E-01
