SNP	CHR	BP	GENPOS	ALLELE1	ALLELE0	A1FREQ	INFO	CHISQ_LINREG	P_LINREG	BETA	SE	CHISQ_BOLT_LMM_INF	P_BOLT_LMM_INF	CHISQ_BOLT_LMM	P_BOLT_LMM
rs10909862	1	2936815	0.0400559	G	A	0.1928	0.987988	1.23264	2.7E-01	0.00804333	0.00710709	1.28082	2.6E-01	1.19396	2.7E-01
rs1294014	1	9325676	0.18921	C	T	0.732088	0.974098	2.23556	1.3E-01	-0.00781233	0.00638912	1.49513	2.2E-01	1.26957	2.6E-01
rs10753554	1	23619009	0.461644	T	C	0.260317	0.989627	4.69894	3.0E-02	0.0122082	0.00638297	3.65812	5.6E-02	3.09202	7.9E-02
rs16826069	1	39797055	0.669922	A	G	0.786679	1	26.0239	3.4E-07	-0.0372376	0.00680533	29.9408	4.5E-08	28.7024	8.4E-08
rs12117661	1	55487346	0.808955	C	G	0.755046	0.987273	35.1193	3.1E-09	-0.0374299	0.00653589	32.7966	1.0E-08	31.7643	1.7E-08
rs875868	1	65539253	0.960443	A	C	0.697717	0.993511	0.886242	3.5E-01	0.00554083	0.00608871	0.828131	3.6E-01	2.0173	1.6E-01
rs10889551	1	65906137	0.967654	A	G	0.326867	0.995997	1.33685	2.5E-01	-0.00846328	0.00596003	2.01642	1.6E-01	2.2596	1.3E-01
rs71658797	1	77967507	1.07336	T	A	0.879141	0.99054	0.932416	3.3E-01	0.0122914	0.00857058	2.05674	1.5E-01	3.36002	6.7E-02
rs1415361	1	103562263	1.33102	C	T	0.402104	0.995554	3.19759	7.4E-02	0.0100543	0.00569644	3.11528	7.8E-02	3.87785	4.9E-02
rs4970834	1	109814880	1.38703	C	T	0.813975	0.988774	31.7946	1.7E-08	-0.0395679	0.00719349	30.2556	3.8E-08	32.4741	1.2E-08
rs3738479	1	150997842	1.65945	T	A	0.765906	0.995486	0.120969	7.3E-01	0.00371917	0.00659809	0.317728	5.7E-01	0.0705626	7.9E-01
rs79810698	1	154836444	1.69767	C	A	0.95565	1	0.199217	6.6E-01	-0.004113	0.0135368	0.0923177	7.6E-01	0.00832438	9.3E-01
rs10494421	1	164738727	1.83743	C	T	0.880829	1	0.561136	4.5E-01	0.00487011	0.00860094	0.320616	5.7E-01	0.0433311	8.4E-01
rs3121911	1	170212480	1.91705	G	A	0.744389	0.993907	0.926931	3.4E-01	0.00632635	0.00637227	0.98564	3.2E-01	0.461434	5.0E-01
rs17346300	1	170510459	1.91857	C	T	0.950626	1	1.55928	2.1E-01	0.0141813	0.0128902	1.21035	2.7E-01	0.912461	3.4E-01
rs6697844	1	172308238	1.93873	C	T	0.56798	0.996349	0.104036	7.5E-01	0.00123289	0.00560967	0.0483029	8.3E-01	0.181946	6.7E-01
rs10922075	1	196467248	2.1432	G	A	0.687963	0.997066	3.89144	4.9E-02	0.0118334	0.00601613	3.86887	4.9E-02	3.57267	5.9E-02
rs13303121	1	203503267	2.22276	C	G	0.607356	0.947347	2.59109	1.1E-01	0.00859953	0.00584428	2.16515	1.4E-01	2.07827	1.5E-01
rs4951159	1	205012106	2.25304	G	C	0.0908836	0.967	0.472697	4.9E-01	-0.00698908	0.00985638	0.502812	4.8E-01	0.61567	4.3E-01
rs61821643	1	219268532	2.43532	T	C	0.974378	0.889659	0.820911	3.6E-01	-0.0151756	0.0186666	0.660937	4.2E-01	2.41836	1.2E-01
rs77278027	1	219392230	2.43543	C	T	0.93823	0.976746	0.906787	3.4E-01	0.0101163	0.0117144	0.745767	3.9E-01	1.10962	2.9E-01
rs12740837	1	219623230	2.43692	G	A	0.983204	0.959021	0.00132151	9.7E-01	0.00155022	0.0220793	0.00492966	9.4E-01	0.0587352	8.1E-01
rs10779833	1	230293037	2.53593	A	G	0.260037	0.946525	31.8559	1.7E-08	0.0370692	0.00653219	32.2039	1.4E-08	30.4693	3.4E-08
rs13402475	2	3639909	0.062179	C	G	0.183114	0.9606	29.7986	4.8E-08	-0.0402014	0.00736381	29.8042	4.8E-08	33.9598	5.6E-09
rs4503953	2	21105335	0.419099	G	A	0.624628	0.976594	44.4319	2.6E-11	-0.039124	0.00580352	45.447	1.6E-11	49.2428	2.3E-12
rs2702068	2	24689512	0.456007	A	C	0.144534	0.985387	0.283006	5.9E-01	0.00499344	0.00798388	0.391175	5.3E-01	0.810657	3.7E-01
rs4665378	2	27548038	0.473329	A	C	0.601213	0.998401	53.4021	2.7E-13	0.0419916	0.00569542	54.3591	1.7E-13	61.221	5.1E-15
rs7933	2	43452183	0.682402	A	G	0.634849	0.981779	0.0309055	8.6E-01	-0.00101187	0.00583443	0.0300782	8.6E-01	0.0086948	9.3E-01
rs56266464	2	44054991	0.686489	G	A	0.939556	0.986548	30.2003	3.9E-08	-0.0688134	0.0117913	34.0586	5.3E-09	40.4278	2.0E-10
rs36072157	2	48953740	0.765134	G	C	0.658175	0.956087	1.2545	2.6E-01	-0.00598383	0.00599985	0.994666	3.2E-01	1.38167	2.4E-01
rs4953627	2	48990167	0.765401	C	T	0.77524	0.975089	3.11436	7.8E-02	0.0133717	0.00678061	3.88898	4.9E-02	3.9427	4.7E-02
rs10779951	2	66142656	0.91656	G	A	0.525126	0.992672	2.29706	1.3E-01	-0.00964349	0.00561064	2.95423	8.6E-02	2.3406	1.3E-01
rs12713567	2	66729420	0.924256	A	G	0.428176	0.981664	1.19299	2.7E-01	-0.00708811	0.00568078	1.55685	2.1E-01	1.6923	1.9E-01
rs1521047	2	67724601	0.937973	C	G	0.75421	0.992329	0.000668318	9.8E-01	0.00121894	0.00647308	0.03546	8.5E-01	0.336453	5.6E-01
rs12712049	2	100208830	1.21955	A	G	0.176674	0.985519	8.47248	3.6E-03	0.021673	0.00734893	8.69743	3.2E-03	8.30607	4.0E-03
rs72946301	2	111861838	1.33125	G	A	0.903863	0.964859	1.88703	1.7E-01	0.0156573	0.00963023	2.64338	1.0E-01	2.82231	9.3E-02
rs1053413	2	114471921	1.35945	A	G	0.784744	0.998156	0.603459	4.4E-01	0.00416201	0.00680362	0.374219	5.4E-01	0.454999	5.0E-01
rs7593247	2	119337589	1.3956	C	T	0.503784	0.990163	0.000921292	9.8E-01	0.000911375	0.00559862	0.0264991	8.7E-01	0.023304	8.8E-01
rs78876301	2	158234589	1.75901	A	C	0.987195	0.782415	0.807122	3.7E-01	0.0314454	0.0280507	1.25669	2.6E-01	1.10849	2.9E-01
rs77928329	2	158413902	1.76308	G	A	0.94544	0.998218	0.0507395	8.2E-01	-0.00240575	0.0122363	0.0386547	8.4E-01	3.87908e-05	1.0E+00
rs1402698	2	165424575	1.81281	G	A	0.368889	0.988943	1.91459	1.7E-01	-0.00760829	0.00581973	1.70911	1.9E-01	1.54178	2.1E-01
rs3769877	2	165569779	1.81517	G	A	0.125673	1	1.8298	1.8E-01	0.010901	0.00841264	1.67908	2.0E-01	3.00836	8.3E-02
rs72882321	2	172298662	1.8972	C	T	0.821415	0.98752	0.00770329	9.3E-01	0.000168648	0.00732756	0.000529715	9.8E-01	0.024549	8.8E-01
rs62173497	2	187821910	2.04064	C	A	0.889372	0.96522	5.64274	1.8E-02	0.0212457	0.00903047	5.53504	1.9E-02	6.84418	8.9E-03
rs61613340	2	191746748	2.0603	G	T	0.922172	0.993102	1.8222	1.8E-01	0.0137283	0.0104364	1.73035	1.9E-01	0.923897	3.4E-01
rs1250248	2	216287093	2.28549	A	G	0.271958	0.996374	1.08691	3.0E-01	0.00744569	0.00628052	1.40546	2.4E-01	0.878341	3.5E-01
rs2373074	2	218381350	2.32413	C	T	0.903229	0.998908	0.00230172	9.6E-01	-0.00118058	0.00943947	0.0156421	9.0E-01	0.000779109	9.8E-01
rs62182126	2	219279230	2.33765	G	A	0.901349	1	5.01806	2.5E-02	-0.0210646	0.00934752	5.07823	2.4E-02	4.76045	2.9E-02
rs6760762	2	226866226	2.44112	C	T	0.776249	0.976874	11.5481	6.8E-04	0.0234874	0.00677316	12.0251	5.2E-04	12.1474	4.9E-04
rs305506	3	12026709	0.296805	G	T	0.113563	0.992655	0.584084	4.4E-01	0.00397872	0.00883044	0.203012	6.5E-01	0.151638	7.0E-01
rs114252958	3	12409938	0.29797	C	T	0.982978	0.956617	0.951896	3.3E-01	-0.0188332	0.022126	0.724508	3.9E-01	0.658897	4.2E-01
rs10490869	3	35635145	0.595764	A	T	0.789478	0.990849	3.11958	7.7E-02	-0.010702	0.00684458	2.44475	1.2E-01	2.31574	1.3E-01
rs6771508	3	43718462	0.664863	A	C	0.974946	0.998741	4.49549	3.4E-02	0.0371718	0.0178423	4.34035	3.7E-02	4.56583	3.3E-02
rs4683294	3	46979013	0.687679	G	C	0.321605	0.960868	4.88789	2.7E-02	-0.0120756	0.00607868	3.94641	4.7E-02	3.41196	6.5E-02
rs4858828	3	48724811	0.68972	C	T	0.349101	0.999091	1.03599	3.1E-01	-0.00590049	0.00582607	1.02571	3.1E-01	0.963278	3.3E-01
rs352156	3	52214610	0.694887	C	T	0.955078	0.904333	1.33834	2.5E-01	0.0179236	0.014022	1.63391	2.0E-01	1.30397	2.5E-01
rs7643235	3	53227428	0.699142	T	C	0.4136	0.989215	1.88551	1.7E-01	0.00843528	0.00565963	2.22138	1.4E-01	1.82257	1.8E-01
rs11718560	3	64584862	0.868956	C	T	0.731847	0.985124	0.955888	3.3E-01	-0.00658178	0.006331	1.08079	3.0E-01	1.04752	3.1E-01
rs4688498	3	64674599	0.871028	C	T	0.669682	0.985151	2.17376	1.4E-01	0.00791551	0.0059706	1.75761	1.8E-01	1.88024	1.7E-01
rs997274	3	78704821	1.06722	T	C	0.748705	0.994327	0.213114	6.4E-01	-0.0027959	0.00645802	0.187432	6.7E-01	0.18142	6.7E-01
rs1877569	3	99224544	1.12953	G	A	0.816212	0.993173	0.0427478	8.4E-01	0.00141696	0.00719862	0.038745	8.4E-01	0.0360331	8.5E-01
rs9875732	3	107461731	1.19696	T	C	0.623037	0.99667	1.86149	1.7E-01	0.00769824	0.00576157	1.78526	1.8E-01	1.42553	2.3E-01
rs1000368	3	123117165	1.35684	C	T	0.748381	0.996692	7.03281	8.0E-03	-0.0184493	0.00642674	8.24096	4.1E-03	8.09726	4.4E-03
rs113771682	3	129112166	1.4255	C	T	0.937375	0.999072	0.83846	3.6E-01	0.00873716	0.0115361	0.573618	4.5E-01	0.461838	5.0E-01
rs7647218	3	129125231	1.42558	C	A	0.901341	0.999167	0.583542	4.4E-01	0.00908402	0.00936876	0.940141	3.3E-01	1.62117	2.0E-01
rs75212171	3	129323322	1.42649	T	C	0.983129	1	0.00849736	9.3E-01	-0.000425774	0.0216315	0.000387425	9.8E-01	0.00982984	9.2E-01
rs112551697	3	150018637	1.64271	G	A	0.96554	0.928479	3.88262	4.9E-02	-0.0319696	0.0158064	4.09083	4.3E-02	3.88577	4.9E-02
rs11720805	3	156800360	1.71236	A	G	0.330979	0.970132	0.774908	3.8E-01	0.00538295	0.00601593	0.800637	3.7E-01	0.939505	3.3E-01
rs1488111	3	168951612	1.77942	C	T	0.517315	0.996852	1.46812	2.3E-01	0.00443963	0.00557401	0.634392	4.3E-01	0.466061	4.9E-01
rs1499813	3	171760427	1.8208	T	C	0.587431	1	0.0211632	8.8E-01	-0.00034527	0.00568626	0.00368692	9.5E-01	0.0260721	8.7E-01
rs13092876	3	185495320	2.01656	G	A	0.686729	0.994835	1.10435	2.9E-01	-0.00501978	0.00602305	0.694602	4.0E-01	1.22478	2.7E-01
rs3843375	3	196813908	2.26438	G	A	0.590289	0.999191	0.154103	6.9E-01	-0.00156064	0.00568242	0.0754293	7.8E-01	0.000841885	9.8E-01
rs75072999	4	844781	0.00782036	G	A	0.904916	0.991302	0.385616	5.3E-01	0.00818779	0.00955787	0.733857	3.9E-01	0.425476	5.1E-01
rs748483	4	952409	0.00822297	A	G	0.891514	0.99682	1.46019	2.3E-01	-0.0118412	0.00898386	1.73726	1.9E-01	1.88463	1.7E-01
rs1912897	4	26006133	0.455942	A	T	0.79303	0.98817	5.11492	2.4E-02	-0.0163085	0.00692522	5.54572	1.9E-02	4.186	4.1E-02
rs7689800	4	26295421	0.461356	C	G	0.382047	0.982424	1.6093	2.0E-01	0.00827195	0.0057912	2.04022	1.5E-01	3.10979	7.8E-02
rs34171390	4	56192405	0.730002	C	G	0.8287	0.967618	0.061961	8.0E-01	-0.000756364	0.00750282	0.0101628	9.2E-01	0.0263316	8.7E-01
rs3017896	4	89533004	1.04795	G	C	0.704424	1	1.2581	2.6E-01	-0.0065518	0.00608962	1.15755	2.8E-01	0.504081	4.8E-01
rs10029220	4	89710592	1.04921	C	T	0.909822	0.997537	0.00586925	9.4E-01	-0.00223436	0.00975423	0.0524712	8.2E-01	0.0263056	8.7E-01
rs1813006	4	103001649	1.15654	G	T	0.940843	0.94358	39.7649	2.9E-10	-0.0767789	0.0121528	39.9146	2.7E-10	43.6915	3.8E-11
rs12647922	4	106063987	1.17944	C	T	0.794569	0.998343	1.03978	3.1E-01	0.00679297	0.00689766	0.969877	3.2E-01	1.23862	2.7E-01
rs7655064	4	120106348	1.31331	T	C	0.875314	0.995692	0.00739944	9.3E-01	0.00167502	0.00844096	0.0393782	8.4E-01	0.0543259	8.2E-01
rs2922979	4	123748616	1.34468	C	G	0.689916	1	5.82138	1.6E-02	0.0147269	0.0060337	5.95741	1.5E-02	4.62345	3.2E-02
rs1520325	4	125182690	1.35483	C	T	0.780072	0.994582	0.247042	6.2E-01	-0.00513341	0.00674834	0.578651	4.5E-01	1.00503	3.2E-01
rs2353397	4	145517578	1.53798	C	T	0.460014	1	1.27459	2.6E-01	0.00704344	0.00559918	1.58242	2.1E-01	1.3488	2.5E-01
rs2166365	5	3597830	0.0882728	A	G	0.777698	0.981109	1.60583	2.1E-01	0.00917176	0.00676281	1.83929	1.8E-01	2.43368	1.2E-01
rs13178917	5	4007353	0.10142	C	T	0.551974	0.99437	0.583849	4.4E-01	0.00395882	0.0055978	0.500147	4.8E-01	0.121203	7.3E-01
rs10061804	5	32748637	0.511958	G	A	0.711087	1	0.143747	7.0E-01	-0.00254575	0.00615409	0.171121	6.8E-01	0.0318902	8.6E-01
rs299615	5	34042097	0.535425	G	A	0.843206	1	1.95861	1.6E-01	0.0117267	0.00767506	2.33447	1.3E-01	1.48727	2.2E-01
rs4293945	5	38736142	0.597252	A	T	0.606405	0.995383	3.37621	6.6E-02	-0.0110018	0.00571962	3.69996	5.4E-02	3.8176	5.1E-02
rs163112	5	54538003	0.667379	C	G	0.107056	0.994238	1.94955	1.6E-01	0.0124564	0.009058	1.89111	1.7E-01	2.30999	1.3E-01
rs61653333	5	55779080	0.679717	G	T	0.970413	0.977169	0.0684832	7.9E-01	-0.00309183	0.0166149	0.0346287	8.5E-01	0.00924387	9.2E-01
rs6867983	5	55854153	0.681454	C	T	0.861186	1	24.9859	5.8E-07	-0.0414659	0.0080645	26.4379	2.7E-07	24.9495	5.9E-07
rs11749164	5	66294202	0.770672	T	G	0.726476	0.988719	0.015739	9.0E-01	0.00078103	0.00629408	0.0153982	9.0E-01	0.0254209	8.7E-01
rs6878122	5	76427311	0.889556	G	A	0.318279	0.997785	2.54616	1.1E-01	-0.00845841	0.00599916	1.98791	1.6E-01	1.08358	3.0E-01
rs7734060	5	101780479	1.10738	T	G	0.734786	0.995631	1.04181	3.1E-01	0.00651659	0.00634944	1.05335	3.0E-01	0.641415	4.2E-01
rs1394631	5	118639270	1.27349	C	T	0.775173	0.988487	0.60223	4.4E-01	-0.0052804	0.00670621	0.619984	4.3E-01	0.970058	3.2E-01
rs11744058	5	118798944	1.27486	G	T	0.783774	0.998591	2.04856	1.5E-01	0.00965903	0.00678245	2.02812	1.5E-01	1.77623	1.8E-01
rs3749748	5	127350549	1.37291	C	T	0.753975	0.992802	1.97858	1.6E-01	0.0093773	0.00649289	2.08583	1.5E-01	2.51859	1.1E-01
rs4705986	5	132349654	1.39065	T	G	0.937241	0.978165	0.148651	7.0E-01	0.00841892	0.0116324	0.523806	4.7E-01	0.252172	6.2E-01
rs10463353	5	141710741	1.48273	C	T	0.640669	0.986535	6.48266	1.1E-02	0.0156	0.00584437	7.12483	7.6E-03	6.47382	1.1E-02
rs33999	5	141973349	1.48937	C	G	0.612065	0.9834	0.853703	3.6E-01	-0.0042973	0.00575716	0.557153	4.6E-01	0.500893	4.8E-01
rs12652322	5	171822666	1.88951	C	T	0.705252	0.99822	0.000790181	9.8E-01	0.000469376	0.00612687	0.00586902	9.4E-01	0.0434637	8.3E-01
rs2053681	5	172746086	1.91113	A	G	0.485601	0.912476	0.0128069	9.1E-01	0.0014893	0.00585394	0.0647241	8.0E-01	6.84322e-05	9.9E-01
rs10035782	5	173270328	1.92939	A	G	0.600665	0.984103	2.123	1.5E-01	-0.00904296	0.00573792	2.48377	1.2E-01	2.39501	1.2E-01
rs11963955	6	6631996	0.178791	A	G	0.637527	0.976944	0.96025	3.3E-01	-0.00558826	0.00587295	0.9054	3.4E-01	2.52233	1.1E-01
rs201061	6	6730512	0.181115	G	A	0.455616	0.976616	0.44663	5.0E-01	-0.00461717	0.00565126	0.667515	4.1E-01	0.879854	3.5E-01
rs1334576	6	7211818	0.195986	G	A	0.5774	1	5.36141	2.1E-02	-0.0113736	0.00565361	4.04708	4.4E-02	3.91093	4.8E-02
rs9382988	6	14595010	0.314722	C	A	0.204362	0.998886	0.274111	6.0E-01	-0.00453232	0.00693491	0.427129	5.1E-01	0.597224	4.4E-01
rs4710940	6	20658012	0.410434	A	C	0.647018	0.999463	2.95077	8.6E-02	-0.0118654	0.00584633	4.11906	4.2E-02	2.4066	1.2E-01
rs3129830	6	30248711	0.50553	G	A	0.868546	0.999908	8.54063	3.5E-03	0.0254608	0.00821954	9.59509	2.0E-03	9.91147	1.6E-03
rs7772131	6	30795171	0.50714	A	C	0.988571	1	0.786641	3.8E-01	0.0179267	0.0262295	0.467115	4.9E-01	0.551847	4.6E-01
rs6919908	6	31244960	0.511805	T	C	0.193909	0.999901	8.60185	3.4E-03	-0.0196988	0.00707067	7.76176	5.3E-03	7.42007	6.5E-03
rs181133225	6	32454764	0.520293	T	C	0.893444	0.778953	2.96862	8.5E-02	-0.0137797	0.0101777	1.83308	1.8E-01	0.789979	3.7E-01
rs117108573	6	32489679	0.520303	C	T	0.921405	0.866866	5.14762	2.3E-02	-0.0206425	0.0110609	3.48294	6.2E-02	1.68357	1.9E-01
rs575662827	6	32543874	0.520325	T	C	0.899303	0.833996	5.12398	2.4E-02	-0.019203	0.0100963	3.61758	5.7E-02	1.48286	2.2E-01
rs114760566	6	34192036	0.545788	C	A	0.954268	0.993831	1.53077	2.2E-01	-0.0163308	0.0133752	1.49078	2.2E-01	1.32921	2.5E-01
rs1574430	6	43269029	0.669727	A	C	0.391321	0.999399	0.72147	4.0E-01	-0.00547228	0.00571215	0.917776	3.4E-01	0.658935	4.2E-01
rs9381248	6	43734606	0.675407	C	T	0.87836	0.993046	0.945316	3.3E-01	-0.00963306	0.00856407	1.26523	2.6E-01	1.23597	2.7E-01
rs35349911	6	43785255	0.678849	C	T	0.409597	0.97009	2.32955	1.3E-01	-0.00925061	0.0057667	2.57327	1.1E-01	2.37951	1.2E-01
rs72902769	6	80719576	0.920488	C	G	0.966636	0.999182	1.18996	2.8E-01	-0.0131038	0.0155509	0.710046	4.0E-01	0.680224	4.1E-01
rs62406467	6	81114126	0.921634	G	T	0.849349	0.952286	4.21858	4.0E-02	0.0164674	0.0079855	4.25249	3.9E-02	3.74584	5.3E-02
rs6924944	6	100597579	1.0811	A	T	0.245827	0.981159	0.153229	7.0E-01	0.00198837	0.00655322	0.0920632	7.6E-01	0.316739	5.7E-01
rs2806373	6	109222017	1.18299	G	A	0.239664	0.998945	2.64499	1.0E-01	-0.00912231	0.00652671	1.95353	1.6E-01	1.27515	2.6E-01
rs72969772	6	126187585	1.32503	A	G	0.980332	1	0.596102	4.4E-01	0.0207505	0.0201366	1.0619	3.0E-01	0.576004	4.5E-01
rs9986505	6	126445558	1.32603	A	G	0.6761	0.991308	0.30406	5.8E-01	-0.00392869	0.00598214	0.431304	5.1E-01	0.137686	7.1E-01
rs74949497	6	126812007	1.32699	A	C	0.97518	1	8.41862	3.7E-03	-0.0530611	0.0180234	8.66716	3.2E-03	8.42506	3.7E-03
rs139242696	6	127414440	1.32797	T	C	0.974907	0.948341	0.08348	7.7E-01	-0.00674091	0.0182685	0.136154	7.1E-01	0.242512	6.2E-01
rs9385864	6	139805476	1.50274	C	T	0.6907	0.988333	6.93367	8.5E-03	-0.0159111	0.00607739	6.85438	8.8E-03	8.00476	4.7E-03
rs12205386	6	139837171	1.50318	C	A	0.643666	0.9992	1.87668	1.7E-01	0.00850017	0.00582742	2.12766	1.4E-01	2.37576	1.2E-01
rs11756568	6	152042413	1.64245	A	T	0.724877	0.999168	1.26023	2.6E-01	0.00645058	0.00625352	1.06402	3.0E-01	1.309	2.5E-01
rs474617	6	160700441	1.77412	T	C	0.327782	0.996694	0.177805	6.7E-01	0.00314595	0.00594162	0.280346	6.0E-01	0.297924	5.9E-01
rs9459839	6	167431829	1.92196	T	C	0.531185	0.998188	3.41081	6.5E-02	-0.00972622	0.00557008	3.04906	8.1E-02	3.34169	6.8E-02
rs2214440	7	20372191	0.358281	A	G	0.667686	0.991786	1.53529	2.2E-01	-0.00827143	0.0059468	1.93462	1.6E-01	2.17428	1.4E-01
rs111683990	7	25729528	0.437229	C	G	0.955515	0.987881	0.934925	3.3E-01	-0.0119477	0.0136316	0.768206	3.8E-01	0.510688	4.7E-01
rs2040786	7	26208736	0.442609	G	A	0.529361	1	0.030182	8.6E-01	-0.000210428	0.00558445	0.00141985	9.7E-01	0.00421928	9.5E-01
rs17428025	7	27251396	0.453724	C	T	0.971743	0.967404	0.519395	4.7E-01	0.0121093	0.0171017	0.501373	4.8E-01	1.16698	2.8E-01
rs849140	7	28183702	0.463008	T	C	0.410278	1	1.24021	2.7E-01	0.0071488	0.00569859	1.57373	2.1E-01	2.65367	1.0E-01
rs17172095	7	42665355	0.680121	A	G	0.679343	0.995026	3.31174	6.9E-02	0.0122059	0.00598469	4.15965	4.1E-02	3.80115	5.1E-02
rs71553230	7	71997829	0.893615	T	A	0.963499	0.829255	30.0032	4.3E-08	0.0915542	0.0162982	31.5557	1.9E-08	32.6601	1.1E-08
rs7780317	7	72867852	0.899612	C	T	0.92793	0.985744	0.153921	6.9E-01	0.00449084	0.0108247	0.172116	6.8E-01	0.111835	7.4E-01
rs57487833	7	77115793	0.936393	G	A	0.723097	0.985735	4.53138	3.3E-02	0.0142709	0.00627251	5.17634	2.3E-02	5.90339	1.5E-02
rs76306613	7	106235348	1.22452	G	T	0.855998	0.98895	0.105073	7.5E-01	0.00224625	0.00798852	0.0790645	7.8E-01	0.0217906	8.8E-01
rs2237687	7	107585473	1.24369	C	T	0.472386	0.966594	1.81487	1.8E-01	0.00813256	0.00567389	2.05444	1.5E-01	1.55843	2.1E-01
rs38902	7	116889718	1.32093	G	A	0.474719	0.992845	0.0248814	8.7E-01	-0.000819009	0.00559938	0.0213943	8.8E-01	0.00409105	9.5E-01
rs12154627	7	130422934	1.4017	T	C	0.506907	0.97487	34.0329	5.4E-09	0.032748	0.00563613	33.7603	6.2E-09	40.202	2.3E-10
rs7808446	7	150214465	1.67249	T	G	0.235469	0.993612	7.67216	5.6E-03	0.0176229	0.00659064	7.14991	7.5E-03	5.37225	2.0E-02
rs330929	8	9007273	0.247137	C	A	0.697039	0.97669	32.2822	1.3E-08	0.0349368	0.00612561	32.5287	1.2E-08	28.8262	7.9E-08
rs330096	8	9171595	0.251664	G	C	0.75605	0.971568	29.4254	5.8E-08	-0.0362921	0.00657267	30.4888	3.4E-08	36.473	1.5E-09
rs4474021	8	12632903	0.332387	G	T	0.680802	1	5.41181	2.0E-02	-0.0132497	0.00596599	4.93227	2.6E-02	4.62885	3.1E-02
rs17091237	8	19593584	0.4685	C	T	0.316583	0.990177	30.9709	2.6E-08	0.0352548	0.00602235	34.2693	4.8E-09	40.4932	2.0E-10
rs190089270	8	19749424	0.471795	G	A	0.993407	0.890142	33.7847	6.2E-09	0.211229	0.0365845	33.3361	7.8E-09	38.4819	5.5E-10
rs35469180	8	19761602	0.471986	A	T	0.982035	0.993607	57.1051	4.1E-14	-0.15921	0.0210888	56.9945	4.4E-14	58.0709	2.5E-14
rs7815496	8	38321607	0.69461	C	T	0.597431	0.996532	0.261777	6.1E-01	-0.00265822	0.00567721	0.219236	6.4E-01	0.990847	3.2E-01
rs12543555	8	69562014	0.90375	A	G	0.792127	0.98465	0.0645685	8.0E-01	-0.000365057	0.00690044	0.00279877	9.6E-01	0.168754	6.8E-01
rs28568866	8	72353630	0.949663	G	A	0.969859	0.939217	1.76995	1.8E-01	-0.0221244	0.0168287	1.72839	1.9E-01	1.48272	2.2E-01
rs146492163	8	72386394	0.950025	G	T	0.96946	0.960969	13.0009	3.1E-04	-0.0596569	0.0165447	13.0018	3.1E-04	12.0693	5.1E-04
rs1895674	8	72443246	0.950276	T	G	0.946831	0.990629	1.77039	1.8E-01	0.0155548	0.0124397	1.56354	2.1E-01	1.01937	3.1E-01
rs4147332	8	89280863	1.08332	G	C	0.323111	0.995784	4.11199	4.3E-02	-0.0115473	0.0059633	3.74962	5.3E-02	4.2427	3.9E-02
rs144435165	8	126419938	1.45107	G	C	0.944194	0.785853	13.9517	1.9E-04	-0.0485327	0.0136698	12.605	3.8E-04	11.7307	6.1E-04
rs2954018	8	126477153	1.45319	C	T	0.298303	0.998357	31.6802	1.8E-08	0.0366206	0.0060941	36.1104	1.9E-09	38.077	6.8E-10
rs6991761	8	128274518	1.48941	C	T	0.844226	0.993607	0.0840469	7.7E-01	0.00311469	0.00769244	0.163946	6.9E-01	0.23185	6.3E-01
rs2467030	8	135665361	1.60637	A	G	0.339711	0.997044	0.09502	7.6E-01	0.00188487	0.00590594	0.101856	7.5E-01	0.23615	6.3E-01
rs12340775	9	13226945	0.282033	G	A	0.944664	0.940298	0.331846	5.6E-01	-0.00619623	0.0125598	0.243384	6.2E-01	0.790385	3.7E-01
rs73650963	9	93943033	1.11642	T	C	0.892489	0.990174	5.1217	2.4E-02	-0.0194397	0.00900546	4.6598	3.1E-02	6.74099	9.4E-03
rs2131919	9	95283887	1.12689	A	G	0.83667	0.999136	3.71006	5.4E-02	-0.0150138	0.00756728	3.9364	4.7E-02	2.60959	1.1E-01
rs1572136	9	101740604	1.18729	G	C	0.724977	0.989514	0.916904	3.4E-01	0.00589955	0.00628616	0.880778	3.5E-01	1.02206	3.1E-01
rs12686004	9	107653426	1.24316	G	A	0.884341	1	1.27526	2.6E-01	0.00852563	0.00871612	0.956768	3.3E-01	1.55726	2.1E-01
rs10991414	9	107685589	1.24582	T	C	0.861068	0.989408	3.34036	6.8E-02	-0.0143477	0.0081252	3.11814	7.7E-02	1.98937	1.6E-01
rs111479443	9	107874316	1.24936	T	G	0.963776	0.9746	2.08693	1.5E-01	-0.0191342	0.0151276	1.59986	2.1E-01	1.53986	2.1E-01
rs7048735	9	112529695	1.31375	A	G	0.239526	0.976202	1.96603	1.6E-01	-0.00988616	0.00660983	2.23704	1.3E-01	2.20545	1.4E-01
rs1002607	9	113858933	1.33848	T	C	0.40707	0.988428	2.93638	8.7E-02	0.00905986	0.00571911	2.50949	1.1E-01	4.00227	4.5E-02
rs13298297	9	119264108	1.4204	G	A	0.769275	0.989359	0.580884	4.5E-01	0.00613906	0.00667501	0.845864	3.6E-01	0.419385	5.2E-01
rs6478851	9	131561110	1.55426	G	A	0.758733	1	0.998171	3.2E-01	-0.00834145	0.00653121	1.63116	2.0E-01	1.6158	2.0E-01
rs550057	9	136146597	1.66208	C	T	0.746632	0.999614	28.1227	1.1E-07	0.035264	0.00639802	30.3788	3.6E-08	32.0415	1.5E-08
rs7072195	10	3540748	0.0738836	T	C	0.417524	0.993244	0.042933	8.4E-01	-0.00152826	0.00567597	0.0724961	7.9E-01	0.000809798	9.8E-01
rs11592754	10	32619572	0.605452	A	C	0.856559	0.998356	0.00975205	9.2E-01	-0.00115069	0.00795581	0.0209193	8.8E-01	0.216908	6.4E-01
rs2247396	10	33489192	0.60946	G	A	0.603662	0.99818	0.148391	7.0E-01	-0.00166677	0.00568525	0.0859512	7.7E-01	0.184835	6.7E-01
rs4341488	10	60452745	0.822202	G	A	0.188405	0.998867	1.04618	3.1E-01	0.00794031	0.00712823	1.24083	2.7E-01	0.964079	3.3E-01
rs17287962	10	63770969	0.858439	A	G	0.970068	0.979005	1.31889	2.5E-01	-0.0196314	0.0165327	1.40998	2.4E-01	1.62104	2.0E-01
rs4746855	10	64822828	0.870307	G	A	0.596714	1	33.85	6.0E-09	0.0326122	0.00569823	32.7552	1.0E-08	31.7999	1.7E-08
rs10762666	10	77157489	1.00522	A	G	0.241989	0.984822	3.12441	7.7E-02	0.00973904	0.00653459	2.22124	1.4E-01	1.31617	2.5E-01
rs10887758	10	89603315	1.15934	T	C	0.784607	0.990793	1.54172	2.1E-01	-0.00712859	0.00682804	1.08997	3.0E-01	1.49857	2.2E-01
rs141490680	10	95280981	1.22085	G	A	0.866803	0.998279	15.0117	1.1E-04	-0.0322914	0.00820257	15.498	8.3E-05	12.8365	3.4E-04
rs7342070	10	104223628	1.30538	T	C	0.455127	1	1.50727	2.2E-01	-0.00808896	0.00559586	2.08954	1.5E-01	3.09056	7.9E-02
rs7917983	10	114732882	1.3977	T	C	0.532013	1	0.714707	4.0E-01	-0.00551543	0.00559115	0.973097	3.2E-01	1.83879	1.8E-01
rs242956	10	119297479	1.46386	C	T	0.362576	0.990585	0.708791	4.0E-01	0.00468489	0.00581483	0.649121	4.2E-01	0.416561	5.2E-01
rs7104929	11	784340	0.0108006	C	G	0.530558	0.997422	2.73631	9.8E-02	-0.00823414	0.00560495	2.15821	1.4E-01	1.96064	1.6E-01
rs7932891	11	10921512	0.210707	A	G	0.294517	0.99931	9.00079	2.7E-03	0.0163227	0.00610842	7.14048	7.5E-03	9.08382	2.6E-03
rs11607537	11	14224166	0.277204	C	T	0.941072	0.981717	8.56561	3.4E-03	0.0362112	0.0119509	9.18086	2.4E-03	9.6989	1.8E-03
rs79634051	11	14561945	0.278112	G	C	0.97174	1	2.49132	1.1E-01	0.0286286	0.016762	2.91708	8.8E-02	2.64519	1.0E-01
rs3114693	11	26127790	0.452397	A	T	0.617593	0.997848	1.68195	1.9E-01	0.0076126	0.00574138	1.75806	1.8E-01	2.84665	9.2E-02
rs56386213	11	36291554	0.562467	A	G	0.595018	1	0.519555	4.7E-01	0.005426	0.00564451	0.924073	3.4E-01	1.98787	1.6E-01
rs198440	11	61508522	0.702989	A	G	0.692767	0.990705	35.0202	3.3E-09	-0.0356025	0.00607828	34.3084	4.7E-09	36.2779	1.7E-09
rs4564341	11	61573540	0.704001	C	T	0.928009	0.991114	126.959	1.9E-29	-0.122441	0.0108051	128.41	9.1E-30	127.953	1.1E-29
rs117220229	11	61604324	0.704103	T	A	0.961886	0.998134	35.5048	2.5E-09	-0.0866648	0.0145591	35.4338	2.6E-09	41.4092	1.2E-10
rs1043789	11	62160729	0.709847	G	A	0.679051	0.993986	0.0868916	7.7E-01	0.00302492	0.00597069	0.256672	6.1E-01	0.21941	6.4E-01
rs656095	11	75445338	0.831924	A	G	0.827786	0.993412	31.7878	1.7E-08	-0.041965	0.00740892	32.0823	1.5E-08	31.5372	2.0E-08
rs28690953	11	111384426	1.18701	T	G	0.852988	1	1.04261	3.1E-01	-0.00902386	0.00787602	1.31272	2.5E-01	1.68585	1.9E-01
rs747249	11	130271647	1.49781	A	G	0.360849	0.986641	0.268506	6.0E-01	0.0027088	0.00584632	0.214679	6.4E-01	0.853505	3.6E-01
rs11045172	12	20470221	0.37098	A	C	0.802205	0.989276	10.9954	9.1E-04	0.0245202	0.00703706	12.1413	4.9E-04	10.0422	1.5E-03
rs7977928	12	26265632	0.457285	G	A	0.408615	1	0.123945	7.2E-01	-0.00291581	0.00565976	0.265413	6.1E-01	0.649861	4.2E-01
rs2343874	12	26409450	0.459085	G	A	0.53283	0.98214	2.81148	9.4E-02	-0.00960987	0.00563349	2.90991	8.8E-02	2.42392	1.2E-01
rs16931815	12	27427917	0.469712	A	G	0.872673	0.996695	0.195993	6.6E-01	-0.00391944	0.00839471	0.217991	6.4E-01	0.211219	6.5E-01
rs7310959	12	45968598	0.59006	G	A	0.897555	1	12.8898	3.3E-04	-0.0340162	0.0092137	13.6302	2.2E-04	11.3189	7.7E-04
rs75824359	12	54320490	0.68262	A	G	0.970266	0.973341	0.0182667	8.9E-01	0.00308894	0.0166324	0.0344914	8.5E-01	0.125184	7.2E-01
rs10878362	12	66417493	0.793832	C	A	0.687723	0.991565	1.03702	3.1E-01	0.00648922	0.00602681	1.15934	2.8E-01	1.69668	1.9E-01
rs10745659	12	94092690	1.0816	C	G	0.553308	0.994516	1.13495	2.9E-01	-0.00551413	0.00564164	0.955307	3.3E-01	0.469461	4.9E-01
rs10778495	12	106991545	1.2616	A	G	0.720919	0.990603	3.77481	5.2E-02	-0.0133067	0.00622228	4.57346	3.2E-02	6.28046	1.2E-02
rs189392453	12	122381427	1.46398	C	A	0.929828	0.926987	0.00100865	9.7E-01	-0.000382994	0.0113423	0.00114021	9.7E-01	0.0267765	8.7E-01
rs12366339	12	122854616	1.46723	G	A	0.9894	0.907552	0.597368	4.4E-01	-0.0280033	0.0286188	0.957447	3.3E-01	1.16321	2.8E-01
rs147433011	12	123162845	1.46972	T	C	0.989135	0.898372	1.28783	2.6E-01	0.0265347	0.0284337	0.870887	3.5E-01	0.683992	4.1E-01
rs116950578	12	123188577	1.46982	C	T	0.967055	1	2.19531	1.4E-01	0.0267437	0.0155877	2.94361	8.6E-02	2.40673	1.2E-01
rs140689322	12	123375732	1.4703	G	A	0.973654	0.966101	2.00059	1.6E-01	0.0256901	0.017705	2.10543	1.5E-01	2.95141	8.6E-02
rs28722199	12	123989436	1.47618	A	G	0.954286	0.931304	3.89646	4.8E-02	-0.0268892	0.0138294	3.78048	5.2E-02	5.22691	2.2E-02
rs12582221	12	125323240	1.49972	G	A	0.572176	1	2.2499	1.3E-01	0.00904218	0.00562995	2.57951	1.1E-01	3.14282	7.6E-02
rs7993238	13	22473593	0.0544542	A	C	0.631395	0.976757	0.294246	5.9E-01	-0.00379152	0.00585886	0.418795	5.2E-01	1.16872	2.8E-01
rs10507524	13	44684600	0.468128	T	C	0.907237	0.994143	0.000322605	9.9E-01	-7.43843e-05	0.00966806	5.91949e-05	9.9E-01	0.0272233	8.7E-01
rs12872335	13	50442235	0.536587	G	A	0.792188	0.994746	0.00228132	9.6E-01	0.000417234	0.00689695	0.00365969	9.5E-01	0.0781507	7.8E-01
rs61964388	13	51061980	0.539297	G	A	0.904117	0.961186	0.645538	4.2E-01	-0.00786552	0.00964873	0.66453	4.1E-01	0.680243	4.1E-01
rs627527	13	110915135	1.21483	G	A	0.418925	0.983958	0.390367	5.3E-01	0.00382765	0.00569448	0.451811	5.0E-01	0.388569	5.3E-01
rs1057119	14	23746269	0.116581	C	G	0.76153	1	0.000414554	9.8E-01	0.00173705	0.00651989	0.0709812	7.9E-01	0.0871373	7.7E-01
rs140664623	14	52321987	0.459221	G	T	0.976323	0.975931	2.44601	1.2E-01	0.0325087	0.0185001	3.0878	7.9E-02	5.74837	1.7E-02
rs2145600	14	58750902	0.537897	C	G	0.237608	0.992449	6.74536	9.4E-03	0.0168985	0.00656444	6.62671	1.0E-02	7.77245	5.3E-03
rs6575165	14	91352234	0.881721	G	A	0.76556	0.994744	0.826643	3.6E-01	-0.00606321	0.00658817	0.846984	3.6E-01	1.17372	2.8E-01
rs10130936	14	98342676	1.02712	C	T	0.37676	0.985923	4.89379	2.7E-02	-0.0120524	0.00580034	4.31758	3.8E-02	4.54598	3.3E-02
rs4779523	15	31679470	0.452779	T	A	0.728098	0.995337	1.93808	1.6E-01	-0.00977964	0.00629108	2.41655	1.2E-01	1.6489	2.0E-01
rs28647196	15	40833379	0.629227	C	T	0.564205	0.997093	0.994343	3.2E-01	-0.00468229	0.00563904	0.689456	4.1E-01	1.44095	2.3E-01
rs11630710	15	56364758	0.756318	G	T	0.893172	0.979091	2.85989	9.1E-02	-0.0148701	0.00914246	2.64545	1.0E-01	2.03465	1.5E-01
rs2414550	15	58500757	0.78105	C	G	0.141585	0.979744	32.94	9.5E-09	0.0486998	0.0080589	36.5176	1.5E-09	34.6875	3.9E-09
rs2165241	15	74222202	0.994735	T	C	0.491224	0.994517	0.155113	6.9E-01	0.00343328	0.00556873	0.380107	5.4E-01	0.134034	7.1E-01
rs12905116	15	79042734	1.02295	T	A	0.242831	0.998559	0.03799	8.5E-01	0.00188614	0.00647416	0.0848751	7.7E-01	0.167338	6.8E-01
rs2401948	16	1340854	0.0338191	G	C	0.470436	0.984992	1.29826	2.5E-01	-0.00675869	0.00562509	1.44367	2.3E-01	0.764467	3.8E-01
rs3747577	16	4415696	0.082586	C	G	0.259467	0.988145	0.628279	4.3E-01	0.00588509	0.00640157	0.845147	3.6E-01	1.06949	3.0E-01
rs6498114	16	10964118	0.259065	G	T	0.240585	0.980902	0.0177257	8.9E-01	0.00165255	0.00658896	0.0629037	8.0E-01	0.0136525	9.1E-01
rs2192868	16	53428284	0.643286	G	A	0.551203	0.983829	0.0144966	9.0E-01	0.00070505	0.00565652	0.0155361	9.0E-01	0.0377799	8.5E-01
rs116975210	16	67058614	0.849502	T	G	0.960603	0.993544	0.438556	5.1E-01	0.007863	0.0143745	0.299221	5.8E-01	0.329635	5.7E-01
rs2056876	16	78864296	0.975993	T	G	0.815684	0.95437	3.02889e-05	1.0E+00	0.000519472	0.00734415	0.00500312	9.4E-01	0.108152	7.4E-01
rs9926618	16	81484570	1.04509	T	A	0.39429	0.97289	17.0336	3.7E-05	0.0249954	0.0057818	18.6893	1.5E-05	19.004	1.3E-05
rs66710707	16	81528621	1.0457	A	G	0.719577	0.992374	9.54329	2.0E-03	0.0192411	0.00622697	9.54787	2.0E-03	10.0498	1.5E-03
rs116911572	17	943593	0.0364958	T	C	0.982069	1	1.11477	2.9E-01	0.022804	0.0210431	1.17436	2.8E-01	0.25994	6.1E-01
rs4151120	17	7342148	0.196018	T	A	0.629178	0.991461	4.45716	3.5E-02	-0.0116942	0.00579894	4.06671	4.4E-02	3.22599	7.2E-02
rs1561	17	8263334	0.209036	C	T	0.928268	0.930811	0.579074	4.5E-01	0.0116398	0.0111789	1.08415	3.0E-01	0.564219	4.5E-01
rs1242488	17	17347995	0.443205	C	A	0.250473	0.994678	1.84976	1.7E-01	0.00763895	0.00643543	1.409	2.4E-01	0.992478	3.2E-01
rs897456	17	17422608	0.444631	A	G	0.942018	1	9.05523	2.6E-03	-0.0381026	0.0119466	10.1724	1.4E-03	10.2825	1.3E-03
rs11651639	17	27672320	0.49569	A	T	0.483934	0.999433	0.1904	6.6E-01	-0.00195631	0.00557681	0.123056	7.3E-01	0.112955	7.4E-01
rs55883500	17	40395267	0.664304	T	G	0.691334	0.998762	3.43576	6.4E-02	-0.011109	0.00603399	3.38952	6.6E-02	4.48608	3.4E-02
rs2242461	17	40861424	0.665935	G	A	0.405713	1	0.980236	3.2E-01	0.00598061	0.00567581	1.11029	2.9E-01	0.982728	3.2E-01
rs145947882	17	41809207	0.672977	A	C	0.973996	0.965312	30.6423	3.1E-08	-0.0990671	0.0178122	30.933	2.7E-08	29.1548	6.7E-08
rs62053943	17	43744203	0.688226	C	T	0.845555	0.975028	0.0561682	8.1E-01	-0.00214937	0.00782633	0.0754237	7.8E-01	0.0539334	8.2E-01
rs6504972	17	53601168	0.790946	G	A	0.654059	0.990391	2.51252	1.1E-01	0.00915827	0.00590961	2.40165	1.2E-01	2.97126	8.5E-02
rs9892365	17	59491384	0.871045	A	G	0.330387	0.996856	2.08793	1.5E-01	-0.0091856	0.00593541	2.39504	1.2E-01	2.36943	1.2E-01
rs146385050	17	60637258	0.881108	C	A	0.819308	0.982238	0.246386	6.2E-01	0.00379021	0.00730386	0.26929	6.0E-01	0.2359	6.3E-01
rs1966327	17	67570113	0.971768	A	G	0.320402	0.997202	0.0391525	8.4E-01	-0.00140763	0.00597574	0.0554873	8.1E-01	0.0388411	8.4E-01
rs9896666	17	68226321	0.98162	C	T	0.675868	0.994992	0.178484	6.7E-01	-0.00129561	0.00596538	0.0471709	8.3E-01	0.120493	7.3E-01
rs3810068	18	2846499	0.0738566	T	C	0.595452	1	2.3058	1.3E-01	0.00705844	0.00566708	1.55131	2.1E-01	1.23601	2.7E-01
rs4800451	18	20716805	0.429195	C	T	0.259966	0.984274	0.324146	5.7E-01	0.00270874	0.00641721	0.178173	6.7E-01	0.193124	6.6E-01
rs1026186	18	42741410	0.625015	G	A	0.64681	0.995626	1.65595	2.0E-01	0.00881294	0.00584601	2.27259	1.3E-01	1.79532	1.8E-01
rs8086644	18	60788559	0.864537	G	A	0.834201	0.988925	0.784536	3.8E-01	0.00790159	0.00752936	1.10132	2.9E-01	0.55793	4.6E-01
rs12979965	19	2131148	0.0753026	A	G	0.499935	0.991113	0.902583	3.4E-01	-0.00604513	0.0055826	1.17257	2.8E-01	0.78071	3.8E-01
rs10421685	19	4488926	0.151356	G	A	0.311293	0.998169	0.0818618	7.7E-01	-0.00209716	0.00601815	0.121433	7.3E-01	0.0462823	8.3E-01
rs10421685	19	4488926	0.151356	G	C	0.973386	0.548756	1.92513	1.7E-01	-0.03641	0.0233126	2.43926	1.2E-01	1.52895	2.2E-01
rs17248720	19	11198187	0.318788	C	T	0.880901	0.997245	121.569	2.9E-28	-0.0945836	0.008588	121.296	3.3E-28	125.913	3.2E-29
rs1423056	19	33780444	0.560699	G	A	0.681795	0.903762	0.25474	6.1E-01	-0.00368017	0.00629095	0.342219	5.6E-01	0.650236	4.2E-01
rs113504807	19	33787954	0.561506	C	T	0.951238	0.934153	0.0534505	8.2E-01	-0.0019242	0.0133361	0.0208181	8.9E-01	0.0169536	9.0E-01
rs11672697	19	33876955	0.562267	C	T	0.494053	0.99299	0.837744	3.6E-01	0.00562372	0.00558695	1.0132	3.1E-01	1.37444	2.4E-01
rs62116588	19	44446097	0.68736	C	G	0.976805	0.933368	35.439	2.6E-09	-0.111391	0.0191612	33.7951	6.1E-09	38.9054	4.4E-10
rs142751148	19	45100982	0.69683	G	T	0.973358	0.950645	69.7127	6.9E-17	-0.145672	0.0176911	67.8015	1.8E-16	75.3847	3.9E-18
rs73048351	19	45160086	0.697689	C	A	0.989712	0.91554	66.0318	4.4E-16	-0.234029	0.0288874	65.6331	5.4E-16	69.4493	7.8E-17
rs140824606	19	45311084	0.70382	G	A	0.974928	0.867871	30.4446	3.4E-08	0.106507	0.0190631	31.2155	2.3E-08	38.6145	5.2E-10
rs2075649	19	45395330	0.707004	A	G	0.611354	0.998574	45.3274	1.7E-11	0.0389777	0.00572336	46.38	9.7E-12	55.7902	8.1E-14
rs146390218	19	45478352	0.709104	A	G	0.973731	0.966351	159.108	1.8E-36	-0.226509	0.0176924	163.908	1.6E-37	163.703	1.8E-37
rs181765708	19	45880690	0.715179	C	T	0.983746	0.92116	102.522	4.3E-24	-0.23041	0.0228862	101.357	7.7E-24	110.118	9.2E-26
rs2864436	19	55986637	0.996315	T	C	0.754674	1	3.18923	7.4E-02	-0.0116273	0.00644642	3.2533	7.1E-02	2.70096	1.0E-01
rs151235402	20	569164	0.0196907	C	T	0.984757	0.956324	13.4941	2.4E-04	-0.0842262	0.02341	12.9446	3.2E-04	13.7239	2.1E-04
rs805769	20	5667459	0.191037	T	C	0.595306	0.99253	0.148823	7.0E-01	-0.0023403	0.00570408	0.168334	6.8E-01	0.171093	6.8E-01
rs6117303	20	6487687	0.213838	T	C	0.34849	0.989053	2.19575	1.4E-01	-0.00763616	0.00588027	1.68638	1.9E-01	1.26636	2.6E-01
rs146411982	20	38985760	0.586515	A	G	0.97517	0.885893	0.499135	4.8E-01	0.0146539	0.0190098	0.594226	4.4E-01	0.362581	5.5E-01
rs1997833	20	39690342	0.597551	T	C	0.700507	0.998963	0.0957457	7.6E-01	-0.00134135	0.00606751	0.0488727	8.3E-01	0.00551064	9.4E-01
rs11699991	20	45489407	0.689702	T	A	0.670387	0.988835	0.152671	7.0E-01	-0.00282912	0.00595929	0.22538	6.3E-01	0.143601	7.0E-01
rs6068280	20	51235613	0.791961	A	G	0.324841	0.992237	9.24014	2.4E-03	-0.0180468	0.00594558	9.21321	2.4E-03	9.00765	2.7E-03
rs6013572	20	51553621	0.798111	T	C	0.936054	1	0.284496	5.9E-01	0.00417354	0.0114591	0.132651	7.2E-01	0.0539821	8.2E-01
rs1936966	20	51691779	0.801626	C	T	0.672454	0.982215	0.0272277	8.7E-01	0.00148407	0.00603059	0.0605604	8.1E-01	0.277083	6.0E-01
rs2105063	20	62690683	1.09651	C	T	0.438811	1	1.25099	2.6E-01	0.00598932	0.00562792	1.13256	2.9E-01	1.33972	2.5E-01
rs4998557	21	33034892	0.322704	G	A	0.887631	0.995909	5.2123	2.2E-02	-0.0198277	0.00885698	5.01154	2.5E-02	4.42035	3.6E-02
rs2836139	21	39451403	0.432375	A	G	0.514897	0.9942	0.339255	5.6E-01	-0.00380583	0.0056181	0.458903	5.0E-01	0.841654	3.6E-01
rs2330396	21	47524380	0.643685	A	C	0.492654	0.996498	0.00561842	9.4E-01	-0.000704176	0.00556948	0.0159857	9.0E-01	0.206218	6.5E-01
rs2236142	22	29137944	0.338659	G	C	0.32476	0.994367	0.1686	6.8E-01	0.00101977	0.00596332	0.0292435	8.6E-01	0.020402	8.9E-01
rs5997898	22	31572963	0.355537	A	C	0.421356	0.998342	1.43275	2.3E-01	-0.00706145	0.00565343	1.56014	2.1E-01	2.42255	1.2E-01
