SNP	CHR	BP	GENPOS	ALLELE1	ALLELE0	A1FREQ	INFO	CHISQ_LINREG	P_LINREG	BETA	SE	CHISQ_BOLT_LMM_INF	P_BOLT_LMM_INF	CHISQ_BOLT_LMM	P_BOLT_LMM
rs10909862	1	2936815	0.0400559	G	A	0.1928	0.987988	3.02227	8.2E-02	-0.0130288	0.00710006	3.36731	6.7E-02	2.4523	1.2E-01
rs1294014	1	9325676	0.18921	C	T	0.732088	0.974098	6.39397	1.1E-02	0.0135166	0.0063828	4.48451	3.4E-02	3.90452	4.8E-02
rs10753554	1	23619009	0.461644	T	C	0.260317	0.989627	5.9975	1.4E-02	-0.0147924	0.00637666	5.38134	2.0E-02	5.48882	1.9E-02
rs11591147	1	55505647	0.809828	G	T	0.982511	1	33.6888	6.5E-09	0.122353	0.0212233	33.2355	8.2E-09	35.0398	3.2E-09
rs7534572	1	62999675	0.922881	C	G	0.351807	0.999944	91.5372	1.1E-21	0.0576374	0.00582117	98.0368	4.1E-23	100.173	1.4E-23
rs875868	1	65539253	0.960443	A	C	0.697717	0.993511	1.5468	2.1E-01	-0.00708351	0.0060827	1.35614	2.4E-01	2.0009	1.6E-01
rs10889551	1	65906137	0.967654	A	G	0.326867	0.995997	0.991617	3.2E-01	0.00871496	0.00595414	2.14236	1.4E-01	2.28746	1.3E-01
rs71658797	1	77967507	1.07336	T	A	0.879141	0.99054	0.0972882	7.6E-01	-0.00665592	0.00856211	0.604303	4.4E-01	1.05757	3.0E-01
rs1415361	1	103562263	1.33102	C	T	0.402104	0.995554	1.07246	3.0E-01	-0.00578935	0.00569081	1.03493	3.1E-01	1.80206	1.8E-01
rs7528419	1	109817192	1.38712	A	G	0.778746	1	31.2545	2.3E-08	0.0374764	0.00669424	31.341	2.2E-08	31.7508	1.8E-08
rs3738479	1	150997842	1.65945	T	A	0.765906	0.995486	0.865879	3.5E-01	-0.00614992	0.00659157	0.870484	3.5E-01	0.848357	3.6E-01
rs79810698	1	154836444	1.69767	C	A	0.95565	1	0.0328105	8.6E-01	-9.07578e-05	0.0135234	4.50395e-05	9.9E-01	8.31058e-05	9.9E-01
rs10494421	1	164738727	1.83743	C	T	0.880829	1	0.00988067	9.2E-01	-0.00118946	0.00859244	0.019163	8.9E-01	0.022496	8.8E-01
rs3121911	1	170212480	1.91705	G	A	0.744389	0.993907	1.92045	1.7E-01	-0.00887381	0.00636597	1.94308	1.6E-01	2.15046	1.4E-01
rs17346300	1	170510459	1.91857	C	T	0.950626	1	4.91584	2.7E-02	-0.0230203	0.0128775	3.19565	7.4E-02	3.5179	6.1E-02
rs6697844	1	172308238	1.93873	C	T	0.56798	0.996349	2.31452	1.3E-01	0.00838147	0.00560412	2.23679	1.3E-01	2.33356	1.3E-01
rs10922075	1	196467248	2.1432	G	A	0.687963	0.997066	3.0102	8.3E-02	-0.0103638	0.00601019	2.97349	8.5E-02	2.91444	8.8E-02
rs13303121	1	203503267	2.22276	C	G	0.607356	0.947347	3.37652	6.6E-02	-0.0107937	0.0058385	3.41772	6.5E-02	2.98288	8.4E-02
rs4951159	1	205012106	2.25304	G	C	0.0908836	0.967	3.55728	5.9E-02	0.0175565	0.00984664	3.17908	7.5E-02	3.7468	5.3E-02
rs61821643	1	219268532	2.43532	T	C	0.974378	0.889659	0.564154	4.5E-01	0.0106795	0.0186481	0.32797	5.7E-01	0.905314	3.4E-01
rs77278027	1	219392230	2.43543	C	T	0.93823	0.976746	0.677604	4.1E-01	-0.00866241	0.0117028	0.547898	4.6E-01	0.888105	3.5E-01
rs12740837	1	219623230	2.43692	G	A	0.983204	0.959021	0.000909008	9.8E-01	0.00126601	0.0220575	0.00329432	9.5E-01	0.0457645	8.3E-01
rs711869	2	13073967	0.297329	G	A	0.443249	0.983109	0.0871582	7.7E-01	0.000859817	0.00565102	0.0231504	8.8E-01	0.0404109	8.4E-01
rs2702068	2	24689512	0.456007	A	C	0.144534	0.985387	1.13753	2.9E-01	-0.00733328	0.00797382	0.845791	3.6E-01	0.779445	3.8E-01
rs77541036	2	25575523	0.459339	A	G	0.962268	0.991995	2.72186	9.9E-02	0.0200881	0.0146474	1.88087	1.7E-01	1.87346	1.7E-01
rs7933	2	43452183	0.682402	A	G	0.634849	0.981779	1.93222	1.6E-01	0.010114	0.00582708	3.01264	8.3E-02	3.42217	6.4E-02
rs36072157	2	48953740	0.765134	G	C	0.658175	0.956087	6.94009	8.4E-03	0.0159093	0.00599229	7.0488	7.9E-03	6.46289	1.1E-02
rs4953627	2	48990167	0.765401	C	T	0.77524	0.975089	6.42503	1.1E-02	-0.0193756	0.00677207	8.18589	4.2E-03	8.78329	3.0E-03
rs10779951	2	66142656	0.91656	G	A	0.525126	0.992672	2.74469	9.8E-02	0.0107454	0.00560357	3.67719	5.5E-02	3.63914	5.6E-02
rs12713567	2	66729420	0.924256	A	G	0.428176	0.981664	0.00415018	9.5E-01	0.0027928	0.00567362	0.242303	6.2E-01	0.000637694	9.8E-01
rs1521047	2	67724601	0.937973	C	G	0.75421	0.992329	0.590593	4.4E-01	-0.0061682	0.00646493	0.91031	3.4E-01	1.3666	2.4E-01
rs12712049	2	100208830	1.21955	A	G	0.176674	0.985519	6.52999	1.1E-02	-0.017547	0.00733967	5.7155	1.7E-02	4.65121	3.1E-02
rs72946301	2	111861838	1.33125	G	A	0.903863	0.964859	16.3256	5.3E-05	-0.0390679	0.0096181	16.4991	4.9E-05	16.1888	5.7E-05
rs1053413	2	114471921	1.35945	A	G	0.784744	0.998156	0.00602018	9.4E-01	-0.00105218	0.00679505	0.0239772	8.8E-01	0.077995	7.8E-01
rs7593247	2	119337589	1.3956	C	T	0.503784	0.990163	0.00606088	9.4E-01	-0.00145239	0.00559157	0.0674678	8.0E-01	0.0237002	8.8E-01
rs78876301	2	158234589	1.75901	A	C	0.987195	0.782415	1.06269	3.0E-01	-0.0418096	0.0280154	2.22721	1.4E-01	1.75051	1.9E-01
rs77928329	2	158413902	1.76308	G	A	0.94544	0.998218	2.34197	1.3E-01	0.0166101	0.0122208	1.84731	1.7E-01	1.38143	2.4E-01
rs1402698	2	165424575	1.81281	G	A	0.368889	0.988943	6.58613	1.0E-02	0.014314	0.0058124	6.0647	1.4E-02	4.72065	3.0E-02
rs3769877	2	165569779	1.81517	G	A	0.125673	1	8.38216	3.8E-03	-0.0225692	0.00840204	7.21547	7.2E-03	8.46338	3.6E-03
rs72882321	2	172298662	1.8972	C	T	0.821415	0.98752	0.12871	7.2E-01	0.00189826	0.00731833	0.0672801	8.0E-01	0.34206	5.6E-01
rs62173497	2	187821910	2.04064	C	A	0.889372	0.96522	4.57539	3.2E-02	-0.0180234	0.0090191	3.99345	4.6E-02	5.33842	2.1E-02
rs61613340	2	191746748	2.0603	G	T	0.922172	0.993102	3.98331	4.6E-02	-0.0182855	0.0104232	3.07761	7.9E-02	2.35528	1.2E-01
rs1250248	2	216287093	2.28549	A	G	0.271958	0.996374	0.719181	4.0E-01	-0.00502528	0.00627261	0.641836	4.2E-01	0.318707	5.7E-01
rs2373074	2	218381350	2.32413	C	T	0.903229	0.998908	1.3643	2.4E-01	0.0144622	0.00942758	2.35325	1.3E-01	1.37482	2.4E-01
rs62182126	2	219279230	2.33765	G	A	0.901349	1	6.30416	1.2E-02	0.0224665	0.00933574	5.79124	1.6E-02	6.99798	8.2E-03
rs6760762	2	226866226	2.44112	C	T	0.776249	0.976874	13.4412	2.5E-04	-0.0257491	0.00676463	14.4889	1.4E-04	14.3824	1.5E-04
rs305506	3	12026709	0.296805	G	T	0.113563	0.992655	1.93937	1.6E-01	-0.0106733	0.00882206	1.46372	2.3E-01	1.29455	2.6E-01
rs114252958	3	12409938	0.29797	C	T	0.982978	0.956617	0.186847	6.7E-01	-0.0129476	0.022105	0.343083	5.6E-01	1.16892	2.8E-01
rs10490869	3	35635145	0.595764	A	T	0.789478	0.990849	5.01716	2.5E-02	0.0138824	0.00683808	4.12156	4.2E-02	5.20231	2.3E-02
rs6771508	3	43718462	0.664863	A	C	0.974946	0.998741	0.418004	5.2E-01	-0.00878862	0.0178254	0.243088	6.2E-01	0.103567	7.5E-01
rs4683294	3	46979013	0.687679	G	C	0.321605	0.960868	16.4468	5.0E-05	0.0228713	0.00607291	14.1837	1.7E-04	14.6169	1.3E-04
rs4858828	3	48724811	0.68972	C	T	0.349101	0.999091	2.28595	1.3E-01	0.00944911	0.00582054	2.63545	1.0E-01	1.81385	1.8E-01
rs352156	3	52214610	0.694887	C	T	0.955078	0.904333	7.40988	6.5E-03	-0.0380755	0.0140087	7.38745	6.6E-03	6.94954	8.4E-03
rs7643235	3	53227428	0.699142	T	C	0.4136	0.989215	6.91837	8.5E-03	-0.0145299	0.00565425	6.60354	1.0E-02	5.31772	2.1E-02
rs11718560	3	64584862	0.868956	C	T	0.731847	0.985124	4.18142	4.1E-02	0.0121704	0.00632499	3.70244	5.4E-02	3.52263	6.1E-02
rs4688498	3	64674599	0.871028	C	T	0.669682	0.985151	8.11597	4.4E-03	-0.0155658	0.00596493	6.80974	9.1E-03	7.00147	8.1E-03
rs997274	3	78704821	1.06722	T	C	0.748705	0.994327	0.252823	6.2E-01	0.0012986	0.00645189	0.0405111	8.4E-01	0.00533134	9.4E-01
rs1877569	3	99224544	1.12953	G	A	0.816212	0.993173	0.190066	6.6E-01	0.00313567	0.00719179	0.190103	6.6E-01	0.123754	7.2E-01
rs9875732	3	107461731	1.19696	T	C	0.623037	0.99667	0.108739	7.4E-01	-0.000599701	0.0057561	0.0108546	9.2E-01	0.000165225	9.9E-01
rs1000368	3	123117165	1.35684	C	T	0.748381	0.996692	1.21252	2.7E-01	0.00833668	0.00642064	1.68589	1.9E-01	1.32373	2.5E-01
rs113771682	3	129112166	1.4255	C	T	0.937375	0.999072	0.0238752	8.8E-01	0.00088046	0.0115251	0.00583616	9.4E-01	0.0226663	8.8E-01
rs7647218	3	129125231	1.42558	C	A	0.901341	0.999167	0.0592528	8.1E-01	0.00277224	0.00935986	0.0877249	7.7E-01	0.0231622	8.8E-01
rs75212171	3	129323322	1.42649	T	C	0.983129	1	0.0261671	8.7E-01	-0.0100911	0.0216109	0.218038	6.4E-01	0.31365	5.8E-01
rs112551697	3	150018637	1.64271	G	A	0.96554	0.928479	5.03272	2.5E-02	0.0342861	0.0157913	4.71408	3.0E-02	6.51147	1.1E-02
rs11720805	3	156800360	1.71236	A	G	0.330979	0.970132	0.307015	5.8E-01	-0.00344549	0.00601022	0.328641	5.7E-01	1.06066	3.0E-01
rs1488111	3	168951612	1.77942	C	T	0.517315	0.996852	2.95635	8.6E-02	-0.00734892	0.00556871	1.74155	1.9E-01	1.43379	2.3E-01
rs1499813	3	171760427	1.8208	T	C	0.587431	1	0.512941	4.7E-01	0.00392615	0.00568087	0.477645	4.9E-01	1.06322	3.0E-01
rs13092876	3	185495320	2.01656	G	A	0.686729	0.994835	2.3918	1.2E-01	0.00805608	0.00601733	1.79242	1.8E-01	1.85175	1.7E-01
rs3843375	3	196813908	2.26438	G	A	0.590289	0.999191	0.7846	3.8E-01	0.00397048	0.00567702	0.489154	4.8E-01	0.0932516	7.6E-01
rs75072999	4	844781	0.00782036	G	A	0.904916	0.991302	4.22047	4.0E-02	-0.021954	0.00955011	5.28456	2.2E-02	5.05537	2.5E-02
rs748483	4	952409	0.00822297	A	G	0.891514	0.99682	2.11716	1.5E-01	0.0155449	0.00897656	2.99885	8.3E-02	2.46882	1.2E-01
rs1912897	4	26006133	0.455942	A	T	0.79303	0.98817	8.82614	3.0E-03	0.0201118	0.0069196	8.44772	3.7E-03	7.59662	5.8E-03
rs7689800	4	26295421	0.461356	C	G	0.382047	0.982424	1.66969	2.0E-01	-0.0084202	0.0057865	2.11745	1.5E-01	1.96568	1.6E-01
rs34171390	4	56192405	0.730002	C	G	0.8287	0.967618	0.164642	6.8E-01	0.0014001	0.00749673	0.0348799	8.5E-01	0.00122912	9.7E-01
rs3775228	4	87985166	1.02979	C	T	0.601826	0.990907	28.0338	1.2E-07	0.0317073	0.00570151	30.9271	2.7E-08	38.5803	5.3E-10
rs3775389	4	89670614	1.04868	T	C	0.843928	0.999173	28.0051	1.2E-07	-0.0448977	0.007695	34.0433	5.4E-09	33.1889	8.4E-09
rs1813006	4	103001649	1.15654	G	T	0.940843	0.94358	29.7369	4.9E-08	0.0658695	0.0121429	29.4254	5.8E-08	33.0696	8.9E-09
rs12647922	4	106063987	1.17944	C	T	0.794569	0.998343	0.432965	5.1E-01	-0.00371339	0.00689206	0.290298	5.9E-01	0.276131	6.0E-01
rs7655064	4	120106348	1.31331	T	C	0.875314	0.995692	0.565543	4.5E-01	0.00453298	0.0084341	0.288861	5.9E-01	0.144384	7.0E-01
rs2922979	4	123748616	1.34468	C	G	0.689916	1	6.4743	1.1E-02	-0.0138198	0.0060288	5.25463	2.2E-02	4.18197	4.1E-02
rs1520325	4	125182690	1.35483	C	T	0.780072	0.994582	0.336257	5.6E-01	-0.00127066	0.00674286	0.0355114	8.5E-01	0.0508939	8.2E-01
rs2353397	4	145517578	1.53798	C	T	0.460014	1	2.43418	1.2E-01	-0.00851733	0.00559463	2.31774	1.3E-01	2.19128	1.4E-01
rs2166365	5	3597830	0.0882728	A	G	0.777698	0.981109	1.37837	2.4E-01	-0.00890814	0.00675825	1.73742	1.9E-01	2.92612	8.7E-02
rs13178917	5	4007353	0.10142	C	T	0.551974	0.99437	5.7992	1.6E-02	-0.0131963	0.00559402	5.56494	1.8E-02	3.44342	6.4E-02
rs10061804	5	32748637	0.511958	G	A	0.711087	1	0.331678	5.6E-01	0.00397675	0.00614994	0.418134	5.2E-01	0.503793	4.8E-01
rs299615	5	34042097	0.535425	G	A	0.843206	1	1.81068	1.8E-01	-0.0121534	0.00766988	2.51084	1.1E-01	1.81192	1.8E-01
rs4293945	5	38736142	0.597252	A	T	0.606405	0.995383	0.0903241	7.6E-01	0.00242754	0.00571576	0.180379	6.7E-01	0.337869	5.6E-01
rs163112	5	54538003	0.667379	C	G	0.107056	0.994238	1.66495	2.0E-01	-0.0118578	0.00905188	1.71606	1.9E-01	2.12629	1.4E-01
rs61653333	5	55779080	0.679717	G	T	0.970413	0.977169	0.310988	5.8E-01	-0.0100435	0.0166037	0.365902	5.5E-01	0.489568	4.8E-01
rs6867983	5	55854153	0.681454	C	T	0.861186	1	54.8161	1.3E-13	0.0605128	0.00805906	56.3801	6.0E-14	57.2821	3.8E-14
rs11749164	5	66294202	0.770672	T	G	0.726476	0.988719	0.201547	6.5E-01	-0.00369561	0.00628983	0.34522	5.6E-01	0.346749	5.6E-01
rs6878122	5	76427311	0.889556	G	A	0.318279	0.997785	3.26602	7.1E-02	0.0114557	0.00599511	3.6513	5.6E-02	3.29624	6.9E-02
rs7734060	5	101780479	1.10738	T	G	0.734786	0.995631	1.17362	2.8E-01	-0.00752745	0.00634515	1.40738	2.4E-01	1.33007	2.5E-01
rs1394631	5	118639270	1.27349	C	T	0.775173	0.988487	1.37876	2.4E-01	0.00758165	0.00670168	1.27985	2.6E-01	0.991305	3.2E-01
rs11744058	5	118798944	1.27486	G	T	0.783774	0.998591	6.02927	1.4E-02	-0.0169625	0.00677787	6.26318	1.2E-02	5.72638	1.7E-02
rs3749748	5	127350549	1.37291	C	T	0.753975	0.992802	1.56086	2.1E-01	-0.00862022	0.00648851	1.76501	1.8E-01	1.28314	2.6E-01
rs4705986	5	132349654	1.39065	T	G	0.937241	0.978165	0.973887	3.2E-01	-0.01536	0.0116246	1.74593	1.9E-01	1.78975	1.8E-01
rs10463353	5	141710741	1.48273	C	T	0.640669	0.986535	5.41675	2.0E-02	-0.0157459	0.00584042	7.26849	7.0E-03	7.26855	7.0E-03
rs33999	5	141973349	1.48937	C	G	0.612065	0.9834	1.02676	3.1E-01	0.00571448	0.00575327	0.98656	3.2E-01	1.03041	3.1E-01
rs12652322	5	171822666	1.88951	C	T	0.705252	0.99822	1.94974	1.6E-01	0.00780103	0.00612273	1.62335	2.0E-01	1.68422	1.9E-01
rs2053681	5	172746086	1.91113	A	G	0.485601	0.912476	0.0156396	9.0E-01	-0.000684721	0.00584998	0.0136999	9.1E-01	0.00936971	9.2E-01
rs10035782	5	173270328	1.92939	A	G	0.600665	0.984103	2.9928	8.4E-02	0.00897746	0.00573404	2.45124	1.2E-01	1.83969	1.7E-01
rs11963955	6	6631996	0.178791	A	G	0.637527	0.976944	2.30988	1.3E-01	0.00988502	0.0058687	2.83708	9.2E-02	3.97636	4.6E-02
rs201061	6	6730512	0.181115	G	A	0.455616	0.976616	2.0776	1.5E-01	0.00816387	0.00564717	2.08992	1.5E-01	2.90239	8.8E-02
rs1334576	6	7211818	0.195986	G	A	0.5774	1	0.523628	4.7E-01	0.00180437	0.00564951	0.102007	7.5E-01	0.052214	8.2E-01
rs9382988	6	14595010	0.314722	C	A	0.204362	0.998886	0.143406	7.0E-01	0.00369093	0.00692989	0.283673	5.9E-01	0.201063	6.5E-01
rs4710940	6	20658012	0.410434	A	C	0.647018	0.999463	10.8671	9.8E-04	0.0221384	0.0058421	14.36	1.5E-04	12.0556	5.2E-04
rs3129830	6	30248711	0.50553	G	A	0.868546	0.999908	0.478023	4.9E-01	-0.00908448	0.00821359	1.2233	2.7E-01	1.11988	2.9E-01
rs7772131	6	30795171	0.50714	A	C	0.988571	1	0.984247	3.2E-01	-0.0105231	0.0262105	0.161189	6.9E-01	0.154355	6.9E-01
rs6919908	6	31244960	0.511805	T	C	0.193909	0.999901	16.2227	5.6E-05	0.0309297	0.00706555	19.1628	1.2E-05	20.2379	6.8E-06
rs181133225	6	32454764	0.520293	T	C	0.893444	0.778953	2.13024	1.4E-01	0.00971763	0.0101703	0.912964	3.4E-01	0.504167	4.8E-01
rs117108573	6	32489679	0.520303	C	T	0.921405	0.866866	2.24273	1.3E-01	0.00992965	0.0110529	0.807081	3.7E-01	0.4588	5.0E-01
rs575662827	6	32543874	0.520325	T	C	0.899303	0.833996	3.08055	7.9E-02	0.0129203	0.0100889	1.64004	2.0E-01	1.03185	3.1E-01
rs114760566	6	34192036	0.545788	C	A	0.954268	0.993831	12.1021	5.0E-04	0.0442945	0.0133655	10.9832	9.2E-04	9.29476	2.3E-03
rs1574430	6	43269029	0.669727	A	C	0.391321	0.999399	0.671383	4.1E-01	-0.00508281	0.00570802	0.792934	3.7E-01	1.0403	3.1E-01
rs9381248	6	43734606	0.675407	C	T	0.87836	0.993046	1.74115	1.9E-01	0.0119789	0.00855786	1.95932	1.6E-01	1.30604	2.5E-01
rs35349911	6	43785255	0.678849	C	T	0.409597	0.97009	3.04882	8.1E-02	0.00997735	0.00576253	2.99781	8.3E-02	3.56807	5.9E-02
rs72902769	6	80719576	0.920488	C	G	0.966636	0.999182	5.19772	2.3E-02	0.0309602	0.0155396	3.96943	4.6E-02	2.49115	1.1E-01
rs62406467	6	81114126	0.921634	G	T	0.849349	0.952286	0.154098	6.9E-01	-0.00210463	0.00797972	0.069563	7.9E-01	0.00354543	9.5E-01
rs6924944	6	100597579	1.0811	A	T	0.245827	0.981159	0.112809	7.4E-01	0.00251885	0.00654847	0.147954	7.0E-01	0.213193	6.4E-01
rs2806373	6	109222017	1.18299	G	A	0.239664	0.998945	4.57186	3.3E-02	0.0114967	0.00652198	3.10734	7.8E-02	3.31721	6.9E-02
rs72969772	6	126187585	1.32503	A	G	0.980332	1	0.162902	6.9E-01	0.00279823	0.020122	0.0193386	8.9E-01	0.129009	7.2E-01
rs9986505	6	126445558	1.32603	A	G	0.6761	0.991308	1.64401	2.0E-01	-0.00604736	0.0059778	1.02341	3.1E-01	1.51359	2.2E-01
rs74949497	6	126812007	1.32699	A	C	0.97518	1	3.84445	5.0E-02	0.0357504	0.0180104	3.94019	4.7E-02	3.50407	6.1E-02
rs139242696	6	127414440	1.32797	T	C	0.974907	0.948341	0.690476	4.1E-01	0.0146915	0.0182553	0.647676	4.2E-01	0.997114	3.2E-01
rs9385864	6	139805476	1.50274	C	T	0.6907	0.988333	13.6075	2.3E-04	0.0215825	0.00607299	12.6299	3.8E-04	14.6758	1.3E-04
rs12205386	6	139837171	1.50318	C	A	0.643666	0.9992	3.03521	8.1E-02	-0.0113517	0.0058232	3.80012	5.1E-02	5.36844	2.1E-02
rs11756568	6	152042413	1.64245	A	T	0.724877	0.999168	0.293465	5.9E-01	-0.00451918	0.00624899	0.522998	4.7E-01	1.03128	3.1E-01
rs474617	6	160700441	1.77412	T	C	0.327782	0.996694	1.92446	1.7E-01	-0.0096838	0.00593731	2.66018	1.0E-01	3.41018	6.5E-02
rs9459839	6	167431829	1.92196	T	C	0.531185	0.998188	2.52059	1.1E-01	0.00893323	0.00556604	2.57587	1.1E-01	2.73098	9.8E-02
rs2214440	7	20372191	0.358281	A	G	0.667686	0.991786	0.934799	3.3E-01	-0.00485807	0.00594196	0.66845	4.1E-01	0.268454	6.0E-01
rs111683990	7	25729528	0.437229	C	G	0.955515	0.987881	1.25142	2.6E-01	0.0134253	0.0136205	0.971545	3.2E-01	1.61191	2.0E-01
rs2040786	7	26208736	0.442609	G	A	0.529361	1	1.02818	3.1E-01	-0.00622278	0.00557991	1.2437	2.6E-01	1.56485	2.1E-01
rs17428025	7	27251396	0.453724	C	T	0.971743	0.967404	2.69943	1.0E-01	-0.0247192	0.0170878	2.09266	1.5E-01	2.04205	1.5E-01
rs849140	7	28183702	0.463008	T	C	0.410278	1	0.0905176	7.6E-01	-0.00070903	0.00569395	0.015506	9.0E-01	0.488616	4.8E-01
rs17172095	7	42665355	0.680121	A	G	0.679343	0.995026	2.13006	1.4E-01	-0.00955839	0.00597982	2.55501	1.1E-01	2.52139	1.1E-01
rs71553230	7	71997829	0.893615	T	A	0.963499	0.829255	33.5316	7.0E-09	-0.0980451	0.0162849	36.2477	1.7E-09	36.762	1.3E-09
rs7780317	7	72867852	0.899612	C	T	0.92793	0.985744	0.0122641	9.1E-01	0.00063719	0.0108159	0.00347066	9.5E-01	0.0108308	9.2E-01
rs57487833	7	77115793	0.936393	G	A	0.723097	0.985735	9.67437	1.9E-03	-0.021283	0.00626741	11.5316	6.8E-04	12.5337	4.0E-04
rs76306613	7	106235348	1.22452	G	T	0.855998	0.98895	0.584652	4.4E-01	-0.00431445	0.00798202	0.292163	5.9E-01	0.00331616	9.5E-01
rs2237687	7	107585473	1.24369	C	T	0.472386	0.966594	2.80212	9.4E-02	-0.0105131	0.00566928	3.43876	6.4E-02	3.51995	6.1E-02
rs38902	7	116889718	1.32093	G	A	0.474719	0.992845	1.6375	2.0E-01	0.00801984	0.00559482	2.05475	1.5E-01	1.99792	1.6E-01
rs12154627	7	130422934	1.4017	T	C	0.506907	0.97487	44.3871	2.7E-11	-0.0384321	0.00563155	46.5728	8.8E-12	50.3037	1.3E-12
rs7808446	7	150214465	1.67249	T	G	0.235469	0.993612	12.6676	3.7E-04	-0.0234855	0.00658528	12.719	3.6E-04	12.7029	3.7E-04
rs7012637	8	9173209	0.251675	G	A	0.526887	0.985021	48.4192	3.4E-12	-0.0381068	0.00561128	46.1193	1.1E-11	45.196	1.8E-11
rs13277738	8	18241507	0.434993	C	T	0.850781	0.99455	33.4232	7.4E-09	0.0439556	0.00782222	31.5767	1.9E-08	29.6342	5.2E-08
rs62496677	8	19636940	0.469846	A	C	0.808299	0.995456	44.7646	2.2E-11	-0.0434666	0.00707623	37.7317	8.1E-10	42.8365	6.0E-11
rs66778572	8	19916120	0.473343	G	A	0.718422	0.996138	110.832	6.4E-26	-0.0639699	0.00617914	107.175	4.1E-25	115.423	6.4E-27
rs7815496	8	38321607	0.69461	C	T	0.597431	0.996532	4.19954	4.0E-02	0.0108774	0.0056716	3.67826	5.5E-02	4.74746	2.9E-02
rs12543555	8	69562014	0.90375	A	G	0.792127	0.98465	0.0049374	9.4E-01	-0.00116625	0.00689362	0.0286212	8.7E-01	0.19828	6.6E-01
rs28568866	8	72353630	0.949663	G	A	0.969859	0.939217	2.03526	1.5E-01	0.0232127	0.016812	1.90639	1.7E-01	1.99161	1.6E-01
rs146492163	8	72386394	0.950025	G	T	0.96946	0.960969	16.7258	4.3E-05	0.0640578	0.0165284	15.0205	1.1E-04	13.7198	2.1E-04
rs1895674	8	72443246	0.950276	T	G	0.946831	0.990629	0.862958	3.5E-01	-0.0138933	0.0124274	1.24983	2.6E-01	0.931453	3.3E-01
rs4147332	8	89280863	1.08332	G	C	0.323111	0.995784	6.87748	8.7E-03	0.0137192	0.0059574	5.30326	2.1E-02	5.49631	1.9E-02
rs144435165	8	126419938	1.45107	G	C	0.944194	0.785853	28.676	8.6E-08	0.0705274	0.0136563	26.6716	2.4E-07	24.9225	6.0E-07
rs2954018	8	126477153	1.45319	C	T	0.298303	0.998357	52.3573	4.6E-13	-0.0458024	0.00608808	56.5999	5.3E-14	59.6888	1.1E-14
rs6991761	8	128274518	1.48941	C	T	0.844226	0.993607	0.21017	6.5E-01	-0.00494423	0.00768484	0.413931	5.2E-01	0.339271	5.6E-01
rs2467030	8	135665361	1.60637	A	G	0.339711	0.997044	0.0338796	8.5E-01	-0.00165961	0.00590011	0.079121	7.8E-01	0.0978568	7.5E-01
rs12340775	9	13226945	0.282033	G	A	0.944664	0.940298	1.72347	1.9E-01	-0.0192846	0.0125495	2.36139	1.2E-01	1.65561	2.0E-01
rs73650963	9	93943033	1.11642	T	C	0.892489	0.990174	0.372657	5.4E-01	0.00380475	0.0089981	0.178793	6.7E-01	0.112225	7.4E-01
rs2131919	9	95283887	1.12689	A	G	0.83667	0.999136	6.70912	9.6E-03	0.0214103	0.0075611	8.01816	4.6E-03	7.32293	6.8E-03
rs1572136	9	101740604	1.18729	G	C	0.724977	0.989514	7.90827	4.9E-03	-0.0174608	0.00628103	7.72798	5.4E-03	7.29744	6.9E-03
rs12686004	9	107653426	1.24316	G	A	0.884341	1	5.99525	1.4E-02	0.021359	0.008709	6.01484	1.4E-02	4.33714	3.7E-02
rs10991414	9	107685589	1.24582	T	C	0.861068	0.989408	5.86846	1.5E-02	0.0213905	0.00811856	6.94196	8.4E-03	5.20453	2.3E-02
rs111479443	9	107874316	1.24936	T	G	0.963776	0.9746	0.250599	6.2E-01	0.00372229	0.0151152	0.0606443	8.1E-01	0.0045458	9.5E-01
rs7048735	9	112529695	1.31375	A	G	0.239526	0.976202	3.31042	6.9E-02	0.0132703	0.00660443	4.03732	4.5E-02	4.32258	3.8E-02
rs1002607	9	113858933	1.33848	T	C	0.40707	0.988428	2.56391	1.1E-01	-0.00864536	0.00571444	2.28886	1.3E-01	2.66191	1.0E-01
rs13298297	9	119264108	1.4204	G	A	0.769275	0.989359	0.302402	5.8E-01	-0.00364964	0.00666956	0.299438	5.8E-01	0.451488	5.0E-01
rs6478851	9	131561110	1.55426	G	A	0.758733	1	2.96094	8.5E-02	0.0127133	0.00652587	3.79525	5.1E-02	3.41567	6.5E-02
rs60980157	9	139235415	1.78278	C	T	0.757489	0.966704	3.43204	6.4E-02	0.0116791	0.00659287	3.13811	7.6E-02	3.1861	7.4E-02
rs7072195	10	3540748	0.0738836	T	C	0.417524	0.993244	0.0131675	9.1E-01	-0.000618852	0.005672	0.0119042	9.1E-01	0.21355	6.4E-01
rs11592754	10	32619572	0.605452	A	C	0.856559	0.998356	1.12678	2.9E-01	-0.00692454	0.00795024	0.758613	3.8E-01	0.454538	5.0E-01
rs2247396	10	33489192	0.60946	G	A	0.603662	0.99818	0.471943	4.9E-01	-0.0031807	0.00568127	0.31344	5.8E-01	0.160938	6.9E-01
rs4341488	10	60452745	0.822202	G	A	0.188405	0.998867	1.86475	1.7E-01	-0.00938103	0.00712325	1.73438	1.9E-01	1.99543	1.6E-01
rs17287962	10	63770969	0.858439	A	G	0.970068	0.979005	4.68747	3.0E-02	0.0324806	0.0165212	3.86515	4.9E-02	4.95003	2.6E-02
rs10762666	10	77157489	1.00522	A	G	0.241989	0.984822	0.149006	7.0E-01	7.16756e-05	0.00653002	0.00012048	9.9E-01	0.0329764	8.6E-01
rs10887758	10	89603315	1.15934	T	C	0.784607	0.990793	7.36543	6.6E-03	0.0164645	0.00682326	5.82255	1.6E-02	5.83122	1.6E-02
rs141490680	10	95280981	1.22085	G	A	0.866803	0.998279	23.6478	1.2E-06	0.0396449	0.00819683	23.3929	1.3E-06	23.1842	1.5E-06
rs7342070	10	104223628	1.30538	T	C	0.455127	1	4.57482	3.2E-02	0.0138633	0.00559195	6.14617	1.3E-02	6.66049	9.9E-03
rs7917983	10	114732882	1.3977	T	C	0.532013	1	1.9652	1.6E-01	0.00913887	0.00558724	2.67541	1.0E-01	3.02452	8.2E-02
rs242956	10	119297479	1.46386	C	T	0.362576	0.990585	0.13748	7.1E-01	0.00282678	0.00581076	0.236657	6.3E-01	1.09744	2.9E-01
rs7104929	11	784340	0.0108006	C	G	0.530558	0.997422	2.90353	8.8E-02	0.0070496	0.0056009	1.58421	2.1E-01	0.906831	3.4E-01
rs7932891	11	10921512	0.210707	A	G	0.294517	0.99931	6.86926	8.8E-03	-0.0146579	0.00610401	5.76655	1.6E-02	6.25675	1.2E-02
rs11607537	11	14224166	0.277204	C	T	0.941072	0.981717	11.5568	6.8E-04	-0.0432144	0.0119423	13.0943	3.0E-04	14.4342	1.5E-04
rs79634051	11	14561945	0.278112	G	C	0.97174	1	4.85304	2.8E-02	-0.0437904	0.0167499	6.83492	8.9E-03	6.87186	8.8E-03
rs3114693	11	26127790	0.452397	A	T	0.617593	0.997848	3.00586	8.3E-02	-0.0108536	0.00573723	3.57882	5.9E-02	3.18627	7.4E-02
rs56386213	11	36291554	0.562467	A	G	0.595018	1	0.72347	4.0E-01	-0.00652654	0.00564044	1.33888	2.5E-01	1.82981	1.8E-01
rs4603265	11	46708196	0.664382	C	T	0.861107	0.998641	30.5481	3.3E-08	-0.0445638	0.00804318	30.6979	3.0E-08	27.71	1.4E-07
rs10792318	11	61531443	0.703376	A	G	0.749747	1	27.4738	1.6E-07	0.0352526	0.00644269	29.9397	4.5E-08	32.8893	9.8E-09
rs77701059	11	62290876	0.71396	G	A	0.938626	1	0.588835	4.4E-01	0.00834751	0.0116165	0.516369	4.7E-01	0.287547	5.9E-01
rs4297487	11	69229628	0.763225	A	G	0.324796	0.994186	2.00584	1.6E-01	0.00653656	0.00596288	1.20167	2.7E-01	2.05485	1.5E-01
rs28690953	11	111384426	1.18701	T	G	0.852988	1	2.5933	1.1E-01	0.01429	0.00787034	3.29669	6.9E-02	3.89751	4.8E-02
rs7114844	11	116496187	1.2587	G	A	0.765109	0.998189	34.34	4.6E-09	0.0389192	0.00658944	34.8842	3.5E-09	35.0696	3.2E-09
rs180326	11	116624703	1.26038	G	T	0.35005	0.99838	109.694	1.1E-25	-0.0627319	0.00584299	115.267	6.9E-27	116.738	3.3E-27
rs747249	11	130271647	1.49781	A	G	0.360849	0.986641	0.49401	4.8E-01	-0.00210714	0.0058421	0.130091	7.2E-01	0.364767	5.5E-01
rs11045172	12	20470221	0.37098	A	C	0.802205	0.989276	17.5543	2.8E-05	-0.0316197	0.00702928	20.2347	6.9E-06	19.7196	9.0E-06
rs7977928	12	26265632	0.457285	G	A	0.408615	1	0.132444	7.2E-01	0.00298946	0.0056535	0.279608	6.0E-01	0.982463	3.2E-01
rs2343874	12	26409450	0.459085	G	A	0.53283	0.98214	7.44875	6.3E-03	0.0150358	0.00562726	7.13939	7.5E-03	6.11859	1.3E-02
rs16931815	12	27427917	0.469712	A	G	0.872673	0.996695	1.86859	1.7E-01	0.0100824	0.00838542	1.4457	2.3E-01	1.34332	2.5E-01
rs7310959	12	45968598	0.59006	G	A	0.897555	1	14.1462	1.7E-04	0.0323062	0.00920351	12.3215	4.5E-04	11.0799	8.7E-04
rs75824359	12	54320490	0.68262	A	G	0.970266	0.973341	0.405543	5.2E-01	-0.0111761	0.016614	0.45252	5.0E-01	0.475494	4.9E-01
rs10878362	12	66417493	0.793832	C	A	0.687723	0.991565	0.657545	4.2E-01	-0.00464953	0.00602014	0.596493	4.4E-01	1.28427	2.6E-01
rs10745659	12	94092690	1.0816	C	G	0.553308	0.994516	3.63195	5.7E-02	0.00794854	0.0056354	1.98941	1.6E-01	2.03462	1.5E-01
rs10778495	12	106991545	1.2616	A	G	0.720919	0.990603	3.67392	5.5E-02	0.0134367	0.00621539	4.67357	3.1E-02	6.21414	1.3E-02
rs189392453	12	122381427	1.46398	C	A	0.929828	0.926987	3.54078	6.0E-02	0.0169484	0.0113297	2.23779	1.3E-01	2.14458	1.4E-01
rs12366339	12	122854616	1.46723	G	A	0.9894	0.907552	3.36414	6.7E-02	0.0504	0.0285871	3.10828	7.8E-02	3.99483	4.6E-02
rs147433011	12	123162845	1.46972	T	C	0.989135	0.898372	3.02051	8.2E-02	-0.0372563	0.0284023	1.72065	1.9E-01	1.32425	2.5E-01
rs116950578	12	123188577	1.46982	C	T	0.967055	1	7.12047	7.6E-03	-0.0402739	0.0155704	6.69031	9.7E-03	6.35586	1.2E-02
rs140689322	12	123375732	1.4703	G	A	0.973654	0.966101	2.0069	1.6E-01	-0.0259598	0.0176854	2.15463	1.4E-01	3.19192	7.4E-02
rs28722199	12	123989436	1.47618	A	G	0.954286	0.931304	8.21585	4.2E-03	0.0351889	0.0138141	6.48881	1.1E-02	7.22267	7.2E-03
rs12582221	12	125323240	1.49972	G	A	0.572176	1	2.1611	1.4E-01	-0.00858354	0.00562372	2.32962	1.3E-01	1.5776	2.1E-01
rs7993238	13	22473593	0.0544542	A	C	0.631395	0.976757	0.220671	6.4E-01	0.00336734	0.00585396	0.330884	5.7E-01	0.366064	5.5E-01
rs10507524	13	44684600	0.468128	T	C	0.907237	0.994143	0.954652	3.3E-01	0.00722384	0.00965997	0.559223	4.5E-01	0.542303	4.6E-01
rs12872335	13	50442235	0.536587	G	A	0.792188	0.994746	0.368719	5.4E-01	-0.00496877	0.00689117	0.519889	4.7E-01	0.943491	3.3E-01
rs61964388	13	51061980	0.539297	G	A	0.904117	0.961186	0.85006	3.6E-01	0.00692268	0.00964065	0.515626	4.7E-01	0.647746	4.2E-01
rs627527	13	110915135	1.21483	G	A	0.418925	0.983958	2.28399	1.3E-01	-0.00780418	0.00568972	1.88137	1.7E-01	1.22968	2.7E-01
rs1057119	14	23746269	0.116581	C	G	0.76153	1	0.0527468	8.2E-01	-0.000764968	0.00651583	0.0137831	9.1E-01	0.00768359	9.3E-01
rs140664623	14	52321987	0.459221	G	T	0.976323	0.975931	0.298018	5.9E-01	-0.0161361	0.0184886	0.761705	3.8E-01	1.51297	2.2E-01
rs2145600	14	58750902	0.537897	C	G	0.237608	0.992449	14.7544	1.2E-04	-0.0244702	0.00656035	13.913	1.9E-04	17.0798	3.6E-05
rs6575165	14	91352234	0.881721	G	A	0.76556	0.994744	2.27905	1.3E-01	0.0100775	0.00658407	2.34271	1.3E-01	2.72447	9.9E-02
rs10130936	14	98342676	1.02712	C	T	0.37676	0.985923	2.65619	1.0E-01	0.00799505	0.00579672	1.90229	1.7E-01	1.92705	1.7E-01
rs4779523	15	31679470	0.452779	T	A	0.728098	0.995337	1.1131	2.9E-01	0.00875035	0.00629435	1.93263	1.6E-01	1.61854	2.0E-01
rs28647196	15	40833379	0.629227	C	T	0.564205	0.997093	8.76545	3.1E-03	0.0157396	0.00564197	7.78257	5.3E-03	8.9613	2.8E-03
rs11630710	15	56364758	0.756318	G	T	0.893172	0.979091	8.31183	3.9E-03	0.0240165	0.0091472	6.89352	8.7E-03	5.34519	2.1E-02
rs17184382	15	63792486	0.876626	A	C	0.574619	1	5.44166	2.0E-02	-0.0144752	0.00564075	6.58525	1.0E-02	6.23812	1.3E-02
rs2165241	15	74222202	0.994735	T	C	0.491224	0.994517	1.66826	2.0E-01	-0.00694768	0.00557162	1.55495	2.1E-01	1.77479	1.8E-01
rs12905116	15	79042734	1.02295	T	A	0.242831	0.998559	0.284466	5.9E-01	-0.00497925	0.00647753	0.590893	4.4E-01	0.55811	4.6E-01
rs2401948	16	1340854	0.0338191	G	C	0.470436	0.984992	0.000807298	9.8E-01	0.00163819	0.00561165	0.0852207	7.7E-01	0.00157549	9.7E-01
rs3747577	16	4415696	0.082586	C	G	0.259467	0.988145	0.0426819	8.4E-01	-0.00151892	0.00638629	0.0565686	8.1E-01	0.173725	6.8E-01
rs6498114	16	10964118	0.259065	G	T	0.240585	0.980902	0.908698	3.4E-01	-0.00788777	0.00657322	1.43996	2.3E-01	2.03072	1.5E-01
rs2192868	16	53428284	0.643286	G	A	0.551203	0.983829	0.0143987	9.0E-01	-0.00112638	0.00564301	0.0398424	8.4E-01	0.00252819	9.6E-01
rs117738782	16	56946502	0.729076	T	C	0.992508	0.845877	35.7705	2.2E-09	0.197998	0.0350542	31.9037	1.6E-08	32.5362	1.2E-08
rs1800776	16	56995234	0.730202	C	A	0.922489	0.993969	46.3636	9.8E-12	0.0708067	0.0104288	46.0981	1.1E-11	54.2424	1.8E-13
rs116975210	16	67058614	0.849502	T	G	0.960603	0.993544	6.21139	1.3E-02	-0.0323182	0.0143402	5.07909	2.4E-02	5.03953	2.5E-02
rs2056876	16	78864296	0.975993	T	G	0.815684	0.95437	1.75189	1.9E-01	-0.0112707	0.00732661	2.36645	1.2E-01	2.89128	8.9E-02
rs9926618	16	81484570	1.04509	T	A	0.39429	0.97289	28.4415	9.7E-08	-0.0318388	0.00576799	30.4695	3.4E-08	28.4535	9.6E-08
rs66710707	16	81528621	1.0457	A	G	0.719577	0.992374	17.607	2.7E-05	-0.0244664	0.0062121	15.5118	8.2E-05	14.4833	1.4E-04
rs116911572	17	943593	0.0364958	T	C	0.982069	1	5.21601	2.2E-02	-0.0464004	0.0210245	4.87073	2.7E-02	3.3676	6.6E-02
rs4151120	17	7342148	0.196018	T	A	0.629178	0.991461	1.11422	2.9E-01	-0.00579184	0.0057938	0.999324	3.2E-01	0.932165	3.3E-01
rs1561	17	8263334	0.209036	C	T	0.928268	0.930811	1.0954	3.0E-01	0.00826004	0.011169	0.546938	4.6E-01	0.68807	4.1E-01
rs1242488	17	17347995	0.443205	C	A	0.250473	0.994678	7.37021	6.6E-03	-0.0173529	0.00642972	7.28384	7.0E-03	5.99197	1.4E-02
rs897456	17	17422608	0.444631	A	G	0.942018	1	25.9267	3.5E-07	0.0645516	0.011936	29.2481	6.4E-08	28.1219	1.1E-07
rs11651639	17	27672320	0.49569	A	T	0.483934	0.999433	2.41958	1.2E-01	0.00880606	0.00557187	2.49782	1.1E-01	2.4343	1.2E-01
rs55883500	17	40395267	0.664304	T	G	0.691334	0.998762	4.34215	3.7E-02	0.0127235	0.00602864	4.45423	3.5E-02	6.36838	1.2E-02
rs2242461	17	40861424	0.665935	G	A	0.405713	1	2.31592	1.3E-01	-0.0106986	0.00567078	3.55931	5.9E-02	5.45463	2.0E-02
rs76868109	17	41776943	0.672597	A	C	0.966259	1	37.4245	9.5E-10	0.0931648	0.0153918	36.6376	1.4E-09	43.3017	4.7E-11
rs62053943	17	43744203	0.688226	C	T	0.845555	0.975028	0.677267	4.1E-01	0.00759883	0.00781939	0.944382	3.3E-01	1.11599	2.9E-01
rs6504972	17	53601168	0.790946	G	A	0.654059	0.990391	0.0984193	7.5E-01	-0.00140767	0.00590437	0.0568403	8.1E-01	0.0291019	8.6E-01
rs9892365	17	59491384	0.871045	A	G	0.330387	0.996856	1.55129	2.1E-01	0.00727215	0.00593015	1.50382	2.2E-01	1.44649	2.3E-01
rs146385050	17	60637258	0.881108	C	A	0.819308	0.982238	0.0581231	8.1E-01	0.00090873	0.00729738	0.0155073	9.0E-01	0.00483224	9.4E-01
rs1966327	17	67570113	0.971768	A	G	0.320402	0.997202	1.99846	1.6E-01	0.00757748	0.00597044	1.61078	2.0E-01	1.02281	3.1E-01
rs9896666	17	68226321	0.98162	C	T	0.675868	0.994992	1.35167	2.4E-01	-0.00835522	0.00596009	1.96522	1.6E-01	1.04228	3.1E-01
rs3810068	18	2846499	0.0738566	T	C	0.595452	1	9.19229	2.4E-03	-0.0142114	0.00566478	6.29368	1.2E-02	6.84973	8.9E-03
rs4800451	18	20716805	0.429195	C	T	0.259966	0.984274	0.82837	3.6E-01	0.00778773	0.00641461	1.47395	2.2E-01	1.46469	2.3E-01
rs1026186	18	42741410	0.625015	G	A	0.64681	0.995626	2.7586	9.7E-02	-0.0105083	0.00584364	3.23368	7.2E-02	3.2138	7.3E-02
rs8086644	18	60788559	0.864537	G	A	0.834201	0.988925	0.396411	5.3E-01	0.00473572	0.0075263	0.395921	5.3E-01	0.325594	5.7E-01
rs12979965	19	2131148	0.0753026	A	G	0.499935	0.991113	2.03051	1.5E-01	-0.0080772	0.00558997	2.08787	1.5E-01	1.65636	2.0E-01
rs10421685	19	4488926	0.151356	G	A	0.311293	0.998169	0.0308032	8.6E-01	-0.00201681	0.0060261	0.11201	7.4E-01	0.132207	7.2E-01
rs10421685	19	4488926	0.151356	G	C	0.973386	0.548756	0.341379	5.6E-01	0.0218382	0.0233434	0.875193	3.5E-01	0.448962	5.0E-01
rs17248720	19	11198187	0.318788	C	T	0.880901	0.997245	34.75	3.7E-09	0.0511399	0.00859935	35.3663	2.7E-09	35.5357	2.5E-09
rs1423056	19	33780444	0.560699	G	A	0.681795	0.903762	0.584044	4.4E-01	0.00368767	0.00629926	0.342709	5.6E-01	0.405142	5.2E-01
rs113504807	19	33787954	0.561506	C	T	0.951238	0.934153	0.0699898	7.9E-01	0.00353465	0.0133537	0.0700627	7.9E-01	0.0222495	8.8E-01
rs11672697	19	33876955	0.562267	C	T	0.494053	0.99299	4.66771	3.1E-02	-0.01284	0.00559433	5.26781	2.2E-02	4.80243	2.8E-02
rs151330717	19	45196964	0.698977	G	A	0.980363	0.952478	34.9015	3.5E-09	0.116353	0.0205437	32.0773	1.5E-08	35.3165	2.8E-09
rs113330691	19	45295886	0.703011	G	A	0.965024	0.995257	43.0372	5.4E-11	0.0996795	0.0152095	42.9519	5.6E-11	43.7137	3.8E-11
rs147711004	19	45337918	0.704947	G	A	0.964112	0.951931	33.5916	6.8E-09	-0.096348	0.0153111	39.5977	3.1E-10	39.3683	3.5E-10
rs144311893	19	45423944	0.707337	C	T	0.977625	0.940731	108.265	2.4E-25	0.20575	0.019454	111.856	3.8E-26	113.076	2.1E-26
rs2864436	19	55986637	0.996315	T	C	0.754674	1	2.47226	1.2E-01	0.0108423	0.00645493	2.82138	9.3E-02	2.22911	1.4E-01
rs151235402	20	569164	0.0196907	C	T	0.984757	0.956324	4.19839	4.0E-02	0.047865	0.0233779	4.19204	4.1E-02	5.75063	1.6E-02
rs805769	20	5667459	0.191037	T	C	0.595306	0.99253	0.0609456	8.1E-01	0.00375959	0.00569626	0.435615	5.1E-01	0.376516	5.4E-01
rs6117303	20	6487687	0.213838	T	C	0.34849	0.989053	0.282977	5.9E-01	-0.00325042	0.0058722	0.306392	5.8E-01	0.14522	7.0E-01
rs146411982	20	38985760	0.586515	A	G	0.97517	0.885893	1.00396	3.2E-01	0.0195697	0.0189837	1.06268	3.0E-01	1.95289	1.6E-01
rs1997833	20	39690342	0.597551	T	C	0.700507	0.998963	1.30601	2.5E-01	0.0065684	0.00605918	1.17515	2.8E-01	1.02076	3.1E-01
rs6032217	20	44101245	0.668876	C	G	0.83596	0.952942	34.0977	5.2E-09	0.049433	0.00767988	41.431	1.2E-10	42.7628	6.2E-11
rs74174966	20	44383845	0.67047	C	T	0.942051	0.994282	40.9944	1.5E-10	-0.0758038	0.0119733	40.0824	2.4E-10	44.531	2.5E-11
rs536134631	20	44740278	0.6723	G	A	0.94246	0.782175	34.6741	3.9E-09	0.0802058	0.0135048	35.2727	2.9E-09	35.0572	3.2E-09
rs2105063	20	62690683	1.09651	C	T	0.438811	1	8.48818	3.6E-03	-0.0149461	0.00562019	7.0722	7.8E-03	8.54602	3.5E-03
rs4998557	21	33034892	0.322704	G	A	0.887631	0.995909	0.130095	7.2E-01	0.000910745	0.00885377	0.0105812	9.2E-01	0.0108423	9.2E-01
rs2836139	21	39451403	0.432375	A	G	0.514897	0.9942	2.55865	1.1E-01	-0.00615474	0.00561606	1.20103	2.7E-01	0.345622	5.6E-01
rs2330396	21	47524380	0.643685	A	C	0.492654	0.996498	0.443171	5.1E-01	0.00600459	0.00556747	1.16319	2.8E-01	0.928116	3.4E-01
rs2236142	22	29137944	0.338659	G	C	0.32476	0.994367	0.832319	3.6E-01	0.00574522	0.00596022	0.929157	3.4E-01	0.946368	3.3E-01
rs5997898	22	31572963	0.355537	A	C	0.421356	0.998342	1.0245	3.1E-01	0.00764152	0.00565049	1.82889	1.8E-01	2.30671	1.3E-01
