SNP	CHR	BP	GENPOS	ALLELE1	ALLELE0	A1FREQ	INFO	CHISQ_LINREG	P_LINREG	BETA	SE	CHISQ_BOLT_LMM_INF	P_BOLT_LMM_INF	CHISQ_BOLT_LMM	P_BOLT_LMM
rs10909862	1	2936815	0.0400559	G	A	0.1928	0.987988	4.89377	2.7E-02	-0.0158637	0.00710019	4.99196	2.5E-02	4.21927	4.0E-02
rs1294014	1	9325676	0.18921	C	T	0.732088	0.974098	7.23279	7.2E-03	0.0151826	0.00638291	5.65789	1.7E-02	4.86213	2.7E-02
rs10753554	1	23619009	0.461644	T	C	0.260317	0.989627	5.39918	2.0E-02	-0.0138914	0.00637677	4.7456	2.9E-02	5.11899	2.4E-02
rs624698	1	62900811	0.92277	A	G	0.58261	0.969721	81.333	1.9E-19	-0.0530435	0.00572294	85.9064	1.9E-20	89.0699	3.8E-21
rs10889551	1	65906137	0.967654	A	G	0.326867	0.995997	1.18696	2.8E-01	0.00910849	0.00595424	2.34013	1.3E-01	2.49371	1.1E-01
rs71658797	1	77967507	1.07336	T	A	0.879141	0.99054	0.734775	3.9E-01	-0.0107821	0.00856226	1.58573	2.1E-01	1.95749	1.6E-01
rs1415361	1	103562263	1.33102	C	T	0.402104	0.995554	1.51105	2.2E-01	-0.00709135	0.0056909	1.55273	2.1E-01	2.33392	1.3E-01
rs116679284	1	119014845	1.50751	C	T	0.963654	0.948411	0.103102	7.5E-01	-0.00381356	0.0152852	0.0622472	8.0E-01	0.0827511	7.7E-01
rs1766783	1	119434896	1.50931	A	C	0.181268	0.981355	2.08425	1.5E-01	0.0103059	0.00728449	2.0016	1.6E-01	1.78169	1.8E-01
rs3738479	1	150997842	1.65945	T	A	0.765906	0.995486	0.323671	5.7E-01	-0.00397622	0.00659168	0.363872	5.5E-01	0.342659	5.6E-01
rs79810698	1	154836444	1.69767	C	A	0.95565	1	0.0127887	9.1E-01	0.000365183	0.0135237	0.000729174	9.8E-01	0.00434982	9.5E-01
rs10494421	1	164738727	1.83743	C	T	0.880829	1	0.273201	6.0E-01	-0.004928	0.00859259	0.328922	5.7E-01	0.105566	7.5E-01
rs3121911	1	170212480	1.91705	G	A	0.744389	0.993907	2.40105	1.2E-01	-0.00981354	0.00636608	2.37633	1.2E-01	2.32367	1.3E-01
rs17346300	1	170510459	1.91857	C	T	0.950626	1	3.21778	7.3E-02	-0.0188951	0.0128777	2.15289	1.4E-01	2.23716	1.3E-01
rs6697844	1	172308238	1.93873	C	T	0.56798	0.996349	1.03558	3.1E-01	0.00558944	0.00560422	0.994733	3.2E-01	0.99375	3.2E-01
rs10922075	1	196467248	2.1432	G	A	0.687963	0.997066	3.9285	4.7E-02	-0.011963	0.00601029	3.96178	4.7E-02	3.69959	5.4E-02
rs13303121	1	203503267	2.22276	C	G	0.607356	0.947347	3.26411	7.1E-02	-0.0106272	0.0058386	3.31298	6.9E-02	2.77764	9.6E-02
rs4951159	1	205012106	2.25304	G	C	0.0908836	0.967	2.81913	9.3E-02	0.0159245	0.00984681	2.61543	1.1E-01	3.10298	7.8E-02
rs61821643	1	219268532	2.43532	T	C	0.974378	0.889659	0.147462	7.0E-01	0.00424708	0.0186485	0.0518674	8.2E-01	0.274611	6.0E-01
rs77278027	1	219392230	2.43543	C	T	0.93823	0.976746	0.879363	3.5E-01	-0.0102137	0.011703	0.761677	3.8E-01	1.21003	2.7E-01
rs12740837	1	219623230	2.43692	G	A	0.983204	0.959021	0.0121323	9.1E-01	0.000513567	0.0220578	0.000542087	9.8E-01	0.0395057	8.4E-01
rs711869	2	13073967	0.297329	G	A	0.443249	0.983109	0.14316	7.1E-01	0.00147444	0.00565117	0.0680733	7.9E-01	0.0547052	8.2E-01
rs2702068	2	24689512	0.456007	A	C	0.144534	0.985387	0.577725	4.5E-01	-0.00516996	0.00797404	0.420355	5.2E-01	0.401407	5.3E-01
rs77541036	2	25575523	0.459339	A	G	0.962268	0.991995	4.11747	4.2E-02	0.0261404	0.0146478	3.18479	7.4E-02	3.06412	8.0E-02
rs7933	2	43452183	0.682402	A	G	0.634849	0.981779	1.92805	1.6E-01	0.0098729	0.00582725	2.87053	9.0E-02	2.88102	9.0E-02
rs36072157	2	48953740	0.765134	G	C	0.658175	0.956087	8.45808	3.6E-03	0.0174708	0.00599246	8.49995	3.6E-03	8.46597	3.6E-03
rs4953627	2	48990167	0.765401	C	T	0.77524	0.975089	6.74528	9.4E-03	-0.0194695	0.00677226	8.26497	4.0E-03	8.64801	3.3E-03
rs10779951	2	66142656	0.91656	G	A	0.525126	0.992672	1.62368	2.0E-01	0.0085503	0.00560373	2.32814	1.3E-01	2.23501	1.3E-01
rs12713567	2	66729420	0.924256	A	G	0.428176	0.981664	0.0296195	8.6E-01	0.00139581	0.00567378	0.0605213	8.1E-01	0.0309374	8.6E-01
rs1521047	2	67724601	0.937973	C	G	0.75421	0.992329	0.693774	4.0E-01	-0.00652883	0.00646511	1.01981	3.1E-01	1.49103	2.2E-01
rs12712049	2	100208830	1.21955	A	G	0.176674	0.985519	4.46755	3.5E-02	-0.0145174	0.00733988	3.91201	4.8E-02	3.4294	6.4E-02
rs72946301	2	111861838	1.33125	G	A	0.903863	0.964859	14.6432	1.3E-04	-0.0367718	0.00961837	14.6159	1.3E-04	14.6658	1.3E-04
rs1053413	2	114471921	1.35945	A	G	0.784744	0.998156	0.0100058	9.2E-01	0.000409157	0.00679524	0.00362553	9.5E-01	0.00159543	9.7E-01
rs7593247	2	119337589	1.3956	C	T	0.503784	0.990163	0.0449595	8.3E-01	-0.00236509	0.00559173	0.178897	6.7E-01	0.124981	7.2E-01
rs78876301	2	158234589	1.75901	A	C	0.987195	0.782415	1.29781	2.5E-01	-0.0426758	0.0280161	2.32031	1.3E-01	1.80512	1.8E-01
rs77928329	2	158413902	1.76308	G	A	0.94544	0.998218	1.07743	3.0E-01	0.0111936	0.0122212	0.838898	3.6E-01	0.573704	4.5E-01
rs1402698	2	165424575	1.81281	G	A	0.368889	0.988943	6.71623	9.6E-03	0.0142913	0.00581256	6.04513	1.4E-02	4.76325	2.9E-02
rs3769877	2	165569779	1.81517	G	A	0.125673	1	8.33265	3.9E-03	-0.0223586	0.00840227	7.08101	7.8E-03	7.95813	4.8E-03
rs72882321	2	172298662	1.8972	C	T	0.821415	0.98752	0.132257	7.2E-01	0.00192833	0.00731854	0.0694248	7.9E-01	0.395969	5.3E-01
rs62173497	2	187821910	2.04064	C	A	0.889372	0.96522	4.84216	2.8E-02	-0.0186424	0.00901935	4.27222	3.9E-02	4.98623	2.6E-02
rs61613340	2	191746748	2.0603	G	T	0.922172	0.993102	3.08369	7.9E-02	-0.016542	0.0104235	2.51854	1.1E-01	1.90688	1.7E-01
rs1250248	2	216287093	2.28549	A	G	0.271958	0.996374	0.287328	5.9E-01	-0.00298735	0.00627279	0.226805	6.3E-01	0.0593348	8.1E-01
rs2373074	2	218381350	2.32413	C	T	0.903229	0.998908	1.13548	2.9E-01	0.0131382	0.00942784	1.942	1.6E-01	1.29178	2.6E-01
rs62182126	2	219279230	2.33765	G	A	0.901349	1	5.47333	1.9E-02	0.0205454	0.009336	4.84291	2.8E-02	5.84523	1.6E-02
rs6760762	2	226866226	2.44112	C	T	0.776249	0.976874	11.1578	8.4E-04	-0.0233349	0.00676482	11.8987	5.6E-04	11.9817	5.4E-04
rs305506	3	12026709	0.296805	G	T	0.113563	0.992655	1.96155	1.6E-01	-0.0107254	0.0088208	1.47846	2.2E-01	1.36693	2.4E-01
rs114252958	3	12409938	0.29797	C	T	0.982978	0.956617	0.265529	6.1E-01	-0.0128946	0.0221019	0.340375	5.6E-01	1.01286	3.1E-01
rs10490869	3	35635145	0.595764	A	T	0.789478	0.990849	5.07377	2.4E-02	0.0137479	0.0068371	4.04326	4.4E-02	5.08517	2.4E-02
rs6771508	3	43718462	0.664863	A	C	0.974946	0.998741	0.901256	3.4E-01	-0.0148596	0.0178228	0.69512	4.0E-01	0.411054	5.2E-01
rs4683294	3	46979013	0.687679	G	C	0.321605	0.960868	12.8885	3.3E-04	0.0202503	0.00607204	11.1223	8.5E-04	11.671	6.3E-04
rs4858828	3	48724811	0.68972	C	T	0.349101	0.999091	1.73837	1.9E-01	0.00841725	0.00581971	2.09189	1.5E-01	1.45263	2.3E-01
rs352156	3	52214610	0.694887	C	T	0.955078	0.904333	7.67191	5.6E-03	-0.0386209	0.0140067	7.60278	5.8E-03	7.60256	5.8E-03
rs7643235	3	53227428	0.699142	T	C	0.4136	0.989215	6.87354	8.7E-03	-0.0146641	0.00565344	6.72801	9.5E-03	5.20896	2.2E-02
rs11718560	3	64584862	0.868956	C	T	0.731847	0.985124	3.60365	5.8E-02	0.0110339	0.00632409	3.04412	8.1E-02	2.80197	9.4E-02
rs4688498	3	64674599	0.871028	C	T	0.669682	0.985151	6.90277	8.6E-03	-0.0143973	0.00596408	5.8274	1.6E-02	6.20938	1.3E-02
rs997274	3	78704821	1.06722	T	C	0.748705	0.994327	0.291099	5.9E-01	0.00160602	0.00645097	0.0619798	8.0E-01	0.0160974	9.0E-01
rs1877569	3	99224544	1.12953	G	A	0.816212	0.993173	0.00222634	9.6E-01	-0.000553144	0.00719076	0.00591736	9.4E-01	0.0431895	8.4E-01
rs9875732	3	107461731	1.19696	T	C	0.623037	0.99667	0.0264949	8.7E-01	0.000149465	0.00575528	0.000674449	9.8E-01	0.0199836	8.9E-01
rs1000368	3	123117165	1.35684	C	T	0.748381	0.996692	1.70949	1.9E-01	0.00957461	0.00641972	2.22438	1.4E-01	1.91255	1.7E-01
rs113771682	3	129112166	1.4255	C	T	0.937375	0.999072	0.00595215	9.4E-01	0.00144108	0.0115235	0.0156389	9.0E-01	0.0510702	8.2E-01
rs7647218	3	129125231	1.42558	C	A	0.901341	0.999167	0.0103915	9.2E-01	0.00187695	0.00935852	0.0402244	8.4E-01	0.0391512	8.4E-01
rs75212171	3	129323322	1.42649	T	C	0.983129	1	0.0583018	8.1E-01	-0.0106612	0.0216078	0.243441	6.2E-01	0.320671	5.7E-01
rs112551697	3	150018637	1.64271	G	A	0.96554	0.928479	4.9891	2.6E-02	0.0338081	0.0157891	4.58488	3.2E-02	6.32257	1.2E-02
rs11720805	3	156800360	1.71236	A	G	0.330979	0.970132	0.401846	5.3E-01	-0.00395221	0.00600936	0.432538	5.1E-01	1.36515	2.4E-01
rs1488111	3	168951612	1.77942	C	T	0.517315	0.996852	2.34662	1.3E-01	-0.00669605	0.00556792	1.44628	2.3E-01	1.31768	2.5E-01
rs1499813	3	171760427	1.8208	T	C	0.587431	1	0.851024	3.6E-01	0.00530059	0.00568005	0.870851	3.5E-01	1.63668	2.0E-01
rs13092876	3	185495320	2.01656	G	A	0.686729	0.994835	1.67101	2.0E-01	0.00695361	0.00601647	1.33579	2.5E-01	1.24025	2.7E-01
rs3843375	3	196813908	2.26438	G	A	0.590289	0.999191	1.07349	3.0E-01	0.00485038	0.00567621	0.730189	3.9E-01	0.229955	6.3E-01
rs75072999	4	844781	0.00782036	G	A	0.904916	0.991302	3.22992	7.2E-02	-0.0194733	0.00954902	4.15872	4.1E-02	3.6192	5.7E-02
rs748483	4	952409	0.00822297	A	G	0.891514	0.99682	2.58346	1.1E-01	0.0162329	0.00897554	3.27094	7.1E-02	2.6444	1.0E-01
rs1912897	4	26006133	0.455942	A	T	0.79303	0.98817	9.90577	1.6E-03	0.0217113	0.00691882	9.84713	1.7E-03	8.84922	2.9E-03
rs7689800	4	26295421	0.461356	C	G	0.382047	0.982424	1.63761	2.0E-01	-0.00832915	0.00578585	2.07237	1.5E-01	1.96374	1.6E-01
rs34171390	4	56192405	0.730002	C	G	0.8287	0.967618	0.387401	5.3E-01	0.00289505	0.00749588	0.149165	7.0E-01	0.0316721	8.6E-01
rs3775228	4	87985166	1.02979	C	T	0.601826	0.990907	31.856	1.7E-08	0.0336497	0.00570086	34.8402	3.6E-09	40.5218	1.9E-10
rs3775389	4	89670614	1.04868	T	C	0.843928	0.999173	24.9517	5.9E-07	-0.0421523	0.00769413	30.0141	4.3E-08	28.661	8.6E-08
rs1813006	4	103001649	1.15654	G	T	0.940843	0.94358	26.9077	2.1E-07	0.062383	0.0121415	26.3989	2.8E-07	28.9942	7.3E-08
rs12647922	4	106063987	1.17944	C	T	0.794569	0.998343	0.273459	6.0E-01	-0.00259222	0.00689128	0.141496	7.1E-01	0.162558	6.9E-01
rs7655064	4	120106348	1.31331	T	C	0.875314	0.995692	0.105971	7.4E-01	0.00101788	0.00843315	0.0145685	9.0E-01	0.0104285	9.2E-01
rs2922979	4	123748616	1.34468	C	G	0.689916	1	5.71939	1.7E-02	-0.0127609	0.00602811	4.48122	3.4E-02	3.49745	6.1E-02
rs1520325	4	125182690	1.35483	C	T	0.780072	0.994582	0.336473	5.6E-01	-0.00148205	0.0067421	0.0483209	8.3E-01	0.0519085	8.2E-01
rs2353397	4	145517578	1.53798	C	T	0.460014	1	2.89781	8.9E-02	-0.00913218	0.00559399	2.66505	1.0E-01	2.69017	1.0E-01
rs2166365	5	3597830	0.0882728	A	G	0.777698	0.981109	1.19215	2.7E-01	-0.00803609	0.00675672	1.41455	2.3E-01	2.31341	1.3E-01
rs13178917	5	4007353	0.10142	C	T	0.551974	0.99437	4.64903	3.1E-02	-0.0119819	0.00559275	4.58984	3.2E-02	2.95773	8.5E-02
rs10061804	5	32748637	0.511958	G	A	0.711087	1	0.196416	6.6E-01	0.00298162	0.00614855	0.235159	6.3E-01	0.278346	6.0E-01
rs299615	5	34042097	0.535425	G	A	0.843206	1	1.18466	2.8E-01	-0.0097502	0.00766814	1.61676	2.0E-01	1.22715	2.7E-01
rs4293945	5	38736142	0.597252	A	T	0.606405	0.995383	0.280359	6.0E-01	0.00358717	0.00571446	0.394051	5.3E-01	0.549353	4.6E-01
rs163112	5	54538003	0.667379	C	G	0.107056	0.994238	1.02931	3.1E-01	-0.00892789	0.00904984	0.973232	3.2E-01	1.2426	2.6E-01
rs61653333	5	55779080	0.679717	G	T	0.970413	0.977169	0.503683	4.8E-01	-0.0135425	0.0165999	0.665559	4.1E-01	0.870922	3.5E-01
rs6867983	5	55854153	0.681454	C	T	0.861186	1	54.5115	1.5E-13	0.0603831	0.00805724	56.1641	6.7E-14	56.5732	5.4E-14
rs11749164	5	66294202	0.770672	T	G	0.726476	0.988719	0.0454172	8.3E-01	-0.00215906	0.0062884	0.117882	7.3E-01	0.0822032	7.7E-01
rs6878122	5	76427311	0.889556	G	A	0.318279	0.997785	4.05469	4.4E-02	0.0122709	0.00599376	4.19139	4.1E-02	4.12096	4.2E-02
rs7734060	5	101780479	1.10738	T	G	0.734786	0.995631	0.985058	3.2E-01	-0.00711799	0.00634371	1.25901	2.6E-01	0.921398	3.4E-01
rs1394631	5	118639270	1.27349	C	T	0.775173	0.988487	0.315639	5.7E-01	0.0033997	0.00670016	0.257461	6.1E-01	0.157213	6.9E-01
rs11744058	5	118798944	1.27486	G	T	0.783774	0.998591	6.04983	1.4E-02	-0.0171375	0.00677634	6.39597	1.1E-02	6.13701	1.3E-02
rs3749748	5	127350549	1.37291	C	T	0.753975	0.992802	1.38738	2.4E-01	-0.00803917	0.00648704	1.53578	2.2E-01	1.01915	3.1E-01
rs4705986	5	132349654	1.39065	T	G	0.937241	0.978165	0.556947	4.6E-01	-0.0125306	0.011622	1.16248	2.8E-01	1.1567	2.8E-01
rs10463353	5	141710741	1.48273	C	T	0.640669	0.986535	6.72554	9.5E-03	-0.016845	0.0058391	8.32242	3.9E-03	8.55947	3.4E-03
rs33999	5	141973349	1.48937	C	G	0.612065	0.9834	0.875293	3.5E-01	0.00549345	0.00575197	0.912129	3.4E-01	0.839502	3.6E-01
rs12652322	5	171822666	1.88951	C	T	0.705252	0.99822	2.42546	1.2E-01	0.00858536	0.00612135	1.96709	1.6E-01	2.04868	1.5E-01
rs2053681	5	172746086	1.91113	A	G	0.485601	0.912476	0.00183869	9.7E-01	-0.00139763	0.00584866	0.0571047	8.1E-01	0.00601465	9.4E-01
rs10035782	5	173270328	1.92939	A	G	0.600665	0.984103	2.4099	1.2E-01	0.00811411	0.00573275	2.00335	1.6E-01	1.61661	2.0E-01
rs11963955	6	6631996	0.178791	A	G	0.637527	0.976944	3.25873	7.1E-02	0.0112546	0.0058678	3.67882	5.5E-02	4.62688	3.1E-02
rs201061	6	6730512	0.181115	G	A	0.455616	0.976616	2.87151	9.0E-02	0.00954476	0.00564631	2.8576	9.1E-02	3.62989	5.7E-02
rs1334576	6	7211818	0.195986	G	A	0.5774	1	1.99548	1.6E-01	0.00575827	0.00564865	1.03919	3.1E-01	0.744472	3.9E-01
rs9382988	6	14595010	0.314722	C	A	0.204362	0.998886	0.127152	7.2E-01	0.00320046	0.00692883	0.213355	6.4E-01	0.106916	7.4E-01
rs4710940	6	20658012	0.410434	A	C	0.647018	0.999463	8.72933	3.1E-03	0.0198367	0.00584121	11.5328	6.8E-04	9.70513	1.8E-03
rs3129830	6	30248711	0.50553	G	A	0.868546	0.999908	0.488499	4.8E-01	-0.00866441	0.00821234	1.11313	2.9E-01	0.928872	3.4E-01
rs7772131	6	30795171	0.50714	A	C	0.988571	1	0.95359	3.3E-01	-0.0115664	0.0262065	0.194796	6.6E-01	0.198642	6.6E-01
rs6919908	6	31244960	0.511805	T	C	0.193909	0.999901	15.7407	7.3E-05	0.0302016	0.00706448	18.2768	1.9E-05	18.7403	1.5E-05
rs181133225	6	32454764	0.520293	T	C	0.893444	0.778953	1.36844	2.4E-01	0.00732978	0.0101687	0.519574	4.7E-01	0.285514	5.9E-01
rs117108573	6	32489679	0.520303	C	T	0.921405	0.866866	1.74407	1.9E-01	0.00868928	0.0110512	0.618229	4.3E-01	0.365904	5.5E-01
rs575662827	6	32543874	0.520325	T	C	0.899303	0.833996	1.98183	1.6E-01	0.00980358	0.0100874	0.944519	3.3E-01	0.584749	4.4E-01
rs114760566	6	34192036	0.545788	C	A	0.954268	0.993831	10.4186	1.2E-03	0.0413979	0.0133635	9.59664	1.9E-03	8.10616	4.4E-03
rs1574430	6	43269029	0.669727	A	C	0.391321	0.999399	0.666583	4.1E-01	-0.00498163	0.00570715	0.761911	3.8E-01	1.00555	3.2E-01
rs9381248	6	43734606	0.675407	C	T	0.87836	0.993046	1.35479	2.4E-01	0.0103208	0.00855656	1.45489	2.3E-01	1.00406	3.2E-01
rs35349911	6	43785255	0.678849	C	T	0.409597	0.97009	2.6904	1.0E-01	0.00945152	0.00576165	2.69097	1.0E-01	2.89497	8.9E-02
rs72902769	6	80719576	0.920488	C	G	0.966636	0.999182	6.60758	1.0E-02	0.0356873	0.0155372	5.2757	2.2E-02	3.78242	5.2E-02
rs62406467	6	81114126	0.921634	G	T	0.849349	0.952286	0.321507	5.7E-01	-0.00379545	0.0079785	0.226299	6.3E-01	0.0256343	8.7E-01
rs6924944	6	100597579	1.0811	A	T	0.245827	0.981159	1.76446e-06	1.0E+00	0.000458938	0.00654747	0.00491315	9.4E-01	0.0539746	8.2E-01
rs2806373	6	109222017	1.18299	G	A	0.239664	0.998945	5.62765	1.8E-02	0.0132827	0.00652099	4.14903	4.2E-02	4.08715	4.3E-02
rs72969772	6	126187585	1.32503	A	G	0.980332	1	0.25564	6.1E-01	0.00487354	0.020119	0.0586784	8.1E-01	0.191106	6.6E-01
rs9986505	6	126445558	1.32603	A	G	0.6761	0.991308	2.00995	1.6E-01	-0.00700997	0.00597689	1.37557	2.4E-01	1.74427	1.9E-01
rs74949497	6	126812007	1.32699	A	C	0.97518	1	5.8892	1.5E-02	0.0446857	0.0180076	6.15776	1.3E-02	5.48607	1.9E-02
rs139242696	6	127414440	1.32797	T	C	0.974907	0.948341	0.644787	4.2E-01	0.0149113	0.0182525	0.667404	4.1E-01	0.94244	3.3E-01
rs9385864	6	139805476	1.50274	C	T	0.6907	0.988333	14.1198	1.7E-04	0.0222638	0.00607207	13.4439	2.5E-04	15.2815	9.3E-05
rs12205386	6	139837171	1.50318	C	A	0.643666	0.9992	3.0634	8.0E-02	-0.011173	0.00582231	3.68257	5.5E-02	4.88897	2.7E-02
rs11756568	6	152042413	1.64245	A	T	0.724877	0.999168	0.129249	7.2E-01	-0.00313682	0.00624804	0.252054	6.2E-01	0.752232	3.9E-01
rs474617	6	160700441	1.77412	T	C	0.327782	0.996694	0.939569	3.3E-01	-0.00696858	0.00593641	1.37797	2.4E-01	1.90958	1.7E-01
rs9459839	6	167431829	1.92196	T	C	0.531185	0.998188	2.2047	1.4E-01	0.008144	0.00556519	2.14149	1.4E-01	2.15595	1.4E-01
rs2214440	7	20372191	0.358281	A	G	0.667686	0.991786	0.675445	4.1E-01	-0.00427116	0.00594065	0.516921	4.7E-01	0.357026	5.5E-01
rs111683990	7	25729528	0.437229	C	G	0.955515	0.987881	2.04236	1.5E-01	0.0176981	0.0136175	1.68911	1.9E-01	2.38379	1.2E-01
rs2040786	7	26208736	0.442609	G	A	0.529361	1	1.2476	2.6E-01	-0.00689355	0.00557868	1.52694	2.2E-01	1.72188	1.9E-01
rs17428025	7	27251396	0.453724	C	T	0.971743	0.967404	4.0512	4.4E-02	-0.0305892	0.017084	3.20596	7.3E-02	3.21336	7.3E-02
rs849140	7	28183702	0.463008	T	C	0.410278	1	0.0659918	8.0E-01	0.00241101	0.0056927	0.179375	6.7E-01	4.91107e-05	9.9E-01
rs17172095	7	42665355	0.680121	A	G	0.679343	0.995026	2.0879	1.5E-01	-0.00928167	0.00597851	2.41028	1.2E-01	2.39776	1.2E-01
rs35867424	7	72032358	0.893844	G	A	0.97046	0.950986	30.353	3.6E-08	-0.0969167	0.0168363	33.1364	8.6E-09	31.5556	1.9E-08
rs113452856	7	72859135	0.899612	G	A	0.96835	0.994361	29.2067	6.5E-08	-0.0877913	0.0159151	30.4289	3.5E-08	33.376	7.6E-09
rs57487833	7	77115793	0.936393	G	A	0.723097	0.985735	6.87342	8.7E-03	-0.0178542	0.00626603	8.11883	4.4E-03	9.03104	2.7E-03
rs76306613	7	106235348	1.22452	G	T	0.855998	0.98895	0.286392	5.9E-01	-0.00291233	0.00798027	0.133182	7.2E-01	0.012342	9.1E-01
rs2237687	7	107585473	1.24369	C	T	0.472386	0.966594	1.60863	2.0E-01	-0.00783112	0.00566803	1.9089	1.7E-01	2.03872	1.5E-01
rs38902	7	116889718	1.32093	G	A	0.474719	0.992845	1.70051	1.9E-01	0.00802552	0.00559359	2.05856	1.5E-01	1.79783	1.8E-01
rs12154627	7	130422934	1.4017	T	C	0.506907	0.97487	44.9983	2.0E-11	-0.0385058	0.00563031	46.7723	8.0E-12	50.0256	1.5E-12
rs7808446	7	150214465	1.67249	T	G	0.235469	0.993612	10.6861	1.1E-03	-0.0215244	0.00658383	10.6882	1.1E-03	11.2266	8.1E-04
rs7012637	8	9173209	0.251675	G	A	0.526887	0.985021	40.2588	2.2E-10	-0.0348402	0.00561081	38.5577	5.3E-10	36.6056	1.4E-09
rs13266992	8	18239697	0.434935	T	C	0.81975	0.992408	32.9627	9.4E-09	0.0398932	0.00725247	30.257	3.8E-08	29.9052	4.5E-08
rs62496677	8	19636940	0.469846	A	C	0.808299	0.995456	39.966	2.6E-10	-0.0413645	0.00707564	34.1762	5.0E-09	38.4073	5.7E-10
rs80005209	8	19872339	0.473242	T	G	0.970551	0.985196	37.9247	7.4E-10	0.101983	0.0165632	37.9111	7.4E-10	35.794	2.2E-09
rs7815496	8	38321607	0.69461	C	T	0.597431	0.996532	5.85295	1.6E-02	0.0127986	0.00567113	5.09311	2.4E-02	6.28196	1.2E-02
rs12543555	8	69562014	0.90375	A	G	0.792127	0.98465	0.0869943	7.7E-01	0.000736401	0.00689305	0.0114132	9.1E-01	0.0109234	9.2E-01
rs28568866	8	72353630	0.949663	G	A	0.969859	0.939217	1.64508	2.0E-01	0.0213045	0.0168107	1.6061	2.1E-01	1.73679	1.9E-01
rs146492163	8	72386394	0.950025	G	T	0.96946	0.960969	16.8172	4.1E-05	0.0649182	0.016527	15.4293	8.6E-05	14.257	1.6E-04
rs1895674	8	72443246	0.950276	T	G	0.946831	0.990629	0.831995	3.6E-01	-0.0133033	0.0124264	1.14611	2.8E-01	0.699123	4.0E-01
rs4147332	8	89280863	1.08332	G	C	0.323111	0.995784	5.04016	2.5E-02	0.0117872	0.00595691	3.91543	4.8E-02	4.18497	4.1E-02
rs144435165	8	126419938	1.45107	G	C	0.944194	0.785853	29.3228	6.1E-08	0.0721699	0.0136552	27.933	1.3E-07	26.3648	2.8E-07
rs2954018	8	126477153	1.45319	C	T	0.298303	0.998357	60.4815	7.4E-15	-0.04889	0.00608758	64.4986	9.7E-16	67.4995	2.1E-16
rs6991761	8	128274518	1.48941	C	T	0.844226	0.993607	0.340926	5.6E-01	-0.00597191	0.0076842	0.60399	4.4E-01	0.430886	5.1E-01
rs2467030	8	135665361	1.60637	A	G	0.339711	0.997044	0.501327	4.8E-01	-0.00437303	0.00589962	0.549435	4.6E-01	0.527189	4.7E-01
rs12340775	9	13226945	0.282033	G	A	0.944664	0.940298	2.44746	1.2E-01	-0.0224235	0.0125462	3.19435	7.4E-02	2.54147	1.1E-01
rs73650963	9	93943033	1.11642	T	C	0.892489	0.990174	0.116137	7.3E-01	0.00133913	0.00899571	0.0221603	8.8E-01	2.10048e-05	1.0E+00
rs2131919	9	95283887	1.12689	A	G	0.83667	0.999136	6.51108	1.1E-02	0.0210458	0.00755908	7.75165	5.4E-03	6.69874	9.6E-03
rs1572136	9	101740604	1.18729	G	C	0.724977	0.989514	8.27166	4.0E-03	-0.0176648	0.00627936	7.91384	4.9E-03	7.30054	6.9E-03
rs12686004	9	107653426	1.24316	G	A	0.884341	1	4.57935	3.2E-02	0.0183585	0.00870668	4.44598	3.5E-02	3.29475	7.0E-02
rs10991414	9	107685589	1.24582	T	C	0.861068	0.989408	5.49387	1.9E-02	0.0205945	0.0081164	6.43834	1.1E-02	4.88205	2.7E-02
rs111479443	9	107874316	1.24936	T	G	0.963776	0.9746	0.571944	4.5E-01	0.00807838	0.0151112	0.285792	5.9E-01	0.159797	6.9E-01
rs7048735	9	112529695	1.31375	A	G	0.239526	0.976202	3.81398	5.1E-02	0.0145622	0.00660268	4.86424	2.7E-02	5.23305	2.2E-02
rs1002607	9	113858933	1.33848	T	C	0.40707	0.988428	1.80219	1.8E-01	-0.00714699	0.00571292	1.56506	2.1E-01	1.81538	1.8E-01
rs13298297	9	119264108	1.4204	G	A	0.769275	0.989359	0.833219	3.6E-01	-0.00638418	0.00666778	0.916742	3.4E-01	1.18461	2.8E-01
rs6478851	9	131561110	1.55426	G	A	0.758733	1	2.82612	9.3E-02	0.0125058	0.00652413	3.67434	5.5E-02	3.37549	6.6E-02
rs60980157	9	139235415	1.78278	C	T	0.757489	0.966704	5.4327	2.0E-02	0.0149237	0.00659112	5.12668	2.4E-02	5.24805	2.2E-02
rs7072195	10	3540748	0.0738836	T	C	0.417524	0.993244	0.0163685	9.0E-01	-0.000520284	0.00567061	0.00841824	9.3E-01	0.110824	7.4E-01
rs11592754	10	32619572	0.605452	A	C	0.856559	0.998356	1.15101	2.8E-01	-0.00698705	0.00794829	0.772752	3.8E-01	0.580341	4.5E-01
rs2247396	10	33489192	0.60946	G	A	0.603662	0.99818	0.372485	5.4E-01	-0.0028748	0.00567988	0.256175	6.1E-01	0.160652	6.9E-01
rs4341488	10	60452745	0.822202	G	A	0.188405	0.998867	2.0608	1.5E-01	-0.00993338	0.0071215	1.94559	1.6E-01	2.27396	1.3E-01
rs17287962	10	63770969	0.858439	A	G	0.970068	0.979005	4.21757	4.0E-02	0.0311127	0.0165171	3.54819	6.0E-02	4.53334	3.3E-02
rs10762666	10	77157489	1.00522	A	G	0.241989	0.984822	0.374893	5.4E-01	-0.00177496	0.00652842	0.0739202	7.9E-01	0.0112277	9.2E-01
rs10887758	10	89603315	1.15934	T	C	0.784607	0.990793	6.79047	9.2E-03	0.015875	0.00682159	5.41571	2.0E-02	5.46291	1.9E-02
rs141490680	10	95280981	1.22085	G	A	0.866803	0.998279	20.2751	6.7E-06	0.0365422	0.00819482	19.8842	8.2E-06	19.5141	1.0E-05
rs7342070	10	104223628	1.30538	T	C	0.455127	1	4.41364	3.6E-02	0.0133379	0.00559058	5.69199	1.7E-02	6.29111	1.2E-02
rs7917983	10	114732882	1.3977	T	C	0.532013	1	1.00837	3.2E-01	0.0067536	0.00558587	1.4618	2.3E-01	1.84181	1.7E-01
rs242956	10	119297479	1.46386	C	T	0.362576	0.990585	0.10676	7.4E-01	0.00270361	0.00580933	0.216589	6.4E-01	1.05941	3.0E-01
rs7104929	11	784340	0.0108006	C	G	0.530558	0.997422	1.88695	1.7E-01	0.00548851	0.00560035	0.960459	3.3E-01	0.482466	4.9E-01
rs7932891	11	10921512	0.210707	A	G	0.294517	0.99931	5.78454	1.6E-02	-0.0135897	0.0061034	4.95768	2.6E-02	5.20717	2.2E-02
rs11607537	11	14224166	0.277204	C	T	0.941072	0.981717	8.61531	3.3E-03	-0.0377	0.0119411	9.96764	1.6E-03	11.1823	8.3E-04
rs79634051	11	14561945	0.278112	G	C	0.97174	1	5.89045	1.5E-02	-0.0471248	0.0167482	7.91699	4.9E-03	7.86899	5.0E-03
rs3114693	11	26127790	0.452397	A	T	0.617593	0.997848	3.12979	7.7E-02	-0.0110574	0.00573666	3.71528	5.4E-02	3.63563	5.7E-02
rs56386213	11	36291554	0.562467	A	G	0.595018	1	0.677054	4.1E-01	-0.00655122	0.00563987	1.34929	2.5E-01	1.60802	2.0E-01
rs4647725	11	47245389	0.664953	T	C	0.841692	0.996416	35.6719	2.3E-09	-0.0453738	0.0076218	35.4402	2.6E-09	35.3158	2.8E-09
rs174528	11	61543499	0.703973	T	C	0.623454	0.995598	55.3606	1.0E-13	0.0430248	0.00576071	55.7807	8.1E-14	59.7019	1.1E-14
rs56271783	11	64004723	0.731099	G	C	0.954257	0.977129	34.2283	4.9E-09	0.0800285	0.013504	35.1209	3.1E-09	35.9636	2.0E-09
rs28690953	11	111384426	1.18701	T	G	0.852988	1	3.00657	8.3E-02	0.0149885	0.00786955	3.62755	5.7E-02	4.05892	4.4E-02
rs7114844	11	116496187	1.2587	G	A	0.765109	0.998189	33.4306	7.4E-09	0.0383628	0.00658879	33.9008	5.8E-09	34.1731	5.0E-09
rs180326	11	116624703	1.26038	G	T	0.35005	0.99838	102.679	3.9E-24	-0.0605657	0.00584241	107.466	3.5E-25	108.913	1.7E-25
rs747249	11	130271647	1.49781	A	G	0.360849	0.986641	0.148038	7.0E-01	-0.000497816	0.00584152	0.00726249	9.3E-01	0.107727	7.4E-01
rs11045172	12	20470221	0.37098	A	C	0.802205	0.989276	16.0015	6.3E-05	-0.0299722	0.00702791	18.188	2.0E-05	17.7076	2.6E-05
rs7977928	12	26265632	0.457285	G	A	0.408615	1	0.0573742	8.1E-01	0.00222954	0.0056524	0.155583	6.9E-01	0.627419	4.3E-01
rs2343874	12	26409450	0.459085	G	A	0.53283	0.98214	3.9779	4.6E-02	0.0107198	0.00562617	3.63031	5.7E-02	2.94791	8.6E-02
rs16931815	12	27427917	0.469712	A	G	0.872673	0.996695	0.961124	3.3E-01	0.00690732	0.00838379	0.678794	4.1E-01	0.604121	4.4E-01
rs7310959	12	45968598	0.59006	G	A	0.897555	1	13.3098	2.6E-04	0.0316698	0.00920172	11.8454	5.8E-04	11.2484	8.0E-04
rs75824359	12	54320490	0.68262	A	G	0.970266	0.973341	0.305792	5.8E-01	-0.00933355	0.0166107	0.31573	5.7E-01	0.436426	5.1E-01
rs10878362	12	66417493	0.793832	C	A	0.687723	0.991565	0.454826	5.0E-01	-0.00349367	0.00601897	0.336914	5.6E-01	0.839645	3.6E-01
rs10745659	12	94092690	1.0816	C	G	0.553308	0.994516	4.01776	4.5E-02	0.00909191	0.00563431	2.60393	1.1E-01	2.97337	8.5E-02
rs10778495	12	106991545	1.2616	A	G	0.720919	0.990603	5.59062	1.8E-02	0.016126	0.00621418	6.73416	9.5E-03	8.07008	4.5E-03
rs189392453	12	122381427	1.46398	C	A	0.929828	0.926987	1.92684	1.7E-01	0.0122156	0.0113275	1.16295	2.8E-01	1.1675	2.8E-01
rs12366339	12	122854616	1.46723	G	A	0.9894	0.907552	2.97704	8.4E-02	0.0475829	0.0285816	2.77159	9.6E-02	3.58445	5.8E-02
rs147433011	12	123162845	1.46972	T	C	0.989135	0.898372	3.0954	7.9E-02	-0.0387409	0.0283968	1.86124	1.7E-01	1.62742	2.0E-01
rs116950578	12	123188577	1.46982	C	T	0.967055	1	7.37224	6.6E-03	-0.0414952	0.0155674	7.10498	7.7E-03	6.89969	8.6E-03
rs140689322	12	123375732	1.4703	G	A	0.973654	0.966101	1.10632	2.9E-01	-0.0201768	0.017682	1.3021	2.5E-01	1.87412	1.7E-01
rs28722199	12	123989436	1.47618	A	G	0.954286	0.931304	7.19531	7.3E-03	0.0340259	0.0138115	6.06933	1.4E-02	6.39527	1.1E-02
rs12582221	12	125323240	1.49972	G	A	0.572176	1	2.58154	1.1E-01	-0.0093403	0.00562263	2.75958	9.7E-02	2.00349	1.6E-01
rs7993238	13	22473593	0.0544542	A	C	0.631395	0.976757	0.155086	6.9E-01	0.00280658	0.00585215	0.229998	6.3E-01	0.251849	6.2E-01
rs10507524	13	44684600	0.468128	T	C	0.907237	0.994143	1.46783	2.3E-01	0.00957302	0.00965699	0.982685	3.2E-01	0.932942	3.3E-01
rs12872335	13	50442235	0.536587	G	A	0.792188	0.994746	0.0589831	8.1E-01	-0.00237261	0.00688905	0.118613	7.3E-01	0.38314	5.4E-01
rs61964388	13	51061980	0.539297	G	A	0.904117	0.961186	1.13202	2.9E-01	0.00871864	0.00963768	0.818376	3.7E-01	0.920212	3.4E-01
rs627527	13	110915135	1.21483	G	A	0.418925	0.983958	2.62811	1.0E-01	-0.00842444	0.00568796	2.19366	1.4E-01	1.62028	2.0E-01
rs1057119	14	23746269	0.116581	C	G	0.76153	1	0.155826	6.9E-01	0.00079103	0.00651398	0.0147467	9.0E-01	0.00532741	9.4E-01
rs140664623	14	52321987	0.459221	G	T	0.976323	0.975931	0.443064	5.1E-01	-0.0180153	0.0184834	0.94999	3.3E-01	1.49467	2.2E-01
rs2145600	14	58750902	0.537897	C	G	0.237608	0.992449	15.5484	8.0E-05	-0.0250349	0.00655849	14.5708	1.3E-04	17.1188	3.5E-05
rs6575165	14	91352234	0.881721	G	A	0.76556	0.994744	1.94536	1.6E-01	0.0091654	0.0065822	1.93892	1.6E-01	2.30771	1.3E-01
rs10130936	14	98342676	1.02712	C	T	0.37676	0.985923	2.20029	1.4E-01	0.0072983	0.00579508	1.58608	2.1E-01	1.59408	2.1E-01
rs4779523	15	31679470	0.452779	T	A	0.728098	0.995337	0.695963	4.0E-01	0.00716785	0.00629159	1.29795	2.5E-01	0.999552	3.2E-01
rs28647196	15	40833379	0.629227	C	T	0.564205	0.997093	6.58511	1.0E-02	0.0136645	0.0056395	5.87092	1.5E-02	6.32355	1.2E-02
rs11630710	15	56364758	0.756318	G	T	0.893172	0.979091	8.95711	2.8E-03	0.025435	0.00914319	7.73869	5.4E-03	6.27008	1.2E-02
rs17184382	15	63792486	0.876626	A	C	0.574619	1	5.47289	1.9E-02	-0.0145465	0.00563828	6.65618	9.9E-03	6.06501	1.4E-02
rs2165241	15	74222202	0.994735	T	C	0.491224	0.994517	1.06198	3.0E-01	-0.00580661	0.00556918	1.08708	3.0E-01	1.30991	2.5E-01
rs12905116	15	79042734	1.02295	T	A	0.242831	0.998559	0.222604	6.4E-01	-0.00426647	0.00647469	0.43421	5.1E-01	0.369085	5.4E-01
rs2401948	16	1340854	0.0338191	G	C	0.470436	0.984992	0.00132818	9.7E-01	0.00160418	0.00561183	0.0817138	7.7E-01	0.0415294	8.4E-01
rs3747577	16	4415696	0.082586	C	G	0.259467	0.988145	0.0834642	7.7E-01	-0.00214405	0.00638649	0.112705	7.4E-01	0.288734	5.9E-01
rs6498114	16	10964118	0.259065	G	T	0.240585	0.980902	0.581047	4.5E-01	-0.00682645	0.00657343	1.07846	3.0E-01	1.41908	2.3E-01
rs2192868	16	53428284	0.643286	G	A	0.551203	0.983829	0.0227611	8.8E-01	-0.001234	0.00564319	0.0478167	8.3E-01	0.000137578	9.9E-01
rs117738782	16	56946502	0.729076	T	C	0.992508	0.845877	37.0258	1.2E-09	0.204135	0.0350553	33.9102	5.8E-09	34.6763	3.9E-09
rs1800776	16	56995234	0.730202	C	A	0.922489	0.993969	42.4961	7.1E-11	0.0672143	0.0104291	41.5365	1.2E-10	49.504	2.0E-12
rs116975210	16	67058614	0.849502	T	G	0.960603	0.993544	5.61879	1.8E-02	-0.0308748	0.0143406	4.63525	3.1E-02	4.57329	3.2E-02
rs2056876	16	78864296	0.975993	T	G	0.815684	0.95437	1.23228	2.7E-01	-0.00988032	0.00732685	1.81848	1.8E-01	1.9878	1.6E-01
rs9926618	16	81484570	1.04509	T	A	0.39429	0.97289	27.1064	1.9E-07	-0.030851	0.00576817	28.6064	8.9E-08	27.0069	2.0E-07
rs66710707	16	81528621	1.0457	A	G	0.719577	0.992374	16.4926	4.9E-05	-0.0241242	0.0062123	15.0799	1.0E-04	13.1347	2.9E-04
rs116911572	17	943593	0.0364958	T	C	0.982069	1	4.44991	3.5E-02	-0.0426418	0.0210189	4.11576	4.2E-02	2.98727	8.4E-02
rs4151120	17	7342148	0.196018	T	A	0.629178	0.991461	1.05889	3.0E-01	-0.00572545	0.00579226	0.977064	3.2E-01	0.830528	3.6E-01
rs1561	17	8263334	0.209036	C	T	0.928268	0.930811	0.347375	5.6E-01	0.00320997	0.011166	0.0826429	7.7E-01	0.13557	7.1E-01
rs1242488	17	17347995	0.443205	C	A	0.250473	0.994678	5.2292	2.2E-02	-0.0146406	0.00642802	5.18753	2.3E-02	4.12648	4.2E-02
rs897456	17	17422608	0.444631	A	G	0.942018	1	26.8219	2.2E-07	0.0650595	0.0119328	29.7259	5.0E-08	28.9233	7.5E-08
rs11651639	17	27672320	0.49569	A	T	0.483934	0.999433	1.68449	1.9E-01	0.0072368	0.00557039	1.6878	1.9E-01	1.74107	1.9E-01
rs55883500	17	40395267	0.664304	T	G	0.691334	0.998762	5.12641	2.4E-02	0.0138043	0.00602704	5.24588	2.2E-02	6.65198	9.9E-03
rs2242461	17	40861424	0.665935	G	A	0.405713	1	1.34789	2.5E-01	-0.00849191	0.00566927	2.24365	1.3E-01	3.32272	6.8E-02
rs145947882	17	41809207	0.672977	A	C	0.973996	0.965312	32.3102	1.3E-08	0.0994547	0.0177917	31.2475	2.3E-08	35.1663	3.0E-09
rs62053943	17	43744203	0.688226	C	T	0.845555	0.975028	0.166924	6.8E-01	0.00396858	0.00781732	0.257724	6.1E-01	0.335596	5.6E-01
rs6504972	17	53601168	0.790946	G	A	0.654059	0.990391	0.134997	7.1E-01	-0.00194917	0.00590281	0.10904	7.4E-01	0.0782248	7.8E-01
rs9892365	17	59491384	0.871045	A	G	0.330387	0.996856	2.10183	1.5E-01	0.00852914	0.00592858	2.06971	1.5E-01	1.74225	1.9E-01
rs146385050	17	60637258	0.881108	C	A	0.819308	0.982238	0.00240287	9.6E-01	-0.000621792	0.00729545	0.00726418	9.3E-01	0.00738988	9.3E-01
rs1966327	17	67570113	0.971768	A	G	0.320402	0.997202	2.35184	1.3E-01	0.00843454	0.00596886	1.99683	1.6E-01	1.55024	2.1E-01
rs9896666	17	68226321	0.98162	C	T	0.675868	0.994992	2.00222	1.6E-01	-0.00969345	0.00595851	2.64655	1.0E-01	1.82697	1.8E-01
rs3810068	18	2846499	0.0738566	T	C	0.595452	1	10.5577	1.2E-03	-0.0154772	0.00566265	7.47041	6.3E-03	7.87337	5.0E-03
rs4800451	18	20716805	0.429195	C	T	0.259966	0.984274	0.368141	5.4E-01	0.00583943	0.00641219	0.829331	3.6E-01	1.05451	3.0E-01
rs1026186	18	42741410	0.625015	G	A	0.64681	0.995626	2.71759	9.9E-02	-0.010369	0.00584144	3.15087	7.6E-02	3.11158	7.8E-02
rs8086644	18	60788559	0.864537	G	A	0.834201	0.988925	0.272095	6.0E-01	0.00404389	0.00752347	0.28891	5.9E-01	0.228957	6.3E-01
rs12979965	19	2131148	0.0753026	A	G	0.499935	0.991113	1.46495	2.3E-01	-0.00697407	0.00558982	1.5566	2.1E-01	1.31264	2.5E-01
rs10421685	19	4488926	0.151356	G	A	0.311293	0.998169	0.0186045	8.9E-01	-0.00162797	0.00602594	0.0729863	7.9E-01	0.0766406	7.8E-01
rs10421685	19	4488926	0.151356	G	C	0.973386	0.548756	0.384651	5.4E-01	0.0213238	0.0233428	0.834495	3.6E-01	0.417096	5.2E-01
rs35555265	19	17152232	0.420672	C	T	0.803227	0.993265	2.83484	9.2E-02	-0.0122009	0.00701775	3.02267	8.2E-02	2.28529	1.3E-01
rs72999466	19	18248499	0.447893	C	T	0.742123	0.99893	0.465673	4.9E-01	0.00254247	0.00636432	0.159591	6.9E-01	0.122457	7.3E-01
rs1423056	19	33780444	0.560699	G	A	0.681795	0.903762	0.533067	4.7E-01	0.00352081	0.00629909	0.312413	5.8E-01	0.484254	4.9E-01
rs113504807	19	33787954	0.561506	C	T	0.951238	0.934153	0.155803	6.9E-01	0.00517384	0.0133534	0.150122	7.0E-01	0.0814212	7.8E-01
rs11672697	19	33876955	0.562267	C	T	0.494053	0.99299	5.2016	2.3E-02	-0.0133609	0.00559418	5.70421	1.7E-02	4.93863	2.6E-02
rs62117160	19	45232161	0.700034	G	A	0.954396	1	52.7377	3.8E-13	0.0947275	0.0133437	50.3967	1.3E-12	51.5424	7.0E-13
rs112450640	19	45296364	0.703043	G	A	0.98057	0.986145	47.2564	6.2E-12	0.140716	0.0203433	47.8456	4.6E-12	51.4115	7.5E-13
rs147711004	19	45337918	0.704947	G	A	0.964112	0.951931	26.6198	2.5E-07	-0.0856209	0.0153107	31.2728	2.2E-08	31.102	2.4E-08
rs431001	19	54813266	0.957116	G	A	0.673806	0.993878	39.6195	3.1E-10	-0.038664	0.00595713	42.1248	8.6E-11	42.6865	6.4E-11
rs2864436	19	55986637	0.996315	T	C	0.754674	1	2.57964	1.1E-01	0.0109747	0.00645476	2.89087	8.9E-02	2.26772	1.3E-01
rs151235402	20	569164	0.0196907	C	T	0.984757	0.956324	3.91332	4.8E-02	0.044172	0.0233758	3.57078	5.9E-02	5.01969	2.5E-02
rs805769	20	5667459	0.191037	T	C	0.595306	0.99253	0.00117604	9.7E-01	0.00194093	0.00569573	0.116124	7.3E-01	0.12085	7.3E-01
rs6117303	20	6487687	0.213838	T	C	0.34849	0.989053	0.413536	5.2E-01	-0.00414146	0.00587166	0.49749	4.8E-01	0.289225	5.9E-01
rs146411982	20	38985760	0.586515	A	G	0.97517	0.885893	1.52262	2.2E-01	0.0239614	0.018982	1.59346	2.1E-01	2.40355	1.2E-01
rs1997833	20	39690342	0.597551	T	C	0.700507	0.998963	1.48958	2.2E-01	0.0073967	0.00605862	1.49049	2.2E-01	1.32538	2.5E-01
rs58087807	20	44089033	0.668782	T	C	0.981772	0.993566	31.852	1.7E-08	0.114291	0.0208561	30.0302	4.3E-08	29.8134	4.8E-08
rs11699991	20	45489407	0.689702	T	A	0.670387	0.988835	0.000120799	9.9E-01	-0.000580411	0.00595056	0.00951382	9.2E-01	0.186622	6.7E-01
rs2105063	20	62690683	1.09651	C	T	0.438811	1	6.13511	1.3E-02	-0.0128203	0.00561968	5.20441	2.3E-02	6.59455	1.0E-02
rs4998557	21	33034892	0.322704	G	A	0.887631	0.995909	0.263816	6.1E-01	0.00250153	0.00885031	0.0798905	7.8E-01	0.0303827	8.6E-01
rs2836139	21	39451403	0.432375	A	G	0.514897	0.9942	1.29985	2.5E-01	-0.0037246	0.00561387	0.440185	5.1E-01	0.055433	8.1E-01
rs2330396	21	47524380	0.643685	A	C	0.492654	0.996498	0.638176	4.2E-01	0.00624976	0.00556529	1.26111	2.6E-01	1.0516	3.1E-01
rs2236142	22	29137944	0.338659	G	C	0.32476	0.994367	0.664479	4.1E-01	0.00489439	0.00595781	0.674878	4.1E-01	0.566947	4.5E-01
rs5997898	22	31572963	0.355537	A	C	0.421356	0.998342	0.66887	4.1E-01	0.00637662	0.0056482	1.27456	2.6E-01	1.54557	2.1E-01
