SNP	CHR	BP	GENPOS	ALLELE1	ALLELE0	A1FREQ	INFO	CHISQ_LINREG	P_LINREG	BETA	SE	CHISQ_BOLT_LMM_INF	P_BOLT_LMM_INF	CHISQ_BOLT_LMM	P_BOLT_LMM
rs10909862	1	2936815	0.0400559	G	A	0.1928	0.987988	1.38757	2.4E-01	-0.0080538	0.00713154	1.27537	2.6E-01	1.02735	3.1E-01
rs1294014	1	9325676	0.18921	C	T	0.732088	0.974098	0.482705	4.9E-01	0.00277783	0.0064111	0.187736	6.6E-01	0.0741173	7.9E-01
rs10753554	1	23619009	0.461644	T	C	0.260317	0.989627	5.84373	1.6E-02	-0.0143271	0.00640493	5.00367	2.5E-02	4.68241	3.0E-02
rs72663520	1	40003410	0.67022	C	T	0.770944	0.999229	29.1313	6.8E-08	0.036706	0.00665501	30.4213	3.5E-08	35.592	2.4E-09
rs11591147	1	55505647	0.809828	G	T	0.982511	1	82.0336	1.3E-19	0.193564	0.0213174	82.4483	1.1E-19	82.7226	9.4E-20
rs875868	1	65539253	0.960443	A	C	0.697717	0.993511	0.545818	4.6E-01	-0.00387268	0.00610966	0.401782	5.3E-01	0.805373	3.7E-01
rs10889551	1	65906137	0.967654	A	G	0.326867	0.995997	3.03638	8.1E-02	0.0121178	0.00598053	4.10553	4.3E-02	5.50228	1.9E-02
rs71658797	1	77967507	1.07336	T	A	0.879141	0.99054	0.156605	6.9E-01	-0.000859243	0.00860006	0.00998226	9.2E-01	0.0475795	8.3E-01
rs1415361	1	103562263	1.33102	C	T	0.402104	0.995554	4.8484	2.8E-02	-0.0121195	0.00571603	4.49555	3.4E-02	5.97153	1.5E-02
rs4970834	1	109814880	1.38703	C	T	0.813975	0.988774	55.453	9.6E-14	0.0534489	0.00721824	54.8295	1.3E-13	54.0746	1.9E-13
rs3738479	1	150997842	1.65945	T	A	0.765906	0.995486	0.13831	7.1E-01	-0.0033836	0.00662079	0.261179	6.1E-01	0.198021	6.6E-01
rs79810698	1	154836444	1.69767	C	A	0.95565	1	0.0857005	7.7E-01	-0.00507778	0.0135834	0.139743	7.1E-01	0.153551	7.0E-01
rs10494421	1	164738727	1.83743	C	T	0.880829	1	0.525705	4.7E-01	-0.00613856	0.00863053	0.505891	4.8E-01	0.195723	6.6E-01
rs3121911	1	170212480	1.91705	G	A	0.744389	0.993907	0.0676026	7.9E-01	0.00104705	0.00639419	0.026814	8.7E-01	0.095023	7.6E-01
rs17346300	1	170510459	1.91857	C	T	0.950626	1	1.48085	2.2E-01	-0.0113579	0.0129346	0.771072	3.8E-01	0.536349	4.6E-01
rs6697844	1	172308238	1.93873	C	T	0.56798	0.996349	0.469671	4.9E-01	-0.00445805	0.00562896	0.627238	4.3E-01	0.649497	4.2E-01
rs10922075	1	196467248	2.1432	G	A	0.687963	0.997066	1.94216	1.6E-01	-0.00888203	0.00603683	2.16475	1.4E-01	2.49044	1.1E-01
rs13303121	1	203503267	2.22276	C	G	0.607356	0.947347	0.843455	3.6E-01	-0.00479052	0.00586438	0.6673	4.1E-01	0.691391	4.1E-01
rs4951159	1	205012106	2.25304	G	C	0.0908836	0.967	0.466855	4.9E-01	0.00658813	0.00989028	0.443718	5.1E-01	0.589453	4.4E-01
rs61821643	1	219268532	2.43532	T	C	0.974378	0.889659	0.176755	6.7E-01	0.00606042	0.0187308	0.104687	7.5E-01	0.441235	5.1E-01
rs77278027	1	219392230	2.43543	C	T	0.93823	0.976746	2.23065	1.4E-01	-0.0180643	0.0117547	2.3617	1.2E-01	2.52102	1.1E-01
rs12740837	1	219623230	2.43692	G	A	0.983204	0.959021	0.481738	4.9E-01	-0.015046	0.0221552	0.461197	5.0E-01	0.693438	4.0E-01
rs711869	2	13073967	0.297329	G	A	0.443249	0.983109	0.0921583	7.6E-01	0.00188451	0.00567549	0.110252	7.4E-01	0.0565307	8.1E-01
rs2702068	2	24689512	0.456007	A	C	0.144534	0.985387	5.10809	2.4E-02	-0.016736	0.00800835	4.36732	3.7E-02	5.31814	2.1E-02
rs77541036	2	25575523	0.459339	A	G	0.962268	0.991995	3.47523	6.2E-02	0.0252331	0.0147108	2.94216	8.6E-02	2.87567	9.0E-02
rs7933	2	43452183	0.682402	A	G	0.634849	0.981779	0.003128	9.6E-01	0.00159763	0.00585232	0.0745237	7.8E-01	0.124714	7.2E-01
rs56266464	2	44054991	0.686489	G	A	0.939556	0.986548	31.2849	2.2E-08	0.0681003	0.0118274	33.1528	8.5E-09	36.4976	1.5E-09
rs36072157	2	48953740	0.765134	G	C	0.658175	0.956087	2.52933	1.1E-01	0.00938076	0.00601824	2.42961	1.2E-01	2.5999	1.1E-01
rs4953627	2	48990167	0.765401	C	T	0.77524	0.975089	0.770159	3.8E-01	-0.00749792	0.0068014	1.2153	2.7E-01	1.3252	2.5E-01
rs10779951	2	66142656	0.91656	G	A	0.525126	0.992672	0.499834	4.8E-01	0.00439329	0.00562784	0.609393	4.4E-01	0.754699	3.8E-01
rs12713567	2	66729420	0.924256	A	G	0.428176	0.981664	0.487432	4.9E-01	0.00544598	0.00569819	0.913435	3.4E-01	0.744337	3.9E-01
rs1521047	2	67724601	0.937973	C	G	0.75421	0.992329	0.332712	5.6E-01	0.00314733	0.00649293	0.234965	6.3E-01	0.0491985	8.2E-01
rs12712049	2	100208830	1.21955	A	G	0.176674	0.985519	2.01443	1.6E-01	-0.0102281	0.00737146	1.92525	1.7E-01	1.27432	2.6E-01
rs72946301	2	111861838	1.33125	G	A	0.903863	0.964859	8.13897	4.3E-03	-0.0290471	0.00965975	9.04216	2.6E-03	7.87849	5.0E-03
rs1053413	2	114471921	1.35945	A	G	0.784744	0.998156	1.15177	2.8E-01	-0.00711436	0.00682447	1.08676	3.0E-01	1.09122	3.0E-01
rs7593247	2	119337589	1.3956	C	T	0.503784	0.990163	1.15211	2.8E-01	0.00492605	0.00561578	0.769444	3.8E-01	0.773358	3.8E-01
rs78876301	2	158234589	1.75901	A	C	0.987195	0.782415	0.925663	3.4E-01	-0.0322972	0.0281367	1.3176	2.5E-01	1.39131	2.4E-01
rs77928329	2	158413902	1.76308	G	A	0.94544	0.998218	2.47484	1.2E-01	0.0191913	0.0122738	2.44485	1.2E-01	2.05859	1.5E-01
rs1402698	2	165424575	1.81281	G	A	0.368889	0.988943	0.229434	6.3E-01	0.00183564	0.00583757	0.0988802	7.5E-01	0.0268988	8.7E-01
rs3769877	2	165569779	1.81517	G	A	0.125673	1	3.24567	7.2E-02	-0.013386	0.00843843	2.51638	1.1E-01	3.33629	6.8E-02
rs72882321	2	172298662	1.8972	C	T	0.821415	0.98752	0.30635	5.8E-01	0.00205984	0.00735002	0.0785395	7.8E-01	0.0157602	9.0E-01
rs62173497	2	187821910	2.04064	C	A	0.889372	0.96522	3.64354	5.6E-02	-0.0173109	0.00905816	3.65224	5.6E-02	5.01297	2.5E-02
rs61613340	2	191746748	2.0603	G	T	0.922172	0.993102	1.87492	1.7E-01	-0.0132382	0.0104683	1.5992	2.1E-01	1.47274	2.2E-01
rs1250248	2	216287093	2.28549	A	G	0.271958	0.996374	0.0192286	8.9E-01	-0.000631896	0.00629978	0.010061	9.2E-01	7.4126e-05	9.9E-01
rs2373074	2	218381350	2.32413	C	T	0.903229	0.998908	0.596602	4.4E-01	0.00990666	0.00946841	1.09471	3.0E-01	0.617319	4.3E-01
rs62182126	2	219279230	2.33765	G	A	0.901349	1	4.769	2.9E-02	0.0200938	0.00937617	4.59276	3.2E-02	4.76206	2.9E-02
rs6760762	2	226866226	2.44112	C	T	0.776249	0.976874	9.26058	2.3E-03	-0.0214546	0.00679392	9.97238	1.6E-03	10.7597	1.0E-03
rs305506	3	12026709	0.296805	G	T	0.113563	0.992655	0.0133948	9.1E-01	0.00121345	0.00885689	0.0187708	8.9E-01	0.0168538	9.0E-01
rs114252958	3	12409938	0.29797	C	T	0.982978	0.956617	0.0120062	9.1E-01	-0.000665222	0.0221923	0.000898523	9.8E-01	0.0523565	8.2E-01
rs10490869	3	35635145	0.595764	A	T	0.789478	0.990849	1.04397	3.1E-01	0.00686754	0.00686507	1.00072	3.2E-01	0.890233	3.5E-01
rs6771508	3	43718462	0.664863	A	C	0.974946	0.998741	0.19877	6.6E-01	-0.00670546	0.0178958	0.140397	7.1E-01	0.107892	7.4E-01
rs4683294	3	46979013	0.687679	G	C	0.321605	0.960868	7.25488	7.1E-03	0.0162404	0.00609689	7.09544	7.7E-03	6.79984	9.1E-03
rs4858828	3	48724811	0.68972	C	T	0.349101	0.999091	1.72633	1.9E-01	0.00771553	0.00584352	1.74334	1.9E-01	1.30663	2.5E-01
rs352156	3	52214610	0.694887	C	T	0.955078	0.904333	1.38641	2.4E-01	-0.0178613	0.014064	1.6129	2.0E-01	1.3594	2.4E-01
rs7643235	3	53227428	0.699142	T	C	0.4136	0.989215	3.25588	7.1E-02	-0.0103212	0.00567658	3.30588	6.9E-02	2.7475	9.7E-02
rs11718560	3	64584862	0.868956	C	T	0.731847	0.985124	0.351552	5.5E-01	0.00308394	0.00634997	0.235867	6.3E-01	0.10235	7.5E-01
rs4688498	3	64674599	0.871028	C	T	0.669682	0.985151	7.63618	5.7E-03	-0.0159326	0.00598849	7.07844	7.8E-03	7.25102	7.1E-03
rs997274	3	78704821	1.06722	T	C	0.748705	0.994327	0.609358	4.4E-01	0.00332654	0.00647736	0.263748	6.1E-01	0.176144	6.7E-01
rs1877569	3	99224544	1.12953	G	A	0.816212	0.993173	0.0176247	8.9E-01	-0.00122745	0.00722018	0.028901	8.7E-01	0.065402	8.0E-01
rs9875732	3	107461731	1.19696	T	C	0.623037	0.99667	0.695611	4.0E-01	-0.00472836	0.00577883	0.669486	4.1E-01	0.470107	4.9E-01
rs1000368	3	123117165	1.35684	C	T	0.748381	0.996692	1.18728	2.8E-01	0.00893217	0.00644599	1.92015	1.7E-01	1.67119	2.0E-01
rs113771682	3	129112166	1.4255	C	T	0.937375	0.999072	0.642916	4.2E-01	-0.00669771	0.0115706	0.335071	5.6E-01	0.26876	6.0E-01
rs7647218	3	129125231	1.42558	C	A	0.901341	0.999167	2.51568	1.1E-01	-0.0148694	0.00939681	2.50393	1.1E-01	4.616	3.2E-02
rs75212171	3	129323322	1.42649	T	C	0.983129	1	0.0531503	8.2E-01	0.001295	0.0216962	0.00356264	9.5E-01	0.0167451	9.0E-01
rs112551697	3	150018637	1.64271	G	A	0.96554	0.928479	1.24656	2.6E-01	0.0187067	0.0158537	1.3923	2.4E-01	1.50355	2.2E-01
rs11720805	3	156800360	1.71236	A	G	0.330979	0.970132	0.0564908	8.1E-01	-0.00112133	0.00603395	0.0345354	8.5E-01	0.144581	7.0E-01
rs1488111	3	168951612	1.77942	C	T	0.517315	0.996852	4.83045	2.8E-02	-0.0097021	0.0055907	3.01161	8.3E-02	2.39707	1.2E-01
rs1499813	3	171760427	1.8208	T	C	0.587431	1	0.242149	6.2E-01	0.00265602	0.00570329	0.216876	6.4E-01	0.401441	5.3E-01
rs13092876	3	185495320	2.01656	G	A	0.686729	0.994835	2.05032	1.5E-01	0.00798643	0.00604109	1.74773	1.9E-01	2.11072	1.5E-01
rs3843375	3	196813908	2.26438	G	A	0.590289	0.999191	0.560221	4.5E-01	0.00452782	0.00569944	0.631124	4.3E-01	0.252978	6.1E-01
rs75072999	4	844781	0.00782036	G	A	0.904916	0.991302	2.75419	9.7E-02	-0.0168663	0.009587	3.0951	7.9E-02	3.20153	7.4E-02
rs748483	4	952409	0.00822297	A	G	0.891514	0.99682	0.18758	6.6E-01	0.00561886	0.00901124	0.388802	5.3E-01	0.419511	5.2E-01
rs1912897	4	26006133	0.455942	A	T	0.79303	0.98817	3.98857	4.6E-02	0.0139713	0.00694633	4.04544	4.4E-02	3.06935	8.0E-02
rs7689800	4	26295421	0.461356	C	G	0.382047	0.982424	0.116191	7.3E-01	-0.0021534	0.00580885	0.137426	7.1E-01	0.324493	5.7E-01
rs34171390	4	56192405	0.730002	C	G	0.8287	0.967618	0.018964	8.9E-01	-0.00161125	0.00752569	0.045839	8.3E-01	0.0238687	8.8E-01
rs3017896	4	89533004	1.04795	G	C	0.704424	1	3.34598	6.7E-02	0.0115922	0.00610817	3.60171	5.8E-02	2.69285	1.0E-01
rs10029220	4	89710592	1.04921	C	T	0.909822	0.997537	0.186172	6.7E-01	-0.00226344	0.00978395	0.0535192	8.2E-01	0.28387	5.9E-01
rs1813006	4	103001649	1.15654	G	T	0.940843	0.94358	27.9949	1.2E-07	0.0640367	0.0121898	27.5971	1.5E-07	29.0357	7.1E-08
rs12647922	4	106063987	1.17944	C	T	0.794569	0.998343	0.240731	6.2E-01	-0.00213888	0.00691868	0.0955714	7.6E-01	0.127794	7.2E-01
rs7655064	4	120106348	1.31331	T	C	0.875314	0.995692	0.931542	3.3E-01	0.00751648	0.00846668	0.788137	3.7E-01	0.534571	4.6E-01
rs2922979	4	123748616	1.34468	C	G	0.689916	1	1.58554	2.1E-01	-0.00724871	0.00605209	1.43453	2.3E-01	0.834738	3.6E-01
rs1520325	4	125182690	1.35483	C	T	0.780072	0.994582	0.227114	6.3E-01	-0.000441154	0.00676891	0.00424759	9.5E-01	0.000717834	9.8E-01
rs2353397	4	145517578	1.53798	C	T	0.460014	1	0.417415	5.2E-01	-0.00423651	0.00561624	0.569016	4.5E-01	0.191471	6.6E-01
rs2166365	5	3597830	0.0882728	A	G	0.777698	0.981109	0.753002	3.9E-01	-0.00595238	0.00678379	0.769904	3.8E-01	0.84244	3.6E-01
rs13178917	5	4007353	0.10142	C	T	0.551974	0.99437	0.729654	3.9E-01	-0.0046457	0.00561516	0.684507	4.1E-01	0.161078	6.9E-01
rs10061804	5	32748637	0.511958	G	A	0.711087	1	0.678434	4.1E-01	0.00487752	0.00617318	0.624281	4.3E-01	0.546523	4.6E-01
rs299615	5	34042097	0.535425	G	A	0.843206	1	1.62609	2.0E-01	-0.0118927	0.00769887	2.38619	1.2E-01	1.92755	1.7E-01
rs4293945	5	38736142	0.597252	A	T	0.606405	0.995383	1.7332	1.9E-01	0.00793194	0.00573736	1.91132	1.7E-01	2.23384	1.4E-01
rs163112	5	54538003	0.667379	C	G	0.107056	0.994238	0.67596	4.1E-01	-0.00814069	0.0090861	0.802726	3.7E-01	0.825808	3.6E-01
rs61653333	5	55779080	0.679717	G	T	0.970413	0.977169	3.16617	7.5E-02	-0.0307756	0.0166664	3.40979	6.5E-02	3.98083	4.6E-02
rs6867983	5	55854153	0.681454	C	T	0.861186	1	18.1283	2.1E-05	0.0343832	0.00808952	18.0654	2.1E-05	16.5932	4.6E-05
rs11749164	5	66294202	0.770672	T	G	0.726476	0.988719	0.446689	5.0E-01	-0.00566425	0.0063136	0.80488	3.7E-01	0.782475	3.8E-01
rs6878122	5	76427311	0.889556	G	A	0.318279	0.997785	1.20715	2.7E-01	0.0063329	0.00601777	1.10748	2.9E-01	1.04049	3.1E-01
rs7734060	5	101780479	1.10738	T	G	0.734786	0.995631	0.632497	4.3E-01	-0.00562064	0.00636913	0.778773	3.8E-01	0.329442	5.7E-01
rs1394631	5	118639270	1.27349	C	T	0.775173	0.988487	0.1573	6.9E-01	0.00149662	0.00672701	0.0494972	8.2E-01	0.0476398	8.3E-01
rs11744058	5	118798944	1.27486	G	T	0.783774	0.998591	2.81501	9.3E-02	-0.0117993	0.00680349	3.00779	8.3E-02	2.75741	9.7E-02
rs3749748	5	127350549	1.37291	C	T	0.753975	0.992802	1.77628	1.8E-01	-0.00913953	0.00651303	1.96916	1.6E-01	2.08252	1.5E-01
rs4705986	5	132349654	1.39065	T	G	0.937241	0.978165	0.752104	3.9E-01	-0.0134515	0.0116685	1.32896	2.5E-01	1.2787	2.6E-01
rs10463353	5	141710741	1.48273	C	T	0.640669	0.986535	7.31388	6.8E-03	-0.0172545	0.0058625	8.66245	3.2E-03	7.95453	4.8E-03
rs33999	5	141973349	1.48937	C	G	0.612065	0.9834	0.356399	5.5E-01	0.00414257	0.00577502	0.514557	4.7E-01	0.581622	4.5E-01
rs12652322	5	171822666	1.88951	C	T	0.705252	0.99822	4.08471e-07	1.0E+00	-0.000572313	0.00614587	0.00867162	9.3E-01	0.00230097	9.6E-01
rs2053681	5	172746086	1.91113	A	G	0.485601	0.912476	0.0886672	7.7E-01	-0.00238265	0.00587209	0.16464	6.8E-01	0.152279	7.0E-01
rs10035782	5	173270328	1.92939	A	G	0.600665	0.984103	2.50679	1.1E-01	0.00895373	0.00575572	2.41997	1.2E-01	2.12445	1.4E-01
rs11963955	6	6631996	0.178791	A	G	0.637527	0.976944	0.131064	7.2E-01	0.00239426	0.00589192	0.165131	6.8E-01	0.475031	4.9E-01
rs201061	6	6730512	0.181115	G	A	0.455616	0.976616	0.34213	5.6E-01	0.00358159	0.00566951	0.399081	5.3E-01	0.828203	3.6E-01
rs1334576	6	7211818	0.195986	G	A	0.5774	1	3.38844	6.6E-02	0.00834538	0.00567186	2.16491	1.4E-01	1.858	1.7E-01
rs9382988	6	14595010	0.314722	C	A	0.204362	0.998886	0.560067	4.5E-01	0.0063003	0.00695731	0.820049	3.7E-01	0.588042	4.4E-01
rs4710940	6	20658012	0.410434	A	C	0.647018	0.999463	3.47863	6.2E-02	0.0126003	0.00586521	4.61522	3.2E-02	4.04083	4.4E-02
rs3129830	6	30248711	0.50553	G	A	0.868546	0.999908	0.151813	7.0E-01	-0.000217609	0.00824609	0.000696398	9.8E-01	1.8637e-05	1.0E+00
rs7772131	6	30795171	0.50714	A	C	0.988571	1	2.73857	9.8E-02	-0.0357289	0.0263142	1.84358	1.7E-01	1.68697	1.9E-01
rs6919908	6	31244960	0.511805	T	C	0.193909	0.999901	2.87297	9.0E-02	0.012993	0.00709351	3.35503	6.7E-02	3.30365	6.9E-02
rs181133225	6	32454764	0.520293	T	C	0.893444	0.778953	0.823976	3.6E-01	0.00579765	0.0102105	0.322409	5.7E-01	0.0161895	9.0E-01
rs117108573	6	32489679	0.520303	C	T	0.921405	0.866866	1.65035	2.0E-01	0.00983699	0.0110966	0.785857	3.8E-01	0.18587	6.7E-01
rs575662827	6	32543874	0.520325	T	C	0.899303	0.833996	1.64253	2.0E-01	0.0094253	0.0101289	0.865903	3.5E-01	0.125	7.2E-01
rs114760566	6	34192036	0.545788	C	A	0.954268	0.993831	2.05242	1.5E-01	0.0174055	0.0134184	1.68256	1.9E-01	1.15598	2.8E-01
rs1574430	6	43269029	0.669727	A	C	0.391321	0.999399	0.279027	6.0E-01	0.00267364	0.0057306	0.217673	6.4E-01	0.244238	6.2E-01
rs9381248	6	43734606	0.675407	C	T	0.87836	0.993046	0.000280465	9.9E-01	0.000677848	0.00859172	0.00622449	9.4E-01	0.00194837	9.6E-01
rs35349911	6	43785255	0.678849	C	T	0.409597	0.97009	0.635478	4.3E-01	0.00451219	0.00578533	0.608301	4.4E-01	0.912489	3.4E-01
rs72902769	6	80719576	0.920488	C	G	0.966636	0.999182	1.95865	1.6E-01	0.0175449	0.0156011	1.26472	2.6E-01	1.47017	2.3E-01
rs62406467	6	81114126	0.921634	G	T	0.849349	0.952286	0.085826	7.7E-01	-0.00188406	0.00801129	0.0553078	8.1E-01	0.0782424	7.8E-01
rs6924944	6	100597579	1.0811	A	T	0.245827	0.981159	0.0776766	7.8E-01	-0.000673812	0.00657438	0.0105043	9.2E-01	0.142342	7.1E-01
rs2806373	6	109222017	1.18299	G	A	0.239664	0.998945	0.564711	4.5E-01	0.00367405	0.00654779	0.314847	5.7E-01	0.331528	5.6E-01
rs72969772	6	126187585	1.32503	A	G	0.980332	1	0.1595	6.9E-01	-0.0125676	0.0202016	0.387021	5.3E-01	0.23162	6.3E-01
rs9986505	6	126445558	1.32603	A	G	0.6761	0.991308	0.0169959	9.0E-01	-0.000576337	0.00600146	0.0092223	9.2E-01	0.0391098	8.4E-01
rs74949497	6	126812007	1.32699	A	C	0.97518	1	5.91232	1.5E-02	0.0436195	0.0180816	5.81949	1.6E-02	6.35383	1.2E-02
rs139242696	6	127414440	1.32797	T	C	0.974907	0.948341	0.0125397	9.1E-01	0.00151916	0.0183275	0.00687073	9.3E-01	0.000392788	9.8E-01
rs9385864	6	139805476	1.50274	C	T	0.6907	0.988333	1.92544	1.7E-01	0.00774407	0.00609702	1.61326	2.0E-01	2.24093	1.3E-01
rs12205386	6	139837171	1.50318	C	A	0.643666	0.9992	0.217297	6.4E-01	0.00124862	0.00584624	0.0456152	8.3E-01	0.0372429	8.5E-01
rs11756568	6	152042413	1.64245	A	T	0.724877	0.999168	1.5486	2.1E-01	-0.00696085	0.00627371	1.23105	2.7E-01	1.92712	1.7E-01
rs474617	6	160700441	1.77412	T	C	0.327782	0.996694	0.0716806	7.9E-01	-0.00255935	0.00596081	0.184352	6.7E-01	0.301101	5.8E-01
rs9459839	6	167431829	1.92196	T	C	0.531185	0.998188	0.959618	3.3E-01	0.00527961	0.00558806	0.892649	3.4E-01	0.971255	3.2E-01
rs2214440	7	20372191	0.358281	A	G	0.667686	0.991786	0.146051	7.0E-01	0.00362787	0.00596554	0.369833	5.4E-01	0.799648	3.7E-01
rs111683990	7	25729528	0.437229	C	G	0.955515	0.987881	0.16631	6.8E-01	0.00283792	0.0136745	0.0430699	8.4E-01	0.0803171	7.8E-01
rs2040786	7	26208736	0.442609	G	A	0.529361	1	0.653713	4.2E-01	-0.00488595	0.00560205	0.760682	3.8E-01	0.771404	3.8E-01
rs17428025	7	27251396	0.453724	C	T	0.971743	0.967404	3.24706	7.2E-02	-0.0287582	0.0171556	2.81005	9.4E-02	3.55568	5.9E-02
rs849140	7	28183702	0.463008	T	C	0.410278	1	0.804304	3.7E-01	-0.00469153	0.00571655	0.673538	4.1E-01	0.976587	3.2E-01
rs17172095	7	42665355	0.680121	A	G	0.679343	0.995026	2.03095	1.5E-01	-0.00948191	0.00600355	2.49445	1.1E-01	2.2641	1.3E-01
rs71556711	7	72854549	0.899611	C	T	0.908397	1	26.0571	3.3E-07	-0.0509682	0.00968185	27.7128	1.4E-07	28.5985	8.9E-08
rs7780317	7	72867852	0.899612	C	T	0.92793	0.985744	0.0978134	7.5E-01	0.00299659	0.0108588	0.0761534	7.8E-01	0.0216397	8.8E-01
rs57487833	7	77115793	0.936393	G	A	0.723097	0.985735	8.4963	3.6E-03	-0.019011	0.00629228	9.12835	2.5E-03	9.84795	1.7E-03
rs76306613	7	106235348	1.22452	G	T	0.855998	0.98895	0.00553662	9.4E-01	0.000986433	0.0080137	0.015152	9.0E-01	0.0314466	8.6E-01
rs2237687	7	107585473	1.24369	C	T	0.472386	0.966594	2.63487	1.0E-01	-0.00974421	0.00569177	2.93088	8.7E-02	3.30197	6.9E-02
rs38902	7	116889718	1.32093	G	A	0.474719	0.992845	0.632095	4.3E-01	0.00469901	0.00561702	0.699842	4.0E-01	0.798655	3.7E-01
rs12154627	7	130422934	1.4017	T	C	0.506907	0.97487	20.794	5.1E-06	-0.0270638	0.0056539	22.9131	1.7E-06	27.9151	1.3E-07
rs7808446	7	150214465	1.67249	T	G	0.235469	0.993612	7.49247	6.2E-03	-0.0174231	0.00661141	6.94482	8.4E-03	5.43102	2.0E-02
rs330096	8	9171595	0.251664	G	C	0.75605	0.971568	44.0088	3.3E-11	0.0434841	0.00659768	43.4388	4.4E-11	44.6802	2.3E-11
rs7014168	8	10641965	0.266242	G	A	0.776722	0.996719	0.130432	7.2E-01	0.00219129	0.00673154	0.105968	7.4E-01	0.0489421	8.2E-01
rs4474021	8	12632903	0.332387	G	T	0.680802	1	1.45676	2.3E-01	0.00704642	0.00598869	1.38444	2.4E-01	1.24798	2.6E-01
rs2119693	8	19720395	0.471068	G	T	0.142689	0.971581	33.5357	7.0E-09	0.0470817	0.00811702	33.6443	6.6E-09	32.8871	9.8E-09
rs310289	8	23610756	0.545792	C	T	0.760888	0.994537	7.88131	5.0E-03	0.0176786	0.006585	7.20749	7.3E-03	6.34754	1.2E-02
rs7815496	8	38321607	0.69461	C	T	0.597431	0.996532	1.28596	2.6E-01	0.00539208	0.00569881	0.895248	3.4E-01	1.37146	2.4E-01
rs12543555	8	69562014	0.90375	A	G	0.792127	0.98465	0.252713	6.2E-01	0.0016773	0.0069267	0.058637	8.1E-01	0.00170799	9.7E-01
rs28568866	8	72353630	0.949663	G	A	0.969859	0.939217	0.916557	3.4E-01	0.0145223	0.0168927	0.739046	3.9E-01	0.638166	4.2E-01
rs146492163	8	72386394	0.950025	G	T	0.96946	0.960969	9.80223	1.7E-03	0.0492641	0.0166077	8.79924	3.0E-03	8.47875	3.6E-03
rs1895674	8	72443246	0.950276	T	G	0.946831	0.990629	0.109677	7.4E-01	-0.00386454	0.012487	0.0957805	7.6E-01	0.0586046	8.1E-01
rs4147332	8	89280863	1.08332	G	C	0.323111	0.995784	4.62304	3.2E-02	0.0117269	0.00598599	3.8379	5.0E-02	3.97176	4.6E-02
rs144435165	8	126419938	1.45107	G	C	0.944194	0.785853	6.57191	1.0E-02	0.0323343	0.0137218	5.55269	1.8E-02	5.40082	2.0E-02
rs2954018	8	126477153	1.45319	C	T	0.298303	0.998357	22.8889	1.7E-06	-0.031078	0.00611729	25.81	3.8E-07	26.571	2.5E-07
rs6991761	8	128274518	1.48941	C	T	0.844226	0.993607	2.46003	1.2E-01	-0.0133935	0.00772171	3.00857	8.3E-02	2.66498	1.0E-01
rs2467030	8	135665361	1.60637	A	G	0.339711	0.997044	0.544855	4.6E-01	-0.00549821	0.00592841	0.860134	3.5E-01	0.93986	3.3E-01
rs12340775	9	13226945	0.282033	G	A	0.944664	0.940298	0.52003	4.7E-01	-0.0106035	0.012598	0.708437	4.0E-01	0.315913	5.7E-01
rs73650963	9	93943033	1.11642	T	C	0.892489	0.990174	2.05265	1.5E-01	0.0124754	0.00903285	1.90749	1.7E-01	2.1522	1.4E-01
rs2131919	9	95283887	1.12689	A	G	0.83667	0.999136	0.403679	5.3E-01	0.00519019	0.00759029	0.467573	4.9E-01	0.346307	5.6E-01
rs1572136	9	101740604	1.18729	G	C	0.724977	0.989514	0.994054	3.2E-01	-0.00633915	0.00630528	1.01077	3.1E-01	0.95583	3.3E-01
rs12686004	9	107653426	1.24316	G	A	0.884341	1	12.1431	4.9E-04	0.0318344	0.00874262	13.259	2.7E-04	13.5572	2.3E-04
rs10991414	9	107685589	1.24582	T	C	0.861068	0.989408	3.64248	5.6E-02	0.0168164	0.00814991	4.25755	3.9E-02	3.84387	5.0E-02
rs111479443	9	107874316	1.24936	T	G	0.963776	0.9746	2.2264	1.4E-01	0.0200628	0.0151736	1.74827	1.9E-01	2.18686	1.4E-01
rs7048735	9	112529695	1.31375	A	G	0.239526	0.976202	3.64773	5.6E-02	0.013595	0.00662994	4.20476	4.0E-02	4.78769	2.9E-02
rs1002607	9	113858933	1.33848	T	C	0.40707	0.988428	1.34717	2.5E-01	-0.00664128	0.0057365	1.34032	2.5E-01	1.98977	1.6E-01
rs13298297	9	119264108	1.4204	G	A	0.769275	0.989359	0.987502	3.2E-01	-0.0068211	0.00669531	1.03793	3.1E-01	0.821052	3.6E-01
rs6478851	9	131561110	1.55426	G	A	0.758733	1	0.173928	6.8E-01	0.00373772	0.00655107	0.325529	5.7E-01	0.150036	7.0E-01
rs60980157	9	139235415	1.78278	C	T	0.757489	0.966704	0.952611	3.3E-01	0.00677135	0.00661833	1.04678	3.1E-01	0.982298	3.2E-01
rs7072195	10	3540748	0.0738836	T	C	0.417524	0.993244	1.59978	2.1E-01	-0.00667049	0.00569278	1.37299	2.4E-01	1.54949	2.1E-01
rs11592754	10	32619572	0.605452	A	C	0.856559	0.998356	0.0295444	8.6E-01	0.00236715	0.00797938	0.0880064	7.7E-01	0.288241	5.9E-01
rs2247396	10	33489192	0.60946	G	A	0.603662	0.99818	0.773474	3.8E-01	0.00456487	0.00570209	0.640897	4.2E-01	0.630222	4.3E-01
rs4341488	10	60452745	0.822202	G	A	0.188405	0.998867	0.713318	4.0E-01	-0.00582868	0.00714935	0.664673	4.1E-01	0.601207	4.4E-01
rs17287962	10	63770969	0.858439	A	G	0.970068	0.979005	1.58278	2.1E-01	0.0180061	0.0165817	1.17918	2.8E-01	1.98854	1.6E-01
rs10762666	10	77157489	1.00522	A	G	0.241989	0.984822	1.77092	1.8E-01	-0.00747176	0.00655395	1.29969	2.5E-01	0.868093	3.5E-01
rs10887758	10	89603315	1.15934	T	C	0.784607	0.990793	2.41672	1.2E-01	0.00848591	0.00684827	1.53545	2.2E-01	1.13864	2.9E-01
rs141490680	10	95280981	1.22085	G	A	0.866803	0.998279	10.1938	1.4E-03	0.0252311	0.00822687	9.40595	2.2E-03	9.119	2.5E-03
rs7342070	10	104223628	1.30538	T	C	0.455127	1	3.18958	7.4E-02	0.0112381	0.00561244	4.00941	4.5E-02	4.3758	3.6E-02
rs7917983	10	114732882	1.3977	T	C	0.532013	1	1.2984	2.5E-01	0.00713427	0.00560771	1.61856	2.0E-01	2.17809	1.4E-01
rs242956	10	119297479	1.46386	C	T	0.362576	0.990585	0.454407	5.0E-01	0.00429078	0.00583205	0.541289	4.6E-01	1.1582	2.8E-01
rs7104929	11	784340	0.0108006	C	G	0.530558	0.997422	0.332841	5.6E-01	0.00172037	0.00562255	0.0936215	7.6E-01	0.0557227	8.1E-01
rs7932891	11	10921512	0.210707	A	G	0.294517	0.99931	4.15154	4.2E-02	-0.0111797	0.00612759	3.32877	6.8E-02	3.8614	4.9E-02
rs11607537	11	14224166	0.277204	C	T	0.941072	0.981717	1.70242	1.9E-01	-0.0165905	0.0119884	1.91511	1.7E-01	2.03542	1.5E-01
rs79634051	11	14561945	0.278112	G	C	0.97174	1	3.0392	8.1E-02	-0.032151	0.0168146	3.65606	5.6E-02	3.53646	6.0E-02
rs3114693	11	26127790	0.452397	A	T	0.617593	0.997848	1.21669	2.7E-01	-0.00660936	0.0057594	1.31693	2.5E-01	1.55797	2.1E-01
rs56386213	11	36291554	0.562467	A	G	0.595018	1	0.875736	3.5E-01	-0.00645942	0.00566223	1.3014	2.5E-01	2.06509	1.5E-01
rs112181005	11	47010491	0.664695	G	A	0.856415	0.996382	29.6689	5.1E-08	-0.0445907	0.00796749	31.3217	2.2E-08	31.3547	2.1E-08
rs198465	11	61521318	0.70311	G	A	0.522964	0.996751	38.8153	4.7E-10	-0.0338765	0.00561786	36.3627	1.6E-09	39.1125	4.0E-10
rs4564341	11	61573540	0.704001	C	T	0.928009	0.991114	81.8765	1.4E-19	0.0992226	0.010839	83.8001	5.5E-20	86.1463	1.7E-20
rs4297487	11	69229628	0.763225	A	G	0.324796	0.994186	0.183592	6.7E-01	0.00159818	0.00598593	0.0712837	7.9E-01	0.0390152	8.4E-01
rs28690953	11	111384426	1.18701	T	G	0.852988	1	0.0490266	8.2E-01	0.00187991	0.00790075	0.0566158	8.1E-01	0.154722	6.9E-01
rs117935983	11	116529188	1.2599	T	G	0.977353	0.995529	30.6665	3.1E-08	0.107835	0.0188584	32.6969	1.1E-08	30.0626	4.2E-08
rs747249	11	130271647	1.49781	A	G	0.360849	0.986641	0.603028	4.4E-01	-0.0037981	0.00586467	0.419415	5.2E-01	1.04939	3.1E-01
rs11045172	12	20470221	0.37098	A	C	0.802205	0.989276	7.08859	7.8E-03	-0.0196162	0.0070584	7.72355	5.5E-03	7.00245	8.1E-03
rs7977928	12	26265632	0.457285	G	A	0.408615	1	0.0257621	8.7E-01	0.00125132	0.00567693	0.0485859	8.3E-01	0.166772	6.8E-01
rs2343874	12	26409450	0.459085	G	A	0.53283	0.98214	2.77401	9.6E-02	0.00970213	0.00565058	2.94814	8.6E-02	2.82504	9.3E-02
rs16931815	12	27427917	0.469712	A	G	0.872673	0.996695	0.00284394	9.6E-01	-0.000687606	0.00842017	0.00666864	9.3E-01	0.000204339	9.9E-01
rs7310959	12	45968598	0.59006	G	A	0.897555	1	5.9665	1.5E-02	0.0217417	0.00924165	5.53461	1.9E-02	4.5899	3.2E-02
rs75824359	12	54320490	0.68262	A	G	0.970266	0.973341	0.2502	6.2E-01	-0.0083145	0.0166828	0.24839	6.2E-01	0.354304	5.5E-01
rs10878362	12	66417493	0.793832	C	A	0.687723	0.991565	1.00194	3.2E-01	-0.00552671	0.00604508	0.835851	3.6E-01	0.981649	3.2E-01
rs10745659	12	94092690	1.0816	C	G	0.553308	0.994516	1.57339	2.1E-01	0.00548605	0.00565875	0.939891	3.3E-01	0.877877	3.5E-01
rs10778495	12	106991545	1.2616	A	G	0.720919	0.990603	0.0820166	7.7E-01	0.00342802	0.00624115	0.301689	5.8E-01	0.584727	4.4E-01
rs189392453	12	122381427	1.46398	C	A	0.929828	0.926987	0.012237	9.1E-01	-0.00367169	0.0113767	0.10416	7.5E-01	0.0806819	7.8E-01
rs12366339	12	122854616	1.46723	G	A	0.9894	0.907552	0.143306	7.1E-01	0.0124804	0.0287056	0.189025	6.6E-01	0.473221	4.9E-01
rs147433011	12	123162845	1.46972	T	C	0.989135	0.898372	0.12948	7.2E-01	-0.000714637	0.02852	0.000627874	9.8E-01	0.0051336	9.4E-01
rs116950578	12	123188577	1.46982	C	T	0.967055	1	2.23483	1.3E-01	-0.0245399	0.015635	2.46349	1.2E-01	2.92704	8.7E-02
rs140689322	12	123375732	1.4703	G	A	0.973654	0.966101	1.35344	2.4E-01	-0.0196216	0.0177587	1.2208	2.7E-01	1.73636	1.9E-01
rs28722199	12	123989436	1.47618	A	G	0.954286	0.931304	2.28424	1.3E-01	0.0166739	0.0138714	1.44489	2.3E-01	2.2751	1.3E-01
rs12582221	12	125323240	1.49972	G	A	0.572176	1	0.273135	6.0E-01	-0.00320178	0.00564702	0.321473	5.7E-01	0.345451	5.6E-01
rs7993238	13	22473593	0.0544542	A	C	0.631395	0.976757	1.06086	3.0E-01	0.00628363	0.00587699	1.14317	2.8E-01	1.46129	2.3E-01
rs10507524	13	44684600	0.468128	T	C	0.907237	0.994143	0.778847	3.8E-01	0.00728578	0.00969798	0.564404	4.5E-01	0.83624	3.6E-01
rs12872335	13	50442235	0.536587	G	A	0.792188	0.994746	0.533645	4.7E-01	-0.0048574	0.00691829	0.492959	4.8E-01	0.68593	4.1E-01
rs61964388	13	51061980	0.539297	G	A	0.904117	0.961186	0.221068	6.4E-01	-0.00546046	0.00967858	0.318299	5.7E-01	0.358954	5.5E-01
rs627527	13	110915135	1.21483	G	A	0.418925	0.983958	0.503829	4.8E-01	-0.00346729	0.0057121	0.368458	5.4E-01	0.412274	5.2E-01
rs1057119	14	23746269	0.116581	C	G	0.76153	1	0.070687	7.9E-01	0.000876882	0.00654077	0.0179732	8.9E-01	0.0624356	8.0E-01
rs140664623	14	52321987	0.459221	G	T	0.976323	0.975931	1.77576	1.8E-01	-0.0286715	0.0185594	2.38657	1.2E-01	3.95487	4.7E-02
rs2145600	14	58750902	0.537897	C	G	0.237608	0.992449	3.46833	6.3E-02	-0.0120853	0.00658547	3.36774	6.6E-02	3.67466	5.5E-02
rs6575165	14	91352234	0.881721	G	A	0.76556	0.994744	0.420971	5.2E-01	0.00511308	0.00660927	0.598492	4.4E-01	0.64766	4.2E-01
rs10130936	14	98342676	1.02712	C	T	0.37676	0.985923	4.75466	2.9E-02	0.0116141	0.00581891	3.98369	4.6E-02	3.28634	7.0E-02
rs4779523	15	31679470	0.452779	T	A	0.728098	0.995337	2.24217	1.3E-01	0.0107056	0.00631583	2.87318	9.0E-02	2.53933	1.1E-01
rs28647196	15	40833379	0.629227	C	T	0.564205	0.997093	3.41724	6.5E-02	0.00966134	0.00566123	2.91241	8.8E-02	3.7144	5.4E-02
rs11630710	15	56364758	0.756318	G	T	0.893172	0.979091	7.81575	5.2E-03	0.0237726	0.00917843	6.70835	9.6E-03	5.82191	1.6E-02
rs17184382	15	63792486	0.876626	A	C	0.574619	1	3.54535	6.0E-02	-0.0108182	0.00566001	3.6532	5.6E-02	3.74038	5.3E-02
rs2165241	15	74222202	0.994735	T	C	0.491224	0.994517	0.0335421	8.5E-01	-0.00159487	0.00559064	0.0813819	7.8E-01	0.0247253	8.8E-01
rs12905116	15	79042734	1.02295	T	A	0.242831	0.998559	0.232687	6.3E-01	-0.00417901	0.00649964	0.413397	5.2E-01	0.509392	4.8E-01
rs2401948	16	1340854	0.0338191	G	C	0.470436	0.984992	0.0772886	7.8E-01	0.00250052	0.00563972	0.196582	6.6E-01	0.0824983	7.7E-01
rs3747577	16	4415696	0.082586	C	G	0.259467	0.988145	0.00235014	9.6E-01	-0.000479261	0.00641823	0.00557588	9.4E-01	0.025781	8.7E-01
rs6498114	16	10964118	0.259065	G	T	0.240585	0.980902	1.11572	2.9E-01	-0.00826068	0.0066061	1.56366	2.1E-01	1.94128	1.6E-01
rs57086298	16	15080702	0.32115	C	T	0.744777	0.820781	29.4507	5.7E-08	0.0393931	0.00707622	30.9911	2.6E-08	31.0067	2.6E-08
rs2192868	16	53428284	0.643286	G	A	0.551203	0.983829	0.0274184	8.7E-01	-0.00096065	0.00567124	0.0286929	8.7E-01	0.0581148	8.1E-01
rs11648751	16	56937262	0.728453	C	T	0.88589	0.981286	30.9767	2.6E-08	-0.0485294	0.00884703	30.0894	4.1E-08	32.0722	1.5E-08
rs5883	16	57007353	0.73053	C	T	0.947692	1	40.4962	2.0E-10	-0.0786226	0.012553	39.2281	3.8E-10	40.6789	1.8E-10
rs116975210	16	67058614	0.849502	T	G	0.960603	0.993544	3.3831	6.6E-02	-0.024814	0.0144119	2.9645	8.5E-02	3.1625	7.5E-02
rs2056876	16	78864296	0.975993	T	G	0.815684	0.95437	0.234536	6.3E-01	0.0015012	0.00736326	0.0415661	8.4E-01	0.00394749	9.5E-01
rs9926618	16	81484570	1.04509	T	A	0.39429	0.97289	8.6311	3.3E-03	-0.0171324	0.00579684	8.73484	3.1E-03	9.54394	2.0E-03
rs66710707	16	81528621	1.0457	A	G	0.719577	0.992374	8.50247	3.5E-03	-0.0174276	0.00624317	7.79227	5.2E-03	7.10254	7.7E-03
rs116911572	17	943593	0.0364958	T	C	0.982069	1	2.16076	1.4E-01	-0.0304348	0.0211061	2.07932	1.5E-01	1.35012	2.5E-01
rs4151120	17	7342148	0.196018	T	A	0.629178	0.991461	0.0200666	8.9E-01	0.00123999	0.0058163	0.0454508	8.3E-01	0.0187853	8.9E-01
rs1561	17	8263334	0.209036	C	T	0.928268	0.930811	2.71289	1.0E-01	-0.0210301	0.0112124	3.51794	6.1E-02	3.85019	5.0E-02
rs1242488	17	17347995	0.443205	C	A	0.250473	0.994678	4.16616	4.1E-02	-0.0127048	0.0064547	3.8742	4.9E-02	3.75823	5.3E-02
rs897456	17	17422608	0.444631	A	G	0.942018	1	3.64236	5.6E-02	0.0251398	0.0119823	4.4019	3.6E-02	3.96776	4.6E-02
rs11651639	17	27672320	0.49569	A	T	0.483934	0.999433	0.46642	4.9E-01	0.00386474	0.00559351	0.477388	4.9E-01	0.421433	5.2E-01
rs55883500	17	40395267	0.664304	T	G	0.691334	0.998762	0.7795	3.8E-01	0.00586658	0.00605205	0.939645	3.3E-01	1.53164	2.2E-01
rs2242461	17	40861424	0.665935	G	A	0.405713	1	0.373631	5.4E-01	0.00176598	0.0056928	0.0962321	7.6E-01	0.0562677	8.1E-01
rs62053943	17	43744203	0.688226	C	T	0.845555	0.975028	0.577502	4.5E-01	-0.00450423	0.00784976	0.329252	5.7E-01	0.166258	6.8E-01
rs6504972	17	53601168	0.790946	G	A	0.654059	0.990391	1.34693	2.5E-01	-0.00647717	0.0059273	1.19414	2.7E-01	1.2098	2.7E-01
rs9892365	17	59491384	0.871045	A	G	0.330387	0.996856	2.30213	1.3E-01	0.00986951	0.00595318	2.74848	9.7E-02	2.77248	9.6E-02
rs146385050	17	60637258	0.881108	C	A	0.819308	0.982238	0.99393	3.2E-01	-0.00702761	0.00732572	0.920268	3.4E-01	1.33423	2.5E-01
rs1966327	17	67570113	0.971768	A	G	0.320402	0.997202	0.748189	3.9E-01	0.00505932	0.00599363	0.712532	4.0E-01	0.767262	3.8E-01
rs9896666	17	68226321	0.98162	C	T	0.675868	0.994992	0.151252	7.0E-01	-0.00295255	0.00598324	0.243513	6.2E-01	0.0822357	7.7E-01
rs3810068	18	2846499	0.0738566	T	C	0.595452	1	0.823518	3.6E-01	-0.00347013	0.00568341	0.372797	5.4E-01	0.211863	6.5E-01
rs4800451	18	20716805	0.429195	C	T	0.259966	0.984274	0.000368053	9.8E-01	0.00123867	0.00643571	0.0370439	8.5E-01	0.09472	7.6E-01
rs1026186	18	42741410	0.625015	G	A	0.64681	0.995626	0.000129075	9.9E-01	-0.000837328	0.00586286	0.0203973	8.9E-01	0.0160226	9.0E-01
rs6507939	18	47176261	0.689521	A	C	0.150333	0.990511	33.7113	6.4E-09	-0.043371	0.00784066	30.598	3.2E-08	32.1462	1.4E-08
rs8086644	18	60788559	0.864537	G	A	0.834201	0.988925	0.0734932	7.9E-01	-0.00297708	0.00755106	0.155441	6.9E-01	0.0890261	7.7E-01
rs12979965	19	2131148	0.0753026	A	G	0.499935	0.991113	3.99303e-06	1.0E+00	0.00125229	0.00560453	0.0499263	8.2E-01	0.0574749	8.1E-01
rs10421685	19	4488926	0.151356	G	A	0.311293	0.998169	4.08135	4.3E-02	0.0115086	0.0060418	3.6284	5.7E-02	3.33242	6.8E-02
rs10421685	19	4488926	0.151356	G	C	0.973386	0.548756	1.26528	2.6E-01	0.0291324	0.0234042	1.5494	2.1E-01	1.22055	2.7E-01
rs35555265	19	17152232	0.420672	C	T	0.803227	0.993265	0.668043	4.1E-01	-0.0056835	0.00703622	0.652459	4.2E-01	0.738202	3.9E-01
rs72999466	19	18248499	0.447893	C	T	0.742123	0.99893	2.14839	1.4E-01	0.00734143	0.00638107	1.32365	2.5E-01	1.35924	2.4E-01
rs1423056	19	33780444	0.560699	G	A	0.681795	0.903762	0.192242	6.6E-01	0.0020042	0.00631567	0.100703	7.5E-01	0.104963	7.5E-01
rs113504807	19	33787954	0.561506	C	T	0.951238	0.934153	0.00035161	9.9E-01	-0.00135878	0.0133885	0.0102999	9.2E-01	0.0333107	8.6E-01
rs11672697	19	33876955	0.562267	C	T	0.494053	0.99299	0.658063	4.2E-01	-0.00436438	0.00560891	0.605464	4.4E-01	0.497783	4.8E-01
rs62115552	19	44610355	0.688364	A	G	0.960207	1	48.0489	4.2E-12	0.0978162	0.0145844	44.9827	2.0E-11	46.9784	7.2E-12
rs73048351	19	45160086	0.697689	C	A	0.989712	0.91554	42.1475	8.5E-11	0.191103	0.0290009	43.4222	4.4E-11	43.4028	4.5E-11
rs11881756	19	45220896	0.699851	T	C	0.886737	1	117.01	2.9E-27	0.0926463	0.0088089	110.615	7.2E-26	112.039	3.5E-26
rs140824606	19	45311084	0.70382	G	A	0.974928	0.867871	41.5724	1.1E-10	-0.128236	0.019138	44.8984	2.1E-11	49.6476	1.8E-12
rs147901416	19	45466792	0.709097	C	A	0.851419	0.99427	53.9803	2.0E-13	-0.0574863	0.00788622	53.1363	3.1E-13	52.4311	4.5E-13
rs2864436	19	55986637	0.996315	T	C	0.754674	1	5.90784	1.5E-02	0.0162911	0.00647175	6.33666	1.2E-02	5.65233	1.7E-02
rs151235402	20	569164	0.0196907	C	T	0.984757	0.956324	4.10484	4.3E-02	0.0460099	0.0234763	3.84099	5.0E-02	4.58475	3.2E-02
rs805769	20	5667459	0.191037	T	C	0.595306	0.99253	0.104499	7.5E-01	0.00292383	0.00572023	0.261263	6.1E-01	0.28067	6.0E-01
rs6117303	20	6487687	0.213838	T	C	0.34849	0.989053	0.875665	3.5E-01	0.00535886	0.00589692	0.825838	3.6E-01	0.72789	3.9E-01
rs146411982	20	38985760	0.586515	A	G	0.97517	0.885893	0.666512	4.1E-01	-0.0149081	0.0190637	0.611553	4.3E-01	0.460832	5.0E-01
rs1997833	20	39690342	0.597551	T	C	0.700507	0.998963	0.689264	4.1E-01	-0.00526827	0.00608468	0.749653	3.9E-01	1.17924	2.8E-01
rs11699991	20	45489407	0.689702	T	A	0.670387	0.988835	1.33364	2.5E-01	0.00769166	0.00597616	1.65652	2.0E-01	1.65076	2.0E-01
rs6068280	20	51235613	0.791961	A	G	0.324841	0.992237	7.32319	6.8E-03	0.0165811	0.00596241	7.7336	5.4E-03	7.4512	6.3E-03
rs6013572	20	51553621	0.798111	T	C	0.936054	1	0.0228309	8.8E-01	-0.0010657	0.0114915	0.0086003	9.3E-01	0.000906941	9.8E-01
rs1936966	20	51691779	0.801626	C	T	0.672454	0.982215	0.0300167	8.6E-01	0.000867272	0.00604766	0.0205654	8.9E-01	0.0318436	8.6E-01
rs2105063	20	62690683	1.09651	C	T	0.438811	1	1.83588	1.8E-01	-0.00713466	0.00564385	1.59807	2.1E-01	1.88648	1.7E-01
rs4998557	21	33034892	0.322704	G	A	0.887631	0.995909	0.214411	6.4E-01	0.00383476	0.00888298	0.186363	6.7E-01	0.0537608	8.2E-01
rs2836139	21	39451403	0.432375	A	G	0.514897	0.9942	1.40358	2.4E-01	-0.00508251	0.00563459	0.813638	3.7E-01	0.399222	5.3E-01
rs2330396	21	47524380	0.643685	A	C	0.492654	0.996498	1.41452	2.3E-01	-0.00499707	0.00558583	0.800304	3.7E-01	0.7516	3.9E-01
rs2236142	22	29137944	0.338659	G	C	0.32476	0.994367	0.887751	3.5E-01	0.00548008	0.00598107	0.839491	3.6E-01	1.03303	3.1E-01
rs5997898	22	31572963	0.355537	A	C	0.421356	0.998342	1.47877	2.2E-01	0.00821159	0.00567026	2.09725	1.5E-01	2.29215	1.3E-01
