SNP	CHR	BP	GENPOS	ALLELE1	ALLELE0	A1FREQ	INFO	CHISQ_LINREG	P_LINREG	BETA	SE	CHISQ_BOLT_LMM_INF	P_BOLT_LMM_INF	CHISQ_BOLT_LMM	P_BOLT_LMM
rs10909862	1	2936815	0.0400559	G	A	0.1928	0.987988	0.940104	3.3E-01	0.00646464	0.00717379	0.812066	3.7E-01	0.942305	3.3E-01
rs1294014	1	9325676	0.18921	C	T	0.732088	0.974098	1.94097	1.6E-01	-0.0103309	0.00644908	2.56613	1.1E-01	2.91766	8.8E-02
rs10753554	1	23619009	0.461644	T	C	0.260317	0.989627	4.8403	2.8E-02	-0.0141161	0.00644288	4.80034	2.8E-02	4.41053	3.6E-02
rs12117661	1	55487346	0.808955	C	G	0.755046	0.987273	67.8968	1.7E-16	0.0553597	0.00659723	70.4149	4.8E-17	69.7769	6.6E-17
rs875868	1	65539253	0.960443	A	C	0.697717	0.993511	0.0388998	8.4E-01	0.00128649	0.00614586	0.0438176	8.3E-01	0.0193002	8.9E-01
rs10889551	1	65906137	0.967654	A	G	0.326867	0.995997	2.14368	1.4E-01	0.00890282	0.00601597	2.19	1.4E-01	2.68333	1.0E-01
rs71658797	1	77967507	1.07336	T	A	0.879141	0.99054	0.386573	5.3E-01	0.00307015	0.00865102	0.125946	7.2E-01	0.0101616	9.2E-01
rs1415361	1	103562263	1.33102	C	T	0.402104	0.995554	3.27333	7.0E-02	-0.00957993	0.0057499	2.7759	9.6E-02	4.36562	3.7E-02
rs116679284	1	119014845	1.50751	C	T	0.963654	0.948411	1.57301	2.1E-01	-0.0180363	0.0154436	1.36394	2.4E-01	1.40601	2.4E-01
rs1766783	1	119434896	1.50931	A	C	0.181268	0.981355	0.00344057	9.5E-01	0.00118524	0.00736001	0.025933	8.7E-01	0.00158831	9.7E-01
rs3738479	1	150997842	1.65945	T	A	0.765906	0.995486	4.65841	3.1E-02	-0.0151666	0.00666002	5.1859	2.3E-02	4.83284	2.8E-02
rs79810698	1	154836444	1.69767	C	A	0.95565	1	0.604278	4.4E-01	0.0087699	0.0136639	0.411948	5.2E-01	0.329284	5.7E-01
rs10494421	1	164738727	1.83743	C	T	0.880829	1	0.225419	6.3E-01	-0.00339211	0.00868167	0.152663	7.0E-01	0.00191063	9.7E-01
rs3121911	1	170212480	1.91705	G	A	0.744389	0.993907	0.181447	6.7E-01	0.00185749	0.00643207	0.0833972	7.7E-01	0.162618	6.9E-01
rs17346300	1	170510459	1.91857	C	T	0.950626	1	1.22164	2.7E-01	-0.0111651	0.0130112	0.736357	3.9E-01	0.268543	6.0E-01
rs6697844	1	172308238	1.93873	C	T	0.56798	0.996349	0.951716	3.3E-01	-0.00577606	0.00566232	1.04058	3.1E-01	0.998932	3.2E-01
rs10922075	1	196467248	2.1432	G	A	0.687963	0.997066	0.296776	5.9E-01	0.00331601	0.0060726	0.298183	5.9E-01	0.268143	6.0E-01
rs13303121	1	203503267	2.22276	C	G	0.607356	0.947347	0.0292726	8.6E-01	0.000878723	0.00589913	0.0221885	8.8E-01	0.00484025	9.4E-01
rs4951159	1	205012106	2.25304	G	C	0.0908836	0.967	0.610779	4.3E-01	-0.00702197	0.00994889	0.49816	4.8E-01	0.415771	5.2E-01
rs61821643	1	219268532	2.43532	T	C	0.974378	0.889659	0.136962	7.1E-01	0.00486953	0.0188418	0.0667928	8.0E-01	0.113633	7.4E-01
rs77278027	1	219392230	2.43543	C	T	0.93823	0.976746	0.643499	4.2E-01	-0.00999324	0.0118243	0.714269	4.0E-01	0.271086	6.0E-01
rs12740837	1	219623230	2.43692	G	A	0.983204	0.959021	0.794586	3.7E-01	-0.0210453	0.0222865	0.891719	3.5E-01	1.23343	2.7E-01
rs661955	1	234842856	2.62186	G	C	0.481801	0.978806	33.9653	5.6E-09	-0.032695	0.0056841	33.0856	8.8E-09	35.0138	3.3E-09
rs711869	2	13073967	0.297329	G	A	0.443249	0.983109	0.0538106	8.2E-01	-0.000713465	0.00571136	0.0156051	9.0E-01	0.0121396	9.1E-01
rs144545816	2	21413077	0.420543	G	A	0.71544	0.993104	71.77	2.4E-17	-0.0534534	0.0062616	72.8753	1.4E-17	78.9902	6.2E-19
rs77541036	2	25575523	0.459339	A	G	0.962268	0.991995	1.37026	2.4E-01	0.015784	0.0148038	1.13681	2.9E-01	1.36658	2.4E-01
rs7933	2	43452183	0.682402	A	G	0.634849	0.981779	2.09687	1.5E-01	-0.00819844	0.00588931	1.93791	1.6E-01	1.70602	1.9E-01
rs56266464	2	44054991	0.686489	G	A	0.939556	0.986548	64.8635	8.0E-16	0.0982883	0.0119022	68.195	1.5E-16	68.5943	1.2E-16
rs36072157	2	48953740	0.765134	G	C	0.658175	0.956087	0.713115	4.0E-01	-0.00536721	0.00605628	0.785388	3.8E-01	1.00214	3.2E-01
rs4953627	2	48990167	0.765401	C	T	0.77524	0.975089	0.019767	8.9E-01	-0.00109533	0.00684438	0.0256106	8.7E-01	1.65284e-05	1.0E+00
rs10779951	2	66142656	0.91656	G	A	0.525126	0.992672	0.145351	7.0E-01	0.00188652	0.00566341	0.11096	7.4E-01	0.177632	6.7E-01
rs12713567	2	66729420	0.924256	A	G	0.428176	0.981664	3.81642	5.1E-02	0.0112226	0.00573421	3.83035	5.0E-02	4.53867	3.3E-02
rs1521047	2	67724601	0.937973	C	G	0.75421	0.992329	0.285127	5.9E-01	0.00318597	0.00653396	0.237755	6.3E-01	0.022549	8.8E-01
rs12712049	2	100208830	1.21955	A	G	0.176674	0.985519	1.56831	2.1E-01	-0.0102188	0.00741805	1.89768	1.7E-01	1.32157	2.5E-01
rs72946301	2	111861838	1.33125	G	A	0.903863	0.964859	1.64654	2.0E-01	-0.014189	0.0097208	2.13058	1.4E-01	1.56987	2.1E-01
rs1053413	2	114471921	1.35945	A	G	0.784744	0.998156	5.03742	2.5E-02	-0.0149088	0.00686761	4.71272	3.0E-02	5.65776	1.7E-02
rs7593247	2	119337589	1.3956	C	T	0.503784	0.990163	0.37009	5.4E-01	0.00314763	0.00565128	0.310222	5.8E-01	0.436564	5.1E-01
rs78876301	2	158234589	1.75901	A	C	0.987195	0.782415	0.288901	5.9E-01	-0.0180687	0.0283145	0.407224	5.2E-01	0.522597	4.7E-01
rs77928329	2	158413902	1.76308	G	A	0.94544	0.998218	5.83883	1.6E-02	0.0304249	0.0123513	6.06776	1.4E-02	5.28169	2.2E-02
rs1402698	2	165424575	1.81281	G	A	0.368889	0.988943	1.01149	3.1E-01	-0.00599684	0.00587446	1.0421	3.1E-01	0.814313	3.7E-01
rs3769877	2	165569779	1.81517	G	A	0.125673	1	0.097561	7.5E-01	0.0026273	0.00849176	0.0957243	7.6E-01	0.0130387	9.1E-01
rs72882321	2	172298662	1.8972	C	T	0.821415	0.98752	1.67313	2.0E-01	0.0080995	0.00739648	1.19913	2.7E-01	0.296227	5.9E-01
rs62173497	2	187821910	2.04064	C	A	0.889372	0.96522	2.11356	1.5E-01	-0.0137755	0.00911541	2.28383	1.3E-01	2.89087	8.9E-02
rs61613340	2	191746748	2.0603	G	T	0.922172	0.993102	4.77833	2.9E-02	-0.021943	0.0105345	4.33872	3.7E-02	3.93786	4.7E-02
rs1250248	2	216287093	2.28549	A	G	0.271958	0.996374	3.40875	6.5E-02	-0.0128467	0.00633959	4.10638	4.3E-02	4.36985	3.7E-02
rs2373074	2	218381350	2.32413	C	T	0.903229	0.998908	0.437498	5.1E-01	0.00734665	0.00952825	0.5945	4.4E-01	0.385846	5.3E-01
rs62182126	2	219279230	2.33765	G	A	0.901349	1	0.215826	6.4E-01	0.00562353	0.00943543	0.355217	5.5E-01	0.44484	5.0E-01
rs6760762	2	226866226	2.44112	C	T	0.776249	0.976874	8.03765	4.6E-03	-0.0193587	0.00683686	8.01749	4.6E-03	7.72323	5.5E-03
rs305506	3	12026709	0.296805	G	T	0.113563	0.992655	0.982005	3.2E-01	0.00961475	0.00891319	1.16362	2.8E-01	1.4006	2.4E-01
rs114252958	3	12409938	0.29797	C	T	0.982978	0.956617	1.30004	2.5E-01	0.0220768	0.0223334	0.977161	3.2E-01	1.05936	3.0E-01
rs10490869	3	35635145	0.595764	A	T	0.789478	0.990849	0.102567	7.5E-01	0.0031848	0.00690871	0.212505	6.4E-01	0.0708031	7.9E-01
rs6771508	3	43718462	0.664863	A	C	0.974946	0.998741	0.426136	5.1E-01	0.0118641	0.0180095	0.433978	5.1E-01	0.267536	6.0E-01
rs4683294	3	46979013	0.687679	G	C	0.321605	0.960868	2.20188	1.4E-01	0.00934428	0.00613564	2.31938	1.3E-01	1.99512	1.6E-01
rs4858828	3	48724811	0.68972	C	T	0.349101	0.999091	5.02406	2.5E-02	0.0122666	0.00588067	4.35107	3.7E-02	4.06717	4.4E-02
rs352156	3	52214610	0.694887	C	T	0.955078	0.904333	0.491883	4.8E-01	0.00772576	0.0141534	0.29796	5.9E-01	0.552371	4.6E-01
rs7643235	3	53227428	0.699142	T	C	0.4136	0.989215	0.887559	3.5E-01	-0.00519376	0.00571266	0.826585	3.6E-01	1.16605	2.8E-01
rs11718560	3	64584862	0.868956	C	T	0.731847	0.985124	0.0436831	8.3E-01	-0.00118101	0.00639033	0.0341553	8.5E-01	0.0278575	8.7E-01
rs4688498	3	64674599	0.871028	C	T	0.669682	0.985151	4.42516	3.5E-02	-0.0124801	0.00602655	4.28841	3.8E-02	4.73078	3.0E-02
rs997274	3	78704821	1.06722	T	C	0.748705	0.994327	1.26049	2.6E-01	0.00634378	0.00651854	0.947102	3.3E-01	1.22164	2.7E-01
rs1877569	3	99224544	1.12953	G	A	0.816212	0.993173	0.543328	4.6E-01	-0.00560531	0.00726607	0.595113	4.4E-01	0.86845	3.5E-01
rs9875732	3	107461731	1.19696	T	C	0.623037	0.99667	3.32268	6.8E-02	-0.010924	0.00581556	3.52844	6.0E-02	2.82232	9.3E-02
rs1000368	3	123117165	1.35684	C	T	0.748381	0.996692	0.011653	9.1E-01	0.00136774	0.00648696	0.0444551	8.3E-01	2.71837e-06	1.0E+00
rs113771682	3	129112166	1.4255	C	T	0.937375	0.999072	0.756675	3.8E-01	-0.00865689	0.0116442	0.55272	4.6E-01	0.904954	3.4E-01
rs7647218	3	129125231	1.42558	C	A	0.901341	0.999167	2.9365	8.7E-02	-0.018342	0.00945654	3.7621	5.2E-02	4.883	2.7E-02
rs75212171	3	129323322	1.42649	T	C	0.983129	1	0.698176	4.0E-01	0.019305	0.0218342	0.781747	3.8E-01	1.15484	2.8E-01
rs112551697	3	150018637	1.64271	G	A	0.96554	0.928479	0.374126	5.4E-01	0.0120948	0.0159545	0.574688	4.5E-01	0.393521	5.3E-01
rs11720805	3	156800360	1.71236	A	G	0.330979	0.970132	0.8582	3.5E-01	-0.00538108	0.0060723	0.785294	3.8E-01	1.18209	2.8E-01
rs1488111	3	168951612	1.77942	C	T	0.517315	0.996852	1.38317	2.4E-01	-0.00471652	0.00562624	0.70276	4.0E-01	0.329195	5.7E-01
rs1499813	3	171760427	1.8208	T	C	0.587431	1	0.818709	3.7E-01	-0.00595361	0.00573955	1.07598	3.0E-01	1.17352	2.8E-01
rs13092876	3	185495320	2.01656	G	A	0.686729	0.994835	0.432943	5.1E-01	0.00351489	0.00607949	0.334264	5.6E-01	0.456585	5.0E-01
rs3843375	3	196813908	2.26438	G	A	0.590289	0.999191	0.668852	4.1E-01	-0.00481936	0.00573567	0.70601	4.0E-01	1.05581	3.0E-01
rs75072999	4	844781	0.00782036	G	A	0.904916	0.991302	1.90842	1.7E-01	0.0117948	0.0096469	1.49489	2.2E-01	1.47169	2.3E-01
rs748483	4	952409	0.00822297	A	G	0.891514	0.99682	0.159609	6.9E-01	0.00425994	0.00906754	0.220713	6.4E-01	0.108115	7.4E-01
rs1912897	4	26006133	0.455942	A	T	0.79303	0.98817	0.103658	7.5E-01	0.00175656	0.00698973	0.0631548	8.0E-01	0.00175199	9.7E-01
rs7689800	4	26295421	0.461356	C	G	0.382047	0.982424	1.13187	2.9E-01	-0.00569631	0.00584515	0.949722	3.3E-01	1.5718	2.1E-01
rs34171390	4	56192405	0.730002	C	G	0.8287	0.967618	1.38704	2.4E-01	-0.00874933	0.00757271	1.33489	2.5E-01	1.41042	2.3E-01
rs3017896	4	89533004	1.04795	G	C	0.704424	1	0.00554331	9.4E-01	0.000415364	0.00614634	0.00456693	9.5E-01	0.0455764	8.3E-01
rs10029220	4	89710592	1.04921	C	T	0.909822	0.997537	0.0056163	9.4E-01	-0.000156432	0.00984509	0.00025247	9.9E-01	0.0686346	7.9E-01
rs1813006	4	103001649	1.15654	G	T	0.940843	0.94358	3.22114	7.3E-02	0.0217294	0.012266	3.13826	7.6E-02	3.7135	5.4E-02
rs12647922	4	106063987	1.17944	C	T	0.794569	0.998343	1.0183	3.1E-01	-0.00686571	0.00696191	0.972555	3.2E-01	1.0646	3.0E-01
rs7655064	4	120106348	1.31331	T	C	0.875314	0.995692	2.78414	9.5E-02	0.0139479	0.00851959	2.6803	1.0E-01	2.74459	9.8E-02
rs2922979	4	123748616	1.34468	C	G	0.689916	1	0.768909	3.8E-01	-0.00586484	0.0060899	0.927455	3.4E-01	0.813912	3.7E-01
rs1520325	4	125182690	1.35483	C	T	0.780072	0.994582	0.00232219	9.6E-01	0.00186157	0.0068112	0.0746983	7.8E-01	0.132924	7.2E-01
rs2353397	4	145517578	1.53798	C	T	0.460014	1	0.00954483	9.2E-01	-0.00149163	0.00565133	0.0696663	7.9E-01	0.0416155	8.4E-01
rs2166365	5	3597830	0.0882728	A	G	0.777698	0.981109	0.00022141	9.9E-01	-0.000430487	0.00682335	0.00398038	9.5E-01	0.0181289	8.9E-01
rs13178917	5	4007353	0.10142	C	T	0.551974	0.99437	0.647998	4.2E-01	-0.00371122	0.0056479	0.431776	5.1E-01	0.10848	7.4E-01
rs10061804	5	32748637	0.511958	G	A	0.711087	1	0.0855016	7.7E-01	-0.00182206	0.00620918	0.0861109	7.7E-01	0.200646	6.5E-01
rs299615	5	34042097	0.535425	G	A	0.843206	1	0.841845	3.6E-01	-0.00861275	0.00774376	1.23703	2.7E-01	0.380999	5.4E-01
rs4293945	5	38736142	0.597252	A	T	0.606405	0.995383	4.38262	3.6E-02	0.01327	0.00577082	5.28773	2.1E-02	6.34457	1.2E-02
rs163112	5	54538003	0.667379	C	G	0.107056	0.994238	0.097863	7.5E-01	-0.00357216	0.00913908	0.152776	7.0E-01	0.566746	4.5E-01
rs61653333	5	55779080	0.679717	G	T	0.970413	0.977169	0.00309567	9.6E-01	0.00230747	0.0167636	0.0189469	8.9E-01	0.0146746	9.0E-01
rs6867983	5	55854153	0.681454	C	T	0.861186	1	0.0207736	8.9E-01	-0.00184319	0.00813669	0.051315	8.2E-01	0.0776527	7.8E-01
rs11749164	5	66294202	0.770672	T	G	0.726476	0.988719	0.391475	5.3E-01	-0.00401642	0.00635042	0.400013	5.3E-01	0.382524	5.4E-01
rs6878122	5	76427311	0.889556	G	A	0.318279	0.997785	0.949729	3.3E-01	0.00605922	0.00605287	1.0021	3.2E-01	1.27776	2.6E-01
rs7734060	5	101780479	1.10738	T	G	0.734786	0.995631	0.195904	6.6E-01	-0.00227221	0.00640627	0.125801	7.2E-01	0.11047	7.4E-01
rs1394631	5	118639270	1.27349	C	T	0.775173	0.988487	0.341684	5.6E-01	-0.00403094	0.00676624	0.35491	5.5E-01	0.537888	4.6E-01
rs11744058	5	118798944	1.27486	G	T	0.783774	0.998591	0.0356527	8.5E-01	-0.000568795	0.00684316	0.00690873	9.3E-01	0.207069	6.5E-01
rs3749748	5	127350549	1.37291	C	T	0.753975	0.992802	1.06355	3.0E-01	-0.00627163	0.00655101	0.916525	3.4E-01	1.08241	3.0E-01
rs4705986	5	132349654	1.39065	T	G	0.937241	0.978165	0.0671489	8.0E-01	-0.00270999	0.0117366	0.0533155	8.2E-01	0.00387921	9.5E-01
rs10463353	5	141710741	1.48273	C	T	0.640669	0.986535	0.818379	3.7E-01	-0.00629306	0.00589669	1.13896	2.9E-01	0.805425	3.7E-01
rs33999	5	141973349	1.48937	C	G	0.612065	0.9834	0.0866558	7.7E-01	-0.00115429	0.00580869	0.0394884	8.4E-01	0.0521135	8.2E-01
rs10062458	5	156367092	1.66277	T	C	0.34782	0.985353	33.945	5.7E-09	-0.0337067	0.00591768	32.4436	1.2E-08	33.574	6.9E-09
rs12652322	5	171822666	1.88951	C	T	0.705252	0.99822	1.28738	2.6E-01	-0.00727062	0.00618171	1.38333	2.4E-01	1.22653	2.7E-01
rs2053681	5	172746086	1.91113	A	G	0.485601	0.912476	0.0399399	8.4E-01	-0.00188913	0.00590634	0.102303	7.5E-01	0.195133	6.6E-01
rs10035782	5	173270328	1.92939	A	G	0.600665	0.984103	4.93517	2.6E-02	0.0127046	0.00578928	4.81585	2.8E-02	4.91774	2.7E-02
rs11963955	6	6631996	0.178791	A	G	0.637527	0.976944	1.10025	2.9E-01	-0.00653185	0.00592876	1.21379	2.7E-01	0.713153	4.0E-01
rs201061	6	6730512	0.181115	G	A	0.455616	0.976616	0.0191847	8.9E-01	-0.000506175	0.00570496	0.0078722	9.3E-01	0.00763574	9.3E-01
rs1334576	6	7211818	0.195986	G	A	0.5774	1	0.740161	3.9E-01	0.00483967	0.00570733	0.719061	4.0E-01	0.822795	3.6E-01
rs9382988	6	14595010	0.314722	C	A	0.204362	0.998886	0.03697	8.5E-01	9.57942e-05	0.00700081	0.000187233	9.9E-01	0.00383316	9.5E-01
rs4710940	6	20658012	0.410434	A	C	0.647018	0.999463	0.444792	5.0E-01	0.00424714	0.00590189	0.517858	4.7E-01	0.567079	4.5E-01
rs3129830	6	30248711	0.50553	G	A	0.868546	0.999908	0.317602	5.7E-01	0.00359911	0.00829765	0.18814	6.6E-01	0.192787	6.6E-01
rs7772131	6	30795171	0.50714	A	C	0.988571	1	3.38257	6.6E-02	-0.0502661	0.0264787	3.60377	5.8E-02	3.4172	6.5E-02
rs6919908	6	31244960	0.511805	T	C	0.193909	0.999901	0.503185	4.8E-01	-0.00557369	0.00713786	0.609747	4.3E-01	0.933724	3.3E-01
rs181133225	6	32454764	0.520293	T	C	0.893444	0.778953	1.18981	2.8E-01	0.00996256	0.0102744	0.940224	3.3E-01	0.377105	5.4E-01
rs117108573	6	32489679	0.520303	C	T	0.921405	0.866866	0.903741	3.4E-01	0.00938144	0.011166	0.705901	4.0E-01	0.184378	6.7E-01
rs575662827	6	32543874	0.520325	T	C	0.899303	0.833996	1.82538	1.8E-01	0.0127346	0.0101922	1.56112	2.1E-01	0.635675	4.3E-01
rs114760566	6	34192036	0.545788	C	A	0.954268	0.993831	0.00025706	9.9E-01	-0.000193945	0.0135023	0.00020632	9.9E-01	0.0979601	7.5E-01
rs1574430	6	43269029	0.669727	A	C	0.391321	0.999399	1.64844	2.0E-01	0.00738039	0.00576643	1.63812	2.0E-01	1.61691	2.0E-01
rs9381248	6	43734606	0.675407	C	T	0.87836	0.993046	0.178235	6.7E-01	-0.00212531	0.00864544	0.0604322	8.1E-01	0.0343238	8.5E-01
rs35349911	6	43785255	0.678849	C	T	0.409597	0.97009	0.0921579	7.6E-01	-0.00189732	0.0058215	0.106221	7.4E-01	0.0455757	8.3E-01
rs72902769	6	80719576	0.920488	C	G	0.966636	0.999182	0.0771948	7.8E-01	0.00424448	0.0156986	0.0731014	7.9E-01	0.164819	6.8E-01
rs62406467	6	81114126	0.921634	G	T	0.849349	0.952286	0.0159379	9.0E-01	-0.000906858	0.00806138	0.0126549	9.1E-01	0.147115	7.0E-01
rs6924944	6	100597579	1.0811	A	T	0.245827	0.981159	1.40139	2.4E-01	0.00806267	0.00661549	1.48537	2.2E-01	0.897188	3.4E-01
rs2806373	6	109222017	1.18299	G	A	0.239664	0.998945	0.10086	7.5E-01	-0.00234335	0.00658873	0.126494	7.2E-01	0.200745	6.5E-01
rs72969772	6	126187585	1.32503	A	G	0.980332	1	0.697679	4.0E-01	-0.0182658	0.0203279	0.807406	3.7E-01	0.325444	5.7E-01
rs9986505	6	126445558	1.32603	A	G	0.6761	0.991308	0.439741	5.1E-01	0.00386809	0.00603898	0.410267	5.2E-01	0.267673	6.0E-01
rs74949497	6	126812007	1.32699	A	C	0.97518	1	0.00380381	9.5E-01	-0.00127003	0.0181947	0.00487235	9.4E-01	1.36654e-06	1.0E+00
rs139242696	6	127414440	1.32797	T	C	0.974907	0.948341	0.000157824	9.9E-01	0.003499	0.0184421	0.0359971	8.5E-01	0.0098108	9.2E-01
rs9385864	6	139805476	1.50274	C	T	0.6907	0.988333	0.0801923	7.8E-01	-0.00202389	0.00613514	0.108824	7.4E-01	0.0302109	8.6E-01
rs12205386	6	139837171	1.50318	C	A	0.643666	0.9992	2.04622	1.5E-01	0.00753964	0.00588279	1.64261	2.0E-01	1.63547	2.0E-01
rs11756568	6	152042413	1.64245	A	T	0.724877	0.999168	5.3657	2.1E-02	-0.0128901	0.00631294	4.16918	4.1E-02	5.17334	2.3E-02
rs998075	6	160468278	1.77084	A	G	0.53429	0.994008	37.0815	1.1E-09	0.0344266	0.00567189	36.8411	1.3E-09	37.1633	1.1E-09
rs118039278	6	160985526	1.7755	G	A	0.921465	0.991329	30.1375	4.0E-08	-0.0573573	0.0105083	29.7927	4.8E-08	33.4878	7.2E-09
rs2214440	7	20372191	0.358281	A	G	0.667686	0.991786	0.165065	6.8E-01	0.00384452	0.00600213	0.410272	5.2E-01	1.08255	3.0E-01
rs111683990	7	25729528	0.437229	C	G	0.955515	0.987881	0.554258	4.6E-01	-0.0102841	0.0137584	0.558716	4.5E-01	1.04253	3.1E-01
rs2040786	7	26208736	0.442609	G	A	0.529361	1	0.676499	4.1E-01	0.00415841	0.00563642	0.544311	4.6E-01	0.354188	5.5E-01
rs17428025	7	27251396	0.453724	C	T	0.971743	0.967404	0.46345	5.0E-01	-0.0123418	0.0172608	0.511252	4.7E-01	0.859588	3.5E-01
rs849140	7	28183702	0.463008	T	C	0.410278	1	6.10806	1.3E-02	-0.0147596	0.00575162	6.58522	1.0E-02	8.50637	3.5E-03
rs17172095	7	42665355	0.680121	A	G	0.679343	0.995026	0.960941	3.3E-01	-0.00595409	0.00604038	0.971632	3.2E-01	0.814828	3.7E-01
rs17725246	7	44581986	0.698744	T	C	0.815924	0.999146	31.5464	1.9E-08	-0.0415234	0.00723411	32.947	9.5E-09	37.2104	1.1E-09
rs71556711	7	72854549	0.899611	C	T	0.908397	1	8.49149	3.6E-03	-0.0301219	0.00974125	9.56172	2.0E-03	9.26309	2.3E-03
rs7780317	7	72867852	0.899612	C	T	0.92793	0.985744	0.00247108	9.6E-01	-0.000153761	0.0109254	0.000198069	9.9E-01	0.0168101	9.0E-01
rs57487833	7	77115793	0.936393	G	A	0.723097	0.985735	5.1122	2.4E-02	-0.0145561	0.00633088	5.28643	2.1E-02	5.22285	2.2E-02
rs76306613	7	106235348	1.22452	G	T	0.855998	0.98895	0.940309	3.3E-01	-0.00716842	0.00806286	0.79044	3.7E-01	1.17741	2.8E-01
rs2237687	7	107585473	1.24369	C	T	0.472386	0.966594	1.55923	2.1E-01	-0.00754453	0.00572669	1.73563	1.9E-01	2.28094	1.3E-01
rs38902	7	116889718	1.32093	G	A	0.474719	0.992845	2.11453	1.5E-01	-0.00837068	0.00565148	2.1938	1.4E-01	1.97537	1.6E-01
rs12154627	7	130422934	1.4017	T	C	0.506907	0.97487	0.0415214	8.4E-01	-0.00150459	0.00568858	0.0699567	7.9E-01	0.1858	6.7E-01
rs7808446	7	150214465	1.67249	T	G	0.235469	0.993612	0.75787	3.8E-01	-0.00513379	0.00665197	0.595629	4.4E-01	0.2667	6.1E-01
rs7012637	8	9173209	0.251675	G	A	0.526887	0.985021	33.822	6.0E-09	-0.0323288	0.00567281	32.4774	1.2E-08	32.0915	1.5E-08
rs7844736	8	23551671	0.545238	A	G	0.828827	1	0.177657	6.7E-01	-0.00280478	0.00748189	0.140532	7.1E-01	1.99778e-05	1.0E+00
rs310289	8	23610756	0.545792	C	T	0.760888	0.994537	6.21324	1.3E-02	0.0160319	0.00662542	5.85523	1.6E-02	4.88842	2.7E-02
rs11992444	8	25464690	0.565812	G	T	0.49058	1	8.15363	4.3E-03	-0.0150843	0.00561569	7.2151	7.2E-03	6.68549	9.7E-03
rs7815496	8	38321607	0.69461	C	T	0.597431	0.996532	1.38029	2.4E-01	-0.00771731	0.00573379	1.81154	1.8E-01	1.09586	3.0E-01
rs12543555	8	69562014	0.90375	A	G	0.792127	0.98465	0.508415	4.8E-01	-0.00641281	0.00696921	0.8467	3.6E-01	1.42413	2.3E-01
rs28568866	8	72353630	0.949663	G	A	0.969859	0.939217	0.0227228	8.8E-01	-0.0041258	0.0169964	0.0589255	8.1E-01	0.102236	7.5E-01
rs146492163	8	72386394	0.950025	G	T	0.96946	0.960969	0.748253	3.9E-01	0.0138646	0.0167096	0.688471	4.1E-01	0.803033	3.7E-01
rs1895674	8	72443246	0.950276	T	G	0.946831	0.990629	0.194741	6.6E-01	-0.0066572	0.0125637	0.28077	6.0E-01	0.298844	5.8E-01
rs4147332	8	89280863	1.08332	G	C	0.323111	0.995784	6.30666	1.2E-02	0.014893	0.00602273	6.1147	1.3E-02	6.14506	1.3E-02
rs144435165	8	126419938	1.45107	G	C	0.944194	0.785853	1.11584	2.9E-01	-0.0183984	0.0138061	1.77592	1.8E-01	1.9539	1.6E-01
rs2954018	8	126477153	1.45319	C	T	0.298303	0.998357	5.26508	2.2E-02	0.0135758	0.00615484	4.86514	2.7E-02	5.56394	1.8E-02
rs6991761	8	128274518	1.48941	C	T	0.844226	0.993607	0.0124419	9.1E-01	-0.00213762	0.00776911	0.0757037	7.8E-01	0.145849	7.0E-01
rs2467030	8	135665361	1.60637	A	G	0.339711	0.997044	0.0456028	8.3E-01	-0.00230219	0.0059648	0.148967	7.0E-01	0.375362	5.4E-01
rs12340775	9	13226945	0.282033	G	A	0.944664	0.940298	1.47954	2.2E-01	0.0163216	0.0126754	1.65807	2.0E-01	2.6786	1.0E-01
rs73650963	9	93943033	1.11642	T	C	0.892489	0.990174	0.0411002	8.4E-01	0.00278258	0.00908835	0.0937401	7.6E-01	0.187939	6.6E-01
rs2131919	9	95283887	1.12689	A	G	0.83667	0.999136	0.0343313	8.5E-01	-0.00161153	0.00763693	0.0445288	8.3E-01	0.241578	6.2E-01
rs1572136	9	101740604	1.18729	G	C	0.724977	0.989514	0.659559	4.2E-01	0.00544994	0.00634402	0.737997	3.9E-01	1.18747	2.8E-01
rs12686004	9	107653426	1.24316	G	A	0.884341	1	15.7771	7.1E-05	0.0363964	0.00879634	17.1204	3.5E-05	17.6227	2.7E-05
rs10991414	9	107685589	1.24582	T	C	0.861068	0.989408	0.426498	5.1E-01	0.00520146	0.00819999	0.40237	5.3E-01	0.141029	7.1E-01
rs111479443	9	107874316	1.24936	T	G	0.963776	0.9746	9.58192	2.0E-03	0.0478841	0.0152668	9.8375	1.7E-03	9.23482	2.4E-03
rs7048735	9	112529695	1.31375	A	G	0.239526	0.976202	1.40488	2.4E-01	0.00666969	0.00667067	0.999706	3.2E-01	1.29684	2.5E-01
rs1002607	9	113858933	1.33848	T	C	0.40707	0.988428	2.09982	1.5E-01	-0.00846052	0.00577175	2.14872	1.4E-01	2.59559	1.1E-01
rs13298297	9	119264108	1.4204	G	A	0.769275	0.989359	1.82329	1.8E-01	-0.00906295	0.00673645	1.81	1.8E-01	1.49607	2.2E-01
rs6478851	9	131561110	1.55426	G	A	0.758733	1	0.21344	6.4E-01	-0.00264054	0.00659132	0.160487	6.9E-01	0.569031	4.5E-01
rs687621	9	136137065	1.66206	A	G	0.681622	1	42.6536	6.5E-11	-0.0391206	0.00604142	41.9307	9.5E-11	43.3886	4.5E-11
rs60980157	9	139235415	1.78278	C	T	0.757489	0.966704	0.0630651	8.0E-01	0.00255855	0.00665899	0.147629	7.0E-01	0.0390016	8.4E-01
rs7072195	10	3540748	0.0738836	T	C	0.417524	0.993244	0.366843	5.4E-01	-0.00290914	0.0057279	0.257951	6.1E-01	0.585598	4.4E-01
rs11592754	10	32619572	0.605452	A	C	0.856559	0.998356	0.640015	4.2E-01	0.00633601	0.0080286	0.622805	4.3E-01	1.18149	2.8E-01
rs2247396	10	33489192	0.60946	G	A	0.603662	0.99818	0.407013	5.2E-01	0.00273353	0.00573727	0.227007	6.3E-01	0.356151	5.5E-01
rs4341488	10	60452745	0.822202	G	A	0.188405	0.998867	0.396834	5.3E-01	-0.00466879	0.00719346	0.421244	5.2E-01	0.351716	5.5E-01
rs17287962	10	63770969	0.858439	A	G	0.970068	0.979005	0.0180723	8.9E-01	0.00188276	0.016684	0.0127348	9.1E-01	0.129012	7.2E-01
rs10762666	10	77157489	1.00522	A	G	0.241989	0.984822	4.71702	3.0E-02	-0.0142958	0.00659438	4.69966	3.0E-02	3.53077	6.0E-02
rs10887758	10	89603315	1.15934	T	C	0.784607	0.990793	0.338774	5.6E-01	0.0027443	0.00689051	0.158621	6.9E-01	0.158498	6.9E-01
rs141490680	10	95280981	1.22085	G	A	0.866803	0.998279	2.61723	1.1E-01	0.0141096	0.00827762	2.90548	8.8E-02	2.74086	9.8E-02
rs7342070	10	104223628	1.30538	T	C	0.455127	1	6.24957	1.2E-02	0.0142419	0.00564706	6.3605	1.2E-02	7.96507	4.8E-03
rs7917983	10	114732882	1.3977	T	C	0.532013	1	0.989926	3.2E-01	0.00543036	0.00564231	0.926282	3.4E-01	1.31824	2.5E-01
rs242956	10	119297479	1.46386	C	T	0.362576	0.990585	0.689256	4.1E-01	0.00484159	0.00586803	0.680756	4.1E-01	0.819554	3.7E-01
rs7104929	11	784340	0.0108006	C	G	0.530558	0.997422	0.064984	8.0E-01	0.00192311	0.00565724	0.115558	7.3E-01	0.10529	7.5E-01
rs7932891	11	10921512	0.210707	A	G	0.294517	0.99931	2.53439	1.1E-01	-0.008281	0.00616541	1.80402	1.8E-01	2.83886	9.2E-02
rs11607537	11	14224166	0.277204	C	T	0.941072	0.981717	2.18578	1.4E-01	-0.0166415	0.0120624	1.90334	1.7E-01	1.63625	2.0E-01
rs79634051	11	14561945	0.278112	G	C	0.97174	1	0.29499	5.9E-01	-0.0103112	0.0169184	0.371449	5.4E-01	0.312021	5.8E-01
rs3114693	11	26127790	0.452397	A	T	0.617593	0.997848	0.00200604	9.6E-01	-2.69173e-05	0.00579494	2.15756e-05	1.0E+00	0.0380951	8.5E-01
rs56386213	11	36291554	0.562467	A	G	0.595018	1	0.814731	3.7E-01	-0.00529146	0.00569718	0.862644	3.5E-01	1.14371	2.8E-01
rs2269928	11	61537529	0.703886	T	G	0.77337	0.962155	33.5255	7.0E-09	0.0391102	0.00686307	32.4745	1.2E-08	37.4949	9.2E-10
rs2072114	11	61605215	0.704106	A	G	0.878024	1	80.4114	3.0E-19	0.076481	0.00858964	79.2788	5.4E-19	87.6667	7.7E-21
rs4297487	11	69229628	0.763225	A	G	0.324796	0.994186	0.0978202	7.5E-01	0.00183737	0.00602287	0.0930654	7.6E-01	0.000407741	9.8E-01
rs28690953	11	111384426	1.18701	T	G	0.852988	1	0.190087	6.6E-01	-0.00405203	0.00794951	0.259815	6.1E-01	0.236542	6.3E-01
rs12721030	11	116705278	1.26127	C	T	0.805807	0.984924	34.0498	5.4E-09	-0.0421818	0.00714012	34.9011	3.5E-09	36.2153	1.8E-09
rs12804228	11	126260684	1.42442	A	G	0.914785	0.983631	27.6552	1.4E-07	-0.0559601	0.0101574	30.3522	3.6E-08	30.4534	3.4E-08
rs747249	11	130271647	1.49781	A	G	0.360849	0.986641	2.0358	1.5E-01	-0.00844072	0.00590087	2.0461	1.5E-01	3.55075	6.0E-02
rs11045172	12	20470221	0.37098	A	C	0.802205	0.989276	1.28728	2.6E-01	-0.00753953	0.00710182	1.12707	2.9E-01	1.27302	2.6E-01
rs7977928	12	26265632	0.457285	G	A	0.408615	1	0.0681751	7.9E-01	-0.00175071	0.00571184	0.0939459	7.6E-01	0.0797041	7.8E-01
rs2343874	12	26409450	0.459085	G	A	0.53283	0.98214	2.75057	9.7E-02	0.0104923	0.00568533	3.40588	6.5E-02	3.66948	5.5E-02
rs16931815	12	27427917	0.469712	A	G	0.872673	0.996695	0.450259	5.0E-01	-0.00481987	0.00847195	0.323671	5.7E-01	0.779192	3.8E-01
rs7310959	12	45968598	0.59006	G	A	0.897555	1	0.611602	4.3E-01	0.0074149	0.00929849	0.635895	4.3E-01	0.299285	5.8E-01
rs75824359	12	54320490	0.68262	A	G	0.970266	0.973341	0.282732	5.9E-01	-0.0100603	0.0167854	0.359218	5.5E-01	0.560253	4.5E-01
rs10878362	12	66417493	0.793832	C	A	0.687723	0.991565	0.943609	3.3E-01	-0.00670877	0.00608226	1.21662	2.7E-01	1.43675	2.3E-01
rs10745659	12	94092690	1.0816	C	G	0.553308	0.994516	0.424663	5.1E-01	0.00356048	0.00569356	0.391067	5.3E-01	0.102657	7.5E-01
rs10778495	12	106991545	1.2616	A	G	0.720919	0.990603	1.84484	1.7E-01	-0.00780827	0.00627953	1.54616	2.1E-01	0.676912	4.1E-01
rs189392453	12	122381427	1.46398	C	A	0.929828	0.926987	0.0435123	8.3E-01	-0.00169851	0.0114467	0.0220181	8.8E-01	0.000197503	9.9E-01
rs12366339	12	122854616	1.46723	G	A	0.9894	0.907552	0.131251	7.2E-01	-0.010825	0.0288822	0.140474	7.1E-01	0.00626268	9.4E-01
rs147433011	12	123162845	1.46972	T	C	0.989135	0.898372	0.0193485	8.9E-01	0.00587322	0.0286954	0.0418918	8.4E-01	0.0893007	7.7E-01
rs116950578	12	123188577	1.46982	C	T	0.967055	1	0.825083	3.6E-01	-0.0141033	0.0157311	0.803756	3.7E-01	1.17566	2.8E-01
rs140689322	12	123375732	1.4703	G	A	0.973654	0.966101	3.70243	5.4E-02	-0.0316107	0.0178679	3.12981	7.7E-02	3.82933	5.0E-02
rs28722199	12	123989436	1.47618	A	G	0.954286	0.931304	2.29136	1.3E-01	0.0179656	0.0139567	1.65699	2.0E-01	2.64922	1.0E-01
rs12582221	12	125323240	1.49972	G	A	0.572176	1	0.0417833	8.4E-01	0.000966249	0.00568175	0.028921	8.6E-01	0.040144	8.4E-01
rs7993238	13	22473593	0.0544542	A	C	0.631395	0.976757	1.11471	2.9E-01	0.00667641	0.00591226	1.2752	2.6E-01	1.54448	2.1E-01
rs10507524	13	44684600	0.468128	T	C	0.907237	0.994143	0.998	3.2E-01	-0.00927064	0.00975618	0.902941	3.4E-01	0.844053	3.6E-01
rs12872335	13	50442235	0.536587	G	A	0.792188	0.994746	1.65448	2.0E-01	-0.00877724	0.00695981	1.59045	2.1E-01	1.3127	2.5E-01
rs61964388	13	51061980	0.539297	G	A	0.904117	0.961186	1.05427	3.0E-01	-0.0115915	0.00973667	1.41729	2.3E-01	1.25484	2.6E-01
rs627527	13	110915135	1.21483	G	A	0.418925	0.983958	0.134605	7.1E-01	0.00195019	0.00574638	0.115177	7.3E-01	0.0284363	8.7E-01
rs1057119	14	23746269	0.116581	C	G	0.76153	1	0.276939	6.0E-01	0.00297066	0.00658015	0.203815	6.5E-01	0.343881	5.6E-01
rs140664623	14	52321987	0.459221	G	T	0.976323	0.975931	0.41839	5.2E-01	-0.0116655	0.0186711	0.390361	5.3E-01	0.815014	3.7E-01
rs2145600	14	58750902	0.537897	C	G	0.237608	0.992449	0.00790953	9.3E-01	-0.000375703	0.00662512	0.0032159	9.5E-01	0.00130774	9.7E-01
rs6575165	14	91352234	0.881721	G	A	0.76556	0.994744	0.0733895	7.9E-01	0.00252503	0.00664907	0.144216	7.0E-01	0.46468	5.0E-01
rs10130936	14	98342676	1.02712	C	T	0.37676	0.985923	4.82541	2.8E-02	0.0126867	0.00585395	4.69679	3.0E-02	4.3262	3.8E-02
rs4779523	15	31679470	0.452779	T	A	0.728098	0.995337	0.0470236	8.3E-01	0.00134486	0.00635559	0.044776	8.3E-01	0.00662046	9.4E-01
rs28647196	15	40833379	0.629227	C	T	0.564205	0.997093	1.6409	2.0E-01	0.00649067	0.00569687	1.2981	2.5E-01	1.96376	1.6E-01
rs11630710	15	56364758	0.756318	G	T	0.893172	0.979091	0.0166723	9.0E-01	-0.000499299	0.0092362	0.00292237	9.6E-01	0.00531127	9.4E-01
rs17184382	15	63792486	0.876626	A	C	0.574619	1	0.0373368	8.5E-01	-0.000119241	0.00569564	0.000438297	9.8E-01	0.0574687	8.1E-01
rs2165241	15	74222202	0.994735	T	C	0.491224	0.994517	1.90717	1.7E-01	-0.00839856	0.00562583	2.22862	1.4E-01	0.813491	3.7E-01
rs12905116	15	79042734	1.02295	T	A	0.242831	0.998559	0.358667	5.5E-01	-0.00412703	0.00654055	0.398149	5.3E-01	0.375486	5.4E-01
rs2401948	16	1340854	0.0338191	G	C	0.470436	0.984992	0.271005	6.0E-01	0.00284495	0.0056785	0.251005	6.2E-01	0.0809752	7.8E-01
rs3747577	16	4415696	0.082586	C	G	0.259467	0.988145	0.217346	6.4E-01	-0.0028023	0.00646236	0.188038	6.6E-01	0.284267	5.9E-01
rs6498114	16	10964118	0.259065	G	T	0.240585	0.980902	0.705547	4.0E-01	-0.00589224	0.00665152	0.784727	3.8E-01	1.08605	3.0E-01
rs2192868	16	53428284	0.643286	G	A	0.551203	0.983829	0.137195	7.1E-01	-0.00268815	0.00571023	0.221615	6.4E-01	0.207328	6.5E-01
rs116975210	16	67058614	0.849502	T	G	0.960603	0.993544	0.0796306	7.8E-01	-0.00517039	0.014511	0.126956	7.2E-01	0.133135	7.2E-01
rs2056876	16	78864296	0.975993	T	G	0.815684	0.95437	0.751256	3.9E-01	0.00609952	0.00741389	0.676861	4.1E-01	0.479701	4.9E-01
rs9926618	16	81484570	1.04509	T	A	0.39429	0.97289	0.340962	5.6E-01	-0.00404273	0.0058367	0.47975	4.9E-01	0.761965	3.8E-01
rs66710707	16	81528621	1.0457	A	G	0.719577	0.992374	2.03576	1.5E-01	-0.00896511	0.0062861	2.03399	1.5E-01	1.95272	1.6E-01
rs116911572	17	943593	0.0364958	T	C	0.982069	1	1.21931	2.7E-01	-0.0243289	0.0212392	1.3121	2.5E-01	1.08133	3.0E-01
rs4151120	17	7342148	0.196018	T	A	0.629178	0.991461	2.71204	1.0E-01	0.00979786	0.00585298	2.80226	9.4E-02	2.75374	9.7E-02
rs1561	17	8263334	0.209036	C	T	0.928268	0.930811	2.30734	1.3E-01	-0.0179219	0.0112831	2.52297	1.1E-01	2.72213	9.9E-02
rs1242488	17	17347995	0.443205	C	A	0.250473	0.994678	2.54311	1.1E-01	-0.00953844	0.0064954	2.15647	1.4E-01	1.85049	1.7E-01
rs897456	17	17422608	0.444631	A	G	0.942018	1	0.126392	7.2E-01	0.00355375	0.0120579	0.0868618	7.7E-01	0.0963337	7.6E-01
rs11651639	17	27672320	0.49569	A	T	0.483934	0.999433	0.00542468	9.4E-01	0.000365767	0.00562878	0.0042226	9.5E-01	0.00157618	9.7E-01
rs55883500	17	40395267	0.664304	T	G	0.691334	0.998762	0.00303193	9.6E-01	-0.00055093	0.00609022	0.00818327	9.3E-01	0.0235853	8.8E-01
rs2242461	17	40861424	0.665935	G	A	0.405713	1	0.378903	5.4E-01	-0.00369453	0.0057287	0.415917	5.2E-01	0.710537	4.0E-01
rs62053943	17	43744203	0.688226	C	T	0.845555	0.975028	1.68385	1.9E-01	-0.00840695	0.00789926	1.13267	2.9E-01	1.26317	2.6E-01
rs6504972	17	53601168	0.790946	G	A	0.654059	0.990391	0.664199	4.2E-01	-0.00472417	0.00596468	0.627302	4.3E-01	0.674233	4.1E-01
rs9892365	17	59491384	0.871045	A	G	0.330387	0.996856	0.531325	4.7E-01	0.00534554	0.00599072	0.796204	3.7E-01	0.987232	3.2E-01
rs146385050	17	60637258	0.881108	C	A	0.819308	0.982238	0.185859	6.7E-01	0.00343939	0.00737192	0.217672	6.4E-01	0.0675742	7.9E-01
rs1966327	17	67570113	0.971768	A	G	0.320402	0.997202	0.649239	4.2E-01	-0.00424618	0.00603142	0.49563	4.8E-01	0.406047	5.2E-01
rs9896666	17	68226321	0.98162	C	T	0.675868	0.994992	0.113457	7.4E-01	0.0016878	0.00602097	0.0785791	7.8E-01	0.276233	6.0E-01
rs3810068	18	2846499	0.0738566	T	C	0.595452	1	3.10841	7.8E-02	0.00867706	0.00571837	2.3025	1.3E-01	2.93939	8.6E-02
rs4800451	18	20716805	0.429195	C	T	0.259966	0.984274	0.204514	6.5E-01	0.00216171	0.0064753	0.111448	7.4E-01	0.0457817	8.3E-01
rs1026186	18	42741410	0.625015	G	A	0.64681	0.995626	0.890501	3.5E-01	0.00502106	0.00589893	0.724512	3.9E-01	0.838404	3.6E-01
rs8086644	18	60788559	0.864537	G	A	0.834201	0.988925	0.068791	7.9E-01	-0.00368273	0.00759751	0.234963	6.3E-01	0.282943	5.9E-01
rs12979965	19	2131148	0.0753026	A	G	0.499935	0.991113	0.30595	5.8E-01	0.00428483	0.00563242	0.578732	4.5E-01	0.787639	3.7E-01
rs10421685	19	4488926	0.151356	G	A	0.311293	0.998169	6.30648	1.2E-02	0.0143872	0.00607186	5.61449	1.8E-02	5.46092	1.9E-02
rs10421685	19	4488926	0.151356	G	C	0.973386	0.548756	0.0390264	8.4E-01	0.00420852	0.0235207	0.0320153	8.6E-01	0.0289572	8.6E-01
rs35555265	19	17152232	0.420672	C	T	0.803227	0.993265	0.156511	6.9E-01	0.00374625	0.00707123	0.280674	6.0E-01	0.215578	6.4E-01
rs72999466	19	18248499	0.447893	C	T	0.742123	0.99893	0.2628	6.1E-01	0.00142569	0.00641282	0.0494258	8.2E-01	0.119599	7.3E-01
rs1423056	19	33780444	0.560699	G	A	0.681795	0.903762	0.121813	7.3E-01	0.0018136	0.0063471	0.0816455	7.8E-01	2.24128e-05	1.0E+00
rs113504807	19	33787954	0.561506	C	T	0.951238	0.934153	0.850305	3.6E-01	-0.0140682	0.0134552	1.0932	3.0E-01	1.01318	3.1E-01
rs11672697	19	33876955	0.562267	C	T	0.494053	0.99299	0.608358	4.4E-01	0.00479733	0.00563682	0.724322	3.9E-01	0.673837	4.1E-01
rs62116588	19	44446097	0.68736	C	G	0.976805	0.933368	48.9013	2.7E-12	0.13409	0.0193322	48.1094	4.0E-12	52.9074	3.5E-13
rs28550459	19	45037783	0.693461	T	A	0.964339	0.862461	34.9448	3.4E-09	0.0954709	0.016261	34.4705	4.3E-09	35.5583	2.5E-09
rs73048351	19	45160086	0.697689	C	A	0.989712	0.91554	81.7501	1.5E-19	0.271912	0.0291453	87.0407	1.1E-20	85.8241	2.0E-20
rs139326841	19	45269725	0.701551	T	C	0.978636	0.821408	41.8625	9.8E-11	-0.137654	0.0213579	41.5394	1.2E-10	43.6618	3.9E-11
rs3745150	19	45385759	0.706836	G	C	0.607337	0.977556	74.5062	6.0E-18	-0.0498188	0.00582705	73.0953	1.2E-17	74.1082	7.4E-18
rs146390218	19	45478352	0.709104	A	G	0.973731	0.966351	218.301	2.1E-49	0.266613	0.0178503	223.085	1.9E-50	234.273	7.0E-53
rs141651018	19	46042665	0.717068	C	T	0.969731	0.964852	59.5361	1.2E-14	0.130936	0.0166745	61.6612	4.1E-15	64.418	1.0E-15
rs151235402	20	569164	0.0196907	C	T	0.984757	0.956324	3.23765	7.2E-02	0.0435073	0.0236174	3.3936	6.5E-02	3.27635	7.0E-02
rs805769	20	5667459	0.191037	T	C	0.595306	0.99253	0.37941	5.4E-01	0.00364653	0.0057546	0.401541	5.3E-01	0.140486	7.1E-01
rs6117303	20	6487687	0.213838	T	C	0.34849	0.989053	2.79511	9.5E-02	0.0106638	0.00593235	3.23124	7.2E-02	2.96058	8.5E-02
rs146411982	20	38985760	0.586515	A	G	0.97517	0.885893	12.3483	4.4E-04	-0.0689803	0.0191782	12.937	3.2E-04	12.2012	4.8E-04
rs1997833	20	39690342	0.597551	T	C	0.700507	0.998963	7.77371	5.3E-03	-0.0176974	0.00612124	8.35874	3.8E-03	10.0358	1.5E-03
rs11699991	20	45489407	0.689702	T	A	0.670387	0.988835	1.09535	3.0E-01	0.00814688	0.00601206	1.83627	1.8E-01	2.24556	1.3E-01
rs6068280	20	51235613	0.791961	A	G	0.324841	0.992237	1.83173	1.8E-01	0.00866758	0.00599824	2.08809	1.5E-01	2.06325	1.5E-01
rs6013572	20	51553621	0.798111	T	C	0.936054	1	0.554037	4.6E-01	0.00716457	0.0115606	0.38408	5.4E-01	0.730513	3.9E-01
rs1936966	20	51691779	0.801626	C	T	0.672454	0.982215	1.58927	2.1E-01	-0.00789084	0.00608399	1.68217	1.9E-01	1.34137	2.5E-01
rs2105063	20	62690683	1.09651	C	T	0.438811	1	0.7669	3.8E-01	0.00480434	0.00567776	0.716002	4.0E-01	0.609852	4.3E-01
rs4998557	21	33034892	0.322704	G	A	0.887631	0.995909	0.148808	7.0E-01	-0.00179039	0.00893747	0.0401298	8.4E-01	0.176966	6.7E-01
rs2836139	21	39451403	0.432375	A	G	0.514897	0.9942	2.50245	1.1E-01	0.00845206	0.00566916	2.22274	1.4E-01	2.36961	1.2E-01
rs2330396	21	47524380	0.643685	A	C	0.492654	0.996498	3.61326	5.7E-02	-0.0105019	0.0056201	3.49181	6.2E-02	3.16432	7.5E-02
rs2236142	22	29137944	0.338659	G	C	0.32476	0.994367	0.384697	5.4E-01	-0.00303756	0.00601656	0.254889	6.1E-01	0.236069	6.3E-01
rs5997898	22	31572963	0.355537	A	C	0.421356	0.998342	0.0195093	8.9E-01	0.000899941	0.0057039	0.0248933	8.7E-01	0.0154816	9.0E-01
