SNP	CHR	BP	GENPOS	ALLELE1	ALLELE0	A1FREQ	INFO	CHISQ_LINREG	P_LINREG	BETA	SE	CHISQ_BOLT_LMM_INF	P_BOLT_LMM_INF	CHISQ_BOLT_LMM	P_BOLT_LMM
rs10909862	1	2936815	0.0400559	G	A	0.1928	0.987988	0.00411785	9.5E-01	-0.000749986	0.00711928	0.0110977	9.2E-01	0.00623581	9.4E-01
rs1294014	1	9325676	0.18921	C	T	0.732088	0.974098	2.01696	1.6E-01	0.00702574	0.00640008	1.20507	2.7E-01	1.26147	2.6E-01
rs10753554	1	23619009	0.461644	T	C	0.260317	0.989627	2.60371	1.1E-01	-0.00965852	0.00639392	2.28185	1.3E-01	2.49265	1.1E-01
rs12117661	1	55487346	0.808955	C	G	0.755046	0.987273	48.2049	3.8E-12	0.0452585	0.0065471	47.7861	4.8E-12	47.1405	6.6E-12
rs875868	1	65539253	0.960443	A	C	0.697717	0.993511	0.910495	3.4E-01	-0.00515003	0.00609916	0.712982	4.0E-01	1.42388	2.3E-01
rs10889551	1	65906137	0.967654	A	G	0.326867	0.995997	2.70641	1.0E-01	0.0110569	0.00597025	3.42993	6.4E-02	3.19607	7.4E-02
rs71658797	1	77967507	1.07336	T	A	0.879141	0.99054	0.44252	5.1E-01	-0.0100907	0.00858528	1.38144	2.4E-01	2.2219	1.4E-01
rs1415361	1	103562263	1.33102	C	T	0.402104	0.995554	4.10193	4.3E-02	-0.011425	0.00570621	4.00883	4.5E-02	4.6484	3.1E-02
rs35271870	1	109776285	1.38646	T	C	0.912717	0.991491	38.2548	6.2E-10	0.0609231	0.00994177	37.5523	8.9E-10	38.9761	4.3E-10
rs35358959	1	109824250	1.38736	G	A	0.919916	0.978071	38.7868	4.7E-10	0.0657296	0.0103994	39.9489	2.6E-10	37.6278	8.6E-10
rs3738479	1	150997842	1.65945	T	A	0.765906	0.995486	3.93146	4.7E-02	-0.0142428	0.00660941	4.64372	3.1E-02	4.1167	4.2E-02
rs79810698	1	154836444	1.69767	C	A	0.95565	1	0.567517	4.5E-01	0.0101611	0.01356	0.561508	4.5E-01	0.346715	5.6E-01
rs10494421	1	164738727	1.83743	C	T	0.880829	1	0.101886	7.5E-01	0.00340636	0.0086157	0.156315	6.9E-01	0.801603	3.7E-01
rs3121911	1	170212480	1.91705	G	A	0.744389	0.993907	0.255527	6.1E-01	-0.00450108	0.0063832	0.49723	4.8E-01	0.325482	5.7E-01
rs17346300	1	170510459	1.91857	C	T	0.950626	1	3.76637	5.2E-02	-0.0208964	0.0129124	2.61898	1.1E-01	2.18794	1.4E-01
rs6697844	1	172308238	1.93873	C	T	0.56798	0.996349	2.48343	1.2E-01	0.00958456	0.00561929	2.90925	8.8E-02	3.10328	7.8E-02
rs10922075	1	196467248	2.1432	G	A	0.687963	0.997066	1.20693	2.7E-01	-0.00568007	0.00602645	0.888349	3.5E-01	0.627968	4.3E-01
rs13303121	1	203503267	2.22276	C	G	0.607356	0.947347	3.40183	6.5E-02	-0.0107953	0.0058543	3.40031	6.5E-02	3.09606	7.8E-02
rs4951159	1	205012106	2.25304	G	C	0.0908836	0.967	0.474296	4.9E-01	0.00714037	0.00987329	0.52302	4.7E-01	0.435819	5.1E-01
rs61821643	1	219268532	2.43532	T	C	0.974378	0.889659	3.36511	6.7E-02	0.0304457	0.0186986	2.65115	1.0E-01	3.88983	4.9E-02
rs77278027	1	219392230	2.43543	C	T	0.93823	0.976746	0.0392476	8.4E-01	-0.000890703	0.0117345	0.00576156	9.4E-01	0.00557901	9.4E-01
rs12740837	1	219623230	2.43692	G	A	0.983204	0.959021	0.194691	6.6E-01	-0.0101771	0.0221172	0.211734	6.5E-01	0.391742	5.3E-01
rs2352723	1	230291868	2.53587	T	C	0.190234	0.982187	29.5166	5.5E-08	-0.039458	0.00715783	30.3883	3.5E-08	28.4573	9.6E-08
rs711869	2	13073967	0.297329	G	A	0.443249	0.983109	0.908067	3.4E-01	0.00544962	0.00566621	0.925009	3.4E-01	1.59116	2.1E-01
rs2702068	2	24689512	0.456007	A	C	0.144534	0.985387	0.0182165	8.9E-01	0.001516	0.00799526	0.0359526	8.5E-01	0.00090817	9.8E-01
rs77541036	2	25575523	0.459339	A	G	0.962268	0.991995	0.722609	4.0E-01	0.00640037	0.0146868	0.189914	6.6E-01	0.370492	5.4E-01
rs7933	2	43452183	0.682402	A	G	0.634849	0.981779	0.476077	4.9E-01	-0.00305227	0.00584275	0.272905	6.0E-01	0.180111	6.7E-01
rs56266464	2	44054991	0.686489	G	A	0.939556	0.986548	46.1137	1.1E-11	0.0846515	0.0118081	51.3939	7.6E-13	53.5994	2.5E-13
rs36072157	2	48953740	0.765134	G	C	0.658175	0.956087	0.00209649	9.6E-01	-0.000201367	0.00600841	0.0011232	9.7E-01	0.0297299	8.6E-01
rs4953627	2	48990167	0.765401	C	T	0.77524	0.975089	0.772116	3.8E-01	-0.0071071	0.00679028	1.09549	3.0E-01	0.816656	3.7E-01
rs10779951	2	66142656	0.91656	G	A	0.525126	0.992672	2.21746	1.4E-01	0.00932405	0.00561864	2.75389	9.7E-02	2.40795	1.2E-01
rs12713567	2	66729420	0.924256	A	G	0.428176	0.981664	1.33172	2.5E-01	0.00794901	0.00568888	1.95242	1.6E-01	2.58369	1.1E-01
rs1521047	2	67724601	0.937973	C	G	0.75421	0.992329	1.68746	1.9E-01	-0.00958169	0.00648231	2.18486	1.4E-01	2.47176	1.2E-01
rs12712049	2	100208830	1.21955	A	G	0.176674	0.985519	6.21672	1.3E-02	-0.0195324	0.00735941	7.04407	8.0E-03	5.7781	1.6E-02
rs72946301	2	111861838	1.33125	G	A	0.903863	0.964859	5.44308	2.0E-02	-0.024139	0.00964396	6.26511	1.2E-02	6.48188	1.1E-02
rs1053413	2	114471921	1.35945	A	G	0.784744	0.998156	0.688029	4.1E-01	-0.00547802	0.00681332	0.646442	4.2E-01	0.56373	4.5E-01
rs7593247	2	119337589	1.3956	C	T	0.503784	0.990163	0.0164766	9.0E-01	0.00104905	0.00560661	0.0350098	8.5E-01	0.140842	7.1E-01
rs78876301	2	158234589	1.75901	A	C	0.987195	0.782415	0.140795	7.1E-01	-0.0203936	0.0280907	0.527063	4.7E-01	0.510889	4.7E-01
rs77928329	2	158413902	1.76308	G	A	0.94544	0.998218	4.24691	3.9E-02	0.0236639	0.0122537	3.7294	5.3E-02	2.94751	8.6E-02
rs1402698	2	165424575	1.81281	G	A	0.368889	0.988943	2.03296	1.5E-01	0.00886501	0.00582803	2.31374	1.3E-01	1.99301	1.6E-01
rs3769877	2	165569779	1.81517	G	A	0.125673	1	2.283	1.3E-01	-0.0124023	0.00842464	2.1672	1.4E-01	3.05435	8.1E-02
rs72882321	2	172298662	1.8972	C	T	0.821415	0.98752	0.44887	5.0E-01	0.00382186	0.00733801	0.271265	6.0E-01	0.0809442	7.8E-01
rs62173497	2	187821910	2.04064	C	A	0.889372	0.96522	2.52664	1.1E-01	-0.0136667	0.00904335	2.28387	1.3E-01	3.83345	5.0E-02
rs61613340	2	191746748	2.0603	G	T	0.922172	0.993102	7.1701	7.4E-03	-0.0262395	0.0104512	6.30339	1.2E-02	5.53167	1.9E-02
rs1250248	2	216287093	2.28549	A	G	0.271958	0.996374	5.52546	1.9E-02	-0.0157171	0.00628948	6.24477	1.2E-02	6.16292	1.3E-02
rs2373074	2	218381350	2.32413	C	T	0.903229	0.998908	1.17421	2.8E-01	0.0120822	0.00945293	1.63364	2.0E-01	1.16476	2.8E-01
rs62182126	2	219279230	2.33765	G	A	0.901349	1	0.558891	4.5E-01	0.00817852	0.00936085	0.763342	3.8E-01	0.91884	3.4E-01
rs6760762	2	226866226	2.44112	C	T	0.776249	0.976874	16.7721	4.2E-05	-0.0275906	0.00678282	16.5464	4.7E-05	15.7228	7.3E-05
rs305506	3	12026709	0.296805	G	T	0.113563	0.992655	0.988067	3.2E-01	-0.00670963	0.00884399	0.575573	4.5E-01	0.322329	5.7E-01
rs114252958	3	12409938	0.29797	C	T	0.982978	0.956617	0.423619	5.2E-01	0.0103597	0.02216	0.218554	6.4E-01	0.169463	6.8E-01
rs10490869	3	35635145	0.595764	A	T	0.789478	0.990849	2.76631	9.6E-02	0.0104759	0.00685508	2.33538	1.3E-01	2.34146	1.3E-01
rs6771508	3	43718462	0.664863	A	C	0.974946	0.998741	0.000471729	9.8E-01	0.00143127	0.0178697	0.00641518	9.4E-01	0.022928	8.8E-01
rs4683294	3	46979013	0.687679	G	C	0.321605	0.960868	7.98506	4.7E-03	0.0162979	0.00608801	7.16662	7.4E-03	6.6349	1.0E-02
rs4858828	3	48724811	0.68972	C	T	0.349101	0.999091	1.67168	2.0E-01	0.00667466	0.00583501	1.3085	2.5E-01	1.36021	2.4E-01
rs352156	3	52214610	0.694887	C	T	0.955078	0.904333	1.12201	2.9E-01	-0.0150104	0.0140436	1.14244	2.9E-01	0.736426	3.9E-01
rs7643235	3	53227428	0.699142	T	C	0.4136	0.989215	3.81284	5.1E-02	-0.0108456	0.00566831	3.66098	5.6E-02	3.57631	5.9E-02
rs11718560	3	64584862	0.868956	C	T	0.731847	0.985124	2.43474	1.2E-01	0.0103759	0.00634072	2.67777	1.0E-01	2.76621	9.6E-02
rs4688498	3	64674599	0.871028	C	T	0.669682	0.985151	3.57434	5.9E-02	-0.0101183	0.00597977	2.86315	9.1E-02	3.3339	6.8E-02
rs997274	3	78704821	1.06722	T	C	0.748705	0.994327	0.489025	4.8E-01	0.00350426	0.00646793	0.293537	5.9E-01	0.396958	5.3E-01
rs1877569	3	99224544	1.12953	G	A	0.816212	0.993173	0.0623715	8.0E-01	0.00163345	0.00720967	0.0513309	8.2E-01	0.00453524	9.5E-01
rs9875732	3	107461731	1.19696	T	C	0.623037	0.99667	1.68064	1.9E-01	-0.00696162	0.00577041	1.45548	2.3E-01	1.11132	2.9E-01
rs1000368	3	123117165	1.35684	C	T	0.748381	0.996692	1.94432	1.6E-01	0.00963004	0.0064366	2.23843	1.3E-01	1.82715	1.8E-01
rs113771682	3	129112166	1.4255	C	T	0.937375	0.999072	1.22421	2.7E-01	-0.0107111	0.0115538	0.85944	3.5E-01	1.11455	2.9E-01
rs7647218	3	129125231	1.42558	C	A	0.901341	0.999167	0.214008	6.4E-01	-0.00600035	0.00938313	0.408937	5.2E-01	0.409203	5.2E-01
rs75212171	3	129323322	1.42649	T	C	0.983129	1	0.295965	5.9E-01	0.0100765	0.0216646	0.21633	6.4E-01	0.605611	4.4E-01
rs112551697	3	150018637	1.64271	G	A	0.96554	0.928479	2.20863	1.4E-01	0.0232395	0.0158306	2.15506	1.4E-01	2.43267	1.2E-01
rs11720805	3	156800360	1.71236	A	G	0.330979	0.970132	0.520496	4.7E-01	-0.00479231	0.00602516	0.632634	4.3E-01	0.669202	4.1E-01
rs1488111	3	168951612	1.77942	C	T	0.517315	0.996852	1.13774	2.9E-01	-0.00386591	0.00558256	0.479553	4.9E-01	0.335615	5.6E-01
rs1499813	3	171760427	1.8208	T	C	0.587431	1	1.13757	2.9E-01	-0.00655727	0.00569499	1.32575	2.5E-01	1.4478	2.3E-01
rs13092876	3	185495320	2.01656	G	A	0.686729	0.994835	3.71027	5.4E-02	0.0106309	0.00603229	3.1058	7.8E-02	3.83454	5.0E-02
rs3843375	3	196813908	2.26438	G	A	0.590289	0.999191	0.00674395	9.3E-01	-0.00120832	0.00569114	0.0450779	8.3E-01	0.238625	6.3E-01
rs75072999	4	844781	0.00782036	G	A	0.904916	0.991302	0.571068	4.5E-01	0.00526829	0.00957447	0.302768	5.8E-01	0.166163	6.8E-01
rs748483	4	952409	0.00822297	A	G	0.891514	0.99682	0.904692	3.4E-01	0.0112424	0.00899946	1.56058	2.1E-01	1.77389	1.8E-01
rs1912897	4	26006133	0.455942	A	T	0.79303	0.98817	4.61609	3.2E-02	0.0150511	0.00693725	4.70718	3.0E-02	4.3492	3.7E-02
rs7689800	4	26295421	0.461356	C	G	0.382047	0.982424	7.26281	7.0E-03	-0.0164658	0.00580126	8.05606	4.5E-03	8.76593	3.1E-03
rs34171390	4	56192405	0.730002	C	G	0.8287	0.967618	0.375828	5.4E-01	-0.00551918	0.00751585	0.539254	4.6E-01	1.02757	3.1E-01
rs3017896	4	89533004	1.04795	G	C	0.704424	1	0.0294557	8.6E-01	0.00173965	0.00610019	0.081327	7.8E-01	0.0482343	8.3E-01
rs10029220	4	89710592	1.04921	C	T	0.909822	0.997537	0.0292303	8.6E-01	0.00156749	0.00977117	0.0257345	8.7E-01	0.0180513	8.9E-01
rs1813006	4	103001649	1.15654	G	T	0.940843	0.94358	9.31256	2.3E-03	0.0375787	0.0121739	9.52848	2.0E-03	10.422	1.2E-03
rs12647922	4	106063987	1.17944	C	T	0.794569	0.998343	2.34979	1.3E-01	-0.0108429	0.00690964	2.46253	1.2E-01	2.26804	1.3E-01
rs7655064	4	120106348	1.31331	T	C	0.875314	0.995692	0.502532	4.8E-01	0.00527418	0.00845562	0.389062	5.3E-01	0.303017	5.8E-01
rs2922979	4	123748616	1.34468	C	G	0.689916	1	3.52417	6.0E-02	-0.0114349	0.00604418	3.57925	5.9E-02	3.13093	7.7E-02
rs1520325	4	125182690	1.35483	C	T	0.780072	0.994582	0.01212	9.1E-01	0.00220924	0.00676006	0.106803	7.4E-01	0.165055	6.8E-01
rs2353397	4	145517578	1.53798	C	T	0.460014	1	0.150351	7.0E-01	0.00235929	0.0056089	0.176933	6.7E-01	0.43635	5.1E-01
rs2166365	5	3597830	0.0882728	A	G	0.777698	0.981109	0.86731	3.5E-01	-0.00785368	0.00677347	1.34439	2.5E-01	1.63516	2.0E-01
rs13178917	5	4007353	0.10142	C	T	0.551974	0.99437	2.06102	1.5E-01	-0.00751311	0.00560662	1.79572	1.8E-01	1.19431	2.7E-01
rs10061804	5	32748637	0.511958	G	A	0.711087	1	0.044032	8.3E-01	-0.000829568	0.00616379	0.0181137	8.9E-01	0.0444589	8.3E-01
rs299615	5	34042097	0.535425	G	A	0.843206	1	3.76827	5.2E-02	-0.0170262	0.00768715	4.90574	2.7E-02	3.75268	5.3E-02
rs4293945	5	38736142	0.597252	A	T	0.606405	0.995383	1.19018	2.8E-01	0.00751467	0.00572863	1.72075	1.9E-01	2.38975	1.2E-01
rs163112	5	54538003	0.667379	C	G	0.107056	0.994238	2.05336	1.5E-01	-0.0127411	0.00907227	1.97235	1.6E-01	3.56483	5.9E-02
rs61653333	5	55779080	0.679717	G	T	0.970413	0.977169	0.991747	3.2E-01	0.0172629	0.0166411	1.07612	3.0E-01	0.897718	3.4E-01
rs6867983	5	55854153	0.681454	C	T	0.861186	1	14.8348	1.2E-04	0.0321909	0.00807721	15.8834	6.7E-05	16.7645	4.2E-05
rs11749164	5	66294202	0.770672	T	G	0.726476	0.988719	0.999936	3.2E-01	-0.0062905	0.006304	0.995723	3.2E-01	1.08599	3.0E-01
rs6878122	5	76427311	0.889556	G	A	0.318279	0.997785	5.23721	2.2E-02	0.0140314	0.00600862	5.45318	2.0E-02	4.77205	2.9E-02
rs7734060	5	101780479	1.10738	T	G	0.734786	0.995631	1.85393	1.7E-01	-0.0084956	0.00635944	1.78464	1.8E-01	1.5821	2.1E-01
rs1394631	5	118639270	1.27349	C	T	0.775173	0.988487	0.677664	4.1E-01	0.00636004	0.00671677	0.896599	3.4E-01	0.953707	3.3E-01
rs11744058	5	118798944	1.27486	G	T	0.783774	0.998591	2.90316	8.8E-02	-0.0110131	0.00679314	2.62833	1.0E-01	1.44756	2.3E-01
rs3749748	5	127350549	1.37291	C	T	0.753975	0.992802	1.59214	2.1E-01	-0.00744541	0.00650313	1.31079	2.5E-01	1.39449	2.4E-01
rs4705986	5	132349654	1.39065	T	G	0.937241	0.978165	1.20985	2.7E-01	-0.0142473	0.0116508	1.4954	2.2E-01	0.933888	3.3E-01
rs10463353	5	141710741	1.48273	C	T	0.640669	0.986535	4.40163	3.6E-02	-0.0137254	0.00585358	5.49805	1.9E-02	4.855	2.8E-02
rs33999	5	141973349	1.48937	C	G	0.612065	0.9834	0.0167342	9.0E-01	0.000269809	0.00576623	0.00218942	9.6E-01	0.0012605	9.7E-01
rs12652322	5	171822666	1.88951	C	T	0.705252	0.99822	0.732171	3.9E-01	0.00516932	0.00613652	0.709614	4.0E-01	0.886841	3.5E-01
rs2053681	5	172746086	1.91113	A	G	0.485601	0.912476	0.102228	7.5E-01	-0.0029733	0.00586316	0.257166	6.1E-01	0.371194	5.4E-01
rs10035782	5	173270328	1.92939	A	G	0.600665	0.984103	1.19892	2.7E-01	0.0053482	0.00574696	0.866043	3.5E-01	0.98292	3.2E-01
rs11963955	6	6631996	0.178791	A	G	0.637527	0.976944	0.176154	6.7E-01	0.00221799	0.00588213	0.142184	7.1E-01	0.530722	4.7E-01
rs201061	6	6730512	0.181115	G	A	0.455616	0.976616	0.21266	6.4E-01	-0.00210047	0.00566009	0.137717	7.1E-01	0.0335516	8.5E-01
rs1334576	6	7211818	0.195986	G	A	0.5774	1	0.117446	7.3E-01	-0.0024218	0.00566244	0.182923	6.7E-01	0.196435	6.6E-01
rs9382988	6	14595010	0.314722	C	A	0.204362	0.998886	0.000779413	9.8E-01	0.00191968	0.00694575	0.0763871	7.8E-01	0.0711338	7.9E-01
rs4710940	6	20658012	0.410434	A	C	0.647018	0.999463	6.39655	1.1E-02	0.0165813	0.00585547	8.0189	4.6E-03	7.79067	5.3E-03
rs3129830	6	30248711	0.50553	G	A	0.868546	0.999908	3.49304	6.2E-02	-0.0175598	0.00823238	4.54976	3.3E-02	5.33351	2.1E-02
rs7772131	6	30795171	0.50714	A	C	0.988571	1	3.85391	5.0E-02	-0.0454683	0.0262704	2.99559	8.3E-02	3.19315	7.4E-02
rs6919908	6	31244960	0.511805	T	C	0.193909	0.999901	4.96734	2.6E-02	0.0167238	0.00708172	5.57687	1.8E-02	5.05706	2.5E-02
rs181133225	6	32454764	0.520293	T	C	0.893444	0.778953	5.45755	1.9E-02	0.0204267	0.0101936	4.01553	4.5E-02	3.05977	8.0E-02
rs117108573	6	32489679	0.520303	C	T	0.921405	0.866866	5.35952	2.1E-02	0.021527	0.0110782	3.77598	5.2E-02	2.44805	1.2E-01
rs575662827	6	32543874	0.520325	T	C	0.899303	0.833996	8.78729	3.0E-03	0.0269069	0.010112	7.08026	7.8E-03	5.43065	2.0E-02
rs114760566	6	34192036	0.545788	C	A	0.954268	0.993831	4.4429	3.5E-02	0.0284213	0.0133961	4.50125	3.4E-02	4.08847	4.3E-02
rs1574430	6	43269029	0.669727	A	C	0.391321	0.999399	0.214966	6.4E-01	0.00209756	0.00572108	0.134423	7.1E-01	0.123882	7.2E-01
rs9381248	6	43734606	0.675407	C	T	0.87836	0.993046	2.15304	1.4E-01	0.0145679	0.00857745	2.88453	8.9E-02	3.23943	7.2E-02
rs35349911	6	43785255	0.678849	C	T	0.409597	0.97009	0.0255365	8.7E-01	0.00072406	0.00577571	0.0157158	9.0E-01	0.272598	6.0E-01
rs72902769	6	80719576	0.920488	C	G	0.966636	0.999182	0.253291	6.1E-01	0.00641657	0.0155751	0.169723	6.8E-01	0.108795	7.4E-01
rs62406467	6	81114126	0.921634	G	T	0.849349	0.952286	2.55263	1.1E-01	-0.0129742	0.00799798	2.63147	1.0E-01	2.30217	1.3E-01
rs6924944	6	100597579	1.0811	A	T	0.245827	0.981159	0.80018	3.7E-01	0.00610716	0.00656346	0.865793	3.5E-01	0.552063	4.6E-01
rs2806373	6	109222017	1.18299	G	A	0.239664	0.998945	4.14926	4.2E-02	0.0121233	0.00653691	3.4395	6.4E-02	2.9445	8.6E-02
rs72969772	6	126187585	1.32503	A	G	0.980332	1	0.0627534	8.0E-01	-0.00818455	0.0201681	0.164688	6.8E-01	0.0191247	8.9E-01
rs9986505	6	126445558	1.32603	A	G	0.6761	0.991308	0.0489583	8.2E-01	-0.000217726	0.00599148	0.00132054	9.7E-01	0.0554465	8.1E-01
rs74949497	6	126812007	1.32699	A	C	0.97518	1	0.551474	4.6E-01	0.0111107	0.0180516	0.378833	5.4E-01	0.52138	4.7E-01
rs139242696	6	127414440	1.32797	T	C	0.974907	0.948341	0.723743	3.9E-01	0.0160688	0.018297	0.771264	3.8E-01	1.24292	2.6E-01
rs9385864	6	139805476	1.50274	C	T	0.6907	0.988333	1.11054	2.9E-01	0.00574447	0.00608689	0.890654	3.5E-01	1.2157	2.7E-01
rs12205386	6	139837171	1.50318	C	A	0.643666	0.9992	1.16227	2.8E-01	-0.0066147	0.00583652	1.28444	2.6E-01	1.28752	2.6E-01
rs11756568	6	152042413	1.64245	A	T	0.724877	0.999168	0.00625889	9.4E-01	-0.000320221	0.00626329	0.00261393	9.6E-01	0.0123167	9.1E-01
rs144078421	6	160424890	1.76937	G	A	0.984029	0.986977	29.9958	4.3E-08	-0.125078	0.0223515	31.3149	2.2E-08	32.6007	1.1E-08
rs9459839	6	167431829	1.92196	T	C	0.531185	0.998188	1.21537	2.7E-01	0.00619046	0.00557878	1.23131	2.7E-01	2.00042	1.6E-01
rs3817576	7	1023191	0.0111024	A	G	0.474571	0.994298	33.1111	8.7E-09	0.0316943	0.0056153	31.8579	1.7E-08	33.0591	8.9E-09
rs2214440	7	20372191	0.358281	A	G	0.667686	0.991786	0.0739045	7.9E-01	-0.000357677	0.00595598	0.00360642	9.5E-01	0.161137	6.9E-01
rs111683990	7	25729528	0.437229	C	G	0.955515	0.987881	0.0264518	8.7E-01	0.00242085	0.0136526	0.0314415	8.6E-01	0.000614156	9.8E-01
rs2040786	7	26208736	0.442609	G	A	0.529361	1	0.411304	5.2E-01	0.00289468	0.00559308	0.267855	6.0E-01	0.217062	6.4E-01
rs17428025	7	27251396	0.453724	C	T	0.971743	0.967404	0.00665297	9.3E-01	-0.00199796	0.0171281	0.0136068	9.1E-01	0.0439233	8.3E-01
rs849140	7	28183702	0.463008	T	C	0.410278	1	4.33509	3.7E-02	-0.0123035	0.00570739	4.64708	3.1E-02	7.46754	6.3E-03
rs17172095	7	42665355	0.680121	A	G	0.679343	0.995026	2.67064	1.0E-01	-0.0098993	0.00599393	2.72763	9.9E-02	2.69471	1.0E-01
rs71553230	7	71997829	0.893615	T	A	0.963499	0.829255	26.8133	2.2E-07	-0.0893574	0.0163234	29.967	4.4E-08	31.8867	1.6E-08
rs75252467	7	72802596	0.896534	G	T	0.432818	0.70545	38.6583	5.0E-10	0.0406034	0.00669496	36.7815	1.3E-09	36.0755	1.9E-09
rs76306613	7	106235348	1.22452	G	T	0.855998	0.98895	1.0577	3.0E-01	-0.00779838	0.00800086	0.950027	3.3E-01	0.57252	4.5E-01
rs2237687	7	107585473	1.24369	C	T	0.472386	0.966594	3.84996	5.0E-02	-0.0113936	0.00568265	4.01997	4.5E-02	2.81505	9.3E-02
rs38902	7	116889718	1.32093	G	A	0.474719	0.992845	0.0190078	8.9E-01	-0.000628031	0.00560802	0.0125413	9.1E-01	0.0978824	7.5E-01
rs12154627	7	130422934	1.4017	T	C	0.506907	0.97487	16.757	4.2E-05	-0.0228798	0.00564484	16.4287	5.1E-05	19.8099	8.6E-06
rs7808446	7	150214465	1.67249	T	G	0.235469	0.993612	12.6054	3.8E-04	-0.0234622	0.00660082	12.634	3.8E-04	10.4393	1.2E-03
rs2980478	8	8088230	0.237388	T	C	0.524982	0.963758	37.7216	8.2E-10	-0.0354491	0.00571136	38.524	5.4E-10	39.281	3.7E-10
rs4474021	8	12632903	0.332387	G	T	0.680802	1	6.66629	9.8E-03	0.0155592	0.00597768	6.775	9.2E-03	6.59433	1.0E-02
rs62496677	8	19636940	0.469846	A	C	0.808299	0.995456	36.2709	1.7E-09	-0.0395949	0.00709712	31.1254	2.4E-08	31.798	1.7E-08
rs66462329	8	19912060	0.473335	G	A	0.718482	0.996492	62.7856	2.3E-15	-0.0490071	0.00619795	62.5205	2.6E-15	69.4822	7.7E-17
rs7815496	8	38321607	0.69461	C	T	0.597431	0.996532	0.111549	7.4E-01	0.00108879	0.00568834	0.0366365	8.5E-01	0.248975	6.2E-01
rs12543555	8	69562014	0.90375	A	G	0.792127	0.98465	0.339021	5.6E-01	-0.00552388	0.00691397	0.638313	4.2E-01	1.36467	2.4E-01
rs28568866	8	72353630	0.949663	G	A	0.969859	0.939217	1.01106	3.1E-01	0.015219	0.0168617	0.814654	3.7E-01	0.600961	4.4E-01
rs146492163	8	72386394	0.950025	G	T	0.96946	0.960969	9.94514	1.6E-03	0.0508138	0.0165771	9.39602	2.2E-03	9.66927	1.9E-03
rs1895674	8	72443246	0.950276	T	G	0.946831	0.990629	1.73503	1.9E-01	-0.0182959	0.0124641	2.15469	1.4E-01	1.94403	1.6E-01
rs4147332	8	89280863	1.08332	G	C	0.323111	0.995784	11.1578	8.4E-04	0.0198414	0.00597499	11.0273	9.0E-04	11.1636	8.3E-04
rs144435165	8	126419938	1.45107	G	C	0.944194	0.785853	8.68206	3.2E-03	0.0357751	0.0136966	6.82237	9.0E-03	7.78277	5.3E-03
rs2954018	8	126477153	1.45319	C	T	0.298303	0.998357	3.62141	5.7E-02	-0.0131557	0.00610605	4.64199	3.1E-02	3.80287	5.1E-02
rs6991761	8	128274518	1.48941	C	T	0.844226	0.993607	0.722402	4.0E-01	0.00535288	0.00770752	0.482332	4.9E-01	0.0588694	8.1E-01
rs2467030	8	135665361	1.60637	A	G	0.339711	0.997044	0.230485	6.3E-01	0.00232202	0.00591752	0.153975	6.9E-01	0.052375	8.2E-01
rs12340775	9	13226945	0.282033	G	A	0.944664	0.940298	2.19781	1.4E-01	0.0184245	0.0125796	2.14514	1.4E-01	2.89995	8.9E-02
rs73650963	9	93943033	1.11642	T	C	0.892489	0.990174	0.870431	3.5E-01	0.00873692	0.00901971	0.93828	3.3E-01	1.17665	2.8E-01
rs2131919	9	95283887	1.12689	A	G	0.83667	0.999136	1.77338	1.8E-01	0.0108882	0.00757925	2.06375	1.5E-01	2.10853	1.5E-01
rs1572136	9	101740604	1.18729	G	C	0.724977	0.989514	0.340585	5.6E-01	-0.0031685	0.00629611	0.253258	6.1E-01	0.131088	7.2E-01
rs12686004	9	107653426	1.24316	G	A	0.884341	1	2.03447	1.5E-01	-0.0115994	0.0087299	1.76544	1.8E-01	2.0934	1.5E-01
rs10991414	9	107685589	1.24582	T	C	0.861068	0.989408	3.3427	6.8E-02	0.0153456	0.00813806	3.5557	5.9E-02	2.23937	1.3E-01
rs111479443	9	107874316	1.24936	T	G	0.963776	0.9746	3.77846	5.2E-02	0.0286958	0.0151515	3.58695	5.8E-02	2.04086	1.5E-01
rs7048735	9	112529695	1.31375	A	G	0.239526	0.976202	1.18276	2.8E-01	0.00669205	0.00662029	1.0218	3.1E-01	1.20821	2.7E-01
rs1002607	9	113858933	1.33848	T	C	0.40707	0.988428	2.67244	1.0E-01	-0.00890273	0.00572816	2.41555	1.2E-01	2.75893	9.7E-02
rs13298297	9	119264108	1.4204	G	A	0.769275	0.989359	0.882468	3.5E-01	-0.0060063	0.00668557	0.807117	3.7E-01	0.658318	4.2E-01
rs6478851	9	131561110	1.55426	G	A	0.758733	1	0.0321817	8.6E-01	0.00128767	0.00654154	0.0387478	8.4E-01	0.0185149	8.9E-01
rs7857390	9	136128546	1.66194	A	G	0.41692	0.985267	33.3799	7.6E-09	-0.0314734	0.00569828	30.507	3.3E-08	30.8195	2.8E-08
rs60980157	9	139235415	1.78278	C	T	0.757489	0.966704	2.06833	1.5E-01	0.0102511	0.0066087	2.40607	1.2E-01	2.41636	1.2E-01
rs7072195	10	3540748	0.0738836	T	C	0.417524	0.993244	0.0546291	8.2E-01	-0.000536547	0.00568492	0.00890773	9.2E-01	0.249415	6.2E-01
rs11592754	10	32619572	0.605452	A	C	0.856559	0.998356	0.669637	4.1E-01	-0.00654365	0.00796835	0.674378	4.1E-01	0.323554	5.7E-01
rs2247396	10	33489192	0.60946	G	A	0.603662	0.99818	0.516775	4.7E-01	-0.00377052	0.00569421	0.438465	5.1E-01	0.186359	6.7E-01
rs4341488	10	60452745	0.822202	G	A	0.188405	0.998867	1.50819	2.2E-01	-0.00839944	0.00713947	1.3841	2.4E-01	1.07332	3.0E-01
rs17287962	10	63770969	0.858439	A	G	0.970068	0.979005	1.37663	2.4E-01	0.018247	0.0165588	1.21431	2.7E-01	1.60282	2.1E-01
rs10995445	10	64874754	0.870984	A	T	0.525676	0.990097	45.9977	1.2E-11	-0.0381537	0.00561056	46.2446	1.0E-11	48.0309	4.2E-12
rs10762666	10	77157489	1.00522	A	G	0.241989	0.984822	0.638176	4.2E-01	-0.00453238	0.00654489	0.479565	4.9E-01	0.206014	6.5E-01
rs10887758	10	89603315	1.15934	T	C	0.784607	0.990793	5.01223	2.5E-02	0.0134812	0.0068388	3.88596	4.9E-02	4.12633	4.2E-02
rs141490680	10	95280981	1.22085	G	A	0.866803	0.998279	16.4858	4.9E-05	0.0340045	0.0082155	17.1319	3.5E-05	17.4886	2.9E-05
rs7342070	10	104223628	1.30538	T	C	0.455127	1	1.82282	1.8E-01	0.00878514	0.00560469	2.45694	1.2E-01	2.89969	8.9E-02
rs7917983	10	114732882	1.3977	T	C	0.532013	1	1.16026	2.8E-01	0.00688431	0.00559997	1.5113	2.2E-01	1.93032	1.6E-01
rs242956	10	119297479	1.46386	C	T	0.362576	0.990585	0.0468138	8.3E-01	-0.00125094	0.00582399	0.046135	8.3E-01	0.00240829	9.6E-01
rs7104929	11	784340	0.0108006	C	G	0.530558	0.997422	3.25998	7.1E-02	0.0092754	0.00561484	2.72891	9.9E-02	2.14998	1.4E-01
rs7932891	11	10921512	0.210707	A	G	0.294517	0.99931	6.83114	9.0E-03	-0.0138013	0.0061192	5.08685	2.4E-02	6.10502	1.3E-02
rs11607537	11	14224166	0.277204	C	T	0.941072	0.981717	9.661	1.9E-03	-0.0391521	0.011972	10.6949	1.1E-03	10.6751	1.1E-03
rs79634051	11	14561945	0.278112	G	C	0.97174	1	2.56989	1.1E-01	-0.0308673	0.0167916	3.3792	6.6E-02	3.43912	6.4E-02
rs3114693	11	26127790	0.452397	A	T	0.617593	0.997848	2.04258	1.5E-01	-0.00850318	0.00575151	2.18574	1.4E-01	2.72605	9.9E-02
rs56386213	11	36291554	0.562467	A	G	0.595018	1	0.26289	6.1E-01	-0.00427931	0.00565447	0.572746	4.5E-01	0.948825	3.3E-01
rs198457	11	61471678	0.70287	C	T	0.812318	0.983863	35.8569	2.1E-09	-0.0431993	0.00719779	36.0209	2.0E-09	41.298	1.3E-10
rs143580468	11	62492885	0.714749	T	G	0.959967	0.928525	0.00693484	9.3E-01	-0.000833752	0.0147487	0.00319571	9.5E-01	0.0206889	8.9E-01
rs7933551	11	63852949	0.730486	T	G	0.960057	0.986418	11.3976	7.4E-04	0.0503534	0.0143256	12.3547	4.4E-04	12.8881	3.3E-04
rs4297487	11	69229628	0.763225	A	G	0.324796	0.994186	0.543457	4.6E-01	0.00441478	0.00597773	0.54544	4.6E-01	0.573747	4.5E-01
rs28690953	11	111384426	1.18701	T	G	0.852988	1	0.454535	5.0E-01	0.00624213	0.00788992	0.625921	4.3E-01	0.780311	3.8E-01
rs523549	11	116511028	1.2592	A	G	0.415666	0.967052	30.0267	4.3E-08	0.0324756	0.00577076	31.67	1.8E-08	31.5881	1.9E-08
rs747249	11	130271647	1.49781	A	G	0.360849	0.986641	1.99037	1.6E-01	-0.00818587	0.00585664	1.95358	1.6E-01	2.87452	9.0E-02
rs11045172	12	20470221	0.37098	A	C	0.802205	0.989276	11.9341	5.5E-04	-0.0254775	0.00704693	13.0712	3.0E-04	12.2483	4.7E-04
rs7977928	12	26265632	0.457285	G	A	0.408615	1	1.13562	2.9E-01	0.00677802	0.0056677	1.43018	2.3E-01	1.91735	1.7E-01
rs2343874	12	26409450	0.459085	G	A	0.53283	0.98214	5.55491	1.8E-02	0.0132553	0.00564139	5.52083	1.9E-02	6.19101	1.3E-02
rs16931815	12	27427917	0.469712	A	G	0.872673	0.996695	1.73143	1.9E-01	0.0106302	0.00840648	1.59901	2.1E-01	1.26415	2.6E-01
rs7310959	12	45968598	0.59006	G	A	0.897555	1	8.72384	3.1E-03	0.0269567	0.00922663	8.53584	3.5E-03	8.7535	3.1E-03
rs75824359	12	54320490	0.68262	A	G	0.970266	0.973341	0.043462	8.3E-01	-0.00574192	0.0166557	0.118847	7.3E-01	0.2056	6.5E-01
rs10878362	12	66417493	0.793832	C	A	0.687723	0.991565	1.00438	3.2E-01	-0.00704669	0.00603526	1.36326	2.4E-01	1.83683	1.8E-01
rs10745659	12	94092690	1.0816	C	G	0.553308	0.994516	2.62644	1.1E-01	0.00800491	0.00564956	2.00763	1.6E-01	1.27753	2.6E-01
rs10778495	12	106991545	1.2616	A	G	0.720919	0.990603	0.228495	6.3E-01	0.00389519	0.006231	0.390788	5.3E-01	0.928052	3.4E-01
rs189392453	12	122381427	1.46398	C	A	0.929828	0.926987	1.92859	1.6E-01	0.0145887	0.0113582	1.64973	2.0E-01	1.72054	1.9E-01
rs12366339	12	122854616	1.46723	G	A	0.9894	0.907552	1.12838	2.9E-01	0.0308145	0.028659	1.15609	2.8E-01	1.86234	1.7E-01
rs147433011	12	123162845	1.46972	T	C	0.989135	0.898372	0.0111273	9.2E-01	-9.86304e-05	0.0284736	1.19988e-05	1.0E+00	0.000347295	9.9E-01
rs116950578	12	123188577	1.46982	C	T	0.967055	1	1.86334	1.7E-01	-0.0201177	0.0156096	1.66103	2.0E-01	1.40125	2.4E-01
rs140689322	12	123375732	1.4703	G	A	0.973654	0.966101	4.57888	3.2E-02	-0.0385292	0.0177299	4.72246	3.0E-02	4.76322	2.9E-02
rs28722199	12	123989436	1.47618	A	G	0.954286	0.931304	7.15672	7.5E-03	0.0331506	0.0138488	5.73002	1.7E-02	7.51564	6.1E-03
rs12582221	12	125323240	1.49972	G	A	0.572176	1	2.76638	9.6E-02	-0.00991366	0.00563784	3.09202	7.9E-02	3.32745	6.8E-02
rs7993238	13	22473593	0.0544542	A	C	0.631395	0.976757	0.132023	7.2E-01	0.00247102	0.00586788	0.177332	6.7E-01	0.326097	5.7E-01
rs10507524	13	44684600	0.468128	T	C	0.907237	0.994143	0.0238897	8.8E-01	-0.00190851	0.00968295	0.0388483	8.4E-01	0.00144309	9.7E-01
rs12872335	13	50442235	0.536587	G	A	0.792188	0.994746	0.822016	3.6E-01	-0.0069308	0.00690757	1.00674	3.2E-01	0.614447	4.3E-01
rs61964388	13	51061980	0.539297	G	A	0.904117	0.961186	0.160112	6.9E-01	0.00157465	0.00966359	0.0265515	8.7E-01	0.0206406	8.9E-01
rs627527	13	110915135	1.21483	G	A	0.418925	0.983958	0.0675335	7.9E-01	0.00140127	0.00570325	0.0603669	8.1E-01	0.0694609	7.9E-01
rs1057119	14	23746269	0.116581	C	G	0.76153	1	0.827823	3.6E-01	-0.00728728	0.00652998	1.2454	2.6E-01	1.53823	2.1E-01
rs140664623	14	52321987	0.459221	G	T	0.976323	0.975931	0.00501099	9.4E-01	-0.00432714	0.0185288	0.0545392	8.2E-01	0.473594	4.9E-01
rs2145600	14	58750902	0.537897	C	G	0.237608	0.992449	5.8904	1.5E-02	-0.0159182	0.00657461	5.862	1.5E-02	7.11858	7.6E-03
rs6575165	14	91352234	0.881721	G	A	0.76556	0.994744	5.38924	2.0E-02	0.0155157	0.00659837	5.52931	1.9E-02	5.60232	1.8E-02
rs10130936	14	98342676	1.02712	C	T	0.37676	0.985923	2.28131	1.3E-01	0.00880292	0.00580932	2.29617	1.3E-01	2.49705	1.1E-01
rs4779523	15	31679470	0.452779	T	A	0.728098	0.995337	0.000468535	9.8E-01	0.00080149	0.00630558	0.0161565	9.0E-01	0.000139275	9.9E-01
rs28647196	15	40833379	0.629227	C	T	0.564205	0.997093	4.19297	4.1E-02	0.00973531	0.00565204	2.96681	8.5E-02	4.4465	3.5E-02
rs11630710	15	56364758	0.756318	G	T	0.893172	0.979091	0.997541	3.2E-01	-0.0085416	0.00916352	0.868867	3.5E-01	0.960935	3.3E-01
rs17184382	15	63792486	0.876626	A	C	0.574619	1	2.44407	1.2E-01	-0.0094234	0.00565082	2.78095	9.5E-02	3.60451	5.8E-02
rs2165241	15	74222202	0.994735	T	C	0.491224	0.994517	2.91611	8.8E-02	-0.0101585	0.00558156	3.31242	6.9E-02	2.65962	1.0E-01
rs12905116	15	79042734	1.02295	T	A	0.242831	0.998559	0.13293	7.2E-01	-0.00334822	0.00648908	0.266232	6.1E-01	0.209995	6.5E-01
rs2401948	16	1340854	0.0338191	G	C	0.470436	0.984992	0.00859555	9.3E-01	0.000690124	0.00563453	0.0150016	9.0E-01	0.0175375	8.9E-01
rs3747577	16	4415696	0.082586	C	G	0.259467	0.988145	9.20199e-05	9.9E-01	-0.000295483	0.00641232	0.00212342	9.6E-01	0.005527	9.4E-01
rs6498114	16	10964118	0.259065	G	T	0.240585	0.980902	0.00205055	9.6E-01	-0.00130109	0.00660002	0.038862	8.4E-01	0.0586691	8.1E-01
rs11648086	16	15054021	0.32114	G	A	0.662064	0.785615	33.2625	8.1E-09	-0.038447	0.00666641	33.2614	8.1E-09	30.1163	4.1E-08
rs2192868	16	53428284	0.643286	G	A	0.551203	0.983829	0.0381459	8.5E-01	-0.00245558	0.00566602	0.187825	6.6E-01	0.156208	6.9E-01
rs9989419	16	56985139	0.729936	A	G	0.393464	1	31.2666	2.2E-08	0.0343998	0.00570313	36.382	1.6E-09	35.2436	2.9E-09
rs116975210	16	67058614	0.849502	T	G	0.960603	0.993544	1.90196	1.7E-01	-0.0197701	0.0143986	1.88527	1.7E-01	2.01279	1.6E-01
rs2056876	16	78864296	0.975993	T	G	0.815684	0.95437	0.110586	7.4E-01	-0.00264895	0.00735648	0.12966	7.2E-01	0.309274	5.8E-01
rs9926618	16	81484570	1.04509	T	A	0.39429	0.97289	5.82895	1.6E-02	-0.0153826	0.00579151	7.05463	7.9E-03	6.61851	1.0E-02
rs66710707	16	81528621	1.0457	A	G	0.719577	0.992374	14.8354	1.2E-04	-0.022932	0.00623743	13.5168	2.4E-04	13.6815	2.2E-04
rs116911572	17	943593	0.0364958	T	C	0.982069	1	3.45202	6.3E-02	-0.03901	0.0210744	3.42642	6.4E-02	2.9476	8.6E-02
rs4151120	17	7342148	0.196018	T	A	0.629178	0.991461	4.4402	3.5E-02	0.0121199	0.00580756	4.35523	3.7E-02	3.24277	7.2E-02
rs1561	17	8263334	0.209036	C	T	0.928268	0.930811	0.622795	4.3E-01	0.00846473	0.0111955	0.571661	4.5E-01	0.792585	3.7E-01
rs1242488	17	17347995	0.443205	C	A	0.250473	0.994678	2.33208	1.3E-01	-0.00945378	0.006445	2.15162	1.4E-01	2.63724	1.0E-01
rs897456	17	17422608	0.444631	A	G	0.942018	1	10.0403	1.5E-03	0.0378367	0.0119643	10.0011	1.6E-03	11.0838	8.7E-04
rs11651639	17	27672320	0.49569	A	T	0.483934	0.999433	0.525761	4.7E-01	0.00358997	0.0055851	0.41316	5.2E-01	0.278239	6.0E-01
rs55883500	17	40395267	0.664304	T	G	0.691334	0.998762	1.18923	2.8E-01	0.00618072	0.00604296	1.04611	3.1E-01	1.84996	1.7E-01
rs2242461	17	40861424	0.665935	G	A	0.405713	1	7.40294	6.5E-03	-0.0160342	0.00568425	7.95702	4.8E-03	8.37234	3.8E-03
rs76868109	17	41776943	0.672597	A	C	0.966259	1	48.1258	4.0E-12	0.105372	0.0154283	46.6456	8.5E-12	47.304	6.1E-12
rs62053943	17	43744203	0.688226	C	T	0.845555	0.975028	0.811744	3.7E-01	0.00782951	0.00783797	0.997843	3.2E-01	0.992787	3.2E-01
rs6504972	17	53601168	0.790946	G	A	0.654059	0.990391	2.94578	8.6E-02	-0.010614	0.0059184	3.21627	7.3E-02	3.08523	7.9E-02
rs9892365	17	59491384	0.871045	A	G	0.330387	0.996856	1.21239	2.7E-01	0.00683326	0.00594424	1.32149	2.5E-01	1.60819	2.0E-01
rs146385050	17	60637258	0.881108	C	A	0.819308	0.982238	1.44123	2.3E-01	0.00815466	0.00731472	1.24284	2.6E-01	1.27336	2.6E-01
rs1966327	17	67570113	0.971768	A	G	0.320402	0.997202	0.090543	7.6E-01	-0.00196528	0.00598462	0.107839	7.4E-01	0.199718	6.5E-01
rs9896666	17	68226321	0.98162	C	T	0.675868	0.994992	0.0379763	8.5E-01	-0.00281204	0.00597425	0.221552	6.4E-01	0.144074	7.0E-01
rs3810068	18	2846499	0.0738566	T	C	0.595452	1	2.63479	1.0E-01	-0.00871866	0.00567609	2.35939	1.2E-01	2.43583	1.2E-01
rs4800451	18	20716805	0.429195	C	T	0.259966	0.984274	0.54534	4.6E-01	0.00520662	0.00642742	0.656203	4.2E-01	0.43845	5.1E-01
rs1026186	18	42741410	0.625015	G	A	0.64681	0.995626	0.0188808	8.9E-01	-0.000553709	0.00585531	0.0089426	9.2E-01	1.84358e-07	1.0E+00
rs8086644	18	60788559	0.864537	G	A	0.834201	0.988925	0.355146	5.5E-01	0.00291302	0.00754133	0.149208	7.0E-01	0.559731	4.5E-01
rs12979965	19	2131148	0.0753026	A	G	0.499935	0.991113	0.387031	5.3E-01	0.00370866	0.00559546	0.439301	5.1E-01	0.239593	6.2E-01
rs10421685	19	4488926	0.151356	G	A	0.311293	0.998169	0.0167737	9.0E-01	-0.00142872	0.00603202	0.0561007	8.1E-01	0.068442	7.9E-01
rs10421685	19	4488926	0.151356	G	C	0.973386	0.548756	0.0126471	9.1E-01	0.00762489	0.0233664	0.106484	7.4E-01	0.0825626	7.7E-01
rs35555265	19	17152232	0.420672	C	T	0.803227	0.993265	4.40328	3.6E-02	-0.0141613	0.00702483	4.06382	4.4E-02	4.27927	3.9E-02
rs72999466	19	18248499	0.447893	C	T	0.742123	0.99893	0.125422	7.2E-01	0.000164539	0.00637074	0.000667048	9.8E-01	0.0293955	8.6E-01
rs1423056	19	33780444	0.560699	G	A	0.681795	0.903762	0.500353	4.8E-01	0.00437726	0.00630545	0.481917	4.9E-01	0.388638	5.3E-01
rs113504807	19	33787954	0.561506	C	T	0.951238	0.934153	0.239788	6.2E-01	-0.00693506	0.0133669	0.269179	6.0E-01	0.109751	7.4E-01
rs11672697	19	33876955	0.562267	C	T	0.494053	0.99299	0.298532	5.8E-01	-0.00306619	0.00559983	0.299811	5.8E-01	0.562764	4.5E-01
rs62116588	19	44446097	0.68736	C	G	0.976805	0.933368	31.4627	2.0E-08	0.106412	0.0192053	30.6998	3.0E-08	32.556	1.2E-08
rs142751148	19	45100982	0.69683	G	T	0.973358	0.950645	55.9678	7.4E-14	0.131705	0.0177319	55.1693	1.1E-13	58.8344	1.7E-14
rs73048351	19	45160086	0.697689	C	A	0.989712	0.91554	50.141	1.4E-12	0.206683	0.028954	50.9557	9.4E-13	55.0596	1.2E-13
rs140824606	19	45311084	0.70382	G	A	0.974928	0.867871	41.0665	1.5E-10	-0.121401	0.019107	40.3702	2.1E-10	44.5637	2.5E-11
rs2075649	19	45395330	0.707004	A	G	0.611354	0.998574	41.2963	1.3E-10	-0.0365502	0.00573655	40.5955	1.9E-10	45.5351	1.5E-11
rs146390218	19	45478352	0.709104	A	G	0.973731	0.966351	122.892	1.5E-28	0.195721	0.0177332	121.816	2.5E-28	125.125	4.8E-29
rs181765708	19	45880690	0.715179	C	T	0.983746	0.92116	83.7705	5.6E-20	0.207587	0.022939	81.894	1.4E-19	85.5643	2.2E-20
rs2864436	19	55986637	0.996315	T	C	0.754674	1	0.0548709	8.1E-01	-0.00133947	0.00646127	0.0429762	8.4E-01	0.100616	7.5E-01
rs151235402	20	569164	0.0196907	C	T	0.984757	0.956324	13.1569	2.9E-04	0.0852512	0.0234432	13.2241	2.8E-04	12.9914	3.1E-04
rs805769	20	5667459	0.191037	T	C	0.595306	0.99253	0.0228138	8.8E-01	0.000451781	0.00571217	0.00625539	9.4E-01	0.000845548	9.8E-01
rs6117303	20	6487687	0.213838	T	C	0.34849	0.989053	0.424677	5.1E-01	0.00379683	0.00588861	0.415736	5.2E-01	0.631735	4.3E-01
rs2618568	20	17843968	0.423696	C	A	0.384197	0.989119	37.2273	1.1E-09	0.034809	0.00575878	36.5361	1.5E-09	38.0498	6.9E-10
rs146411982	20	38985760	0.586515	A	G	0.97517	0.885893	5.55747	1.8E-02	-0.0478776	0.0190368	6.32526	1.2E-02	4.40839	3.6E-02
rs1997833	20	39690342	0.597551	T	C	0.700507	0.998963	0.352819	5.5E-01	-0.00364993	0.00607611	0.360843	5.5E-01	0.430565	5.1E-01
rs11699991	20	45489407	0.689702	T	A	0.670387	0.988835	0.10718	7.4E-01	0.00268564	0.00596773	0.202524	6.5E-01	0.341956	5.6E-01
rs6068280	20	51235613	0.791961	A	G	0.324841	0.992237	7.2844	7.0E-03	0.0167608	0.00595401	7.92452	4.9E-03	8.68802	3.2E-03
rs6013572	20	51553621	0.798111	T	C	0.936054	1	0.0320593	8.6E-01	0.00240214	0.0114753	0.0438195	8.3E-01	0.0658243	8.0E-01
rs1936966	20	51691779	0.801626	C	T	0.672454	0.982215	1.41373	2.3E-01	-0.00701261	0.00603913	1.34837	2.5E-01	1.54676	2.1E-01
rs2105063	20	62690683	1.09651	C	T	0.438811	1	1.42118	2.3E-01	-0.00609949	0.00563589	1.17128	2.8E-01	1.26535	2.6E-01
rs4998557	21	33034892	0.322704	G	A	0.887631	0.995909	0.023656	8.8E-01	-0.00160028	0.00887127	0.0325401	8.6E-01	0.135767	7.1E-01
rs2836139	21	39451403	0.432375	A	G	0.514897	0.9942	0.682406	4.1E-01	0.00501945	0.00562717	0.795669	3.7E-01	1.07757	3.0E-01
rs2330396	21	47524380	0.643685	A	C	0.492654	0.996498	0.127086	7.2E-01	-0.00163402	0.00557847	0.0857989	7.7E-01	0.0262099	8.7E-01
rs2236142	22	29137944	0.338659	G	C	0.32476	0.994367	0.06763	7.9E-01	-0.000330642	0.0059723	0.00306501	9.6E-01	0.0109211	9.2E-01
rs5997898	22	31572963	0.355537	A	C	0.421356	0.998342	0.335714	5.6E-01	0.00372497	0.00566194	0.432827	5.1E-01	0.355813	5.5E-01
