SNP	CHR	BP	GENPOS	ALLELE1	ALLELE0	A1FREQ	INFO	CHISQ_LINREG	P_LINREG	BETA	SE	CHISQ_BOLT_LMM_INF	P_BOLT_LMM_INF	CHISQ_BOLT_LMM	P_BOLT_LMM
rs10909862	1	2936815	0.0400559	G	A	0.1928	0.987988	0.11718	7.3E-01	-0.00296801	0.00710791	0.17436	6.8E-01	0.272833	6.0E-01
rs1294014	1	9325676	0.18921	C	T	0.732088	0.974098	0.665351	4.1E-01	0.00392945	0.00638986	0.378165	5.4E-01	0.454041	5.0E-01
rs10753554	1	23619009	0.461644	T	C	0.260317	0.989627	0.314633	5.7E-01	-0.00289449	0.00638371	0.205588	6.5E-01	0.271443	6.0E-01
rs11206506	1	55485919	0.808943	G	C	0.851932	0.999016	33.6953	6.4E-09	-0.0443571	0.00785207	31.9123	1.6E-08	30.4005	3.5E-08
rs2495477	1	55518467	0.810628	A	G	0.606604	0.96027	36.9661	1.2E-09	0.0364838	0.00581748	39.3306	3.6E-10	34.6539	3.9E-09
rs875868	1	65539253	0.960443	A	C	0.697717	0.993511	0.83159	3.6E-01	-0.00478759	0.00608942	0.618133	4.3E-01	1.27173	2.6E-01
rs10889551	1	65906137	0.967654	A	G	0.326867	0.995997	2.68636	1.0E-01	0.0108476	0.00596072	3.31183	6.9E-02	3.31366	6.9E-02
rs71658797	1	77967507	1.07336	T	A	0.879141	0.99054	2.00202	1.6E-01	-0.0156666	0.00857157	3.34065	6.8E-02	5.8869	1.5E-02
rs1415361	1	103562263	1.33102	C	T	0.402104	0.995554	4.59764	3.2E-02	-0.0124593	0.00569709	4.78279	2.9E-02	5.70787	1.7E-02
rs116679284	1	119014845	1.50751	C	T	0.963654	0.948411	0.339351	5.6E-01	0.00943634	0.0153018	0.380297	5.4E-01	0.142531	7.1E-01
rs1766783	1	119434896	1.50931	A	C	0.181268	0.981355	0.00864396	9.3E-01	0.00132608	0.00729241	0.0330671	8.6E-01	0.00163989	9.7E-01
rs3738479	1	150997842	1.65945	T	A	0.765906	0.995486	4.69291	3.0E-02	-0.0159824	0.00659885	5.86607	1.5E-02	5.01189	2.5E-02
rs79810698	1	154836444	1.69767	C	A	0.95565	1	0.48226	4.9E-01	0.00890924	0.0135384	0.43306	5.1E-01	0.190914	6.6E-01
rs10494421	1	164738727	1.83743	C	T	0.880829	1	0.25128	6.2E-01	-0.00380266	0.00860194	0.195426	6.6E-01	0.0208081	8.9E-01
rs3121911	1	170212480	1.91705	G	A	0.744389	0.993907	0.827114	3.6E-01	-0.00668705	0.006373	1.10098	2.9E-01	0.666562	4.1E-01
rs17346300	1	170510459	1.91857	C	T	0.950626	1	1.80942	1.8E-01	-0.0149696	0.0128917	1.34834	2.5E-01	0.981053	3.2E-01
rs6697844	1	172308238	1.93873	C	T	0.56798	0.996349	0.205059	6.5E-01	0.0037826	0.00561032	0.454577	5.0E-01	0.309817	5.8E-01
rs10922075	1	196467248	2.1432	G	A	0.687963	0.997066	0.428923	5.1E-01	-0.00339511	0.00601683	0.318399	5.7E-01	0.182822	6.7E-01
rs13303121	1	203503267	2.22276	C	G	0.607356	0.947347	2.16573	1.4E-01	-0.0088032	0.00584495	2.2684	1.3E-01	2.37919	1.2E-01
rs4951159	1	205012106	2.25304	G	C	0.0908836	0.967	0.000385638	9.8E-01	0.00113959	0.00985752	0.0133648	9.1E-01	0.00398576	9.5E-01
rs61821643	1	219268532	2.43532	T	C	0.974378	0.889659	2.77799	9.6E-02	0.0277267	0.0186687	2.2058	1.4E-01	3.84744	5.0E-02
rs77278027	1	219392230	2.43543	C	T	0.93823	0.976746	0.101068	7.5E-01	-0.00216974	0.0117157	0.0342986	8.5E-01	0.0419779	8.4E-01
rs12740837	1	219623230	2.43692	G	A	0.983204	0.959021	0.240127	6.2E-01	-0.0106974	0.0220818	0.234688	6.3E-01	0.420796	5.2E-01
rs711869	2	13073967	0.297329	G	A	0.443249	0.983109	0.539663	4.6E-01	0.00433892	0.00565738	0.588211	4.4E-01	1.38937	2.4E-01
rs2702068	2	24689512	0.456007	A	C	0.144534	0.985387	0.705313	4.0E-01	0.00591254	0.0079828	0.548578	4.6E-01	0.424551	5.1E-01
rs77541036	2	25575523	0.459339	A	G	0.962268	0.991995	2.65169	1.0E-01	0.0183696	0.0146639	1.56928	2.1E-01	2.71085	1.0E-01
rs7933	2	43452183	0.682402	A	G	0.634849	0.981779	0.554285	4.6E-01	-0.00357859	0.00583365	0.376308	5.4E-01	0.191682	6.6E-01
rs56266464	2	44054991	0.686489	G	A	0.939556	0.986548	55.6917	8.5E-14	0.0919507	0.0117897	60.8285	6.2E-15	64.2792	1.1E-15
rs36072157	2	48953740	0.765134	G	C	0.658175	0.956087	0.203977	6.5E-01	-0.00343559	0.00599904	0.327974	5.7E-01	0.0282013	8.7E-01
rs4953627	2	48990167	0.765401	C	T	0.77524	0.975089	1.54169	2.1E-01	-0.00921064	0.00677969	1.84569	1.7E-01	1.83007	1.8E-01
rs10779951	2	66142656	0.91656	G	A	0.525126	0.992672	1.65651	2.0E-01	0.00826576	0.00560988	2.17099	1.4E-01	2.42464	1.2E-01
rs12713567	2	66729420	0.924256	A	G	0.428176	0.981664	1.98422	1.6E-01	0.00937442	0.00568001	2.7239	9.9E-02	4.64487	3.1E-02
rs1521047	2	67724601	0.937973	C	G	0.75421	0.992329	1.52579	2.2E-01	-0.00911771	0.00647221	1.98457	1.6E-01	2.59585	1.1E-01
rs12712049	2	100208830	1.21955	A	G	0.176674	0.985519	5.06693	2.4E-02	-0.0175797	0.00734794	5.7239	1.7E-02	5.43589	2.0E-02
rs72946301	2	111861838	1.33125	G	A	0.903863	0.964859	2.21061	1.4E-01	-0.0167326	0.00962893	3.01974	8.2E-02	3.64524	5.6E-02
rs1053413	2	114471921	1.35945	A	G	0.784744	0.998156	1.06185	3.0E-01	-0.00612495	0.0068027	0.810666	3.7E-01	0.892715	3.4E-01
rs7593247	2	119337589	1.3956	C	T	0.503784	0.990163	0.171959	6.8E-01	0.00226421	0.00559787	0.163601	6.9E-01	0.20153	6.5E-01
rs78876301	2	158234589	1.75901	A	C	0.987195	0.782415	0.46212	5.0E-01	-0.0273474	0.0280469	0.950739	3.3E-01	0.710926	4.0E-01
rs77928329	2	158413902	1.76308	G	A	0.94544	0.998218	2.95777	8.5E-02	0.0204012	0.0122346	2.78056	9.5E-02	2.25687	1.3E-01
rs1402698	2	165424575	1.81281	G	A	0.368889	0.988943	1.55117	2.1E-01	0.00797658	0.00581894	1.87908	1.7E-01	1.83591	1.8E-01
rs3769877	2	165569779	1.81517	G	A	0.125673	1	0.729912	3.9E-01	-0.00710598	0.0084115	0.713675	4.0E-01	1.7666	1.8E-01
rs72882321	2	172298662	1.8972	C	T	0.821415	0.98752	0.55694	4.6E-01	0.00479237	0.00732657	0.427857	5.1E-01	0.0508812	8.2E-01
rs62173497	2	187821910	2.04064	C	A	0.889372	0.96522	2.7615	9.7E-02	-0.0146481	0.00902925	2.63184	1.0E-01	4.17171	4.1E-02
rs61613340	2	191746748	2.0603	G	T	0.922172	0.993102	6.26468	1.2E-02	-0.0260071	0.0104349	6.21158	1.3E-02	5.74229	1.7E-02
rs1250248	2	216287093	2.28549	A	G	0.271958	0.996374	4.14362	4.2E-02	-0.014073	0.00627968	5.02227	2.5E-02	5.02006	2.5E-02
rs2373074	2	218381350	2.32413	C	T	0.903229	0.998908	0.019576	8.9E-01	-0.000125085	0.00943819	0.000175643	9.9E-01	0.000220702	9.9E-01
rs62182126	2	219279230	2.33765	G	A	0.901349	1	0.143739	7.0E-01	0.0042868	0.00934626	0.210373	6.5E-01	0.369306	5.4E-01
rs6760762	2	226866226	2.44112	C	T	0.776249	0.976874	9.44046	2.1E-03	-0.0204658	0.00677224	9.13257	2.5E-03	8.29911	4.0E-03
rs305506	3	12026709	0.296805	G	T	0.113563	0.992655	0.779535	3.8E-01	-0.00474052	0.00883016	0.288214	5.9E-01	0.169139	6.8E-01
rs114252958	3	12409938	0.29797	C	T	0.982978	0.956617	0.966655	3.3E-01	0.0197574	0.0221253	0.797408	3.7E-01	0.970077	3.2E-01
rs10490869	3	35635145	0.595764	A	T	0.789478	0.990849	2.07207	1.5E-01	0.00867034	0.00684436	1.60475	2.1E-01	1.38811	2.4E-01
rs6771508	3	43718462	0.664863	A	C	0.974946	0.998741	0.16894	6.8E-01	-0.00631685	0.0178418	0.12535	7.2E-01	0.454856	5.0E-01
rs4683294	3	46979013	0.687679	G	C	0.321605	0.960868	3.63344	5.7E-02	0.0106938	0.00607849	3.09506	7.9E-02	3.28841	7.0E-02
rs4858828	3	48724811	0.68972	C	T	0.349101	0.999091	1.2878	2.6E-01	0.00630539	0.00582589	1.17139	2.8E-01	1.55038	2.1E-01
rs352156	3	52214610	0.694887	C	T	0.955078	0.904333	0.175135	6.8E-01	-0.00665193	0.0140216	0.225061	6.4E-01	0.102355	7.5E-01
rs7643235	3	53227428	0.699142	T	C	0.4136	0.989215	2.16247	1.4E-01	-0.00896895	0.00565945	2.51151	1.1E-01	2.80822	9.4E-02
rs11718560	3	64584862	0.868956	C	T	0.731847	0.985124	0.153501	7.0E-01	0.00296386	0.0063308	0.219178	6.4E-01	0.178157	6.7E-01
rs4688498	3	64674599	0.871028	C	T	0.669682	0.985151	1.59458	2.1E-01	-0.00669099	0.00597041	1.25595	2.6E-01	1.65061	2.0E-01
rs997274	3	78704821	1.06722	T	C	0.748705	0.994327	0.0893319	7.7E-01	0.00141122	0.00645782	0.0477547	8.3E-01	0.0413808	8.4E-01
rs1877569	3	99224544	1.12953	G	A	0.816212	0.993173	0.100614	7.5E-01	0.00217097	0.00719839	0.0909567	7.6E-01	0.000243648	9.9E-01
rs9875732	3	107461731	1.19696	T	C	0.623037	0.99667	2.46773	1.2E-01	-0.00841123	0.00576139	2.1314	1.4E-01	2.08418	1.5E-01
rs1000368	3	123117165	1.35684	C	T	0.748381	0.996692	4.59342	3.2E-02	0.0140612	0.00642654	4.7873	2.9E-02	4.44806	3.5E-02
rs113771682	3	129112166	1.4255	C	T	0.937375	0.999072	0.852972	3.6E-01	-0.00966151	0.0115357	0.701455	4.0E-01	0.94737	3.3E-01
rs7647218	3	129125231	1.42558	C	A	0.901341	0.999167	0.731825	3.9E-01	-0.0100986	0.00936846	1.16194	2.8E-01	0.828976	3.6E-01
rs75212171	3	129323322	1.42649	T	C	0.983129	1	0.125189	7.2E-01	0.010106	0.0216308	0.21828	6.4E-01	0.374121	5.4E-01
rs112551697	3	150018637	1.64271	G	A	0.96554	0.928479	2.26298	1.3E-01	0.0242963	0.0158059	2.36289	1.2E-01	2.18014	1.4E-01
rs11720805	3	156800360	1.71236	A	G	0.330979	0.970132	1.41524	2.3E-01	-0.00787555	0.00601574	1.71389	1.9E-01	1.95734	1.6E-01
rs1488111	3	168951612	1.77942	C	T	0.517315	0.996852	0.0859193	7.7E-01	0.000772802	0.00557383	0.0192234	8.9E-01	0.0185263	8.9E-01
rs1499813	3	171760427	1.8208	T	C	0.587431	1	2.04876	1.5E-01	-0.00862916	0.00568608	2.30309	1.3E-01	2.64987	1.0E-01
rs13092876	3	185495320	2.01656	G	A	0.686729	0.994835	1.29289	2.6E-01	0.00612669	0.00602286	1.03478	3.1E-01	1.8859	1.7E-01
rs3843375	3	196813908	2.26438	G	A	0.590289	0.999191	0.037753	8.5E-01	-0.000734643	0.00568224	0.0167153	9.0E-01	0.0646604	8.0E-01
rs75072999	4	844781	0.00782036	G	A	0.904916	0.991302	1.2774	2.6E-01	0.00889393	0.00955838	0.865801	3.5E-01	0.748201	3.9E-01
rs748483	4	952409	0.00822297	A	G	0.891514	0.99682	1.12177	2.9E-01	0.0112914	0.00898434	1.57952	2.1E-01	1.51004	2.2E-01
rs1912897	4	26006133	0.455942	A	T	0.79303	0.98817	2.75415	9.7E-02	0.0124985	0.0069256	3.25686	7.1E-02	3.09199	7.9E-02
rs7689800	4	26295421	0.461356	C	G	0.382047	0.982424	9.94638	1.6E-03	-0.0196754	0.00579152	11.5415	6.8E-04	12.493	4.1E-04
rs34171390	4	56192405	0.730002	C	G	0.8287	0.967618	0.0584193	8.1E-01	-0.00303937	0.00750322	0.164085	6.9E-01	0.714318	4.0E-01
rs3017896	4	89533004	1.04795	G	C	0.704424	1	0.214207	6.4E-01	0.00253767	0.00608995	0.173637	6.8E-01	0.16514	6.8E-01
rs10029220	4	89710592	1.04921	C	T	0.909822	0.997537	0.000428041	9.8E-01	0.00375807	0.00975475	0.148422	7.0E-01	0.0315527	8.6E-01
rs1813006	4	103001649	1.15654	G	T	0.940843	0.94358	3.5558	5.9E-02	0.0235909	0.0121534	3.76783	5.2E-02	3.63764	5.6E-02
rs12647922	4	106063987	1.17944	C	T	0.794569	0.998343	4.08961	4.3E-02	-0.0143959	0.00689803	4.35538	3.7E-02	4.59149	3.2E-02
rs7655064	4	120106348	1.31331	T	C	0.875314	0.995692	0.256852	6.1E-01	0.0037966	0.00844142	0.202282	6.5E-01	0.218769	6.4E-01
rs2922979	4	123748616	1.34468	C	G	0.689916	1	3.25631	7.1E-02	-0.0109589	0.00603402	3.29852	6.9E-02	2.87407	9.0E-02
rs1520325	4	125182690	1.35483	C	T	0.780072	0.994582	0.000533688	9.8E-01	0.000902001	0.00674871	0.0178638	8.9E-01	0.085889	7.7E-01
rs2353397	4	145517578	1.53798	C	T	0.460014	1	0.00461947	9.5E-01	0.000991289	0.00559948	0.0313404	8.6E-01	0.18813	6.6E-01
rs2166365	5	3597830	0.0882728	A	G	0.777698	0.981109	0.580864	4.5E-01	-0.00622638	0.00676244	0.847743	3.6E-01	1.14902	2.8E-01
rs13178917	5	4007353	0.10142	C	T	0.551974	0.99437	0.838051	3.6E-01	-0.00485692	0.00559749	0.752896	3.9E-01	0.476323	4.9E-01
rs10061804	5	32748637	0.511958	G	A	0.711087	1	0.304405	5.8E-01	0.00362951	0.00615376	0.347869	5.6E-01	0.232024	6.3E-01
rs299615	5	34042097	0.535425	G	A	0.843206	1	2.95567	8.6E-02	-0.0143119	0.00767464	3.47758	6.2E-02	2.3018	1.3E-01
rs4293945	5	38736142	0.597252	A	T	0.606405	0.995383	3.88752	4.9E-02	0.0121875	0.0057193	4.5409	3.3E-02	5.14267	2.3E-02
rs163112	5	54538003	0.667379	C	G	0.107056	0.994238	0.46862	4.9E-01	-0.00545228	0.0090575	0.36236	5.5E-01	1.34939	2.5E-01
rs61653333	5	55779080	0.679717	G	T	0.970413	0.977169	1.07337	3.0E-01	0.015827	0.016614	0.9075	3.4E-01	0.442302	5.1E-01
rs6867983	5	55854153	0.681454	C	T	0.861186	1	7.56509	6.0E-03	0.0240616	0.00806406	8.90311	2.8E-03	9.57474	2.0E-03
rs11749164	5	66294202	0.770672	T	G	0.726476	0.988719	0.659131	4.2E-01	-0.00495882	0.00629373	0.620784	4.3E-01	0.270828	6.0E-01
rs6878122	5	76427311	0.889556	G	A	0.318279	0.997785	6.56771	1.0E-02	0.0152313	0.00599884	6.44672	1.1E-02	6.49535	1.1E-02
rs7734060	5	101780479	1.10738	T	G	0.734786	0.995631	2.48843	1.1E-01	-0.00991154	0.00634909	2.43702	1.2E-01	2.00984	1.6E-01
rs1394631	5	118639270	1.27349	C	T	0.775173	0.988487	0.072509	7.9E-01	0.0025376	0.00670584	0.143199	7.1E-01	0.267618	6.0E-01
rs11744058	5	118798944	1.27486	G	T	0.783774	0.998591	2.52044	1.1E-01	-0.0103949	0.00678208	2.34918	1.3E-01	1.64389	2.0E-01
rs3749748	5	127350549	1.37291	C	T	0.753975	0.992802	0.738609	3.9E-01	-0.0051371	0.00649254	0.626047	4.3E-01	0.869711	3.5E-01
rs4705986	5	132349654	1.39065	T	G	0.937241	0.978165	0.124993	7.2E-01	-0.00625248	0.0116318	0.288942	5.9E-01	0.0599401	8.1E-01
rs10463353	5	141710741	1.48273	C	T	0.640669	0.986535	3.5732	5.9E-02	-0.0121556	0.00584405	4.32638	3.8E-02	3.56899	5.9E-02
rs33999	5	141973349	1.48937	C	G	0.612065	0.9834	0.0165909	9.0E-01	0.000256977	0.00575684	0.0019926	9.6E-01	0.00588988	9.4E-01
rs12652322	5	171822666	1.88951	C	T	0.705252	0.99822	0.413897	5.2E-01	0.00399991	0.00612653	0.426257	5.1E-01	0.674917	4.1E-01
rs2053681	5	172746086	1.91113	A	G	0.485601	0.912476	0.529289	4.7E-01	-0.00521561	0.00585361	0.793893	3.7E-01	0.82958	3.6E-01
rs10035782	5	173270328	1.92939	A	G	0.600665	0.984103	1.03896	3.1E-01	0.00576217	0.0057376	1.00858	3.2E-01	1.38327	2.4E-01
rs11963955	6	6631996	0.178791	A	G	0.637527	0.976944	0.454876	5.0E-01	0.00343576	0.00587222	0.342327	5.6E-01	1.10771	2.9E-01
rs201061	6	6730512	0.181115	G	A	0.455616	0.976616	0.247509	6.2E-01	-0.00195563	0.00565056	0.119782	7.3E-01	0.0167581	9.0E-01
rs1334576	6	7211818	0.195986	G	A	0.5774	1	0.671437	4.1E-01	0.00408808	0.0056529	0.522993	4.7E-01	0.629541	4.3E-01
rs9382988	6	14595010	0.314722	C	A	0.204362	0.998886	0.011445	9.1E-01	0.000891886	0.00693405	0.0165442	9.0E-01	0.0104497	9.2E-01
rs4710940	6	20658012	0.410434	A	C	0.647018	0.999463	3.64647	5.6E-02	0.0132152	0.00584561	5.11076	2.4E-02	4.21316	4.0E-02
rs3129830	6	30248711	0.50553	G	A	0.868546	0.999908	8.44106	3.7E-03	-0.0252875	0.00821852	9.46726	2.1E-03	10.8715	9.8E-04
rs7772131	6	30795171	0.50714	A	C	0.988571	1	6.08353	1.4E-02	-0.0605169	0.0262262	5.32454	2.1E-02	5.48556	1.9E-02
rs6919908	6	31244960	0.511805	T	C	0.193909	0.999901	4.67443	3.1E-02	0.0152942	0.0070698	4.67991	3.1E-02	3.64876	5.6E-02
rs181133225	6	32454764	0.520293	T	C	0.893444	0.778953	5.80566	1.6E-02	0.021641	0.0101764	4.52237	3.3E-02	3.87864	4.9E-02
rs117108573	6	32489679	0.520303	C	T	0.921405	0.866866	7.39552	6.5E-03	0.027128	0.0110595	6.01677	1.4E-02	4.56064	3.3E-02
rs575662827	6	32543874	0.520325	T	C	0.899303	0.833996	9.63285	1.9E-03	0.0289196	0.010095	8.20673	4.2E-03	6.66051	9.9E-03
rs114760566	6	34192036	0.545788	C	A	0.954268	0.993831	0.00793284	9.3E-01	0.000635516	0.0133735	0.0022582	9.6E-01	0.00433417	9.5E-01
rs1574430	6	43269029	0.669727	A	C	0.391321	0.999399	0.201699	6.5E-01	0.00204516	0.00571144	0.128222	7.2E-01	0.0830502	7.7E-01
rs9381248	6	43734606	0.675407	C	T	0.87836	0.993046	1.39074	2.4E-01	0.0119903	0.008563	1.96069	1.6E-01	2.25467	1.3E-01
rs35349911	6	43785255	0.678849	C	T	0.409597	0.97009	0.0805422	7.8E-01	-0.00148567	0.00576599	0.0663889	8.0E-01	0.006881	9.3E-01
rs72902769	6	80719576	0.920488	C	G	0.966636	0.999182	0.0376284	8.5E-01	0.00178894	0.0155489	0.0132371	9.1E-01	0.00124187	9.7E-01
rs62406467	6	81114126	0.921634	G	T	0.849349	0.952286	3.69784	5.4E-02	-0.0153718	0.00798451	3.70641	5.4E-02	3.82737	5.0E-02
rs6924944	6	100597579	1.0811	A	T	0.245827	0.981159	0.336887	5.6E-01	0.00427921	0.0065524	0.426508	5.1E-01	0.220976	6.4E-01
rs2806373	6	109222017	1.18299	G	A	0.239664	0.998945	4.30661	3.8E-02	0.0125814	0.0065259	3.71686	5.4E-02	2.77278	9.6E-02
rs72969772	6	126187585	1.32503	A	G	0.980332	1	0.200433	6.5E-01	-0.0114093	0.0201341	0.321111	5.7E-01	0.0579236	8.1E-01
rs9986505	6	126445558	1.32603	A	G	0.6761	0.991308	0.0525071	8.2E-01	0.00227109	0.00598139	0.144167	7.0E-01	0.0165297	9.0E-01
rs74949497	6	126812007	1.32699	A	C	0.97518	1	1.80762	1.8E-01	0.0225917	0.0180212	1.57155	2.1E-01	1.6339	2.0E-01
rs139242696	6	127414440	1.32797	T	C	0.974907	0.948341	0.488503	4.8E-01	0.013212	0.0182662	0.523168	4.7E-01	1.29966	2.5E-01
rs9385864	6	139805476	1.50274	C	T	0.6907	0.988333	0.263041	6.1E-01	0.003325	0.00607664	0.299403	5.8E-01	0.342144	5.6E-01
rs12205386	6	139837171	1.50318	C	A	0.643666	0.9992	1.84921	1.7E-01	-0.007406	0.00582669	1.61556	2.0E-01	1.29056	2.6E-01
rs11756568	6	152042413	1.64245	A	T	0.724877	0.999168	0.353164	5.5E-01	-0.00322208	0.00625274	0.26554	6.1E-01	0.577022	4.5E-01
rs2282137	6	160468180	1.77084	G	A	0.984432	0.989502	32.134	1.4E-08	-0.128185	0.0225946	32.1857	1.4E-08	32.6235	1.1E-08
rs562660689	6	160703358	1.77413	A	G	0.844088	0.995196	32.2843	1.3E-08	-0.0450325	0.00767034	34.4685	4.3E-09	39.5064	3.3E-10
rs2214440	7	20372191	0.358281	A	G	0.667686	0.991786	0.00571404	9.4E-01	0.00129638	0.00594632	0.04753	8.3E-01	0.256598	6.1E-01
rs111683990	7	25729528	0.437229	C	G	0.955515	0.987881	0.381359	5.4E-01	0.00956566	0.0136305	0.4925	4.8E-01	0.138282	7.1E-01
rs2040786	7	26208736	0.442609	G	A	0.529361	1	1.45997	2.3E-01	0.00558402	0.005584	1.00001	3.2E-01	0.86037	3.5E-01
rs17428025	7	27251396	0.453724	C	T	0.971743	0.967404	0.288467	5.9E-01	0.00803925	0.0171003	0.221016	6.4E-01	0.14454	7.0E-01
rs849140	7	28183702	0.463008	T	C	0.410278	1	2.02357	1.5E-01	-0.00883778	0.00569813	2.40559	1.2E-01	4.62449	3.2E-02
rs17172095	7	42665355	0.680121	A	G	0.679343	0.995026	3.20184	7.4E-02	-0.0107082	0.00598421	3.202	7.4E-02	3.20028	7.4E-02
rs17725246	7	44581986	0.698744	T	C	0.815924	0.999146	33.1102	8.7E-09	-0.0418134	0.00716683	34.039	5.4E-09	36.8729	1.3E-09
rs35867424	7	72032358	0.893844	G	A	0.97046	0.950986	37.3927	9.7E-10	-0.109249	0.0168523	42.0257	9.0E-11	44.3662	2.7E-11
rs113452856	7	72859135	0.899612	G	A	0.96835	0.994361	34.2893	4.7E-09	-0.0937379	0.0159302	34.6247	4.0E-09	38.7276	4.9E-10
rs57487833	7	77115793	0.936393	G	A	0.723097	0.985735	4.72875	3.0E-02	-0.0143216	0.006272	5.214	2.2E-02	5.15756	2.3E-02
rs76306613	7	106235348	1.22452	G	T	0.855998	0.98895	0.694895	4.0E-01	-0.00681569	0.00798788	0.728043	3.9E-01	0.579917	4.5E-01
rs2237687	7	107585473	1.24369	C	T	0.472386	0.966594	2.51001	1.1E-01	-0.00919017	0.00567344	2.62394	1.1E-01	1.76733	1.8E-01
rs38902	7	116889718	1.32093	G	A	0.474719	0.992845	0.0684528	7.9E-01	-0.00112934	0.00559892	0.0406853	8.4E-01	0.212057	6.5E-01
rs12154627	7	130422934	1.4017	T	C	0.506907	0.97487	10.988	9.2E-04	-0.0177528	0.00563568	9.92293	1.6E-03	12.186	4.8E-04
rs7808446	7	150214465	1.67249	T	G	0.235469	0.993612	4.36957	3.7E-02	-0.0137074	0.00659011	4.32638	3.8E-02	2.76952	9.6E-02
rs2980478	8	8088230	0.237388	T	C	0.524982	0.963758	45.2871	1.7E-11	-0.0389021	0.00570138	46.5572	8.9E-12	48.7409	2.9E-12
rs4474021	8	12632903	0.332387	G	T	0.680802	1	4.84012	2.8E-02	0.0130251	0.00596723	4.76447	2.9E-02	4.48188	3.4E-02
rs62496677	8	19636940	0.469846	A	C	0.808299	0.995456	36.5308	1.5E-09	-0.0403895	0.00708471	32.5007	1.2E-08	32.8274	1.0E-08
rs66462329	8	19912060	0.473335	G	A	0.718482	0.996492	59.8101	1.0E-14	-0.0482687	0.00618711	60.8632	6.1E-15	65.4296	6.0E-16
rs7815496	8	38321607	0.69461	C	T	0.597431	0.996532	0.0571741	8.1E-01	-0.00213402	0.0056784	0.141236	7.1E-01	0.0129476	9.1E-01
rs12543555	8	69562014	0.90375	A	G	0.792127	0.98465	0.162823	6.9E-01	-0.00404112	0.00690188	0.342822	5.6E-01	1.00818	3.2E-01
rs28568866	8	72353630	0.949663	G	A	0.969859	0.939217	0.950644	3.3E-01	0.0162945	0.0168322	0.937131	3.3E-01	1.19129	2.8E-01
rs146492163	8	72386394	0.950025	G	T	0.96946	0.960969	9.12375	2.5E-03	0.0499591	0.0165482	9.11444	2.5E-03	10.0273	1.5E-03
rs1895674	8	72443246	0.950276	T	G	0.946831	0.990629	1.62364	2.0E-01	-0.0167378	0.0124423	1.80966	1.8E-01	1.70217	1.9E-01
rs4147332	8	89280863	1.08332	G	C	0.323111	0.995784	8.42146	3.7E-03	0.0174973	0.00596454	8.60574	3.4E-03	8.47015	3.6E-03
rs144435165	8	126419938	1.45107	G	C	0.944194	0.785853	4.71453	3.0E-02	0.0254224	0.0136727	3.45721	6.3E-02	4.09894	4.3E-02
rs2954018	8	126477153	1.45319	C	T	0.298303	0.998357	3.88379	4.9E-02	-0.0137291	0.00609538	5.07322	2.4E-02	4.25513	3.9E-02
rs6991761	8	128274518	1.48941	C	T	0.844226	0.993607	0.481414	4.9E-01	0.00385647	0.00769405	0.251229	6.2E-01	0.000380701	9.8E-01
rs2467030	8	135665361	1.60637	A	G	0.339711	0.997044	0.0545703	8.2E-01	0.0011947	0.00590718	0.0409031	8.4E-01	0.0061435	9.4E-01
rs12340775	9	13226945	0.282033	G	A	0.944664	0.940298	4.47182	3.4E-02	0.0257054	0.0125566	4.19089	4.1E-02	4.97308	2.6E-02
rs675849	9	15298666	0.337659	T	C	0.138628	0.996826	30.9772	2.6E-08	0.0447505	0.00807742	30.6938	3.0E-08	32.691	1.1E-08
rs73650963	9	93943033	1.11642	T	C	0.892489	0.990174	7.72429e-05	9.9E-01	0.000215336	0.00900318	0.000572061	9.8E-01	0.0526345	8.2E-01
rs2131919	9	95283887	1.12689	A	G	0.83667	0.999136	1.11913	2.9E-01	0.00863026	0.00756536	1.30134	2.5E-01	0.773085	3.8E-01
rs1572136	9	101740604	1.18729	G	C	0.724977	0.989514	0.0875631	7.7E-01	0.00272996	0.00628457	0.188695	6.6E-01	0.158484	6.9E-01
rs12686004	9	107653426	1.24316	G	A	0.884341	1	15.4486	8.5E-05	-0.0337234	0.00871391	14.9774	1.1E-04	15.4438	8.5E-05
rs10991414	9	107685589	1.24582	T	C	0.861068	0.989408	1.99968	1.6E-01	0.0105214	0.00812314	1.67763	2.0E-01	0.79034	3.7E-01
rs111479443	9	107874316	1.24936	T	G	0.963776	0.9746	3.14828	7.6E-02	0.0263701	0.0151238	3.04022	8.1E-02	1.24873	2.6E-01
rs7048735	9	112529695	1.31375	A	G	0.239526	0.976202	1.0517	3.1E-01	0.0070414	0.00660816	1.13542	2.9E-01	1.81533	1.8E-01
rs1002607	9	113858933	1.33848	T	C	0.40707	0.988428	0.922192	3.4E-01	-0.00480346	0.00571766	0.705785	4.0E-01	1.16064	2.8E-01
rs13298297	9	119264108	1.4204	G	A	0.769275	0.989359	2.3	1.3E-01	-0.0106857	0.00667332	2.56403	1.1E-01	1.92265	1.7E-01
rs6478851	9	131561110	1.55426	G	A	0.758733	1	0.0858751	7.7E-01	-0.000857357	0.00652955	0.0172408	9.0E-01	0.0655916	8.0E-01
rs7857390	9	136128546	1.66194	A	G	0.41692	0.985267	36.504	1.5E-09	-0.0334491	0.00568783	34.584	4.1E-09	37.7107	8.2E-10
rs60980157	9	139235415	1.78278	C	T	0.757489	0.966704	8.74663	3.1E-03	0.0205818	0.00659659	9.73483	1.8E-03	9.8285	1.7E-03
rs7072195	10	3540748	0.0738836	T	C	0.417524	0.993244	0.176372	6.7E-01	0.00317222	0.00567549	0.312405	5.8E-01	0.00126339	9.7E-01
rs11592754	10	32619572	0.605452	A	C	0.856559	0.998356	1.37502	2.4E-01	-0.00855076	0.00795514	1.15535	2.8E-01	0.649781	4.2E-01
rs2247396	10	33489192	0.60946	G	A	0.603662	0.99818	0.483217	4.9E-01	-0.00373352	0.00568478	0.431331	5.1E-01	0.199766	6.5E-01
rs4341488	10	60452745	0.822202	G	A	0.188405	0.998867	1.86669	1.7E-01	-0.00998856	0.00712764	1.96388	1.6E-01	1.41381	2.3E-01
rs17287962	10	63770969	0.858439	A	G	0.970068	0.979005	0.295052	5.9E-01	0.010122	0.0165313	0.374902	5.4E-01	0.627957	4.3E-01
rs10995445	10	64874754	0.870984	A	T	0.525676	0.990097	47.6849	5.0E-12	-0.0395286	0.00560126	49.8024	1.7E-12	51.2518	8.1E-13
rs10762666	10	77157489	1.00522	A	G	0.241989	0.984822	0.900456	3.4E-01	-0.00574375	0.00653404	0.772729	3.8E-01	0.263933	6.1E-01
rs10887758	10	89603315	1.15934	T	C	0.784607	0.990793	2.15675	1.4E-01	0.00796929	0.00682747	1.36245	2.4E-01	1.91744	1.7E-01
rs141490680	10	95280981	1.22085	G	A	0.866803	0.998279	14.456	1.4E-04	0.032258	0.00820189	15.4685	8.4E-05	13.961	1.9E-04
rs7342070	10	104223628	1.30538	T	C	0.455127	1	1.63281	2.0E-01	0.00803635	0.0055954	2.0628	1.5E-01	2.70319	1.0E-01
rs7917983	10	114732882	1.3977	T	C	0.532013	1	0.0923805	7.6E-01	0.00217548	0.00559068	0.151419	7.0E-01	0.270717	6.0E-01
rs242956	10	119297479	1.46386	C	T	0.362576	0.990585	0.0788944	7.8E-01	-0.00162064	0.00581434	0.0776913	7.8E-01	0.0507942	8.2E-01
rs7104929	11	784340	0.0108006	C	G	0.530558	0.997422	2.06016	1.5E-01	0.00775958	0.00560657	1.9155	1.7E-01	1.75731	1.8E-01
rs7932891	11	10921512	0.210707	A	G	0.294517	0.99931	6.42582	1.1E-02	-0.0131384	0.00611018	4.62354	3.2E-02	6.35119	1.2E-02
rs11607537	11	14224166	0.277204	C	T	0.941072	0.981717	6.13838	1.3E-02	-0.0315322	0.0119544	6.95753	8.3E-03	6.5005	1.1E-02
rs79634051	11	14561945	0.278112	G	C	0.97174	1	1.93892	1.6E-01	-0.0261412	0.0167669	2.4308	1.2E-01	2.22231	1.4E-01
rs3114693	11	26127790	0.452397	A	T	0.617593	0.997848	1.98885	1.6E-01	-0.00850991	0.00574303	2.19567	1.4E-01	3.84365	5.0E-02
rs56386213	11	36291554	0.562467	A	G	0.595018	1	0.120584	7.3E-01	-0.00351943	0.00564614	0.388544	5.3E-01	0.483033	4.9E-01
rs2269928	11	61537529	0.703886	T	G	0.77337	0.962155	35.0688	3.2E-09	0.041177	0.00680159	36.6511	1.4E-09	38.9831	4.3E-10
rs2072114	11	61605215	0.704106	A	G	0.878024	1	71.1365	3.3E-17	0.0714093	0.0085127	70.3679	4.9E-17	76.6624	2.0E-18
rs4297487	11	69229628	0.763225	A	G	0.324796	0.994186	0.169499	6.8E-01	0.00292525	0.00596891	0.240179	6.2E-01	0.0418713	8.4E-01
rs28690953	11	111384426	1.18701	T	G	0.852988	1	0.437117	5.1E-01	0.00595763	0.00787829	0.57185	4.5E-01	0.538523	4.6E-01
rs523549	11	116511028	1.2592	A	G	0.415666	0.967052	29.4287	5.8E-08	0.031604	0.00576225	30.0816	4.1E-08	29.2582	6.3E-08
rs747249	11	130271647	1.49781	A	G	0.360849	0.986641	0.404917	5.2E-01	-0.00415775	0.00584801	0.505476	4.8E-01	1.1488	2.8E-01
rs11045172	12	20470221	0.37098	A	C	0.802205	0.989276	8.97199	2.7E-03	-0.0217701	0.00703535	9.5752	2.0E-03	8.50987	3.5E-03
rs7977928	12	26265632	0.457285	G	A	0.408615	1	1.13136	2.9E-01	0.00719221	0.00565839	1.61562	2.0E-01	1.913	1.7E-01
rs2343874	12	26409450	0.459085	G	A	0.53283	0.98214	2.4555	1.2E-01	0.00895274	0.00563212	2.52678	1.1E-01	2.67509	1.0E-01
rs16931815	12	27427917	0.469712	A	G	0.872673	0.996695	0.194959	6.6E-01	0.00393846	0.00839267	0.220218	6.4E-01	0.00912144	9.2E-01
rs7310959	12	45968598	0.59006	G	A	0.897555	1	9.65506	1.9E-03	0.0292779	0.00921146	10.1023	1.5E-03	9.94162	1.6E-03
rs75824359	12	54320490	0.68262	A	G	0.970266	0.973341	0.145329	7.0E-01	-0.00832051	0.0166283	0.250382	6.2E-01	0.588296	4.4E-01
rs10878362	12	66417493	0.793832	C	A	0.687723	0.991565	0.86571	3.5E-01	-0.00651697	0.00602534	1.16984	2.8E-01	1.55337	2.1E-01
rs10745659	12	94092690	1.0816	C	G	0.553308	0.994516	3.05987	8.0E-02	0.0096618	0.00564027	2.93438	8.7E-02	2.49131	1.1E-01
rs10778495	12	106991545	1.2616	A	G	0.720919	0.990603	0.0974126	7.5E-01	0.00247655	0.00622076	0.158492	6.9E-01	0.740219	3.9E-01
rs189392453	12	122381427	1.46398	C	A	0.929828	0.926987	0.109913	7.4E-01	0.00444095	0.0113395	0.153378	7.0E-01	0.435874	5.1E-01
rs12366339	12	122854616	1.46723	G	A	0.9894	0.907552	0.259294	6.1E-01	0.0167449	0.0286119	0.342511	5.6E-01	0.623301	4.3E-01
rs147433011	12	123162845	1.46972	T	C	0.989135	0.898372	0.172338	6.8E-01	0.0135433	0.0284268	0.226981	6.3E-01	0.157358	6.9E-01
rs116950578	12	123188577	1.46982	C	T	0.967055	1	0.333239	5.6E-01	-0.0103434	0.0155839	0.440527	5.1E-01	0.32923	5.7E-01
rs140689322	12	123375732	1.4703	G	A	0.973654	0.966101	3.94048	4.7E-02	-0.0373109	0.0177007	4.44314	3.5E-02	4.66904	3.1E-02
rs28722199	12	123989436	1.47618	A	G	0.954286	0.931304	4.49196	3.4E-02	0.0274103	0.0138261	3.93035	4.7E-02	5.3867	2.0E-02
rs12582221	12	125323240	1.49972	G	A	0.572176	1	2.07085	1.5E-01	-0.00853233	0.00562858	2.29793	1.3E-01	2.71756	9.9E-02
rs7993238	13	22473593	0.0544542	A	C	0.631395	0.976757	0.032522	8.6E-01	0.00152186	0.00585825	0.0674856	8.0E-01	0.276113	6.0E-01
rs10507524	13	44684600	0.468128	T	C	0.907237	0.994143	0.832158	3.6E-01	-0.00913412	0.00966706	0.89278	3.4E-01	0.397885	5.3E-01
rs12872335	13	50442235	0.536587	G	A	0.792188	0.994746	0.316136	5.7E-01	-0.00503179	0.00689623	0.532379	4.7E-01	0.0675391	7.9E-01
rs61964388	13	51061980	0.539297	G	A	0.904117	0.961186	0.0660422	8.0E-01	0.000708574	0.00964773	0.00539412	9.4E-01	0.0517369	8.2E-01
rs627527	13	110915135	1.21483	G	A	0.418925	0.983958	0.176496	6.7E-01	0.00190266	0.00569389	0.111661	7.4E-01	0.0962349	7.6E-01
rs1057119	14	23746269	0.116581	C	G	0.76153	1	0.0677481	7.9E-01	-0.00260603	0.00651959	0.159779	6.9E-01	0.316098	5.7E-01
rs140664623	14	52321987	0.459221	G	T	0.976323	0.975931	0.000812738	9.8E-01	-0.00288322	0.0184993	0.024291	8.8E-01	0.25935	6.1E-01
rs2145600	14	58750902	0.537897	C	G	0.237608	0.992449	7.29663	6.9E-03	-0.0175755	0.00656414	7.16897	7.4E-03	9.09689	2.6E-03
rs6575165	14	91352234	0.881721	G	A	0.76556	0.994744	2.68129	1.0E-01	0.0106943	0.00658787	2.63521	1.0E-01	2.43713	1.2E-01
rs10130936	14	98342676	1.02712	C	T	0.37676	0.985923	2.5285	1.1E-01	0.00962534	0.00580007	2.75401	9.7E-02	3.52814	6.0E-02
rs4779523	15	31679470	0.452779	T	A	0.728098	0.995337	0.177227	6.7E-01	-0.0020291	0.00629634	0.103856	7.5E-01	0.190219	6.6E-01
rs28647196	15	40833379	0.629227	C	T	0.564205	0.997093	0.649875	4.2E-01	0.00255082	0.00564376	0.204278	6.5E-01	0.81493	3.7E-01
rs11630710	15	56364758	0.756318	G	T	0.893172	0.979091	0.666463	4.1E-01	-0.00614957	0.0091501	0.451688	5.0E-01	0.236178	6.3E-01
rs17184382	15	63792486	0.876626	A	C	0.574619	1	1.74735	1.9E-01	-0.00820076	0.00564254	2.11232	1.5E-01	2.85802	9.1E-02
rs2165241	15	74222202	0.994735	T	C	0.491224	0.994517	1.20894	2.7E-01	-0.00761362	0.00557339	1.86614	1.7E-01	1.24436	2.6E-01
rs12905116	15	79042734	1.02295	T	A	0.242831	0.998559	0.00132207	9.7E-01	-0.000662636	0.00647958	0.0104582	9.2E-01	0.0575276	8.1E-01
rs2401948	16	1340854	0.0338191	G	C	0.470436	0.984992	0.812469	3.7E-01	0.00475721	0.00562022	0.71647	4.0E-01	0.402971	5.3E-01
rs3747577	16	4415696	0.082586	C	G	0.259467	0.988145	0.0780729	7.8E-01	-0.0026803	0.00639603	0.175608	6.8E-01	0.0815716	7.8E-01
rs6498114	16	10964118	0.259065	G	T	0.240585	0.980902	0.044579	8.3E-01	-0.00275659	0.00658325	0.175333	6.8E-01	0.160796	6.9E-01
rs2192868	16	53428284	0.643286	G	A	0.551203	0.983829	0.633279	4.3E-01	-0.00593771	0.00565162	1.1038	2.9E-01	1.14303	2.9E-01
rs59238099	16	56651160	0.724071	A	T	0.89999	0.984436	29.6022	5.3E-08	0.0520736	0.0093315	31.1409	2.4E-08	29.8736	4.6E-08
rs11076174	16	57003146	0.730386	T	C	0.919159	0.98956	81.2779	2.0E-19	-0.0924959	0.0102684	81.1415	2.1E-19	84.9865	3.0E-20
rs116975210	16	67058614	0.849502	T	G	0.960603	0.993544	0.735541	3.9E-01	-0.0121067	0.014362	0.710593	4.0E-01	0.888227	3.5E-01
rs2056876	16	78864296	0.975993	T	G	0.815684	0.95437	0.0278694	8.7E-01	0.00112783	0.00733779	0.023624	8.8E-01	0.00361993	9.5E-01
rs9926618	16	81484570	1.04509	T	A	0.39429	0.97289	4.36137	3.7E-02	-0.0135683	0.00577679	5.51665	1.9E-02	5.08917	2.4E-02
rs66710707	16	81528621	1.0457	A	G	0.719577	0.992374	11.6081	6.6E-04	-0.0207653	0.00622158	11.1398	8.4E-04	11.7953	5.9E-04
rs116911572	17	943593	0.0364958	T	C	0.982069	1	2.57562	1.1E-01	-0.0333932	0.0210386	2.51932	1.1E-01	2.15982	1.4E-01
rs4151120	17	7342148	0.196018	T	A	0.629178	0.991461	7.71794	5.5E-03	0.0157808	0.00579769	7.40884	6.5E-03	6.05371	1.4E-02
rs1561	17	8263334	0.209036	C	T	0.928268	0.930811	0.0609953	8.0E-01	-0.00233341	0.0111765	0.0435887	8.3E-01	0.00812827	9.3E-01
rs1242488	17	17347995	0.443205	C	A	0.250473	0.994678	0.313525	5.8E-01	-0.00306781	0.00643404	0.227347	6.3E-01	0.327704	5.7E-01
rs897456	17	17422608	0.444631	A	G	0.942018	1	8.80199	3.0E-03	0.0348319	0.011944	8.5046	3.5E-03	9.73948	1.8E-03
rs11651639	17	27672320	0.49569	A	T	0.483934	0.999433	0.148982	7.0E-01	-0.00313317	0.00557561	0.315779	5.7E-01	0.474015	4.9E-01
rs55883500	17	40395267	0.664304	T	G	0.691334	0.998762	0.808161	3.7E-01	0.005367	0.00603268	0.791483	3.7E-01	1.32398	2.5E-01
rs2242461	17	40861424	0.665935	G	A	0.405713	1	8.70812	3.2E-03	-0.0166889	0.00567458	8.6494	3.3E-03	9.02054	2.7E-03
rs76868109	17	41776943	0.672597	A	C	0.966259	1	40.8283	1.7E-10	0.0974374	0.0154021	40.0213	2.5E-10	39.2269	3.8E-10
rs62053943	17	43744203	0.688226	C	T	0.845555	0.975028	0.475508	4.9E-01	-0.00558551	0.00782464	0.509562	4.8E-01	0.684652	4.1E-01
rs6504972	17	53601168	0.790946	G	A	0.654059	0.990391	2.94413	8.6E-02	-0.0109033	0.00590833	3.40556	6.5E-02	3.09703	7.8E-02
rs9892365	17	59491384	0.871045	A	G	0.330387	0.996856	1.31933	2.5E-01	0.00728771	0.00593413	1.50823	2.2E-01	1.85969	1.7E-01
rs146385050	17	60637258	0.881108	C	A	0.819308	0.982238	0.555085	4.6E-01	0.00426783	0.00730228	0.341583	5.6E-01	0.597971	4.4E-01
rs1966327	17	67570113	0.971768	A	G	0.320402	0.997202	0.382002	5.4E-01	-0.00310788	0.00597444	0.270603	6.0E-01	0.251351	6.2E-01
rs9896666	17	68226321	0.98162	C	T	0.675868	0.994992	0.0134101	9.1E-01	-0.000939033	0.00596409	0.0247898	8.7E-01	0.0443323	8.3E-01
rs3810068	18	2846499	0.0738566	T	C	0.595452	1	1.74438	1.9E-01	-0.00713146	0.00566616	1.58409	2.1E-01	1.06512	3.0E-01
rs4800451	18	20716805	0.429195	C	T	0.259966	0.984274	0.178591	6.7E-01	-0.00238663	0.00641617	0.138362	7.1E-01	0.240364	6.2E-01
rs1026186	18	42741410	0.625015	G	A	0.64681	0.995626	0.0168534	9.0E-01	-0.000651281	0.00584507	0.0124153	9.1E-01	0.008262	9.3E-01
rs8086644	18	60788559	0.864537	G	A	0.834201	0.988925	0.123807	7.2E-01	0.00155161	0.00752814	0.0424807	8.4E-01	0.407283	5.2E-01
rs12979965	19	2131148	0.0753026	A	G	0.499935	0.991113	2.51439	1.1E-01	0.00912373	0.00558184	2.67172	1.0E-01	1.60025	2.1E-01
rs10421685	19	4488926	0.151356	G	A	0.311293	0.998169	0.0222276	8.8E-01	0.000603414	0.00601733	0.0100559	9.2E-01	0.00692831	9.3E-01
rs10421685	19	4488926	0.151356	G	C	0.973386	0.548756	0.0332254	8.6E-01	0.00783497	0.0233095	0.112982	7.4E-01	0.0731185	7.9E-01
rs35555265	19	17152232	0.420672	C	T	0.803227	0.993265	4.37074	3.7E-02	-0.0138628	0.00700773	3.91332	4.8E-02	3.92091	4.8E-02
rs72999466	19	18248499	0.447893	C	T	0.742123	0.99893	1.87585	1.7E-01	-0.010028	0.00635523	2.4898	1.1E-01	2.01457	1.6E-01
rs1423056	19	33780444	0.560699	G	A	0.681795	0.903762	1.21803	2.7E-01	0.00741252	0.0062901	1.38873	2.4E-01	0.866875	3.5E-01
rs113504807	19	33787954	0.561506	C	T	0.951238	0.934153	0.0475292	8.3E-01	-0.00217727	0.0133343	0.0266614	8.7E-01	0.0159072	9.0E-01
rs11672697	19	33876955	0.562267	C	T	0.494053	0.99299	0.104056	7.5E-01	-0.0021133	0.00558619	0.143117	7.1E-01	0.427797	5.1E-01
rs62116588	19	44446097	0.68736	C	G	0.976805	0.933368	43.1424	5.1E-11	0.126645	0.0191586	43.6971	3.8E-11	45.656	1.4E-11
rs55840997	19	44480979	0.687479	G	A	0.981353	1	30.016	4.3E-08	0.113023	0.0205782	30.1662	4.0E-08	34.7299	3.8E-09
rs73048351	19	45160086	0.697689	C	A	0.989712	0.91554	69.7732	6.7E-17	0.241476	0.0288835	69.8956	6.3E-17	74.0246	7.7E-18
rs11881756	19	45220896	0.699851	T	C	0.886737	1	207.639	4.5E-47	0.125909	0.00877323	205.967	1.0E-46	221.289	4.7E-50
rs139326841	19	45269725	0.701551	T	C	0.978636	0.821408	33.7233	6.4E-09	-0.12053	0.021166	32.4273	1.2E-08	37.2445	1.0E-09
rs2075649	19	45395330	0.707004	A	G	0.611354	0.998574	55.6158	8.8E-14	-0.043274	0.00572258	57.1834	4.0E-14	65.6312	5.4E-16
rs146390218	19	45478352	0.709104	A	G	0.973731	0.966351	194.852	2.8E-44	0.24657	0.01769	194.28	3.7E-44	200.211	1.9E-45
rs2864436	19	55986637	0.996315	T	C	0.754674	1	0.00488361	9.4E-01	-0.000563122	0.00644554	0.00763283	9.3E-01	0.0384417	8.4E-01
rs151235402	20	569164	0.0196907	C	T	0.984757	0.956324	13.5459	2.3E-04	0.0844126	0.0234039	13.0088	3.1E-04	11.8138	5.9E-04
rs805769	20	5667459	0.191037	T	C	0.595306	0.99253	0.148451	7.0E-01	-0.00168521	0.00570259	0.08733	7.7E-01	0.0561096	8.1E-01
rs6117303	20	6487687	0.213838	T	C	0.34849	0.989053	1.84627	1.7E-01	0.00738622	0.00587873	1.57862	2.1E-01	1.96417	1.6E-01
rs2618568	20	17843968	0.423696	C	A	0.384197	0.989119	34.4683	4.3E-09	0.0339936	0.00574913	34.9615	3.4E-09	36.2776	1.7E-09
rs146411982	20	38985760	0.586515	A	G	0.97517	0.885893	5.75672	1.6E-02	-0.0485387	0.0190049	6.523	1.1E-02	4.9534	2.6E-02
rs1997833	20	39690342	0.597551	T	C	0.700507	0.998963	0.267674	6.0E-01	-0.00343729	0.00606592	0.321098	5.7E-01	0.682371	4.1E-01
rs11699991	20	45489407	0.689702	T	A	0.670387	0.988835	0.183426	6.7E-01	0.00330525	0.00595773	0.307785	5.8E-01	0.572135	4.5E-01
rs6068280	20	51235613	0.791961	A	G	0.324841	0.992237	4.43628	3.5E-02	0.012335	0.00594403	4.30642	3.8E-02	5.45077	2.0E-02
rs6013572	20	51553621	0.798111	T	C	0.936054	1	0.293964	5.9E-01	-0.00588794	0.0114561	0.264152	6.1E-01	0.185683	6.7E-01
rs1936966	20	51691779	0.801626	C	T	0.672454	0.982215	1.33294	2.5E-01	-0.00722152	0.00602901	1.43472	2.3E-01	1.55206	2.1E-01
rs2105063	20	62690683	1.09651	C	T	0.438811	1	0.364153	5.5E-01	-0.00296576	0.00562644	0.277845	6.0E-01	0.340238	5.6E-01
rs4998557	21	33034892	0.322704	G	A	0.887631	0.995909	0.229162	6.3E-01	0.00461657	0.00885672	0.271702	6.0E-01	0.0291516	8.6E-01
rs2836139	21	39451403	0.432375	A	G	0.514897	0.9942	4.33775	3.7E-02	0.0115068	0.00561794	4.19523	4.1E-02	3.66226	5.6E-02
rs2330396	21	47524380	0.643685	A	C	0.492654	0.996498	0.0842758	7.7E-01	-0.00246754	0.00556932	0.196301	6.6E-01	0.0639219	8.0E-01
rs2236142	22	29137944	0.338659	G	C	0.32476	0.994367	0.483969	4.9E-01	-0.00261379	0.00596172	0.19222	6.6E-01	0.177248	6.7E-01
rs5997898	22	31572963	0.355537	A	C	0.421356	0.998342	0.24776	6.2E-01	0.0024284	0.00565191	0.184607	6.7E-01	0.126883	7.2E-01
