SNP	CHR	BP	GENPOS	ALLELE1	ALLELE0	A1FREQ	INFO	CHISQ_LINREG	P_LINREG	BETA	SE	CHISQ_BOLT_LMM_INF	P_BOLT_LMM_INF	CHISQ_BOLT_LMM	P_BOLT_LMM
rs10909862	1	2936815	0.0400559	G	A	0.1928	0.987988	0.0585926	8.1E-01	0.0010369	0.00712956	0.0211519	8.8E-01	0.000263727	9.9E-01
rs1294014	1	9325676	0.18921	C	T	0.732088	0.974098	0.176453	6.7E-01	0.00224159	0.00640932	0.122318	7.3E-01	0.183632	6.7E-01
rs10753554	1	23619009	0.461644	T	C	0.260317	0.989627	0.0912216	7.6E-01	0.00232122	0.00640316	0.131415	7.2E-01	0.168306	6.8E-01
rs12117661	1	55487346	0.808955	C	G	0.755046	0.987273	50.8972	9.7E-13	0.0464586	0.00655656	50.2088	1.4E-12	50.5702	1.1E-12
rs875868	1	65539253	0.960443	A	C	0.697717	0.993511	0.490092	4.8E-01	-0.00362153	0.00610797	0.351553	5.5E-01	0.769765	3.8E-01
rs10889551	1	65906137	0.967654	A	G	0.326867	0.995997	3.0934	7.9E-02	0.0109454	0.00597888	3.3514	6.7E-02	3.82928	5.0E-02
rs71658797	1	77967507	1.07336	T	A	0.879141	0.99054	2.16751	1.4E-01	-0.0149215	0.00859768	3.01205	8.3E-02	5.2135	2.2E-02
rs1415361	1	103562263	1.33102	C	T	0.402104	0.995554	3.79773	5.1E-02	-0.0113627	0.00571445	3.95378	4.7E-02	4.11424	4.3E-02
rs116679284	1	119014845	1.50751	C	T	0.963654	0.948411	0.889778	3.5E-01	0.0143383	0.0153484	0.872702	3.5E-01	0.563075	4.5E-01
rs1766783	1	119434896	1.50931	A	C	0.181268	0.981355	0.291632	5.9E-01	-0.00323965	0.00731463	0.196161	6.6E-01	0.375164	5.4E-01
rs3738479	1	150997842	1.65945	T	A	0.765906	0.995486	6.43214	1.1E-02	-0.0181781	0.00661896	7.54252	6.0E-03	6.68577	9.7E-03
rs79810698	1	154836444	1.69767	C	A	0.95565	1	0.868733	3.5E-01	0.0123849	0.0135796	0.831776	3.6E-01	0.607589	4.4E-01
rs10494421	1	164738727	1.83743	C	T	0.880829	1	0.392109	5.3E-01	-0.00535308	0.00862814	0.384923	5.3E-01	0.0431325	8.4E-01
rs3121911	1	170212480	1.91705	G	A	0.744389	0.993907	0.698003	4.0E-01	-0.00620371	0.00639242	0.941829	3.3E-01	0.674062	4.1E-01
rs17346300	1	170510459	1.91857	C	T	0.950626	1	0.571055	4.5E-01	-0.00839875	0.012931	0.421857	5.2E-01	0.421683	5.2E-01
rs6697844	1	172308238	1.93873	C	T	0.56798	0.996349	0.0425115	8.4E-01	0.00236646	0.00562741	0.176841	6.7E-01	0.01684	9.0E-01
rs1281340	1	182115787	2.02903	A	G	0.620947	1	33.4282	7.4E-09	-0.033799	0.00577083	34.3029	4.7E-09	36.5865	1.5E-09
rs10922075	1	196467248	2.1432	G	A	0.687963	0.997066	0.0763101	7.8E-01	0.00221245	0.00603516	0.134391	7.1E-01	0.375924	5.4E-01
rs13303121	1	203503267	2.22276	C	G	0.607356	0.947347	1.34776	2.5E-01	-0.00741797	0.00586276	1.60091	2.1E-01	1.47503	2.2E-01
rs4951159	1	205012106	2.25304	G	C	0.0908836	0.967	0.0576291	8.1E-01	-0.00139901	0.00988755	0.0200199	8.9E-01	0.0351504	8.5E-01
rs61821643	1	219268532	2.43532	T	C	0.974378	0.889659	3.18775	7.4E-02	0.0302982	0.0187256	2.61796	1.1E-01	3.47709	6.2E-02
rs77278027	1	219392230	2.43543	C	T	0.93823	0.976746	0.0647117	8.0E-01	-0.00184729	0.0117514	0.024711	8.8E-01	0.0145421	9.0E-01
rs12740837	1	219623230	2.43692	G	A	0.983204	0.959021	0.408342	5.2E-01	-0.0139348	0.0221491	0.395815	5.3E-01	0.435712	5.1E-01
rs711869	2	13073967	0.297329	G	A	0.443249	0.983109	0.459699	5.0E-01	0.00436029	0.00567438	0.590465	4.4E-01	1.40269	2.4E-01
rs1848922	2	21471603	0.421009	T	C	0.205176	0.985536	60.095	9.0E-15	-0.0541179	0.00695976	60.4636	7.5E-15	62.3181	2.9E-15
rs7933	2	43452183	0.682402	A	G	0.634849	0.981779	1.60713	2.0E-01	-0.00691526	0.00585117	1.39679	2.4E-01	0.736489	3.9E-01
rs56266464	2	44054991	0.686489	G	A	0.939556	0.986548	54.2547	1.8E-13	0.090409	0.0118251	58.4542	2.1E-14	59.6129	1.2E-14
rs36072157	2	48953740	0.765134	G	C	0.658175	0.956087	1.54589	2.1E-01	-0.00800179	0.00601706	1.7685	1.8E-01	1.11356	2.9E-01
rs4953627	2	48990167	0.765401	C	T	0.77524	0.975089	0.0751801	7.8E-01	-0.00196441	0.00680006	0.0834525	7.7E-01	0.0221004	8.8E-01
rs10779951	2	66142656	0.91656	G	A	0.525126	0.992672	0.800127	3.7E-01	0.00581556	0.00562674	1.06824	3.0E-01	1.32029	2.5E-01
rs12713567	2	66729420	0.924256	A	G	0.428176	0.981664	1.79299	1.8E-01	0.00880621	0.00569707	2.38932	1.2E-01	3.96455	4.6E-02
rs1521047	2	67724601	0.937973	C	G	0.75421	0.992329	2.61528	1.1E-01	-0.0114914	0.00649165	3.13354	7.7E-02	3.48756	6.2E-02
rs12712049	2	100208830	1.21955	A	G	0.176674	0.985519	1.88767	1.7E-01	-0.0112513	0.00737001	2.33059	1.3E-01	2.64116	1.0E-01
rs72946301	2	111861838	1.33125	G	A	0.903863	0.964859	1.44964	2.3E-01	-0.0136513	0.00965786	1.99796	1.6E-01	2.4826	1.2E-01
rs1053413	2	114471921	1.35945	A	G	0.784744	0.998156	0.343374	5.6E-01	-0.00335407	0.00682314	0.241644	6.2E-01	0.269084	6.0E-01
rs7593247	2	119337589	1.3956	C	T	0.503784	0.990163	0.0171011	9.0E-01	-0.000446886	0.00561468	0.00633494	9.4E-01	0.0386715	8.4E-01
rs78876301	2	158234589	1.75901	A	C	0.987195	0.782415	0.664012	4.2E-01	-0.0301507	0.0281312	1.14873	2.8E-01	1.02772	3.1E-01
rs77928329	2	158413902	1.76308	G	A	0.94544	0.998218	3.15293	7.6E-02	0.0215581	0.0122714	3.08627	7.9E-02	2.85801	9.1E-02
rs1402698	2	165424575	1.81281	G	A	0.368889	0.988943	0.349393	5.5E-01	0.00446179	0.00583642	0.584419	4.4E-01	0.754327	3.9E-01
rs3769877	2	165569779	1.81517	G	A	0.125673	1	0.189126	6.6E-01	-0.00419027	0.00843677	0.246678	6.2E-01	0.775501	3.8E-01
rs72882321	2	172298662	1.8972	C	T	0.821415	0.98752	0.695044	4.0E-01	0.0058626	0.00734858	0.636463	4.2E-01	0.10908	7.4E-01
rs62173497	2	187821910	2.04064	C	A	0.889372	0.96522	1.21031	2.7E-01	-0.00997636	0.00905638	1.21349	2.7E-01	1.6459	2.0E-01
rs61613340	2	191746748	2.0603	G	T	0.922172	0.993102	6.06282	1.4E-02	-0.025917	0.0104663	6.13175	1.3E-02	5.90807	1.5E-02
rs1250248	2	216287093	2.28549	A	G	0.271958	0.996374	5.0404	2.5E-02	-0.0154388	0.00629854	6.00827	1.4E-02	6.7153	9.6E-03
rs2373074	2	218381350	2.32413	C	T	0.903229	0.998908	0.27791	6.0E-01	-0.00420756	0.00946655	0.19755	6.6E-01	0.0863452	7.7E-01
rs62182126	2	219279230	2.33765	G	A	0.901349	1	0.264978	6.1E-01	-0.00407056	0.00937434	0.18855	6.6E-01	0.0423513	8.4E-01
rs6760762	2	226866226	2.44112	C	T	0.776249	0.976874	4.60967	3.2E-02	-0.0142095	0.00679259	4.37609	3.6E-02	3.84683	5.0E-02
rs305506	3	12026709	0.296805	G	T	0.113563	0.992655	0.794303	3.7E-01	-0.00535292	0.00885397	0.365516	5.5E-01	0.176116	6.7E-01
rs114252958	3	12409938	0.29797	C	T	0.982978	0.956617	0.816307	3.7E-01	0.0190756	0.022185	0.739332	3.9E-01	1.22719	2.7E-01
rs10490869	3	35635145	0.595764	A	T	0.789478	0.990849	1.48113	2.2E-01	0.00744237	0.00686281	1.17603	2.8E-01	1.15111	2.8E-01
rs6771508	3	43718462	0.664863	A	C	0.974946	0.998741	3.17064e-05	1.0E+00	0.000377772	0.0178899	0.000445909	9.8E-01	0.0949492	7.6E-01
rs4683294	3	46979013	0.687679	G	C	0.321605	0.960868	1.07509	3.0E-01	0.00586042	0.00609487	0.924546	3.4E-01	1.2107	2.7E-01
rs4858828	3	48724811	0.68972	C	T	0.349101	0.999091	0.607149	4.4E-01	0.00417355	0.00584159	0.510445	4.7E-01	0.943423	3.3E-01
rs352156	3	52214610	0.694887	C	T	0.955078	0.904333	0.0804162	7.8E-01	0.00333978	0.0140594	0.0564289	8.1E-01	0.131179	7.2E-01
rs7643235	3	53227428	0.699142	T	C	0.4136	0.989215	1.2553	2.6E-01	-0.00684778	0.0056747	1.45618	2.3E-01	2.12414	1.4E-01
rs11718560	3	64584862	0.868956	C	T	0.731847	0.985124	0.00574317	9.4E-01	9.82095e-05	0.00634787	0.00023936	9.9E-01	4.76509e-05	9.9E-01
rs4688498	3	64674599	0.871028	C	T	0.669682	0.985151	0.767959	3.8E-01	-0.00476816	0.00598651	0.634386	4.3E-01	0.863709	3.5E-01
rs997274	3	78704821	1.06722	T	C	0.748705	0.994327	0.00753393	9.3E-01	5.73926e-05	0.00647522	7.85601e-05	9.9E-01	6.93492e-05	9.9E-01
rs1877569	3	99224544	1.12953	G	A	0.816212	0.993173	0.0970453	7.6E-01	0.00194985	0.0072178	0.0729783	7.9E-01	0.00183586	9.7E-01
rs9875732	3	107461731	1.19696	T	C	0.623037	0.99667	2.01714	1.6E-01	-0.00751025	0.00577692	1.69012	1.9E-01	1.60528	2.1E-01
rs1000368	3	123117165	1.35684	C	T	0.748381	0.996692	3.11558	7.8E-02	0.0111587	0.00644386	2.99869	8.3E-02	3.21001	7.3E-02
rs113771682	3	129112166	1.4255	C	T	0.937375	0.999072	0.700034	4.0E-01	-0.00966137	0.0115668	0.697668	4.0E-01	0.91359	3.4E-01
rs7647218	3	129125231	1.42558	C	A	0.901341	0.999167	0.742608	3.9E-01	-0.0100907	0.00939371	1.15389	2.8E-01	0.477733	4.9E-01
rs75212171	3	129323322	1.42649	T	C	0.983129	1	0.232052	6.3E-01	0.0143433	0.0216891	0.437339	5.1E-01	0.544002	4.6E-01
rs112551697	3	150018637	1.64271	G	A	0.96554	0.928479	1.14945	2.8E-01	0.0174531	0.0158485	1.21275	2.7E-01	1.13953	2.9E-01
rs11720805	3	156800360	1.71236	A	G	0.330979	0.970132	0.863167	3.5E-01	-0.00624322	0.00603196	1.07127	3.0E-01	1.02245	3.1E-01
rs1488111	3	168951612	1.77942	C	T	0.517315	0.996852	0.351614	5.5E-01	0.005043	0.00558885	0.814202	3.7E-01	0.812	3.7E-01
rs1499813	3	171760427	1.8208	T	C	0.587431	1	3.17367	7.5E-02	-0.0104198	0.00570141	3.34006	6.8E-02	4.62539	3.2E-02
rs13092876	3	185495320	2.01656	G	A	0.686729	0.994835	0.324992	5.7E-01	0.00298773	0.00603909	0.244759	6.2E-01	0.541475	4.6E-01
rs3843375	3	196813908	2.26438	G	A	0.590289	0.999191	0.0539627	8.2E-01	-0.00313029	0.00569756	0.301851	5.8E-01	0.255805	6.1E-01
rs75072999	4	844781	0.00782036	G	A	0.904916	0.991302	3.78734	5.2E-02	0.0171498	0.00958541	3.20109	7.4E-02	2.91797	8.8E-02
rs748483	4	952409	0.00822297	A	G	0.891514	0.99682	0.312333	5.8E-01	0.0062512	0.00900975	0.481395	4.9E-01	0.425586	5.1E-01
rs1912897	4	26006133	0.455942	A	T	0.79303	0.98817	0.418563	5.2E-01	0.00562534	0.00694518	0.65604	4.2E-01	0.773864	3.8E-01
rs7689800	4	26295421	0.461356	C	G	0.382047	0.982424	10.8332	1.0E-03	-0.0203666	0.0058079	12.297	4.5E-04	12.7458	3.6E-04
rs34171390	4	56192405	0.730002	C	G	0.8287	0.967618	0.24305	6.2E-01	-0.0048344	0.00752444	0.412798	5.2E-01	1.135	2.9E-01
rs3017896	4	89533004	1.04795	G	C	0.704424	1	0.0036796	9.5E-01	4.5645e-05	0.00610717	5.58608e-05	9.9E-01	0.000108813	9.9E-01
rs10029220	4	89710592	1.04921	C	T	0.909822	0.997537	0.0198488	8.9E-01	0.00168853	0.00978234	0.0297943	8.6E-01	0.124547	7.2E-01
rs1813006	4	103001649	1.15654	G	T	0.940843	0.94358	0.0437208	8.3E-01	-0.00184822	0.0121878	0.0229961	8.8E-01	0.0811993	7.8E-01
rs12647922	4	106063987	1.17944	C	T	0.794569	0.998343	4.38226	3.6E-02	-0.0149457	0.00691754	4.66801	3.1E-02	5.2008	2.3E-02
rs7655064	4	120106348	1.31331	T	C	0.875314	0.995692	0.0761423	7.8E-01	0.00214809	0.00846529	0.0643907	8.0E-01	0.0462494	8.3E-01
rs2922979	4	123748616	1.34468	C	G	0.689916	1	1.17321	2.8E-01	-0.00673225	0.00605109	1.23781	2.7E-01	1.16008	2.8E-01
rs1520325	4	125182690	1.35483	C	T	0.780072	0.994582	0.0357155	8.5E-01	-0.000885493	0.00676779	0.0171189	9.0E-01	0.0113953	9.1E-01
rs2353397	4	145517578	1.53798	C	T	0.460014	1	0.0514318	8.2E-01	0.00199402	0.00561531	0.126099	7.2E-01	0.496823	4.8E-01
rs2166365	5	3597830	0.0882728	A	G	0.777698	0.981109	0.230618	6.3E-01	-0.00427874	0.00678158	0.398079	5.3E-01	0.443751	5.1E-01
rs13178917	5	4007353	0.10142	C	T	0.551974	0.99437	0.139995	7.1E-01	-0.00180584	0.00561333	0.103495	7.5E-01	0.117372	7.3E-01
rs10061804	5	32748637	0.511958	G	A	0.711087	1	0.205512	6.5E-01	0.00290642	0.00617117	0.221811	6.4E-01	0.162388	6.9E-01
rs299615	5	34042097	0.535425	G	A	0.843206	1	1.42054	2.3E-01	-0.0101833	0.00769636	1.75068	1.9E-01	1.30229	2.5E-01
rs4293945	5	38736142	0.597252	A	T	0.606405	0.995383	4.23799	4.0E-02	0.012678	0.00573549	4.88607	2.7E-02	5.15588	2.3E-02
rs163112	5	54538003	0.667379	C	G	0.107056	0.994238	0.0652998	8.0E-01	-0.00179957	0.00908314	0.0392525	8.4E-01	0.593214	4.4E-01
rs61653333	5	55779080	0.679717	G	T	0.970413	0.977169	1.58126	2.1E-01	0.0200647	0.016661	1.45032	2.3E-01	0.794666	3.7E-01
rs6867983	5	55854153	0.681454	C	T	0.861186	1	0.182623	6.7E-01	0.00514367	0.00808688	0.404561	5.2E-01	0.509155	4.8E-01
rs11749164	5	66294202	0.770672	T	G	0.726476	0.988719	0.992599	3.2E-01	-0.0059962	0.00631154	0.902571	3.4E-01	0.45198	5.0E-01
rs6878122	5	76427311	0.889556	G	A	0.318279	0.997785	5.87209	1.5E-02	0.0146906	0.00601581	5.96336	1.5E-02	6.08605	1.4E-02
rs7734060	5	101780479	1.10738	T	G	0.734786	0.995631	1.6244	2.0E-01	-0.00786378	0.00636706	1.52541	2.2E-01	1.13648	2.9E-01
rs1394631	5	118639270	1.27349	C	T	0.775173	0.988487	0.075195	7.8E-01	-0.00073981	0.00672482	0.0121026	9.1E-01	0.0111025	9.2E-01
rs11744058	5	118798944	1.27486	G	T	0.783774	0.998591	1.31002	2.5E-01	-0.00731787	0.00680127	1.15768	2.8E-01	0.570487	4.5E-01
rs3749748	5	127350549	1.37291	C	T	0.753975	0.992802	0.159169	6.9E-01	-0.00193454	0.00651091	0.0882819	7.7E-01	0.248829	6.2E-01
rs4705986	5	132349654	1.39065	T	G	0.937241	0.978165	0.0162103	9.0E-01	0.000861586	0.0116647	0.00545568	9.4E-01	0.149097	7.0E-01
rs10463353	5	141710741	1.48273	C	T	0.640669	0.986535	1.03757	3.1E-01	-0.00674856	0.00586059	1.32599	2.5E-01	0.82492	3.6E-01
rs33999	5	141973349	1.48937	C	G	0.612065	0.9834	0.21883	6.4E-01	-0.00306403	0.00577314	0.281684	6.0E-01	0.255417	6.1E-01
rs12652322	5	171822666	1.88951	C	T	0.705252	0.99822	0.761554	3.8E-01	0.00551287	0.00614387	0.805141	3.7E-01	1.50293	2.2E-01
rs2053681	5	172746086	1.91113	A	G	0.485601	0.912476	0.924688	3.4E-01	-0.00626089	0.00587018	1.13755	2.9E-01	1.5805	2.1E-01
rs10035782	5	173270328	1.92939	A	G	0.600665	0.984103	0.0989555	7.5E-01	0.00161651	0.00575384	0.0789296	7.8E-01	0.220979	6.4E-01
rs11963955	6	6631996	0.178791	A	G	0.637527	0.976944	0.113871	7.4E-01	0.00154002	0.00588902	0.068386	7.9E-01	0.337973	5.6E-01
rs201061	6	6730512	0.181115	G	A	0.455616	0.976616	0.906747	3.4E-01	-0.00458669	0.00566672	0.655142	4.2E-01	0.36037	5.5E-01
rs1334576	6	7211818	0.195986	G	A	0.5774	1	0.209814	6.5E-01	0.00269329	0.00566907	0.225706	6.3E-01	0.290919	5.9E-01
rs9382988	6	14595010	0.314722	C	A	0.204362	0.998886	0.085635	7.7E-01	-0.000302873	0.00695389	0.00189699	9.7E-01	0.00289373	9.6E-01
rs4710940	6	20658012	0.410434	A	C	0.647018	0.999463	1.3844	2.4E-01	0.0083734	0.00586233	2.04015	1.5E-01	1.66386	2.0E-01
rs3129830	6	30248711	0.50553	G	A	0.868546	0.999908	8.96217	2.8E-03	-0.0254136	0.00824203	9.50747	2.0E-03	10.3429	1.3E-03
rs7772131	6	30795171	0.50714	A	C	0.988571	1	4.37208	3.7E-02	-0.0534089	0.0263012	4.12359	4.2E-02	4.59949	3.2E-02
rs6919908	6	31244960	0.511805	T	C	0.193909	0.999901	1.99396	1.6E-01	0.00971208	0.00709002	1.87642	1.7E-01	1.47978	2.2E-01
rs181133225	6	32454764	0.520293	T	C	0.893444	0.778953	4.7613	2.9E-02	0.0204383	0.0102055	4.0107	4.5E-02	3.53221	6.0E-02
rs117108573	6	32489679	0.520303	C	T	0.921405	0.866866	6.07127	1.4E-02	0.0258603	0.0110912	5.43643	2.0E-02	4.21983	4.0E-02
rs575662827	6	32543874	0.520325	T	C	0.899303	0.833996	8.19858	4.2E-03	0.0276072	0.0101239	7.4362	6.4E-03	6.20228	1.3E-02
rs114760566	6	34192036	0.545788	C	A	0.954268	0.993831	1.20743	2.7E-01	-0.0122561	0.0134118	0.835084	3.6E-01	0.943643	3.3E-01
rs1574430	6	43269029	0.669727	A	C	0.391321	0.999399	0.0545437	8.2E-01	0.000719034	0.00572778	0.0157589	9.0E-01	0.00640464	9.4E-01
rs9381248	6	43734606	0.675407	C	T	0.87836	0.993046	0.809668	3.7E-01	0.00942704	0.0085875	1.20508	2.7E-01	1.46867	2.3E-01
rs35349911	6	43785255	0.678849	C	T	0.409597	0.97009	0.903767	3.4E-01	-0.00550165	0.00578248	0.905227	3.4E-01	0.62829	4.3E-01
rs72902769	6	80719576	0.920488	C	G	0.966636	0.999182	0.295735	5.9E-01	-0.00855301	0.0155934	0.300854	5.8E-01	0.301775	5.8E-01
rs62406467	6	81114126	0.921634	G	T	0.849349	0.952286	3.42805	6.4E-02	-0.0148625	0.00800735	3.44515	6.3E-02	3.57311	5.9E-02
rs6924944	6	100597579	1.0811	A	T	0.245827	0.981159	1.28731	2.6E-01	0.00771878	0.00657115	1.3798	2.4E-01	1.08705	3.0E-01
rs2806373	6	109222017	1.18299	G	A	0.239664	0.998945	3.59895	5.8E-02	0.0120785	0.00654457	3.40616	6.5E-02	2.69503	1.0E-01
rs72969772	6	126187585	1.32503	A	G	0.980332	1	0.567762	4.5E-01	-0.0159818	0.0201917	0.62648	4.3E-01	0.328759	5.7E-01
rs9986505	6	126445558	1.32603	A	G	0.6761	0.991308	0.0971803	7.6E-01	0.00275118	0.0059985	0.210355	6.5E-01	0.127924	7.2E-01
rs74949497	6	126812007	1.32699	A	C	0.97518	1	0.243612	6.2E-01	0.00655785	0.0180727	0.131666	7.2E-01	0.109089	7.4E-01
rs139242696	6	127414440	1.32797	T	C	0.974907	0.948341	0.196628	6.6E-01	0.00935729	0.0183185	0.260928	6.1E-01	0.761099	3.8E-01
rs9385864	6	139805476	1.50274	C	T	0.6907	0.988333	0.403466	5.3E-01	-0.00332977	0.00609402	0.298553	5.8E-01	0.408249	5.2E-01
rs12205386	6	139837171	1.50318	C	A	0.643666	0.9992	1.02741	3.1E-01	-0.00501308	0.00584336	0.73601	3.9E-01	0.465938	4.9E-01
rs11756568	6	152042413	1.64245	A	T	0.724877	0.999168	0.0412314	8.4E-01	-0.000607876	0.00627063	0.00939741	9.2E-01	0.063446	8.0E-01
rs456598	6	160538921	1.77104	G	A	0.85864	0.989939	33.593	6.8E-09	-0.0473919	0.00804165	34.731	3.8E-09	34.4189	4.4E-09
rs9347414	6	160989137	1.77552	T	G	0.808642	0.991577	42.2642	8.0E-11	0.0473233	0.00712523	44.1116	3.1E-11	51.4187	7.5E-13
rs2214440	7	20372191	0.358281	A	G	0.667686	0.991786	0.0400703	8.4E-01	0.00173031	0.00596312	0.0841981	7.7E-01	0.204429	6.5E-01
rs111683990	7	25729528	0.437229	C	G	0.955515	0.987881	0.145776	7.0E-01	0.00687933	0.013669	0.25329	6.1E-01	0.00905738	9.2E-01
rs2040786	7	26208736	0.442609	G	A	0.529361	1	2.44185	1.2E-01	0.00763398	0.00559978	1.85849	1.7E-01	1.64783	2.0E-01
rs17428025	7	27251396	0.453724	C	T	0.971743	0.967404	1.34653	2.5E-01	0.0183148	0.0171486	1.14063	2.9E-01	1.08858	3.0E-01
rs849140	7	28183702	0.463008	T	C	0.410278	1	1.80657	1.8E-01	-0.00865226	0.00571423	2.29268	1.3E-01	3.77657	5.2E-02
rs17172095	7	42665355	0.680121	A	G	0.679343	0.995026	1.3622	2.4E-01	-0.00643936	0.00600112	1.15139	2.8E-01	0.851276	3.6E-01
rs17725246	7	44581986	0.698744	T	C	0.815924	0.999146	34.3717	4.6E-09	-0.0425179	0.00718708	34.9976	3.3E-09	38.8939	4.5E-10
rs79434099	7	72765917	0.895593	C	T	0.882943	1	31.8982	1.6E-08	0.0497159	0.00869718	32.6764	1.1E-08	32.9087	9.7E-09
rs145099458	7	73004315	0.899692	C	T	0.95906	0.930743	31.4848	2.0E-08	-0.080763	0.014584	30.6673	3.1E-08	35.2385	2.9E-09
rs76306613	7	106235348	1.22452	G	T	0.855998	0.98895	0.611332	4.3E-01	-0.00717402	0.00801045	0.802069	3.7E-01	0.953696	3.3E-01
rs2237687	7	107585473	1.24369	C	T	0.472386	0.966594	1.12741	2.9E-01	-0.00603514	0.00568947	1.12521	2.9E-01	0.687656	4.1E-01
rs38902	7	116889718	1.32093	G	A	0.474719	0.992845	0.409176	5.2E-01	-0.00329184	0.00561474	0.343729	5.6E-01	0.796256	3.7E-01
rs12154627	7	130422934	1.4017	T	C	0.506907	0.97487	1.08556	3.0E-01	-0.0047046	0.0056516	0.69295	4.1E-01	0.894487	3.4E-01
rs7808446	7	150214465	1.67249	T	G	0.235469	0.993612	1.71291	1.9E-01	-0.00891812	0.00660873	1.821	1.8E-01	0.979283	3.2E-01
rs2980478	8	8088230	0.237388	T	C	0.524982	0.963758	37.061	1.1E-09	-0.0350158	0.00571992	37.4755	9.3E-10	42.603	6.7E-11
rs4474021	8	12632903	0.332387	G	T	0.680802	1	2.85876	9.1E-02	0.0100587	0.00598664	2.82305	9.3E-02	2.8215	9.3E-02
rs117026536	8	19818773	0.472625	G	T	0.900105	0.996683	44.8509	2.1E-11	-0.0611465	0.0093395	42.8644	5.9E-11	43.768	3.7E-11
rs7844736	8	23551671	0.545238	A	G	0.828827	1	2.7075	1.0E-01	-0.0117989	0.00743371	2.51925	1.1E-01	1.9583	1.6E-01
rs11992444	8	25464690	0.565812	G	T	0.49058	1	6.5634	1.0E-02	-0.0137845	0.00557953	6.10366	1.3E-02	5.75673	1.6E-02
rs7815496	8	38321607	0.69461	C	T	0.597431	0.996532	0.522036	4.7E-01	-0.00487552	0.00569687	0.732438	3.9E-01	0.230931	6.3E-01
rs12543555	8	69562014	0.90375	A	G	0.792127	0.98465	0.465794	4.9E-01	-0.005697	0.00692433	0.676921	4.1E-01	1.14572	2.8E-01
rs28568866	8	72353630	0.949663	G	A	0.969859	0.939217	0.246097	6.2E-01	0.00884469	0.0168869	0.274324	6.0E-01	0.388269	5.3E-01
rs146492163	8	72386394	0.950025	G	T	0.96946	0.960969	3.62501	5.7E-02	0.0320787	0.016602	3.73348	5.3E-02	4.30792	3.8E-02
rs1895674	8	72443246	0.950276	T	G	0.946831	0.990629	1.52185	2.2E-01	-0.0163139	0.0124828	1.70802	1.9E-01	1.90514	1.7E-01
rs4147332	8	89280863	1.08332	G	C	0.323111	0.995784	7.39493	6.5E-03	0.016907	0.00598394	7.98289	4.7E-03	8.96652	2.7E-03
rs144435165	8	126419938	1.45107	G	C	0.944194	0.785853	0.352059	5.5E-01	0.00411341	0.0137172	0.0899241	7.6E-01	0.245478	6.2E-01
rs2954018	8	126477153	1.45319	C	T	0.298303	0.998357	0.313847	5.8E-01	0.00253262	0.0061152	0.171522	6.8E-01	0.504032	4.8E-01
rs6991761	8	128274518	1.48941	C	T	0.844226	0.993607	0.715196	4.0E-01	0.0050931	0.00771907	0.435345	5.1E-01	0.000113931	9.9E-01
rs2467030	8	135665361	1.60637	A	G	0.339711	0.997044	0.27294	6.0E-01	0.00321475	0.00592639	0.294249	5.9E-01	0.196574	6.6E-01
rs12340775	9	13226945	0.282033	G	A	0.944664	0.940298	6.69751	9.7E-03	0.0321098	0.0125913	6.50326	1.1E-02	6.40986	1.1E-02
rs1475229	9	15291239	0.33756	C	T	0.118733	0.996996	34.6165	4.0E-09	0.0499115	0.00864635	33.3223	7.8E-09	35.2525	2.9E-09
rs73650963	9	93943033	1.11642	T	C	0.892489	0.990174	0.693793	4.0E-01	-0.00701965	0.00902809	0.60456	4.4E-01	0.599566	4.4E-01
rs2131919	9	95283887	1.12689	A	G	0.83667	0.999136	0.27327	6.0E-01	0.00451263	0.00758629	0.353836	5.5E-01	0.113601	7.4E-01
rs1572136	9	101740604	1.18729	G	C	0.724977	0.989514	0.751859	3.9E-01	0.00636491	0.00630196	1.02008	3.1E-01	0.990695	3.2E-01
rs12686004	9	107653426	1.24316	G	A	0.884341	1	25.8995	3.6E-07	-0.0443808	0.00873802	25.7967	3.8E-07	26.0501	3.3E-07
rs10991414	9	107685589	1.24582	T	C	0.861068	0.989408	1.00936	3.2E-01	0.00698912	0.00814562	0.736203	3.9E-01	0.270739	6.0E-01
rs111479443	9	107874316	1.24936	T	G	0.963776	0.9746	2.98049	8.4E-02	0.0268038	0.0151656	3.12374	7.7E-02	1.59354	2.1E-01
rs7048735	9	112529695	1.31375	A	G	0.239526	0.976202	0.487827	4.8E-01	0.00477023	0.00662644	0.518225	4.7E-01	0.994399	3.2E-01
rs1002607	9	113858933	1.33848	T	C	0.40707	0.988428	0.496002	4.8E-01	-0.00337376	0.00573348	0.346251	5.6E-01	0.556833	4.6E-01
rs13298297	9	119264108	1.4204	G	A	0.769275	0.989359	2.66217	1.0E-01	-0.0114648	0.00669178	2.9353	8.7E-02	2.06212	1.5E-01
rs6478851	9	131561110	1.55426	G	A	0.758733	1	0.744843	3.9E-01	-0.0050055	0.00654761	0.584425	4.4E-01	0.495791	4.8E-01
rs11244035	9	136081319	1.6607	C	T	0.895144	1	40.83	1.7E-10	-0.0589395	0.00913018	41.6729	1.1E-10	45.3405	1.7E-11
rs60980157	9	139235415	1.78278	C	T	0.757489	0.966704	9.61648	1.9E-03	0.0216306	0.00661484	10.6929	1.1E-03	10.8828	9.7E-04
rs7072195	10	3540748	0.0738836	T	C	0.417524	0.993244	0.106376	7.4E-01	0.00273341	0.00569092	0.230699	6.3E-01	0.003278	9.5E-01
rs11592754	10	32619572	0.605452	A	C	0.856559	0.998356	2.11626	1.5E-01	-0.0113671	0.00797676	2.03071	1.5E-01	1.45647	2.3E-01
rs2247396	10	33489192	0.60946	G	A	0.603662	0.99818	0.807082	3.7E-01	-0.0047608	0.00570023	0.697551	4.0E-01	0.347598	5.6E-01
rs4341488	10	60452745	0.822202	G	A	0.188405	0.998867	1.33725	2.5E-01	-0.00865106	0.00714701	1.46517	2.3E-01	1.43772	2.3E-01
rs17287962	10	63770969	0.858439	A	G	0.970068	0.979005	0.0907692	7.6E-01	-0.00344147	0.0165763	0.0431038	8.4E-01	0.0178967	8.9E-01
rs10995445	10	64874754	0.870984	A	T	0.525676	0.990097	30.4469	3.4E-08	-0.0319183	0.00561648	32.2961	1.3E-08	31.4687	2.0E-08
rs10762666	10	77157489	1.00522	A	G	0.241989	0.984822	0.27648	6.0E-01	-0.00348023	0.0065518	0.282159	6.0E-01	0.0401825	8.4E-01
rs10887758	10	89603315	1.15934	T	C	0.784607	0.990793	0.909324	3.4E-01	0.00464238	0.00684602	0.459837	5.0E-01	0.84322	3.6E-01
rs141490680	10	95280981	1.22085	G	A	0.866803	0.998279	8.31824	3.9E-03	0.0248155	0.00822418	9.1046	2.5E-03	8.39578	3.8E-03
rs7342070	10	104223628	1.30538	T	C	0.455127	1	0.924737	3.4E-01	0.00583658	0.0056106	1.08217	3.0E-01	1.64083	2.0E-01
rs7917983	10	114732882	1.3977	T	C	0.532013	1	0.0410846	8.4E-01	-0.000862188	0.00560588	0.0236547	8.8E-01	0.000633965	9.8E-01
rs242956	10	119297479	1.46386	C	T	0.362576	0.990585	9.54112e-05	9.9E-01	-0.000359434	0.00583014	0.00380085	9.5E-01	0.026389	8.7E-01
rs7104929	11	784340	0.0108006	C	G	0.530558	0.997422	1.78748	1.8E-01	0.00782501	0.00562309	1.93651	1.6E-01	1.93047	1.6E-01
rs7932891	11	10921512	0.210707	A	G	0.294517	0.99931	2.8257	9.3E-02	-0.00833085	0.00612819	1.84805	1.7E-01	2.71846	9.9E-02
rs11607537	11	14224166	0.277204	C	T	0.941072	0.981717	1.88579	1.7E-01	-0.0181	0.0119896	2.27901	1.3E-01	2.04376	1.5E-01
rs79634051	11	14561945	0.278112	G	C	0.97174	1	0.725906	3.9E-01	-0.0158995	0.0168163	0.893931	3.4E-01	0.834029	3.6E-01
rs3114693	11	26127790	0.452397	A	T	0.617593	0.997848	1.29071	2.6E-01	-0.00663866	0.00575996	1.32838	2.5E-01	2.19531	1.4E-01
rs56386213	11	36291554	0.562467	A	G	0.595018	1	0.0281238	8.7E-01	-0.00208801	0.00566278	0.135958	7.1E-01	0.10168	7.5E-01
rs174535	11	61551356	0.704	T	C	0.652349	1	28.7478	8.2E-08	0.0321373	0.00587648	29.9077	4.5E-08	30.1739	3.9E-08
rs7119750	11	65422591	0.738612	C	T	0.867318	1	10.1896	1.4E-03	-0.027093	0.00824502	10.7977	1.0E-03	12.3776	4.3E-04
rs4297487	11	69229628	0.763225	A	G	0.324796	0.994186	0.0418611	8.4E-01	0.00210723	0.00598651	0.123902	7.2E-01	4.86965e-05	9.9E-01
rs28690953	11	111384426	1.18701	T	G	0.852988	1	0.291532	5.9E-01	0.00462794	0.00790152	0.343048	5.6E-01	0.313384	5.8E-01
rs11824135	11	116559553	1.26007	G	T	0.934383	0.993513	43.7955	3.6E-11	0.0746261	0.0113559	43.1853	5.0E-11	48.163	3.9E-12
rs7116797	11	116707338	1.2613	A	G	0.108614	0.992601	63.2093	1.9E-15	-0.0737367	0.00900798	67.0057	2.7E-16	68.98	9.9E-17
rs747249	11	130271647	1.49781	A	G	0.360849	0.986641	0.395478	5.3E-01	-0.00441333	0.00586525	0.566187	4.5E-01	1.09083	3.0E-01
rs11045172	12	20470221	0.37098	A	C	0.802205	0.989276	2.94988	8.6E-02	-0.0123012	0.00705475	3.04041	8.1E-02	2.62159	1.1E-01
rs7977928	12	26265632	0.457285	G	A	0.408615	1	1.13536	2.9E-01	0.00707526	0.00567398	1.55492	2.1E-01	1.48076	2.2E-01
rs2343874	12	26409450	0.459085	G	A	0.53283	0.98214	0.954711	3.3E-01	0.00572185	0.00564765	1.02645	3.1E-01	1.17586	2.8E-01
rs16931815	12	27427917	0.469712	A	G	0.872673	0.996695	0.00437906	9.5E-01	0.000816273	0.0084158	0.00940764	9.2E-01	0.074584	7.8E-01
rs7310959	12	45968598	0.59006	G	A	0.897555	1	4.14316	4.2E-02	0.0194134	0.00923686	4.41727	3.6E-02	4.89296	2.7E-02
rs75824359	12	54320490	0.68262	A	G	0.970266	0.973341	0.0211124	8.8E-01	-0.00394638	0.0166742	0.0560159	8.1E-01	0.317749	5.7E-01
rs10878362	12	66417493	0.793832	C	A	0.687723	0.991565	0.885095	3.5E-01	-0.00668621	0.00604195	1.22463	2.7E-01	1.20162	2.7E-01
rs10745659	12	94092690	1.0816	C	G	0.553308	0.994516	2.15542	1.4E-01	0.00871563	0.00565582	2.37469	1.2E-01	2.10036	1.5E-01
rs10778495	12	106991545	1.2616	A	G	0.720919	0.990603	0.120168	7.3E-01	-0.00201362	0.00623791	0.104203	7.5E-01	0.00786891	9.3E-01
rs189392453	12	122381427	1.46398	C	A	0.929828	0.926987	0.173983	6.8E-01	-0.00358134	0.0113708	0.0991995	7.5E-01	0.00402871	9.5E-01
rs12366339	12	122854616	1.46723	G	A	0.9894	0.907552	0.0787245	7.8E-01	0.00910796	0.0286907	0.100776	7.5E-01	0.127129	7.2E-01
rs147433011	12	123162845	1.46972	T	C	0.989135	0.898372	1.02614	3.1E-01	0.0282243	0.0285052	0.980389	3.2E-01	1.00378	3.2E-01
rs116950578	12	123188577	1.46982	C	T	0.967055	1	0.0966865	7.6E-01	0.00434645	0.0156269	0.0773619	7.8E-01	0.0452493	8.3E-01
rs140689322	12	123375732	1.4703	G	A	0.973654	0.966101	2.90843	8.8E-02	-0.0323463	0.0177495	3.32107	6.8E-02	3.27555	7.0E-02
rs28722199	12	123989436	1.47618	A	G	0.954286	0.931304	2.87951	9.0E-02	0.022634	0.0138642	2.66522	1.0E-01	3.4784	6.2E-02
rs12582221	12	125323240	1.49972	G	A	0.572176	1	1.898	1.7E-01	-0.00811799	0.0056441	2.06875	1.5E-01	2.69383	1.0E-01
rs7993238	13	22473593	0.0544542	A	C	0.631395	0.976757	0.00832046	9.3E-01	0.000824178	0.00587416	0.0196857	8.9E-01	0.172671	6.8E-01
rs10507524	13	44684600	0.468128	T	C	0.907237	0.994143	1.3716	2.4E-01	-0.0114163	0.00969331	1.38711	2.4E-01	1.02708	3.1E-01
rs12872335	13	50442235	0.536587	G	A	0.792188	0.994746	0.126546	7.2E-01	-0.00348544	0.00691496	0.25406	6.1E-01	0.000357446	9.8E-01
rs61964388	13	51061980	0.539297	G	A	0.904117	0.961186	0.000492751	9.8E-01	-0.00153225	0.00967392	0.0250872	8.7E-01	0.000118056	9.9E-01
rs627527	13	110915135	1.21483	G	A	0.418925	0.983958	0.870714	3.5E-01	0.00458221	0.00570935	0.644134	4.2E-01	0.660516	4.2E-01
rs1057119	14	23746269	0.116581	C	G	0.76153	1	0.00263779	9.6E-01	-0.000693528	0.00653728	0.0112547	9.2E-01	0.111066	7.4E-01
rs140664623	14	52321987	0.459221	G	T	0.976323	0.975931	0.257245	6.1E-01	0.00839435	0.0185495	0.204791	6.5E-01	0.12596	7.2E-01
rs2145600	14	58750902	0.537897	C	G	0.237608	0.992449	3.86316	4.9E-02	-0.0126208	0.00658195	3.67677	5.5E-02	4.83908	2.8E-02
rs6575165	14	91352234	0.881721	G	A	0.76556	0.994744	2.64743	1.0E-01	0.0106298	0.00660575	2.58946	1.1E-01	2.41063	1.2E-01
rs10130936	14	98342676	1.02712	C	T	0.37676	0.985923	1.12794	2.9E-01	0.00705056	0.00581581	1.46969	2.3E-01	2.06752	1.5E-01
rs4779523	15	31679470	0.452779	T	A	0.728098	0.995337	1.3572	2.4E-01	-0.00720479	0.00631347	1.30229	2.5E-01	1.38008	2.4E-01
rs28647196	15	40833379	0.629227	C	T	0.564205	0.997093	0.0172383	9.0E-01	-0.00274012	0.00565911	0.234446	6.3E-01	0.0256511	8.7E-01
rs11630710	15	56364758	0.756318	G	T	0.893172	0.979091	3.53413	6.0E-02	-0.0153294	0.00917499	2.7915	9.5E-02	2.14985	1.4E-01
rs17184382	15	63792486	0.876626	A	C	0.574619	1	0.411721	5.2E-01	-0.00425356	0.00565789	0.565193	4.5E-01	1.2097	2.7E-01
rs2165241	15	74222202	0.994735	T	C	0.491224	0.994517	1.37395	2.4E-01	-0.00799529	0.00558855	2.04678	1.5E-01	1.57719	2.1E-01
rs12905116	15	79042734	1.02295	T	A	0.242831	0.998559	0.00403727	9.5E-01	0.000351009	0.0064972	0.00291866	9.6E-01	0.00675884	9.3E-01
rs2401948	16	1340854	0.0338191	G	C	0.470436	0.984992	0.372319	5.4E-01	0.00285481	0.00562959	0.257158	6.1E-01	0.125798	7.2E-01
rs3747577	16	4415696	0.082586	C	G	0.259467	0.988145	0.0647915	8.0E-01	-0.0024228	0.0064067	0.14301	7.1E-01	0.0563537	8.1E-01
rs6498114	16	10964118	0.259065	G	T	0.240585	0.980902	0.00568543	9.4E-01	-0.00180783	0.00659423	0.07516	7.8E-01	0.0616705	8.0E-01
rs2192868	16	53428284	0.643286	G	A	0.551203	0.983829	1.38436	2.4E-01	-0.00787788	0.00566105	1.93653	1.6E-01	2.13394	1.4E-01
rs118085126	16	56410722	0.721328	G	A	0.97303	0.938509	32.3116	1.3E-08	-0.099981	0.0177606	31.6898	1.8E-08	31.7787	1.7E-08
rs56411734	16	56742210	0.726626	G	A	0.954674	0.978209	35.2771	2.9E-09	0.0824361	0.0135411	37.0619	1.1E-09	36.9541	1.2E-09
rs16942394	16	57050841	0.732897	C	T	0.530682	0.99198	49.4701	2.0E-12	-0.0388315	0.00562313	47.6884	5.0E-12	50.3226	1.3E-12
rs116975210	16	67058614	0.849502	T	G	0.960603	0.993544	0.255306	6.1E-01	-0.00750783	0.014386	0.272364	6.0E-01	0.294135	5.9E-01
rs2056876	16	78864296	0.975993	T	G	0.815684	0.95437	0.431569	5.1E-01	0.00510147	0.00735003	0.48174	4.9E-01	0.258837	6.1E-01
rs9926618	16	81484570	1.04509	T	A	0.39429	0.97289	0.5648	4.5E-01	-0.00579203	0.00578643	1.00194	3.2E-01	1.00302	3.2E-01
rs66710707	16	81528621	1.0457	A	G	0.719577	0.992374	4.78265	2.9E-02	-0.0133218	0.00623196	4.56961	3.3E-02	4.72946	3.0E-02
rs116911572	17	943593	0.0364958	T	C	0.982069	1	2.65211	1.0E-01	-0.0336242	0.0210944	2.5408	1.1E-01	3.11628	7.8E-02
rs4151120	17	7342148	0.196018	T	A	0.629178	0.991461	8.65284	3.3E-03	0.0168013	0.00581306	8.35364	3.8E-03	7.19858	7.3E-03
rs1561	17	8263334	0.209036	C	T	0.928268	0.930811	0.0147434	9.0E-01	-9.44925e-05	0.0112061	7.11026e-05	9.9E-01	0.132445	7.2E-01
rs1242488	17	17347995	0.443205	C	A	0.250473	0.994678	0.00349189	9.5E-01	0.000559552	0.0064511	0.00752338	9.3E-01	0.00415371	9.5E-01
rs897456	17	17422608	0.444631	A	G	0.942018	1	3.40925	6.5E-02	0.0203202	0.0119757	2.87911	9.0E-02	3.74449	5.3E-02
rs11651639	17	27672320	0.49569	A	T	0.483934	0.999433	0.899285	3.4E-01	-0.00628776	0.00559039	1.26505	2.6E-01	1.38671	2.4E-01
rs55883500	17	40395267	0.664304	T	G	0.691334	0.998762	0.120227	7.3E-01	0.0018536	0.00604868	0.0939094	7.6E-01	0.242526	6.2E-01
rs2242461	17	40861424	0.665935	G	A	0.405713	1	8.96414	2.8E-03	-0.0165607	0.00568963	8.47212	3.6E-03	8.24842	4.1E-03
rs77697917	17	41840849	0.673191	C	T	0.971556	1	36.4498	1.6E-09	0.0992039	0.0167965	34.8836	3.5E-09	34.6264	4.0E-09
rs6504972	17	53601168	0.790946	G	A	0.654059	0.990391	3.46181	6.3E-02	-0.0120297	0.005924	4.12365	4.2E-02	3.40503	6.5E-02
rs9892365	17	59491384	0.871045	A	G	0.330387	0.996856	0.848335	3.6E-01	0.00594052	0.00594986	0.996865	3.2E-01	1.1778	2.8E-01
rs146385050	17	60637258	0.881108	C	A	0.819308	0.982238	1.80914	1.8E-01	0.00864252	0.00732164	1.39336	2.4E-01	2.23594	1.3E-01
rs1966327	17	67570113	0.971768	A	G	0.320402	0.997202	0.8325	3.6E-01	-0.00466748	0.00599028	0.607113	4.4E-01	0.634825	4.3E-01
rs9896666	17	68226321	0.98162	C	T	0.675868	0.994992	0.150033	7.0E-01	0.0010234	0.0059799	0.0292888	8.6E-01	0.00428397	9.5E-01
rs3810068	18	2846499	0.0738566	T	C	0.595452	1	0.411948	5.2E-01	-0.00406696	0.00568138	0.512427	4.7E-01	0.277505	6.0E-01
rs4800451	18	20716805	0.429195	C	T	0.259966	0.984274	0.472883	4.9E-01	-0.00436846	0.00643341	0.461077	5.0E-01	0.862952	3.5E-01
rs1026186	18	42741410	0.625015	G	A	0.64681	0.995626	0.472292	4.9E-01	0.00277804	0.00586077	0.224682	6.4E-01	0.375064	5.4E-01
rs8086644	18	60788559	0.864537	G	A	0.834201	0.988925	0.569993	4.5E-01	0.0047803	0.00754836	0.401056	5.3E-01	0.947697	3.3E-01
rs12979965	19	2131148	0.0753026	A	G	0.499935	0.991113	3.46367	6.3E-02	0.0105307	0.00560202	3.53364	6.0E-02	2.07153	1.5E-01
rs10421685	19	4488926	0.151356	G	A	0.311293	0.998169	0.0310693	8.6E-01	-0.00144073	0.00603909	0.0569146	8.1E-01	0.0108312	9.2E-01
rs10421685	19	4488926	0.151356	G	C	0.973386	0.548756	0.226762	6.3E-01	-0.00888898	0.0233937	0.144379	7.0E-01	0.12335	7.3E-01
rs17242353	19	11200806	0.318806	C	T	0.964239	0.907108	32.2249	1.4E-08	-0.0897474	0.0158065	32.2385	1.4E-08	30.4845	3.4E-08
rs35555265	19	17152232	0.420672	C	T	0.803227	0.993265	2.47586	1.2E-01	-0.0102482	0.00703306	2.12325	1.5E-01	2.35505	1.2E-01
rs1423056	19	33780444	0.560699	G	A	0.681795	0.903762	1.9322	1.6E-01	0.00935626	0.00631284	2.19662	1.4E-01	1.455	2.3E-01
rs113504807	19	33787954	0.561506	C	T	0.951238	0.934153	0.107606	7.4E-01	-0.0033306	0.0133825	0.0619397	8.0E-01	0.0256297	8.7E-01
rs11672697	19	33876955	0.562267	C	T	0.494053	0.99299	0.0177259	8.9E-01	0.000576083	0.00560639	0.0105585	9.2E-01	0.00481966	9.4E-01
rs62116588	19	44446097	0.68736	C	G	0.976805	0.933368	33.598	6.8E-09	0.113926	0.0192278	35.1064	3.1E-09	37.7513	8.0E-10
rs74747585	19	45039971	0.694152	T	C	0.974322	0.945812	33.8555	5.9E-09	0.105558	0.018078	34.0944	5.3E-09	37.3925	9.7E-10
rs73048351	19	45160086	0.697689	C	A	0.989712	0.91554	52.2685	4.8E-13	0.210027	0.0289879	52.495	4.3E-13	56.3729	6.0E-14
rs139326841	19	45269725	0.701551	T	C	0.978636	0.821408	31.9379	1.6E-08	-0.117266	0.0212426	30.4741	3.4E-08	34.3016	4.7E-09
rs3745150	19	45385759	0.706836	G	C	0.607337	0.977556	40.9053	1.6E-10	-0.0377624	0.0057956	42.4545	7.2E-11	47.0376	7.0E-12
rs146390218	19	45478352	0.709104	A	G	0.973731	0.966351	150.164	1.6E-34	0.216267	0.0177539	148.385	3.9E-34	159.221	1.7E-36
rs141651018	19	46042665	0.717068	C	T	0.969731	0.964852	48.1585	3.9E-12	0.115392	0.0165845	48.4112	3.5E-12	50.5812	1.1E-12
rs151235402	20	569164	0.0196907	C	T	0.984757	0.956324	8.90784	2.8E-03	0.0685105	0.0234664	8.52357	3.5E-03	7.99918	4.7E-03
rs805769	20	5667459	0.191037	T	C	0.595306	0.99253	0.750074	3.9E-01	-0.00459646	0.00571782	0.64623	4.2E-01	0.4146	5.2E-01
rs6117303	20	6487687	0.213838	T	C	0.34849	0.989053	2.41674	1.2E-01	0.00864936	0.00589443	2.1532	1.4E-01	2.28725	1.3E-01
rs146411982	20	38985760	0.586515	A	G	0.97517	0.885893	8.49165	3.6E-03	-0.0589265	0.0190556	9.5626	2.0E-03	8.24322	4.1E-03
rs1997833	20	39690342	0.597551	T	C	0.700507	0.998963	0.782157	3.8E-01	-0.00558493	0.00608212	0.843193	3.6E-01	1.18933	2.8E-01
rs11699991	20	45489407	0.689702	T	A	0.670387	0.988835	0.0360732	8.5E-01	0.00184974	0.00597364	0.0958839	7.6E-01	0.369623	5.4E-01
rs6068280	20	51235613	0.791961	A	G	0.324841	0.992237	1.03316	3.1E-01	0.00593631	0.0059599	0.992101	3.2E-01	1.75521	1.9E-01
rs6013572	20	51553621	0.798111	T	C	0.936054	1	0.872722	3.5E-01	-0.0111321	0.0114867	0.939219	3.3E-01	0.884359	3.5E-01
rs1936966	20	51691779	0.801626	C	T	0.672454	0.982215	1.53867	2.1E-01	-0.00803059	0.00604511	1.76477	1.8E-01	1.41711	2.3E-01
rs2105063	20	62690683	1.09651	C	T	0.438811	1	0.000631192	9.8E-01	0.000220403	0.00564147	0.00152634	9.7E-01	5.089e-05	9.9E-01
rs4998557	21	33034892	0.322704	G	A	0.887631	0.995909	0.0971597	7.6E-01	-0.00188213	0.00888069	0.0449162	8.3E-01	0.202895	6.5E-01
rs2836139	21	39451403	0.432375	A	G	0.514897	0.9942	6.99869	8.2E-03	0.0142017	0.00563314	6.35593	1.2E-02	5.01499	2.5E-02
rs2330396	21	47524380	0.643685	A	C	0.492654	0.996498	0.327208	5.7E-01	-0.00452189	0.0055844	0.655673	4.2E-01	0.315404	5.7E-01
rs2236142	22	29137944	0.338659	G	C	0.32476	0.994367	1.31748	2.5E-01	-0.00570405	0.00597751	0.910597	3.4E-01	1.1394	2.9E-01
rs5997898	22	31572963	0.355537	A	C	0.421356	0.998342	0.147713	7.0E-01	-0.00281055	0.00566688	0.245978	6.2E-01	0.51616	4.7E-01
