SNP	CHR	BP	GENPOS	ALLELE1	ALLELE0	A1FREQ	INFO	CHISQ_LINREG	P_LINREG	BETA	SE	CHISQ_BOLT_LMM_INF	P_BOLT_LMM_INF	CHISQ_BOLT_LMM	P_BOLT_LMM
rs10909862	1	2936815	0.0400559	G	A	0.1928	0.987988	0.331022	5.7E-01	0.00454522	0.00709982	0.409841	5.2E-01	0.573428	4.5E-01
rs1294014	1	9325676	0.18921	C	T	0.732088	0.974098	0.918838	3.4E-01	-0.00453632	0.00638258	0.505144	4.8E-01	0.595085	4.4E-01
rs10753554	1	23619009	0.461644	T	C	0.260317	0.989627	0.835139	3.6E-01	0.00502281	0.00637644	0.620494	4.3E-01	0.800133	3.7E-01
rs75991743	1	39286089	0.662194	C	T	0.969233	1	30.8901	2.7E-08	0.0895085	0.0160822	30.9769	2.6E-08	31.4313	2.1E-08
rs11206506	1	55485919	0.808943	G	C	0.851932	0.999016	32.2188	1.4E-08	0.0436085	0.00784313	30.9147	2.7E-08	29.1269	6.8E-08
rs2495477	1	55518467	0.810628	A	G	0.606604	0.96027	35.7952	2.2E-09	-0.0360976	0.00581085	38.5903	5.2E-10	33.0451	9.0E-09
rs875868	1	65539253	0.960443	A	C	0.697717	0.993511	0.940919	3.3E-01	0.00508344	0.00608248	0.69848	4.0E-01	1.42062	2.3E-01
rs10889551	1	65906137	0.967654	A	G	0.326867	0.995997	2.0383	1.5E-01	-0.00984173	0.00595393	2.73235	9.8E-02	2.58918	1.1E-01
rs71658797	1	77967507	1.07336	T	A	0.879141	0.99054	1.87524	1.7E-01	0.0156774	0.00856181	3.35287	6.7E-02	5.76065	1.6E-02
rs1415361	1	103562263	1.33102	C	T	0.402104	0.995554	4.60044	3.2E-02	0.0124418	0.00569061	4.78021	2.9E-02	5.99451	1.4E-02
rs116679284	1	119014845	1.50751	C	T	0.963654	0.948411	0.127823	7.2E-01	-0.00609744	0.0152844	0.159148	6.9E-01	0.0258273	8.7E-01
rs1766783	1	119434896	1.50931	A	C	0.181268	0.981355	0.101726	7.5E-01	-0.00291327	0.00728411	0.159959	6.9E-01	0.020238	8.9E-01
rs3738479	1	150997842	1.65945	T	A	0.765906	0.995486	3.91847	4.8E-02	0.0147737	0.00659134	5.02381	2.5E-02	4.20499	4.0E-02
rs79810698	1	154836444	1.69767	C	A	0.95565	1	0.322925	5.7E-01	-0.0070669	0.013523	0.273095	6.0E-01	0.116897	7.3E-01
rs10494421	1	164738727	1.83743	C	T	0.880829	1	0.253652	6.1E-01	0.00361244	0.00859214	0.176766	6.7E-01	0.0341719	8.5E-01
rs3121911	1	170212480	1.91705	G	A	0.744389	0.993907	1.00814	3.2E-01	0.00722022	0.00636575	1.28648	2.6E-01	0.749545	3.9E-01
rs17346300	1	170510459	1.91857	C	T	0.950626	1	2.24516	1.3E-01	0.0165967	0.012877	1.66116	2.0E-01	1.0651	3.0E-01
rs6697844	1	172308238	1.93873	C	T	0.56798	0.996349	0.306125	5.8E-01	-0.00431633	0.00560393	0.59326	4.4E-01	0.480292	4.9E-01
rs10922075	1	196467248	2.1432	G	A	0.687963	0.997066	1.10136	2.9E-01	0.00583983	0.00600998	0.94418	3.3E-01	0.703988	4.0E-01
rs13303121	1	203503267	2.22276	C	G	0.607356	0.947347	2.16831	1.4E-01	0.00862762	0.0058383	2.18378	1.4E-01	2.37728	1.2E-01
rs4951159	1	205012106	2.25304	G	C	0.0908836	0.967	0.00212833	9.6E-01	-0.00127859	0.00984629	0.0168622	9.0E-01	0.000552877	9.8E-01
rs61821643	1	219268532	2.43532	T	C	0.974378	0.889659	2.76325	9.6E-02	-0.0277223	0.0186475	2.21014	1.4E-01	3.99974	4.6E-02
rs77278027	1	219392230	2.43543	C	T	0.93823	0.976746	0.0810121	7.8E-01	0.0016416	0.0117024	0.0196782	8.9E-01	0.0255813	8.7E-01
rs12740837	1	219623230	2.43692	G	A	0.983204	0.959021	0.21212	6.5E-01	0.0101662	0.0220567	0.21244	6.4E-01	0.452337	5.0E-01
rs711869	2	13073967	0.297329	G	A	0.443249	0.983109	0.378172	5.4E-01	-0.00347572	0.00565094	0.37831	5.4E-01	0.962743	3.3E-01
rs2702068	2	24689512	0.456007	A	C	0.144534	0.985387	0.294797	5.9E-01	-0.00357818	0.00797371	0.201374	6.5E-01	0.132908	7.2E-01
rs77541036	2	25575523	0.459339	A	G	0.962268	0.991995	3.19306	7.4E-02	-0.020449	0.0146472	1.94912	1.6E-01	2.97961	8.4E-02
rs7933	2	43452183	0.682402	A	G	0.634849	0.981779	0.263636	6.1E-01	0.00212147	0.005827	0.132551	7.2E-01	0.0894121	7.6E-01
rs56266464	2	44054991	0.686489	G	A	0.939556	0.986548	51.6963	6.5E-13	-0.0888731	0.0117762	56.9545	4.5E-14	60.9721	5.8E-15
rs36072157	2	48953740	0.765134	G	C	0.658175	0.956087	0.0282206	8.7E-01	0.00183713	0.00599221	0.0939949	7.6E-01	0.0028031	9.6E-01
rs4953627	2	48990167	0.765401	C	T	0.77524	0.975089	2.77386	9.6E-02	0.0124051	0.00677197	3.35562	6.7E-02	3.45052	6.3E-02
rs10779951	2	66142656	0.91656	G	A	0.525126	0.992672	1.76601	1.8E-01	-0.00858848	0.00560349	2.34917	1.3E-01	2.36014	1.2E-01
rs12713567	2	66729420	0.924256	A	G	0.428176	0.981664	1.84675	1.7E-01	-0.009173	0.00567354	2.61405	1.1E-01	4.29839	3.8E-02
rs1521047	2	67724601	0.937973	C	G	0.75421	0.992329	1.33679	2.5E-01	0.00866072	0.00646484	1.79471	1.8E-01	2.54078	1.1E-01
rs12712049	2	100208830	1.21955	A	G	0.176674	0.985519	6.30836	1.2E-02	0.019428	0.00733957	7.00673	8.1E-03	6.27008	1.2E-02
rs72946301	2	111861838	1.33125	G	A	0.903863	0.964859	2.50212	1.1E-01	0.0177083	0.00961796	3.3899	6.6E-02	4.04747	4.4E-02
rs1053413	2	114471921	1.35945	A	G	0.784744	0.998156	1.18493	2.8E-01	0.00645896	0.00679495	0.903551	3.4E-01	0.923226	3.4E-01
rs7593247	2	119337589	1.3956	C	T	0.503784	0.990163	0.271593	6.0E-01	-0.00273045	0.00559149	0.238459	6.3E-01	0.358605	5.5E-01
rs78876301	2	158234589	1.75901	A	C	0.987195	0.782415	0.394611	5.3E-01	0.0262532	0.028015	0.878181	3.5E-01	0.655856	4.2E-01
rs77928329	2	158413902	1.76308	G	A	0.94544	0.998218	2.662	1.0E-01	-0.0192172	0.0122207	2.4728	1.2E-01	1.85721	1.7E-01
rs1402698	2	165424575	1.81281	G	A	0.368889	0.988943	2.02591	1.5E-01	-0.00883292	0.00581231	2.30946	1.3E-01	2.09117	1.5E-01
rs3769877	2	165569779	1.81517	G	A	0.125673	1	1.03481	3.1E-01	0.00823279	0.00840192	0.960146	3.3E-01	2.26513	1.3E-01
rs72882321	2	172298662	1.8972	C	T	0.821415	0.98752	0.441297	5.1E-01	-0.00400422	0.00731823	0.299381	5.8E-01	0.0393725	8.4E-01
rs62173497	2	187821910	2.04064	C	A	0.889372	0.96522	3.34227	6.8E-02	0.0159508	0.00901897	3.12788	7.7E-02	5.16225	2.3E-02
rs61613340	2	191746748	2.0603	G	T	0.922172	0.993102	6.18167	1.3E-02	0.0255951	0.0104231	6.03006	1.4E-02	5.37382	2.0E-02
rs1250248	2	216287093	2.28549	A	G	0.271958	0.996374	3.68111	5.5E-02	0.0132656	0.00627252	4.47271	3.4E-02	4.19501	4.1E-02
rs2373074	2	218381350	2.32413	C	T	0.903229	0.998908	0.000142032	9.9E-01	-0.00122685	0.00942744	0.0169353	9.0E-01	0.000768509	9.8E-01
rs62182126	2	219279230	2.33765	G	A	0.901349	1	0.539964	4.6E-01	-0.007559	0.00933561	0.655607	4.2E-01	0.783178	3.8E-01
rs6760762	2	226866226	2.44112	C	T	0.776249	0.976874	11.1124	8.6E-04	0.0222734	0.00676453	10.8417	9.9E-04	9.91049	1.6E-03
rs305506	3	12026709	0.296805	G	T	0.113563	0.992655	0.648078	4.2E-01	0.00399747	0.00882084	0.205376	6.5E-01	0.0867619	7.7E-01
rs114252958	3	12409938	0.29797	C	T	0.982978	0.956617	0.91357	3.4E-01	-0.0189174	0.022102	0.732588	3.9E-01	0.784372	3.8E-01
rs10490869	3	35635145	0.595764	A	T	0.789478	0.990849	2.09281	1.5E-01	-0.0086507	0.00683713	1.60086	2.1E-01	1.36101	2.4E-01
rs6771508	3	43718462	0.664863	A	C	0.974946	0.998741	0.338355	5.6E-01	0.00929065	0.0178229	0.271728	6.0E-01	0.675507	4.1E-01
rs4683294	3	46979013	0.687679	G	C	0.321605	0.960868	4.73398	3.0E-02	-0.0121463	0.00607207	4.00145	4.5E-02	4.12089	4.2E-02
rs4858828	3	48724811	0.68972	C	T	0.349101	0.999091	1.37772	2.4E-01	-0.00663054	0.00581974	1.29805	2.5E-01	1.58756	2.1E-01
rs352156	3	52214610	0.694887	C	T	0.955078	0.904333	0.407755	5.2E-01	0.00979822	0.0140068	0.489347	4.8E-01	0.318112	5.7E-01
rs7643235	3	53227428	0.699142	T	C	0.4136	0.989215	2.60592	1.1E-01	0.00977757	0.00565347	2.9911	8.4E-02	3.06804	8.0E-02
rs11718560	3	64584862	0.868956	C	T	0.731847	0.985124	0.279276	6.0E-01	-0.00373637	0.00632412	0.349059	5.5E-01	0.271862	6.0E-01
rs4688498	3	64674599	0.871028	C	T	0.669682	0.985151	2.07032	1.5E-01	0.00754514	0.00596411	1.60045	2.1E-01	2.09337	1.5E-01
rs997274	3	78704821	1.06722	T	C	0.748705	0.994327	0.121871	7.3E-01	-0.00173935	0.006451	0.0726979	7.9E-01	0.0597523	8.1E-01
rs1877569	3	99224544	1.12953	G	A	0.816212	0.993173	0.0876685	7.7E-01	-0.00208952	0.00719079	0.084438	7.7E-01	0.00104371	9.7E-01
rs9875732	3	107461731	1.19696	T	C	0.623037	0.99667	2.50768	1.1E-01	0.00852302	0.00575531	2.19306	1.4E-01	2.23168	1.4E-01
rs1000368	3	123117165	1.35684	C	T	0.748381	0.996692	5.09643	2.4E-02	-0.0150216	0.00641976	5.47517	1.9E-02	4.82445	2.8E-02
rs113771682	3	129112166	1.4255	C	T	0.937375	0.999072	0.922596	3.4E-01	0.00973735	0.0115236	0.714018	4.0E-01	0.926031	3.4E-01
rs7647218	3	129125231	1.42558	C	A	0.901341	0.999167	0.674973	4.1E-01	0.00967492	0.00935857	1.06875	3.0E-01	1.01014	3.1E-01
rs75212171	3	129323322	1.42649	T	C	0.983129	1	0.0537782	8.2E-01	-0.00695704	0.0216079	0.103663	7.5E-01	0.277805	6.0E-01
rs112551697	3	150018637	1.64271	G	A	0.96554	0.928479	2.69432	1.0E-01	-0.0263558	0.0157892	2.78635	9.5E-02	2.64369	1.0E-01
rs11720805	3	156800360	1.71236	A	G	0.330979	0.970132	1.69674	1.9E-01	0.00860435	0.00600939	2.0501	1.5E-01	2.37632	1.2E-01
rs1488111	3	168951612	1.77942	C	T	0.517315	0.996852	0.303346	5.8E-01	0.000409874	0.00556795	0.0054189	9.4E-01	0.000434937	9.8E-01
rs1499813	3	171760427	1.8208	T	C	0.587431	1	1.45045	2.3E-01	0.00737378	0.00568008	1.68527	1.9E-01	1.89394	1.7E-01
rs13092876	3	185495320	2.01656	G	A	0.686729	0.994835	1.53394	2.2E-01	-0.00665558	0.0060165	1.22373	2.7E-01	2.06103	1.5E-01
rs3843375	3	196813908	2.26438	G	A	0.590289	0.999191	0.144561	7.0E-01	-0.000332021	0.00567624	0.00342144	9.5E-01	0.013314	9.1E-01
rs75072999	4	844781	0.00782036	G	A	0.904916	0.991302	0.540237	4.6E-01	-0.00497859	0.00954774	0.271902	6.0E-01	0.236769	6.3E-01
rs748483	4	952409	0.00822297	A	G	0.891514	0.99682	1.56161	2.1E-01	-0.0131067	0.00897434	2.13294	1.4E-01	2.12264	1.5E-01
rs1912897	4	26006133	0.455942	A	T	0.79303	0.98817	3.87182	4.9E-02	-0.0145275	0.00691789	4.40994	3.6E-02	3.99863	4.6E-02
rs7689800	4	26295421	0.461356	C	G	0.382047	0.982424	8.81677	3.0E-03	0.0185805	0.00578507	10.3156	1.3E-03	11.5917	6.6E-04
rs34171390	4	56192405	0.730002	C	G	0.8287	0.967618	0.022113	8.8E-01	0.00235231	0.00749487	0.0985057	7.5E-01	0.496691	4.8E-01
rs3017896	4	89533004	1.04795	G	C	0.704424	1	0.429326	5.1E-01	-0.00371046	0.00608317	0.372045	5.4E-01	0.331846	5.6E-01
rs10029220	4	89710592	1.04921	C	T	0.909822	0.997537	0.00588591	9.4E-01	-0.0049006	0.00974389	0.25295	6.2E-01	0.00380691	9.5E-01
rs1813006	4	103001649	1.15654	G	T	0.940843	0.94358	6.39525	1.1E-02	-0.0314068	0.0121399	6.69294	9.7E-03	6.89783	8.6E-03
rs12647922	4	106063987	1.17944	C	T	0.794569	0.998343	3.61196	5.7E-02	0.0135398	0.00689035	3.86135	4.9E-02	3.93674	4.7E-02
rs7655064	4	120106348	1.31331	T	C	0.875314	0.995692	0.327452	5.7E-01	-0.00423354	0.00843202	0.252084	6.2E-01	0.238655	6.3E-01
rs2922979	4	123748616	1.34468	C	G	0.689916	1	4.09729	4.3E-02	0.0121448	0.00602731	4.06008	4.4E-02	3.76199	5.2E-02
rs1520325	4	125182690	1.35483	C	T	0.780072	0.994582	0.000863219	9.8E-01	-0.00153939	0.0067412	0.052146	8.2E-01	0.156655	6.9E-01
rs2353397	4	145517578	1.53798	C	T	0.460014	1	0.00258046	9.6E-01	-0.000304006	0.00559324	0.00295417	9.6E-01	0.0969532	7.6E-01
rs2166365	5	3597830	0.0882728	A	G	0.777698	0.981109	0.70102	4.0E-01	0.00670343	0.00675509	0.984765	3.2E-01	1.43255	2.3E-01
rs13178917	5	4007353	0.10142	C	T	0.551974	0.99437	1.28395	2.6E-01	0.0060578	0.0055914	1.17379	2.8E-01	0.701698	4.0E-01
rs10061804	5	32748637	0.511958	G	A	0.711087	1	0.336616	5.6E-01	-0.00390761	0.00614706	0.404098	5.2E-01	0.270883	6.0E-01
rs299615	5	34042097	0.535425	G	A	0.843206	1	3.37927	6.6E-02	0.0152398	0.00766629	3.95174	4.7E-02	2.43869	1.2E-01
rs4293945	5	38736142	0.597252	A	T	0.606405	0.995383	3.89613	4.8E-02	-0.0121365	0.00571308	4.51281	3.4E-02	5.42275	2.0E-02
rs163112	5	54538003	0.667379	C	G	0.107056	0.994238	0.696111	4.0E-01	0.00683767	0.00904765	0.571142	4.5E-01	1.69819	1.9E-01
rs61653333	5	55779080	0.679717	G	T	0.970413	0.977169	0.81422	3.7E-01	-0.0135112	0.0165959	0.662809	4.2E-01	0.262808	6.1E-01
rs6867983	5	55854153	0.681454	C	T	0.861186	1	12.2613	4.6E-04	-0.0299927	0.00805529	13.8634	2.0E-04	14.6286	1.3E-04
rs11749164	5	66294202	0.770672	T	G	0.726476	0.988719	0.424102	5.1E-01	0.00400499	0.00628689	0.405818	5.2E-01	0.169481	6.8E-01
rs6878122	5	76427311	0.889556	G	A	0.318279	0.997785	6.83763	8.9E-03	-0.0153558	0.00599231	6.56685	1.0E-02	6.47363	1.1E-02
rs7734060	5	101780479	1.10738	T	G	0.734786	0.995631	2.43794	1.2E-01	0.00990006	0.00634218	2.43668	1.2E-01	1.95299	1.6E-01
rs1394631	5	118639270	1.27349	C	T	0.775173	0.988487	0.210045	6.5E-01	-0.00358572	0.00669854	0.286544	5.9E-01	0.455962	5.0E-01
rs11744058	5	118798944	1.27486	G	T	0.783774	0.998591	2.85747	9.1E-02	0.0111263	0.0067747	2.69727	1.0E-01	2.14222	1.4E-01
rs3749748	5	127350549	1.37291	C	T	0.753975	0.992802	1.08985	3.0E-01	0.00643814	0.00648547	0.985457	3.2E-01	1.2376	2.7E-01
rs4705986	5	132349654	1.39065	T	G	0.937241	0.978165	0.216502	6.4E-01	0.00813143	0.0116191	0.489762	4.8E-01	0.216035	6.4E-01
rs10463353	5	141710741	1.48273	C	T	0.640669	0.986535	4.67063	3.1E-02	0.0138158	0.00583769	5.60109	1.8E-02	4.74764	2.9E-02
rs33999	5	141973349	1.48937	C	G	0.612065	0.9834	0.13059	7.2E-01	-0.00152077	0.00575058	0.0699364	7.9E-01	0.081494	7.8E-01
rs12652322	5	171822666	1.88951	C	T	0.705252	0.99822	0.354265	5.5E-01	-0.00363996	0.00611987	0.35376	5.5E-01	0.490953	4.8E-01
rs2053681	5	172746086	1.91113	A	G	0.485601	0.912476	0.349271	5.5E-01	0.00449104	0.00584725	0.589918	4.4E-01	0.532637	4.7E-01
rs10035782	5	173270328	1.92939	A	G	0.600665	0.984103	1.58529	2.1E-01	-0.00718565	0.00573136	1.57187	2.1E-01	1.95125	1.6E-01
rs11963955	6	6631996	0.178791	A	G	0.637527	0.976944	0.69123	4.1E-01	-0.0043704	0.00586596	0.555091	4.6E-01	1.57763	2.1E-01
rs201061	6	6730512	0.181115	G	A	0.455616	0.976616	0.143258	7.1E-01	0.00133411	0.00564453	0.0558636	8.1E-01	0.00058439	9.8E-01
rs1334576	6	7211818	0.195986	G	A	0.5774	1	1.10983	2.9E-01	-0.00510797	0.00564687	0.818238	3.7E-01	0.939987	3.3E-01
rs9382988	6	14595010	0.314722	C	A	0.204362	0.998886	0.00059264	9.8E-01	-0.00166874	0.00692666	0.0580405	8.1E-01	0.0304196	8.6E-01
rs4710940	6	20658012	0.410434	A	C	0.647018	0.999463	4.76465	2.9E-02	-0.0149314	0.00583937	6.53837	1.1E-02	5.55552	1.8E-02
rs3129830	6	30248711	0.50553	G	A	0.868546	0.999908	7.32509	6.8E-03	0.0238036	0.00820975	8.4067	3.7E-03	10.006	1.6E-03
rs7772131	6	30795171	0.50714	A	C	0.988571	1	6.34932	1.2E-02	0.060754	0.0261982	5.37781	2.0E-02	5.39774	2.0E-02
rs6919908	6	31244960	0.511805	T	C	0.193909	0.999901	5.6109	1.8E-02	-0.0169017	0.00706226	5.72765	1.7E-02	4.54401	3.3E-02
rs181133225	6	32454764	0.520293	T	C	0.893444	0.778953	5.69847	1.7E-02	-0.0209877	0.0101655	4.26254	3.9E-02	3.37364	6.6E-02
rs117108573	6	32489679	0.520303	C	T	0.921405	0.866866	7.22146	7.2E-03	-0.0262061	0.0110477	5.62677	1.8E-02	3.95258	4.7E-02
rs575662827	6	32543874	0.520325	T	C	0.899303	0.833996	9.46889	2.1E-03	-0.0282082	0.0100842	7.82462	5.2E-03	5.94394	1.5E-02
rs114760566	6	34192036	0.545788	C	A	0.954268	0.993831	0.068853	7.9E-01	-0.00496924	0.0133593	0.138362	7.1E-01	0.0837775	7.7E-01
rs1574430	6	43269029	0.669727	A	C	0.391321	0.999399	0.35028	5.5E-01	-0.00290711	0.00570535	0.259632	6.1E-01	0.202952	6.5E-01
rs9381248	6	43734606	0.675407	C	T	0.87836	0.993046	1.75356	1.9E-01	-0.013245	0.00855387	2.39762	1.2E-01	2.66366	1.0E-01
rs35349911	6	43785255	0.678849	C	T	0.409597	0.97009	0.000809326	9.8E-01	-5.47599e-05	0.00575984	9.03868e-05	9.9E-01	0.0355304	8.5E-01
rs72902769	6	80719576	0.920488	C	G	0.966636	0.999182	0.231435	6.3E-01	-0.00581962	0.0155323	0.140383	7.1E-01	0.0559531	8.1E-01
rs62406467	6	81114126	0.921634	G	T	0.849349	0.952286	3.35671	6.7E-02	0.0146819	0.00797599	3.38842	6.6E-02	3.49964	6.1E-02
rs6924944	6	100597579	1.0811	A	T	0.245827	0.981159	0.0975031	7.5E-01	-0.00258257	0.00654541	0.155679	6.9E-01	0.0379203	8.5E-01
rs2806373	6	109222017	1.18299	G	A	0.239664	0.998945	4.38032	3.6E-02	-0.012488	0.00651894	3.6697	5.5E-02	2.70514	1.0E-01
rs72969772	6	126187585	1.32503	A	G	0.980332	1	0.130155	7.2E-01	0.010345	0.0201126	0.264557	6.1E-01	0.0240548	8.8E-01
rs9986505	6	126445558	1.32603	A	G	0.6761	0.991308	0.0296018	8.6E-01	-0.00194443	0.00597501	0.105902	7.4E-01	0.00316556	9.6E-01
rs74949497	6	126812007	1.32699	A	C	0.97518	1	2.87268	9.0E-02	-0.0292112	0.018002	2.63304	1.0E-01	2.60148	1.1E-01
rs139242696	6	127414440	1.32797	T	C	0.974907	0.948341	0.545132	4.6E-01	-0.0135608	0.0182467	0.552327	4.6E-01	1.27027	2.6E-01
rs9385864	6	139805476	1.50274	C	T	0.6907	0.988333	0.810321	3.7E-01	-0.00550812	0.00607016	0.823393	3.6E-01	1.02967	3.1E-01
rs12205386	6	139837171	1.50318	C	A	0.643666	0.9992	2.08872	1.5E-01	0.00810652	0.00582048	1.93978	1.6E-01	1.71261	1.9E-01
rs11756568	6	152042413	1.64245	A	T	0.724877	0.999168	0.641354	4.2E-01	0.00454516	0.00624607	0.529522	4.7E-01	0.987889	3.2E-01
rs2282137	6	160468180	1.77084	G	A	0.984432	0.989502	33.4543	7.3E-09	0.13103	0.0225705	33.7023	6.4E-09	33.1332	8.6E-09
rs3103347	6	160746512	1.77437	C	T	0.843603	0.994667	27.2939	1.7E-07	0.0418461	0.00765896	29.8518	4.7E-08	35.3231	2.8E-09
rs2214440	7	20372191	0.358281	A	G	0.667686	0.991786	0.00230715	9.6E-01	-0.00125406	0.00593984	0.0445747	8.3E-01	0.259279	6.1E-01
rs111683990	7	25729528	0.437229	C	G	0.955515	0.987881	0.594956	4.4E-01	-0.0114293	0.0136156	0.704631	4.0E-01	0.29816	5.9E-01
rs2040786	7	26208736	0.442609	G	A	0.529361	1	1.00753	3.2E-01	-0.00444889	0.00557792	0.636149	4.3E-01	0.586919	4.4E-01
rs17428025	7	27251396	0.453724	C	T	0.971743	0.967404	0.0619047	8.0E-01	-0.00340433	0.0170817	0.0397195	8.4E-01	0.0144563	9.0E-01
rs849140	7	28183702	0.463008	T	C	0.410278	1	1.75619	1.9E-01	0.00813235	0.00569192	2.04133	1.5E-01	4.24935	3.9E-02
rs17172095	7	42665355	0.680121	A	G	0.679343	0.995026	3.55811	5.9E-02	0.0115178	0.00597769	3.71256	5.4E-02	3.82474	5.1E-02
rs17725246	7	44581986	0.698744	T	C	0.815924	0.999146	28.831	7.9E-08	0.0391002	0.00715902	29.8298	4.7E-08	31.9886	1.6E-08
rs35867424	7	72032358	0.893844	G	A	0.97046	0.950986	41.8273	1.0E-10	0.115656	0.016834	47.2023	6.4E-12	49.1373	2.4E-12
rs113452856	7	72859135	0.899612	G	A	0.96835	0.994361	37.7794	7.9E-10	0.0985485	0.0159129	38.3533	5.9E-10	42.7528	6.2E-11
rs57487833	7	77115793	0.936393	G	A	0.723097	0.985735	5.622	1.8E-02	0.015736	0.00626517	6.30846	1.2E-02	5.7697	1.6E-02
rs76306613	7	106235348	1.22452	G	T	0.855998	0.98895	0.599786	4.4E-01	0.00602794	0.00797917	0.570719	4.5E-01	0.377712	5.4E-01
rs2237687	7	107585473	1.24369	C	T	0.472386	0.966594	2.94421	8.6E-02	0.0100064	0.00566725	3.11753	7.7E-02	2.06101	1.5E-01
rs38902	7	116889718	1.32093	G	A	0.474719	0.992845	0.0149217	9.0E-01	0.000349887	0.00559282	0.00391376	9.5E-01	0.0736456	7.9E-01
rs12154627	7	130422934	1.4017	T	C	0.506907	0.97487	16.941	3.9E-05	0.0224005	0.00562954	15.8332	6.9E-05	19.2919	1.1E-05
rs7808446	7	150214465	1.67249	T	G	0.235469	0.993612	4.89439	2.7E-02	0.0143611	0.00658293	4.75924	2.9E-02	2.81621	9.3E-02
rs2980478	8	8088230	0.237388	T	C	0.524982	0.963758	44.374	2.7E-11	0.0386063	0.00569415	45.9685	1.2E-11	46.7023	8.3E-12
rs4474021	8	12632903	0.332387	G	T	0.680802	1	5.33744	2.1E-02	-0.0136492	0.00595966	5.24527	2.2E-02	5.05315	2.5E-02
rs7017756	8	19618498	0.468976	T	C	0.132766	0.988969	30.872	2.8E-08	0.0455784	0.0082332	30.6465	3.1E-08	29.8212	4.7E-08
rs7011846	8	19785656	0.472099	G	A	0.973938	0.953458	30.2292	3.8E-08	-0.0988546	0.0179773	30.2374	3.8E-08	32.243	1.4E-08
rs117910839	8	19822741	0.472654	T	A	0.968853	0.96561	60.3857	7.8E-15	0.123936	0.0163008	57.8061	2.9E-14	59.5222	1.2E-14
rs11992444	8	25464690	0.565812	G	T	0.49058	1	7.03096	8.0E-03	0.0143073	0.00555438	6.63506	1.0E-02	5.64067	1.8E-02
rs7815496	8	38321607	0.69461	C	T	0.597431	0.996532	0.000294489	9.9E-01	0.00088365	0.0056712	0.0242779	8.8E-01	0.10773	7.4E-01
rs12543555	8	69562014	0.90375	A	G	0.792127	0.98465	0.102902	7.5E-01	0.00352265	0.00689313	0.261159	6.1E-01	0.91426	3.4E-01
rs28568866	8	72353630	0.949663	G	A	0.969859	0.939217	1.14768	2.8E-01	-0.0176625	0.0168108	1.10389	2.9E-01	1.30704	2.5E-01
rs146492163	8	72386394	0.950025	G	T	0.96946	0.960969	11.3486	7.6E-04	-0.0554205	0.0165272	11.2446	8.0E-04	11.8213	5.9E-04
rs1895674	8	72443246	0.950276	T	G	0.946831	0.990629	1.60408	2.1E-01	0.0165713	0.0124265	1.77834	1.8E-01	1.56851	2.1E-01
rs4147332	8	89280863	1.08332	G	C	0.323111	0.995784	8.23461	4.1E-03	-0.0170485	0.00595698	8.19071	4.2E-03	8.06821	4.5E-03
rs144435165	8	126419938	1.45107	G	C	0.944194	0.785853	6.87215	8.8E-03	-0.0315445	0.0136553	5.33633	2.1E-02	6.02486	1.4E-02
rs2954018	8	126477153	1.45319	C	T	0.298303	0.998357	8.0522	4.5E-03	0.0192523	0.00608765	10.0016	1.6E-03	9.02667	2.7E-03
rs6991761	8	128274518	1.48941	C	T	0.844226	0.993607	0.430708	5.1E-01	-0.00357793	0.00768429	0.216799	6.4E-01	0.0033842	9.5E-01
rs2467030	8	135665361	1.60637	A	G	0.339711	0.997044	0.0142318	9.1E-01	-0.000426023	0.00589968	0.00521446	9.4E-01	0.00151393	9.7E-01
rs12340775	9	13226945	0.282033	G	A	0.944664	0.940298	3.44021	6.4E-02	-0.0222964	0.0125437	3.15947	7.5E-02	4.43332	3.5E-02
rs73650963	9	93943033	1.11642	T	C	0.892489	0.990174	0.0777792	7.8E-01	-0.00278127	0.00899397	0.0956277	7.6E-01	0.330014	5.7E-01
rs2131919	9	95283887	1.12689	A	G	0.83667	0.999136	1.44605	2.3E-01	-0.00975155	0.00755762	1.66486	2.0E-01	1.0833	3.0E-01
rs1572136	9	101740604	1.18729	G	C	0.724977	0.989514	0.00470944	9.5E-01	-0.00127718	0.00627814	0.0413851	8.4E-01	0.0248308	8.7E-01
rs12686004	9	107653426	1.24316	G	A	0.884341	1	12.2659	4.6E-04	0.0297847	0.00870499	11.7071	6.2E-04	12.3885	4.3E-04
rs10991414	9	107685589	1.24582	T	C	0.861068	0.989408	2.29804	1.3E-01	-0.0114934	0.00811483	2.00604	1.6E-01	0.908408	3.4E-01
rs111479443	9	107874316	1.24936	T	G	0.963776	0.9746	2.95601	8.6E-02	-0.0251594	0.0151083	2.77312	9.6E-02	1.18099	2.8E-01
rs7048735	9	112529695	1.31375	A	G	0.239526	0.976202	1.36804	2.4E-01	-0.00799953	0.0066014	1.46844	2.3E-01	2.04592	1.5E-01
rs1002607	9	113858933	1.33848	T	C	0.40707	0.988428	1.04124	3.1E-01	0.00516197	0.00571181	0.816737	3.7E-01	1.3077	2.5E-01
rs13298297	9	119264108	1.4204	G	A	0.769275	0.989359	2.0213	1.6E-01	0.0100605	0.00666649	2.27743	1.3E-01	1.73189	1.9E-01
rs6478851	9	131561110	1.55426	G	A	0.758733	1	0.00064637	9.8E-01	-0.00101659	0.00652287	0.0242891	8.8E-01	0.000839841	9.8E-01
rs7857390	9	136128546	1.66194	A	G	0.41692	0.985267	33.2776	8.0E-09	0.0316744	0.00568202	31.0751	2.5E-08	33.2852	8.0E-09
rs60980157	9	139235415	1.78278	C	T	0.757489	0.966704	7.73492	5.4E-03	-0.0193403	0.00658984	8.6134	3.3E-03	8.72526	3.1E-03
rs7072195	10	3540748	0.0738836	T	C	0.417524	0.993244	0.134241	7.1E-01	-0.002745	0.00566948	0.234421	6.3E-01	0.0127344	9.1E-01
rs11592754	10	32619572	0.605452	A	C	0.856559	0.998356	1.05933	3.0E-01	0.00722428	0.00794672	0.826444	3.6E-01	0.383873	5.4E-01
rs2247396	10	33489192	0.60946	G	A	0.603662	0.99818	0.332812	5.6E-01	0.00312068	0.00567876	0.30199	5.8E-01	0.150964	7.0E-01
rs4341488	10	60452745	0.822202	G	A	0.188405	0.998867	1.92848	1.6E-01	0.0100427	0.00712009	1.98945	1.6E-01	1.44331	2.3E-01
rs17287962	10	63770969	0.858439	A	G	0.970068	0.979005	0.652518	4.2E-01	-0.0143435	0.0165138	0.754421	3.9E-01	1.23591	2.7E-01
rs10995445	10	64874754	0.870984	A	T	0.525676	0.990097	51.3308	7.8E-13	0.0408969	0.00559533	53.4231	2.7E-13	55.5769	9.0E-14
rs10762666	10	77157489	1.00522	A	G	0.241989	0.984822	1.19941	2.7E-01	0.0064723	0.00652712	0.983271	3.2E-01	0.408196	5.2E-01
rs10887758	10	89603315	1.15934	T	C	0.784607	0.990793	2.6195	1.1E-01	-0.00906651	0.00682024	1.76718	1.8E-01	2.1557	1.4E-01
rs141490680	10	95280981	1.22085	G	A	0.866803	0.998279	16.438	5.0E-05	-0.0342669	0.0081932	17.4921	2.9E-05	15.8805	6.7E-05
rs7342070	10	104223628	1.30538	T	C	0.455127	1	1.84918	1.7E-01	-0.00865646	0.00558947	2.3985	1.2E-01	2.84588	9.2E-02
rs7917983	10	114732882	1.3977	T	C	0.532013	1	0.289031	5.9E-01	-0.0035399	0.00558476	0.401766	5.3E-01	0.619807	4.3E-01
rs242956	10	119297479	1.46386	C	T	0.362576	0.990585	0.157752	6.9E-01	0.00218279	0.00580818	0.141235	7.1E-01	0.085182	7.7E-01
rs7104929	11	784340	0.0108006	C	G	0.530558	0.997422	1.96807	1.6E-01	-0.00734976	0.00559996	1.72257	1.9E-01	1.55942	2.1E-01
rs7932891	11	10921512	0.210707	A	G	0.294517	0.99931	7.70515	5.5E-03	0.0145198	0.00610298	5.66027	1.7E-02	7.6045	5.8E-03
rs11607537	11	14224166	0.277204	C	T	0.941072	0.981717	8.02076	4.6E-03	0.0358067	0.0119403	8.9929	2.7E-03	8.46946	3.6E-03
rs79634051	11	14561945	0.278112	G	C	0.97174	1	2.43475	1.2E-01	0.0293139	0.0167471	3.06386	8.0E-02	2.79102	9.5E-02
rs3114693	11	26127790	0.452397	A	T	0.617593	0.997848	2.08895	1.5E-01	0.00885135	0.00573626	2.38101	1.2E-01	4.12159	4.2E-02
rs56386213	11	36291554	0.562467	A	G	0.595018	1	0.158981	6.9E-01	0.00395422	0.00563949	0.491635	4.8E-01	0.654453	4.2E-01
rs10792318	11	61531443	0.703376	A	G	0.749747	1	35.4767	2.6E-09	-0.0391793	0.0064416	36.9935	1.2E-09	38.4047	5.7E-10
rs77701059	11	62290876	0.71396	G	A	0.938626	1	0.876472	3.5E-01	-0.0110569	0.0116146	0.906269	3.4E-01	1.17141	2.8E-01
rs4297487	11	69229628	0.763225	A	G	0.324796	0.994186	0.162383	6.9E-01	-0.00264463	0.00596188	0.196771	6.6E-01	0.0390136	8.4E-01
rs28690953	11	111384426	1.18701	T	G	0.852988	1	0.493907	4.8E-01	-0.00641562	0.00786901	0.664717	4.1E-01	0.770527	3.8E-01
rs523549	11	116511028	1.2592	A	G	0.415666	0.967052	33.6824	6.5E-09	-0.0338357	0.00575546	34.5613	4.1E-09	32.3294	1.3E-08
rs747249	11	130271647	1.49781	A	G	0.360849	0.986641	0.367378	5.4E-01	0.00382446	0.00584112	0.428696	5.1E-01	1.08222	3.0E-01
rs11045172	12	20470221	0.37098	A	C	0.802205	0.989276	11.3302	7.6E-04	0.0245085	0.00702797	12.1612	4.9E-04	10.9351	9.4E-04
rs7977928	12	26265632	0.457285	G	A	0.408615	1	1.07737	3.0E-01	-0.00705641	0.00565245	1.55846	2.1E-01	1.86674	1.7E-01
rs2343874	12	26409450	0.459085	G	A	0.53283	0.98214	2.76041	9.7E-02	-0.00935865	0.00562621	2.7669	9.6E-02	2.90975	8.8E-02
rs16931815	12	27427917	0.469712	A	G	0.872673	0.996695	0.292524	5.9E-01	-0.00474741	0.00838386	0.320645	5.7E-01	0.0606874	8.1E-01
rs7310959	12	45968598	0.59006	G	A	0.897555	1	11.5903	6.6E-04	-0.0319723	0.00920179	12.0727	5.1E-04	11.4181	7.3E-04
rs75824359	12	54320490	0.68262	A	G	0.970266	0.973341	0.190278	6.6E-01	0.00947611	0.0166109	0.325444	5.7E-01	0.655006	4.2E-01
rs10878362	12	66417493	0.793832	C	A	0.687723	0.991565	0.811972	3.7E-01	0.00622797	0.00601902	1.07064	3.0E-01	1.57562	2.1E-01
rs10745659	12	94092690	1.0816	C	G	0.553308	0.994516	2.97414	8.5E-02	-0.00926142	0.00563435	2.70188	1.0E-01	2.13629	1.4E-01
rs10778495	12	106991545	1.2616	A	G	0.720919	0.990603	0.31224	5.8E-01	-0.00412215	0.00621423	0.44002	5.1E-01	1.22342	2.7E-01
rs189392453	12	122381427	1.46398	C	A	0.929828	0.926987	0.405453	5.2E-01	-0.00763442	0.0113276	0.454229	5.0E-01	0.823114	3.6E-01
rs12366339	12	122854616	1.46723	G	A	0.9894	0.907552	0.438188	5.1E-01	-0.0215029	0.0285818	0.565995	4.5E-01	1.04711	3.1E-01
rs147433011	12	123162845	1.46972	T	C	0.989135	0.898372	0.0247692	8.7E-01	-0.0073149	0.028397	0.0663549	8.0E-01	0.0473768	8.3E-01
rs116950578	12	123188577	1.46982	C	T	0.967055	1	0.825635	3.6E-01	0.0157027	0.0155675	1.01744	3.1E-01	0.76227	3.8E-01
rs140689322	12	123375732	1.4703	G	A	0.973654	0.966101	3.9501	4.7E-02	0.0372343	0.0176821	4.43422	3.5E-02	4.79108	2.9E-02
rs28722199	12	123989436	1.47618	A	G	0.954286	0.931304	5.2385	2.2E-02	-0.0295295	0.0138116	4.57115	3.3E-02	6.41278	1.1E-02
rs12582221	12	125323240	1.49972	G	A	0.572176	1	1.94799	1.6E-01	0.00832663	0.00562267	2.19307	1.4E-01	2.49488	1.1E-01
rs7993238	13	22473593	0.0544542	A	C	0.631395	0.976757	0.0649864	8.0E-01	-0.00203544	0.00585205	0.120976	7.3E-01	0.37759	5.4E-01
rs10507524	13	44684600	0.468128	T	C	0.907237	0.994143	0.660742	4.2E-01	0.008297	0.00965682	0.738199	3.9E-01	0.261687	6.1E-01
rs12872335	13	50442235	0.536587	G	A	0.792188	0.994746	0.367335	5.4E-01	0.00531844	0.00688893	0.596026	4.4E-01	0.130839	7.2E-01
rs61964388	13	51061980	0.539297	G	A	0.904117	0.961186	0.0856366	7.7E-01	-0.00107187	0.00963751	0.0123697	9.1E-01	0.0580581	8.1E-01
rs627527	13	110915135	1.21483	G	A	0.418925	0.983958	0.0426314	8.4E-01	-0.00083151	0.00568786	0.0213716	8.8E-01	0.0138833	9.1E-01
rs1057119	14	23746269	0.116581	C	G	0.76153	1	0.0935852	7.6E-01	0.00310992	0.0065128	0.228014	6.3E-01	0.37943	5.4E-01
rs140664623	14	52321987	0.459221	G	T	0.976323	0.975931	0.0906549	7.6E-01	0.00839766	0.01848	0.206496	6.5E-01	0.863337	3.5E-01
rs2145600	14	58750902	0.537897	C	G	0.237608	0.992449	8.15561	4.3E-03	0.01861	0.00655731	8.05453	4.5E-03	10.2651	1.4E-03
rs6575165	14	91352234	0.881721	G	A	0.76556	0.994744	2.59095	1.1E-01	-0.0105593	0.00658102	2.57444	1.1E-01	2.46129	1.2E-01
rs10130936	14	98342676	1.02712	C	T	0.37676	0.985923	3.02193	8.2E-02	-0.0102734	0.00579404	3.1439	7.6E-02	3.92158	4.8E-02
rs4779523	15	31679470	0.452779	T	A	0.728098	0.995337	0.0101213	9.2E-01	-0.000167528	0.00628969	0.000709444	9.8E-01	0.0117567	9.1E-01
rs28647196	15	40833379	0.629227	C	T	0.564205	0.997093	1.18391	2.8E-01	-0.00424475	0.0056378	0.566872	4.5E-01	1.43436	2.3E-01
rs11630710	15	56364758	0.756318	G	T	0.893172	0.979091	0.133813	7.1E-01	0.00237384	0.00914043	0.0674483	8.0E-01	0.0212581	8.8E-01
rs17184382	15	63792486	0.876626	A	C	0.574619	1	2.59717	1.1E-01	0.00987661	0.00563658	3.07033	8.0E-02	3.66668	5.6E-02
rs2165241	15	74222202	0.994735	T	C	0.491224	0.994517	1.1153	2.9E-01	0.00735104	0.0055675	1.74332	1.9E-01	1.12603	2.9E-01
rs12905116	15	79042734	1.02295	T	A	0.242831	0.998559	0.00529477	9.4E-01	0.00107646	0.00647273	0.0276579	8.7E-01	0.0761753	7.8E-01
rs2401948	16	1340854	0.0338191	G	C	0.470436	0.984992	0.949971	3.3E-01	-0.00528982	0.00561665	0.887008	3.5E-01	0.540242	4.6E-01
rs3747577	16	4415696	0.082586	C	G	0.259467	0.988145	0.0745001	7.8E-01	0.00264496	0.00639197	0.171225	6.8E-01	0.102273	7.5E-01
rs6498114	16	10964118	0.259065	G	T	0.240585	0.980902	0.0784383	7.8E-01	0.00318056	0.00657907	0.23371	6.3E-01	0.208616	6.5E-01
rs2192868	16	53428284	0.643286	G	A	0.551203	0.983829	0.371301	5.4E-01	0.00491227	0.00564803	0.756433	3.8E-01	0.700127	4.0E-01
rs77712507	16	56742475	0.726646	G	A	0.929573	0.973547	38.6554	5.1E-10	0.0692289	0.0110211	39.4573	3.4E-10	36.8973	1.2E-09
rs9989419	16	56985139	0.729936	A	G	0.393464	1	111.711	4.1E-26	-0.06281	0.00568503	122.065	2.2E-28	122.504	1.8E-28
rs116975210	16	67058614	0.849502	T	G	0.960603	0.993544	0.83511	3.6E-01	0.0126534	0.0143529	0.777198	3.8E-01	0.92047	3.4E-01
rs2056876	16	78864296	0.975993	T	G	0.815684	0.95437	0.00518937	9.4E-01	-0.000301726	0.00733313	0.00169296	9.7E-01	0.0205432	8.9E-01
rs9926618	16	81484570	1.04509	T	A	0.39429	0.97289	6.90456	8.6E-03	0.0166478	0.00577312	8.31554	3.9E-03	7.7641	5.3E-03
rs66710707	16	81528621	1.0457	A	G	0.719577	0.992374	14.0529	1.8E-04	0.0228209	0.00621763	13.4715	2.4E-04	14.1826	1.7E-04
rs116911572	17	943593	0.0364958	T	C	0.982069	1	2.33898	1.3E-01	0.0320504	0.0210173	2.32548	1.3E-01	1.6655	2.0E-01
rs4151120	17	7342148	0.196018	T	A	0.629178	0.991461	7.32993	6.8E-03	-0.0153761	0.00579182	7.04795	7.9E-03	5.84846	1.6E-02
rs1561	17	8263334	0.209036	C	T	0.928268	0.930811	0.086548	7.7E-01	0.0031734	0.0111652	0.0807828	7.8E-01	0.00160184	9.7E-01
rs1242488	17	17347995	0.443205	C	A	0.250473	0.994678	0.523266	4.7E-01	0.00398598	0.00642753	0.384575	5.4E-01	0.454765	5.0E-01
rs897456	17	17422608	0.444631	A	G	0.942018	1	11.1334	8.5E-04	-0.0397909	0.0119319	11.1211	8.5E-04	12.3706	4.4E-04
rs11651639	17	27672320	0.49569	A	T	0.483934	0.999433	0.0267321	8.7E-01	0.00186505	0.00556997	0.112118	7.4E-01	0.208103	6.5E-01
rs55883500	17	40395267	0.664304	T	G	0.691334	0.998762	1.18157	2.8E-01	-0.00655585	0.00602658	1.18336	2.8E-01	1.97084	1.6E-01
rs2242461	17	40861424	0.665935	G	A	0.405713	1	7.66874	5.6E-03	0.0158373	0.00566884	7.80505	5.2E-03	8.31653	3.9E-03
rs76868109	17	41776943	0.672597	A	C	0.966259	1	44.7126	2.3E-11	-0.102074	0.0153865	44.0099	3.3E-11	43.0354	5.4E-11
rs62053943	17	43744203	0.688226	C	T	0.845555	0.975028	0.335329	5.6E-01	0.00451598	0.00781672	0.333775	5.6E-01	0.453399	5.0E-01
rs6504972	17	53601168	0.790946	G	A	0.654059	0.990391	2.50378	1.1E-01	0.00998695	0.00590236	2.86296	9.1E-02	2.8331	9.2E-02
rs9892365	17	59491384	0.871045	A	G	0.330387	0.996856	1.45134	2.3E-01	-0.00763215	0.00592813	1.65752	2.0E-01	1.99504	1.6E-01
rs146385050	17	60637258	0.881108	C	A	0.819308	0.982238	0.313552	5.8E-01	-0.00296592	0.00729489	0.165302	6.8E-01	0.323236	5.7E-01
rs1966327	17	67570113	0.971768	A	G	0.320402	0.997202	0.244571	6.2E-01	0.00246461	0.0059684	0.170522	6.8E-01	0.140159	7.1E-01
rs9896666	17	68226321	0.98162	C	T	0.675868	0.994992	0.000343268	9.9E-01	0.00161854	0.00595806	0.0737971	7.9E-01	0.0727661	7.9E-01
rs3810068	18	2846499	0.0738566	T	C	0.595452	1	2.42886	1.2E-01	0.00813012	0.00566031	2.06307	1.5E-01	1.52609	2.2E-01
rs4800451	18	20716805	0.429195	C	T	0.259966	0.984274	0.105205	7.5E-01	0.00167713	0.00640955	0.0684669	7.9E-01	0.14398	7.0E-01
rs1026186	18	42741410	0.625015	G	A	0.64681	0.995626	0.00322477	9.5E-01	0.00173245	0.00583903	0.0880323	7.7E-01	0.00464801	9.5E-01
rs8086644	18	60788559	0.864537	G	A	0.834201	0.988925	0.0381713	8.5E-01	-0.000331626	0.00752037	0.00194455	9.6E-01	0.22834	6.3E-01
rs12979965	19	2131148	0.0753026	A	G	0.499935	0.991113	1.99156	1.6E-01	-0.00816079	0.0055745	2.14315	1.4E-01	1.26609	2.6E-01
rs10421685	19	4488926	0.151356	G	A	0.311293	0.998169	0.0662834	8.0E-01	-0.00124567	0.00600942	0.0429678	8.4E-01	0.0318132	8.6E-01
rs10421685	19	4488926	0.151356	G	C	0.973386	0.548756	0.148655	7.0E-01	-0.0129263	0.0232788	0.308339	5.8E-01	0.219476	6.4E-01
rs35555265	19	17152232	0.420672	C	T	0.803227	0.993265	4.91653	2.7E-02	0.0147852	0.00699851	4.46316	3.5E-02	4.52478	3.3E-02
rs72999466	19	18248499	0.447893	C	T	0.742123	0.99893	1.639	2.0E-01	0.00966037	0.00634687	2.31669	1.3E-01	1.82718	1.8E-01
rs1423056	19	33780444	0.560699	G	A	0.681795	0.903762	0.805026	3.7E-01	-0.00602735	0.00628183	0.92062	3.4E-01	0.579771	4.5E-01
rs113504807	19	33787954	0.561506	C	T	0.951238	0.934153	0.0209358	8.8E-01	0.00140749	0.0133168	0.0111711	9.2E-01	0.0140366	9.1E-01
rs11672697	19	33876955	0.562267	C	T	0.494053	0.99299	0.21438	6.4E-01	0.00292627	0.00557885	0.275131	6.0E-01	0.71836	4.0E-01
rs62116588	19	44446097	0.68736	C	G	0.976805	0.933368	45.3781	1.6E-11	-0.128953	0.0191334	45.4235	1.6E-11	48.1606	3.9E-12
rs55840997	19	44480979	0.687479	G	A	0.981353	1	31.7132	1.8E-08	-0.116258	0.0205511	32.0018	1.5E-08	36.1299	1.8E-09
rs73048351	19	45160086	0.697689	C	A	0.989712	0.91554	72.9103	1.4E-17	-0.246193	0.0288455	72.8439	1.4E-17	76.9513	1.8E-18
rs11881756	19	45220896	0.699851	T	C	0.886737	1	220.905	5.7E-50	-0.129505	0.00876169	218.474	1.9E-49	234.006	8.0E-53
rs139326841	19	45269725	0.701551	T	C	0.978636	0.821408	33.1533	8.5E-09	0.119656	0.0211382	32.0429	1.5E-08	37.0757	1.1E-09
rs2075649	19	45395330	0.707004	A	G	0.611354	0.998574	59.2512	1.4E-14	0.0445338	0.00571506	60.721	6.6E-15	69.7364	6.8E-17
rs146390218	19	45478352	0.709104	A	G	0.973731	0.966351	205.066	1.6E-46	-0.253086	0.0176667	205.222	1.5E-46	208.639	2.7E-47
rs2864436	19	55986637	0.996315	T	C	0.754674	1	0.120668	7.3E-01	-0.00226809	0.00643707	0.124149	7.2E-01	0.0743208	7.9E-01
rs151235402	20	569164	0.0196907	C	T	0.984757	0.956324	14.822	1.2E-04	-0.0883176	0.0233795	14.27	1.6E-04	12.8871	3.3E-04
rs805769	20	5667459	0.191037	T	C	0.595306	0.99253	0.0312642	8.6E-01	0.000410365	0.00569665	0.00518921	9.4E-01	0.00598846	9.4E-01
rs6117303	20	6487687	0.213838	T	C	0.34849	0.989053	1.48576	2.2E-01	-0.00654699	0.00587261	1.24286	2.6E-01	1.58063	2.1E-01
rs2618568	20	17843968	0.423696	C	A	0.384197	0.989119	36.4257	1.6E-09	-0.0348633	0.00574314	36.85	1.3E-09	38.8175	4.7E-10
rs146411982	20	38985760	0.586515	A	G	0.97517	0.885893	4.69014	3.0E-02	0.0439043	0.0189851	5.34798	2.1E-02	3.66043	5.6E-02
rs1997833	20	39690342	0.597551	T	C	0.700507	0.998963	0.122745	7.3E-01	0.00243511	0.0060596	0.161492	6.9E-01	0.425942	5.1E-01
rs11699991	20	45489407	0.689702	T	A	0.670387	0.988835	0.293949	5.9E-01	-0.00396699	0.00595152	0.444289	5.1E-01	0.768244	3.8E-01
rs6068280	20	51235613	0.791961	A	G	0.324841	0.992237	5.66445	1.7E-02	-0.0139301	0.00593783	5.50366	1.9E-02	6.62052	1.0E-02
rs6013572	20	51553621	0.798111	T	C	0.936054	1	0.197066	6.6E-01	0.00437788	0.0114441	0.146339	7.0E-01	0.0987622	7.5E-01
rs1936966	20	51691779	0.801626	C	T	0.672454	0.982215	1.35907	2.4E-01	0.00721143	0.00602272	1.43369	2.3E-01	1.82206	1.8E-01
rs2105063	20	62690683	1.09651	C	T	0.438811	1	0.605566	4.4E-01	0.00393309	0.00562058	0.489673	4.8E-01	0.563826	4.5E-01
rs4998557	21	33034892	0.322704	G	A	0.887631	0.995909	0.634264	4.3E-01	-0.00716141	0.00884743	0.655183	4.2E-01	0.204815	6.5E-01
rs2836139	21	39451403	0.432375	A	G	0.514897	0.9942	3.36075	6.7E-02	-0.0103459	0.00561204	3.39859	6.5E-02	3.26599	7.1E-02
rs2330396	21	47524380	0.643685	A	C	0.492654	0.996498	0.0482886	8.3E-01	0.00179067	0.00556348	0.103595	7.5E-01	0.0335758	8.5E-01
rs2236142	22	29137944	0.338659	G	C	0.32476	0.994367	0.241773	6.2E-01	0.00133253	0.00595563	0.0500613	8.2E-01	0.0186563	8.9E-01
rs5997898	22	31572963	0.355537	A	C	0.421356	0.998342	0.627013	4.3E-01	-0.0042516	0.00564613	0.567025	4.5E-01	0.541318	4.6E-01
