SNP	CHR	BP	GENPOS	ALLELE1	ALLELE0	A1FREQ	INFO	CHISQ_LINREG	P_LINREG	BETA	SE	CHISQ_BOLT_LMM_INF	P_BOLT_LMM_INF	CHISQ_BOLT_LMM	P_BOLT_LMM
rs10909862	1	2936815	0.0400559	G	A	0.1928	0.987988	7.26087	7.0E-03	0.0192018	0.00711706	7.27918	7.0E-03	6.83768	8.9E-03
rs1294014	1	9325676	0.18921	C	T	0.732088	0.974098	7.6043	5.8E-03	-0.0149071	0.00639808	5.42859	2.0E-02	6.71173	9.6E-03
rs10753554	1	23619009	0.461644	T	C	0.260317	0.989627	2.47023	1.2E-01	0.00860986	0.00639192	1.81438	1.8E-01	1.76228	1.8E-01
rs12117661	1	55487346	0.808955	C	G	0.755046	0.987273	0.0768881	7.8E-01	0.00021912	0.00654505	0.00112082	9.7E-01	0.00973343	9.2E-01
rs875868	1	65539253	0.960443	A	C	0.697717	0.993511	1.37295	2.4E-01	0.00692885	0.00609725	1.29138	2.6E-01	2.0428	1.5E-01
rs10889551	1	65906137	0.967654	A	G	0.326867	0.995997	0.0098577	9.2E-01	-0.00268296	0.00596839	0.202075	6.5E-01	0.152355	7.0E-01
rs71658797	1	77967507	1.07336	T	A	0.879141	0.99054	4.42368	3.5E-02	0.0215631	0.0085826	6.31228	1.2E-02	6.37002	1.2E-02
rs1415361	1	103562263	1.33102	C	T	0.402104	0.995554	0.536917	4.6E-01	0.00446104	0.00570443	0.611572	4.3E-01	1.08369	3.0E-01
rs116679284	1	119014845	1.50751	C	T	0.963654	0.948411	0.141437	7.1E-01	0.00530694	0.0153215	0.119974	7.3E-01	0.49447	4.8E-01
rs1766783	1	119434896	1.50931	A	C	0.181268	0.981355	2.1645	1.4E-01	-0.0103427	0.0073018	2.00635	1.6E-01	1.70334	1.9E-01
rs3738479	1	150997842	1.65945	T	A	0.765906	0.995486	0.622623	4.3E-01	-0.00461965	0.00660735	0.488836	4.8E-01	0.418999	5.2E-01
rs79810698	1	154836444	1.69767	C	A	0.95565	1	0.491444	4.8E-01	0.00934048	0.0135558	0.474775	4.9E-01	0.675854	4.1E-01
rs10494421	1	164738727	1.83743	C	T	0.880829	1	0.0205234	8.9E-01	-0.00309903	0.00861301	0.129462	7.2E-01	0.60038	4.4E-01
rs3121911	1	170212480	1.91705	G	A	0.744389	0.993907	2.5179	1.1E-01	0.00997642	0.0063812	2.44424	1.2E-01	2.32581	1.3E-01
rs17346300	1	170510459	1.91857	C	T	0.950626	1	1.88102	1.7E-01	0.0160022	0.0129083	1.53681	2.2E-01	1.59	2.1E-01
rs6697844	1	172308238	1.93873	C	T	0.56798	0.996349	2.11636	1.5E-01	-0.00949241	0.00561753	2.85536	9.1E-02	3.05229	8.1E-02
rs10922075	1	196467248	2.1432	G	A	0.687963	0.997066	13.5476	2.3E-04	0.0216687	0.00602457	12.9364	3.2E-04	13.1029	2.9E-04
rs13303121	1	203503267	2.22276	C	G	0.607356	0.947347	4.12783	4.2E-02	0.0109649	0.00585248	3.51018	6.1E-02	2.66757	1.0E-01
rs4951159	1	205012106	2.25304	G	C	0.0908836	0.967	1.14263	2.9E-01	-0.0100715	0.0098702	1.04121	3.1E-01	1.29311	2.6E-01
rs61821643	1	219268532	2.43532	T	C	0.974378	0.889659	0.188637	6.6E-01	-0.00682792	0.0186928	0.133423	7.1E-01	1.02487	3.1E-01
rs77278027	1	219392230	2.43543	C	T	0.93823	0.976746	0.000589824	9.8E-01	-0.00147483	0.0117308	0.0158064	9.0E-01	0.00975449	9.2E-01
rs12740837	1	219623230	2.43692	G	A	0.983204	0.959021	0.502962	4.8E-01	-0.01845	0.0221102	0.696316	4.0E-01	0.523762	4.7E-01
rs11122400	1	230280259	2.53575	C	G	0.537736	1	21.9004	2.9E-06	0.0281729	0.00557712	25.5178	4.4E-07	30.4609	3.4E-08
rs13402475	2	3639909	0.062179	C	G	0.183114	0.9606	29.7567	4.9E-08	-0.0402224	0.00737097	29.7773	4.8E-08	31.4456	2.1E-08
rs11673889	2	21104631	0.419072	G	C	0.739344	0.972648	11.5866	6.6E-04	-0.0218745	0.006442	11.5302	6.8E-04	14.3965	1.5E-04
rs2702068	2	24689512	0.456007	A	C	0.144534	0.985387	0.42922	5.1E-01	0.00584944	0.00799165	0.535743	4.6E-01	0.320591	5.7E-01
rs7933	2	43452183	0.682402	A	G	0.634849	0.981779	2.7363	9.8E-02	-0.010084	0.00584011	2.9814	8.4E-02	2.51038	1.1E-01
rs56266464	2	44054991	0.686489	G	A	0.939556	0.986548	0.0471559	8.3E-01	0.00102899	0.0118027	0.00760071	9.3E-01	0.0285584	8.7E-01
rs36072157	2	48953740	0.765134	G	C	0.658175	0.956087	5.782	1.6E-02	-0.0136704	0.00600569	5.1813	2.3E-02	4.70372	3.0E-02
rs4953627	2	48990167	0.765401	C	T	0.77524	0.975089	12.904	3.3E-04	0.0267914	0.00678721	15.5815	7.9E-05	15.3918	8.7E-05
rs10779951	2	66142656	0.91656	G	A	0.525126	0.992672	1.94459	1.6E-01	-0.00874709	0.0056161	2.42582	1.2E-01	1.90598	1.7E-01
rs12713567	2	66729420	0.924256	A	G	0.428176	0.981664	0.0203916	8.9E-01	-0.000610816	0.0056863	0.0115388	9.1E-01	0.0190767	8.9E-01
rs1521047	2	67724601	0.937973	C	G	0.75421	0.992329	0.285224	5.9E-01	0.00371696	0.00647938	0.329086	5.7E-01	0.642279	4.2E-01
rs12712049	2	100208830	1.21955	A	G	0.176674	0.985519	8.36779	3.8E-03	0.0206967	0.00735608	7.91605	4.9E-03	7.31142	6.9E-03
rs72946301	2	111861838	1.33125	G	A	0.903863	0.964859	0.601458	4.4E-01	0.00787476	0.0096396	0.667355	4.1E-01	1.31664	2.5E-01
rs1053413	2	114471921	1.35945	A	G	0.784744	0.998156	0.146608	7.0E-01	-0.00389077	0.00681024	0.326398	5.7E-01	0.296047	5.9E-01
rs7593247	2	119337589	1.3956	C	T	0.503784	0.990163	0.208227	6.5E-01	-0.00138068	0.00560407	0.0606985	8.1E-01	0.0553765	8.1E-01
rs78876301	2	158234589	1.75901	A	C	0.987195	0.782415	0.109464	7.4E-01	-0.00358293	0.028078	0.0162834	9.0E-01	0.136997	7.1E-01
rs77928329	2	158413902	1.76308	G	A	0.94544	0.998218	0.259918	6.1E-01	0.00816914	0.0122482	0.444847	5.0E-01	0.506555	4.8E-01
rs1402698	2	165424575	1.81281	G	A	0.368889	0.988943	8.5768	3.4E-03	-0.0166247	0.00582539	8.14433	4.3E-03	6.56068	1.0E-02
rs3769877	2	165569779	1.81517	G	A	0.125673	1	5.06504	2.4E-02	0.0176814	0.00842082	4.40883	3.6E-02	4.81494	2.8E-02
rs72882321	2	172298662	1.8972	C	T	0.821415	0.98752	0.127425	7.2E-01	0.00229362	0.00733469	0.0977867	7.5E-01	0.00748983	9.3E-01
rs62173497	2	187821910	2.04064	C	A	0.889372	0.96522	3.98161	4.6E-02	0.0167749	0.00903926	3.44393	6.3E-02	3.53602	6.0E-02
rs61613340	2	191746748	2.0603	G	T	0.922172	0.993102	1.34822	2.5E-01	0.0124563	0.0104465	1.42179	2.3E-01	1.18397	2.8E-01
rs1250248	2	216287093	2.28549	A	G	0.271958	0.996374	0.0837012	7.7E-01	0.00166105	0.00628663	0.0698117	7.9E-01	0.0114182	9.1E-01
rs2373074	2	218381350	2.32413	C	T	0.903229	0.998908	1.10289	2.9E-01	-0.0117602	0.00944865	1.54914	2.1E-01	1.35731	2.4E-01
rs62182126	2	219279230	2.33765	G	A	0.901349	1	7.18963	7.3E-03	-0.0246157	0.00935661	6.92129	8.5E-03	7.83153	5.1E-03
rs6760762	2	226866226	2.44112	C	T	0.776249	0.976874	14.2239	1.6E-04	0.0257355	0.00677975	14.4091	1.5E-04	15.1095	1.0E-04
rs305506	3	12026709	0.296805	G	T	0.113563	0.992655	2.30917	1.3E-01	0.0122441	0.00884227	1.91746	1.7E-01	2.0117	1.6E-01
rs114252958	3	12409938	0.29797	C	T	0.982978	0.956617	0.420012	5.2E-01	-0.0135696	0.0221557	0.375117	5.4E-01	0.0812364	7.8E-01
rs10490869	3	35635145	0.595764	A	T	0.789478	0.990849	3.85498	5.0E-02	-0.0118834	0.00685374	3.00624	8.3E-02	3.6662	5.6E-02
rs6771508	3	43718462	0.664863	A	C	0.974946	0.998741	3.05996	8.0E-02	0.0300562	0.0178662	2.83011	9.3E-02	2.3044	1.3E-01
rs4683294	3	46979013	0.687679	G	C	0.321605	0.960868	9.55612	2.0E-03	-0.0169663	0.00608682	7.76951	5.3E-03	8.57069	3.4E-03
rs4858828	3	48724811	0.68972	C	T	0.349101	0.999091	0.131436	7.2E-01	-0.00312829	0.00583388	0.28754	5.9E-01	0.518637	4.7E-01
rs352156	3	52214610	0.694887	C	T	0.955078	0.904333	6.37498	1.2E-02	0.0353429	0.0140408	6.33607	1.2E-02	5.66557	1.7E-02
rs7643235	3	53227428	0.699142	T	C	0.4136	0.989215	2.2557	1.3E-01	0.00900808	0.0056672	2.52654	1.1E-01	1.65075	2.0E-01
rs11718560	3	64584862	0.868956	C	T	0.731847	0.985124	3.21484	7.3E-02	-0.0111281	0.00633948	3.08128	7.9E-02	2.83054	9.2E-02
rs4688498	3	64674599	0.871028	C	T	0.669682	0.985151	1.35611	2.4E-01	0.00579379	0.0059786	0.939133	3.3E-01	1.12271	2.9E-01
rs997274	3	78704821	1.06722	T	C	0.748705	0.994327	0.0254349	8.7E-01	-0.00129119	0.00646667	0.0398674	8.4E-01	0.0059962	9.4E-01
rs1877569	3	99224544	1.12953	G	A	0.816212	0.993173	0.0315422	8.6E-01	0.000822211	0.00720826	0.0130108	9.1E-01	0.0148821	9.0E-01
rs9875732	3	107461731	1.19696	T	C	0.623037	0.99667	0.195842	6.6E-01	0.00186156	0.00576929	0.104114	7.5E-01	0.00936739	9.2E-01
rs1000368	3	123117165	1.35684	C	T	0.748381	0.996692	4.24712	3.9E-02	-0.0140742	0.00643535	4.78304	2.9E-02	4.14963	4.2E-02
rs113771682	3	129112166	1.4255	C	T	0.937375	0.999072	0.657999	4.2E-01	0.00745429	0.0115515	0.416421	5.2E-01	0.589157	4.4E-01
rs7647218	3	129125231	1.42558	C	A	0.901341	0.999167	0.00346072	9.5E-01	-0.00114134	0.0093813	0.0148014	9.0E-01	0.0779836	7.8E-01
rs75212171	3	129323322	1.42649	T	C	0.983129	1	0.000817281	9.8E-01	0.00596038	0.0216604	0.0757207	7.8E-01	0.153203	7.0E-01
rs112551697	3	150018637	1.64271	G	A	0.96554	0.928479	5.21723	2.2E-02	-0.0349039	0.0158275	4.86321	2.7E-02	6.56386	1.0E-02
rs11720805	3	156800360	1.71236	A	G	0.330979	0.970132	1.99299	1.6E-01	0.00900517	0.00602399	2.23468	1.3E-01	3.30265	6.9E-02
rs1488111	3	168951612	1.77942	C	T	0.517315	0.996852	4.18796	4.1E-02	0.010457	0.00558147	3.51011	6.1E-02	3.43133	6.4E-02
rs1499813	3	171760427	1.8208	T	C	0.587431	1	0.251764	6.2E-01	-0.00264524	0.00569388	0.21583	6.4E-01	0.555438	4.6E-01
rs13092876	3	185495320	2.01656	G	A	0.686729	0.994835	5.6397	1.8E-02	-0.0136024	0.00603111	5.08669	2.4E-02	5.53985	1.9E-02
rs3843375	3	196813908	2.26438	G	A	0.590289	0.999191	1.0853	3.0E-01	-0.00480086	0.00569003	0.711884	4.0E-01	0.18188	6.7E-01
rs75072999	4	844781	0.00782036	G	A	0.904916	0.991302	3.9622	4.7E-02	0.0208205	0.0095725	4.73077	3.0E-02	3.90343	4.8E-02
rs748483	4	952409	0.00822297	A	G	0.891514	0.99682	5.6276	1.8E-02	-0.0218974	0.00899761	5.92285	1.5E-02	5.86542	1.5E-02
rs1912897	4	26006133	0.455942	A	T	0.79303	0.98817	11.4871	7.0E-04	-0.0241591	0.00693583	12.1329	5.0E-04	11.3517	7.5E-04
rs7689800	4	26295421	0.461356	C	G	0.382047	0.982424	1.09818	2.9E-01	0.00719217	0.00580007	1.53763	2.1E-01	1.43077	2.3E-01
rs34171390	4	56192405	0.730002	C	G	0.8287	0.967618	1.58114	2.1E-01	-0.00894055	0.00751431	1.41563	2.3E-01	0.855373	3.6E-01
rs3017896	4	89533004	1.04795	G	C	0.704424	1	0.86579	3.5E-01	-0.00529055	0.00609894	0.752477	3.9E-01	0.751835	3.9E-01
rs10029220	4	89710592	1.04921	C	T	0.909822	0.997537	0.072767	7.9E-01	-0.00587119	0.00976916	0.361191	5.5E-01	0.133947	7.1E-01
rs1813006	4	103001649	1.15654	G	T	0.940843	0.94358	29.1193	6.8E-08	-0.0658709	0.0121714	29.2891	6.2E-08	31.765	1.7E-08
rs12647922	4	106063987	1.17944	C	T	0.794569	0.998343	0.153864	6.9E-01	-0.00184743	0.00690822	0.0715164	7.9E-01	0.129525	7.2E-01
rs7655064	4	120106348	1.31331	T	C	0.875314	0.995692	1.00849e-05	1.0E+00	0.000188933	0.00845388	0.000499461	9.8E-01	0.0268213	8.7E-01
rs2922979	4	123748616	1.34468	C	G	0.689916	1	5.21228	2.2E-02	0.0127279	0.00604294	4.43624	3.5E-02	3.50424	6.1E-02
rs1520325	4	125182690	1.35483	C	T	0.780072	0.994582	0.880193	3.5E-01	-0.00783966	0.00675868	1.34546	2.5E-01	1.55326	2.1E-01
rs2353397	4	145517578	1.53798	C	T	0.460014	1	0.328678	5.7E-01	0.00352124	0.00560775	0.394288	5.3E-01	0.583884	4.4E-01
rs2166365	5	3597830	0.0882728	A	G	0.777698	0.981109	1.14456	2.8E-01	0.00770944	0.00677309	1.2956	2.6E-01	1.94277	1.6E-01
rs13178917	5	4007353	0.10142	C	T	0.551974	0.99437	2.60678	1.1E-01	0.0100804	0.0056063	3.233	7.2E-02	1.87214	1.7E-01
rs10061804	5	32748637	0.511958	G	A	0.711087	1	0.0526282	8.2E-01	0.00133835	0.00616344	0.0471513	8.3E-01	0.060516	8.1E-01
rs299615	5	34042097	0.535425	G	A	0.843206	1	2.41484	1.2E-01	0.0119356	0.00768672	2.41107	1.2E-01	1.71718	1.9E-01
rs4293945	5	38736142	0.597252	A	T	0.606405	0.995383	0.576013	4.5E-01	-0.00390014	0.0057283	0.463562	5.0E-01	0.375932	5.4E-01
rs163112	5	54538003	0.667379	C	G	0.107056	0.994238	2.53235	1.1E-01	0.0129286	0.00907176	2.03105	1.5E-01	2.4151	1.2E-01
rs61653333	5	55779080	0.679717	G	T	0.970413	0.977169	0.209747	6.5E-01	0.00950839	0.0166401	0.326513	5.7E-01	0.5527	4.6E-01
rs6867983	5	55854153	0.681454	C	T	0.861186	1	56.681	5.1E-14	-0.0629036	0.00807675	60.6566	6.8E-15	60.5739	7.1E-15
rs11749164	5	66294202	0.770672	T	G	0.726476	0.988719	0.591027	4.4E-01	-0.00518578	0.00630364	0.676779	4.1E-01	0.895423	3.4E-01
rs6878122	5	76427311	0.889556	G	A	0.318279	0.997785	2.91221	8.8E-02	-0.00881325	0.00600828	2.15165	1.4E-01	1.81202	1.8E-01
rs7734060	5	101780479	1.10738	T	G	0.734786	0.995631	1.93509	1.6E-01	0.00924855	0.00635908	2.11524	1.5E-01	1.79487	1.8E-01
rs1394631	5	118639270	1.27349	C	T	0.775173	0.988487	0.751945	3.9E-01	-0.00563445	0.00671639	0.703771	4.0E-01	0.668546	4.1E-01
rs11744058	5	118798944	1.27486	G	T	0.783774	0.998591	8.10847	4.4E-03	0.0197939	0.00679275	8.49122	3.6E-03	9.51257	2.0E-03
rs3749748	5	127350549	1.37291	C	T	0.753975	0.992802	2.19629	1.4E-01	0.00951876	0.00650275	2.14272	1.4E-01	1.61846	2.0E-01
rs4705986	5	132349654	1.39065	T	G	0.937241	0.978165	1.14725	2.8E-01	0.0172036	0.0116501	2.18061	1.4E-01	2.07915	1.5E-01
rs10463353	5	141710741	1.48273	C	T	0.640669	0.986535	9.0963	2.6E-03	0.0179334	0.00585325	9.38707	2.2E-03	10.6075	1.1E-03
rs33999	5	141973349	1.48937	C	G	0.612065	0.9834	3.09579	7.8E-02	-0.00898289	0.0057659	2.42716	1.2E-01	2.24609	1.3E-01
rs12652322	5	171822666	1.88951	C	T	0.705252	0.99822	1.36255	2.4E-01	-0.00641537	0.00613617	1.09307	3.0E-01	1.03645	3.1E-01
rs2053681	5	172746086	1.91113	A	G	0.485601	0.912476	0.728162	3.9E-01	-0.00363255	0.00586283	0.383891	5.4E-01	0.969052	3.2E-01
rs10035782	5	173270328	1.92939	A	G	0.600665	0.984103	0.838394	3.6E-01	-0.00509421	0.00574663	0.785827	3.8E-01	0.854061	3.6E-01
rs11963955	6	6631996	0.178791	A	G	0.637527	0.976944	5.57831	1.8E-02	-0.0139086	0.00588069	5.59382	1.8E-02	8.06028	4.5E-03
rs201061	6	6730512	0.181115	G	A	0.455616	0.976616	2.37372	1.2E-01	-0.00878264	0.00565871	2.40888	1.2E-01	2.97697	8.4E-02
rs1334576	6	7211818	0.195986	G	A	0.5774	1	3.01174	8.3E-02	-0.00840855	0.00566106	2.20621	1.4E-01	1.74942	1.9E-01
rs9382988	6	14595010	0.314722	C	A	0.204362	0.998886	0.271707	6.0E-01	-0.00215938	0.00694405	0.0967009	7.6E-01	0.18061	6.7E-01
rs4710940	6	20658012	0.410434	A	C	0.647018	0.999463	4.74131	2.9E-02	-0.0145415	0.00585404	6.17031	1.3E-02	4.60083	3.2E-02
rs3129830	6	30248711	0.50553	G	A	0.868546	0.999908	1.72394	1.9E-01	0.0112769	0.00823038	1.87732	1.7E-01	2.05345	1.5E-01
rs7772131	6	30795171	0.50714	A	C	0.988571	1	0.839184	3.6E-01	0.0162034	0.026264	0.38062	5.4E-01	0.630516	4.3E-01
rs6919908	6	31244960	0.511805	T	C	0.193909	0.999901	14.1474	1.7E-04	-0.0274512	0.00707999	15.0334	1.1E-04	15.2433	9.5E-05
rs181133225	6	32454764	0.520293	T	C	0.893444	0.778953	0.717945	4.0E-01	-0.00571068	0.0101911	0.314004	5.8E-01	0.108836	7.4E-01
rs117108573	6	32489679	0.520303	C	T	0.921405	0.866866	1.67582	2.0E-01	-0.0102488	0.0110755	0.856296	3.5E-01	0.387082	5.3E-01
rs575662827	6	32543874	0.520325	T	C	0.899303	0.833996	1.37434	2.4E-01	-0.00917182	0.0101096	0.823087	3.6E-01	0.361436	5.5E-01
rs114760566	6	34192036	0.545788	C	A	0.954268	0.993831	12.0913	5.1E-04	-0.0462454	0.0133928	11.9233	5.5E-04	10.2151	1.4E-03
rs1574430	6	43269029	0.669727	A	C	0.391321	0.999399	0.0141034	9.1E-01	-0.000263716	0.00571968	0.00212584	9.6E-01	5.1274e-05	9.9E-01
rs9381248	6	43734606	0.675407	C	T	0.87836	0.993046	3.6954	5.5E-02	-0.0172229	0.00857535	4.03375	4.5E-02	4.28615	3.8E-02
rs35349911	6	43785255	0.678849	C	T	0.409597	0.97009	3.035	8.1E-02	-0.0106579	0.0057743	3.40676	6.5E-02	3.37958	6.6E-02
rs72902769	6	80719576	0.920488	C	G	0.966636	0.999182	3.08333	7.9E-02	-0.0235655	0.0155713	2.29034	1.3E-01	1.79638	1.8E-01
rs62406467	6	81114126	0.921634	G	T	0.849349	0.952286	0.954442	3.3E-01	0.0079606	0.00799602	0.99116	3.2E-01	0.601257	4.4E-01
rs6924944	6	100597579	1.0811	A	T	0.245827	0.981159	2.86941	9.0E-02	0.0114562	0.00656185	3.04807	8.1E-02	3.16347	7.5E-02
rs2806373	6	109222017	1.18299	G	A	0.239664	0.998945	5.52826	1.9E-02	-0.0131677	0.00653532	4.05961	4.4E-02	4.27024	3.9E-02
rs72969772	6	126187585	1.32503	A	G	0.980332	1	0.0528248	8.2E-01	0.000659567	0.0201631	0.00107004	9.7E-01	0.00837579	9.3E-01
rs9986505	6	126445558	1.32603	A	G	0.6761	0.991308	1.64106	2.0E-01	0.00668668	0.00599002	1.24613	2.6E-01	1.65151	2.0E-01
rs74949497	6	126812007	1.32699	A	C	0.97518	1	12.0087	5.3E-04	-0.0646423	0.0180472	12.8296	3.4E-04	12.0838	5.1E-04
rs139242696	6	127414440	1.32797	T	C	0.974907	0.948341	2.3226	1.3E-01	-0.0247787	0.0182926	1.83487	1.8E-01	2.70335	1.0E-01
rs9385864	6	139805476	1.50274	C	T	0.6907	0.988333	22.1901	2.5E-06	-0.0280107	0.0060854	21.1871	4.2E-06	23.4219	1.3E-06
rs12205386	6	139837171	1.50318	C	A	0.643666	0.9992	6.36729	1.2E-02	0.0153238	0.0058351	6.8966	8.6E-03	8.11668	4.4E-03
rs11756568	6	152042413	1.64245	A	T	0.724877	0.999168	0.193614	6.6E-01	0.0036615	0.00626176	0.34192	5.6E-01	0.661391	4.2E-01
rs111226116	6	160534940	1.77103	C	T	0.984241	0.990996	45.8854	1.3E-11	0.152485	0.0225049	45.9093	1.2E-11	45.3932	1.6E-11
rs118039278	6	160985526	1.7755	G	A	0.921465	0.991329	68.0116	1.6E-16	0.0890382	0.0104231	72.972	1.3E-17	81.8479	1.5E-19
rs2214440	7	20372191	0.358281	A	G	0.667686	0.991786	0.169853	6.8E-01	0.00256755	0.00595392	0.185965	6.7E-01	0.240601	6.2E-01
rs111683990	7	25729528	0.437229	C	G	0.955515	0.987881	1.52656	2.2E-01	-0.0164442	0.0136479	1.45174	2.3E-01	1.493	2.2E-01
rs2040786	7	26208736	0.442609	G	A	0.529361	1	2.12091	1.5E-01	0.00854395	0.00559115	2.33515	1.3E-01	1.93435	1.6E-01
rs17428025	7	27251396	0.453724	C	T	0.971743	0.967404	2.9235	8.7E-02	0.027464	0.0171222	2.57281	1.1E-01	2.61035	1.1E-01
rs849140	7	28183702	0.463008	T	C	0.410278	1	0.00121728	9.7E-01	-0.00019769	0.00570542	0.00120059	9.7E-01	0.205561	6.5E-01
rs17172095	7	42665355	0.680121	A	G	0.679343	0.995026	3.98928	4.6E-02	0.0130047	0.00599187	4.71057	3.0E-02	4.8669	2.7E-02
rs71553230	7	71997829	0.893615	T	A	0.963499	0.829255	30.6277	3.1E-08	0.0905779	0.0163177	30.8124	2.8E-08	31.7421	1.8E-08
rs75252467	7	72802596	0.896534	G	T	0.432818	0.70545	18.3524	1.8E-05	-0.0276018	0.00669265	17.0089	3.7E-05	16.2013	5.7E-05
rs76306613	7	106235348	1.22452	G	T	0.855998	0.98895	0.943615	3.3E-01	-0.00854994	0.0079981	1.14275	2.9E-01	2.12916	1.4E-01
rs2237687	7	107585473	1.24369	C	T	0.472386	0.966594	2.77636	9.6E-02	0.00952478	0.0056807	2.8113	9.4E-02	2.96556	8.5E-02
rs38902	7	116889718	1.32093	G	A	0.474719	0.992845	2.29536	1.3E-01	-0.00879926	0.00560609	2.46361	1.2E-01	1.94461	1.6E-01
rs12154627	7	130422934	1.4017	T	C	0.506907	0.97487	73.9807	7.9E-18	0.0480924	0.00564289	72.6355	1.6E-17	78.755	7.0E-19
rs7808446	7	150214465	1.67249	T	G	0.235469	0.993612	12.6669	3.7E-04	0.0230204	0.00659855	12.171	4.9E-04	10.2476	1.4E-03
rs2979172	8	8310508	0.239232	G	C	0.522006	0.993945	19.8544	8.4E-06	0.0262508	0.00561857	21.8289	3.0E-06	19.6707	9.2E-06
rs4474021	8	12632903	0.332387	G	T	0.680802	1	9.6188	1.9E-03	-0.0180929	0.00596941	9.18654	2.4E-03	9.82908	1.7E-03
rs7831332	8	19585227	0.468479	T	C	0.31183	0.991435	17.0203	3.7E-05	0.0248222	0.00603633	16.9096	3.9E-05	15.9424	6.5E-05
rs7011846	8	19785656	0.472099	G	A	0.973938	0.953458	93.8865	3.3E-22	-0.17688	0.0180067	96.4911	9.0E-23	93.189	4.8E-22
rs12545984	8	19847259	0.472763	C	T	0.832629	0.998221	38.0011	7.1E-10	0.0451164	0.00748516	36.33	1.7E-09	37.2388	1.0E-09
rs7815496	8	38321607	0.69461	C	T	0.597431	0.996532	6.37599	1.2E-02	-0.0140151	0.00568047	6.08729	1.4E-02	7.25213	7.1E-03
rs12543555	8	69562014	0.90375	A	G	0.792127	0.98465	0.235245	6.3E-01	-0.0025886	0.0069044	0.140566	7.1E-01	0.00557567	9.4E-01
rs28568866	8	72353630	0.949663	G	A	0.969859	0.939217	1.69257	1.9E-01	-0.0227699	0.0168383	1.82862	1.8E-01	2.25747	1.3E-01
rs146492163	8	72386394	0.950025	G	T	0.96946	0.960969	16.3006	5.4E-05	-0.0670816	0.0165542	16.4207	5.1E-05	14.4322	1.5E-04
rs1895674	8	72443246	0.950276	T	G	0.946831	0.990629	0.198236	6.6E-01	0.00542827	0.0124468	0.190197	6.6E-01	0.121703	7.3E-01
rs4147332	8	89280863	1.08332	G	C	0.323111	0.995784	0.873691	3.5E-01	-0.00524439	0.00596672	0.772535	3.8E-01	0.59145	4.4E-01
rs144435165	8	126419938	1.45107	G	C	0.944194	0.785853	37.8656	7.6E-10	-0.0860936	0.0136777	39.6202	3.1E-10	39.2595	3.7E-10
rs2954018	8	126477153	1.45319	C	T	0.298303	0.998357	88.3355	5.5E-21	0.059542	0.0060976	95.3517	1.6E-22	104.302	1.7E-24
rs6991761	8	128274518	1.48941	C	T	0.844226	0.993607	0.0121298	9.1E-01	0.00173724	0.00769686	0.0509439	8.2E-01	0.0250769	8.7E-01
rs2467030	8	135665361	1.60637	A	G	0.339711	0.997044	0.512268	4.7E-01	0.00416778	0.00590933	0.497431	4.8E-01	0.390434	5.3E-01
rs12340775	9	13226945	0.282033	G	A	0.944664	0.940298	1.01118	3.1E-01	0.0148774	0.0125787	1.39889	2.4E-01	1.54426	2.1E-01
rs73650963	9	93943033	1.11642	T	C	0.892489	0.990174	2.14025	1.4E-01	-0.012234	0.00901906	1.84	1.7E-01	1.66159	2.0E-01
rs2131919	9	95283887	1.12689	A	G	0.83667	0.999136	6.87141	8.8E-03	-0.019749	0.00757871	6.79047	9.2E-03	5.69214	1.7E-02
rs1572136	9	101740604	1.18729	G	C	0.724977	0.989514	7.39347	6.5E-03	0.0168008	0.00629566	7.12162	7.6E-03	7.51103	6.1E-03
rs12686004	9	107653426	1.24316	G	A	0.884341	1	0.0527531	8.2E-01	0.00200283	0.00872928	0.0526419	8.2E-01	0.300152	5.8E-01
rs10991414	9	107685589	1.24582	T	C	0.861068	0.989408	4.52013	3.3E-02	-0.0177321	0.00813747	4.74835	2.9E-02	4.06212	4.4E-02
rs111479443	9	107874316	1.24936	T	G	0.963776	0.9746	0.00630506	9.4E-01	0.00223969	0.0151504	0.0218537	8.8E-01	0.0939647	7.6E-01
rs7048735	9	112529695	1.31375	A	G	0.239526	0.976202	2.01677	1.6E-01	-0.0101146	0.00661981	2.33455	1.3E-01	2.26901	1.3E-01
rs1002607	9	113858933	1.33848	T	C	0.40707	0.988428	0.810286	3.7E-01	0.00429245	0.00572775	0.561621	4.5E-01	0.727679	3.9E-01
rs13298297	9	119264108	1.4204	G	A	0.769275	0.989359	0.0347313	8.5E-01	-0.000261803	0.00668509	0.00153368	9.7E-01	0.00713415	9.3E-01
rs6478851	9	131561110	1.55426	G	A	0.758733	1	3.45049	6.3E-02	-0.0136173	0.00654107	4.33395	3.7E-02	3.98176	4.6E-02
rs2519093	9	136141870	1.66208	C	T	0.816616	0.999448	0.723607	3.9E-01	0.00711715	0.00720661	0.975325	3.2E-01	0.757055	3.8E-01
rs60980157	9	139235415	1.78278	C	T	0.757489	0.966704	1.95068	1.6E-01	-0.00889459	0.00660823	1.81168	1.8E-01	1.5629	2.1E-01
rs7072195	10	3540748	0.0738836	T	C	0.417524	0.993244	0.0632614	8.0E-01	-0.00103882	0.00568325	0.033411	8.5E-01	0.0054283	9.4E-01
rs11592754	10	32619572	0.605452	A	C	0.856559	0.998356	0.0602021	8.1E-01	-0.00070523	0.00796602	0.00783753	9.3E-01	0.124347	7.2E-01
rs2247396	10	33489192	0.60946	G	A	0.603662	0.99818	0.284057	5.9E-01	0.00303958	0.00569255	0.285111	5.9E-01	0.0980144	7.5E-01
rs4341488	10	60452745	0.822202	G	A	0.188405	0.998867	1.08921	3.0E-01	0.00692639	0.00713738	0.941752	3.3E-01	0.988199	3.2E-01
rs17287962	10	63770969	0.858439	A	G	0.970068	0.979005	3.22648	7.2E-02	-0.029287	0.0165539	3.13001	7.7E-02	4.23469	4.0E-02
rs4746855	10	64822828	0.870307	G	A	0.596714	1	22.8818	1.7E-06	0.0265589	0.00570554	21.6684	3.2E-06	23.9889	9.7E-07
rs10762666	10	77157489	1.00522	A	G	0.241989	0.984822	0.757185	3.8E-01	0.00344661	0.00654297	0.277482	6.0E-01	0.0966461	7.6E-01
rs10887758	10	89603315	1.15934	T	C	0.784607	0.990793	3.4746	6.2E-02	-0.0132641	0.0068368	3.76397	5.2E-02	3.86631	4.9E-02
rs141490680	10	95280981	1.22085	G	A	0.866803	0.998279	21.3137	3.9E-06	-0.0377297	0.0082131	21.1034	4.4E-06	18.8563	1.4E-05
rs7342070	10	104223628	1.30538	T	C	0.455127	1	2.75378	9.7E-02	-0.0103953	0.00560305	3.44214	6.4E-02	3.78393	5.2E-02
rs7917983	10	114732882	1.3977	T	C	0.532013	1	1.87074	1.7E-01	-0.00837447	0.00559833	2.23768	1.3E-01	3.25854	7.1E-02
rs242956	10	119297479	1.46386	C	T	0.362576	0.990585	0.660478	4.2E-01	0.00327573	0.00582229	0.31654	5.7E-01	0.04114	8.4E-01
rs7104929	11	784340	0.0108006	C	G	0.530558	0.997422	0.131076	7.2E-01	-0.000442276	0.0056125	0.00620974	9.4E-01	0.00880062	9.3E-01
rs7932891	11	10921512	0.210707	A	G	0.294517	0.99931	5.94818	1.5E-02	0.013616	0.00611665	4.95536	2.6E-02	4.61945	3.2E-02
rs11607537	11	14224166	0.277204	C	T	0.941072	0.981717	16.4226	5.1E-05	0.0495694	0.011967	17.1575	3.4E-05	19.0494	1.3E-05
rs79634051	11	14561945	0.278112	G	C	0.97174	1	7.49001	6.2E-03	0.0498738	0.0167846	8.82924	3.0E-03	7.45616	6.3E-03
rs3114693	11	26127790	0.452397	A	T	0.617593	0.997848	2.25027	1.3E-01	0.00909115	0.00574911	2.50055	1.1E-01	3.17568	7.5E-02
rs56386213	11	36291554	0.562467	A	G	0.595018	1	0.432184	5.1E-01	0.00580122	0.00565212	1.05345	3.0E-01	1.57308	2.1E-01
rs198457	11	61471678	0.70287	C	T	0.812318	0.983863	12.7977	3.5E-04	0.0250981	0.00719479	12.1687	4.9E-04	11.2969	7.8E-04
rs143580468	11	62492885	0.714749	T	G	0.959967	0.928525	0.042747	8.4E-01	0.00235388	0.0147425	0.0254933	8.7E-01	0.0238096	8.8E-01
rs7933551	11	63852949	0.730486	T	G	0.960057	0.986418	17.6436	2.7E-05	-0.0588247	0.0143196	16.8755	4.0E-05	16.7361	4.3E-05
rs4297487	11	69229628	0.763225	A	G	0.324796	0.994186	0.764524	3.8E-01	-0.00359846	0.00597523	0.362681	5.5E-01	0.817613	3.7E-01
rs575976	11	75437630	0.831823	A	G	0.815493	0.991992	13.5257	2.4E-04	-0.026837	0.00723101	13.7743	2.1E-04	13.6859	2.2E-04
rs28690953	11	111384426	1.18701	T	G	0.852988	1	2.8908	8.9E-02	-0.0152606	0.00788663	3.74423	5.3E-02	4.13421	4.2E-02
rs747249	11	130271647	1.49781	A	G	0.360849	0.986641	0.0296618	8.6E-01	-0.00212791	0.0058542	0.132121	7.2E-01	0.00312536	9.6E-01
rs11045172	12	20470221	0.37098	A	C	0.802205	0.989276	22.4269	2.2E-06	0.0355057	0.00704483	25.4013	4.7E-07	23.7168	1.1E-06
rs7977928	12	26265632	0.457285	G	A	0.408615	1	0.077212	7.8E-01	-0.00283344	0.00566601	0.250076	6.2E-01	0.720188	4.0E-01
rs2343874	12	26409450	0.459085	G	A	0.53283	0.98214	1.06543	3.0E-01	-0.00487176	0.00563971	0.746203	3.9E-01	0.492359	4.8E-01
rs16931815	12	27427917	0.469712	A	G	0.872673	0.996695	1.84962	1.7E-01	-0.010326	0.00840398	1.50973	2.2E-01	1.30027	2.5E-01
rs7310959	12	45968598	0.59006	G	A	0.897555	1	16.7851	4.2E-05	-0.0380983	0.00922388	17.0602	3.6E-05	16.8361	4.1E-05
rs75824359	12	54320490	0.68262	A	G	0.970266	0.973341	0.751445	3.9E-01	0.0157908	0.0166507	0.899381	3.4E-01	1.65121	2.0E-01
rs10878362	12	66417493	0.793832	C	A	0.687723	0.991565	0.015033	9.0E-01	0.00014329	0.00603346	0.000564028	9.8E-01	0.21056	6.5E-01
rs10745659	12	94092690	1.0816	C	G	0.553308	0.994516	1.45843	2.3E-01	-0.0056782	0.00564787	1.01077	3.1E-01	1.01246	3.1E-01
rs10778495	12	106991545	1.2616	A	G	0.720919	0.990603	8.84321	2.9E-03	-0.0192302	0.00622915	9.5304	2.0E-03	11.4939	7.0E-04
rs189392453	12	122381427	1.46398	C	A	0.929828	0.926987	5.82554	1.6E-02	-0.0260533	0.0113548	5.26462	2.2E-02	5.29064	2.1E-02
rs12366339	12	122854616	1.46723	G	A	0.9894	0.907552	2.69017	1.0E-01	-0.0506648	0.0286504	3.12717	7.7E-02	4.45701	3.5E-02
rs147433011	12	123162845	1.46972	T	C	0.989135	0.898372	2.94553	8.6E-02	0.0442117	0.0284651	2.4124	1.2E-01	2.07684	1.5E-01
rs116950578	12	123188577	1.46982	C	T	0.967055	1	11.9853	5.4E-04	0.0562292	0.0156049	12.9838	3.1E-04	12.6032	3.9E-04
rs140689322	12	123375732	1.4703	G	A	0.973654	0.966101	0.858118	3.5E-01	0.0172133	0.0177246	0.943146	3.3E-01	1.37746	2.4E-01
rs28722199	12	123989436	1.47618	A	G	0.954286	0.931304	3.19281	7.4E-02	-0.0250813	0.0138447	3.28195	7.0E-02	3.13323	7.7E-02
rs12582221	12	125323240	1.49972	G	A	0.572176	1	4.74701	2.9E-02	0.0126706	0.00563616	5.05388	2.5E-02	5.2277	2.2E-02
rs7993238	13	22473593	0.0544542	A	C	0.631395	0.976757	0.343541	5.6E-01	-0.00428905	0.00586743	0.534351	4.6E-01	0.953864	3.3E-01
rs10507524	13	44684600	0.468128	T	C	0.907237	0.994143	0.362847	5.5E-01	-0.00608476	0.00968221	0.394947	5.3E-01	0.406778	5.2E-01
rs12872335	13	50442235	0.536587	G	A	0.792188	0.994746	0.0353098	8.5E-01	-0.000812406	0.00690704	0.0138345	9.1E-01	0.0897245	7.6E-01
rs61964388	13	51061980	0.539297	G	A	0.904117	0.961186	2.21025	1.4E-01	-0.0155379	0.00966285	2.58569	1.1E-01	2.07133	1.5E-01
rs627527	13	110915135	1.21483	G	A	0.418925	0.983958	2.9674	8.5E-02	0.00955668	0.00570281	2.80825	9.4E-02	1.75644	1.9E-01
rs1057119	14	23746269	0.116581	C	G	0.76153	1	0.885549	3.5E-01	0.00778635	0.00652953	1.42202	2.3E-01	1.54814	2.1E-01
rs140664623	14	52321987	0.459221	G	T	0.976323	0.975931	2.64788	1.0E-01	0.0342746	0.0185275	3.42225	6.4E-02	5.33216	2.1E-02
rs2145600	14	58750902	0.537897	C	G	0.237608	0.992449	7.19576	7.3E-03	0.0177428	0.00657415	7.28392	7.0E-03	8.33557	3.9E-03
rs6575165	14	91352234	0.881721	G	A	0.76556	0.994744	1.78937	1.8E-01	-0.00850222	0.00659791	1.66055	2.0E-01	2.39649	1.2E-01
rs10130936	14	98342676	1.02712	C	T	0.37676	0.985923	2.1475	1.4E-01	-0.00759049	0.00580891	1.70746	1.9E-01	2.1402	1.4E-01
rs4779523	15	31679470	0.452779	T	A	0.728098	0.995337	0.938619	3.3E-01	-0.00795482	0.00630518	1.59172	2.1E-01	1.35744	2.4E-01
rs28647196	15	40833379	0.629227	C	T	0.564205	0.997093	8.0785	4.5E-03	-0.0164104	0.00565169	8.43104	3.7E-03	8.81147	3.0E-03
rs11630710	15	56364758	0.756318	G	T	0.893172	0.979091	4.76246	2.9E-02	-0.0179539	0.00916295	3.83924	5.0E-02	2.77613	9.6E-02
rs17184382	15	63792486	0.876626	A	C	0.574619	1	9.63181	1.9E-03	0.0186234	0.00565046	10.863	9.8E-04	9.32332	2.3E-03
rs2165241	15	74222202	0.994735	T	C	0.491224	0.994517	0.0641041	8.0E-01	-0.00079599	0.00558121	0.0203403	8.9E-01	0.000351832	9.9E-01
rs12905116	15	79042734	1.02295	T	A	0.242831	0.998559	0.00363559	9.5E-01	0.00178027	0.00648868	0.0752769	7.8E-01	0.0850939	7.7E-01
rs2401948	16	1340854	0.0338191	G	C	0.470436	0.984992	1.20118	2.7E-01	-0.00672376	0.00562922	1.42669	2.3E-01	1.46629	2.3E-01
rs3747577	16	4415696	0.082586	C	G	0.259467	0.988145	0.463486	5.0E-01	0.00501912	0.00640627	0.613826	4.3E-01	1.25926	2.6E-01
rs6498114	16	10964118	0.259065	G	T	0.240585	0.980902	0.375168	5.4E-01	0.00482293	0.0065938	0.534997	4.6E-01	0.407148	5.2E-01
rs4985128	16	15072433	0.321147	C	T	0.75033	0.816329	10.2681	1.4E-03	-0.0242475	0.00713377	11.5531	6.8E-04	9.53808	2.0E-03
rs2192868	16	53428284	0.643286	G	A	0.551203	0.983829	1.76469	1.8E-01	-0.00622094	0.00566067	1.20775	2.7E-01	1.79819	1.8E-01
rs72786786	16	56985514	0.729988	G	A	0.688624	0.963543	427.643	5.3E-95	0.128087	0.00613014	436.583	6.0E-97	456.176	3.3E-101
rs116975210	16	67058614	0.849502	T	G	0.960603	0.993544	0.812164	3.7E-01	0.0117081	0.014385	0.662452	4.2E-01	0.659887	4.2E-01
rs2056876	16	78864296	0.975993	T	G	0.815684	0.95437	4.50894	3.4E-02	0.0161843	0.00734954	4.84919	2.8E-02	4.42649	3.5E-02
rs9926618	16	81484570	1.04509	T	A	0.39429	0.97289	28.3238	1.0E-07	0.0313815	0.00578604	29.4161	5.8E-08	28.1206	1.1E-07
rs66710707	16	81528621	1.0457	A	G	0.719577	0.992374	19.5035	1.0E-05	0.0269466	0.00623154	18.6989	1.5E-05	19.4356	1.0E-05
rs116911572	17	943593	0.0364958	T	C	0.982069	1	0.132841	7.2E-01	0.00960269	0.0210718	0.207673	6.5E-01	3.7215e-05	1.0E+00
rs4151120	17	7342148	0.196018	T	A	0.629178	0.991461	0.214764	6.4E-01	0.00310633	0.00580685	0.286163	5.9E-01	0.573935	4.5E-01
rs1561	17	8263334	0.209036	C	T	0.928268	0.930811	0.132565	7.2E-01	-0.000651311	0.0111941	0.00338529	9.5E-01	0.124077	7.2E-01
rs1242488	17	17347995	0.443205	C	A	0.250473	0.994678	1.27538	2.6E-01	0.00592633	0.00644421	0.845733	3.6E-01	0.374059	5.4E-01
rs897456	17	17422608	0.444631	A	G	0.942018	1	22.2007	2.5E-06	-0.0604121	0.0119629	25.5021	4.4E-07	27.5513	1.5E-07
rs11651639	17	27672320	0.49569	A	T	0.483934	0.999433	1.14213	2.9E-01	-0.00584739	0.00558442	1.0964	3.0E-01	1.71526	1.9E-01
rs55883500	17	40395267	0.664304	T	G	0.691334	0.998762	3.53718	6.0E-02	-0.0118777	0.00604222	3.86431	4.9E-02	5.47026	1.9E-02
rs2242461	17	40861424	0.665935	G	A	0.405713	1	0.797009	3.7E-01	0.00650053	0.00568355	1.30815	2.5E-01	1.77228	1.8E-01
rs76868109	17	41776943	0.672597	A	C	0.966259	1	50.0165	1.5E-12	-0.110174	0.0154264	51.0071	9.2E-13	54.3763	1.7E-13
rs62053943	17	43744203	0.688226	C	T	0.845555	0.975028	2.55636	1.1E-01	-0.0134861	0.007837	2.96123	8.5E-02	3.33187	6.8E-02
rs6504972	17	53601168	0.790946	G	A	0.654059	0.990391	0.306829	5.8E-01	0.00313272	0.00591767	0.280247	6.0E-01	0.323318	5.7E-01
rs9892365	17	59491384	0.871045	A	G	0.330387	0.996856	0.581234	4.5E-01	-0.00402027	0.00594351	0.457536	5.0E-01	0.371421	5.4E-01
rs146385050	17	60637258	0.881108	C	A	0.819308	0.982238	2.97388	8.5E-02	0.0129846	0.00731382	3.15189	7.6E-02	3.27275	7.0E-02
rs1966327	17	67570113	0.971768	A	G	0.320402	0.997202	1.00378	3.2E-01	-0.00474241	0.00598389	0.628103	4.3E-01	0.478733	4.9E-01
rs9896666	17	68226321	0.98162	C	T	0.675868	0.994992	0.87177	3.5E-01	0.00695038	0.00597352	1.35381	2.4E-01	1.10641	2.9E-01
rs3810068	18	2846499	0.0738566	T	C	0.595452	1	11.3824	7.4E-04	0.0159786	0.00567704	7.92196	4.9E-03	8.97201	2.7E-03
rs4800451	18	20716805	0.429195	C	T	0.259966	0.984274	1.36751	2.4E-01	-0.00913404	0.00642849	2.01887	1.6E-01	2.39063	1.2E-01
rs1026186	18	42741410	0.625015	G	A	0.64681	0.995626	4.2784	3.9E-02	0.012625	0.00585628	4.64751	3.1E-02	4.15503	4.2E-02
rs8086644	18	60788559	0.864537	G	A	0.834201	0.988925	0.683648	4.1E-01	0.00536014	0.00754259	0.505024	4.8E-01	0.488306	4.8E-01
rs12979965	19	2131148	0.0753026	A	G	0.499935	0.991113	0.121569	7.3E-01	-0.000951386	0.00560301	0.0288318	8.7E-01	0.0145575	9.0E-01
rs10421685	19	4488926	0.151356	G	A	0.311293	0.998169	0.1251	7.2E-01	0.00134555	0.00604015	0.0496254	8.2E-01	0.0426947	8.4E-01
rs10421685	19	4488926	0.151356	G	C	0.973386	0.548756	4.38021	3.6E-02	-0.0560119	0.0233979	5.73071	1.7E-02	5.30527	2.1E-02
rs35555265	19	17152232	0.420672	C	T	0.803227	0.993265	6.96721	8.3E-03	0.0188511	0.00703431	7.18179	7.4E-03	5.91358	1.5E-02
rs72999466	19	18248499	0.447893	C	T	0.742123	0.99893	0.343358	5.6E-01	-0.00214639	0.00637933	0.113206	7.4E-01	0.0647441	8.0E-01
rs1423056	19	33780444	0.560699	G	A	0.681795	0.903762	0.073587	7.9E-01	-0.00165446	0.00631395	0.0686613	7.9E-01	0.232526	6.3E-01
rs113504807	19	33787954	0.561506	C	T	0.951238	0.934153	0.500631	4.8E-01	-0.00868309	0.0133849	0.420842	5.2E-01	0.198692	6.6E-01
rs11672697	19	33876955	0.562267	C	T	0.494053	0.99299	3.68726	5.5E-02	0.0116052	0.00560738	4.28337	3.8E-02	4.18549	4.1E-02
rs62116588	19	44446097	0.68736	C	G	0.976805	0.933368	4.65389	3.1E-02	-0.0373084	0.0192312	3.76357	5.2E-02	3.52319	6.1E-02
rs142751148	19	45100982	0.69683	G	T	0.973358	0.950645	6.16561	1.3E-02	-0.0411119	0.0177558	5.36111	2.1E-02	7.79023	5.3E-03
rs73048351	19	45160086	0.697689	C	A	0.989712	0.91554	3.16661	7.5E-02	-0.0456535	0.028993	2.47948	1.2E-01	3.16253	7.5E-02
rs140824606	19	45311084	0.70382	G	A	0.974928	0.867871	0.0707506	7.9E-01	-0.00589616	0.0191328	0.0949693	7.6E-01	0.00340882	9.5E-01
rs2075649	19	45395330	0.707004	A	G	0.611354	0.998574	0.20296	6.5E-01	-0.00200926	0.00574429	0.122349	7.3E-01	5.68354e-05	9.9E-01
rs146390218	19	45478352	0.709104	A	G	0.973731	0.966351	5.63613	1.8E-02	-0.0417486	0.0177571	5.52765	1.9E-02	3.90821	4.8E-02
rs181765708	19	45880690	0.715179	C	T	0.983746	0.92116	12.6692	3.7E-04	-0.0784176	0.0229699	11.6549	6.4E-04	11.5944	6.6E-04
rs2864436	19	55986637	0.996315	T	C	0.754674	1	4.24535	3.9E-02	-0.0141525	0.00646999	4.78472	2.9E-02	3.51329	6.1E-02
rs151235402	20	569164	0.0196907	C	T	0.984757	0.956324	8.8828	2.9E-03	-0.0685782	0.0234385	8.56077	3.4E-03	10.4245	1.2E-03
rs805769	20	5667459	0.191037	T	C	0.595306	0.99253	0.212877	6.4E-01	-0.0030295	0.00571102	0.281394	6.0E-01	0.343613	5.6E-01
rs6117303	20	6487687	0.213838	T	C	0.34849	0.989053	0.691331	4.1E-01	0.00633905	0.00588742	1.15931	2.8E-01	0.758541	3.8E-01
rs146411982	20	38985760	0.586515	A	G	0.97517	0.885893	3.93137	4.7E-02	-0.0395806	0.0190329	4.32467	3.8E-02	5.14679	2.3E-02
rs1997833	20	39690342	0.597551	T	C	0.700507	0.998963	4.88127	2.7E-02	-0.0136051	0.00607488	5.01567	2.5E-02	4.34678	3.7E-02
rs62215621	20	44761854	0.672544	C	T	0.849094	0.999576	14.2067	1.6E-04	-0.0292104	0.00780728	13.9983	1.8E-04	12.9857	3.1E-04
rs2105063	20	62690683	1.09651	C	T	0.438811	1	3.47205	6.2E-02	0.0102577	0.00563476	3.31401	6.9E-02	4.0342	4.5E-02
rs4998557	21	33034892	0.322704	G	A	0.887631	0.995909	4.73732	3.0E-02	-0.0165592	0.00887156	3.484	6.2E-02	3.16969	7.5E-02
rs2836139	21	39451403	0.432375	A	G	0.514897	0.9942	0.228973	6.3E-01	0.00108726	0.00562735	0.03733	8.5E-01	0.104594	7.5E-01
rs2330396	21	47524380	0.643685	A	C	0.492654	0.996498	2.09225	1.5E-01	-0.00904444	0.00557866	2.62848	1.0E-01	2.6189	1.1E-01
rs2236142	22	29137944	0.338659	G	C	0.32476	0.994367	0.21723	6.4E-01	-0.00477013	0.00597185	0.63803	4.2E-01	0.719671	4.0E-01
rs5997898	22	31572963	0.355537	A	C	0.421356	0.998342	3.42726	6.4E-02	-0.0113298	0.00566152	4.00479	4.5E-02	4.2629	3.9E-02
