rs28788874	1	1520725	0.0141684	C	T	0.584735	0.768295	0.212565	6.4E-01	0.0034412	0.00648913	0.28122	6.0E-01	0.211002	6.5E-01
rs75460349	1	27180088	0.501718	A	C	0.976332	0.967852	30.3627	3.6E-08	-0.103184	0.0188104	30.0903	4.1E-08	32.1357	1.4E-08
rs72634501	1	39551488	0.669558	T	C	0.760747	0.973003	6.78151	9.2E-03	-0.0168825	0.00669594	6.35699	1.2E-02	6.92767	8.5E-03
rs7545034	1	47659445	0.739124	T	C	0.495311	0.986554	5.66495e-05	9.9E-01	-0.000384541	0.00567775	0.00458702	9.5E-01	0.319843	5.7E-01
rs7553454	1	49231261	0.759781	T	C	0.774904	0.984417	0.0121434	9.1E-01	-0.00079067	0.00677848	0.0136058	9.1E-01	0.0223301	8.8E-01
rs12117661	1	55487346	0.808955	C	G	0.755046	0.987273	47.7876	4.7E-12	0.0465992	0.00660858	49.721	1.8E-12	51.7159	6.4E-13
rs2422134	1	72514701	1.03261	G	C	0.494392	0.995097	0.526571	4.7E-01	0.00299322	0.00564144	0.281511	6.0E-01	0.530859	4.7E-01
rs6690871	1	74977277	1.04309	A	G	0.592502	0.986356	0.534146	4.6E-01	0.00384742	0.00577472	0.443892	5.1E-01	0.479692	4.9E-01
rs2247536	1	77919438	1.07305	G	C	0.734406	0.984022	0.393666	5.3E-01	0.00532526	0.0064392	0.68394	4.1E-01	0.146606	7.0E-01
rs1536023	1	96882019	1.26526	C	A	0.779556	0.988892	0.168602	6.8E-01	0.00262919	0.00684146	0.147689	7.0E-01	0.145892	7.0E-01
rs10747488	1	98299475	1.27829	C	A	0.231417	0.993887	0.728322	3.9E-01	0.00647945	0.00671474	0.931145	3.3E-01	1.16765	2.8E-01
rs920835	1	107946802	1.36667	G	A	0.707486	0.968585	0.255902	6.1E-01	0.00359338	0.00630197	0.325128	5.7E-01	0.225588	6.3E-01
rs35389458	1	109603693	1.38368	T	A	0.864073	0.969843	30.3074	3.7E-08	0.0455995	0.00831904	30.0451	4.2E-08	26.699	2.4E-07
rs4357530	1	151103153	1.65977	G	A	0.321207	0.991504	1.7396	1.9E-01	-0.00809609	0.00606382	1.78262	1.8E-01	1.56481	2.1E-01
rs148261599	1	155253286	1.69959	C	G	0.796018	0.939661	0.166565	6.8E-01	0.00315448	0.00719393	0.192275	6.6E-01	0.199483	6.6E-01
rs12565430	1	174400537	1.95129	G	A	0.890495	0.989663	5.97195	1.5E-02	-0.0208912	0.0090479	5.33125	2.1E-02	4.77118	2.9E-02
rs10913418	1	177755299	1.98687	C	A	0.596511	0.989574	0.0127841	9.1E-01	-0.000488624	0.00577544	0.00715778	9.3E-01	7.75896e-05	9.9E-01
rs1359940	1	177848153	1.98809	T	C	0.542981	0.978287	1.08687	3.0E-01	-0.00532867	0.00572319	0.866884	3.5E-01	0.413082	5.2E-01
rs9425633	1	184657251	2.05452	T	C	0.517837	0.997773	0.572005	4.5E-01	-0.00464146	0.00563949	0.677376	4.1E-01	1.42323	2.3E-01
rs10801363	1	194922207	2.13186	T	A	0.632532	0.99595	4.9121	2.7E-02	-0.0118228	0.00585166	4.08206	4.3E-02	4.68426	3.0E-02
rs2494116	1	201784151	2.19723	G	A	0.451622	0.998902	0.213246	6.4E-01	-0.00293782	0.00565581	0.269813	6.0E-01	0.305102	5.8E-01
rs4631704	1	230293530	2.53595	C	T	0.39136	0.985874	44.7914	2.2E-11	0.0400817	0.00580983	47.5954	5.2E-12	52.8434	3.6E-13
rs12042959	1	243533273	2.82744	A	G	0.856757	0.985729	0.154359	6.9E-01	0.00285776	0.00808364	0.124979	7.2E-01	0.0255348	8.7E-01
rs6548228	2	345889	0.00380575	T	C	0.476197	0.997111	0.0711262	7.9E-01	-0.00114332	0.00564637	0.0410012	8.4E-01	0.103937	7.5E-01
rs2667214	2	449487	0.00560823	A	G	0.676488	0.984343	1.37436	2.4E-01	-0.0072367	0.00607648	1.41833	2.3E-01	1.00094	3.2E-01
rs10176391	2	574368	0.00678655	C	G	0.988537	0.920209	3.43666	6.4E-02	0.0515894	0.0275589	3.50427	6.1E-02	4.2277	4.0E-02
rs11679386	2	20985414	0.417441	T	C	0.854201	0.978267	29.4373	5.8E-08	-0.0441716	0.00806778	29.9763	4.4E-08	27.7211	1.4E-07
rs10188503	2	21134040	0.419583	C	A	0.776191	0.990959	51.9567	5.7E-13	-0.0496845	0.00677374	53.8003	2.2E-13	57.6713	3.1E-14
rs75971153	2	24689143	0.455958	T	C	0.805299	0.974205	1.11542	2.9E-01	-0.00685054	0.00720517	0.903985	3.4E-01	0.590266	4.4E-01
rs10048652	2	35449306	0.577825	T	C	0.438309	0.999392	1.86208	1.7E-01	0.00652986	0.00568649	1.31862	2.5E-01	1.20545	2.7E-01
rs56266464	2	44054991	0.686489	G	A	0.939556	0.986548	50.9771	9.3E-13	0.0883105	0.0119147	54.9358	1.2E-13	55.4338	9.7E-14
rs698838	2	44738763	0.693339	C	T	0.374359	1	7.31091	6.9E-03	-0.0151767	0.00582336	6.79216	9.2E-03	5.63088	1.8E-02
rs3198123	2	55207693	0.827446	C	T	0.698625	0.993954	0.0756363	7.8E-01	-0.00104076	0.00616491	0.0285002	8.7E-01	0.246299	6.2E-01
rs13032423	2	57992112	0.847237	G	A	0.445418	0.996747	5.42218	2.0E-02	-0.0131003	0.00568502	5.31007	2.1E-02	4.85084	2.8E-02
rs55767040	2	58955028	0.850031	T	C	0.699424	0.989049	0.00339525	9.5E-01	0.000137952	0.00619172	0.0004964	9.8E-01	0.0150986	9.0E-01
rs980183	2	59311536	0.858192	G	A	0.398003	0.996406	0.435801	5.1E-01	0.00369474	0.00576214	0.411151	5.2E-01	0.129321	7.2E-01
rs7557796	2	86766153	1.16162	T	C	0.352323	0.999778	1.69356	1.9E-01	0.00898123	0.00589955	2.31758	1.3E-01	1.72341	1.9E-01
rs13023088	2	100576304	1.22131	C	T	0.849851	0.99385	2.00804	1.6E-01	-0.012079	0.00789676	2.33973	1.3E-01	2.02496	1.5E-01
rs9308868	2	104361420	1.24985	G	A	0.475644	0.997977	1.5182	2.2E-01	0.00764378	0.00565379	1.82784	1.8E-01	1.37868	2.4E-01
rs1349512	2	105435369	1.26243	T	C	0.689911	0.999103	0.57081	4.5E-01	0.00477211	0.00608305	0.61543	4.3E-01	0.094226	7.6E-01
rs1530559	2	135755629	1.58463	A	G	0.600693	1	5.41788e-06	1.0E+00	0.000240119	0.00570421	0.00177199	9.7E-01	0.0145211	9.0E-01
rs2034604	2	143958745	1.64938	C	T	0.463349	0.997459	0.0099751	9.2E-01	0.000405988	0.0056581	0.00514855	9.4E-01	0.000101876	9.9E-01
rs12692596	2	161265910	1.78694	C	T	0.629192	0.996301	1.67614	2.0E-01	0.00749318	0.00581716	1.65924	2.0E-01	1.4398	2.3E-01
rs12328675	2	165540800	1.81492	T	C	0.879644	0.99881	19.6054	9.5E-06	0.0371243	0.008643	18.4497	1.7E-05	13.9796	1.8E-04
rs6745626	2	181436641	2.00364	C	T	0.408617	0.996845	0.75606	3.8E-01	0.00437994	0.00573789	0.582684	4.5E-01	0.680672	4.1E-01
rs6743255	2	205363596	2.17314	A	G	0.119725	1	1.23037	2.7E-01	0.0107467	0.00865963	1.54012	2.1E-01	1.05936	3.0E-01
rs13000757	2	207145906	2.20108	G	T	0.495484	0.995817	0.297571	5.9E-01	0.00175897	0.00565507	0.0967477	7.6E-01	4.63902e-07	1.0E+00
rs11692326	2	208263279	2.21189	C	T	0.770028	0.999964	0.402446	5.3E-01	0.00337317	0.00667902	0.255065	6.1E-01	0.257573	6.1E-01
rs12611517	2	228977034	2.47863	T	A	0.656814	0.999378	0.000484075	9.8E-01	-0.00066507	0.00593087	0.0125747	9.1E-01	0.000843038	9.8E-01
rs12473885	2	230569590	2.5018	G	T	0.878273	0.993886	0.0330628	8.6E-01	-0.00240335	0.00862158	0.077707	7.8E-01	0.010553	9.2E-01
rs4857943	3	20405255	0.395249	G	A	0.35763	0.983425	34.8526	3.6E-09	0.0336677	0.00593199	32.2125	1.4E-08	30.1843	3.9E-08
rs754635	3	42305131	0.652861	C	G	0.112989	0.99768	1.23729	2.7E-01	-0.0102089	0.00887621	1.32283	2.5E-01	1.68219	1.9E-01
rs72906474	3	47817007	0.688057	G	T	0.417107	0.973948	0.905714	3.4E-01	0.00440309	0.00579496	0.577317	4.5E-01	0.297502	5.9E-01
rs71326904	3	49991060	0.690403	C	T	0.749113	0.999883	1.15654	2.8E-01	-0.00584448	0.00650523	0.807172	3.7E-01	0.850453	3.6E-01
rs1371095	3	61147530	0.807508	A	G	0.581645	0.99157	0.0505901	8.2E-01	-0.00109707	0.00574196	0.0365048	8.5E-01	0.105155	7.5E-01
rs9874646	3	62462818	0.82936	C	T	0.314458	0.963027	2.74897	9.7E-02	-0.0113081	0.00618889	3.33854	6.8E-02	4.41592	3.6E-02
rs7430139	3	82504148	1.08216	A	G	0.834726	1	0.456211	5.0E-01	-0.00544679	0.00760771	0.512595	4.7E-01	1.21288	2.7E-01
rs1248859	3	85017098	1.08828	G	C	0.331024	0.996188	13.5628	2.3E-04	0.0226937	0.00600641	14.2751	1.6E-04	15.9974	6.3E-05
rs9857105	3	93893210	1.10433	A	G	0.459959	0.997124	1.85424	1.7E-01	-0.00803959	0.00567535	2.0067	1.6E-01	1.70029	1.9E-01
rs11917909	3	107864673	1.2019	G	A	0.64971	0.995989	0.295448	5.9E-01	0.00426911	0.00590865	0.522033	4.7E-01	0.364161	5.5E-01
rs2037001	3	131458973	1.44255	C	G	0.708207	0.979412	8.52482	3.5E-03	-0.0167541	0.00626896	7.1425	7.5E-03	6.60164	1.0E-02
rs9827662	3	135710841	1.49347	C	A	0.75398	0.999173	7.92607	4.9E-03	-0.0183044	0.00654124	7.83055	5.1E-03	6.48776	1.1E-02
rs355786	3	153990749	1.684	G	A	0.607502	0.999005	0.0778	7.8E-01	-0.00182627	0.00578938	0.09951	7.5E-01	0.104251	7.5E-01
rs1604038	3	170709193	1.7983	C	T	0.714201	0.999363	0.0838178	7.7E-01	-0.00147774	0.0062308	0.0562482	8.1E-01	0.100063	7.5E-01
rs9867130	3	185729753	2.0208	A	G	0.141676	0.965346	2.58026	1.1E-01	0.0132471	0.00825031	2.5781	1.1E-01	2.91318	8.8E-02
rs11736501	4	18451423	0.339653	A	C	0.680338	0.997158	0.286154	5.9E-01	0.00305472	0.00604488	0.255369	6.1E-01	0.835609	3.6E-01
rs73244271	4	20091053	0.357316	A	G	0.887469	0.995322	0.194675	6.6E-01	-0.00399498	0.00896822	0.198434	6.6E-01	0.258105	6.1E-01
rs6849555	4	25150890	0.433804	G	C	0.799698	0.94032	7.60301	5.8E-03	0.019615	0.00726489	7.28984	6.9E-03	8.48926	3.6E-03
rs4623046	4	45042343	0.679347	G	A	0.33237	0.994028	0.0737459	7.9E-01	0.00222644	0.00599084	0.138116	7.1E-01	0.503	4.8E-01
rs6829208	4	52728640	0.6941	T	C	0.726338	0.99807	4.49531	3.4E-02	-0.0119711	0.00631916	3.58882	5.8E-02	2.34818	1.3E-01
rs6815651	4	55487718	0.714225	C	T	0.450226	0.994486	0.266353	6.1E-01	-0.00293886	0.0056728	0.268388	6.0E-01	0.401737	5.3E-01
rs923994	4	67802992	0.836181	A	G	0.217153	0.992221	5.4116	2.0E-02	0.0167801	0.00684038	6.0177	1.4E-02	4.64559	3.1E-02
rs12645001	4	96018337	1.09763	G	A	0.650874	0.99796	0.752816	3.9E-01	0.0045546	0.0059116	0.593595	4.4E-01	0.427498	5.1E-01
rs13105682	4	102702364	1.15516	T	G	0.941406	0.93989	8.63446	3.3E-03	-0.0363567	0.0123853	8.6169	3.3E-03	9.73273	1.8E-03
rs11728213	4	113309647	1.25168	G	A	0.683684	0.99931	0.797267	3.7E-01	-0.00528901	0.00607213	0.758694	3.8E-01	0.335008	5.6E-01
rs1296328	4	137083193	1.44321	A	C	0.440098	0.99123	3.37803	6.6E-02	-0.00955141	0.00572941	2.77917	9.5E-02	2.87364	9.0E-02
rs4863516	4	140773770	1.49281	T	C	0.672112	0.999318	0.488749	4.8E-01	0.00350892	0.00599996	0.342018	5.6E-01	0.181267	6.7E-01
rs750090	4	152931436	1.59021	T	C	0.646587	0.97605	0.0122615	9.1E-01	-0.001658	0.00593807	0.0779608	7.8E-01	0.124007	7.2E-01
rs13110266	4	162129844	1.69444	G	A	0.582061	0.993805	0.034268	8.5E-01	-0.000761262	0.00572696	0.0176693	8.9E-01	0.160764	6.9E-01
rs4597930	5	27171542	0.425308	T	C	0.71786	0.997265	0.0139841	9.1E-01	-0.000906963	0.00627886	0.020865	8.9E-01	0.0767159	7.8E-01
rs6451675	5	43110855	0.62057	C	G	0.307452	0.990847	0.564835	4.5E-01	0.00492494	0.00612423	0.646694	4.2E-01	0.360548	5.5E-01
rs3843467	5	55856375	0.681472	G	T	0.792691	0.997784	31.7263	1.8E-08	-0.037973	0.00694402	29.9039	4.5E-08	32.696	1.1E-08
rs6449674	5	62995938	0.739824	T	C	0.52251	0.996207	0.0384098	8.4E-01	0.000796448	0.00565044	0.0198678	8.9E-01	0.00462025	9.5E-01
rs4072296	5	74242002	0.858799	T	C	0.46019	0.938263	9.91513	1.6E-03	-0.0187749	0.00583479	10.3539	1.3E-03	12.4009	4.3E-04
rs11740689	5	80841360	0.956164	A	C	0.681749	0.9953	3.57537	5.9E-02	0.0106568	0.0060552	3.09737	7.8E-02	4.37154	3.7E-02
rs77156384	5	87709219	1.01438	A	G	0.979071	1	0.33194	5.6E-01	0.0121649	0.0197106	0.380907	5.4E-01	0.308186	5.8E-01
rs7701355	5	88804839	1.01946	G	T	0.578544	0.999666	0.000297798	9.9E-01	0.000149997	0.00571667	0.000688459	9.8E-01	0.0264608	8.7E-01
rs6885199	5	92574633	1.04879	G	A	0.9622	1	0.0392621	8.4E-01	-0.00271102	0.0147745	0.0336697	8.5E-01	0.0313217	8.6E-01
rs12186664	5	95630225	1.07202	A	T	0.684284	0.993149	2.56558	1.1E-01	-0.00952936	0.00607387	2.46148	1.2E-01	3.67423	5.5E-02
rs1835978	5	107265051	1.15538	T	C	0.111179	0.976322	1.306	2.5E-01	0.0106413	0.00906192	1.37896	2.4E-01	1.76736	1.8E-01
rs459552	5	112176756	1.19663	T	A	0.232844	1	0.750768	3.9E-01	0.0048055	0.00665694	0.521108	4.7E-01	0.155543	6.9E-01
rs329120	5	133861756	1.41589	C	T	0.579716	0.996967	0.426482	5.1E-01	-0.00335482	0.0057231	0.343618	5.6E-01	0.152042	7.0E-01
rs356453	5	139053563	1.4578	G	A	0.669183	0.993285	0.636816	4.2E-01	-0.00457391	0.00600115	0.580908	4.5E-01	0.436697	5.1E-01
rs2190788	5	144484261	1.52142	G	T	0.681254	0.989372	8.37094	3.8E-03	-0.0179606	0.00609936	8.67105	3.2E-03	9.65519	1.9E-03
rs7701886	5	153547409	1.6413	G	A	0.45336	0.99206	0.260355	6.1E-01	-0.00343933	0.00568695	0.365755	5.5E-01	0.0718842	7.9E-01
rs2287894	5	170322919	1.86356	T	A	0.272401	0.998905	0.17136	6.8E-01	0.00276858	0.00633991	0.190698	6.6E-01	0.547466	4.6E-01
rs10947758	6	12093961	0.272682	T	C	0.645937	0.995017	0.278441	6.0E-01	-0.00361519	0.00591676	0.373332	5.4E-01	0.0682406	7.9E-01
rs9357634	6	13192190	0.290983	T	C	0.701576	0.98883	0.0361807	8.5E-01	0.00102744	0.00620034	0.0274587	8.7E-01	0.00222661	9.6E-01
rs3806114	6	20482335	0.408974	G	A	0.330694	0.979566	1.5071	2.2E-01	0.00711045	0.00606196	1.37584	2.4E-01	0.702662	4.0E-01
rs1611320	6	29902373	0.503831	A	G	0.439596	0.926598	31.8892	1.6E-08	0.0326178	0.00587422	30.8325	2.8E-08	26.8948	2.1E-07
rs2260051	6	31591918	0.515519	A	T	0.438115	0.999979	1.23643	2.7E-01	-0.00625691	0.00567287	1.21651	2.7E-01	1.8567	1.7E-01
rs57493997	6	34443523	0.547182	T	C	0.907375	0.988432	2.84662	9.2E-02	-0.0180146	0.00977303	3.39774	6.5E-02	3.59881	5.8E-02
rs35679149	6	43604167	0.672046	A	G	0.973525	1	1.40692	2.4E-01	0.0249131	0.0175794	2.0084	1.6E-01	3.88374	4.9E-02
rs4714925	6	46304194	0.722787	A	G	0.493044	0.998125	0.128142	7.2E-01	0.00161361	0.00564452	0.0817223	7.7E-01	0.000102827	9.9E-01
rs9473821	6	50356035	0.748721	T	C	0.122366	0.995677	5.66821	1.7E-02	-0.0207641	0.00861913	5.80361	1.6E-02	3.98491	4.6E-02
rs1369869	6	83366282	0.934423	C	T	0.558841	0.987317	0.241283	6.2E-01	-0.00233931	0.00571269	0.167685	6.8E-01	0.175552	6.8E-01
rs6905544	6	98411631	1.06235	A	G	0.398807	0.997318	0.267368	6.1E-01	0.00210317	0.00576556	0.133065	7.2E-01	0.0816317	7.8E-01
rs1575676	6	108861264	1.17848	C	T	0.628148	0.997454	0.831257	3.6E-01	0.00653937	0.00582474	1.26043	2.6E-01	1.29305	2.6E-01
rs9387640	6	119508871	1.25792	C	T	0.635398	1	0.0614049	8.0E-01	-0.000516153	0.00586975	0.00773246	9.3E-01	0.0424182	8.4E-01
rs651837	6	139829560	1.50315	A	G	0.408783	1	35.5444	2.5E-09	0.0345438	0.00572937	36.3518	1.6E-09	36.7688	1.3E-09
rs7755574	6	153364643	1.66311	G	T	0.718151	0.997121	0.296352	5.9E-01	0.0050494	0.00630455	0.641463	4.2E-01	0.831249	3.6E-01
rs3777411	6	160476945	1.77086	C	T	0.849523	0.997535	31.6759	1.8E-08	0.0456905	0.00788025	33.6179	6.7E-09	29.9744	4.4E-08
rs13209728	6	162997533	1.81843	A	C	0.861097	0.999607	0.263098	6.1E-01	0.00573684	0.00815673	0.494667	4.8E-01	0.460186	5.0E-01
rs11767176	7	1852823	0.0275939	G	A	0.78849	0.994823	0.199536	6.6E-01	0.00233709	0.00689997	0.114724	7.3E-01	0.279899	6.0E-01
rs4307239	7	24354300	0.415589	A	G	0.540084	0.99283	0.854886	3.6E-01	-0.00490087	0.0056729	0.74634	3.9E-01	0.741245	3.9E-01
rs3807566	7	50564204	0.76671	G	T	0.56098	0.994523	0.0747245	7.8E-01	0.00129831	0.00568576	0.052141	8.2E-01	0.0638735	8.0E-01
rs4718966	7	70040558	0.868636	C	T	0.584999	0.992694	0.109258	7.4E-01	-0.00154384	0.00575398	0.0719896	7.9E-01	0.163389	6.9E-01
rs10950289	7	71429308	0.890251	A	G	0.837402	0.9787	0.159251	6.9E-01	-0.00219524	0.00770907	0.0810888	7.8E-01	0.136012	7.1E-01
rs6964833	7	74101909	0.91305	T	C	0.742216	0.9996	0.0567516	8.1E-01	-0.00152037	0.00645396	0.0554939	8.1E-01	0.1122	7.4E-01
rs7805441	7	78121458	0.952449	C	T	0.496028	0.987826	0.680874	4.1E-01	0.00328178	0.00569242	0.332373	5.6E-01	0.428275	5.1E-01
rs16868443	7	93206264	1.0947	G	C	0.638366	0.996209	0.445096	5.0E-01	0.00448393	0.00586173	0.58515	4.4E-01	0.573608	4.5E-01
rs17155888	7	103416295	1.18694	T	A	0.573633	0.98913	0.290477	5.9E-01	-0.00259552	0.0057321	0.205031	6.5E-01	0.133125	7.2E-01
rs7788008	7	112972483	1.29323	G	A	0.566242	0.997606	2.29652	1.3E-01	0.00833413	0.00568658	2.14792	1.4E-01	2.4882	1.1E-01
rs12705908	7	113422504	1.29936	A	G	0.435782	0.999217	0.0347207	8.5E-01	-0.00156789	0.00568415	0.0760857	7.8E-01	0.00985084	9.2E-01
rs1563408	7	114303189	1.30467	G	A	0.518625	0.9976	0.444322	5.1E-01	0.00250768	0.0056465	0.197235	6.6E-01	0.298638	5.8E-01
rs12154627	7	130422934	1.4017	T	C	0.506907	0.97487	34.5783	4.1E-09	0.0331309	0.00569651	33.8258	6.0E-09	35.8235	2.2E-09
rs2968856	7	150614934	1.67963	T	C	0.750666	0.995794	4.82961	2.8E-02	0.0151492	0.00653549	5.37311	2.0E-02	3.73437	5.3E-02
rs2921077	8	8304502	0.239157	G	A	0.535755	0.992952	0.790002	3.7E-01	-0.00502917	0.00569238	0.780557	3.8E-01	1.03771	3.1E-01
rs2959592	8	17002725	0.407822	T	C	0.81033	0.987439	0.501575	4.8E-01	0.00471721	0.00723576	0.425012	5.1E-01	0.312091	5.8E-01
rs6586871	8	19714106	0.47101	A	T	0.220009	0.967685	32.2687	1.3E-08	-0.0384128	0.00691692	30.8408	2.8E-08	30.4598	3.4E-08
rs1362910	8	30856464	0.645028	A	G	0.419317	0.991461	0.497057	4.8E-01	-0.00516794	0.00571082	0.818916	3.7E-01	0.811013	3.7E-01
rs12681792	8	62054463	0.850895	C	A	0.807401	0.990908	0.590172	4.4E-01	0.0038148	0.00719456	0.281147	6.0E-01	0.563667	4.5E-01
rs7822926	8	64701966	0.867188	A	C	0.529208	0.995395	3.12463	7.7E-02	0.00997776	0.00566377	3.10352	7.8E-02	3.54056	6.0E-02
rs2017657	8	73426371	0.974058	G	T	0.427149	1	3.212	7.3E-02	0.0103583	0.00571481	3.28526	7.0E-02	3.62831	5.7E-02
rs2943611	8	76473939	1.00704	T	C	0.203974	0.993157	0.245578	6.2E-01	-0.00435242	0.00701157	0.385328	5.3E-01	0.289036	5.9E-01
rs9298280	8	77329753	1.00881	T	G	0.287889	0.987301	1.94172	1.6E-01	0.00778852	0.00624807	1.55388	2.1E-01	1.12912	2.9E-01
rs800888	8	116464988	1.31508	T	C	0.544666	0.986524	29.7525	4.9E-08	-0.032038	0.00571128	31.4676	2.0E-08	30.9815	2.6E-08
rs2385114	8	126447308	1.45276	C	T	0.513771	0.979388	30.3999	3.5E-08	-0.0317925	0.00570883	31.0138	2.6E-08	33.2406	8.1E-09
rs10124645	9	11321119	0.255592	A	G	0.589801	0.991792	0.0694733	7.9E-01	-0.000753523	0.0057764	0.0170168	9.0E-01	0.0636426	8.0E-01
rs2457637	9	15533394	0.341722	T	C	0.512743	0.988377	1.47618	2.2E-01	0.00818568	0.00566349	2.08902	1.5E-01	2.78104	9.5E-02
rs6476065	9	28403813	0.542923	C	T	0.423663	0.971482	2.75594	9.7E-02	0.0101589	0.00577481	3.09467	7.9E-02	2.18847	1.4E-01
rs12345603	9	29601893	0.557517	C	T	0.574964	0.971878	0.573355	4.5E-01	0.00468055	0.00578542	0.654523	4.2E-01	0.53941	4.6E-01
rs868980	9	92140852	1.08916	A	G	0.764207	0.992973	0.911001	3.4E-01	-0.00569523	0.00665931	0.731414	3.9E-01	0.903679	3.4E-01
rs7873003	9	96392945	1.13399	T	C	0.320009	0.990354	11.0604	8.8E-04	0.0200677	0.00607083	10.927	9.5E-04	11.7291	6.2E-04
rs1852865	9	102750138	1.19624	C	T	0.434954	0.999839	1.48548	2.2E-01	0.00646308	0.00570249	1.28455	2.6E-01	0.559099	4.5E-01
rs7024334	9	109072075	1.25943	T	G	0.221004	0.999349	0.0127327	9.1E-01	-0.00044042	0.00679019	0.00420699	9.5E-01	0.00200605	9.6E-01
rs1252008	9	120362838	1.43341	T	C	0.568657	0.998833	0.198571	6.6E-01	0.00331914	0.00568241	0.341181	5.6E-01	0.00276061	9.6E-01
rs3829849	9	129390800	1.5324	C	T	0.630889	0.998111	0.0346948	8.5E-01	-0.00023562	0.00584405	0.00162553	9.7E-01	0.201414	6.5E-01
rs10733682	9	129460914	1.5336	A	G	0.474217	0.966242	5.47895	1.9E-02	-0.0133116	0.00571763	5.42036	2.0E-02	3.58883	5.8E-02
rs2267958	9	131015279	1.55043	G	A	0.485563	0.958689	3.86379	4.9E-02	0.0111046	0.00576977	3.70414	5.4E-02	3.58048	5.8E-02
rs10159545	10	21766969	0.466662	C	G	0.649246	0.986543	0.290317	5.9E-01	0.00386941	0.00593734	0.424724	5.1E-01	0.503131	4.8E-01
rs12762034	10	33969931	0.621029	T	C	0.92272	0.998956	1.41144	2.3E-01	-0.0137308	0.0105483	1.69444	1.9E-01	1.47549	2.2E-01
rs4595495	10	53673286	0.748363	A	G	0.58387	0.998015	1.2661	2.6E-01	-0.0069596	0.00574335	1.46838	2.3E-01	2.79678	9.4E-02
rs4746855	10	64822828	0.870307	G	A	0.596714	1	4.30327	3.8E-02	0.0113906	0.0057589	3.91213	4.8E-02	4.70771	3.0E-02
rs12098284	10	76047464	0.999816	C	T	0.877434	0.998637	0.640659	4.2E-01	-0.00739454	0.00860203	0.73896	3.9E-01	0.899999	3.4E-01
rs1249156	10	79979737	1.04291	T	C	0.294183	0.999324	0.0708944	7.9E-01	-0.00185255	0.00619263	0.0894937	7.6E-01	0.0308495	8.6E-01
rs12245654	10	87562928	1.13739	A	C	0.927047	0.984714	0.000952608	9.8E-01	0.000825179	0.0109153	0.00571514	9.4E-01	0.142372	7.1E-01
rs472576	10	99694970	1.2698	G	C	0.540757	0.96945	9.08738	2.6E-03	-0.0174985	0.00573459	9.31098	2.3E-03	11.4365	7.2E-04
rs4074720	10	114748497	1.39784	C	T	0.534572	0.984751	0.372173	5.4E-01	-0.0030341	0.00568792	0.284547	5.9E-01	0.630967	4.3E-01
rs72828935	10	126587488	1.61238	G	C	0.716689	0.993686	0.00327946	9.5E-01	-0.000468987	0.00627514	0.00558566	9.4E-01	0.0418575	8.4E-01
rs12778347	10	133978806	1.80077	G	T	0.423877	0.999758	0.595877	4.4E-01	0.00425153	0.00570349	0.55566	4.6E-01	0.886364	3.5E-01
rs12802861	11	8387806	0.188896	C	T	0.71326	0.995592	0.0433675	8.4E-01	0.00198146	0.00624645	0.100625	7.5E-01	0.0741718	7.9E-01
rs7942486	11	13288698	0.267633	G	T	0.432178	0.998702	0.735775	3.9E-01	0.00546214	0.00569973	0.918372	3.4E-01	1.13299	2.9E-01
rs12791818	11	27277760	0.463075	A	G	0.918985	0.937343	1.41735	2.3E-01	0.0129357	0.0106806	1.46687	2.3E-01	0.953631	3.3E-01
rs2679059	11	43599791	0.621966	A	T	0.402252	0.990165	0.250981	6.2E-01	-0.00221118	0.00579605	0.145541	7.0E-01	0.0844058	7.7E-01
rs11038428	11	45404318	0.657443	G	T	0.717407	0.990678	1.36035	2.4E-01	0.00572532	0.00628219	0.830572	3.6E-01	0.643387	4.2E-01
rs35184771	11	47475189	0.665304	G	T	0.648082	0.998878	6.65462	9.9E-03	-0.0148955	0.00589722	6.37994	1.2E-02	7.55863	6.0E-03
rs11549690	11	63991581	0.731065	G	A	0.922817	1	5.95157	1.5E-02	0.0272169	0.0105696	6.63067	1.0E-02	6.04093	1.4E-02
rs10896007	11	65245829	0.737845	T	A	0.789067	0.98525	0.00882857	9.3E-01	0.00141103	0.0069734	0.0409432	8.4E-01	0.109633	7.4E-01
rs667515	11	69449076	0.766481	G	C	0.61173	0.990296	2.85126	9.1E-02	-0.0102004	0.00579117	3.10244	7.8E-02	1.62956	2.0E-01
rs2605603	11	93221105	1.00432	G	A	0.520259	0.995512	0.152762	7.0E-01	-0.00214848	0.00562276	0.146004	7.0E-01	0.100502	7.5E-01
rs4937870	11	112826709	1.19814	A	G	0.689169	0.983578	0.0417959	8.4E-01	0.00169219	0.00613548	0.0760678	7.8E-01	0.719334	4.0E-01
rs2187986	11	115001410	1.23045	G	A	0.524684	0.965018	3.57773	5.9E-02	-0.00972111	0.00575262	2.85562	9.1E-02	2.96893	8.5E-02
rs513533	11	116519358	1.25951	A	G	0.895505	0.969744	44.153	3.0E-11	-0.0626599	0.00933518	45.0541	1.9E-11	49.5631	1.9E-12
rs501351	11	118917814	1.29362	T	G	0.605774	0.997555	10.2089	1.4E-03	-0.0188438	0.00577058	10.6635	1.1E-03	10.4213	1.2E-03
rs7941030	11	122522375	1.35839	T	C	0.616205	1	2.65553	1.0E-01	-0.0112386	0.00581688	3.7329	5.3E-02	2.97693	8.4E-02
rs4366492	11	130717256	1.51227	T	C	0.474614	0.99465	1.20761	2.7E-01	0.00658327	0.00563751	1.36367	2.4E-01	1.25823	2.6E-01
rs10894604	11	132641746	1.55638	T	G	0.652028	1	0.0123016	9.1E-01	0.000936152	0.0059157	0.0250426	8.7E-01	0.208793	6.5E-01
rs11064524	12	889902	0.0208303	T	G	0.758532	1	0.40502	5.2E-01	0.00375205	0.00657087	0.326056	5.7E-01	0.136244	7.1E-01
rs7976757	12	19207948	0.354438	T	C	0.171206	0.989812	0.0532111	8.2E-01	-0.00220148	0.00750148	0.086126	7.7E-01	0.0351597	8.5E-01
rs16926776	12	24001905	0.419584	C	T	0.922961	1	1.68084	1.9E-01	-0.0118636	0.0105916	1.25462	2.6E-01	1.52398	2.2E-01
rs11181001	12	41948196	0.563104	A	G	0.469108	0.977653	0.134434	7.1E-01	0.00358913	0.00569398	0.397325	5.3E-01	0.603521	4.4E-01
rs2720296	12	50169070	0.630128	G	A	0.609632	0.950295	0.934631	3.3E-01	-0.00554443	0.0059359	0.87245	3.5E-01	0.568538	4.5E-01
rs11173522	12	60953472	0.741724	C	A	0.784532	0.998242	4.11365	4.3E-02	-0.0139174	0.00687314	4.1002	4.3E-02	4.25167	3.9E-02
rs317646	12	69657145	0.849888	G	A	0.275066	0.99846	0.365672	5.5E-01	-0.00351717	0.00632361	0.309354	5.8E-01	0.209563	6.5E-01
rs704067	12	89726027	1.03172	G	A	0.545146	0.989595	1.99129	1.6E-01	0.00815697	0.00570551	2.04394	1.5E-01	2.12792	1.4E-01
rs591776	12	99538895	1.16639	C	T	0.364365	0.994453	0.879247	3.5E-01	0.00657938	0.00587657	1.25349	2.6E-01	1.45973	2.3E-01
rs4433630	12	103650031	1.2114	T	C	0.48744	0.978156	0.327151	5.7E-01	0.00262776	0.00568282	0.213819	6.4E-01	0.0487686	8.3E-01
rs11832936	12	110549533	1.29782	A	C	0.610247	0.999756	0.185841	6.7E-01	-0.00301121	0.00580364	0.269203	6.0E-01	0.550304	4.6E-01
rs111828690	12	117576767	1.39704	C	T	0.779464	0.990204	0.0654434	8.0E-01	-0.00318673	0.00686507	0.215477	6.4E-01	0.0593363	8.1E-01
rs144713920	12	122485389	1.46548	C	G	0.945974	0.956209	8.06464	4.5E-03	-0.0361491	0.0127462	8.04335	4.6E-03	6.79719	9.1E-03
rs12317176	12	124404718	1.4789	T	C	0.662157	0.998072	50.4943	1.2E-12	0.043103	0.00594722	52.5274	4.2E-13	56.3849	6.0E-14
rs9579775	13	20616557	0.0139469	A	C	0.863467	0.926233	0.190326	6.6E-01	-0.0013717	0.00854405	0.0257746	8.7E-01	0.187793	6.6E-01
rs4771218	13	28655311	0.212187	G	A	0.373005	0.991013	1.26101	2.6E-01	-0.00687476	0.00585596	1.37822	2.4E-01	2.01598	1.6E-01
rs9591001	13	33042870	0.304346	G	A	0.634695	0.994769	0.115304	7.3E-01	-0.00249374	0.0058862	0.179487	6.7E-01	0.043511	8.3E-01
rs9568856	13	54064981	0.568758	G	A	0.871723	1	2.11682	1.5E-01	-0.0125639	0.00843723	2.21744	1.4E-01	1.93835	1.6E-01
rs6561937	13	58257667	0.585042	T	A	0.243776	0.993408	2.09954	1.5E-01	0.00945192	0.00660166	2.0499	1.5E-01	2.42231	1.2E-01
rs1413125	13	59260131	0.587755	G	T	0.574048	0.994453	0.426801	5.1E-01	-0.0048051	0.00572634	0.704126	4.0E-01	1.17965	2.8E-01
rs73205687	13	66983532	0.641339	C	G	0.501497	0.993856	31.9831	1.6E-08	0.0333206	0.00566922	34.5446	4.2E-09	33.2588	8.1E-09
rs1441264	13	79580919	0.787841	G	A	0.406364	0.956515	1.59241	2.1E-01	0.00751431	0.00584669	1.6518	2.0E-01	1.82454	1.8E-01
rs61969477	13	86477950	0.835644	T	C	0.717214	0.998003	4.06623	4.4E-02	-0.0128841	0.0062589	4.23755	4.0E-02	3.16357	7.5E-02
rs1927790	13	96922191	0.93596	T	C	0.587589	0.998094	0.918834	3.4E-01	-0.0050409	0.0057391	0.771487	3.8E-01	0.472147	4.9E-01
rs7335249	13	109962579	1.18904	T	C	0.587526	0.995494	1.68208	1.9E-01	0.00839271	0.00574005	2.13783	1.4E-01	1.59157	2.1E-01
rs7141213	14	25878636	0.160923	C	T	0.428505	0.99817	1.48265	2.2E-01	0.00718057	0.00571897	1.57646	2.1E-01	2.03571	1.5E-01
rs6576279	14	29649958	0.207571	G	C	0.190393	0.998923	0.00559668	9.4E-01	-9.14001e-05	0.00716034	0.000162939	9.9E-01	0.00484325	9.4E-01
rs2143975	14	33297398	0.262161	C	G	0.467897	0.986467	2.61371	1.1E-01	-0.0090612	0.00570728	2.52065	1.1E-01	1.80303	1.8E-01
rs35020117	14	73341655	0.671145	T	G	0.538277	0.933938	0.614928	4.3E-01	0.0041523	0.00585102	0.503635	4.8E-01	0.974836	3.2E-01
rs7159565	14	79891894	0.74792	T	C	0.36268	0.984708	0.163716	6.9E-01	-0.0025855	0.00589051	0.192657	6.6E-01	0.530014	4.7E-01
rs1951455	14	91512339	0.88209	T	C	0.283982	0.997245	0.00392422	9.5E-01	-0.000505798	0.00625475	0.00653934	9.4E-01	0.00101084	9.7E-01
rs2273639	14	93762162	0.916561	C	T	0.692907	0.99913	1.59211	2.1E-01	-0.0087246	0.00612121	2.0315	1.5E-01	1.62649	2.0E-01
rs7161194	14	101529005	1.0886	A	G	0.336786	0.914125	1.50077	2.2E-01	0.00865348	0.00623451	1.92654	1.7E-01	1.7529	1.9E-01
rs12148050	14	103263788	1.11638	A	G	0.348874	0.9994	2.65886	1.0E-01	0.0104883	0.00590399	3.15588	7.6E-02	3.06774	8.0E-02
rs35443927	14	103849715	1.12404	C	T	0.630061	0.995118	0.235161	6.3E-01	-0.00342956	0.00583434	0.345536	5.6E-01	0.253458	6.1E-01
rs11070502	15	46574981	0.663836	G	A	0.422393	0.996515	0.630784	4.3E-01	0.00561885	0.0057216	0.964405	3.3E-01	0.31295	5.8E-01
rs11631408	15	51746236	0.710161	A	G	0.457534	0.996425	0.294381	5.9E-01	0.0031437	0.00567741	0.306607	5.8E-01	0.492979	4.8E-01
rs12908949	15	59475713	0.795908	T	G	0.77013	0.991439	0.0997438	7.5E-01	0.00102896	0.0067227	0.0234267	8.8E-01	0.0113432	9.2E-01
rs12903168	15	67680209	0.914057	T	C	0.726776	0.98909	7.20108	7.3E-03	0.018244	0.00636519	8.21521	4.2E-03	7.42171	6.4E-03
rs4777542	15	73082366	0.987566	C	T	0.670419	0.995307	0.257349	6.1E-01	-0.00295269	0.0060294	0.239822	6.2E-01	0.632328	4.3E-01
rs11855821	15	78008843	1.01251	G	A	0.714306	0.958126	6.25603	1.2E-02	0.0159107	0.00635854	6.2613	1.2E-02	5.55663	1.8E-02
rs12914623	15	80993570	1.05801	G	C	0.732913	0.994175	0.43326	5.1E-01	-0.00212513	0.00638151	0.110898	7.4E-01	0.10676	7.4E-01
rs7168523	15	95263911	1.31585	C	T	0.355269	0.99653	0.847538	3.6E-01	0.00533884	0.00589876	0.819169	3.7E-01	0.936344	3.3E-01
rs1048786	16	336916	0.0036807	C	T	0.830941	1	0.816425	3.7E-01	0.0080784	0.00751766	1.15474	2.8E-01	1.48036	2.2E-01
rs2601773	16	4001898	0.0718473	C	A	0.503399	0.995484	1.13585	2.9E-01	-0.00593235	0.00564179	1.10566	2.9E-01	0.845041	3.6E-01
rs9934930	16	4902038	0.0862098	A	G	0.521116	0.994594	2.57222	1.1E-01	-0.00950613	0.005673	2.80791	9.4E-02	2.8401	9.2E-02
rs7187976	16	19708196	0.389763	A	G	0.820215	0.98274	0.00792554	9.3E-01	-0.00111461	0.00738481	0.0227807	8.8E-01	0.0107359	9.2E-01
rs4238585	16	20255097	0.398011	C	T	0.13201	0.96298	0.199805	6.5E-01	-0.0025191	0.00847082	0.0884384	7.7E-01	0.146181	7.0E-01
rs11074452	16	20370168	0.40198	C	G	0.490517	0.995812	0.116991	7.3E-01	0.00188022	0.00564966	0.110757	7.4E-01	0.11603	7.3E-01
rs200539	16	24735178	0.466016	T	C	0.268765	0.996448	0.290328	5.9E-01	-0.003759	0.00633498	0.35209	5.5E-01	0.539323	4.6E-01
rs2650494	16	28318440	0.541911	A	G	0.581267	0.992404	0.261817	6.1E-01	0.00230562	0.00571537	0.162737	6.9E-01	0.120592	7.3E-01
rs4787483	16	29885447	0.552081	A	G	0.662227	1	0.695424	4.0E-01	-0.00538298	0.00596377	0.814713	3.7E-01	0.857309	3.5E-01
rs111886096	16	53598310	0.644304	A	G	0.862466	0.993464	0.138407	7.1E-01	0.00269131	0.00819543	0.107841	7.4E-01	0.140131	7.1E-01
rs7205986	16	53755146	0.644839	A	G	0.489919	0.988839	0.000310331	9.9E-01	0.00091089	0.00568148	0.0257045	8.7E-01	0.205413	6.5E-01
rs5011579	16	69187318	0.855228	C	G	0.2843	0.994942	4.91414	2.7E-02	-0.0126116	0.00625815	4.06112	4.4E-02	3.20571	7.3E-02
rs12924872	16	69552215	0.858355	C	T	0.533347	0.984378	4.83205	2.8E-02	0.0121948	0.00570047	4.57642	3.2E-02	4.38906	3.6E-02
rs811054	16	72251132	0.873381	C	T	0.462771	0.985658	0.185621	6.7E-01	0.00187102	0.0056861	0.108275	7.4E-01	0.000406744	9.8E-01
rs2925979	16	81534790	1.04573	T	C	0.301154	1	31.3995	2.1E-08	0.0344415	0.0061376	31.4896	2.0E-08	34.9903	3.3E-09
rs77081114	17	1816762	0.0641667	G	A	0.834903	1	0.0427828	8.4E-01	-0.00119723	0.00760351	0.0247929	8.7E-01	0.111639	7.4E-01
rs3026101	17	5280440	0.136672	T	C	0.696449	0.998494	2.13042	1.4E-01	0.00928749	0.00614317	2.28566	1.3E-01	2.71167	1.0E-01
rs10491104	17	15884561	0.425342	C	T	0.468509	1	0.73109	3.9E-01	0.00496616	0.00565355	0.771611	3.8E-01	1.33567	2.5E-01
rs9906072	17	21245687	0.471598	T	C	0.486625	0.873727	1.56279	2.1E-01	0.00798429	0.00604533	1.74435	1.9E-01	1.55218	2.1E-01
rs9904602	17	34835526	0.595066	T	A	0.482475	0.99641	0.42273	5.2E-01	-0.00393189	0.00564864	0.484524	4.9E-01	0.616446	4.3E-01
rs17616799	17	46039553	0.703155	A	G	0.898327	0.994334	0.809605	3.7E-01	0.011067	0.00934652	1.40203	2.4E-01	1.56326	2.1E-01
rs55797392	17	47055622	0.707863	G	A	0.589793	0.985453	0.0192432	8.9E-01	-0.000413228	0.00576581	0.00513639	9.4E-01	0.038902	8.4E-01
rs7211966	17	54374611	0.801315	C	T	0.981745	0.996866	1.14735	2.8E-01	0.0235201	0.021036	1.25012	2.6E-01	0.494943	4.8E-01
rs17631394	17	61646000	0.886955	G	A	0.736546	0.99153	0.541648	4.6E-01	-0.00502318	0.00643001	0.610285	4.3E-01	0.426085	5.1E-01
rs78196338	17	66973049	0.964759	G	A	0.960561	0.978498	39.514	3.3E-10	-0.0929029	0.0146014	40.4826	2.0E-10	41.714	1.1E-10
rs2619976	17	71754545	1.06134	C	T	0.589126	0.992569	0.53832	4.6E-01	0.00501861	0.0057649	0.757852	3.8E-01	2.7812	9.5E-02
rs4424946	17	78554888	1.24995	T	C	0.762112	0.998925	0.0164498	9.0E-01	0.000775603	0.00662404	0.0137099	9.1E-01	0.00620432	9.4E-01
rs4076427	17	79087537	1.26024	G	C	0.609873	0.985353	0.553459	4.6E-01	-0.00404387	0.00579712	0.486599	4.9E-01	0.597679	4.4E-01
rs1371274	18	1837007	0.0479005	A	C	0.863572	0.995553	0.064919	8.0E-01	-0.00256085	0.00820286	0.0974624	7.5E-01	0.131114	7.2E-01
rs11875960	18	21071925	0.432054	A	G	0.650113	0.974621	0.537156	4.6E-01	0.00427295	0.00599005	0.508857	4.8E-01	0.44058	5.1E-01
rs9807506	18	39493911	0.604143	C	T	0.110516	0.995331	2.5114	1.1E-01	0.0147997	0.00901321	2.69617	1.0E-01	2.34421	1.3E-01
rs4890428	18	40697340	0.611694	G	T	0.5787	0.994435	11.2521	8.0E-04	0.0207293	0.00573766	13.0527	3.0E-04	16.5199	4.8E-05
rs7239114	18	45921214	0.66958	G	A	0.458185	0.985699	0.211778	6.5E-01	-0.00192176	0.00570032	0.113658	7.4E-01	0.201455	6.5E-01
rs72934723	18	53305311	0.747109	A	G	0.96095	0.966483	5.80656e-05	9.9E-01	0.00141002	0.0148104	0.00906405	9.2E-01	0.118351	7.3E-01
rs2187176	18	57679365	0.819838	A	G	0.309978	0.982596	0.382349	5.4E-01	0.00379347	0.00615272	0.380137	5.4E-01	0.6658	4.1E-01
rs117758180	18	57809744	0.821562	C	T	0.97678	1	0.163493	6.9E-01	-0.0108085	0.0187218	0.333299	5.6E-01	0.608902	4.4E-01
rs113268469	18	57862913	0.821729	C	T	0.982698	0.966786	0.305469	5.8E-01	0.0172221	0.0220091	0.612306	4.3E-01	0.504292	4.8E-01
rs11668832	19	1812682	0.0683182	A	G	0.450689	0.989019	0.922899	3.4E-01	-0.00546669	0.00567846	0.926806	3.4E-01	1.44321	2.3E-01
rs72976986	19	4050424	0.142675	G	A	0.810758	0.984512	0.0373597	8.5E-01	-0.00158102	0.00725505	0.0474892	8.3E-01	0.0773386	7.8E-01
rs8110479	19	10734951	0.317437	T	C	0.0486634	0.947456	51.9405	5.7E-13	-0.0961521	0.0133864	51.5931	6.8E-13	53.9993	2.0E-13
rs112159161	19	11192603	0.31876	C	T	0.983126	0.950328	41.0399	1.5E-10	0.138249	0.022342	38.2894	6.1E-10	35.9551	2.0E-09
rs116530815	19	11212941	0.319346	A	C	0.971961	0.985612	33.7284	6.3E-09	0.102162	0.0171541	35.469	2.6E-09	38.5069	5.5E-10
rs12461902	19	30265235	0.512848	G	A	0.672506	0.985963	0.00268548	9.6E-01	0.000223379	0.00605529	0.00136086	9.7E-01	0.0251265	8.7E-01
rs11882409	19	34019685	0.562915	C	A	0.713772	0.966519	0.0288886	8.7E-01	-0.000616526	0.0063313	0.00948236	9.2E-01	0.000823816	9.8E-01
rs35755165	19	41345989	0.651158	A	G	0.502795	0.991508	29.383	5.9E-08	-0.0309932	0.00565342	30.0546	4.2E-08	32.0594	1.5E-08
rs62119175	19	44530050	0.687983	G	A	0.962768	0.931034	31.7134	1.8E-08	0.0898168	0.0154696	33.7098	6.4E-09	38.1832	6.4E-10
rs142751148	19	45100982	0.69683	G	T	0.973358	0.950645	57.3267	3.7E-14	0.136568	0.0178874	58.2916	2.3E-14	58.6364	1.9E-14
rs62120576	19	45216443	0.699708	A	C	0.907705	0.984781	83.4436	6.6E-20	0.0903176	0.00978677	85.1658	2.7E-20	85.509	2.3E-20
rs35371096	19	45309431	0.703738	T	C	0.420628	0.877728	32.5216	1.2E-08	0.0347828	0.00607166	32.818	1.0E-08	30.5517	3.3E-08
rs34342646	19	45388130	0.706923	G	A	0.848558	0.987346	371.037	1.1E-82	-0.15315	0.00791102	374.771	1.7E-83	393.659	1.3E-87
rs1884389	20	1410582	0.0620248	C	T	0.560429	0.990862	0.545092	4.6E-01	0.00452716	0.0057043	0.629866	4.3E-01	0.753159	3.9E-01
rs1321453	20	6585670	0.214258	G	A	0.332006	0.979962	0.684619	4.1E-01	0.00486105	0.00606049	0.643346	4.2E-01	0.811938	3.7E-01
rs947088	20	17171373	0.411628	G	T	0.280165	0.992316	0.516997	4.7E-01	0.00384465	0.00631149	0.371064	5.4E-01	0.574252	4.5E-01
rs8116853	20	21439820	0.48109	A	G	0.902603	0.99434	0.144325	7.0E-01	-0.0031949	0.00952021	0.112622	7.4E-01	0.156337	6.9E-01
rs6142096	20	32686658	0.536502	G	A	0.481267	0.998195	0.0274783	8.7E-01	-0.000816587	0.00565307	0.0208658	8.9E-01	0.149751	7.0E-01
rs2902941	20	39091514	0.587859	A	G	0.644838	0.991217	31.3467	2.2E-08	0.0333074	0.00585352	32.3778	1.3E-08	31.71	1.8E-08
rs11699260	20	50813508	0.791033	G	C	0.710789	0.999421	0.436629	5.1E-01	-0.00385545	0.00620848	0.385638	5.3E-01	0.681645	4.1E-01
rs2836753	21	40291187	0.447396	T	C	0.362883	0.999333	0.466347	4.9E-01	0.00448447	0.00585757	0.586121	4.4E-01	0.528941	4.7E-01
rs1964926	21	42653121	0.51205	A	G	0.35393	0.992207	5.84307	1.6E-02	-0.0148392	0.00592577	6.2709	1.2E-02	7.39586	6.5E-03
rs8130074	21	46498684	0.621941	C	G	0.35124	0.996511	0.0239202	8.8E-01	-0.00115677	0.00592296	0.0381431	8.5E-01	0.0427494	8.4E-01
rs4820399	22	40546633	0.498151	C	T	0.4075	0.991505	0.102395	7.5E-01	0.00174306	0.00575009	0.0918915	7.6E-01	0.561302	4.5E-01
rs13053342	22	48871624	0.664334	G	A	0.577345	0.990848	6.17712	1.3E-02	-0.0155649	0.00572169	7.40016	6.5E-03	5.68777	1.7E-02
