SNP	CHR	BP	GENPOS	ALLELE1	ALLELE0	A1FREQ	INFO	CHISQ_LINREG	P_LINREG	BETA	SE	CHISQ_BOLT_LMM_INF	P_BOLT_LMM_INF
rs28788874	1	1520725	0.0141684	C	T	0.584669	0.768295	0.642018	4.2E-01	0.0060549	0.0066335	0.833158	3.6E-01
rs72634501	1	39551488	0.669558	T	C	0.760089	0.973003	0.161201	6.9E-01	-0.0017465	0.00684296	0.0651404	8.0E-01
rs514595	1	46036960	0.727332	T	C	0.157981	0.99779	30.4677	3.4E-08	0.0441806	0.00790287	31.2532	2.3E-08
rs7553454	1	49231261	0.759781	T	C	0.77504	0.984417	0.132085	7.2E-01	0.00117116	0.00693086	0.0285535	8.7E-01
rs1013293	1	62570321	0.915785	G	A	0.569841	0.987679	0.764216	3.8E-01	-0.00161429	0.00582393	0.0768304	7.8E-01
rs2422134	1	72514701	1.03261	G	C	0.494322	0.995097	0.125995	7.2E-01	-0.00188886	0.00577194	0.107092	7.4E-01
rs6690871	1	74977277	1.04309	A	G	0.592804	0.986356	0.287473	5.9E-01	-0.00249726	0.00590947	0.178579	6.7E-01
rs2247536	1	77919438	1.07305	G	C	0.734376	0.984022	12.3285	4.5E-04	-0.0216157	0.0065829	10.7821	1.0E-03
rs1536023	1	96882019	1.26526	C	A	0.779805	0.988892	0.384415	5.4E-01	0.00301833	0.00700078	0.185883	6.7E-01
rs10747488	1	98299475	1.27829	C	A	0.231704	0.993887	2.6979	1.0E-01	0.0112162	0.00686347	2.67056	1.0E-01
rs920835	1	107946802	1.36667	G	A	0.707393	0.968585	0.220116	6.4E-01	-0.00329069	0.0064506	0.26024	6.1E-01
rs892511	1	110078255	1.38888	C	G	0.970421	0.964927	0.0814252	7.8E-01	0.00773773	0.0172996	0.200058	6.5E-01
rs12033257	1	112318484	1.42838	A	G	0.621622	0.983831	0.362149	5.5E-01	-0.00489262	0.00600185	0.664527	4.1E-01
rs72702521	1	150650194	1.6587	C	T	0.790664	0.999554	39.4249	3.4E-10	0.0436975	0.0070848	38.0415	6.9E-10
rs12565430	1	174400537	1.95129	G	A	0.890616	0.989663	0.0032212	9.5E-01	-0.00155842	0.00925942	0.0283271	8.7E-01
rs10913418	1	177755299	1.98687	C	A	0.595868	0.989574	0.368372	5.4E-01	0.00231571	0.00590652	0.15371	7.0E-01
rs1359940	1	177848153	1.98809	T	C	0.542441	0.978287	1.37403	2.4E-01	0.00691294	0.00584861	1.39708	2.4E-01
rs9425633	1	184657251	2.05452	T	C	0.51829	0.997773	3.27028	7.1E-02	-0.0117881	0.00576723	4.17783	4.1E-02
rs10801363	1	194922207	2.13186	T	A	0.632384	0.99595	2.604	1.1E-01	-0.0103415	0.00598466	2.98597	8.4E-02
rs2494116	1	201784151	2.19723	G	A	0.451584	0.998902	0.214317	6.4E-01	0.00379377	0.00578713	0.429748	5.1E-01
rs12042959	1	243533273	2.82744	A	G	0.85691	0.985729	1.00405	3.2E-01	-0.00650956	0.00827339	0.619066	4.3E-01
rs6548228	2	345889	0.00380575	T	C	0.476174	0.997111	0.0155549	9.0E-01	0.00156256	0.00577389	0.0732379	7.9E-01
rs2667214	2	449487	0.00560823	A	G	0.67645	0.984343	0.384627	5.4E-01	-0.00321312	0.00621106	0.267623	6.0E-01
rs10176391	2	574368	0.00678655	C	G	0.988495	0.920209	0.133573	7.1E-01	0.00879653	0.0281334	0.0977638	7.5E-01
rs75971153	2	24689143	0.455958	T	C	0.804969	0.974205	0.313134	5.8E-01	0.00591745	0.00736029	0.646366	4.2E-01
rs75503394	2	25155419	0.457101	C	T	0.904775	0.987449	1.01546	3.1E-01	0.0100353	0.00986202	1.03544	3.1E-01
rs10048652	2	35449306	0.577825	T	C	0.438566	0.999392	0.517891	4.7E-01	-0.00482009	0.00581475	0.687146	4.1E-01
rs698838	2	44738763	0.693339	C	T	0.374529	1	0.418808	5.2E-01	0.00342	0.00595603	0.329715	5.7E-01
rs4953423	2	47025672	0.736991	C	T	0.642429	0.986288	0.16651	6.8E-01	0.00335123	0.00606114	0.305702	5.8E-01
rs9636391	2	50201110	0.779779	A	G	0.161909	0.994454	4.99457	2.5E-02	0.0170205	0.00783166	4.72318	3.0E-02
rs3198123	2	55207693	0.827446	C	T	0.698539	0.993954	0.451313	5.0E-01	0.00490601	0.00630323	0.605802	4.4E-01
rs13032423	2	57992112	0.847237	G	A	0.445371	0.996747	0.0826204	7.7E-01	-0.00240025	0.00581322	0.170483	6.8E-01
rs55767040	2	58955028	0.850031	T	C	0.699291	0.989049	0.253338	6.1E-01	-0.00358853	0.0063297	0.321416	5.7E-01
rs980183	2	59311536	0.858192	G	A	0.397959	0.996406	0.315524	5.7E-01	0.00319645	0.00589265	0.294249	5.9E-01
rs7557796	2	86766153	1.16162	T	C	0.352721	0.999778	0.130418	7.2E-01	-0.00180687	0.00603901	0.0895203	7.6E-01
rs13023088	2	100576304	1.22131	C	T	0.849726	0.99385	0.0237921	8.8E-01	0.00140179	0.00807193	0.0301585	8.6E-01
rs9308868	2	104361420	1.24985	G	A	0.475853	0.997977	0.0199234	8.9E-01	0.000952038	0.0057841	0.0270917	8.7E-01
rs1349512	2	105435369	1.26243	T	C	0.690061	0.999103	1.48597	2.2E-01	-0.00690473	0.00622789	1.22917	2.7E-01
rs1530559	2	135755629	1.58463	A	G	0.600666	1	0.411975	5.2E-01	-0.00669965	0.00583226	1.31956	2.5E-01
rs2034604	2	143958745	1.64938	C	T	0.463943	0.997459	0.00419895	9.5E-01	0.00129426	0.00578854	0.0499926	8.2E-01
rs12692596	2	161265910	1.78694	C	T	0.629527	0.996301	0.705206	4.0E-01	0.00460793	0.0059517	0.599417	4.4E-01
rs12328675	2	165540800	1.81492	T	C	0.879784	0.99881	2.38478	1.2E-01	0.0116001	0.00884933	1.71831	1.9E-01
rs187815101	2	176765594	1.95584	A	C	0.970023	0.954197	31.899	1.6E-08	-0.095514	0.01736	30.2715	3.8E-08
rs6745626	2	181436641	2.00364	C	T	0.408401	0.996845	0.0967705	7.6E-01	0.00277446	0.00587234	0.223222	6.4E-01
rs6743255	2	205363596	2.17314	A	G	0.119567	1	1.348	2.5E-01	0.0108198	0.00886736	1.48884	2.2E-01
rs13000757	2	207145906	2.20108	G	T	0.495232	0.995817	0.817781	3.7E-01	-0.00503633	0.00578828	0.757059	3.8E-01
rs11692326	2	208263279	2.21189	C	T	0.769983	0.999964	2.86476	9.1E-02	-0.0111697	0.00682718	2.67671	1.0E-01
rs2541406	2	217635847	2.31149	C	G	0.471588	0.970091	55.5433	9.1E-14	-0.0439647	0.00586699	56.1534	6.7E-14
rs1039897	2	220337196	2.34622	G	A	0.347064	0.994023	38.7415	4.8E-10	-0.0387225	0.00607126	40.6789	1.8E-10
rs12473885	2	230569590	2.5018	G	T	0.877803	0.993886	0.704182	4.0E-01	0.00645505	0.00880454	0.537509	4.6E-01
rs13098833	3	20428568	0.395393	A	G	0.723962	0.994024	2.00487	1.6E-01	-0.00896422	0.00648859	1.90864	1.7E-01
rs754635	3	42305131	0.652861	C	G	0.112945	0.99768	0.0166125	9.0E-01	-0.00116157	0.00907309	0.01639	9.0E-01
rs72906474	3	47817007	0.688057	G	T	0.417322	0.973948	0.0317017	8.6E-01	0.0012984	0.00593044	0.0479341	8.3E-01
rs71326904	3	49991060	0.690403	C	T	0.749169	0.999883	0.469791	4.9E-01	-0.00303404	0.0066589	0.207605	6.5E-01
rs1371095	3	61147530	0.807508	A	G	0.581767	0.99157	0.169249	6.8E-01	-0.00265442	0.00587499	0.204139	6.5E-01
rs9874646	3	62462818	0.82936	C	T	0.315039	0.963027	3.67912	5.5E-02	-0.0111973	0.0063231	3.13595	7.7E-02
rs7430139	3	82504148	1.08216	A	G	0.834585	1	1.55007	2.1E-01	0.0087043	0.00778056	1.25154	2.6E-01
rs1248859	3	85017098	1.08828	G	C	0.331259	0.996188	0.11733	7.3E-01	-0.00283735	0.0061384	0.213655	6.4E-01
rs9857105	3	93893210	1.10433	A	G	0.459898	0.997124	0.0016162	9.7E-01	0.000589394	0.00580467	0.0103099	9.2E-01
rs11917909	3	107864673	1.2019	G	A	0.650141	0.995989	10.5125	1.2E-03	0.0193751	0.00604717	10.2655	1.4E-03
rs2037001	3	131458973	1.44255	C	G	0.708639	0.979412	0.298213	5.9E-01	-0.00422079	0.00641768	0.432545	5.1E-01
rs9827662	3	135710841	1.49347	C	A	0.754019	0.999173	1.96581	1.6E-01	0.008664	0.00669273	1.67583	2.0E-01
rs1511299	3	141716072	1.54584	T	C	0.743489	0.998774	28.5318	9.2E-08	0.0360823	0.00660507	29.8424	4.7E-08
rs355786	3	153990749	1.684	G	A	0.607325	0.999005	1.18585	2.8E-01	-0.00686512	0.00591533	1.34691	2.5E-01
rs1604038	3	170709193	1.7983	C	T	0.71439	0.999363	0.381895	5.4E-01	0.00302796	0.00636768	0.226119	6.3E-01
rs4686682	3	185307402	2.01593	C	T	0.738828	0.999376	29.5823	5.4E-08	-0.0359656	0.00655681	30.0877	4.1E-08
rs11736501	4	18451423	0.339653	A	C	0.680224	0.997158	2.45373	1.2E-01	0.010046	0.00618734	2.63622	1.0E-01
rs73244271	4	20091053	0.357316	A	G	0.887547	0.995322	0.0346558	8.5E-01	0.00226202	0.00917431	0.060792	8.1E-01
rs6849555	4	25150890	0.433804	G	C	0.799951	0.94032	3.24564	7.2E-02	0.0148079	0.00743296	3.96882	4.6E-02
rs4623046	4	45042343	0.679347	G	A	0.332788	0.994028	0.185109	6.7E-01	0.0033205	0.00612253	0.294134	5.9E-01
rs6829208	4	52728640	0.6941	T	C	0.726351	0.99807	1.23194	2.7E-01	-0.00739318	0.00646117	1.3093	2.5E-01
rs6815651	4	55487718	0.714225	C	T	0.450626	0.994486	10.3575	1.3E-03	0.0200869	0.00579513	12.0143	5.3E-04
rs923994	4	67802992	0.836181	A	G	0.217311	0.992221	0.273711	6.0E-01	0.00301411	0.00699985	0.185413	6.7E-01
rs12645001	4	96018337	1.09763	G	A	0.650766	0.99796	4.87478	2.7E-02	0.012541	0.00604513	4.30379	3.8E-02
rs13105682	4	102702364	1.15516	T	G	0.941666	0.93989	2.43501	1.2E-01	-0.0223765	0.0126939	3.10737	7.8E-02
rs11728213	4	113309647	1.25168	G	A	0.683905	0.99931	0.940199	3.3E-01	0.00554086	0.00621173	0.795665	3.7E-01
rs1296328	4	137083193	1.44321	A	C	0.439836	0.99123	1.18225	2.8E-01	-0.00758821	0.00585568	1.67928	2.0E-01
rs4863516	4	140773770	1.49281	T	C	0.672337	0.999318	3.26416	7.1E-02	0.0105394	0.00613482	2.95138	8.6E-02
rs750090	4	152931436	1.59021	T	C	0.64638	0.97605	4.53324	3.3E-02	0.013117	0.0060704	4.66913	3.1E-02
rs13110266	4	162129844	1.69444	G	A	0.582033	0.993805	0.107512	7.4E-01	-0.00133526	0.00585605	0.0519901	8.2E-01
rs4597930	5	27171542	0.425308	T	C	0.717499	0.997265	6.18048	1.3E-02	0.0151652	0.00642157	5.57719	1.8E-02
rs10941432	5	39359276	0.602602	G	A	0.510045	0.99261	33.4725	7.2E-09	0.0350813	0.0057893	36.7196	1.4E-09
rs6449674	5	62995938	0.739824	T	C	0.52301	0.996207	0.0174213	8.9E-01	-0.000148434	0.00578084	0.000659307	9.8E-01
rs6891856	5	63972658	0.744519	G	T	0.472497	0.983364	1.02665	3.1E-01	0.00516779	0.00582534	0.786985	3.8E-01
rs4072296	5	74242002	0.858799	T	C	0.460302	0.938263	6.32082	1.2E-02	0.014035	0.00596835	5.52987	1.9E-02
rs11740689	5	80841360	0.956164	A	C	0.681715	0.9953	1.15605	2.8E-01	0.00633107	0.00618623	1.04737	3.1E-01
rs77156384	5	87709219	1.01438	A	G	0.978992	1	0.434096	5.1E-01	0.0159744	0.020111	0.630932	4.3E-01
rs7701355	5	88804839	1.01946	G	T	0.578636	0.999666	2.6004	1.1E-01	-0.00681076	0.00584719	1.35674	2.4E-01
rs6885199	5	92574633	1.04879	G	A	0.96235	1	0.954519	3.3E-01	-0.0102708	0.0151399	0.460212	5.0E-01
rs12186664	5	95630225	1.07202	A	T	0.684468	0.993149	0.497977	4.8E-01	-0.00409351	0.00621328	0.434059	5.1E-01
rs1835978	5	107265051	1.15538	T	C	0.111499	0.976322	0.511979	4.7E-01	0.00502362	0.00925907	0.294374	5.9E-01
rs459552	5	112176756	1.19663	T	A	0.232823	1	0.193623	6.6E-01	0.00378242	0.00680933	0.308554	5.8E-01
rs329120	5	133861756	1.41589	C	T	0.579362	0.996967	7.01614	8.1E-03	0.0151697	0.0058582	6.70538	9.6E-03
rs356453	5	139053563	1.4578	G	A	0.668847	0.993285	0.506768	4.8E-01	-0.00447224	0.00613738	0.530986	4.7E-01
rs2190788	5	144484261	1.52142	G	T	0.681047	0.989372	4.04644	4.4E-02	-0.0119082	0.00623895	3.64309	5.6E-02
rs7701886	5	153547409	1.6413	G	A	0.453487	0.99206	3.91056	4.8E-02	-0.0107524	0.00581044	3.42444	6.4E-02
rs2287894	5	170322919	1.86356	T	A	0.271968	0.998905	1.80238	1.8E-01	0.00808305	0.00648751	1.55237	2.1E-01
rs10947758	6	12093961	0.272682	T	C	0.645747	0.995017	0.188174	6.6E-01	-0.00135819	0.00604535	0.050475	8.2E-01
rs9357634	6	13192190	0.290983	T	C	0.701853	0.98883	0.589661	4.4E-01	0.00599472	0.00634297	0.893207	3.4E-01
rs3806114	6	20482335	0.408974	G	A	0.330671	0.979566	0.825492	3.6E-01	-0.00341085	0.00620359	0.302301	5.8E-01
rs2768	6	31321856	0.512785	A	G	0.749784	0.995049	4.39384	3.6E-02	0.0158395	0.00668654	5.61154	1.8E-02
rs2260051	6	31591918	0.515519	A	T	0.438194	0.999979	2.20117	1.4E-01	-0.00838715	0.00580057	2.09068	1.5E-01
rs57493997	6	34443523	0.547182	T	C	0.907288	0.988432	0.0497581	8.2E-01	-3.62551e-05	0.00999065	1.31689e-05	1.0E+00
rs35679149	6	43604167	0.672046	A	G	0.973657	1	12.368	4.4E-04	0.0612782	0.0180112	11.5752	6.7E-04
rs4714925	6	46304194	0.722787	A	G	0.493159	0.998125	0.174854	6.8E-01	0.00121428	0.00577371	0.044231	8.3E-01
rs9473821	6	50356035	0.748721	T	C	0.122486	0.995677	0.222752	6.4E-01	-0.00364705	0.00880903	0.171406	6.8E-01
rs1369869	6	83366282	0.934423	C	T	0.559007	0.987317	0.139465	7.1E-01	0.00190811	0.00584328	0.106633	7.4E-01
rs6905544	6	98411631	1.06235	A	G	0.398754	0.997318	0.106264	7.4E-01	-0.00058641	0.00589614	0.0098916	9.2E-01
rs1575676	6	108861264	1.17848	C	T	0.628532	0.997454	3.85003	5.0E-02	0.0117366	0.00595442	3.88515	4.9E-02
rs9387640	6	119508871	1.25792	C	T	0.635394	1	2.16107	1.4E-01	0.00999178	0.00600443	2.76912	9.6E-02
rs198665	6	143154886	1.51958	C	A	0.628902	0.991725	0.253684	6.1E-01	-0.00239238	0.00600045	0.158962	6.9E-01
rs7755574	6	153364643	1.66311	G	T	0.717897	0.997121	0.113649	7.4E-01	-0.00298927	0.00644266	0.215278	6.4E-01
rs653753	6	160627001	1.77329	C	G	0.148347	0.971298	38.7727	4.8E-10	-0.0501693	0.00821775	37.2709	1.0E-09
rs6950388	7	1270699	0.0137006	G	A	0.204645	1	46.9964	7.1E-12	-0.0487395	0.00714052	46.5911	8.7E-12
rs11767176	7	1852823	0.0275939	G	A	0.788795	0.994823	0.222469	6.4E-01	-0.00353828	0.00705501	0.25153	6.2E-01
rs4307239	7	24354300	0.415589	A	G	0.539898	0.99283	1.54769	2.1E-01	0.00703378	0.00580189	1.46973	2.3E-01
rs3807566	7	50564204	0.76671	G	T	0.560598	0.994523	0.0575264	8.1E-01	0.000831238	0.00581356	0.0204441	8.9E-01
rs4718966	7	70040558	0.868636	C	T	0.585063	0.992694	0.0129447	9.1E-01	0.000654166	0.00587977	0.0123781	9.1E-01
rs10950289	7	71429308	0.890251	A	G	0.837592	0.9787	0.0887157	7.7E-01	0.00219418	0.00788883	0.0773601	7.8E-01
rs6964833	7	74101909	0.91305	T	C	0.74216	0.9996	2.63167	1.0E-01	0.0120575	0.00659874	3.33883	6.8E-02
rs6465825	7	77416439	0.93695	T	C	0.602773	1	28.4328	9.7E-08	-0.032251	0.00589358	29.9453	4.4E-08
rs7805441	7	78121458	0.952449	C	T	0.495679	0.987826	2.96481	8.5E-02	-0.0109465	0.0058215	3.53574	6.0E-02
rs16868443	7	93206264	1.0947	G	C	0.638309	0.996209	0.241045	6.2E-01	-0.0037916	0.00599313	0.400255	5.3E-01
rs17155888	7	103416295	1.18694	T	A	0.57308	0.98913	6.96797	8.3E-03	-0.0146989	0.00585924	6.29337	1.2E-02
rs7788008	7	112972483	1.29323	G	A	0.566425	0.997606	0.0297919	8.6E-01	0.000445828	0.00581034	0.0058875	9.4E-01
rs12705908	7	113422504	1.29936	A	G	0.435691	0.999217	4.92756	2.6E-02	0.0133149	0.0058155	5.24204	2.2E-02
rs1563408	7	114303189	1.30467	G	A	0.518658	0.9976	0.22746	6.3E-01	-0.00281189	0.00577392	0.237167	6.3E-01
rs2968856	7	150614934	1.67963	T	C	0.750381	0.995794	0.160842	6.9E-01	0.00297673	0.00668173	0.198473	6.6E-01
rs11983465	7	151396971	1.696	C	G	0.692122	0.978577	30.504	3.3E-08	-0.0346383	0.00631812	30.0564	4.2E-08
rs2921077	8	8304502	0.239157	G	A	0.535531	0.992952	14.2869	1.6E-04	0.0237621	0.00581951	16.6724	4.4E-05
rs2959592	8	17002725	0.407822	T	C	0.810408	0.987439	0.00537727	9.4E-01	-0.000231514	0.00740732	0.000976857	9.8E-01
rs1362910	8	30856464	0.645028	A	G	0.419829	0.991461	1.34821	2.5E-01	-0.0076836	0.00584649	1.72719	1.9E-01
rs12681792	8	62054463	0.850895	C	A	0.807751	0.990908	2.4869	1.1E-01	-0.0114549	0.00737213	2.41432	1.2E-01
rs7822926	8	64701966	0.867188	A	C	0.529368	0.995395	0.0389512	8.4E-01	-0.00258574	0.00579681	0.198972	6.6E-01
rs2017657	8	73426371	0.974058	G	T	0.426688	1	0.000171651	9.9E-01	-0.000243009	0.00584563	0.00172814	9.7E-01
rs2943611	8	76473939	1.00704	T	C	0.203909	0.993157	0.00443219	9.5E-01	0.000644844	0.00718108	0.00806362	9.3E-01
rs9298280	8	77329753	1.00881	T	G	0.287808	0.987301	1.90747	1.7E-01	0.00740705	0.00638653	1.34512	2.5E-01
rs1180626	8	116476393	1.31509	G	A	0.223659	0.994168	0.0985781	7.5E-01	0.000727414	0.00695872	0.0109271	9.2E-01
rs10124645	9	11321119	0.255592	A	G	0.589929	0.991792	1.57281	2.1E-01	0.00713521	0.00589985	1.46262	2.3E-01
rs2457637	9	15533394	0.341722	T	C	0.51289	0.988377	0.0382835	8.4E-01	-0.00122776	0.00578801	0.0449955	8.3E-01
rs6476065	9	28403813	0.542923	C	T	0.423353	0.971482	0.0677533	7.9E-01	-0.0018324	0.00590241	0.0963789	7.6E-01
rs12345603	9	29601893	0.557517	C	T	0.575088	0.971878	0.324726	5.7E-01	0.00336609	0.00591303	0.324064	5.7E-01
rs11143801	9	71426328	0.817634	T	C	0.624672	0.995585	31.5027	2.0E-08	-0.0328357	0.00597667	30.1838	3.9E-08
rs868980	9	92140852	1.08916	A	G	0.76424	0.992973	10.4282	1.2E-03	-0.0209858	0.00680727	9.50393	2.1E-03
rs7873003	9	96392945	1.13399	T	C	0.319608	0.990354	0.0119346	9.1E-01	0.0008575	0.00621087	0.0190617	8.9E-01
rs1852865	9	102750138	1.19624	C	T	0.435268	0.999839	1.172	2.8E-01	0.0064852	0.0058246	1.23969	2.7E-01
rs7024334	9	109072075	1.25943	T	G	0.220616	0.999349	0.112122	7.4E-01	-0.00406031	0.00694693	0.341611	5.6E-01
rs1252008	9	120362838	1.43341	T	C	0.568535	0.998833	0.260046	6.1E-01	-0.00319707	0.0058066	0.303153	5.8E-01
rs3829849	9	129390800	1.5324	C	T	0.631104	0.998111	1.2241	2.7E-01	-0.00762492	0.00597669	1.6276	2.0E-01
rs10733682	9	129460914	1.5336	A	G	0.473867	0.966242	0.30404	5.8E-01	0.00491909	0.0058509	0.706846	4.0E-01
rs2267958	9	131015279	1.55043	G	A	0.485744	0.958689	0.388171	5.3E-01	0.00342592	0.00589802	0.337399	5.6E-01
rs10159545	10	21766969	0.466662	C	G	0.648953	0.986543	3.19281	7.4E-02	0.00974204	0.00607129	2.57477	1.1E-01
rs12762034	10	33969931	0.621029	T	C	0.922577	0.998956	0.877158	3.5E-01	-0.00984603	0.0107778	0.834576	3.6E-01
rs4595495	10	53673286	0.748363	A	G	0.583708	0.998015	1.70141	1.9E-01	-0.0067003	0.00587584	1.30032	2.5E-01
rs4746855	10	64822828	0.870307	G	A	0.597047	1	1.12419	2.9E-01	0.00537155	0.00589217	0.831089	3.6E-01
rs12098284	10	76047464	0.999816	C	T	0.87731	0.998637	1.68956	1.9E-01	0.0105626	0.00879369	1.44279	2.3E-01
rs1249156	10	79979737	1.04291	T	C	0.293868	0.999324	0.456363	5.0E-01	-0.00484108	0.00633272	0.584392	4.4E-01
rs12245654	10	87562928	1.13739	A	C	0.92665	0.984714	0.0704521	7.9E-01	0.00503267	0.011138	0.204165	6.5E-01
rs472576	10	99694970	1.2698	G	C	0.541145	0.96945	0.046271	8.3E-01	0.00213872	0.00586695	0.132888	7.2E-01
rs4074720	10	114748497	1.39784	C	T	0.534998	0.984751	0.752085	3.9E-01	-0.00780501	0.00581412	1.8021	1.8E-01
rs72828935	10	126587488	1.61238	G	C	0.716662	0.993686	3.97914	4.6E-02	-0.0130587	0.00641312	4.14632	4.2E-02
rs12778347	10	133978806	1.80077	G	T	0.423807	0.999758	6.14986	1.3E-02	0.0149215	0.00583449	6.5406	1.1E-02
rs11564722	11	2178330	0.0530151	C	T	0.759633	0.97503	38.0397	6.9E-10	0.0417783	0.00682849	37.4327	9.5E-10
rs81205	11	2798804	0.0702039	A	C	0.534871	0.957567	36.8284	1.3E-09	-0.0367259	0.00591065	38.6079	5.2E-10
rs380372	11	5568365	0.124319	C	T	0.805687	0.997974	38.8089	4.7E-10	0.0455431	0.00730876	38.8291	4.6E-10
rs7942486	11	13288698	0.267633	G	T	0.432399	0.998702	0.884464	3.5E-01	-0.00444574	0.00582852	0.581798	4.5E-01
rs12791818	11	27277760	0.463075	A	G	0.919005	0.937343	1.88106	1.7E-01	0.0166124	0.0109258	2.31183	1.3E-01
rs963837	11	30749090	0.481636	T	C	0.546977	1	37.6014	8.7E-10	0.03578	0.00579345	38.1422	6.6E-10
rs2679059	11	43599791	0.621966	A	T	0.402116	0.990165	0.450015	5.0E-01	0.00539309	0.00592899	0.827398	3.6E-01
rs11038428	11	45404318	0.657443	G	T	0.717446	0.990678	0.119188	7.3E-01	0.00300715	0.00642842	0.218827	6.4E-01
rs35184771	11	47475189	0.665304	G	T	0.647839	0.998878	0.640687	4.2E-01	0.00339791	0.00603002	0.317532	5.7E-01
rs11549690	11	63991581	0.731065	G	A	0.922585	1	1.41665	2.3E-01	0.0125893	0.0107943	1.36024	2.4E-01
rs10896007	11	65245829	0.737845	T	A	0.789466	0.98525	2.7082	1.0E-01	-0.0107894	0.00713219	2.28848	1.3E-01
rs667515	11	69449076	0.766481	G	C	0.611333	0.990296	2.18004	1.4E-01	0.00930123	0.00592076	2.46789	1.2E-01
rs2605603	11	93221105	1.00432	G	A	0.520073	0.995512	4.95995	2.6E-02	0.012442	0.0057445	4.69112	3.0E-02
rs4937870	11	112826709	1.19814	A	G	0.689451	0.983578	3.24152	7.2E-02	-0.0119477	0.00627901	3.62063	5.7E-02
rs2187986	11	115001410	1.23045	G	A	0.524721	0.965018	0.503598	4.8E-01	-0.00432908	0.00588103	0.541858	4.6E-01
rs501351	11	118917814	1.29362	T	G	0.605662	0.997555	0.306717	5.8E-01	-0.00241224	0.00590014	0.167153	6.8E-01
rs7941030	11	122522375	1.35839	T	C	0.615966	1	0.39105	5.3E-01	0.00318425	0.00594716	0.286678	5.9E-01
rs4366492	11	130717256	1.51227	T	C	0.474682	0.99465	0.401995	5.3E-01	0.00373349	0.00576436	0.419496	5.2E-01
rs10894604	11	132641746	1.55638	T	G	0.651832	1	0.106602	7.4E-01	0.00268486	0.00605238	0.196784	6.6E-01
rs11064524	12	889902	0.0208303	T	G	0.758682	1	4.04594	4.4E-02	0.0124742	0.00671942	3.44634	6.3E-02
rs7976757	12	19207948	0.354438	T	C	0.171474	0.989812	1.05248	3.0E-01	-0.00911611	0.00766838	1.41323	2.3E-01
rs16926776	12	24001905	0.419584	C	T	0.922976	1	0.430676	5.1E-01	0.00607749	0.0108385	0.314422	5.7E-01
rs11181001	12	41948196	0.563104	A	G	0.469475	0.977653	0.00453468	9.5E-01	-0.0014808	0.00581938	0.0647504	8.0E-01
rs2720296	12	50169070	0.630128	G	A	0.609395	0.950295	0.215125	6.4E-01	0.00192204	0.00606944	0.100283	7.5E-01
rs11173522	12	60953472	0.741724	C	A	0.784594	0.998242	0.373474	5.4E-01	-0.00466253	0.00702062	0.441054	5.1E-01
rs317646	12	69657145	0.849888	G	A	0.274794	0.99846	0.477289	4.9E-01	-0.00438486	0.00646818	0.459566	5.0E-01
rs704067	12	89726027	1.03172	G	A	0.544985	0.989595	0.272923	6.0E-01	0.00113192	0.00583435	0.0376397	8.5E-01
rs591776	12	99538895	1.16639	C	T	0.364615	0.994453	0.233784	6.3E-01	-0.00379158	0.00600584	0.398558	5.3E-01
rs4433630	12	103650031	1.2114	T	C	0.486923	0.978156	0.305282	5.8E-01	-0.0041036	0.00580935	0.498971	4.8E-01
rs11832936	12	110549533	1.29782	A	C	0.610449	0.999756	0.00874559	9.3E-01	-0.000903596	0.00593482	0.0231811	8.8E-01
rs111828690	12	117576767	1.39704	C	T	0.779538	0.990204	1.58108	2.1E-01	-0.00804789	0.00702243	1.31338	2.5E-01
rs144713920	12	122485389	1.46548	C	G	0.946032	0.956209	1.93397	1.6E-01	-0.016103	0.013036	1.52589	2.2E-01
rs12317176	12	124404718	1.4789	T	C	0.662639	0.998072	16.3651	5.2E-05	0.0244604	0.00608448	16.1615	5.8E-05
rs9579775	13	20616557	0.0139469	A	C	0.863415	0.926233	0.612423	4.3E-01	0.00561268	0.00873336	0.413027	5.2E-01
rs4771218	13	28655311	0.212187	G	A	0.37267	0.991013	2.44324	1.2E-01	0.0104066	0.00599192	3.01637	8.2E-02
rs9591001	13	33042870	0.304346	G	A	0.635136	0.994769	1.81989	1.8E-01	0.0101522	0.00602395	2.84025	9.2E-02
rs9568856	13	54064981	0.568758	G	A	0.871963	1	3.18675	7.4E-02	-0.0145756	0.00863626	2.84841	9.1E-02
rs6561937	13	58257667	0.585042	T	A	0.243611	0.993408	3.78648	5.2E-02	0.0117499	0.00676004	3.02114	8.2E-02
rs1413125	13	59260131	0.587755	G	T	0.573587	0.994453	1.68583	1.9E-01	0.00862646	0.00585675	2.16946	1.4E-01
rs1441264	13	79580919	0.787841	G	A	0.405852	0.956515	1.61757	2.0E-01	0.00907589	0.00598826	2.29709	1.3E-01
rs61969477	13	86477950	0.835644	T	C	0.717562	0.998003	0.00464057	9.5E-01	-0.00214815	0.00640746	0.112398	7.4E-01
rs1927790	13	96922191	0.93596	T	C	0.587686	0.998094	1.18726	2.8E-01	-0.00728432	0.00587219	1.53878	2.1E-01
rs7335249	13	109962579	1.18904	T	C	0.587983	0.995494	0.201143	6.5E-01	0.00342683	0.00587339	0.340414	5.6E-01
rs7141213	14	25878636	0.160923	C	T	0.428871	0.99817	1.21289	2.7E-01	0.00565125	0.0058511	0.932854	3.3E-01
rs6576279	14	29649958	0.207571	G	C	0.190516	0.998923	1.49695	2.2E-01	0.00871991	0.0073207	1.41879	2.3E-01
rs2143975	14	33297398	0.262161	C	G	0.467444	0.986467	0.982241	3.2E-01	0.00631387	0.00583685	1.17013	2.8E-01
rs35020117	14	73341655	0.671145	T	G	0.538036	0.933938	0.478524	4.9E-01	0.00610234	0.0059862	1.03918	3.1E-01
rs7159565	14	79891894	0.74792	T	C	0.362714	0.984708	2.27079	1.3E-01	0.00942652	0.00603052	2.44339	1.2E-01
rs1951455	14	91512339	0.88209	T	C	0.283819	0.997245	0.57287	4.5E-01	0.00413597	0.00639922	0.417736	5.2E-01
rs2273639	14	93762162	0.916561	C	T	0.693369	0.99913	0.301708	5.8E-01	-0.00210376	0.00626809	0.112647	7.4E-01
rs7161194	14	101529005	1.0886	A	G	0.337083	0.914125	1.36285	2.4E-01	0.00691833	0.00637436	1.17795	2.8E-01
rs12148050	14	103263788	1.11638	A	G	0.349997	0.9994	0.100007	7.5E-01	-0.00314116	0.00603051	0.271314	6.0E-01
rs35443927	14	103849715	1.12404	C	T	0.629565	0.995118	0.486467	4.9E-01	0.00459325	0.00597086	0.59179	4.4E-01
rs28679834	15	45616206	0.654581	C	T	0.753077	0.995372	29.7806	4.8E-08	-0.0368609	0.00670843	30.1918	3.9E-08
rs11631408	15	51746236	0.710161	A	G	0.457932	0.996425	1.48465	2.2E-01	0.00766416	0.00580284	1.7444	1.9E-01
rs12908949	15	59475713	0.795908	T	G	0.770149	0.991439	1.30975	2.5E-01	-0.00813111	0.00687669	1.39811	2.4E-01
rs12903168	15	67680209	0.914057	T	C	0.726239	0.98909	0.131153	7.2E-01	0.00331609	0.00650338	0.260001	6.1E-01
rs4777542	15	73082366	0.987566	C	T	0.670191	0.995307	1.49857	2.2E-01	-0.00903677	0.00616602	2.14792	1.4E-01
rs11855821	15	78008843	1.01251	G	A	0.714269	0.958126	4.83407	2.8E-02	0.0156727	0.00650478	5.80529	1.6E-02
rs12914623	15	80993570	1.05801	G	C	0.733263	0.994175	0.630954	4.3E-01	-0.00451069	0.00653084	0.477031	4.9E-01
rs7168523	15	95263911	1.31585	C	T	0.355984	0.99653	4.54172	3.3E-02	0.0115198	0.00603221	3.64704	5.6E-02
rs1048786	16	336916	0.0036807	C	T	0.830796	1	0.000859126	9.8E-01	-0.00181984	0.00769263	0.0559652	8.1E-01
rs2601773	16	4001898	0.0718473	C	A	0.503861	0.995484	0.0323047	8.6E-01	-0.00138593	0.00577556	0.0575829	8.1E-01
rs9934930	16	4902038	0.0862098	A	G	0.52117	0.994594	0.00567048	9.4E-01	-0.000242232	0.00580536	0.00174102	9.7E-01
rs7187976	16	19708196	0.389763	A	G	0.820379	0.98274	0.0695065	7.9E-01	0.000138702	0.00756773	0.000335918	9.9E-01
rs4238585	16	20255097	0.398011	C	T	0.13208	0.96298	4.81845	2.8E-02	-0.0162872	0.00866285	3.53486	6.0E-02
rs11074452	16	20370168	0.40198	C	G	0.490874	0.995812	4.35655	3.7E-02	-0.0109227	0.00577867	3.57275	5.9E-02
rs200539	16	24735178	0.466016	T	C	0.26891	0.996448	6.8055	9.1E-03	-0.0162013	0.00648422	6.24289	1.2E-02
rs2650494	16	28318440	0.541911	A	G	0.581562	0.992404	0.34717	5.6E-01	0.0025495	0.00584847	0.190032	6.6E-01
rs4787483	16	29885447	0.552081	A	G	0.661737	1	0.0412065	8.4E-01	0.00027608	0.00610462	0.00204527	9.6E-01
rs111886096	16	53598310	0.644304	A	G	0.862749	0.993464	0.275771	6.0E-01	0.00609596	0.00839048	0.52785	4.7E-01
rs7205986	16	53755146	0.644839	A	G	0.489156	0.988839	2.86436	9.1E-02	-0.00972153	0.00581361	2.79626	9.4E-02
rs5011579	16	69187318	0.855228	C	G	0.284543	0.994942	2.00433	1.6E-01	-0.00960003	0.00639989	2.25009	1.3E-01
rs12924872	16	69552215	0.858355	C	T	0.533307	0.984378	0.910921	3.4E-01	0.00560095	0.00583078	0.92272	3.4E-01
rs811054	16	72251132	0.873381	C	T	0.463207	0.985658	0.219881	6.4E-01	0.00239212	0.00581929	0.168976	6.8E-01
rs12926506	16	81722413	1.05397	C	T	0.829078	0.984727	0.634287	4.3E-01	-0.00820271	0.00771242	1.13118	2.9E-01
rs444964	16	89693190	1.30731	A	G	0.543837	0.975787	26.7311	2.3E-07	-0.0320803	0.00584074	30.1676	4.0E-08
rs77081114	17	1816762	0.0641667	G	A	0.834678	1	2.79507	9.5E-02	0.0123928	0.00777265	2.54217	1.1E-01
rs3026101	17	5280440	0.136672	T	C	0.696678	0.998494	5.91003	1.5E-02	-0.0166202	0.006285	6.99301	8.2E-03
rs10491104	17	15884561	0.425342	C	T	0.468483	1	0.281638	6.0E-01	-0.00358613	0.00578553	0.384209	5.4E-01
rs9906072	17	21245687	0.471598	T	C	0.487395	0.873727	2.54334	1.1E-01	0.0096779	0.00618494	2.44845	1.2E-01
rs9904602	17	34835526	0.595066	T	A	0.482568	0.99641	0.000154381	9.9E-01	-0.000548405	0.0057843	0.00898878	9.2E-01
rs883544	17	37387413	0.639392	A	G	0.23109	1	39.5562	3.2E-10	-0.0439876	0.00684398	41.3088	1.3E-10
rs17616799	17	46039553	0.703155	A	G	0.898303	0.994334	1.07446	3.0E-01	-0.0105101	0.00955529	1.20984	2.7E-01
rs55797392	17	47055622	0.707863	G	A	0.590061	0.985453	1.01083	3.1E-01	0.00515932	0.005898	0.7652	3.8E-01
rs7211966	17	54374611	0.801315	C	T	0.981746	0.996866	0.297178	5.9E-01	0.00183058	0.0215025	0.00724768	9.3E-01
rs17631394	17	61646000	0.886955	G	A	0.736313	0.99153	1.7503	1.9E-01	0.00949717	0.00657257	2.08794	1.5E-01
rs2619976	17	71754545	1.06134	C	T	0.589374	0.992569	3.57248	5.9E-02	-0.0132895	0.00589646	5.07965	2.4E-02
rs4424946	17	78554888	1.24995	T	C	0.76244	0.998925	0.05016	8.2E-01	0.00220994	0.00678119	0.106206	7.4E-01
rs4076427	17	79087537	1.26024	G	C	0.609501	0.985353	0.0101477	9.2E-01	-0.00181817	0.00592994	0.0940087	7.6E-01
rs1371274	18	1837007	0.0479005	A	C	0.863391	0.995553	0.546596	4.6E-01	0.00542124	0.0083793	0.418584	5.2E-01
rs11875960	18	21071925	0.432054	A	G	0.650096	0.974621	0.107157	7.4E-01	0.00406788	0.00613051	0.440294	5.1E-01
rs9807506	18	39493911	0.604143	C	T	0.110656	0.995331	0.631948	4.3E-01	0.00599133	0.0092085	0.42332	5.2E-01
rs4890428	18	40697340	0.611694	G	T	0.578445	0.994435	0.363501	5.5E-01	0.00472216	0.0058677	0.647657	4.2E-01
rs7239114	18	45921214	0.66958	G	A	0.458178	0.985699	0.182794	6.7E-01	-0.00211864	0.00583359	0.1319	7.2E-01
rs72934723	18	53305311	0.747109	A	G	0.961078	0.966483	0.229101	6.3E-01	0.00852518	0.0151824	0.3153	5.7E-01
rs2187176	18	57679365	0.819838	A	G	0.310295	0.982596	0.0055532	9.4E-01	8.29184e-05	0.00629306	0.000173611	9.9E-01
rs117758180	18	57809744	0.821562	C	T	0.97669	1	0.0517222	8.2E-01	0.00145208	0.0191017	0.00577875	9.4E-01
rs113268469	18	57862913	0.821729	C	T	0.9827	0.966786	0.710742	4.0E-01	-0.0199413	0.0225122	0.784645	3.8E-01
rs11668832	19	1812682	0.0683182	A	G	0.450586	0.989019	0.659983	4.2E-01	-0.00441998	0.005821	0.57656	4.5E-01
rs72976986	19	4050424	0.142675	G	A	0.811104	0.984512	0.735992	3.9E-01	0.00623687	0.00744573	0.701648	4.0E-01
rs55714539	19	18207397	0.447742	A	C	0.656386	0.982807	0.132146	7.2E-01	0.00202914	0.00611243	0.110203	7.4E-01
rs17724992	19	18454825	0.450275	A	G	0.729741	0.991647	3.00642	8.3E-02	0.00958446	0.00650923	2.16808	1.4E-01
rs2003476	19	18806668	0.454309	T	C	0.593522	0.986683	2.86624	9.0E-02	0.0114434	0.00590582	3.7545	5.3E-02
rs12461902	19	30265235	0.512848	G	A	0.672561	0.985963	5.28084	2.2E-02	-0.0146148	0.00620696	5.54404	1.9E-02
rs11882409	19	34019685	0.562915	C	A	0.713596	0.966519	0.987811	3.2E-01	-0.00725541	0.00648749	1.25075	2.6E-01
rs12972156	19	45387459	0.706904	C	G	0.852081	0.986153	0.606241	4.4E-01	0.00979849	0.0081882	1.43199	2.3E-01
rs61373376	19	46183586	0.718752	C	T	0.846083	0.997919	4.30874	3.8E-02	-0.0155554	0.00797912	3.8006	5.1E-02
rs12609885	19	47545028	0.744032	C	T	0.110746	0.970308	5.73081	1.7E-02	-0.0234668	0.00935954	6.28632	1.2E-02
rs1884389	20	1410582	0.0620248	C	T	0.560207	0.990862	0.0325638	8.6E-01	0.0013527	0.00584007	0.0536497	8.2E-01
rs1321453	20	6585670	0.214258	G	A	0.331987	0.979962	0.130599	7.2E-01	0.00377733	0.00620654	0.370401	5.4E-01
rs947088	20	17171373	0.411628	G	T	0.280165	0.992316	0.120375	7.3E-01	-0.00130195	0.00645661	0.0406611	8.4E-01
rs8116853	20	21439820	0.48109	A	G	0.902971	0.99434	0.363867	5.5E-01	-0.00709173	0.00975193	0.528838	4.7E-01
rs242130	20	25594020	0.516495	C	A	0.591726	0.998096	29.6329	5.2E-08	0.0323208	0.00586997	30.3174	3.7E-08
rs6142137	20	32903904	0.536896	T	C	0.570829	0.978248	37.739	8.1E-10	-0.0353358	0.00590986	35.7498	2.2E-09
rs11699260	20	50813508	0.791033	G	C	0.711503	0.999421	0.356119	5.5E-01	-0.00544721	0.00634991	0.73589	3.9E-01
rs2836753	21	40291187	0.447396	T	C	0.362776	0.999333	4.01365	4.5E-02	-0.00958301	0.00599296	2.55694	1.1E-01
rs1964926	21	42653121	0.51205	A	G	0.354209	0.992207	8.53472	3.5E-03	-0.0185199	0.00606098	9.33671	2.2E-03
rs8130074	21	46498684	0.621941	C	G	0.35111	0.996511	0.0364548	8.5E-01	0.00108825	0.00606313	0.0322156	8.6E-01
rs4820399	22	40546633	0.498151	C	T	0.406976	0.991505	0.428683	5.1E-01	-0.00490363	0.00588142	0.695138	4.0E-01
rs13053342	22	48871624	0.664334	G	A	0.577439	0.990848	0.0217826	8.8E-01	-4.46306e-05	0.00585156	5.81731e-05	9.9E-01
