rs28788874	1	1520725	0.0141684	C	T	0.584645	0.768295	0.157289	6.9E-01	-0.00233627	0.00648887	0.12963	7.2E-01
rs72634501	1	39551488	0.669558	T	C	0.760722	0.973003	3.28542	7.0E-02	-0.0124792	0.00669528	3.47407	6.2E-02
rs7545034	1	47659445	0.739124	T	C	0.495284	0.986554	0.00825617	9.3E-01	-8.15242e-05	0.00567835	0.000206124	9.9E-01
rs7553454	1	49231261	0.759781	T	C	0.774922	0.984417	0.748931	3.9E-01	0.00511795	0.00677958	0.569883	4.5E-01
rs1013293	1	62570321	0.915785	G	A	0.570086	0.987679	0.335952	5.6E-01	-0.00251949	0.00569439	0.195764	6.6E-01
rs2422134	1	72514701	1.03261	G	C	0.494348	0.995097	0.517281	4.7E-01	-0.00370713	0.00564105	0.431873	5.1E-01
rs6690871	1	74977277	1.04309	A	G	0.592509	0.986356	0.0826881	7.7E-01	-0.00205993	0.00577547	0.127213	7.2E-01
rs2247536	1	77919438	1.07305	G	C	0.73433	0.984022	1.31048	2.5E-01	0.00761181	0.00643912	1.39741	2.4E-01
rs1536023	1	96882019	1.26526	C	A	0.779568	0.988892	1.05753	3.0E-01	0.00694844	0.00684224	1.03128	3.1E-01
rs10747488	1	98299475	1.27829	C	A	0.231459	0.993887	2.27126	1.3E-01	-0.0108497	0.00671406	2.61133	1.1E-01
rs920835	1	107946802	1.36667	G	A	0.707518	0.968585	0.662032	4.2E-01	-0.0055701	0.00630271	0.781038	3.8E-01
rs892511	1	110078255	1.38888	C	G	0.97053	0.964927	2.11819e-05	1.0E+00	0.00157076	0.0169465	0.00859127	9.3E-01
rs12033257	1	112318484	1.42838	A	G	0.62133	0.983831	0.090109	7.6E-01	0.00145923	0.005867	0.0618606	8.0E-01
rs4357530	1	151103153	1.65977	G	A	0.321175	0.991504	0.000807443	9.8E-01	-5.7803e-05	0.0060645	9.0847e-05	9.9E-01
rs148261599	1	155253286	1.69959	C	G	0.796064	0.939661	0.0206641	8.9E-01	-0.00174367	0.00719519	0.0587276	8.1E-01
rs12565430	1	174400537	1.95129	G	A	0.890524	0.989663	0.00250453	9.6E-01	-0.00154282	0.00904965	0.0290649	8.6E-01
rs10913418	1	177755299	1.98687	C	A	0.596543	0.989574	4.36975	3.7E-02	-0.0124494	0.00577547	4.64647	3.1E-02
rs1359940	1	177848153	1.98809	T	C	0.54295	0.978287	0.0214147	8.8E-01	0.00128143	0.0057235	0.0501263	8.2E-01
rs9425633	1	184657251	2.05452	T	C	0.517794	0.997773	0.109826	7.4E-01	-0.00181581	0.00563972	0.103663	7.5E-01
rs10801363	1	194922207	2.13186	T	A	0.632618	0.99595	0.0309652	8.6E-01	2.90536e-05	0.00585313	2.4639e-05	1.0E+00
rs2494116	1	201784151	2.19723	G	A	0.451504	0.998902	0.639112	4.2E-01	0.00513711	0.00565682	0.824693	3.6E-01
rs12042959	1	243533273	2.82744	A	G	0.856849	0.985729	1.41007	2.4E-01	0.0102006	0.00808524	1.59171	2.1E-01
rs6548228	2	345889	0.00380575	T	C	0.476193	0.997111	0.0132585	9.1E-01	0.00128043	0.00564817	0.0513919	8.2E-01
rs2667214	2	449487	0.00560823	A	G	0.676484	0.984343	0.89959	3.4E-01	-0.00569042	0.00607744	0.876691	3.5E-01
rs10176391	2	574368	0.00678655	C	G	0.988533	0.920209	0.547816	4.6E-01	0.0192934	0.0275602	0.490066	4.8E-01
rs75971153	2	24689143	0.455958	T	C	0.80528	0.974205	0.12925	7.2E-01	-0.00241823	0.00720589	0.112621	7.4E-01
rs75503394	2	25155419	0.457101	C	T	0.90455	0.987449	3.92772	4.7E-02	-0.0196492	0.00962992	4.16338	4.1E-02
rs10048652	2	35449306	0.577825	T	C	0.438367	0.999392	0.681947	4.1E-01	-0.00505784	0.00568816	0.790652	3.7E-01
rs698838	2	44738763	0.693339	C	T	0.374398	1	0.0130258	9.1E-01	-0.000468249	0.00582445	0.00646316	9.4E-01
rs4953423	2	47025672	0.736991	C	T	0.641894	0.986288	0.276893	6.0E-01	-0.00255865	0.00592606	0.186418	6.7E-01
rs9636391	2	50201110	0.779779	A	G	0.161867	0.994454	1.62586	2.0E-01	0.00928133	0.00765455	1.47022	2.3E-01
rs3198123	2	55207693	0.827446	C	T	0.698638	0.993954	0.710461	4.0E-01	0.00584537	0.00616639	0.89859	3.4E-01
rs13032423	2	57992112	0.847237	G	A	0.445409	0.996747	2.51449	1.1E-01	0.00866446	0.00568582	2.32219	1.3E-01
rs55767040	2	58955028	0.850031	T	C	0.699424	0.989049	1.06045	3.0E-01	0.00635182	0.00619355	1.05176	3.1E-01
rs980183	2	59311536	0.858192	G	A	0.398028	0.996406	0.230745	6.3E-01	0.00223165	0.00576348	0.149928	7.0E-01
rs7557796	2	86766153	1.16162	T	C	0.352319	0.999778	0.382715	5.4E-01	0.00309311	0.00590034	0.274812	6.0E-01
rs13023088	2	100576304	1.22131	C	T	0.849867	0.99385	0.18521	6.7E-01	0.0032269	0.00789851	0.16691	6.8E-01
rs9308868	2	104361420	1.24985	G	A	0.475702	0.997977	1.14803	2.8E-01	-0.00640089	0.00565537	1.28103	2.6E-01
rs1349512	2	105435369	1.26243	T	C	0.689851	0.999103	0.747981	3.9E-01	-0.00457892	0.0060848	0.566283	4.5E-01
rs1530559	2	135755629	1.58463	A	G	0.600767	1	1.80979	1.8E-01	0.00582321	0.00570495	1.04189	3.1E-01
rs2034604	2	143958745	1.64938	C	T	0.46327	0.997459	0.0825196	7.7E-01	0.00170917	0.00565985	0.0911931	7.6E-01
rs12692596	2	161265910	1.78694	C	T	0.629274	0.996301	2.75567	9.7E-02	-0.00917159	0.00581931	2.48397	1.2E-01
rs12328675	2	165540800	1.81492	T	C	0.879685	0.99881	7.93101	4.9E-03	0.0233231	0.00864608	7.27668	7.0E-03
rs17539351	2	169766560	1.85524	C	T	0.898599	0.953959	92.7961	5.8E-22	0.0924946	0.0095666	93.4799	4.1E-22
rs6745626	2	181436641	2.00364	C	T	0.40873	0.996845	0.0246971	8.8E-01	-0.000683892	0.0057386	0.0142024	9.1E-01
rs6743255	2	205363596	2.17314	A	G	0.119707	1	0.0585121	8.1E-01	0.00334508	0.00866159	0.149148	7.0E-01
rs13000757	2	207145906	2.20108	G	T	0.495489	0.995817	9.73726	1.8E-03	-0.0172319	0.00565606	9.28196	2.3E-03
rs11692326	2	208263279	2.21189	C	T	0.769946	0.999964	5.48458	1.9E-02	-0.0146009	0.00667975	4.77791	2.9E-02
rs12611517	2	228977034	2.47863	T	A	0.656835	0.999378	0.407945	5.2E-01	-0.00406714	0.00593343	0.46986	4.9E-01
rs12473885	2	230569590	2.5018	G	T	0.878199	0.993886	0.34252	5.6E-01	-0.00514048	0.00862161	0.355492	5.5E-01
rs13098833	3	20428568	0.395393	A	G	0.723689	0.994024	0.388129	5.3E-01	-0.00388969	0.00634336	0.376004	5.4E-01
rs754635	3	42305131	0.652861	C	G	0.112942	0.99768	0.228233	6.3E-01	0.00439463	0.00887252	0.245329	6.2E-01
rs72906474	3	47817007	0.688057	G	T	0.417182	0.973948	3.6927	5.5E-02	-0.0111584	0.00579153	3.71207	5.4E-02
rs71326904	3	49991060	0.690403	C	T	0.749079	0.999883	0.17303	6.8E-01	-0.00218202	0.00649998	0.112692	7.4E-01
rs1371095	3	61147530	0.807508	A	G	0.581757	0.99157	1.78572	1.8E-01	-0.00757075	0.0057381	1.74077	1.9E-01
rs9874646	3	62462818	0.82936	C	T	0.314342	0.963027	0.200275	6.5E-01	0.00268994	0.00618493	0.189153	6.6E-01
rs7430139	3	82504148	1.08216	A	G	0.834737	1	0.272305	6.0E-01	-0.00339842	0.00760316	0.199786	6.5E-01
rs1248859	3	85017098	1.08828	G	C	0.330948	0.996188	0.477074	4.9E-01	0.00344957	0.00600364	0.330141	5.7E-01
rs9857105	3	93893210	1.10433	A	G	0.459948	0.997124	1.81821	1.8E-01	0.00787492	0.00567126	1.92811	1.6E-01
rs11917909	3	107864673	1.2019	G	A	0.649691	0.995989	1.17814	2.8E-01	-0.00630332	0.0059057	1.13919	2.9E-01
rs4072921	3	123022429	1.35601	C	T	0.752171	0.993344	28.6542	8.7E-08	0.0363387	0.00653991	30.8741	2.8E-08
rs9827662	3	135710841	1.49347	C	A	0.753883	0.999173	0.959472	3.3E-01	-0.00677416	0.00653624	1.07413	3.0E-01
rs355786	3	153990749	1.684	G	A	0.607476	0.999005	0.0544176	8.2E-01	0.00139047	0.0057857	0.0577577	8.1E-01
rs6804915	3	170627909	1.79817	C	A	0.707525	0.995412	45.3834	1.6E-11	0.0421673	0.00620138	46.2354	1.0E-11
rs9867130	3	185729753	2.0208	A	G	0.141671	0.965346	0.18374	6.7E-01	-0.00330335	0.00824552	0.160499	6.9E-01
rs11736501	4	18451423	0.339653	A	C	0.680228	0.997158	1.17191	2.8E-01	-0.00646183	0.00603983	1.14462	2.8E-01
rs73244271	4	20091053	0.357316	A	G	0.887531	0.995322	1.28236	2.6E-01	-0.00944338	0.00896277	1.11012	2.9E-01
rs6849555	4	25150890	0.433804	G	C	0.799714	0.94032	0.216678	6.4E-01	0.00404066	0.00726107	0.309672	5.8E-01
rs4623046	4	45042343	0.679347	G	A	0.332291	0.994028	0.50744	4.8E-01	0.00433085	0.00598656	0.52335	4.7E-01
rs6829208	4	52728640	0.6941	T	C	0.726307	0.99807	0.941582	3.3E-01	0.00617557	0.00631394	0.956647	3.3E-01
rs6815651	4	55487718	0.714225	C	T	0.450217	0.994486	0.058097	8.1E-01	-0.00108708	0.00566873	0.0367747	8.5E-01
rs923994	4	67802992	0.836181	A	G	0.217191	0.992221	0.655916	4.2E-01	0.00493309	0.00683441	0.520999	4.7E-01
rs12645001	4	96018337	1.09763	G	A	0.650875	0.99796	3.12844	7.7E-02	-0.0106678	0.00590742	3.26104	7.1E-02
rs13105682	4	102702364	1.15516	T	G	0.941449	0.93989	0.234527	6.3E-01	-0.00602653	0.0123802	0.236963	6.3E-01
rs11728213	4	113309647	1.25168	G	A	0.68366	0.99931	5.19137e-06	1.0E+00	-0.000215959	0.0060677	0.00126676	9.7E-01
rs1296328	4	137083193	1.44321	A	C	0.440133	0.99123	0.401147	5.3E-01	-0.00399826	0.00572473	0.487788	4.8E-01
rs4863516	4	140773770	1.49281	T	C	0.67205	0.999318	0.608463	4.4E-01	0.00467884	0.00599464	0.609187	4.4E-01
rs750090	4	152931436	1.59021	T	C	0.64654	0.97605	2.80461	9.4E-02	0.00977723	0.00593243	2.71623	9.9E-02
rs13110266	4	162129844	1.69444	G	A	0.58199	0.993805	0.157818	6.9E-01	0.00213536	0.00572234	0.139249	7.1E-01
rs4597930	5	27171542	0.425308	T	C	0.717835	0.997265	5.20812	2.2E-02	0.0141024	0.00627578	5.04955	2.5E-02
rs6451675	5	43110855	0.62057	C	G	0.307464	0.990847	1.68237	1.9E-01	-0.0086593	0.00612193	2.00073	1.6E-01
rs6449674	5	62995938	0.739824	T	C	0.52249	0.996207	0.00703895	9.3E-01	0.00132079	0.00564769	0.0546924	8.2E-01
rs6891856	5	63972658	0.744519	G	T	0.472567	0.983364	1.04772	3.1E-01	0.00647508	0.00569083	1.29461	2.6E-01
rs4072296	5	74242002	0.858799	T	C	0.460112	0.938263	0.225006	6.4E-01	-0.00284187	0.00583172	0.237474	6.3E-01
rs11740689	5	80841360	0.956164	A	C	0.6817	0.9953	0.273819	6.0E-01	-0.00322342	0.00605198	0.283687	5.9E-01
rs77156384	5	87709219	1.01438	A	G	0.97907	1	4.09232e-05	9.9E-01	-0.00170669	0.0197	0.00750548	9.3E-01
rs7701355	5	88804839	1.01946	G	T	0.57851	0.999666	0.325469	5.7E-01	-0.00317124	0.0057132	0.308106	5.8E-01
rs6885199	5	92574633	1.04879	G	A	0.962159	1	0.00327405	9.5E-01	0.00189743	0.0147593	0.0165271	9.0E-01
rs12186664	5	95630225	1.07202	A	T	0.684167	0.993149	19.5215	9.9E-06	0.0262541	0.00607008	18.707	1.5E-05
rs1835978	5	107265051	1.15538	T	C	0.111171	0.976322	2.72041	9.9E-02	0.0138287	0.00905639	2.33161	1.3E-01
rs459552	5	112176756	1.19663	T	A	0.232819	1	0.34838	5.6E-01	0.00402283	0.00665398	0.36551	5.5E-01
rs329120	5	133861756	1.41589	C	T	0.57965	0.996967	0.0360146	8.5E-01	-0.000713096	0.00572159	0.0155333	9.0E-01
rs356453	5	139053563	1.4578	G	A	0.669252	0.993285	1.00404	3.2E-01	0.00533011	0.00599815	0.789657	3.7E-01
rs2190788	5	144484261	1.52142	G	T	0.681293	0.989372	1.50421	2.2E-01	-0.0074381	0.00609677	1.48842	2.2E-01
rs7701886	5	153547409	1.6413	G	A	0.453301	0.99206	1.00179	3.2E-01	-0.00547194	0.00568376	0.926854	3.4E-01
rs2287894	5	170322919	1.86356	T	A	0.27238	0.998905	0.346706	5.6E-01	-0.00427192	0.00633563	0.45464	5.0E-01
rs10947758	6	12093961	0.272682	T	C	0.645944	0.995017	2.61056	1.1E-01	-0.00981607	0.00591533	2.75371	9.7E-02
rs9357634	6	13192190	0.290983	T	C	0.701589	0.98883	1.5225	2.2E-01	0.00824725	0.00619901	1.77	1.8E-01
rs3806114	6	20482335	0.408974	G	A	0.330678	0.979566	0.155306	6.9E-01	-0.00275243	0.00605993	0.206299	6.5E-01
rs2768	6	31321856	0.512785	A	G	0.749662	0.995049	0.527157	4.7E-01	0.00587173	0.00652907	0.80878	3.7E-01
rs2260051	6	31591918	0.515519	A	T	0.438076	0.999979	1.04927	3.1E-01	-0.00654523	0.00567072	1.33221	2.5E-01
rs57493997	6	34443523	0.547182	T	C	0.907405	0.988432	0.0601775	8.1E-01	0.00288271	0.00977234	0.0870172	7.7E-01
rs35679149	6	43604167	0.672046	A	G	0.973506	1	0.637746	4.2E-01	0.0124289	0.0175665	0.500608	4.8E-01
rs4714925	6	46304194	0.722787	A	G	0.493079	0.998125	0.0274678	8.7E-01	0.000839974	0.00564183	0.0221662	8.8E-01
rs9473821	6	50356035	0.748721	T	C	0.122363	0.995677	0.0129372	9.1E-01	0.00201121	0.00861666	0.0544798	8.2E-01
rs1369869	6	83366282	0.934423	C	T	0.55887	0.987317	2.23607	1.3E-01	0.00856687	0.00570937	2.25147	1.3E-01
rs6905544	6	98411631	1.06235	A	G	0.398804	0.997318	0.0302943	8.6E-01	-0.000534793	0.00576334	0.0086104	9.3E-01
rs1575676	6	108861264	1.17848	C	T	0.628166	0.997454	0.000178579	9.9E-01	-0.000562119	0.00582166	0.00932316	9.2E-01
rs9387640	6	119508871	1.25792	C	T	0.635346	1	2.24952	1.3E-01	0.00821203	0.00586744	1.95886	1.6E-01
rs198665	6	143154886	1.51958	C	A	0.629548	0.991725	0.598544	4.4E-01	0.00425526	0.00586426	0.526534	4.7E-01
rs7755574	6	153364643	1.66311	G	T	0.71813	0.997121	10.7111	1.1E-03	-0.021754	0.00630238	11.9144	5.6E-04
rs13209728	6	162997533	1.81843	A	C	0.861102	0.999607	0.408283	5.2E-01	-0.00487942	0.00815518	0.357989	5.5E-01
rs11767176	7	1852823	0.0275939	G	A	0.788532	0.994823	0.0733506	7.9E-01	-0.00182983	0.006896	0.0704085	7.9E-01
rs4307239	7	24354300	0.415589	A	G	0.540197	0.99283	1.19419	2.7E-01	-0.00672112	0.00567029	1.40499	2.4E-01
rs2908294	7	44204426	0.694879	C	T	0.777777	0.994374	46.0559	1.1E-11	-0.0464373	0.00679498	46.7043	8.3E-12
rs3807566	7	50564204	0.76671	G	T	0.56109	0.994523	0.0646066	8.0E-01	0.00178115	0.00568191	0.0982686	7.5E-01
rs4718966	7	70040558	0.868636	C	T	0.584963	0.992694	0.640734	4.2E-01	-0.00477035	0.00575004	0.688269	4.1E-01
rs10950289	7	71429308	0.890251	A	G	0.837435	0.9787	4.98969	2.5E-02	0.0166996	0.00770371	4.69908	3.0E-02
rs6964833	7	74101909	0.91305	T	C	0.742249	0.9996	0.0944968	7.6E-01	0.00269506	0.00644936	0.174623	6.8E-01
rs7805441	7	78121458	0.952449	C	T	0.496061	0.987826	0.133061	7.2E-01	0.0013307	0.00568836	0.0547249	8.2E-01
rs16868443	7	93206264	1.0947	G	C	0.638384	0.996209	0.178722	6.7E-01	-0.00276995	0.00585749	0.223625	6.4E-01
rs17155888	7	103416295	1.18694	T	A	0.57362	0.98913	1.57679	2.1E-01	-0.00734259	0.00572856	1.64289	2.0E-01
rs7788008	7	112972483	1.29323	G	A	0.566244	0.997606	0.342142	5.6E-01	0.00324002	0.00568336	0.325002	5.7E-01
rs12705908	7	113422504	1.29936	A	G	0.43569	0.999217	0.746166	3.9E-01	0.00468649	0.00568013	0.680734	4.1E-01
rs1563408	7	114303189	1.30467	G	A	0.518653	0.9976	0.103625	7.5E-01	0.00277027	0.005643	0.241004	6.2E-01
rs2968856	7	150614934	1.67963	T	C	0.750645	0.995794	0.631823	4.3E-01	-0.00523016	0.00653068	0.641377	4.2E-01
rs2921077	8	8304502	0.239157	G	A	0.535774	0.992952	0.135265	7.1E-01	0.00257978	0.00569107	0.205483	6.5E-01
rs2959592	8	17002725	0.407822	T	C	0.810322	0.987439	1.54044	2.1E-01	0.00825275	0.00723417	1.30143	2.5E-01
rs1362910	8	30856464	0.645028	A	G	0.419296	0.991461	0.931513	3.3E-01	-0.00518285	0.00570937	0.824064	3.6E-01
rs12681792	8	62054463	0.850895	C	A	0.807397	0.990908	0.279075	6.0E-01	0.00378324	0.0071925	0.276674	6.0E-01
rs7822926	8	64701966	0.867188	A	C	0.529159	0.995395	0.176635	6.7E-01	0.00205657	0.00566261	0.131902	7.2E-01
rs2017657	8	73426371	0.974058	G	T	0.427153	1	1.54098	2.1E-01	0.00723429	0.00571408	1.60288	2.1E-01
rs2943611	8	76473939	1.00704	T	C	0.203989	0.993157	0.00359691	9.5E-01	0.000268951	0.00701019	0.00147193	9.7E-01
rs9298280	8	77329753	1.00881	T	G	0.287899	0.987301	1.47951	2.2E-01	0.00719991	0.00624647	1.32857	2.5E-01
rs1180626	8	116476393	1.31509	G	A	0.224235	0.994168	0.618882	4.3E-01	0.00452741	0.00679961	0.443334	5.1E-01
rs10124645	9	11321119	0.255592	A	G	0.589791	0.991792	3.63122	5.7E-02	0.011298	0.00577137	3.83216	5.0E-02
rs2457637	9	15533394	0.341722	T	C	0.512732	0.988377	0.063017	8.0E-01	-0.0018475	0.00565915	0.106578	7.4E-01
rs6476065	9	28403813	0.542923	C	T	0.423691	0.971482	3.38527	6.6E-02	-0.0100105	0.00576951	3.01045	8.3E-02
rs12345603	9	29601893	0.557517	C	T	0.57499	0.971878	2.21907	1.4E-01	0.00899355	0.00578047	2.42067	1.2E-01
rs868980	9	92140852	1.08916	A	G	0.764272	0.992973	1.88977	1.7E-01	-0.0090665	0.00665381	1.85669	1.7E-01
rs7873003	9	96392945	1.13399	T	C	0.319887	0.990354	0.00274585	9.6E-01	0.00088591	0.00606517	0.0213351	8.8E-01
rs1852865	9	102750138	1.19624	C	T	0.434949	0.999839	0.326034	5.7E-01	0.00291852	0.00569862	0.262293	6.1E-01
rs7024334	9	109072075	1.25943	T	G	0.22098	0.999349	0.102655	7.5E-01	0.00175733	0.00678422	0.0670971	8.0E-01
rs1252008	9	120362838	1.43341	T	C	0.568669	0.998833	0.0210651	8.8E-01	0.000915146	0.00567797	0.0259773	8.7E-01
rs3829849	9	129390800	1.5324	C	T	0.630765	0.998111	0.267787	6.0E-01	-0.00279181	0.00583813	0.228677	6.3E-01
rs10733682	9	129460914	1.5336	A	G	0.474139	0.966242	0.458339	5.0E-01	0.00407287	0.00571309	0.508229	4.8E-01
rs2267958	9	131015279	1.55043	G	A	0.485528	0.958689	2.17088	1.4E-01	-0.00871382	0.00576485	2.28476	1.3E-01
rs11592619	10	3133714	0.0581012	C	T	0.625523	0.959415	34.5626	4.1E-09	0.0354618	0.00595304	35.4849	2.6E-09
rs10159545	10	21766969	0.466662	C	G	0.649347	0.986543	0.427046	5.1E-01	-0.00461958	0.00593347	0.60616	4.4E-01
rs12762034	10	33969931	0.621029	T	C	0.922659	0.998956	4.06651	4.4E-02	-0.0220411	0.0105377	4.37497	3.6E-02
rs4595495	10	53673286	0.748363	A	G	0.583815	0.998015	0.735586	3.9E-01	-0.00398036	0.00573966	0.48092	4.9E-01
rs4746855	10	64822828	0.870307	G	A	0.596692	1	5.34853	2.1E-02	0.0134649	0.00575475	5.47458	1.9E-02
rs12098284	10	76047464	0.999816	C	T	0.877519	0.998637	0.398565	5.3E-01	0.0050887	0.00859908	0.350195	5.5E-01
rs1249156	10	79979737	1.04291	T	C	0.294173	0.999324	0.600025	4.4E-01	0.0045428	0.00618786	0.538973	4.6E-01
rs12245654	10	87562928	1.13739	A	C	0.927009	0.984714	0.328264	5.7E-01	-0.00758233	0.0109054	0.483415	4.9E-01
rs472576	10	99694970	1.2698	G	C	0.540774	0.96945	0.0696306	7.9E-01	-0.00147256	0.00573125	0.0660156	8.0E-01
rs4074720	10	114748497	1.39784	C	T	0.534679	0.984751	2.63985	1.0E-01	-0.00970121	0.00568337	2.91366	8.8E-02
rs72828935	10	126587488	1.61238	G	C	0.716669	0.993686	0.236248	6.3E-01	-0.00278904	0.00627155	0.19777	6.6E-01
rs12778347	10	133978806	1.80077	G	T	0.423794	0.999758	0.00482946	9.4E-01	-0.000236869	0.00570023	0.00172676	9.7E-01
rs12802861	11	8387806	0.188896	C	T	0.713261	0.995592	6.31831	1.2E-02	0.0145066	0.00624309	5.39924	2.0E-02
rs7942486	11	13288698	0.267633	G	T	0.432176	0.998702	2.67038	1.0E-01	-0.00929816	0.00569788	2.66298	1.0E-01
rs12791818	11	27277760	0.463075	A	G	0.919007	0.937343	0.164845	6.8E-01	0.00388435	0.0106779	0.132331	7.2E-01
rs2679059	11	43599791	0.621966	A	T	0.402292	0.990165	0.0185032	8.9E-01	0.000848104	0.0057931	0.0214327	8.8E-01
rs11038428	11	45404318	0.657443	G	T	0.717427	0.990678	0.111723	7.4E-01	-0.00123814	0.00627808	0.0388941	8.4E-01
rs35184771	11	47475189	0.665304	G	T	0.647998	0.998878	2.54353	1.1E-01	0.00979625	0.00589305	2.76337	9.6E-02
rs11549690	11	63991581	0.731065	G	A	0.922812	1	1.3894	2.4E-01	-0.0131252	0.0105628	1.544	2.1E-01
rs10896007	11	65245829	0.737845	T	A	0.78911	0.98525	1.29699	2.5E-01	-0.00776551	0.00696977	1.24138	2.7E-01
rs667515	11	69449076	0.766481	G	C	0.611647	0.990296	2.87965	9.0E-02	0.00979575	0.00578806	2.86424	9.1E-02
rs2605603	11	93221105	1.00432	G	A	0.520237	0.995512	8.13237	4.3E-03	0.0152239	0.00562031	7.33724	6.8E-03
rs4937870	11	112826709	1.19814	A	G	0.68921	0.983578	0.136251	7.1E-01	-0.00216793	0.00613238	0.124978	7.2E-01
rs2187986	11	115001410	1.23045	G	A	0.524625	0.965018	0.0152095	9.0E-01	-0.000961997	0.00574915	0.0279988	8.7E-01
rs501351	11	118917814	1.29362	T	G	0.605734	0.997555	0.465997	4.9E-01	-0.00333637	0.0057672	0.334671	5.6E-01
rs7941030	11	122522375	1.35839	T	C	0.616148	1	1.45118	2.3E-01	0.00698311	0.00581322	1.44299	2.3E-01
rs4366492	11	130717256	1.51227	T	C	0.474564	0.99465	0.158333	6.9E-01	0.00225341	0.00563374	0.159988	6.9E-01
rs10894604	11	132641746	1.55638	T	G	0.651943	1	0.141008	7.1E-01	-0.00264234	0.00591344	0.199663	6.5E-01
rs11064524	12	889902	0.0208303	T	G	0.758572	1	4.30209	3.8E-02	0.0138815	0.00656901	4.46555	3.5E-02
rs7976757	12	19207948	0.354438	T	C	0.171184	0.989812	1.30523	2.5E-01	0.00785932	0.0074981	1.09867	2.9E-01
rs16926776	12	24001905	0.419584	C	T	0.922965	1	2.8738	9.0E-02	0.0173706	0.0105869	2.69211	1.0E-01
rs11181001	12	41948196	0.563104	A	G	0.469104	0.977653	0.604382	4.4E-01	0.00448109	0.0056908	0.620041	4.3E-01
rs2720296	12	50169070	0.630128	G	A	0.609635	0.950295	0.516607	4.7E-01	0.00352203	0.00593293	0.35241	5.5E-01
rs11173522	12	60953472	0.741724	C	A	0.784503	0.998242	2.94965	8.6E-02	0.0121417	0.0068698	3.1237	7.7E-02
rs317646	12	69657145	0.849888	G	A	0.275082	0.99846	0.000682594	9.8E-01	0.000338037	0.00632126	0.00285971	9.6E-01
rs704067	12	89726027	1.03172	G	A	0.545311	0.989595	0.496843	4.8E-01	0.00349133	0.00570358	0.374704	5.4E-01
rs591776	12	99538895	1.16639	C	T	0.364444	0.994453	0.721319	4.0E-01	0.00522817	0.00587289	0.792494	3.7E-01
rs4433630	12	103650031	1.2114	T	C	0.487415	0.978156	0.838713	3.6E-01	0.00510501	0.00567973	0.807863	3.7E-01
rs11832936	12	110549533	1.29782	A	C	0.610259	0.999756	0.101574	7.5E-01	-0.00119	0.00580047	0.0420887	8.4E-01
rs111828690	12	117576767	1.39704	C	T	0.779422	0.990204	10.612	1.1E-03	-0.0216819	0.00686132	9.98574	1.6E-03
rs144713920	12	122485389	1.46548	C	G	0.946023	0.956209	0.0068126	9.3E-01	0.00143966	0.0127476	0.0127544	9.1E-01
rs12317176	12	124404718	1.4789	T	C	0.662164	0.998072	0.635421	4.3E-01	0.00452789	0.00594425	0.580226	4.5E-01
rs9579775	13	20616557	0.0139469	A	C	0.863495	0.926233	1.12294	2.9E-01	-0.00911914	0.00853764	1.14086	2.9E-01
rs11149501	13	28459236	0.207475	T	C	0.775778	0.978794	32.9302	9.6E-09	-0.0397267	0.00683035	33.8282	6.0E-09
rs9591001	13	33042870	0.304346	G	A	0.634657	0.994769	6.4775	1.1E-02	-0.0148032	0.00588175	6.33429	1.2E-02
rs9568856	13	54064981	0.568758	G	A	0.871757	1	0.000423645	9.8E-01	0.000111754	0.00843113	0.000175694	9.9E-01
rs6561937	13	58257667	0.585042	T	A	0.24375	0.993408	1.17301	2.8E-01	0.00614565	0.00659773	0.867655	3.5E-01
rs1413125	13	59260131	0.587755	G	T	0.574066	0.994453	0.186372	6.7E-01	0.00268359	0.00572153	0.219992	6.4E-01
rs1441264	13	79580919	0.787841	G	A	0.406331	0.956515	0.281284	6.0E-01	-0.00328209	0.0058436	0.315457	5.7E-01
rs61969477	13	86477950	0.835644	T	C	0.717135	0.998003	0.250561	6.2E-01	0.00417369	0.00625336	0.445464	5.0E-01
rs1927790	13	96922191	0.93596	T	C	0.587622	0.998094	0.0955164	7.6E-01	0.00110694	0.00573528	0.0372512	8.5E-01
rs7335249	13	109962579	1.18904	T	C	0.587447	0.995494	8.14908	4.3E-03	0.0169067	0.00573585	8.68806	3.2E-03
rs7141213	14	25878636	0.160923	C	T	0.428447	0.99817	0.141024	7.1E-01	0.00152991	0.00571444	0.0716779	7.9E-01
rs6576279	14	29649958	0.207571	G	C	0.190334	0.998923	0.000151224	9.9E-01	-0.000156621	0.00715477	0.000479193	9.8E-01
rs2143975	14	33297398	0.262161	C	G	0.467867	0.986467	0.380093	5.4E-01	0.00320422	0.00570275	0.315702	5.7E-01
rs35020117	14	73341655	0.671145	T	G	0.538235	0.933938	1.12022	2.9E-01	0.00705528	0.00584616	1.45642	2.3E-01
rs7159565	14	79891894	0.74792	T	C	0.362697	0.984708	0.0562706	8.1E-01	-0.00174952	0.00588628	0.0883397	7.7E-01
rs1951455	14	91512339	0.88209	T	C	0.284033	0.997245	2.39422	1.2E-01	0.00955742	0.00624875	2.33935	1.3E-01
rs2273639	14	93762162	0.916561	C	T	0.692916	0.99913	0.0336627	8.5E-01	-0.000102822	0.00611626	0.000282619	9.9E-01
rs7161194	14	101529005	1.0886	A	G	0.336786	0.914125	2.07659	1.5E-01	0.00872537	0.00623026	1.96135	1.6E-01
rs12148050	14	103263788	1.11638	A	G	0.34884	0.9994	0.574698	4.5E-01	0.00425507	0.00589987	0.520149	4.7E-01
rs35443927	14	103849715	1.12404	C	T	0.630014	0.995118	0.0496634	8.2E-01	0.00202698	0.00582976	0.120892	7.3E-01
rs11070502	15	46574981	0.663836	G	A	0.422426	0.996515	1.28275	2.6E-01	-0.00649947	0.00571603	1.2929	2.6E-01
rs11631408	15	51746236	0.710161	A	G	0.45753	0.996425	0.703648	4.0E-01	0.00559056	0.00567222	0.971415	3.2E-01
rs12908949	15	59475713	0.795908	T	G	0.770138	0.991439	1.21804	2.7E-01	-0.00717449	0.00671774	1.1406	2.9E-01
rs12903168	15	67680209	0.914057	T	C	0.726812	0.98909	2.01323	1.6E-01	-0.00910496	0.00636126	2.04866	1.5E-01
rs4777542	15	73082366	0.987566	C	T	0.670399	0.995307	0.060147	8.1E-01	-0.00177455	0.00602507	0.0867472	7.7E-01
rs11855821	15	78008843	1.01251	G	A	0.714279	0.958126	0.401157	5.3E-01	-0.00443066	0.00635286	0.486405	4.9E-01
rs12914623	15	80993570	1.05801	G	C	0.732878	0.994175	0.388996	5.3E-01	0.00330239	0.00637511	0.268338	6.0E-01
rs7168523	15	95263911	1.31585	C	T	0.355279	0.99653	0.273838	6.0E-01	-0.00412229	0.00589277	0.489371	4.8E-01
rs1048786	16	336916	0.0036807	C	T	0.830944	1	0.0516155	8.2E-01	-0.00209849	0.0075202	0.0778676	7.8E-01
rs2601773	16	4001898	0.0718473	C	A	0.503445	0.995484	0.0277634	8.7E-01	0.00138421	0.00564216	0.0601884	8.1E-01
rs9934930	16	4902038	0.0862098	A	G	0.521224	0.994594	1.00826	3.2E-01	0.00608736	0.00567382	1.15108	2.8E-01
rs7187976	16	19708196	0.389763	A	G	0.820103	0.98274	0.647536	4.2E-01	-0.00684902	0.00738467	0.86019	3.5E-01
rs4238585	16	20255097	0.398011	C	T	0.131975	0.96298	2.65079	1.0E-01	-0.0138038	0.00847304	2.65411	1.0E-01
rs11074452	16	20370168	0.40198	C	G	0.490493	0.995812	2.37369	1.2E-01	-0.00806535	0.00564989	2.03782	1.5E-01
rs200539	16	24735178	0.466016	T	C	0.268741	0.996448	3.63161	5.7E-02	-0.0119792	0.00633612	3.57446	5.9E-02
rs2650494	16	28318440	0.541911	A	G	0.581194	0.992404	0.0217701	8.8E-01	-0.000571106	0.0057168	0.00997995	9.2E-01
rs4787483	16	29885447	0.552081	A	G	0.662259	1	0.301477	5.8E-01	0.00380755	0.00596546	0.407385	5.2E-01
rs111886096	16	53598310	0.644304	A	G	0.862398	0.993464	0.491435	4.8E-01	0.00474357	0.00819513	0.335042	5.6E-01
rs7205986	16	53755146	0.644839	A	G	0.489908	0.988839	0.514647	4.7E-01	-0.00420428	0.00568232	0.547434	4.6E-01
rs5011579	16	69187318	0.855228	C	G	0.284318	0.994942	2.87931	9.0E-02	0.0103004	0.00625893	2.70838	1.0E-01
rs12924872	16	69552215	0.858355	C	T	0.533333	0.984378	0.0602167	8.1E-01	0.0013143	0.00570089	0.0531498	8.2E-01
rs811054	16	72251132	0.873381	C	T	0.46276	0.985658	2.6198	1.1E-01	0.00955885	0.00568673	2.82544	9.3E-02
rs12926506	16	81722413	1.05397	C	T	0.829293	0.984727	0.0148805	9.0E-01	0.000107687	0.007541	0.000203923	9.9E-01
rs77081114	17	1816762	0.0641667	G	A	0.834906	1	0.0544702	8.2E-01	0.00200546	0.00759761	0.0696742	7.9E-01
rs3026101	17	5280440	0.136672	T	C	0.696394	0.998494	0.312406	5.8E-01	0.00347449	0.00613795	0.320432	5.7E-01
rs10491104	17	15884561	0.425342	C	T	0.468561	1	2.50909	1.1E-01	-0.00895981	0.00564876	2.51589	1.1E-01
rs9906072	17	21245687	0.471598	T	C	0.48672	0.873727	2.60953	1.1E-01	0.00905818	0.00604162	2.24789	1.3E-01
rs9904602	17	34835526	0.595066	T	A	0.482484	0.99641	0.479142	4.9E-01	-0.00347667	0.00564451	0.379379	5.4E-01
rs17616799	17	46039553	0.703155	A	G	0.898368	0.994334	0.379522	5.4E-01	0.00508195	0.00933947	0.296085	5.9E-01
rs55797392	17	47055622	0.707863	G	A	0.589732	0.985453	1.22812	2.7E-01	0.00671506	0.00576121	1.35854	2.4E-01
rs7211966	17	54374611	0.801315	C	T	0.98175	0.996866	0.117415	7.3E-01	-0.00657712	0.0210222	0.0978851	7.5E-01
rs17631394	17	61646000	0.886955	G	A	0.736584	0.99153	0.780445	3.8E-01	-0.00561337	0.00642488	0.763339	3.8E-01
rs2619976	17	71754545	1.06134	C	T	0.589063	0.992569	1.76618	1.8E-01	0.00779244	0.00575979	1.83035	1.8E-01
rs4424946	17	78554888	1.24995	T	C	0.762078	0.998925	1.20655	2.7E-01	0.0076097	0.0066184	1.32199	2.5E-01
rs4076427	17	79087537	1.26024	G	C	0.609855	0.985353	1.00679	3.2E-01	-0.0062179	0.00579304	1.15206	2.8E-01
rs1371274	18	1837007	0.0479005	A	C	0.863598	0.995553	1.18208	2.8E-01	-0.0100401	0.00819752	1.50006	2.2E-01
rs11875960	18	21071925	0.432054	A	G	0.650076	0.974621	1.80003	1.8E-01	0.00873088	0.00598544	2.12777	1.4E-01
rs9807506	18	39493911	0.604143	C	T	0.11051	0.995331	0.274998	6.0E-01	-0.0056342	0.0090049	0.391478	5.3E-01
rs4890428	18	40697340	0.611694	G	T	0.578738	0.994435	0.452537	5.0E-01	0.00423863	0.00573284	0.546653	4.6E-01
rs7239114	18	45921214	0.66958	G	A	0.458142	0.985699	0.183284	6.7E-01	0.0023311	0.00569587	0.167496	6.8E-01
rs72934723	18	53305311	0.747109	A	G	0.96096	0.966483	0.00986036	9.2E-01	0.00155186	0.0147994	0.0109956	9.2E-01
rs2187176	18	57679365	0.819838	A	G	0.310055	0.982596	0.68646	4.1E-01	0.00483845	0.00614667	0.61963	4.3E-01
rs117758180	18	57809744	0.821562	C	T	0.976783	1	0.637785	4.2E-01	0.0151768	0.018714	0.657701	4.2E-01
rs113268469	18	57862913	0.821729	C	T	0.982696	0.966786	1.34465	2.5E-01	-0.0236291	0.0219902	1.15462	2.8E-01
rs11668832	19	1812682	0.0683182	A	G	0.450704	0.989019	4.03761	4.4E-02	-0.0111321	0.00568877	3.82926	5.0E-02
rs72976986	19	4050424	0.142675	G	A	0.810733	0.984512	6.46703	1.1E-02	0.0171615	0.00726854	5.57462	1.8E-02
rs55714539	19	18207397	0.447742	A	C	0.65645	0.982807	0.0684045	7.9E-01	-0.00130159	0.00597563	0.047444	8.3E-01
rs17724992	19	18454825	0.450275	A	G	0.730233	0.991647	0.178146	6.7E-01	0.00327931	0.00636781	0.265207	6.1E-01
rs2003476	19	18806668	0.454309	T	C	0.593209	0.986683	0.335692	5.6E-01	0.00341383	0.00576319	0.35088	5.5E-01
rs12461902	19	30265235	0.512848	G	A	0.672461	0.985963	0.455365	5.0E-01	0.00467367	0.00606596	0.593631	4.4E-01
rs11882409	19	34019685	0.562915	C	A	0.713829	0.966519	1.22579	2.7E-01	0.00647833	0.00634199	1.04346	3.1E-01
rs12972156	19	45387459	0.706904	C	G	0.851921	0.986153	5.0181	2.5E-02	-0.0162297	0.00800139	4.11423	4.3E-02
rs61373376	19	46183586	0.718752	C	T	0.846129	0.997919	0.870375	3.5E-01	0.00821879	0.0077971	1.11109	2.9E-01
rs12609885	19	47545028	0.744032	C	T	0.110828	0.970308	0.489646	4.8E-01	-0.00719494	0.00914352	0.619195	4.3E-01
rs1884389	20	1410582	0.0620248	C	T	0.560551	0.990862	0.386516	5.3E-01	-0.00339873	0.00570125	0.35538	5.5E-01
rs1321453	20	6585670	0.214258	G	A	0.331945	0.979962	0.158573	6.9E-01	-0.00226771	0.00605686	0.140178	7.1E-01
rs947088	20	17171373	0.411628	G	T	0.28023	0.992316	0.589623	4.4E-01	0.00474478	0.00630729	0.565909	4.5E-01
rs8116853	20	21439820	0.48109	A	G	0.902599	0.99434	0.195728	6.6E-01	-0.00473146	0.00951383	0.247332	6.2E-01
rs6142096	20	32686658	0.536502	G	A	0.48115	0.998195	4.84282	2.8E-02	-0.0128855	0.00565059	5.20016	2.3E-02
rs11699260	20	50813508	0.791033	G	C	0.710783	0.999421	1.30905	2.5E-01	0.0068199	0.00620514	1.20796	2.7E-01
rs2836753	21	40291187	0.447396	T	C	0.362964	0.999333	1.62632	2.0E-01	-0.00727657	0.00585204	1.5461	2.1E-01
rs1964926	21	42653121	0.51205	A	G	0.35381	0.992207	0.25087	6.2E-01	-0.00321582	0.00592072	0.295009	5.9E-01
rs8130074	21	46498684	0.621941	C	G	0.351244	0.996511	1.35266	2.4E-01	-0.00681425	0.00591736	1.32611	2.5E-01
rs4820399	22	40546633	0.498151	C	T	0.407417	0.991505	2.35328	1.3E-01	0.00987932	0.005746	2.95612	8.6E-02
rs13053342	22	48871624	0.664334	G	A	0.577374	0.990848	0.128441	7.2E-01	0.0016562	0.00571676	0.0839312	7.7E-01
