SNP	CHR	BP	GENPOS	ALLELE1	ALLELE0	A1FREQ	INFO	CHISQ_LINREG	P_LINREG	BETA	SE	CHISQ_BOLT_LMM_INF	P_BOLT_LMM_INF	CHISQ_BOLT_LMM	P_BOLT_LMM
rs28788874	1	1520725	0.0141684	C	T	0.584735	0.768295	0.0676607	7.9E-01	-0.00188667	0.00641775	0.0864227	7.7E-01	0.102007	7.5E-01
rs28788874	1	1520725	0.0141684	C	T	0.584735	0.768295	0.0676607	7.9E-01	-0.00188667	0.00641775	0.0864227	7.7E-01	0.102007	7.5E-01
rs72634501	1	39551488	0.669558	T	C	0.760747	0.973003	17.8015	2.5E-05	-0.0294675	0.00662228	19.8002	8.6E-06	20.483	6.0E-06
rs7545034	1	47659445	0.739124	T	C	0.495311	0.986554	3.12875	7.7E-02	0.00881392	0.0056153	2.46373	1.2E-01	1.40196	2.4E-01
rs7553454	1	49231261	0.759781	T	C	0.774904	0.984417	2.49115	1.1E-01	-0.0105382	0.00670391	2.471	1.2E-01	2.734	9.8E-02
rs12117661	1	55487346	0.808955	C	G	0.755046	0.987273	35.1193	3.1E-09	-0.0374299	0.00653589	32.7966	1.0E-08	31.7643	1.7E-08
rs2422134	1	72514701	1.03261	G	C	0.494392	0.995097	0.332801	5.6E-01	0.00375636	0.00557939	0.453274	5.0E-01	0.554408	4.6E-01
rs6690871	1	74977277	1.04309	A	G	0.592502	0.986356	5.23251	2.2E-02	-0.012106	0.0057112	4.49313	3.4E-02	5.61596	1.8E-02
rs2247536	1	77919438	1.07305	G	C	0.734406	0.984022	0.628411	4.3E-01	0.00671546	0.00636836	1.11198	2.9E-01	1.94612	1.6E-01
rs1536023	1	96882019	1.26526	C	A	0.779556	0.988892	0.460212	5.0E-01	0.00366622	0.0067662	0.293595	5.9E-01	0.403552	5.3E-01
rs10747488	1	98299475	1.27829	C	A	0.231417	0.993887	3.01608	8.2E-02	0.0124482	0.00664087	3.51366	6.1E-02	4.77395	2.9E-02
rs920835	1	107946802	1.36667	G	A	0.707486	0.968585	0.115897	7.3E-01	0.00114642	0.00623264	0.033833	8.5E-01	0.0128599	9.1E-01
rs4970834	1	109814880	1.38703	C	T	0.813975	0.988774	31.7946	1.7E-08	-0.0395679	0.00719349	30.2556	3.8E-08	32.4741	1.2E-08
rs4357530	1	151103153	1.65977	G	A	0.321207	0.991504	0.228345	6.3E-01	-0.00329053	0.00599712	0.301055	5.8E-01	0.123851	7.2E-01
rs148261599	1	155253286	1.69959	C	G	0.796018	0.939661	0.363757	5.5E-01	-0.00329999	0.00711479	0.21513	6.4E-01	0.417988	5.2E-01
rs12565430	1	174400537	1.95129	G	A	0.890495	0.989663	0.210848	6.5E-01	0.00298091	0.00894837	0.110971	7.4E-01	0.0666419	8.0E-01
rs10913418	1	177755299	1.98687	C	A	0.596511	0.989574	0.566075	4.5E-01	-0.0055497	0.00571191	0.94401	3.3E-01	0.941873	3.3E-01
rs1359940	1	177848153	1.98809	T	C	0.542981	0.978287	1.66905	2.0E-01	0.00700792	0.00566023	1.53289	2.2E-01	1.92559	1.7E-01
rs9425633	1	184657251	2.05452	T	C	0.517837	0.997773	1.45929	2.3E-01	-0.00688369	0.00557745	1.52325	2.2E-01	2.66971	1.0E-01
rs10801363	1	194922207	2.13186	T	A	0.632532	0.99595	0.270289	6.0E-01	-0.00281256	0.00578729	0.236185	6.3E-01	0.0568156	8.1E-01
rs2494116	1	201784151	2.19723	G	A	0.451622	0.998902	1.86174	1.7E-01	-0.00681754	0.00559359	1.48551	2.2E-01	1.0986	2.9E-01
rs2642438	1	220970028	2.44813	A	G	0.294065	1	42.1069	8.6E-11	0.0397737	0.00613081	42.0878	8.7E-11	45.3916	1.6E-11
rs10779833	1	230293037	2.53593	A	G	0.260037	0.946525	31.8559	1.7E-08	0.0370692	0.00653219	32.2039	1.4E-08	30.4693	3.4E-08
rs12042959	1	243533273	2.82744	A	G	0.856757	0.985729	2.26404	1.3E-01	0.0125146	0.00799471	2.45036	1.2E-01	2.80329	9.4E-02
rs6548228	2	345889	0.00380575	T	C	0.476197	0.997111	15.4655	8.4E-05	0.022331	0.00558784	15.9708	6.4E-05	14.6884	1.3E-04
rs2667214	2	449487	0.00560823	A	G	0.676488	0.984343	1.29272	2.6E-01	-0.00688467	0.0060135	1.31073	2.5E-01	1.36949	2.4E-01
rs10176391	2	574368	0.00678655	C	G	0.988537	0.920209	1.12532	2.9E-01	0.027504	0.0272732	1.017	3.1E-01	1.0516	3.1E-01
rs4503953	2	21105335	0.419099	G	A	0.624628	0.976594	44.4319	2.6E-11	-0.039124	0.00580352	45.447	1.6E-11	49.2428	2.3E-12
rs4665378	2	27548038	0.473329	A	C	0.601213	0.998401	53.4021	2.7E-13	0.0419916	0.00569542	54.3591	1.7E-13	61.221	5.1E-15
rs10048652	2	35449306	0.577825	T	C	0.438309	0.999392	0.0240351	8.8E-01	0.000335716	0.00562755	0.00355881	9.5E-01	0.0904046	7.6E-01
rs56266464	2	44054991	0.686489	G	A	0.939556	0.986548	30.2003	3.9E-08	-0.0688134	0.0117913	34.0586	5.3E-09	40.4278	2.0E-10
rs698838	2	44738763	0.693339	C	T	0.374359	1	0.793074	3.7E-01	-0.00474144	0.005763	0.676897	4.1E-01	0.737183	3.9E-01
rs3198123	2	55207693	0.827446	C	T	0.698625	0.993954	2.22995	1.4E-01	0.0100263	0.00610101	2.7007	1.0E-01	1.78976	1.8E-01
rs13032423	2	57992112	0.847237	G	A	0.445418	0.996747	1.27966	2.6E-01	0.00743261	0.00562609	1.7453	1.9E-01	1.66133	2.0E-01
rs55767040	2	58955028	0.850031	T	C	0.699424	0.989049	0.513298	4.7E-01	-0.002681	0.00612755	0.191434	6.6E-01	0.380436	5.4E-01
rs980183	2	59311536	0.858192	G	A	0.398003	0.996406	3.22628	7.2E-02	0.0102165	0.00570241	3.20988	7.3E-02	4.21937	4.0E-02
rs7557796	2	86766153	1.16162	T	C	0.352323	0.999778	8.65517e-05	9.9E-01	0.000986655	0.0058384	0.028559	8.7E-01	0.0052315	9.4E-01
rs13023088	2	100576304	1.22131	C	T	0.849851	0.99385	2.43462	1.2E-01	0.0111892	0.00781491	2.04997	1.5E-01	2.22941	1.4E-01
rs9308868	2	104361420	1.24985	G	A	0.475644	0.997977	0.017497	8.9E-01	-0.00044452	0.00559518	0.0063118	9.4E-01	0.065664	8.0E-01
rs1349512	2	105435369	1.26243	T	C	0.689911	0.999103	0.102701	7.5E-01	-0.00193419	0.00602	0.103229	7.5E-01	0.0456388	8.3E-01
rs1530559	2	135755629	1.58463	A	G	0.600693	1	8.83644	3.0E-03	0.0139268	0.00564509	6.08644	1.4E-02	5.68336	1.7E-02
rs2034604	2	143958745	1.64938	C	T	0.463349	0.997459	1.0511	3.1E-01	0.00690663	0.00559945	1.52139	2.2E-01	1.38962	2.4E-01
rs12692596	2	161265910	1.78694	C	T	0.629192	0.996301	1.07939	3.0E-01	-0.00455103	0.00575687	0.624953	4.3E-01	0.467186	4.9E-01
rs12328675	2	165540800	1.81492	T	C	0.879644	0.99881	19.9335	8.0E-06	0.0375623	0.00855341	19.2852	1.1E-05	20.7294	5.3E-06
rs6745626	2	181436641	2.00364	C	T	0.408617	0.996845	0.661927	4.2E-01	-0.00558247	0.00567841	0.966493	3.3E-01	0.792946	3.7E-01
rs6743255	2	205363596	2.17314	A	G	0.119725	1	1.22139	2.7E-01	0.00792077	0.00856988	0.854251	3.6E-01	0.721569	4.0E-01
rs13000757	2	207145906	2.20108	G	T	0.495484	0.995817	0.0159334	9.0E-01	0.000618452	0.00559645	0.012212	9.1E-01	0.00863496	9.3E-01
rs11692326	2	208263279	2.21189	C	T	0.770028	0.999964	0.111709	7.4E-01	-0.00116819	0.00660979	0.0312359	8.6E-01	0.000379975	9.8E-01
rs78058190	2	219699999	2.34039	G	A	0.94995	0.784063	27.5306	1.5E-07	-0.0794365	0.0144977	30.0222	4.3E-08	29.8318	4.7E-08
rs1399627	2	227083411	2.44246	A	G	0.346844	0.995082	29.5685	5.4E-08	-0.033554	0.00585202	32.8759	9.8E-09	32.9967	9.2E-09
rs12611517	2	228977034	2.47863	T	A	0.656814	0.999378	5.19505	2.3E-02	-0.0133963	0.0058694	5.20935	2.2E-02	4.8702	2.7E-02
rs12473885	2	230569590	2.5018	G	T	0.878273	0.993886	1.34816	2.5E-01	0.00934473	0.00853221	1.19953	2.7E-01	1.25117	2.6E-01
rs13098833	3	20428568	0.395393	A	G	0.723663	0.994024	1.74155	1.9E-01	-0.00669869	0.00627968	1.1379	2.9E-01	0.614976	4.3E-01
rs754635	3	42305131	0.652861	C	G	0.112989	0.99768	0.405903	5.2E-01	0.0080122	0.00878165	0.832435	3.6E-01	0.678778	4.1E-01
rs72906474	3	47817007	0.688057	G	T	0.417107	0.973948	0.0387977	8.4E-01	-0.000806164	0.00573323	0.0197719	8.9E-01	0.0654538	8.0E-01
rs71326904	3	49991060	0.690403	C	T	0.749113	0.999883	0.550147	4.6E-01	-0.00467246	0.00643593	0.52707	4.7E-01	0.325651	5.7E-01
rs1371095	3	61147530	0.807508	A	G	0.581645	0.99157	1.11406	2.9E-01	-0.00567104	0.00568079	0.996572	3.2E-01	1.3734	2.4E-01
rs9874646	3	62462818	0.82936	C	T	0.314458	0.963027	0.00121465	9.7E-01	0.000304748	0.00612296	0.00247718	9.6E-01	0.00354896	9.5E-01
rs7430139	3	82504148	1.08216	A	G	0.834726	1	0.0028399	9.6E-01	0.000645925	0.00752667	0.00736477	9.3E-01	0.000305769	9.9E-01
rs1248859	3	85017098	1.08828	G	C	0.331024	0.996188	0.00278046	9.6E-01	0.000393204	0.00594243	0.00437832	9.5E-01	0.278941	6.0E-01
rs9857105	3	93893210	1.10433	A	G	0.459959	0.997124	0.633202	4.3E-01	-0.00449431	0.00561489	0.640684	4.2E-01	0.344581	5.6E-01
rs11917909	3	107864673	1.2019	G	A	0.64971	0.995989	2.10717	1.5E-01	0.00789373	0.00584571	1.82343	1.8E-01	1.73079	1.9E-01
rs2037001	3	131458973	1.44255	C	G	0.708207	0.979412	0.000434747	9.8E-01	-0.000950208	0.00620218	0.0234719	8.8E-01	0.295043	5.9E-01
rs9827662	3	135710841	1.49347	C	A	0.75398	0.999173	1.61922	2.0E-01	-0.00796453	0.00647156	1.51462	2.2E-01	2.00058	1.6E-01
rs355786	3	153990749	1.684	G	A	0.607502	0.999005	0.836625	3.6E-01	0.00482849	0.00572771	0.710658	4.0E-01	0.946038	3.3E-01
rs1604038	3	170709193	1.7983	C	T	0.714201	0.999363	11.9946	5.3E-04	-0.0210686	0.00616442	11.6812	6.3E-04	11.3775	7.4E-04
rs9867130	3	185729753	2.0208	A	G	0.141676	0.965346	0.0358123	8.5E-01	0.00138366	0.00816242	0.0287355	8.7E-01	0.00567611	9.4E-01
rs11736501	4	18451423	0.339653	A	C	0.680338	0.997158	0.377315	5.4E-01	-0.00331465	0.00597854	0.307386	5.8E-01	1.05581	3.0E-01
rs73244271	4	20091053	0.357316	A	G	0.887469	0.995322	3.2069	7.3E-02	-0.0154606	0.00886979	3.03826	8.1E-02	1.38925	2.4E-01
rs6849555	4	25150890	0.433804	G	C	0.799698	0.94032	3.19446	7.4E-02	0.01331	0.00718515	3.43151	6.4E-02	3.07057	8.0E-02
rs4623046	4	45042343	0.679347	G	A	0.33237	0.994028	2.50406	1.1E-01	0.00887394	0.00592509	2.24307	1.3E-01	2.57788	1.1E-01
rs6829208	4	52728640	0.6941	T	C	0.726338	0.99807	0.106054	7.4E-01	-0.0019359	0.0062498	0.0959476	7.6E-01	0.318399	5.7E-01
rs6815651	4	55487718	0.714225	C	T	0.450226	0.994486	7.2655	7.0E-03	0.0168031	0.00561054	8.96952	2.7E-03	9.25165	2.4E-03
rs923994	4	67802992	0.836181	A	G	0.217153	0.992221	0.521019	4.7E-01	0.00344135	0.0067653	0.258752	6.1E-01	0.0774411	7.8E-01
rs12645001	4	96018337	1.09763	G	A	0.650874	0.99796	1.31383	2.5E-01	-0.00620038	0.00584671	1.12464	2.9E-01	1.31928	2.5E-01
rs13105682	4	102702364	1.15516	T	G	0.941406	0.93989	22.607	2.0E-06	-0.0574414	0.0122494	21.9897	2.7E-06	24.7598	6.5E-07
rs11728213	4	113309647	1.25168	G	A	0.683684	0.99931	0.272799	6.0E-01	0.00198958	0.00600548	0.109755	7.4E-01	1.24632e-05	1.0E+00
rs1296328	4	137083193	1.44321	A	C	0.440098	0.99123	0.134278	7.1E-01	-0.00276207	0.00566653	0.237594	6.3E-01	0.133668	7.1E-01
rs4863516	4	140773770	1.49281	T	C	0.672112	0.999318	0.03582	8.5E-01	-0.00248573	0.00593411	0.175468	6.8E-01	0.0857492	7.7E-01
rs750090	4	152931436	1.59021	T	C	0.646587	0.97605	0.758792	3.8E-01	-0.0062953	0.0058729	1.14902	2.8E-01	0.335123	5.6E-01
rs13110266	4	162129844	1.69444	G	A	0.582061	0.993805	0.052384	8.2E-01	0.00172538	0.0056641	0.0927912	7.6E-01	0.198605	6.6E-01
rs4597930	5	27171542	0.425308	T	C	0.71786	0.997265	0.789607	3.7E-01	0.00547224	0.0062127	0.775835	3.8E-01	1.53527	2.2E-01
rs6451675	5	43110855	0.62057	C	G	0.307452	0.990847	0.693007	4.1E-01	-0.0049973	0.0060597	0.680094	4.1E-01	1.38126	2.4E-01
rs3843467	5	55856375	0.681472	G	T	0.792691	0.997784	51.5193	7.1E-13	-0.0508146	0.00687086	54.6961	1.4E-13	55.8063	8.0E-14
rs6449674	5	62995938	0.739824	T	C	0.52251	0.996207	1.39492	2.4E-01	-0.00684853	0.0055909	1.50048	2.2E-01	1.01207	3.1E-01
rs4072296	5	74242002	0.858799	T	C	0.46019	0.938263	14.4936	1.4E-04	0.0212407	0.00577331	13.5359	2.3E-04	16.4187	5.1E-05
rs11740689	5	80841360	0.956164	A	C	0.681749	0.9953	0.0499175	8.2E-01	0.000937414	0.00599139	0.0244797	8.8E-01	0.0165933	9.0E-01
rs77156384	5	87709219	1.01438	A	G	0.979071	1	4.2646e-05	9.9E-01	0.000702645	0.0195029	0.001298	9.7E-01	0.00199647	9.6E-01
rs7701355	5	88804839	1.01946	G	T	0.578544	0.999666	0.830379	3.6E-01	-0.00324237	0.00565644	0.328578	5.7E-01	0.840937	3.6E-01
rs6885199	5	92574633	1.04879	G	A	0.9622	1	1.01526	3.1E-01	0.0139173	0.0146188	0.906329	3.4E-01	0.979525	3.2E-01
rs12186664	5	95630225	1.07202	A	T	0.684284	0.993149	0.525834	4.7E-01	0.00353778	0.00600987	0.346523	5.6E-01	0.0631613	8.0E-01
rs1835978	5	107265051	1.15538	T	C	0.111179	0.976322	1.4518	2.3E-01	-0.0100394	0.00896644	1.25364	2.6E-01	1.49207	2.2E-01
rs459552	5	112176756	1.19663	T	A	0.232844	1	1.2877	2.6E-01	0.00764146	0.0065868	1.34587	2.5E-01	1.95513	1.6E-01
rs329120	5	133861756	1.41589	C	T	0.579716	0.996967	4.81562	2.8E-02	0.0126989	0.0056628	5.02885	2.5E-02	3.22523	7.3E-02
rs356453	5	139053563	1.4578	G	A	0.669183	0.993285	0.850321	3.6E-01	-0.00645049	0.00593791	1.1801	2.8E-01	1.14912	2.8E-01
rs2190788	5	144484261	1.52142	G	T	0.681254	0.989372	0.750768	3.9E-01	0.00365572	0.00603509	0.366926	5.4E-01	0.226137	6.3E-01
rs7701886	5	153547409	1.6413	G	A	0.45336	0.99206	3.15142	7.6E-02	-0.00904649	0.00562702	2.58466	1.1E-01	2.4806	1.2E-01
rs2287894	5	170322919	1.86356	T	A	0.272401	0.998905	1.14131	2.9E-01	-0.00684657	0.00627311	1.19119	2.8E-01	2.16494	1.4E-01
rs10947758	6	12093961	0.272682	T	C	0.645937	0.995017	0.651759	4.2E-01	-0.00402422	0.00585302	0.47272	4.9E-01	0.751879	3.9E-01
rs9357634	6	13192190	0.290983	T	C	0.701576	0.98883	8.38389	3.8E-03	0.0173874	0.00613355	8.03614	4.6E-03	7.76235	5.3E-03
rs3806114	6	20482335	0.408974	G	A	0.330694	0.979566	0.994397	3.2E-01	0.00484064	0.00599666	0.65161	4.2E-01	1.00759	3.2E-01
rs7766089	6	31249593	0.511873	G	A	0.378561	0.993993	33.6062	6.7E-09	-0.0338391	0.00573587	34.8048	3.6E-09	32.4072	1.3E-08
rs2260051	6	31591918	0.515519	A	T	0.438115	0.999979	0.177108	6.7E-01	0.00249389	0.00561175	0.197496	6.6E-01	0.630137	4.3E-01
rs57493997	6	34443523	0.547182	T	C	0.907375	0.988432	1.34615	2.5E-01	-0.0127857	0.00966774	1.74903	1.9E-01	2.25276	1.3E-01
rs35679149	6	43604167	0.672046	A	G	0.973525	1	1.90416	1.7E-01	0.0218201	0.01739	1.5744	2.1E-01	1.20431	2.7E-01
rs4714925	6	46304194	0.722787	A	G	0.493044	0.998125	0.670879	4.1E-01	0.00478189	0.00558371	0.733419	3.9E-01	1.3766	2.4E-01
rs9473821	6	50356035	0.748721	T	C	0.122366	0.995677	0.244824	6.2E-01	-0.00202194	0.00852627	0.0562364	8.1E-01	0.0986871	7.5E-01
rs1369869	6	83366282	0.934423	C	T	0.558841	0.987317	0.175723	6.8E-01	-0.00293319	0.00565115	0.269406	6.0E-01	0.293624	5.9E-01
rs6905544	6	98411631	1.06235	A	G	0.398807	0.997318	0.174008	6.8E-01	-0.0022112	0.00570345	0.150307	7.0E-01	0.199272	6.6E-01
rs1575676	6	108861264	1.17848	C	T	0.628148	0.997454	0.435597	5.1E-01	-0.00345328	0.00576199	0.359186	5.5E-01	0.0699402	7.9E-01
rs9387640	6	119508871	1.25792	C	T	0.635398	1	0.870174	3.5E-01	0.00607165	0.00580652	1.09341	3.0E-01	1.97729	1.6E-01
rs590015	6	139824992	1.50297	G	A	0.500109	0.993146	33.5138	7.1E-09	-0.0316233	0.00556306	32.3136	1.3E-08	35.1234	3.1E-09
rs198665	6	143154886	1.51958	C	A	0.629508	0.991725	2.70004	1.0E-01	-0.0103556	0.0058032	3.18432	7.4E-02	2.48204	1.2E-01
rs7755574	6	153364643	1.66311	G	T	0.718151	0.997121	7.90889	4.9E-03	-0.0176281	0.00623663	7.98936	4.7E-03	8.39924	3.8E-03
rs13209728	6	162997533	1.81843	A	C	0.861097	0.999607	0.456243	5.0E-01	0.00550586	0.00806886	0.465615	5.0E-01	0.28319	5.9E-01
rs11767176	7	1852823	0.0275939	G	A	0.78849	0.994823	0.0695303	7.9E-01	-0.00381453	0.00682683	0.312208	5.8E-01	0.486392	4.9E-01
rs4307239	7	24354300	0.415589	A	G	0.540084	0.99283	3.04792	8.1E-02	-0.0111144	0.00561277	3.92119	4.8E-02	4.23344	4.0E-02
rs3807566	7	50564204	0.76671	G	T	0.56098	0.994523	0.385091	5.3E-01	-0.00245979	0.0056255	0.191194	6.6E-01	0.569583	4.5E-01
rs4718966	7	70040558	0.868636	C	T	0.584999	0.992694	0.0254706	8.7E-01	0.000239169	0.005693	0.00176493	9.7E-01	0.0085271	9.3E-01
rs10950289	7	71429308	0.890251	A	G	0.837402	0.9787	0.982971	3.2E-01	0.00851191	0.00762736	1.24539	2.6E-01	1.68403	1.9E-01
rs6964833	7	74101909	0.91305	T	C	0.742216	0.9996	0.00915899	9.2E-01	0.00105399	0.00638556	0.0272443	8.7E-01	0.00129923	9.7E-01
rs7805441	7	78121458	0.952449	C	T	0.496028	0.987826	2.92909	8.7E-02	-0.00912951	0.00563208	2.62758	1.1E-01	1.95064	1.6E-01
rs16868443	7	93206264	1.0947	G	C	0.638366	0.996209	0.743085	3.9E-01	0.00465529	0.0057996	0.644314	4.2E-01	0.277321	6.0E-01
rs17155888	7	103416295	1.18694	T	A	0.573633	0.98913	1.53661	2.2E-01	-0.0069227	0.00567134	1.48997	2.2E-01	0.713428	4.0E-01
rs7788008	7	112972483	1.29323	G	A	0.566242	0.997606	0.00618336	9.4E-01	-0.00068435	0.00562631	0.0147948	9.0E-01	0.000408109	9.8E-01
rs12705908	7	113422504	1.29936	A	G	0.435782	0.999217	2.29137	1.3E-01	0.00848519	0.0056239	2.2764	1.3E-01	1.85939	1.7E-01
rs1563408	7	114303189	1.30467	G	A	0.518625	0.9976	0.788857	3.7E-01	-0.00443132	0.00558665	0.629162	4.3E-01	0.835321	3.6E-01
rs12154627	7	130422934	1.4017	T	C	0.506907	0.97487	34.0329	5.4E-09	0.032748	0.00563613	33.7603	6.2E-09	40.202	2.3E-10
rs2968856	7	150614934	1.67963	T	C	0.750666	0.995794	9.83392e-05	9.9E-01	0.000923519	0.00646621	0.0203982	8.9E-01	0.299973	5.8E-01
rs2921077	8	8304502	0.239157	G	A	0.535755	0.992952	16.4082	5.1E-05	0.0237236	0.00562779	17.7699	2.5E-05	16.0439	6.2E-05
rs330096	8	9171595	0.251664	G	C	0.75605	0.971568	29.4254	5.8E-08	-0.0362921	0.00657267	30.4888	3.4E-08	36.473	1.5E-09
rs17091237	8	19593584	0.4685	C	T	0.316583	0.990177	30.9709	2.6E-08	0.0352548	0.00602235	34.2693	4.8E-09	40.4932	2.0E-10
rs190089270	8	19749424	0.471795	G	A	0.993407	0.890142	33.7847	6.2E-09	0.211229	0.0365845	33.3361	7.8E-09	38.4819	5.5E-10
rs35469180	8	19761602	0.471986	A	T	0.982035	0.993607	57.1051	4.1E-14	-0.15921	0.0210888	56.9945	4.4E-14	58.0709	2.5E-14
rs190118115	8	19793581	0.472107	C	T	0.981499	0.949118	131.695	1.7E-30	-0.242184	0.0211713	130.857	2.7E-30	141.089	1.5E-32
rs1362910	8	30856464	0.645028	A	G	0.419317	0.991461	0.0675534	7.9E-01	0.00168088	0.00564602	0.0886313	7.7E-01	0.0256194	8.7E-01
rs12681792	8	62054463	0.850895	C	A	0.807401	0.990908	0.168311	6.8E-01	-0.00302189	0.00711293	0.180493	6.7E-01	0.301846	5.8E-01
rs7822926	8	64701966	0.867188	A	C	0.529208	0.995395	1.99275	1.6E-01	0.00826288	0.0055995	2.17753	1.4E-01	2.15456	1.4E-01
rs2017657	8	73426371	0.974058	G	T	0.427149	1	3.48809	6.2E-02	0.0116337	0.00564996	4.2398	3.9E-02	2.70436	1.0E-01
rs2943611	8	76473939	1.00704	T	C	0.203974	0.993157	2.62271	1.1E-01	-0.0108612	0.00693201	2.4549	1.2E-01	1.80618	1.8E-01
rs9298280	8	77329753	1.00881	T	G	0.287889	0.987301	4.5495	3.3E-02	-0.0127073	0.00617718	4.23182	4.0E-02	4.82353	2.8E-02
rs1180626	8	116476393	1.31509	G	A	0.224213	0.994168	1.25574	2.6E-01	0.00689536	0.00672282	1.05199	3.1E-01	0.962812	3.3E-01
rs2954018	8	126477153	1.45319	C	T	0.298303	0.998357	31.6802	1.8E-08	0.0366206	0.0060941	36.1104	1.9E-09	38.077	6.8E-10
rs10124645	9	11321119	0.255592	A	G	0.589801	0.991792	0.839818	3.6E-01	0.00488456	0.00571427	0.730683	3.9E-01	0.782341	3.8E-01
rs2457637	9	15533394	0.341722	T	C	0.512743	0.988377	0.0356829	8.5E-01	-0.00219532	0.00560257	0.15354	7.0E-01	0.40096	5.3E-01
rs6476065	9	28403813	0.542923	C	T	0.423663	0.971482	2.78979	9.5E-02	-0.00913025	0.00571269	2.55437	1.1E-01	2.69566	1.0E-01
rs12345603	9	29601893	0.557517	C	T	0.574964	0.971878	4.77208	2.9E-02	-0.0135075	0.00572319	5.57027	1.8E-02	5.33211	2.1E-02
rs868980	9	92140852	1.08916	A	G	0.764207	0.992973	14.6642	1.3E-04	-0.0255763	0.00658768	15.0734	1.0E-04	11.895	5.6E-04
rs7873003	9	96392945	1.13399	T	C	0.320009	0.990354	1.30867	2.5E-01	0.00685065	0.00600553	1.30125	2.5E-01	1.0253	3.1E-01
rs1852865	9	102750138	1.19624	C	T	0.434954	0.999839	1.29516	2.6E-01	0.00638178	0.00564115	1.27982	2.6E-01	1.05293	3.0E-01
rs7024334	9	109072075	1.25943	T	G	0.221004	0.999349	1.60682	2.0E-01	0.00785209	0.00671715	1.36647	2.4E-01	0.8184	3.7E-01
rs1252008	9	120362838	1.43341	T	C	0.568657	0.998833	0.540326	4.6E-01	-0.00533686	0.00562129	0.901363	3.4E-01	0.317065	5.7E-01
rs3829849	9	129390800	1.5324	C	T	0.630889	0.998111	0.172127	6.8E-01	-0.00186861	0.00578119	0.104473	7.5E-01	0.0873202	7.7E-01
rs10733682	9	129460914	1.5336	A	G	0.474217	0.966242	0.490451	4.8E-01	-0.00441082	0.00565613	0.608135	4.4E-01	0.560424	4.5E-01
rs2267958	9	131015279	1.55043	G	A	0.485563	0.958689	0.92922	3.4E-01	-0.00507869	0.00570771	0.791737	3.7E-01	0.50509	4.8E-01
rs10159545	10	21766969	0.466662	C	G	0.649246	0.986543	3.03919	8.1E-02	-0.0105215	0.00587479	3.20751	7.3E-02	3.22026	7.3E-02
rs12762034	10	33969931	0.621029	T	C	0.92272	0.998956	7.2555	7.1E-03	-0.0322216	0.0104372	9.53071	2.0E-03	6.44811	1.1E-02
rs4595495	10	53673286	0.748363	A	G	0.58387	0.998015	2.19943	1.4E-01	-0.00747278	0.00568284	1.72915	1.9E-01	1.69141	1.9E-01
rs4746855	10	64822828	0.870307	G	A	0.596714	1	33.85	6.0E-09	0.0326122	0.00569823	32.7552	1.0E-08	31.7999	1.7E-08
rs12098284	10	76047464	0.999816	C	T	0.877434	0.998637	0.051411	8.2E-01	0.00352525	0.00851141	0.171544	6.8E-01	0.1869	6.7E-01
rs1249156	10	79979737	1.04291	T	C	0.294183	0.999324	0.0519071	8.2E-01	0.000808337	0.00612739	0.0174034	9.0E-01	0.0166628	9.0E-01
rs12245654	10	87562928	1.13739	A	C	0.927047	0.984714	5.09989	2.4E-02	-0.0230334	0.0108003	4.54827	3.3E-02	3.92898	4.7E-02
rs472576	10	99694970	1.2698	G	C	0.540757	0.96945	0.230284	6.3E-01	-0.00157912	0.00567418	0.0774508	7.8E-01	0.162426	6.9E-01
rs34820178	10	113901194	1.38373	C	T	0.753585	0.994882	39.9031	2.7E-10	0.0404978	0.00650138	38.8019	4.7E-10	40.6018	1.9E-10
rs4074720	10	114748497	1.39784	C	T	0.534572	0.984751	1.3684	2.4E-01	-0.00741196	0.005628	1.73444	1.9E-01	2.43895	1.2E-01
rs72828935	10	126587488	1.61238	G	C	0.716689	0.993686	5.28425	2.2E-02	-0.0146715	0.00620904	5.58344	1.8E-02	5.70679	1.7E-02
rs12778347	10	133978806	1.80077	G	T	0.423877	0.999758	0.248649	6.2E-01	-0.00153066	0.00564341	0.0735654	7.9E-01	0.0697335	7.9E-01
rs12802861	11	8387806	0.188896	C	T	0.71326	0.995592	0.00576297	9.4E-01	-0.000817238	0.00617697	0.0175044	8.9E-01	0.0761248	7.8E-01
rs7942486	11	13288698	0.267633	G	T	0.432178	0.998702	3.49732	6.1E-02	-0.00941219	0.00563632	2.78862	9.5E-02	1.87283	1.7E-01
rs12791818	11	27277760	0.463075	A	G	0.918985	0.937343	3.99021	4.6E-02	0.0199342	0.0105618	3.56222	5.9E-02	4.39009	3.6E-02
rs2679059	11	43599791	0.621966	A	T	0.402252	0.990165	8.36639	3.8E-03	0.0172074	0.00573158	9.01323	2.7E-03	9.60191	1.9E-03
rs11038428	11	45404318	0.657443	G	T	0.717407	0.990678	4.10549	4.3E-02	0.0125456	0.00621231	4.07825	4.3E-02	4.17361	4.1E-02
rs35184771	11	47475189	0.665304	G	T	0.648082	0.998878	6.0789	1.4E-02	-0.014765	0.00583162	6.41041	1.1E-02	6.17527	1.3E-02
rs198440	11	61508522	0.702989	A	G	0.692767	0.990705	35.0202	3.3E-09	-0.0356025	0.00607828	34.3084	4.7E-09	36.2779	1.7E-09
rs4564341	11	61573540	0.704001	C	T	0.928009	0.991114	126.959	1.9E-29	-0.122441	0.0108051	128.41	9.1E-30	127.953	1.1E-29
rs117220229	11	61604324	0.704103	T	A	0.961886	0.998134	35.5048	2.5E-09	-0.0866648	0.0145591	35.4338	2.6E-09	41.4092	1.2E-10
rs656095	11	75445338	0.831924	A	G	0.827786	0.993412	31.7878	1.7E-08	-0.041965	0.00740892	32.0823	1.5E-08	31.5372	2.0E-08
rs2605603	11	93221105	1.00432	G	A	0.520259	0.995512	0.0627124	8.0E-01	0.00116818	0.00556021	0.0441403	8.3E-01	0.319234	5.7E-01
rs4937870	11	112826709	1.19814	A	G	0.689169	0.983578	0.634909	4.3E-01	-0.00409787	0.00606723	0.456178	5.0E-01	0.196523	6.6E-01
rs2187986	11	115001410	1.23045	G	A	0.524684	0.965018	0.0375964	8.5E-01	0.000922872	0.00568863	0.0263189	8.7E-01	0.00466355	9.5E-01
rs501351	11	118917814	1.29362	T	G	0.605774	0.997555	3.47306	6.2E-02	-0.00998456	0.00570639	3.0615	8.0E-02	3.61582	5.7E-02
rs7941030	11	122522375	1.35839	T	C	0.616205	1	0.803936	3.7E-01	0.00528731	0.00575218	0.844899	3.6E-01	0.772074	3.8E-01
rs4366492	11	130717256	1.51227	T	C	0.474614	0.99465	0.222534	6.4E-01	-0.00288219	0.0055748	0.267293	6.1E-01	0.24186	6.2E-01
rs10894604	11	132641746	1.55638	T	G	0.652028	1	0.617394	4.3E-01	0.00321819	0.0058499	0.302641	5.8E-01	0.191417	6.6E-01
rs11064524	12	889902	0.0208303	T	G	0.758532	1	0.209252	6.5E-01	-0.00279671	0.00650197	0.185014	6.7E-01	0.149421	7.0E-01
rs7976757	12	19207948	0.354438	T	C	0.171206	0.989812	0.994004	3.2E-01	-0.00960087	0.00742282	1.67295	2.0E-01	3.12182	7.7E-02
rs16926776	12	24001905	0.419584	C	T	0.922961	1	1.86392	1.7E-01	0.011847	0.0104805	1.27778	2.6E-01	1.2385	2.7E-01
rs11181001	12	41948196	0.563104	A	G	0.469108	0.977653	0.000541285	9.8E-01	-0.000641162	0.00563427	0.0129497	9.1E-01	0.0228011	8.8E-01
rs2720296	12	50169070	0.630128	G	A	0.609632	0.950295	0.831763	3.6E-01	0.00360522	0.00587366	0.376744	5.4E-01	1.02494	3.1E-01
rs11173522	12	60953472	0.741724	C	A	0.784532	0.998242	0.509672	4.8E-01	-0.00441282	0.00680107	0.420995	5.2E-01	0.572106	4.5E-01
rs317646	12	69657145	0.849888	G	A	0.275066	0.99846	2.60027	1.1E-01	0.0118505	0.0062573	3.58674	5.8E-02	3.90272	4.8E-02
rs704067	12	89726027	1.03172	G	A	0.545146	0.989595	0.000663078	9.8E-01	-0.00160036	0.00564569	0.0803534	7.8E-01	0.00184555	9.7E-01
rs591776	12	99538895	1.16639	C	T	0.364365	0.994453	1.91593	1.7E-01	0.00820389	0.00581495	1.99043	1.6E-01	1.98793	1.6E-01
rs4433630	12	103650031	1.2114	T	C	0.48744	0.978156	0.451681	5.0E-01	-0.00347593	0.00562323	0.382094	5.4E-01	0.289476	5.9E-01
rs11832936	12	110549533	1.29782	A	C	0.610247	0.999756	2.46939	1.2E-01	-0.00961118	0.00574279	2.80097	9.4E-02	1.50186	2.2E-01
rs111828690	12	117576767	1.39704	C	T	0.779464	0.990204	0.642441	4.2E-01	-0.00395341	0.00679309	0.338695	5.6E-01	0.822413	3.6E-01
rs144713920	12	122485389	1.46548	C	G	0.945974	0.956209	0.00575423	9.4E-01	0.000176336	0.0126125	0.000195469	9.9E-01	0.00259636	9.6E-01
rs12317176	12	124404718	1.4789	T	C	0.662157	0.998072	9.31842	2.3E-03	0.0172774	0.00588486	8.61953	3.3E-03	11.5549	6.8E-04
rs9579775	13	20616557	0.0139469	A	C	0.863467	0.926233	0.487897	4.8E-01	0.00477992	0.00845425	0.319663	5.7E-01	0.225191	6.4E-01
rs4771218	13	28655311	0.212187	G	A	0.373005	0.991013	0.606399	4.4E-01	0.00494922	0.00579441	0.729549	3.9E-01	1.2023	2.7E-01
rs9591001	13	33042870	0.304346	G	A	0.634695	0.994769	4.61881	3.2E-02	0.0127125	0.00582433	4.76401	2.9E-02	4.87132	2.7E-02
rs9568856	13	54064981	0.568758	G	A	0.871723	1	1.1541	2.8E-01	-0.00895858	0.00834855	1.15148	2.8E-01	0.460218	5.0E-01
rs6561937	13	58257667	0.585042	T	A	0.243776	0.993408	6.193	1.3E-02	0.0150497	0.00653228	5.30795	2.1E-02	7.48077	6.2E-03
rs1413125	13	59260131	0.587755	G	T	0.574048	0.994453	0.235878	6.3E-01	0.00301892	0.00566616	0.283875	5.9E-01	0.543678	4.6E-01
rs1441264	13	79580919	0.787841	G	A	0.406364	0.956515	0.927361	3.4E-01	-0.00585039	0.00578524	1.02265	3.1E-01	1.86801	1.7E-01
rs61969477	13	86477950	0.835644	T	C	0.717214	0.998003	6.1632e-06	1.0E+00	0.00163492	0.00619312	0.0696907	7.9E-01	0.0123608	9.1E-01
rs1927790	13	96922191	0.93596	T	C	0.587589	0.998094	1.05939	3.0E-01	-0.00528133	0.00567878	0.864921	3.5E-01	0.842254	3.6E-01
rs7335249	13	109962579	1.18904	T	C	0.587526	0.995494	2.12324	1.5E-01	0.00729873	0.00567972	1.65135	2.0E-01	1.70563	1.9E-01
rs7141213	14	25878636	0.160923	C	T	0.428505	0.99817	0.00517603	9.4E-01	-0.00057952	0.00565789	0.0104913	9.2E-01	0.143353	7.0E-01
rs6576279	14	29649958	0.207571	G	C	0.190393	0.998923	0.00479898	9.4E-01	-0.000209366	0.00708386	0.000873516	9.8E-01	0.0586539	8.1E-01
rs2143975	14	33297398	0.262161	C	G	0.467897	0.986467	3.47148	6.2E-02	0.0104359	0.00564632	3.41612	6.5E-02	3.34429	6.7E-02
rs35020117	14	73341655	0.671145	T	G	0.538277	0.933938	0.0352222	8.5E-01	0.002068	0.00578852	0.127634	7.2E-01	0.162898	6.9E-01
rs7159565	14	79891894	0.74792	T	C	0.36268	0.984708	0.843477	3.6E-01	0.00409913	0.00582759	0.494772	4.8E-01	0.930354	3.3E-01
rs1951455	14	91512339	0.88209	T	C	0.283982	0.997245	2.83083	9.2E-02	0.0100655	0.00618794	2.64591	1.0E-01	3.28936	7.0E-02
rs2273639	14	93762162	0.916561	C	T	0.692907	0.99913	5.14102	2.3E-02	0.0142316	0.00605583	5.52284	1.9E-02	4.8423	2.8E-02
rs7161194	14	101529005	1.0886	A	G	0.336786	0.914125	0.0917039	7.6E-01	-0.00225211	0.00616792	0.133322	7.2E-01	0.603461	4.4E-01
rs12148050	14	103263788	1.11638	A	G	0.348874	0.9994	3.46803	6.3E-02	0.0101749	0.00584093	3.03458	8.2E-02	2.86443	9.1E-02
rs35443927	14	103849715	1.12404	C	T	0.630061	0.995118	1.69475	1.9E-01	0.00795069	0.00577203	1.89737	1.7E-01	1.71921	1.9E-01
rs147082941	15	42438962	0.639699	G	A	0.983269	0.946666	50.9313	9.6E-13	-0.158675	0.0223407	50.4454	1.2E-12	52.0755	5.3E-13
rs2414550	15	58500757	0.78105	C	G	0.141585	0.979744	32.94	9.5E-09	0.0486998	0.0080589	36.5176	1.5E-09	34.6875	3.9E-09
rs12899324	15	58555709	0.781777	C	T	0.732698	0.992398	35.221	2.9E-09	0.0377153	0.00628829	35.9724	2.0E-09	36.7219	1.4E-09
rs8031256	15	58648955	0.783477	A	G	0.111145	0.973628	47.2779	6.2E-12	-0.0608944	0.00901595	45.6176	1.4E-11	51.9557	5.7E-13
rs72740877	15	58728067	0.787874	G	A	0.955076	0.937073	214.047	1.8E-48	-0.204199	0.013913	215.41	9.1E-49	221.311	4.7E-50
rs12903168	15	67680209	0.914057	T	C	0.726776	0.98909	0.211185	6.5E-01	-0.00353299	0.00629062	0.315426	5.7E-01	0.0770207	7.8E-01
rs4777542	15	73082366	0.987566	C	T	0.670419	0.995307	0.187476	6.7E-01	-0.00196128	0.00595876	0.108334	7.4E-01	0.00136052	9.7E-01
rs11855821	15	78008843	1.01251	G	A	0.714306	0.958126	0.762669	3.8E-01	0.00464009	0.00628404	0.545224	4.6E-01	0.318932	5.7E-01
rs12914623	15	80993570	1.05801	G	C	0.732913	0.994175	0.975696	3.2E-01	0.00711738	0.00630674	1.27359	2.6E-01	1.11954	2.9E-01
rs7168523	15	95263911	1.31585	C	T	0.355269	0.99653	3.29393	7.0E-02	0.0109709	0.00582964	3.54162	6.0E-02	3.9799	4.6E-02
rs1048786	16	336916	0.0036807	C	T	0.830941	1	0.860725	3.5E-01	0.00360906	0.00744369	0.235078	6.3E-01	0.0365483	8.5E-01
rs2601773	16	4001898	0.0718473	C	A	0.503399	0.995484	4.11541	4.2E-02	-0.0111873	0.00558627	4.01057	4.5E-02	3.74424	5.3E-02
rs9934930	16	4902038	0.0862098	A	G	0.521116	0.994594	0.0746386	7.8E-01	-0.00181344	0.00561717	0.104225	7.5E-01	0.383847	5.4E-01
rs7187976	16	19708196	0.389763	A	G	0.820215	0.98274	0.992695	3.2E-01	0.00742993	0.00731214	1.03248	3.1E-01	1.00828	3.2E-01
rs4238585	16	20255097	0.398011	C	T	0.13201	0.96298	0.79561	3.7E-01	-0.00558775	0.00838747	0.443827	5.1E-01	0.253954	6.1E-01
rs11074452	16	20370168	0.40198	C	G	0.490517	0.995812	0.115075	7.3E-01	-0.00194483	0.00559406	0.120867	7.3E-01	0.00756648	9.3E-01
rs200539	16	24735178	0.466016	T	C	0.268765	0.996448	5.8826	1.5E-02	-0.0142349	0.00627264	5.15	2.3E-02	5.80661	1.6E-02
rs2650494	16	28318440	0.541911	A	G	0.581267	0.992404	6.70273	9.6E-03	0.0144289	0.00565912	6.50083	1.1E-02	8.97466	2.7E-03
rs4787483	16	29885447	0.552081	A	G	0.662227	1	1.61036	2.0E-01	0.00827792	0.00590508	1.96513	1.6E-01	1.80534	1.8E-01
rs111886096	16	53598310	0.644304	A	G	0.862466	0.993464	0.000243912	9.9E-01	-0.000876893	0.00811478	0.0116772	9.1E-01	0.0294115	8.6E-01
rs7205986	16	53755146	0.644839	A	G	0.489919	0.988839	0.687607	4.1E-01	-0.00420493	0.00562557	0.558708	4.5E-01	0.523317	4.7E-01
rs5011579	16	69187318	0.855228	C	G	0.2843	0.994942	0.744358	3.9E-01	-0.00563548	0.00619657	0.827104	3.6E-01	2.16568	1.4E-01
rs12924872	16	69552215	0.858355	C	T	0.533347	0.984378	7.44499	6.4E-03	0.0155	0.00564437	7.54108	6.0E-03	8.4071	3.7E-03
rs811054	16	72251132	0.873381	C	T	0.462771	0.985658	3.68037	5.5E-02	-0.0104788	0.00563015	3.46402	6.3E-02	3.09384	7.9E-02
rs12926506	16	81722413	1.05397	C	T	0.829273	0.984727	0.294858	5.9E-01	-0.00458433	0.00746376	0.377256	5.4E-01	0.755286	3.8E-01
rs77081114	17	1816762	0.0641667	G	A	0.834903	1	2.9841	8.4E-02	0.0148648	0.00752335	3.90385	4.8E-02	4.04342	4.4E-02
rs3026101	17	5280440	0.136672	T	C	0.696449	0.998494	0.00702577	9.3E-01	-0.000748266	0.00607841	0.0151542	9.0E-01	0.0481502	8.3E-01
rs10491104	17	15884561	0.425342	C	T	0.468509	1	5.67746	1.7E-02	0.0125288	0.00559395	5.01627	2.5E-02	5.31276	2.1E-02
rs9906072	17	21245687	0.471598	T	C	0.486625	0.873727	8.09133	4.4E-03	0.0165439	0.00598159	7.64966	5.7E-03	9.29443	2.3E-03
rs9904602	17	34835526	0.595066	T	A	0.482475	0.99641	2.67609	1.0E-01	-0.0101146	0.00558908	3.27506	7.0E-02	3.12477	7.7E-02
rs145947882	17	41809207	0.672977	A	C	0.973996	0.965312	30.6423	3.1E-08	-0.0990671	0.0178122	30.933	2.7E-08	29.1548	6.7E-08
rs7211966	17	54374611	0.801315	C	T	0.981745	0.996866	0.47405	4.9E-01	0.0158263	0.0208142	0.578149	4.5E-01	0.413332	5.2E-01
rs17631394	17	61646000	0.886955	G	A	0.736546	0.99153	8.90998	2.8E-03	-0.0188285	0.00636222	8.75819	3.1E-03	9.74151	1.8E-03
rs2619976	17	71754545	1.06134	C	T	0.589126	0.992569	1.13954	2.9E-01	-0.00676638	0.00570412	1.40714	2.4E-01	2.24012	1.3E-01
rs4424946	17	78554888	1.24995	T	C	0.762112	0.998925	1.12485	2.9E-01	-0.00720832	0.00655421	1.20956	2.7E-01	0.956344	3.3E-01
rs4076427	17	79087537	1.26024	G	C	0.609873	0.985353	0.157326	6.9E-01	-0.00207716	0.005736	0.131136	7.2E-01	0.892718	3.4E-01
rs1371274	18	1837007	0.0479005	A	C	0.863572	0.995553	0.103819	7.5E-01	0.00308842	0.00811581	0.144813	7.0E-01	0.252977	6.1E-01
rs11875960	18	21071925	0.432054	A	G	0.650113	0.974621	1.40846	2.4E-01	0.0092833	0.00592648	2.45364	1.2E-01	4.25441	3.9E-02
rs9807506	18	39493911	0.604143	C	T	0.110516	0.995331	0.0208314	8.9E-01	-0.000508839	0.00891756	0.00325588	9.5E-01	0.000472389	9.8E-01
rs4890428	18	40697340	0.611694	G	T	0.5787	0.994435	0.290778	5.9E-01	0.00270179	0.00567677	0.226517	6.3E-01	0.331577	5.6E-01
rs7239114	18	45921214	0.66958	G	A	0.458185	0.985699	4.55268	3.3E-02	-0.0131271	0.00563983	5.41762	2.0E-02	4.98256	2.6E-02
rs72934723	18	53305311	0.747109	A	G	0.96095	0.966483	5.84963	1.6E-02	0.0363745	0.0146532	6.16212	1.3E-02	4.8393	2.8E-02
rs2187176	18	57679365	0.819838	A	G	0.309978	0.982596	0.0859359	7.7E-01	-0.00146368	0.00608742	0.057813	8.1E-01	0.0701217	7.9E-01
rs117758180	18	57809744	0.821562	C	T	0.97678	1	0.0981788	7.5E-01	-0.00421985	0.0185231	0.0518998	8.2E-01	0.182976	6.7E-01
rs113268469	18	57862913	0.821729	C	T	0.982698	0.966786	1.20678	2.7E-01	-0.0218015	0.0217756	1.00238	3.2E-01	0.44005	5.1E-01
rs11668832	19	1812682	0.0683182	A	G	0.450689	0.989019	1.86422	1.7E-01	-0.00793436	0.00561616	1.99593	1.6E-01	1.36965	2.4E-01
rs72976986	19	4050424	0.142675	G	A	0.810758	0.984512	9.22974	2.4E-03	0.0225612	0.00717545	9.88607	1.7E-03	7.73202	5.4E-03
rs55714539	19	18207397	0.447742	A	C	0.656472	0.982807	2.69902	1.0E-01	0.0108953	0.00589983	3.41036	6.5E-02	5.09696	2.4E-02
rs17724992	19	18454825	0.450275	A	G	0.730237	0.991647	7.19789e-05	9.9E-01	-0.00138619	0.00628649	0.0486215	8.3E-01	0.00504014	9.4E-01
rs2003476	19	18806668	0.454309	T	C	0.59308	0.986683	6.53514	1.1E-02	0.0142703	0.00569005	6.2898	1.2E-02	5.21526	2.2E-02
rs12461902	19	30265235	0.512848	G	A	0.672506	0.985963	1.82722	1.8E-01	-0.0070654	0.00598886	1.39183	2.4E-01	2.11116	1.5E-01
rs11882409	19	34019685	0.562915	C	A	0.713772	0.966519	0.0629216	8.0E-01	0.00122885	0.00626184	0.0385119	8.4E-01	0.0428095	8.4E-01
rs62116588	19	44446097	0.68736	C	G	0.976805	0.933368	35.439	2.6E-09	-0.111391	0.0191612	33.7951	6.1E-09	38.9054	4.4E-10
rs142751148	19	45100982	0.69683	G	T	0.973358	0.950645	69.7127	6.9E-17	-0.145672	0.0176911	67.8015	1.8E-16	75.3847	3.9E-18
rs73048351	19	45160086	0.697689	C	A	0.989712	0.91554	66.0318	4.4E-16	-0.234029	0.0288874	65.6331	5.4E-16	69.4493	7.8E-17
rs140824606	19	45311084	0.70382	G	A	0.974928	0.867871	30.4446	3.4E-08	0.106507	0.0190631	31.2155	2.3E-08	38.6145	5.2E-10
rs2075649	19	45395330	0.707004	A	G	0.611354	0.998574	45.3274	1.7E-11	0.0389777	0.00572336	46.38	9.7E-12	55.7902	8.1E-14
rs146390218	19	45478352	0.709104	A	G	0.973731	0.966351	159.108	1.8E-36	-0.226509	0.0176924	163.908	1.6E-37	163.703	1.8E-37
rs181765708	19	45880690	0.715179	C	T	0.983746	0.92116	102.522	4.3E-24	-0.23041	0.0228862	101.357	7.7E-24	110.118	9.2E-26
rs1884389	20	1410582	0.0620248	C	T	0.560429	0.990862	0.202938	6.5E-01	0.00196098	0.00564568	0.120646	7.3E-01	0.325931	5.7E-01
rs1321453	20	6585670	0.214258	G	A	0.332006	0.979962	2.40923	1.2E-01	-0.00821935	0.00599821	1.87772	1.7E-01	1.28265	2.6E-01
rs947088	20	17171373	0.411628	G	T	0.280165	0.992316	2.80963	9.4E-02	-0.0109435	0.00624663	3.06914	8.0E-02	2.93203	8.7E-02
rs8116853	20	21439820	0.48109	A	G	0.902603	0.99434	0.156882	6.9E-01	-0.00412695	0.00942238	0.19184	6.6E-01	0.00505242	9.4E-01
rs6142096	20	32686658	0.536502	G	A	0.481267	0.998195	5.27541	2.2E-02	-0.013865	0.00559498	6.14107	1.3E-02	8.04554	4.6E-03
rs6065904	20	44534651	0.671175	G	A	0.785417	1	53.1909	3.0E-13	-0.0499981	0.00679166	54.1945	1.8E-13	60.3583	7.9E-15
rs11699260	20	50813508	0.791033	G	C	0.710789	0.999421	0.112127	7.4E-01	0.00122952	0.00614467	0.0400381	8.4E-01	0.0134205	9.1E-01
rs2836753	21	40291187	0.447396	T	C	0.362883	0.999333	2.6069	1.1E-01	-0.00891324	0.00579488	2.36583	1.2E-01	3.85222	5.0E-02
rs1964926	21	42653121	0.51205	A	G	0.35393	0.992207	4.17835	4.1E-02	-0.0110834	0.00586235	3.57437	5.9E-02	4.73923	2.9E-02
rs8130074	21	46498684	0.621941	C	G	0.35124	0.996511	0.57866	4.5E-01	0.00441856	0.00585957	0.568629	4.5E-01	0.540936	4.6E-01
rs4820399	22	40546633	0.498151	C	T	0.4075	0.991505	0.508898	4.8E-01	-0.00339896	0.00569055	0.356766	5.5E-01	0.351377	5.5E-01
rs13053342	22	48871624	0.664334	G	A	0.577345	0.990848	0.346551	5.6E-01	-0.00388641	0.00566245	0.471072	4.9E-01	1.09824	2.9E-01
