SNP	CHR	BP	GENPOS	ALLELE1	ALLELE0	A1FREQ	INFO	CHISQ_LINREG	P_LINREG	BETA	SE	CHISQ_BOLT_LMM_INF	P_BOLT_LMM_INF	CHISQ_BOLT_LMM	P_BOLT_LMM
rs28788874	1	1520725	0.0141684	C	T	0.584735	0.768295	0.00606312	9.4E-01	0.000548636	0.0064114	0.00732255	9.3E-01	0.0182251	8.9E-01
rs28788874	1	1520725	0.0141684	C	T	0.584735	0.768295	0.00606312	9.4E-01	0.000548636	0.0064114	0.00732255	9.3E-01	0.0182251	8.9E-01
rs72634501	1	39551488	0.669558	T	C	0.760747	0.973003	14.9213	1.1E-04	0.026208	0.00661574	15.6931	7.4E-05	17.7641	2.5E-05
rs7545034	1	47659445	0.739124	T	C	0.495311	0.986554	7.27684	7.0E-03	-0.0137102	0.00560975	5.97312	1.5E-02	5.1873	2.3E-02
rs7553454	1	49231261	0.759781	T	C	0.774904	0.984417	6.56595	1.0E-02	0.0163447	0.00669729	5.95601	1.5E-02	5.53739	1.9E-02
rs11591147	1	55505647	0.809828	G	T	0.982511	1	33.6888	6.5E-09	0.122353	0.0212233	33.2355	8.2E-09	35.0398	3.2E-09
rs7534572	1	62999675	0.922881	C	G	0.351807	0.999944	91.5372	1.1E-21	0.0576374	0.00582117	98.0368	4.1E-23	100.173	1.4E-23
rs2422134	1	72514701	1.03261	G	C	0.494392	0.995097	0.00175741	9.7E-01	-0.00136067	0.00557387	0.0595927	8.1E-01	0.0159274	9.0E-01
rs6690871	1	74977277	1.04309	A	G	0.592502	0.986356	1.92566	1.7E-01	0.00738247	0.00570555	1.6742	2.0E-01	1.7118	1.9E-01
rs2247536	1	77919438	1.07305	G	C	0.734406	0.984022	0.879304	3.5E-01	-0.00877291	0.00636207	1.90147	1.7E-01	1.79305	1.8E-01
rs1536023	1	96882019	1.26526	C	A	0.779556	0.988892	6.46016	1.1E-02	-0.0147945	0.00675951	4.7904	2.9E-02	4.57732	3.2E-02
rs10747488	1	98299475	1.27829	C	A	0.231417	0.993887	5.63525	1.8E-02	-0.0157401	0.00663431	5.62887	1.8E-02	7.72129	5.5E-03
rs920835	1	107946802	1.36667	G	A	0.707486	0.968585	0.0341287	8.5E-01	-0.00135336	0.00622648	0.0472431	8.3E-01	8.70363e-05	9.9E-01
rs7528419	1	109817192	1.38712	A	G	0.778746	1	31.2545	2.3E-08	0.0374764	0.00669424	31.341	2.2E-08	31.7508	1.8E-08
rs12033257	1	112318484	1.42838	A	G	0.621237	0.983831	4.52258	3.3E-02	-0.012375	0.00579746	4.55635	3.3E-02	2.83475	9.2E-02
rs4357530	1	151103153	1.65977	G	A	0.321207	0.991504	0.155779	6.9E-01	-0.00100418	0.00599119	0.0280931	8.7E-01	0.147469	7.0E-01
rs148261599	1	155253286	1.69959	C	G	0.796018	0.939661	2.23548	1.3E-01	0.00836388	0.00710776	1.38468	2.4E-01	2.46113	1.2E-01
rs12565430	1	174400537	1.95129	G	A	0.890495	0.989663	0.00308021	9.6E-01	0.00186012	0.00893953	0.0432966	8.4E-01	0.00431078	9.5E-01
rs10913418	1	177755299	1.98687	C	A	0.596511	0.989574	0.0029821	9.6E-01	0.00122529	0.00570627	0.0461077	8.3E-01	0.104043	7.5E-01
rs1359940	1	177848153	1.98809	T	C	0.542981	0.978287	7.7838	5.3E-03	-0.0147113	0.00565464	6.76846	9.3E-03	7.82287	5.2E-03
rs9425633	1	184657251	2.05452	T	C	0.517837	0.997773	2.49162	1.1E-01	0.0079873	0.00557194	2.05488	1.5E-01	3.11108	7.8E-02
rs10801363	1	194922207	2.13186	T	A	0.632532	0.99595	0.00646877	9.4E-01	0.00114793	0.00578157	0.0394223	8.4E-01	0.0781538	7.8E-01
rs2494116	1	201784151	2.19723	G	A	0.451622	0.998902	0.193969	6.6E-01	0.000589323	0.00558806	0.011122	9.2E-01	0.00582718	9.4E-01
rs12042959	1	243533273	2.82744	A	G	0.856757	0.985729	0.77051	3.8E-01	-0.00713021	0.00798681	0.796998	3.7E-01	1.14715	2.8E-01
rs6548228	2	345889	0.00380575	T	C	0.476197	0.997111	18.5769	1.6E-05	-0.0236321	0.0055808	17.9313	2.3E-05	16.7777	4.2E-05
rs2667214	2	449487	0.00560823	A	G	0.676488	0.984343	2.11109	1.5E-01	0.00817682	0.00600592	1.85357	1.7E-01	0.974145	3.2E-01
rs10176391	2	574368	0.00678655	C	G	0.988537	0.920209	1.30158	2.5E-01	-0.0275431	0.0272389	1.02246	3.1E-01	0.902207	3.4E-01
rs75971153	2	24689143	0.455958	T	C	0.805299	0.974205	2.84323	9.2E-02	-0.0127766	0.00712151	3.21873	7.3E-02	5.44323	2.0E-02
rs75503394	2	25155419	0.457101	C	T	0.904575	0.987449	7.54372	6.0E-03	0.024414	0.00951774	6.57978	1.0E-02	7.42913	6.4E-03
rs10048652	2	35449306	0.577825	T	C	0.438309	0.999392	0.495987	4.8E-01	-0.00273525	0.00562046	0.236838	6.3E-01	0.132241	7.2E-01
rs698838	2	44738763	0.693339	C	T	0.374359	1	2.41613	1.2E-01	0.00888195	0.00575574	2.3813	1.2E-01	2.42413	1.2E-01
rs4953423	2	47025672	0.736991	C	T	0.641914	0.986288	1.60584	2.1E-01	-0.00861169	0.00585635	2.16233	1.4E-01	2.54081	1.1E-01
rs9636391	2	50201110	0.779779	A	G	0.161876	0.994454	2.34804	1.3E-01	-0.0101007	0.00756335	1.78349	1.8E-01	1.57214	2.1E-01
rs3198123	2	55207693	0.827446	C	T	0.698625	0.993954	0.92101	3.4E-01	-0.00881079	0.00609332	2.09084	1.5E-01	2.98365	8.4E-02
rs13032423	2	57992112	0.847237	G	A	0.445418	0.996747	0.168801	6.8E-01	0.00148163	0.00561901	0.0695279	7.9E-01	0.0445545	8.3E-01
rs55767040	2	58955028	0.850031	T	C	0.699424	0.989049	1.38857	2.4E-01	0.00674725	0.00611983	1.21556	2.7E-01	1.01928	3.1E-01
rs980183	2	59311536	0.858192	G	A	0.398003	0.996406	6.49738	1.1E-02	-0.014002	0.00569523	6.04445	1.4E-02	4.88753	2.7E-02
rs7557796	2	86766153	1.16162	T	C	0.352323	0.999778	0.184803	6.7E-01	-0.00383371	0.00583104	0.43226	5.1E-01	0.501365	4.8E-01
rs13023088	2	100576304	1.22131	C	T	0.849851	0.99385	4.50553	3.4E-02	-0.0168712	0.00780506	4.67241	3.1E-02	6.26836	1.2E-02
rs9308868	2	104361420	1.24985	G	A	0.475644	0.997977	0.0804401	7.8E-01	-0.00162	0.00558814	0.0840421	7.7E-01	0.24221	6.2E-01
rs1349512	2	105435369	1.26243	T	C	0.689911	0.999103	0.565166	4.5E-01	0.00234321	0.00601241	0.151888	7.0E-01	0.637655	4.2E-01
rs1530559	2	135755629	1.58463	A	G	0.600693	1	22.2804	2.4E-06	-0.0175492	0.00563798	9.68871	1.9E-03	11.5204	6.9E-04
rs2034604	2	143958745	1.64938	C	T	0.463349	0.997459	0.7293	3.9E-01	-0.0061768	0.0055924	1.21992	2.7E-01	0.964706	3.3E-01
rs12692596	2	161265910	1.78694	C	T	0.629192	0.996301	4.34939	3.7E-02	0.0106412	0.00574962	3.42534	6.4E-02	3.10037	7.8E-02
rs12328675	2	165540800	1.81492	T	C	0.879644	0.99881	36.9242	1.2E-09	-0.0498204	0.00854264	34.0118	5.5E-09	31.8091	1.7E-08
rs6745626	2	181436641	2.00364	C	T	0.408617	0.996845	0.738057	3.9E-01	0.00520136	0.00567126	0.841153	3.6E-01	1.04552	3.1E-01
rs6743255	2	205363596	2.17314	A	G	0.119725	1	6.57771	1.0E-02	-0.0230721	0.00855908	7.26643	7.0E-03	5.42785	2.0E-02
rs13000757	2	207145906	2.20108	G	T	0.495484	0.995817	0.461988	5.0E-01	0.00259177	0.0055894	0.215012	6.4E-01	0.169128	6.8E-01
rs11692326	2	208263279	2.21189	C	T	0.770028	0.999964	1.06946	3.0E-01	0.0039671	0.00660147	0.361131	5.5E-01	0.584445	4.4E-01
rs13388242	2	227020853	2.44234	G	A	0.66352	0.99826	27.555	1.5E-07	-0.0325099	0.00588495	30.5173	3.3E-08	28.9936	7.3E-08
rs12611517	2	228977034	2.47863	T	A	0.656814	0.999378	11.1024	8.6E-04	0.0202574	0.00586201	11.9419	5.5E-04	10.7321	1.1E-03
rs12473885	2	230569590	2.5018	G	T	0.878273	0.993886	0.680385	4.1E-01	-0.00875271	0.00852147	1.05501	3.0E-01	1.34683	2.5E-01
rs13098833	3	20428568	0.395393	A	G	0.723663	0.994024	0.00599124	9.4E-01	-0.00214399	0.00627371	0.116787	7.3E-01	0.277315	6.0E-01
rs754635	3	42305131	0.652861	C	G	0.112989	0.99768	5.31625e-06	1.0E+00	-0.00139466	0.00877332	0.0252704	8.7E-01	0.00633182	9.4E-01
rs72906474	3	47817007	0.688057	G	T	0.417107	0.973948	3.37182	6.6E-02	-0.0110304	0.00572778	3.7086	5.4E-02	3.1668	7.5E-02
rs71326904	3	49991060	0.690403	C	T	0.749113	0.999883	0.479332	4.9E-01	0.00248576	0.00642982	0.149458	7.0E-01	0.186823	6.7E-01
rs1371095	3	61147530	0.807508	A	G	0.581645	0.99157	0.227322	6.3E-01	0.0031017	0.0056754	0.298681	5.8E-01	0.466565	4.9E-01
rs9874646	3	62462818	0.82936	C	T	0.314458	0.963027	0.439723	5.1E-01	0.0027493	0.00611715	0.201998	6.5E-01	0.501895	4.8E-01
rs7430139	3	82504148	1.08216	A	G	0.834726	1	0.588956	4.4E-01	-0.0063386	0.00751952	0.71057	4.0E-01	0.334316	5.6E-01
rs1248859	3	85017098	1.08828	G	C	0.331024	0.996188	0.0239863	8.8E-01	0.0014008	0.00593679	0.0556736	8.1E-01	0.401422	5.3E-01
rs9857105	3	93893210	1.10433	A	G	0.459959	0.997124	0.148324	7.0E-01	-0.00125998	0.00560956	0.0504508	8.2E-01	0.144259	7.0E-01
rs11917909	3	107864673	1.2019	G	A	0.64971	0.995989	1.16861	2.8E-01	-0.00709236	0.00584016	1.4748	2.2E-01	0.914319	3.4E-01
rs2037001	3	131458973	1.44255	C	G	0.708207	0.979412	4.43451	3.5E-02	0.0119343	0.00619629	3.70962	5.4E-02	5.91235	1.5E-02
rs9827662	3	135710841	1.49347	C	A	0.75398	0.999173	4.0782	4.3E-02	0.0116049	0.00646542	3.22172	7.3E-02	2.73794	9.8E-02
rs355786	3	153990749	1.684	G	A	0.607502	0.999005	1.73249	1.9E-01	-0.00638478	0.00572227	1.24496	2.6E-01	2.04567	1.5E-01
rs1604038	3	170709193	1.7983	C	T	0.714201	0.999363	8.29329	4.0E-03	0.0173001	0.00615857	7.89114	5.0E-03	8.06435	4.5E-03
rs9867130	3	185729753	2.0208	A	G	0.141676	0.965346	5.81555	1.6E-02	-0.0185438	0.00815467	5.17115	2.3E-02	5.84226	1.6E-02
rs11736501	4	18451423	0.339653	A	C	0.680338	0.997158	0.833558	3.6E-01	0.00487113	0.00597368	0.664929	4.1E-01	0.766917	3.8E-01
rs73244271	4	20091053	0.357316	A	G	0.887469	0.995322	9.97349	1.6E-03	0.0267895	0.00886259	9.13711	2.5E-03	7.27181	7.0E-03
rs6849555	4	25150890	0.433804	G	C	0.799698	0.94032	3.49735	6.1E-02	-0.0160831	0.00717932	5.01847	2.5E-02	4.94234	2.6E-02
rs4623046	4	45042343	0.679347	G	A	0.33237	0.994028	2.2624	1.3E-01	-0.00992468	0.00592027	2.81028	9.4E-02	4.1636	4.1E-02
rs6829208	4	52728640	0.6941	T	C	0.726338	0.99807	0.00373002	9.5E-01	-0.00247053	0.00624473	0.156514	6.9E-01	0.0450282	8.3E-01
rs6815651	4	55487718	0.714225	C	T	0.450226	0.994486	3.93103	4.7E-02	-0.0141136	0.00560598	6.33829	1.2E-02	6.37782	1.2E-02
rs923994	4	67802992	0.836181	A	G	0.217153	0.992221	10.7118	1.1E-03	-0.0211769	0.00675981	9.81419	1.7E-03	8.43039	3.7E-03
rs3775228	4	87985166	1.02979	C	T	0.601826	0.990907	28.0338	1.2E-07	0.0317073	0.00570151	30.9271	2.7E-08	38.5803	5.3E-10
rs3775389	4	89670614	1.04868	T	C	0.843928	0.999173	28.0051	1.2E-07	-0.0448977	0.007695	34.0433	5.4E-09	33.1889	8.4E-09
rs13105682	4	102702364	1.15516	T	G	0.941406	0.93989	17.4182	3.0E-05	0.0496051	0.0122395	16.4258	5.1E-05	19.0068	1.3E-05
rs11728213	4	113309647	1.25168	G	A	0.683684	0.99931	0.0302434	8.6E-01	0.000242793	0.0060006	0.00163712	9.7E-01	0.011189	9.2E-01
rs1296328	4	137083193	1.44321	A	C	0.440098	0.99123	0.365107	5.5E-01	-0.00339888	0.00566193	0.360365	5.5E-01	0.80344	3.7E-01
rs4863516	4	140773770	1.49281	T	C	0.672112	0.999318	4.45915	3.5E-02	-0.0108155	0.00592929	3.32726	6.8E-02	3.73283	5.3E-02
rs750090	4	152931436	1.59021	T	C	0.646587	0.97605	2.51854	1.1E-01	0.0106806	0.00586813	3.31277	6.9E-02	2.69128	1.0E-01
rs13110266	4	162129844	1.69444	G	A	0.582061	0.993805	1.41811	2.3E-01	-0.00687518	0.0056595	1.47575	2.2E-01	0.535877	4.6E-01
rs4597930	5	27171542	0.425308	T	C	0.71786	0.997265	4.2632	3.9E-02	-0.0122638	0.0062085	3.90192	4.8E-02	3.88935	4.9E-02
rs6451675	5	43110855	0.62057	C	G	0.307452	0.990847	0.874357	3.5E-01	0.00613644	0.0060556	1.02688	3.1E-01	1.72587	1.9E-01
rs16885714	5	55841824	0.681155	A	G	0.901887	0.984308	37.0275	1.2E-09	0.0564486	0.00943045	35.8296	2.2E-09	38.5012	5.5E-10
rs6449674	5	62995938	0.739824	T	C	0.52251	0.996207	0.554186	4.6E-01	0.0043697	0.00558713	0.611683	4.3E-01	0.427504	5.1E-01
rs4072296	5	74242002	0.858799	T	C	0.46019	0.938263	5.74515	1.7E-02	-0.0131061	0.00576941	5.16038	2.3E-02	6.72542	9.5E-03
rs11740689	5	80841360	0.956164	A	C	0.681749	0.9953	1.35586	2.4E-01	-0.00783209	0.00598735	1.71114	1.9E-01	1.19423	2.7E-01
rs77156384	5	87709219	1.01438	A	G	0.979071	1	0.14604	7.0E-01	-0.00456121	0.0194897	0.0547708	8.1E-01	0.000283095	9.9E-01
rs7701355	5	88804839	1.01946	G	T	0.578544	0.999666	2.12207	1.5E-01	0.00752826	0.00565262	1.77374	1.8E-01	1.9777	1.6E-01
rs6885199	5	92574633	1.04879	G	A	0.9622	1	2.61514e-06	1.0E+00	-0.00344193	0.0146089	0.0555094	8.1E-01	0.0658207	8.0E-01
rs12186664	5	95630225	1.07202	A	T	0.684284	0.993149	0.28325	5.9E-01	-0.00263682	0.00600581	0.192761	6.6E-01	0.0764621	7.8E-01
rs1835978	5	107265051	1.15538	T	C	0.111179	0.976322	0.509875	4.8E-01	0.0063271	0.00896038	0.498604	4.8E-01	0.998054	3.2E-01
rs459552	5	112176756	1.19663	T	A	0.232844	1	1.36188	2.4E-01	-0.00857427	0.00658235	1.69681	1.9E-01	1.99873	1.6E-01
rs329120	5	133861756	1.41589	C	T	0.579716	0.996967	5.34523	2.1E-02	-0.0141965	0.00565897	6.29339	1.2E-02	4.86017	2.7E-02
rs356453	5	139053563	1.4578	G	A	0.669183	0.993285	1.34446	2.5E-01	0.00919961	0.0059339	2.40358	1.2E-01	2.56908	1.1E-01
rs2190788	5	144484261	1.52142	G	T	0.681254	0.989372	1.64225	2.0E-01	0.00843181	0.00603101	1.95461	1.6E-01	2.85653	9.1E-02
rs7701886	5	153547409	1.6413	G	A	0.45336	0.99206	0.536985	4.6E-01	0.00301051	0.00562322	0.286622	5.9E-01	0.0114304	9.1E-01
rs2287894	5	170322919	1.86356	T	A	0.272401	0.998905	2.91958	8.8E-02	0.0115332	0.00626887	3.38469	6.6E-02	4.7166	3.0E-02
rs10947758	6	12093961	0.272682	T	C	0.645937	0.995017	0.117572	7.3E-01	0.00261502	0.00584878	0.199904	6.5E-01	0.168879	6.8E-01
rs9357634	6	13192190	0.290983	T	C	0.701576	0.98883	8.84837	2.9E-03	-0.0172315	0.0061291	7.90407	4.9E-03	7.03189	8.0E-03
rs3806114	6	20482335	0.408974	G	A	0.330694	0.979566	3.61724	5.7E-02	-0.00951136	0.00599231	2.5194	1.1E-01	2.25637	1.3E-01
rs9264261	6	31223738	0.511079	T	C	0.282879	0.834737	29.1813	6.6E-08	0.0379981	0.00672693	31.9073	1.6E-08	31.1293	2.4E-08
rs57493997	6	34443523	0.547182	T	C	0.907375	0.988432	5.33459	2.1E-02	0.0249871	0.00966074	6.68979	9.7E-03	7.89946	4.9E-03
rs35679149	6	43604167	0.672046	A	G	0.973525	1	1.61276	2.0E-01	-0.0236592	0.0173774	1.85367	1.7E-01	1.42241	2.3E-01
rs4714925	6	46304194	0.722787	A	G	0.493044	0.998125	0.065717	8.0E-01	-0.00378535	0.00557967	0.46025	5.0E-01	0.635267	4.3E-01
rs9473821	6	50356035	0.748721	T	C	0.122366	0.995677	0.0466749	8.3E-01	0.00174648	0.0085201	0.0420185	8.4E-01	0.00223282	9.6E-01
rs1369869	6	83366282	0.934423	C	T	0.558841	0.987317	0.598557	4.4E-01	0.00303775	0.00564706	0.289374	5.9E-01	0.406375	5.2E-01
rs6905544	6	98411631	1.06235	A	G	0.398807	0.997318	0.816236	3.7E-01	0.00611591	0.00569932	1.15153	2.8E-01	0.867066	3.5E-01
rs1575676	6	108861264	1.17848	C	T	0.628148	0.997454	0.144115	7.0E-01	-0.00179832	0.00575782	0.0975482	7.5E-01	0.301769	5.8E-01
rs9387640	6	119508871	1.25792	C	T	0.635398	1	6.41997	1.1E-02	-0.0159246	0.00580231	7.53247	6.1E-03	7.9791	4.7E-03
rs590015	6	139824992	1.50297	G	A	0.500109	0.993146	45.6673	1.4E-11	0.0364499	0.00555903	42.9926	5.5E-11	46.0068	1.2E-11
rs198665	6	143154886	1.51958	C	A	0.629508	0.991725	1.3351	2.5E-01	0.00747374	0.005799	1.661	2.0E-01	2.26755	1.3E-01
rs7755574	6	153364643	1.66311	G	T	0.718151	0.997121	1.82154	1.8E-01	0.0084078	0.00623211	1.8201	1.8E-01	1.61398	2.0E-01
rs41265930	6	160964135	1.77505	T	C	0.92907	1	41.0731	1.5E-10	0.066019	0.010864	36.9285	1.2E-09	39.6656	3.0E-10
rs11767176	7	1852823	0.0275939	G	A	0.78849	0.994823	0.00130373	9.7E-01	0.00201607	0.00682128	0.0873536	7.7E-01	0.0930265	7.6E-01
rs4307239	7	24354300	0.415589	A	G	0.540084	0.99283	1.0686	3.0E-01	0.00721512	0.0056082	1.65516	2.0E-01	1.70788	1.9E-01
rs3807566	7	50564204	0.76671	G	T	0.56098	0.994523	0.0439652	8.3E-01	-0.0018001	0.00562092	0.10256	7.5E-01	0.163069	6.9E-01
rs4718966	7	70040558	0.868636	C	T	0.584999	0.992694	1.33443	2.5E-01	0.00607231	0.00568836	1.13955	2.9E-01	1.34632	2.5E-01
rs10950289	7	71429308	0.890251	A	G	0.837402	0.9787	1.41053	2.3E-01	-0.00894126	0.00762115	1.37644	2.4E-01	1.10598	2.9E-01
rs6964833	7	74101909	0.91305	T	C	0.742216	0.9996	2.15624	1.4E-01	0.00624447	0.00638036	0.957857	3.3E-01	1.23037	2.7E-01
rs7805441	7	78121458	0.952449	C	T	0.496028	0.987826	3.54046	6.0E-02	0.0114725	0.0056275	4.15605	4.1E-02	3.27004	7.1E-02
rs16868443	7	93206264	1.0947	G	C	0.638366	0.996209	0.125926	7.2E-01	-0.00192039	0.00579488	0.109822	7.4E-01	0.00681416	9.3E-01
rs17155888	7	103416295	1.18694	T	A	0.573633	0.98913	4.39685	3.6E-02	0.012468	0.00566673	4.84093	2.8E-02	3.42513	6.4E-02
rs7788008	7	112972483	1.29323	G	A	0.566242	0.997606	1.65415	2.0E-01	-0.00713005	0.00562173	1.60859	2.0E-01	2.0742	1.5E-01
rs12705908	7	113422504	1.29936	A	G	0.435782	0.999217	3.61624	5.7E-02	-0.0109017	0.00561933	3.76373	5.2E-02	3.46735	6.3E-02
rs1563408	7	114303189	1.30467	G	A	0.518625	0.9976	0.76777	3.8E-01	0.00289217	0.00558211	0.268442	6.0E-01	0.329718	5.7E-01
rs12154627	7	130422934	1.4017	T	C	0.506907	0.97487	44.3871	2.7E-11	-0.0384321	0.00563155	46.5728	8.8E-12	50.3037	1.3E-12
rs2968856	7	150614934	1.67963	T	C	0.750666	0.995794	2.1514	1.4E-01	-0.0121996	0.00646095	3.56532	5.9E-02	3.40351	6.5E-02
rs2921077	8	8304502	0.239157	G	A	0.535755	0.992952	17.6527	2.7E-05	-0.0249236	0.00562223	19.6519	9.3E-06	18.534	1.7E-05
rs2959592	8	17002725	0.407822	T	C	0.81033	0.987439	0.299452	5.8E-01	-0.0040709	0.00714659	0.324476	5.7E-01	0.208125	6.5E-01
rs13277738	8	18241507	0.434993	C	T	0.850781	0.99455	33.4232	7.4E-09	0.0439556	0.00782222	31.5767	1.9E-08	29.6342	5.2E-08
rs66778572	8	19916120	0.473343	G	A	0.718422	0.996138	110.832	6.4E-26	-0.0639699	0.00617914	107.175	4.1E-25	115.423	6.4E-27
rs1362910	8	30856464	0.645028	A	G	0.419317	0.991461	1.50565	2.2E-01	-0.0064538	0.00564044	1.3092	2.5E-01	1.26693	2.6E-01
rs12681792	8	62054463	0.850895	C	A	0.807401	0.990908	0.771375	3.8E-01	0.00503327	0.0071059	0.501721	4.8E-01	0.436399	5.1E-01
rs7822926	8	64701966	0.867188	A	C	0.529208	0.995395	1.24075	2.7E-01	-0.00669884	0.00559397	1.43403	2.3E-01	2.47074	1.2E-01
rs2017657	8	73426371	0.974058	G	T	0.427149	1	9.26736	2.3E-03	-0.0165341	0.00564438	8.58087	3.4E-03	6.64444	9.9E-03
rs2943611	8	76473939	1.00704	T	C	0.203974	0.993157	3.47277	6.2E-02	0.013377	0.00692516	3.73126	5.3E-02	3.17099	7.5E-02
rs9298280	8	77329753	1.00881	T	G	0.287889	0.987301	0.575144	4.5E-01	0.0047277	0.00617107	0.586919	4.4E-01	0.959045	3.3E-01
rs1180626	8	116476393	1.31509	G	A	0.224213	0.994168	0.426024	5.1E-01	0.00423437	0.00671618	0.397497	5.3E-01	0.237638	6.3E-01
rs72647336	8	126445055	1.45241	G	A	0.942617	0.85693	44.2184	2.9E-11	0.0834304	0.01293	41.6345	1.1E-10	41.6856	1.1E-10
rs2954018	8	126477153	1.45319	C	T	0.298303	0.998357	52.3573	4.6E-13	-0.0458024	0.00608808	56.5999	5.3E-14	59.6888	1.1E-14
rs12546096	8	126628841	1.45646	A	G	0.746837	0.970021	27.8706	1.3E-07	0.0359718	0.00649214	30.7007	3.0E-08	31.4952	2.0E-08
rs10124645	9	11321119	0.255592	A	G	0.589801	0.991792	0.344156	5.6E-01	-0.00326336	0.0057096	0.326677	5.7E-01	0.663638	4.2E-01
rs2457637	9	15533394	0.341722	T	C	0.512743	0.988377	4.3561	3.7E-02	-0.0104386	0.00559799	3.47711	6.2E-02	2.68714	1.0E-01
rs6476065	9	28403813	0.542923	C	T	0.423663	0.971482	3.93184	4.7E-02	0.00933703	0.00570802	2.67575	1.0E-01	3.18431	7.4E-02
rs12345603	9	29601893	0.557517	C	T	0.574964	0.971878	4.3855	3.6E-02	0.0122024	0.00571851	4.55326	3.3E-02	4.18488	4.1E-02
rs868980	9	92140852	1.08916	A	G	0.764207	0.992973	14.9244	1.1E-04	0.0267281	0.0065823	16.4885	4.9E-05	16.181	5.8E-05
rs7873003	9	96392945	1.13399	T	C	0.320009	0.990354	1.57906	2.1E-01	-0.00805417	0.00600063	1.80156	1.8E-01	2.54746	1.1E-01
rs1852865	9	102750138	1.19624	C	T	0.434954	0.999839	3.28369	7.0E-02	-0.00953013	0.00563654	2.85872	9.1E-02	1.9082	1.7E-01
rs7024334	9	109072075	1.25943	T	G	0.221004	0.999349	0.586017	4.4E-01	-0.00498692	0.00671166	0.552083	4.6E-01	0.46334	5.0E-01
rs1252008	9	120362838	1.43341	T	C	0.568657	0.998833	0.147744	7.0E-01	0.00354662	0.0056167	0.398719	5.3E-01	0.51342	4.7E-01
rs3829849	9	129390800	1.5324	C	T	0.630889	0.998111	8.17308	4.3E-03	0.0155665	0.00577647	7.26203	7.0E-03	7.55115	6.0E-03
rs10733682	9	129460914	1.5336	A	G	0.474217	0.966242	0.0198732	8.9E-01	0.000648734	0.00565151	0.0131767	9.1E-01	0.093786	7.6E-01
rs2267958	9	131015279	1.55043	G	A	0.485563	0.958689	0.0849344	7.7E-01	-0.00143773	0.00570304	0.0635534	8.0E-01	0.0398738	8.4E-01
rs10159545	10	21766969	0.466662	C	G	0.649246	0.986543	0.906602	3.4E-01	0.00721924	0.00587068	1.51219	2.2E-01	1.63246	2.0E-01
rs12762034	10	33969931	0.621029	T	C	0.92272	0.998956	5.60517	1.8E-02	0.0294051	0.0104299	7.94849	4.8E-03	7.1961	7.3E-03
rs4595495	10	53673286	0.748363	A	G	0.58387	0.998015	6.68667	9.7E-03	0.0136193	0.00567887	5.75156	1.6E-02	6.3169	1.2E-02
rs4746855	10	64822828	0.870307	G	A	0.596714	1	6.42368	1.1E-02	-0.0135945	0.00569425	5.69971	1.7E-02	7.08002	7.8E-03
rs12098284	10	76047464	0.999816	C	T	0.877434	0.998637	0.00470405	9.5E-01	8.52656e-05	0.00850546	0.000100497	9.9E-01	0.0666119	8.0E-01
rs1249156	10	79979737	1.04291	T	C	0.294183	0.999324	0.34844	5.5E-01	-0.00336805	0.00612311	0.302562	5.8E-01	0.133594	7.1E-01
rs12245654	10	87562928	1.13739	A	C	0.927047	0.984714	7.89496	5.0E-03	0.0315405	0.0107927	8.54033	3.5E-03	7.26747	7.0E-03
rs2068888	10	94839642	1.21308	G	A	0.549768	1	34.2722	4.8E-09	-0.0316225	0.00560228	31.8613	1.7E-08	33.7081	6.4E-09
rs4074720	10	114748497	1.39784	C	T	0.534572	0.984751	2.55322	1.1E-01	0.00911116	0.00562407	2.6245	1.1E-01	3.0293	8.2E-02
rs72828935	10	126587488	1.61238	G	C	0.716689	0.993686	5.35136	2.1E-02	0.0144431	0.0062047	5.4185	2.0E-02	5.39097	2.0E-02
rs12778347	10	133978806	1.80077	G	T	0.423877	0.999758	0.0983909	7.5E-01	-0.000502632	0.00563946	0.00794373	9.3E-01	0.00464433	9.5E-01
rs12802861	11	8387806	0.188896	C	T	0.71326	0.995592	2.42094	1.2E-01	-0.00883389	0.00617251	2.04824	1.5E-01	1.1726	2.8E-01
rs7942486	11	13288698	0.267633	G	T	0.432178	0.998702	4.73542	3.0E-02	0.0108572	0.00563225	3.71599	5.4E-02	3.42035	6.4E-02
rs12791818	11	27277760	0.463075	A	G	0.918985	0.937343	6.55341	1.0E-02	-0.0255751	0.0105542	5.87199	1.5E-02	5.73033	1.7E-02
rs2679059	11	43599791	0.621966	A	T	0.402252	0.990165	10.5657	1.2E-03	-0.0185905	0.00572744	10.5356	1.2E-03	11.0052	9.1E-04
rs11038428	11	45404318	0.657443	G	T	0.717407	0.990678	1.96096	1.6E-01	-0.00893246	0.00620783	2.07044	1.5E-01	2.05813	1.5E-01
rs35184771	11	47475189	0.665304	G	T	0.648082	0.998878	22.3443	2.3E-06	0.0257159	0.00582741	19.4738	1.0E-05	22.0899	2.6E-06
rs10792318	11	61531443	0.703376	A	G	0.749747	1	27.4738	1.6E-07	0.0352526	0.00644269	29.9397	4.5E-08	32.8893	9.8E-09
rs11549690	11	63991581	0.731065	G	A	0.922817	1	4.6867	3.0E-02	-0.0247453	0.0104445	5.61317	1.8E-02	5.03101	2.5E-02
rs2605603	11	93221105	1.00432	G	A	0.520259	0.995512	0.537463	4.6E-01	-0.00349798	0.0055562	0.396349	5.3E-01	1.19098	2.8E-01
rs4937870	11	112826709	1.19814	A	G	0.689169	0.983578	0.14828	7.0E-01	0.000248888	0.00606285	0.00168521	9.7E-01	0.052251	8.2E-01
rs2187986	11	115001410	1.23045	G	A	0.524684	0.965018	3.95619	4.7E-02	0.0107627	0.00568452	3.58471	5.8E-02	3.52784	6.0E-02
rs486915	11	116534288	1.25998	T	A	0.658197	0.956464	40.433	2.0E-10	0.0396758	0.00599753	43.7628	3.7E-11	41.8622	9.8E-11
rs501351	11	118917814	1.29362	T	G	0.605774	0.997555	8.83149	3.0E-03	0.0158173	0.00570227	7.69427	5.5E-03	7.69416	5.5E-03
rs7941030	11	122522375	1.35839	T	C	0.616205	1	0.338038	5.6E-01	-0.00401192	0.00574802	0.487155	4.9E-01	0.232155	6.3E-01
rs4366492	11	130717256	1.51227	T	C	0.474614	0.99465	0.0122883	9.1E-01	0.00103045	0.00557078	0.0342152	8.5E-01	0.0354181	8.5E-01
rs10894604	11	132641746	1.55638	T	G	0.652028	1	0.321298	5.7E-01	-0.0030037	0.00584567	0.264025	6.1E-01	0.382861	5.4E-01
rs11064524	12	889902	0.0208303	T	G	0.758532	1	0.370262	5.4E-01	-0.00524669	0.00649477	0.652594	4.2E-01	0.737519	3.9E-01
rs7976757	12	19207948	0.354438	T	C	0.171206	0.989812	0.39809	5.3E-01	0.00737274	0.00741461	0.988738	3.2E-01	2.22142	1.4E-01
rs16926776	12	24001905	0.419584	C	T	0.922961	1	0.0383035	8.4E-01	0.00644328	0.0104689	0.3788	5.4E-01	0.716305	4.0E-01
rs11181001	12	41948196	0.563104	A	G	0.469108	0.977653	1.01608	3.1E-01	-0.00471567	0.00562804	0.702059	4.0E-01	0.907808	3.4E-01
rs2720296	12	50169070	0.630128	G	A	0.609632	0.950295	2.44435	1.2E-01	-0.00559436	0.00586716	0.90917	3.4E-01	1.36995	2.4E-01
rs11173522	12	60953472	0.741724	C	A	0.784532	0.998242	0.937239	3.3E-01	0.0058992	0.00679355	0.754039	3.9E-01	0.8775	3.5E-01
rs317646	12	69657145	0.849888	G	A	0.275066	0.99846	2.03502	1.5E-01	-0.0117134	0.00625038	3.51197	6.1E-02	4.24842	3.9E-02
rs704067	12	89726027	1.03172	G	A	0.545146	0.989595	0.572493	4.5E-01	0.00518578	0.00563944	0.845582	3.6E-01	0.647866	4.2E-01
rs591776	12	99538895	1.16639	C	T	0.364365	0.994453	1.70334	1.9E-01	-0.0101777	0.00580851	3.07021	8.0E-02	2.56548	1.1E-01
rs4433630	12	103650031	1.2114	T	C	0.48744	0.978156	0.0526548	8.2E-01	0.0014419	0.005617	0.0658963	8.0E-01	0.00244456	9.6E-01
rs11832936	12	110549533	1.29782	A	C	0.610247	0.999756	2.09086	1.5E-01	0.00699974	0.00573643	1.48895	2.2E-01	2.13309	1.4E-01
rs111828690	12	117576767	1.39704	C	T	0.779464	0.990204	1.87684	1.7E-01	0.00609997	0.00678557	0.808132	3.7E-01	1.34191	2.5E-01
rs144713920	12	122485389	1.46548	C	G	0.945974	0.956209	4.52967	3.3E-02	0.0227687	0.0125986	3.26615	7.1E-02	3.75616	5.3E-02
rs12317176	12	124404718	1.4789	T	C	0.662157	0.998072	26.9638	2.1E-07	-0.0300937	0.00587835	26.2084	3.1E-07	29.102	6.9E-08
rs9579775	13	20616557	0.0139469	A	C	0.863467	0.926233	0.746813	3.9E-01	-0.00758139	0.00844717	0.805517	3.7E-01	0.444624	5.0E-01
rs4771218	13	28655311	0.212187	G	A	0.373005	0.991013	0.366382	5.4E-01	0.00197963	0.00578956	0.116917	7.3E-01	0.0466493	8.3E-01
rs9591001	13	33042870	0.304346	G	A	0.634695	0.994769	3.02301	8.2E-02	-0.0112006	0.00581946	3.70439	5.4E-02	4.18222	4.1E-02
rs9568856	13	54064981	0.568758	G	A	0.871723	1	0.298063	5.9E-01	0.00511457	0.00834157	0.375944	5.4E-01	0.0794401	7.8E-01
rs6561937	13	58257667	0.585042	T	A	0.243776	0.993408	12.6954	3.7E-04	-0.0222249	0.00652681	11.5951	6.6E-04	13.0407	3.0E-04
rs1413125	13	59260131	0.587755	G	T	0.574048	0.994453	0.693957	4.0E-01	-0.0058096	0.00566142	1.05303	3.0E-01	0.959428	3.3E-01
rs1441264	13	79580919	0.787841	G	A	0.406364	0.956515	0.51508	4.7E-01	0.00563262	0.0057804	0.949523	3.3E-01	0.837227	3.6E-01
rs61969477	13	86477950	0.835644	T	C	0.717214	0.998003	3.95098	4.7E-02	0.00980127	0.00618794	2.50884	1.1E-01	3.03446	8.2E-02
rs1927790	13	96922191	0.93596	T	C	0.587589	0.998094	0.393203	5.3E-01	0.00360403	0.00567402	0.403454	5.3E-01	0.517102	4.7E-01
rs7335249	13	109962579	1.18904	T	C	0.587526	0.995494	0.411998	5.2E-01	-0.00235605	0.00567497	0.172362	6.8E-01	0.206859	6.5E-01
rs7141213	14	25878636	0.160923	C	T	0.428505	0.99817	0.0489295	8.2E-01	0.00109277	0.00565436	0.0373497	8.5E-01	0.0351979	8.5E-01
rs6576279	14	29649958	0.207571	G	C	0.190393	0.998923	0.0252825	8.7E-01	-0.000483522	0.00707945	0.0046648	9.5E-01	0.00473329	9.5E-01
rs2143975	14	33297398	0.262161	C	G	0.467897	0.986467	0.731135	3.9E-01	-0.00618062	0.0056428	1.19971	2.7E-01	1.16815	2.8E-01
rs35020117	14	73341655	0.671145	T	G	0.538277	0.933938	2.44402	1.2E-01	-0.0107537	0.00578491	3.45558	6.3E-02	3.56456	5.9E-02
rs7159565	14	79891894	0.74792	T	C	0.36268	0.984708	3.3132	6.9E-02	-0.00925967	0.00582396	2.52787	1.1E-01	2.55554	1.1E-01
rs1951455	14	91512339	0.88209	T	C	0.283982	0.997245	3.32783	6.8E-02	-0.010835	0.00618409	3.06978	8.0E-02	3.92454	4.8E-02
rs2273639	14	93762162	0.916561	C	T	0.692907	0.99913	1.14514	2.8E-01	-0.00832745	0.00605206	1.89329	1.7E-01	2.16149	1.4E-01
rs7161194	14	101529005	1.0886	A	G	0.336786	0.914125	0.0584529	8.1E-01	-0.000351144	0.00616408	0.00324515	9.5E-01	0.0715717	7.9E-01
rs12148050	14	103263788	1.11638	A	G	0.348874	0.9994	4.79107	2.9E-02	-0.0116536	0.00583729	3.98567	4.6E-02	3.36701	6.7E-02
rs35443927	14	103849715	1.12404	C	T	0.630061	0.995118	0.884929	3.5E-01	-0.00612098	0.00576843	1.12597	2.9E-01	0.936326	3.3E-01
rs62020665	15	43020324	0.640949	C	G	0.911926	0.939942	33.2427	8.1E-09	0.0572583	0.0101692	31.7031	1.8E-08	31.0817	2.5E-08
rs11070502	15	46574981	0.663836	G	A	0.422393	0.996515	0.00621548	9.4E-01	0.000551846	0.0056575	0.0095145	9.2E-01	0.0187816	8.9E-01
rs12908949	15	59475713	0.795908	T	G	0.77013	0.991439	0.664867	4.1E-01	0.00469787	0.00664739	0.499458	4.8E-01	1.07403	3.0E-01
rs12903168	15	67680209	0.914057	T	C	0.726776	0.98909	7.1881	7.3E-03	-0.0171384	0.00629388	7.4149	6.5E-03	9.33601	2.2E-03
rs4777542	15	73082366	0.987566	C	T	0.670419	0.995307	0.648033	4.2E-01	0.0029877	0.00596185	0.251138	6.2E-01	0.269484	6.0E-01
rs11855821	15	78008843	1.01251	G	A	0.714306	0.958126	8.65333	3.3E-03	-0.0176997	0.00628731	7.92502	4.9E-03	6.94747	8.4E-03
rs12914623	15	80993570	1.05801	G	C	0.732913	0.994175	0.574099	4.5E-01	-0.00534926	0.00631002	0.718663	4.0E-01	0.804837	3.7E-01
rs7168523	15	95263911	1.31585	C	T	0.355269	0.99653	8.45894	3.6E-03	-0.0165173	0.00583267	8.01944	4.6E-03	8.45416	3.6E-03
rs1048786	16	336916	0.0036807	C	T	0.830941	1	4.65714	3.1E-02	-0.0147838	0.00742591	3.96343	4.6E-02	5.12504	2.4E-02
rs2601773	16	4001898	0.0718473	C	A	0.503399	0.995484	8.11069	4.4E-03	0.0147458	0.00557293	7.00117	8.1E-03	6.63501	1.0E-02
rs9934930	16	4902038	0.0862098	A	G	0.521116	0.994594	1.21241	2.7E-01	0.00644035	0.00560376	1.32087	2.5E-01	2.29205	1.3E-01
rs7187976	16	19708196	0.389763	A	G	0.820215	0.98274	0.969261	3.2E-01	-0.00640458	0.00729468	0.770848	3.8E-01	0.755234	3.8E-01
rs4238585	16	20255097	0.398011	C	T	0.13201	0.96298	1.64465	2.0E-01	0.00828339	0.00836744	0.980011	3.2E-01	0.361365	5.5E-01
rs11074452	16	20370168	0.40198	C	G	0.490517	0.995812	0.34093	5.6E-01	-0.00260915	0.0055807	0.218585	6.4E-01	0.518107	4.7E-01
rs200539	16	24735178	0.466016	T	C	0.268765	0.996448	13.8498	2.0E-04	0.0227326	0.00625766	13.1969	2.8E-04	13.3544	2.6E-04
rs2650494	16	28318440	0.541911	A	G	0.581267	0.992404	4.69832	3.0E-02	-0.0117924	0.00564561	4.36297	3.7E-02	4.64301	3.1E-02
rs4787483	16	29885447	0.552081	A	G	0.662227	1	0.807006	3.7E-01	0.00441547	0.00589098	0.561796	4.5E-01	0.559046	4.5E-01
rs111886096	16	53598310	0.644304	A	G	0.862466	0.993464	0.0525129	8.2E-01	0.00362047	0.00809541	0.200011	6.5E-01	0.201148	6.5E-01
rs7205986	16	53755146	0.644839	A	G	0.489919	0.988839	0.222129	6.4E-01	0.00134546	0.00561214	0.0574759	8.1E-01	0.0127743	9.1E-01
rs147993722	16	56745752	0.726654	C	T	0.968764	0.965307	45.918	1.2E-11	-0.110143	0.016325	45.5207	1.5E-11	44.93	2.0E-11
rs8044652	16	67506247	0.849914	T	C	0.0369935	0.970649	45.329	1.7E-11	-0.0978972	0.015015	42.5101	7.0E-11	47.0623	6.9E-12
rs811054	16	72251132	0.873381	C	T	0.462771	0.985658	0.916332	3.4E-01	0.00556387	0.0056167	0.981274	3.2E-01	0.922341	3.4E-01
rs9926618	16	81484570	1.04509	T	A	0.39429	0.97289	28.4415	9.7E-08	-0.0318388	0.00576799	30.4695	3.4E-08	28.4535	9.6E-08
rs12926506	16	81722413	1.05397	C	T	0.829273	0.984727	0.345787	5.6E-01	0.00622308	0.00744594	0.698509	4.0E-01	0.646227	4.2E-01
rs77081114	17	1816762	0.0641667	G	A	0.834903	1	2.5157	1.1E-01	-0.0136726	0.00751667	3.30864	6.9E-02	4.41248	3.6E-02
rs3026101	17	5280440	0.136672	T	C	0.696449	0.998494	0.856705	3.5E-01	-0.00627868	0.00607302	1.06888	3.0E-01	0.656249	4.2E-01
rs10491104	17	15884561	0.425342	C	T	0.468509	1	3.10429	7.8E-02	0.0116851	0.00558899	4.37116	3.7E-02	3.02508	8.2E-02
rs9906072	17	21245687	0.471598	T	C	0.486625	0.873727	17.781	2.5E-05	-0.0240612	0.00597629	16.2095	5.7E-05	20.075	7.4E-06
rs9904602	17	34835526	0.595066	T	A	0.482475	0.99641	2.73969	9.8E-02	0.00993505	0.00558413	3.16541	7.5E-02	3.13141	7.7E-02
rs17616799	17	46039553	0.703155	A	G	0.898327	0.994334	0.000438847	9.8E-01	0.0015638	0.00923978	0.0286443	8.7E-01	0.0106188	9.2E-01
rs55797392	17	47055622	0.707863	G	A	0.589793	0.985453	5.33938	2.1E-02	-0.0123342	0.00569996	4.68254	3.0E-02	7.15093	7.5E-03
rs7211966	17	54374611	0.801315	C	T	0.981745	0.996866	1.20271	2.7E-01	-0.0209422	0.0207958	1.01414	3.1E-01	0.566499	4.5E-01
rs17631394	17	61646000	0.886955	G	A	0.736546	0.99153	0.432024	5.1E-01	0.00420172	0.00635658	0.436926	5.1E-01	0.512984	4.7E-01
rs6501468	17	66427696	0.954391	T	C	0.22867	0.989749	26.8551	2.2E-07	-0.037139	0.00666334	31.0653	2.5E-08	28.4463	9.6E-08
rs2619976	17	71754545	1.06134	C	T	0.589126	0.992569	1.95726	1.6E-01	0.00921175	0.00569906	2.61263	1.1E-01	2.259	1.3E-01
rs4424946	17	78554888	1.24995	T	C	0.762112	0.998925	0.892546	3.4E-01	0.00639932	0.00654839	0.954987	3.3E-01	0.794067	3.7E-01
rs4076427	17	79087537	1.26024	G	C	0.609873	0.985353	0.0074446	9.3E-01	0.000101568	0.00573091	0.000314096	9.9E-01	0.163296	6.9E-01
rs1371274	18	1837007	0.0479005	A	C	0.863572	0.995553	0.234668	6.3E-01	0.00315277	0.00811252	0.151033	7.0E-01	0.018852	8.9E-01
rs11875960	18	21071925	0.432054	A	G	0.650113	0.974621	7.36506	6.7E-03	-0.0188535	0.00592407	10.1284	1.5E-03	11.6076	6.6E-04
rs9807506	18	39493911	0.604143	C	T	0.110516	0.995331	0.338489	5.6E-01	-0.00497315	0.00891394	0.311261	5.8E-01	0.394839	5.3E-01
rs4890428	18	40697340	0.611694	G	T	0.5787	0.994435	0.684477	4.1E-01	-0.0057394	0.00567447	1.02302	3.1E-01	2.09425	1.5E-01
rs7239114	18	45921214	0.66958	G	A	0.458185	0.985699	3.08717	7.9E-02	0.0109412	0.00563754	3.76658	5.2E-02	3.8902	4.9E-02
rs72934723	18	53305311	0.747109	A	G	0.96095	0.966483	6.48687	1.1E-02	-0.038096	0.0146472	6.76468	9.3E-03	6.6169	1.0E-02
rs2187176	18	57679365	0.819838	A	G	0.309978	0.982596	0.577269	4.5E-01	-0.00512753	0.00608495	0.710072	4.0E-01	0.741982	3.9E-01
rs117758180	18	57809744	0.821562	C	T	0.97678	1	0.0658611	8.0E-01	0.0028479	0.0185156	0.0236579	8.8E-01	0.139087	7.1E-01
rs113268469	18	57862913	0.821729	C	T	0.982698	0.966786	1.92523	1.7E-01	0.0252471	0.0217667	1.34536	2.5E-01	0.803098	3.7E-01
rs11668832	19	1812682	0.0683182	A	G	0.450689	0.989019	1.12364	2.9E-01	0.00631521	0.00562357	1.26111	2.6E-01	0.908472	3.4E-01
rs72976986	19	4050424	0.142675	G	A	0.810758	0.984512	12.2817	4.6E-04	-0.0237215	0.00718493	10.9003	9.6E-04	11.3119	7.7E-04
rs55714539	19	18207397	0.447742	A	C	0.656472	0.982807	0.378115	5.4E-01	0.00207977	0.00590762	0.123938	7.2E-01	0.0936269	7.6E-01
rs17724992	19	18454825	0.450275	A	G	0.730237	0.991647	0.578611	4.5E-01	-0.00437889	0.00629479	0.483911	4.9E-01	0.97502	3.2E-01
rs2003476	19	18806668	0.454309	T	C	0.59308	0.986683	4.67874	3.1E-02	-0.0127797	0.00569757	5.03106	2.5E-02	3.83061	5.0E-02
rs12461902	19	30265235	0.512848	G	A	0.672506	0.985963	1.8072	1.8E-01	0.00753591	0.00599677	1.5792	2.1E-01	1.68141	1.9E-01
rs11882409	19	34019685	0.562915	C	A	0.713772	0.966519	0.339588	5.6E-01	-0.00377379	0.00627011	0.362248	5.5E-01	0.482898	4.9E-01
rs151330717	19	45196964	0.698977	G	A	0.980363	0.952478	34.9015	3.5E-09	0.116353	0.0205437	32.0773	1.5E-08	35.3165	2.8E-09
rs113330691	19	45295886	0.703011	G	A	0.965024	0.995257	43.0372	5.4E-11	0.0996795	0.0152095	42.9519	5.6E-11	43.7137	3.8E-11
rs147711004	19	45337918	0.704947	G	A	0.964112	0.951931	33.5916	6.8E-09	-0.096348	0.0153111	39.5977	3.1E-10	39.3683	3.5E-10
rs144311893	19	45423944	0.707337	C	T	0.977625	0.940731	108.265	2.4E-25	0.20575	0.019454	111.856	3.8E-26	113.076	2.1E-26
rs1884389	20	1410582	0.0620248	C	T	0.560429	0.990862	0.2152	6.4E-01	-0.00223759	0.00563793	0.157515	6.9E-01	0.262617	6.1E-01
rs1321453	20	6585670	0.214258	G	A	0.332006	0.979962	0.0221616	8.8E-01	0.000437575	0.00598998	0.00533646	9.4E-01	0.0195436	8.9E-01
rs947088	20	17171373	0.411628	G	T	0.280165	0.992316	1.58932	2.1E-01	0.00950349	0.00623806	2.32096	1.3E-01	2.25394	1.3E-01
rs8116853	20	21439820	0.48109	A	G	0.902603	0.99434	0.326344	5.7E-01	0.00482994	0.00940944	0.263485	6.1E-01	0.120728	7.3E-01
rs6142096	20	32686658	0.536502	G	A	0.481267	0.998195	2.95308	8.6E-02	0.0107402	0.0055873	3.69505	5.5E-02	4.59	3.2E-02
rs78852634	20	43994992	0.666281	G	A	0.982033	0.942955	53.3648	2.8E-13	0.162147	0.0215442	56.6442	5.2E-14	57.0008	4.4E-14
rs3746592	20	44077129	0.668352	G	C	0.901951	0.874585	43.3298	4.6E-11	0.0638418	0.0100418	40.4188	2.0E-10	42.0446	8.9E-11
rs6032217	20	44101245	0.668876	C	G	0.83596	0.952942	34.0977	5.2E-09	0.049433	0.00767988	41.431	1.2E-10	42.7628	6.2E-11
rs74174966	20	44383845	0.67047	C	T	0.942051	0.994282	40.9944	1.5E-10	-0.0758038	0.0119733	40.0824	2.4E-10	44.531	2.5E-11
rs536134631	20	44740278	0.6723	G	A	0.94246	0.782175	34.6741	3.9E-09	0.0802058	0.0135048	35.2727	2.9E-09	35.0572	3.2E-09
rs2836753	21	40291187	0.447396	T	C	0.362883	0.999333	0.995139	3.2E-01	0.00593291	0.00579278	1.04897	3.1E-01	1.2708	2.6E-01
rs1964926	21	42653121	0.51205	A	G	0.35393	0.992207	11.4119	7.3E-04	0.0191059	0.00586022	10.6294	1.1E-03	12.3695	4.4E-04
rs8130074	21	46498684	0.621941	C	G	0.35124	0.996511	1.79599	1.8E-01	-0.00717588	0.00585745	1.50084	2.2E-01	1.84593	1.7E-01
rs4820399	22	40546633	0.498151	C	T	0.4075	0.991505	1.58563	2.1E-01	0.00502834	0.0056876	0.781613	3.8E-01	1.01749	3.1E-01
rs13053342	22	48871624	0.664334	G	A	0.577345	0.990848	2.832	9.2E-02	0.0099446	0.00565951	3.08757	7.9E-02	3.7373	5.3E-02
