rs28788874	1	1520725	0.0141684	C	T	0.584735	0.768295	0.211434	6.5E-01	-0.00367501	0.00638407	0.331377	5.6E-01	0.300092	5.8E-01
rs72634501	1	39551488	0.669558	T	C	0.760747	0.973003	0.53984	4.6E-01	0.00531446	0.00658753	0.650838	4.2E-01	0.58378	4.4E-01
rs7545034	1	47659445	0.739124	T	C	0.495311	0.986554	1.29243	2.6E-01	-0.00582383	0.00558583	1.08703	3.0E-01	1.48195	2.2E-01
rs7553454	1	49231261	0.759781	T	C	0.774904	0.984417	0.17332	6.8E-01	0.00127981	0.00666873	0.0368303	8.5E-01	0.00732806	9.3E-01
rs1013293	1	62570321	0.915785	G	A	0.570076	0.987679	1.58691	2.1E-01	-0.00387711	0.00560172	0.479042	4.9E-01	0.578429	4.5E-01
rs1168100	1	63124542	0.922915	T	C	0.699098	0.991115	50.2629	1.3E-12	-0.0442676	0.00606485	53.2759	2.9E-13	61.147	5.3E-15
rs6690871	1	74977277	1.04309	A	G	0.592502	0.986356	0.0833951	7.7E-01	0.00255984	0.00568123	0.203022	6.5E-01	0.0197795	8.9E-01
rs2247536	1	77919438	1.07305	G	C	0.734406	0.984022	3.15297	7.6E-02	0.0114678	0.00633494	3.27698	7.0E-02	5.00864	2.5E-02
rs1536023	1	96882019	1.26526	C	A	0.779556	0.988892	1.73444	1.9E-01	0.00840452	0.00673069	1.55922	2.1E-01	1.33784	2.5E-01
rs10747488	1	98299475	1.27829	C	A	0.231417	0.993887	0.0394351	8.4E-01	-0.00107795	0.00660603	0.0266266	8.7E-01	0.0083926	9.3E-01
rs920835	1	107946802	1.36667	G	A	0.707486	0.968585	2.50971	1.1E-01	-0.0102728	0.00619994	2.74537	9.8E-02	2.07635	1.5E-01
rs892511	1	110078255	1.38888	C	G	0.970555	0.964927	1.9213	1.7E-01	0.023031	0.0166776	1.90704	1.7E-01	1.53298	2.2E-01
rs12033257	1	112318484	1.42838	A	G	0.621237	0.983831	0.418683	5.2E-01	-0.00439215	0.00577274	0.578881	4.5E-01	0.965115	3.3E-01
rs4357530	1	151103153	1.65977	G	A	0.321207	0.991504	0.405007	5.2E-01	-0.00330639	0.00596565	0.30718	5.8E-01	0.462891	5.0E-01
rs148261599	1	155253286	1.69959	C	G	0.796018	0.939661	0.212869	6.4E-01	0.00139688	0.00707746	0.0389553	8.4E-01	0.216177	6.4E-01
rs4634925	1	161189344	1.7812	G	C	0.367034	0.980846	43.0466	5.3E-11	0.0358681	0.00579398	38.3232	6.0E-10	41.9075	9.6E-11
rs12565430	1	174400537	1.95129	G	A	0.890495	0.989663	2.16886	1.4E-01	0.0130483	0.00890141	2.14877	1.4E-01	2.30746	1.3E-01
rs10913418	1	177755299	1.98687	C	A	0.596511	0.989574	2.28383	1.3E-01	-0.00957899	0.00568194	2.84215	9.2E-02	3.65771	5.6E-02
rs1359940	1	177848153	1.98809	T	C	0.542981	0.978287	0.869051	3.5E-01	-0.00498409	0.00563053	0.783563	3.8E-01	1.10464	2.9E-01
rs9425633	1	184657251	2.05452	T	C	0.517837	0.997773	0.0998365	7.5E-01	0.00156253	0.00554819	0.0793149	7.8E-01	0.052644	8.2E-01
rs10801363	1	194922207	2.13186	T	A	0.632532	0.99595	2.25914	1.3E-01	-0.00918955	0.00575692	2.54805	1.1E-01	1.82314	1.8E-01
rs2494116	1	201784151	2.19723	G	A	0.451622	0.998902	0.0651624	8.0E-01	0.00201217	0.00556424	0.130772	7.2E-01	0.155615	6.9E-01
rs12042959	1	243533273	2.82744	A	G	0.856757	0.985729	0.92978	3.3E-01	-0.00698904	0.00795276	0.772323	3.8E-01	1.35208	2.4E-01
rs6548228	2	345889	0.00380575	T	C	0.476197	0.997111	0.0383246	8.4E-01	0.00160663	0.00556075	0.0834767	7.7E-01	0.0162325	9.0E-01
rs2667214	2	449487	0.00560823	A	G	0.676488	0.984343	0.989803	3.2E-01	-0.00714302	0.00598435	1.42472	2.3E-01	1.47754	2.2E-01
rs10176391	2	574368	0.00678655	C	G	0.988537	0.920209	0.00320438	9.5E-01	-0.00233151	0.027141	0.00737946	9.3E-01	0.010335	9.2E-01
rs11096640	2	20354039	0.40267	C	A	0.516786	0.997457	32.6099	1.1E-08	0.0312488	0.00556654	31.5134	2.0E-08	36.4975	1.5E-09
rs75503394	2	25155419	0.457101	C	T	0.904575	0.987449	0.853048	3.6E-01	-0.00988371	0.00948355	1.08617	3.0E-01	0.898587	3.4E-01
rs10048652	2	35449306	0.577825	T	C	0.438309	0.999392	1.61037	2.0E-01	0.00612462	0.00560027	1.19602	2.7E-01	0.281047	6.0E-01
rs698838	2	44738763	0.693339	C	T	0.374359	1	7.75206	5.4E-03	0.0160447	0.00573506	7.82687	5.1E-03	7.95543	4.8E-03
rs4953423	2	47025672	0.736991	C	T	0.641914	0.986288	0.586774	4.4E-01	0.00504105	0.00583532	0.746299	3.9E-01	1.11042	2.9E-01
rs9636391	2	50201110	0.779779	A	G	0.161876	0.994454	4.53978	3.3E-02	0.0140834	0.00753618	3.4923	6.2E-02	5.38082	2.0E-02
rs3198123	2	55207693	0.827446	C	T	0.698625	0.993954	0.338592	5.6E-01	-0.00356552	0.00607143	0.344877	5.6E-01	1.19786	2.7E-01
rs13032423	2	57992112	0.847237	G	A	0.445418	0.996747	1.03253	3.1E-01	-0.00470391	0.00559882	0.705869	4.0E-01	1.04841	3.1E-01
rs55767040	2	58955028	0.850031	T	C	0.699424	0.989049	5.32919	2.1E-02	0.0141258	0.00609784	5.36629	2.1E-02	5.54875	1.8E-02
rs980183	2	59311536	0.858192	G	A	0.398003	0.996406	0.347336	5.6E-01	-0.00262291	0.00567477	0.213635	6.4E-01	0.00499651	9.4E-01
rs7557796	2	86766153	1.16162	T	C	0.352323	0.999778	1.11185	2.9E-01	-0.00508518	0.0058101	0.76603	3.8E-01	0.834171	3.6E-01
rs13023088	2	100576304	1.22131	C	T	0.849851	0.99385	0.691809	4.1E-01	-0.00709013	0.00777703	0.831153	3.6E-01	0.449626	5.0E-01
rs9308868	2	104361420	1.24985	G	A	0.475644	0.997977	2.40969	1.2E-01	-0.0103908	0.00556806	3.48246	6.2E-02	2.96434	8.5E-02
rs1349512	2	105435369	1.26243	T	C	0.689911	0.999103	0.057426	8.1E-01	-0.00155845	0.00599081	0.067673	7.9E-01	0.0679063	7.9E-01
rs1530559	2	135755629	1.58463	A	G	0.600693	1	1.33978	2.5E-01	-0.00551689	0.00561772	0.964424	3.3E-01	1.94635	1.6E-01
rs2034604	2	143958745	1.64938	C	T	0.463349	0.997459	0.7838	3.8E-01	-0.00469508	0.00557231	0.709931	4.0E-01	0.563952	4.5E-01
rs12692596	2	161265910	1.78694	C	T	0.629192	0.996301	2.49585	1.1E-01	0.00880183	0.00572896	2.36045	1.2E-01	2.36584	1.2E-01
rs12328675	2	165540800	1.81492	T	C	0.879644	0.99881	0.716247	4.0E-01	0.00686811	0.00851195	0.651052	4.2E-01	0.455231	5.0E-01
rs6745626	2	181436641	2.00364	C	T	0.408617	0.996845	0.31158	5.8E-01	-0.00375002	0.00565089	0.440387	5.1E-01	0.523657	4.7E-01
rs6743255	2	205363596	2.17314	A	G	0.119725	1	1.23486	2.7E-01	0.00882407	0.00852833	1.07056	3.0E-01	0.966044	3.3E-01
rs13000757	2	207145906	2.20108	G	T	0.495484	0.995817	1.61619	2.0E-01	0.00856844	0.00556932	2.36701	1.2E-01	2.3946	1.2E-01
rs11692326	2	208263279	2.21189	C	T	0.770028	0.999964	4.85622	2.8E-02	0.0139803	0.00657775	4.51728	3.4E-02	5.29748	2.1E-02
rs12611517	2	228977034	2.47863	T	A	0.656814	0.999378	0.0274763	8.7E-01	-5.7143e-05	0.00584095	9.57103e-05	9.9E-01	0.0025991	9.6E-01
rs12473885	2	230569590	2.5018	G	T	0.878273	0.993886	0.0569748	8.1E-01	-0.00437042	0.00849085	0.264938	6.1E-01	0.0311979	8.6E-01
rs13098833	3	20428568	0.395393	A	G	0.723663	0.994024	1.73241	1.9E-01	-0.00763422	0.00624762	1.49314	2.2E-01	1.19967	2.7E-01
rs754635	3	42305131	0.652861	C	G	0.112989	0.99768	6.93231	8.5E-03	0.0221817	0.00873682	6.44591	1.1E-02	8.65306	3.3E-03
rs72906474	3	47817007	0.688057	G	T	0.417107	0.973948	3.72414	5.4E-02	-0.00964894	0.00570396	2.86158	9.1E-02	2.61971	1.1E-01
rs71326904	3	49991060	0.690403	C	T	0.749113	0.999883	0.093643	7.6E-01	0.00234238	0.00640308	0.133825	7.1E-01	0.670962	4.1E-01
rs1371095	3	61147530	0.807508	A	G	0.581645	0.99157	0.965453	3.3E-01	-0.005652	0.00565179	1.00008	3.2E-01	1.33247	2.5E-01
rs9874646	3	62462818	0.82936	C	T	0.314458	0.963027	1.29571	2.5E-01	0.00777329	0.0060917	1.62829	2.0E-01	1.15758	2.8E-01
rs7430139	3	82504148	1.08216	A	G	0.834726	1	0.489084	4.8E-01	-0.00516399	0.00748824	0.475567	4.9E-01	0.236069	6.3E-01
rs1248859	3	85017098	1.08828	G	C	0.331024	0.996188	0.883326	3.5E-01	-0.00588056	0.00591209	0.989361	3.2E-01	1.62235	2.0E-01
rs9857105	3	93893210	1.10433	A	G	0.459959	0.997124	0.324319	5.7E-01	-0.00348652	0.00558623	0.389535	5.3E-01	0.452859	5.0E-01
rs11917909	3	107864673	1.2019	G	A	0.64971	0.995989	0.508799	4.8E-01	0.00252022	0.00581587	0.187779	6.6E-01	0.353737	5.5E-01
rs2037001	3	131458973	1.44255	C	G	0.708207	0.979412	1.95749	1.6E-01	0.00703829	0.00617051	1.30104	2.5E-01	1.236	2.7E-01
rs9827662	3	135710841	1.49347	C	A	0.75398	0.999173	0.233805	6.3E-01	-0.00267148	0.00643852	0.17216	6.8E-01	0.432111	5.1E-01
rs355786	3	153990749	1.684	G	A	0.607502	0.999005	0.100236	7.5E-01	0.00192449	0.00569847	0.114055	7.4E-01	5.12048e-05	9.9E-01
rs1604038	3	170709193	1.7983	C	T	0.714201	0.999363	15.9361	6.6E-05	-0.0249868	0.00613295	16.599	4.6E-05	17.9705	2.2E-05
rs9867130	3	185729753	2.0208	A	G	0.141676	0.965346	1.37471	2.4E-01	0.0116159	0.00812075	2.04605	1.5E-01	1.25444	2.6E-01
rs11736501	4	18451423	0.339653	A	C	0.680338	0.997158	0.501673	4.8E-01	0.00479652	0.0059468	0.650559	4.2E-01	0.558628	4.5E-01
rs73244271	4	20091053	0.357316	A	G	0.887469	0.995322	0.266663	6.1E-01	-0.00349023	0.0088227	0.156497	6.9E-01	0.128083	7.2E-01
rs6849555	4	25150890	0.433804	G	C	0.799698	0.94032	0.537437	4.6E-01	0.00588897	0.00714701	0.678939	4.1E-01	0.193352	6.6E-01
rs4623046	4	45042343	0.679347	G	A	0.33237	0.994028	0.810005	3.7E-01	-0.00562162	0.00589363	0.909824	3.4E-01	0.73208	3.9E-01
rs6829208	4	52728640	0.6941	T	C	0.726338	0.99807	4.79531	2.9E-02	0.0121443	0.00621662	3.81621	5.1E-02	3.18462	7.4E-02
rs6815651	4	55487718	0.714225	C	T	0.450226	0.994486	0.245787	6.2E-01	0.00341909	0.00558075	0.37535	5.4E-01	0.319008	5.7E-01
rs923994	4	67802992	0.836181	A	G	0.217153	0.992221	0.189528	6.6E-01	0.00196435	0.00672938	0.0852095	7.7E-01	0.139862	7.1E-01
rs12645001	4	96018337	1.09763	G	A	0.650874	0.99796	0.0076561	9.3E-01	-0.000476267	0.00581567	0.00670657	9.3E-01	0.0113203	9.2E-01
rs13105682	4	102702364	1.15516	T	G	0.941406	0.93989	0.422167	5.2E-01	0.00490019	0.0121844	0.16174	6.9E-01	0.102776	7.5E-01
rs11728213	4	113309647	1.25168	G	A	0.683684	0.99931	2.12362	1.5E-01	0.00950977	0.0059736	2.53436	1.1E-01	2.4072	1.2E-01
rs1296328	4	137083193	1.44321	A	C	0.440098	0.99123	6.76415	9.3E-03	-0.0148722	0.00563644	6.96209	8.3E-03	7.65181	5.7E-03
rs4863516	4	140773770	1.49281	T	C	0.672112	0.999318	0.0209189	8.9E-01	-0.000357394	0.00590261	0.00366612	9.5E-01	0.0044854	9.5E-01
rs750090	4	152931436	1.59021	T	C	0.646587	0.97605	0.0337622	8.5E-01	0.00140522	0.00584172	0.0578635	8.1E-01	0.392673	5.3E-01
rs13110266	4	162129844	1.69444	G	A	0.582061	0.993805	1.57055	2.1E-01	-0.00634466	0.00563403	1.26817	2.6E-01	0.707583	4.0E-01
rs4597930	5	27171542	0.425308	T	C	0.71786	0.997265	0.485446	4.9E-01	0.00448512	0.00617946	0.526801	4.7E-01	0.980244	3.2E-01
rs6451675	5	43110855	0.62057	C	G	0.307452	0.990847	0.347191	5.6E-01	0.00242028	0.00602728	0.161246	6.9E-01	0.0387125	8.4E-01
rs6449674	5	62995938	0.739824	T	C	0.52251	0.996207	0.0140528	9.1E-01	0.000244586	0.00556099	0.00193445	9.6E-01	0.0520481	8.2E-01
rs6891856	5	63972658	0.744519	G	T	0.472565	0.983364	0.358887	5.5E-01	0.00292813	0.00560378	0.273036	6.0E-01	0.75423	3.9E-01
rs4072296	5	74242002	0.858799	T	C	0.46019	0.938263	1.47425	2.2E-01	-0.00668577	0.00574243	1.35554	2.4E-01	1.29076	2.6E-01
rs11740689	5	80841360	0.956164	A	C	0.681749	0.9953	0.159038	6.9E-01	0.00145371	0.00595934	0.0595053	8.1E-01	0.000176775	9.9E-01
rs77156384	5	87709219	1.01438	A	G	0.979071	1	0.0388573	8.4E-01	0.0035534	0.0193986	0.0335543	8.5E-01	0.0208199	8.9E-01
rs7701355	5	88804839	1.01946	G	T	0.578544	0.999666	0.908297	3.4E-01	-0.00359284	0.00562618	0.407802	5.2E-01	0.468676	4.9E-01
rs6885199	5	92574633	1.04879	G	A	0.9622	1	0.115935	7.3E-01	-0.00416925	0.0145406	0.0822147	7.7E-01	0.000114458	9.9E-01
rs12186664	5	95630225	1.07202	A	T	0.684284	0.993149	0.886056	3.5E-01	0.00487102	0.00597772	0.664001	4.2E-01	0.495621	4.8E-01
rs1835978	5	107265051	1.15538	T	C	0.111179	0.976322	4.17915	4.1E-02	0.0172637	0.00891847	3.74704	5.3E-02	3.88023	4.9E-02
rs459552	5	112176756	1.19663	T	A	0.232844	1	2.64931	1.0E-01	-0.0103511	0.00655156	2.49622	1.1E-01	2.85434	9.1E-02
rs329120	5	133861756	1.41589	C	T	0.579716	0.996967	0.617031	4.3E-01	0.0043931	0.0056325	0.608329	4.4E-01	0.164492	6.9E-01
rs356453	5	139053563	1.4578	G	A	0.669183	0.993285	0.590769	4.4E-01	0.00432432	0.00590615	0.536077	4.6E-01	0.052361	8.2E-01
rs2190788	5	144484261	1.52142	G	T	0.681254	0.989372	1.53507	2.2E-01	0.00505158	0.00600281	0.708183	4.0E-01	0.514152	4.7E-01
rs7701886	5	153547409	1.6413	G	A	0.45336	0.99206	0.175021	6.8E-01	-0.000718127	0.00559692	0.0164628	9.0E-01	0.07366	7.9E-01
rs2287894	5	170322919	1.86356	T	A	0.272401	0.998905	0.0199109	8.9E-01	0.000350834	0.00623955	0.00316153	9.6E-01	0.00833142	9.3E-01
rs10947758	6	12093961	0.272682	T	C	0.645937	0.995017	6.43317	1.1E-02	-0.0132614	0.00582415	5.18461	2.3E-02	7.12014	7.6E-03
rs9357634	6	13192190	0.290983	T	C	0.701576	0.98883	8.41486	3.7E-03	0.0182654	0.00610329	8.95633	2.8E-03	10.3153	1.3E-03
rs3806114	6	20482335	0.408974	G	A	0.330694	0.979566	3.77419	5.2E-02	-0.00942963	0.00596708	2.49727	1.1E-01	2.09051	1.5E-01
rs2768	6	31321856	0.512785	A	G	0.749612	0.995049	6.18199	1.3E-02	-0.0143722	0.00642922	4.99724	2.5E-02	3.46793	6.3E-02
rs2260051	6	31591918	0.515519	A	T	0.438115	0.999979	0.313623	5.8E-01	0.00497113	0.00558407	0.792516	3.7E-01	1.54805	2.1E-01
rs57493997	6	34443523	0.547182	T	C	0.907375	0.988432	0.203181	6.5E-01	-0.0028892	0.00962006	0.0901985	7.6E-01	0.172449	6.8E-01
rs35679149	6	43604167	0.672046	A	G	0.973525	1	0.149447	7.0E-01	-0.0113539	0.0173042	0.430511	5.1E-01	0.381352	5.4E-01
rs4714925	6	46304194	0.722787	A	G	0.493044	0.998125	0.0838538	7.7E-01	-0.00139417	0.00555617	0.062962	8.0E-01	0.07562	7.8E-01
rs9473821	6	50356035	0.748721	T	C	0.122366	0.995677	1.40404	2.4E-01	-0.00822612	0.00848422	0.940084	3.3E-01	0.7273	3.9E-01
rs1369869	6	83366282	0.934423	C	T	0.558841	0.987317	3.56984	5.9E-02	0.0113032	0.00562328	4.04038	4.4E-02	4.47523	3.4E-02
rs6905544	6	98411631	1.06235	A	G	0.398807	0.997318	3.45796	6.3E-02	0.0122864	0.00567532	4.68672	3.0E-02	4.08481	4.3E-02
rs1575676	6	108861264	1.17848	C	T	0.628148	0.997454	0.833534	3.6E-01	0.00606143	0.00573357	1.11763	2.9E-01	0.97635	3.2E-01
rs9387640	6	119508871	1.25792	C	T	0.635398	1	1.9729	1.6E-01	-0.00812384	0.00577788	1.9769	1.6E-01	1.22784	2.7E-01
rs198665	6	143154886	1.51958	C	A	0.629508	0.991725	0.720197	4.0E-01	0.0052997	0.00577458	0.84229	3.6E-01	0.832175	3.6E-01
rs7755574	6	153364643	1.66311	G	T	0.718151	0.997121	1.55429	2.1E-01	0.00723688	0.00620587	1.35987	2.4E-01	1.59296	2.1E-01
rs186696265	6	161111700	1.77598	C	T	0.985708	0.989341	29.3697	6.0E-08	0.128445	0.0235233	29.8153	4.8E-08	36.5531	1.5E-09
rs6952546	7	988009	0.010567	G	A	0.847713	0.990161	36.3264	1.7E-09	-0.0443952	0.00776389	32.6974	1.1E-08	31.7803	1.7E-08
rs4307239	7	24354300	0.415589	A	G	0.540084	0.99283	2.11125	1.5E-01	-0.0081995	0.00558293	2.157	1.4E-01	2.27324	1.3E-01
rs3807566	7	50564204	0.76671	G	T	0.56098	0.994523	0.596146	4.4E-01	-0.00397573	0.00559559	0.504825	4.8E-01	0.152847	7.0E-01
rs4718966	7	70040558	0.868636	C	T	0.584999	0.992694	1.25438	2.6E-01	0.00728473	0.00566273	1.65491	2.0E-01	1.89192	1.7E-01
rs10950289	7	71429308	0.890251	A	G	0.837402	0.9787	0.41285	5.2E-01	-0.00250943	0.00758681	0.109404	7.4E-01	0.0165606	9.0E-01
rs6964833	7	74101909	0.91305	T	C	0.742216	0.9996	0.43499	5.1E-01	0.0058223	0.00635161	0.840275	3.6E-01	0.695928	4.0E-01
rs7805441	7	78121458	0.952449	C	T	0.496028	0.987826	0.00375979	9.5E-01	8.95789e-05	0.00560214	0.000255684	9.9E-01	0.214985	6.4E-01
rs16868443	7	93206264	1.0947	G	C	0.638366	0.996209	0.0762881	7.8E-01	0.000733129	0.00576877	0.0161508	9.0E-01	0.00276504	9.6E-01
rs17155888	7	103416295	1.18694	T	A	0.573633	0.98913	0.0929574	7.6E-01	-0.00178258	0.00564119	0.0998517	7.5E-01	0.0729822	7.9E-01
rs7788008	7	112972483	1.29323	G	A	0.566242	0.997606	0.272969	6.0E-01	-0.00244115	0.0055964	0.190271	6.6E-01	0.568067	4.5E-01
rs12705908	7	113422504	1.29936	A	G	0.435782	0.999217	0.27136	6.0E-01	0.0029808	0.005594	0.283935	5.9E-01	0.229618	6.3E-01
rs1563408	7	114303189	1.30467	G	A	0.518625	0.9976	0.389467	5.3E-01	0.00302931	0.00555695	0.297177	5.9E-01	0.265843	6.1E-01
rs2968856	7	150614934	1.67963	T	C	0.750666	0.995794	7.90185	4.9E-03	-0.0186063	0.00643184	8.36856	3.8E-03	6.14048	1.3E-02
rs2921077	8	8304502	0.239157	G	A	0.535755	0.992952	8.32598	3.9E-03	0.0186026	0.00560103	11.0309	9.0E-04	8.8648	2.9E-03
rs2959592	8	17002725	0.407822	T	C	0.81033	0.987439	0.844782	3.6E-01	-0.00681863	0.00711965	0.917227	3.4E-01	1.00254	3.2E-01
rs75218485	8	19777695	0.472089	C	T	0.976466	1	31.2602	2.3E-08	0.0997732	0.0182257	29.9681	4.4E-08	29.6299	5.2E-08
rs1362910	8	30856464	0.645028	A	G	0.419317	0.991461	1.57881	2.1E-01	-0.00488064	0.00561917	0.754413	3.9E-01	1.53461	2.2E-01
rs12681792	8	62054463	0.850895	C	A	0.807401	0.990908	0.586433	4.4E-01	-0.00577303	0.00707911	0.665045	4.1E-01	0.893702	3.4E-01
rs7822926	8	64701966	0.867188	A	C	0.529208	0.995395	0.012524	9.1E-01	-0.00220759	0.00557288	0.156919	6.9E-01	0.201006	6.5E-01
rs2017657	8	73426371	0.974058	G	T	0.427149	1	1.08498	3.0E-01	-0.00473884	0.0056231	0.710219	4.0E-01	0.625707	4.3E-01
rs2943611	8	76473939	1.00704	T	C	0.203974	0.993157	0.466051	4.9E-01	0.00589553	0.00689905	0.730243	3.9E-01	0.784077	3.8E-01
rs9298280	8	77329753	1.00881	T	G	0.287889	0.987301	0.10326	7.5E-01	-0.00240892	0.00614781	0.153534	7.0E-01	0.00228961	9.6E-01
rs1180626	8	116476393	1.31509	G	A	0.224213	0.994168	5.4679	1.9E-02	0.0157824	0.00669086	5.56397	1.8E-02	6.1136	1.3E-02
rs6999569	8	126475770	1.45319	A	G	0.52655	0.998514	50.3833	1.3E-12	0.0402369	0.00555789	52.4119	4.5E-13	55.607	8.9E-14
rs7007949	8	144239660	1.76347	G	A	0.559463	0.973135	27.9168	1.3E-07	0.0311553	0.00563838	30.5319	3.3E-08	28.0725	1.2E-07
rs10124645	9	11321119	0.255592	A	G	0.589801	0.991792	0.457796	5.0E-01	-0.00330123	0.00568309	0.337428	5.6E-01	0.231101	6.3E-01
rs638485	9	15283446	0.337431	A	G	0.260639	0.996629	31.4975	2.0E-08	-0.035137	0.00634456	30.671	3.1E-08	31.3935	2.1E-08
rs2457637	9	15533394	0.341722	T	C	0.512743	0.988377	0.0057634	9.4E-01	-0.0013148	0.00557201	0.05568	8.1E-01	0.656884	4.2E-01
rs6476065	9	28403813	0.542923	C	T	0.423663	0.971482	0.000383655	9.8E-01	-0.000646601	0.00568153	0.0129522	9.1E-01	0.199698	6.5E-01
rs12345603	9	29601893	0.557517	C	T	0.574964	0.971878	3.71763	5.4E-02	-0.00984839	0.00569197	2.99368	8.4E-02	3.14435	7.6E-02
rs868980	9	92140852	1.08916	A	G	0.764207	0.992973	0.0421034	8.4E-01	-0.00152275	0.00655174	0.0540186	8.2E-01	0.0412005	8.4E-01
rs7873003	9	96392945	1.13399	T	C	0.320009	0.990354	0.442656	5.1E-01	0.0032827	0.00597277	0.302072	5.8E-01	0.665806	4.1E-01
rs1852865	9	102750138	1.19624	C	T	0.434954	0.999839	3.20582	7.3E-02	0.00907853	0.00561038	2.61847	1.1E-01	2.05567	1.5E-01
rs2066716	9	107568705	1.2385	C	T	0.917412	0.989079	40.5864	1.9E-10	-0.0639071	0.0101473	39.6641	3.0E-10	38.9369	4.4E-10
rs4743764	9	107629104	1.24193	T	C	0.603831	0.957686	54.1333	1.9E-13	0.042658	0.00580307	54.0362	2.0E-13	58.9764	1.6E-14
rs3905001	9	107668064	1.24346	G	C	0.70811	0.97055	74.3065	6.7E-18	-0.0522795	0.00620518	70.983	3.6E-17	69.9123	6.2E-17
rs1252008	9	120362838	1.43341	T	C	0.568657	0.998833	0.815746	3.7E-01	-0.00506109	0.00559062	0.819534	3.7E-01	0.818791	3.7E-01
rs3829849	9	129390800	1.5324	C	T	0.630889	0.998111	0.488179	4.8E-01	0.00342722	0.00574965	0.355304	5.5E-01	0.0398302	8.4E-01
rs10733682	9	129460914	1.5336	A	G	0.474217	0.966242	0.874261	3.5E-01	0.00507246	0.00562527	0.813111	3.7E-01	1.09719	2.9E-01
rs2267958	9	131015279	1.55043	G	A	0.485563	0.958689	4.57782	3.2E-02	-0.012365	0.00567657	4.74478	2.9E-02	3.67143	5.5E-02
rs10159545	10	21766969	0.466662	C	G	0.649246	0.986543	0.445943	5.0E-01	0.0043076	0.0058426	0.543573	4.6E-01	0.670216	4.1E-01
rs12762034	10	33969931	0.621029	T	C	0.92272	0.998956	3.5141	6.1E-02	-0.0195026	0.01038	3.53011	6.0E-02	3.0741	8.0E-02
rs12247163	10	45931478	0.680359	G	A	0.810923	0.993046	30.2697	3.8E-08	-0.0395533	0.00710836	30.9619	2.6E-08	30.0826	4.1E-08
rs4746855	10	64822828	0.870307	G	A	0.596714	1	0.367442	5.4E-01	0.00372567	0.005667	0.432216	5.1E-01	0.385927	5.3E-01
rs12098284	10	76047464	0.999816	C	T	0.877434	0.998637	1.62027	2.0E-01	0.0123744	0.00846476	2.13707	1.4E-01	1.82203	1.8E-01
rs1249156	10	79979737	1.04291	T	C	0.294183	0.999324	0.161705	6.9E-01	0.00290311	0.00609381	0.226959	6.3E-01	0.0293502	8.6E-01
rs12245654	10	87562928	1.13739	A	C	0.927047	0.984714	0.196407	6.6E-01	0.00559062	0.0107411	0.270909	6.0E-01	0.243189	6.2E-01
rs472576	10	99694970	1.2698	G	C	0.540757	0.96945	0.50579	4.8E-01	-0.00229144	0.00564308	0.164886	6.8E-01	0.266893	6.1E-01
rs4074720	10	114748497	1.39784	C	T	0.534572	0.984751	0.0303375	8.6E-01	0.000151848	0.00559716	0.00073601	9.8E-01	0.00926305	9.2E-01
rs72828935	10	126587488	1.61238	G	C	0.716689	0.993686	0.0614121	8.0E-01	-0.0019812	0.00617501	0.102939	7.5E-01	0.609401	4.4E-01
rs12778347	10	133978806	1.80077	G	T	0.423877	0.999758	0.84025	3.6E-01	-0.00511123	0.00561248	0.829357	3.6E-01	0.976458	3.2E-01
rs12802861	11	8387806	0.188896	C	T	0.71326	0.995592	1.7965	1.8E-01	-0.00911464	0.00614579	2.1995	1.4E-01	2.67431	1.0E-01
rs7942486	11	13288698	0.267633	G	T	0.432178	0.998702	0.359603	5.5E-01	-0.0020648	0.00560787	0.135569	7.1E-01	0.0448298	8.3E-01
rs12791818	11	27277760	0.463075	A	G	0.918985	0.937343	0.648761	4.2E-01	-0.00892631	0.0105085	0.721546	4.0E-01	0.367165	5.4E-01
rs2679059	11	43599791	0.621966	A	T	0.402252	0.990165	0.430526	5.1E-01	0.00492796	0.00570265	0.746761	3.9E-01	1.50155	2.2E-01
rs11038428	11	45404318	0.657443	G	T	0.717407	0.990678	0.0364197	8.5E-01	0.00200273	0.00618095	0.104986	7.5E-01	0.0528936	8.2E-01
rs35184771	11	47475189	0.665304	G	T	0.648082	0.998878	10.2274	1.4E-03	0.0181832	0.00580219	9.82109	1.7E-03	10.6199	1.1E-03
rs11549690	11	63991581	0.731065	G	A	0.922817	1	0.961164	3.3E-01	0.00724846	0.0103993	0.48583	4.9E-01	0.165497	6.8E-01
rs10896007	11	65245829	0.737845	T	A	0.789067	0.98525	0.617167	4.3E-01	0.00600902	0.00686102	0.767061	3.8E-01	0.675567	4.1E-01
rs667515	11	69449076	0.766481	G	C	0.61173	0.990296	0.0474817	8.3E-01	0.00145702	0.00569784	0.0653894	8.0E-01	0.00117056	9.7E-01
rs2605603	11	93221105	1.00432	G	A	0.520259	0.995512	0.180496	6.7E-01	-0.00320342	0.00553214	0.335306	5.6E-01	0.44892	5.0E-01
rs4937870	11	112826709	1.19814	A	G	0.689169	0.983578	3.276	7.0E-02	-0.0107633	0.00603661	3.17913	7.5E-02	3.19365	7.4E-02
rs2187986	11	115001410	1.23045	G	A	0.524684	0.965018	0.362506	5.5E-01	0.00273437	0.00565991	0.233397	6.3E-01	0.193513	6.6E-01
rs513533	11	116519358	1.25951	A	G	0.895505	0.969744	38.8006	4.7E-10	-0.0582887	0.00918474	40.275	2.2E-10	39.6862	3.0E-10
rs501351	11	118917814	1.29362	T	G	0.605774	0.997555	5.42989	2.0E-02	0.0132242	0.00567759	5.42517	2.0E-02	5.5611	1.8E-02
rs7941030	11	122522375	1.35839	T	C	0.616205	1	0.244778	6.2E-01	-0.00428978	0.00572314	0.561827	4.5E-01	0.293292	5.9E-01
rs4366492	11	130717256	1.51227	T	C	0.474614	0.99465	1.30391	2.5E-01	-0.00663522	0.00554666	1.43103	2.3E-01	1.52654	2.2E-01
rs10894604	11	132641746	1.55638	T	G	0.652028	1	0.177857	6.7E-01	0.00317037	0.00582036	0.296701	5.9E-01	0.0971755	7.6E-01
rs11064524	12	889902	0.0208303	T	G	0.758532	1	0.597349	4.4E-01	0.00611301	0.00646634	0.893704	3.4E-01	0.9531	3.3E-01
rs7976757	12	19207948	0.354438	T	C	0.171206	0.989812	0.796832	3.7E-01	0.005427	0.00738215	0.540449	4.6E-01	0.557399	4.6E-01
rs16926776	12	24001905	0.419584	C	T	0.922961	1	0.617016	4.3E-01	0.00726854	0.0104231	0.486298	4.9E-01	0.647953	4.2E-01
rs11181001	12	41948196	0.563104	A	G	0.469108	0.977653	1.15855	2.8E-01	-0.00698691	0.0056034	1.55477	2.1E-01	1.02657	3.1E-01
rs2720296	12	50169070	0.630128	G	A	0.609632	0.950295	1.21155	2.7E-01	0.00578175	0.00584147	0.979656	3.2E-01	1.90127	1.7E-01
rs11173522	12	60953472	0.741724	C	A	0.784532	0.998242	0.480569	4.9E-01	0.00420831	0.0067638	0.38711	5.3E-01	0.35755	5.5E-01
rs317646	12	69657145	0.849888	G	A	0.275066	0.99846	0.304088	5.8E-01	0.00192483	0.00622301	0.0956722	7.6E-01	0.238179	6.3E-01
rs704067	12	89726027	1.03172	G	A	0.545146	0.989595	1.77619	1.8E-01	-0.0091387	0.00561475	2.64916	1.0E-01	2.21067	1.4E-01
rs591776	12	99538895	1.16639	C	T	0.364365	0.994453	2.50983	1.1E-01	-0.00878605	0.00578308	2.30817	1.3E-01	2.02123	1.6E-01
rs4433630	12	103650031	1.2114	T	C	0.48744	0.978156	3.01303	8.3E-02	-0.00940123	0.00559241	2.82599	9.3E-02	3.2516	7.1E-02
rs6606712	12	109851486	1.29234	A	G	0.574124	0.989418	29.2087	6.5E-08	-0.0309073	0.00563075	30.1295	4.0E-08	30.0913	4.1E-08
rs111828690	12	117576767	1.39704	C	T	0.779464	0.990204	0.0751666	7.8E-01	0.00184093	0.00675586	0.074253	7.9E-01	0.0123722	9.1E-01
rs2649999	12	121380544	1.45376	T	C	0.330394	0.973048	32.9971	9.2E-09	0.03463	0.00598717	33.455	7.3E-09	32.2647	1.3E-08
rs144713920	12	122485389	1.46548	C	G	0.945974	0.956209	0.00207669	9.6E-01	0.00194058	0.0125434	0.0239348	8.8E-01	0.0561301	8.1E-01
rs12317176	12	124404718	1.4789	T	C	0.662157	0.998072	0.0815525	7.8E-01	-0.00189988	0.00585261	0.105379	7.5E-01	0.0100726	9.2E-01
rs9579775	13	20616557	0.0139469	A	C	0.863467	0.926233	0.095961	7.6E-01	0.00112159	0.00840955	0.0177879	8.9E-01	0.59275	4.4E-01
rs4771218	13	28655311	0.212187	G	A	0.373005	0.991013	0.0333608	8.6E-01	-0.00208429	0.00576378	0.130768	7.2E-01	0.0192089	8.9E-01
rs9591001	13	33042870	0.304346	G	A	0.634695	0.994769	0.616076	4.3E-01	0.00464106	0.00579354	0.641722	4.2E-01	0.437334	5.1E-01
rs9568856	13	54064981	0.568758	G	A	0.871723	1	2.81756	9.3E-02	-0.0129663	0.00830442	2.43788	1.2E-01	1.18535	2.8E-01
rs6561937	13	58257667	0.585042	T	A	0.243776	0.993408	2.07103	1.5E-01	-0.0106269	0.00649775	2.67477	1.0E-01	1.53885	2.1E-01
rs1413125	13	59260131	0.587755	G	T	0.574048	0.994453	0.605181	4.4E-01	-0.00397153	0.00563621	0.496526	4.8E-01	0.263306	6.1E-01
rs1441264	13	79580919	0.787841	G	A	0.406364	0.956515	0.123519	7.3E-01	0.00316821	0.00575466	0.303103	5.8E-01	0.160081	6.9E-01
rs61969477	13	86477950	0.835644	T	C	0.717214	0.998003	2.92339	8.7E-02	0.00920219	0.00616038	2.23135	1.4E-01	2.96095	8.5E-02
rs1927790	13	96922191	0.93596	T	C	0.587589	0.998094	0.00364251	9.5E-01	0.000801484	0.00564876	0.0201318	8.9E-01	0.0744659	7.8E-01
rs7335249	13	109962579	1.18904	T	C	0.587526	0.995494	0.00610811	9.4E-01	-0.00114386	0.0056497	0.0409913	8.4E-01	0.232476	6.3E-01
rs7141213	14	25878636	0.160923	C	T	0.428505	0.99817	1.78512	1.8E-01	-0.00863177	0.00562714	2.35301	1.3E-01	2.87724	9.0E-02
rs6576279	14	29649958	0.207571	G	C	0.190393	0.998923	0.416953	5.2E-01	-0.00517321	0.00704537	0.539154	4.6E-01	0.323088	5.7E-01
rs2143975	14	33297398	0.262161	C	G	0.467897	0.986467	0.462593	5.0E-01	0.00464232	0.00561563	0.683397	4.1E-01	1.08635	3.0E-01
rs35020117	14	73341655	0.671145	T	G	0.538277	0.933938	0.0122788	9.1E-01	0.00261266	0.00575706	0.205951	6.5E-01	0.155919	6.9E-01
rs7159565	14	79891894	0.74792	T	C	0.36268	0.984708	1.27238	2.6E-01	0.00570307	0.00579592	0.968216	3.3E-01	1.00812	3.2E-01
rs1951455	14	91512339	0.88209	T	C	0.283982	0.997245	0.681947	4.1E-01	0.0039579	0.00615432	0.413589	5.2E-01	0.794347	3.7E-01
rs2273639	14	93762162	0.916561	C	T	0.692907	0.99913	0.670568	4.1E-01	0.00462205	0.00602292	0.588919	4.4E-01	0.919117	3.4E-01
rs7161194	14	101529005	1.0886	A	G	0.336786	0.914125	0.0623479	8.0E-01	-0.000494354	0.0061344	0.00649429	9.4E-01	0.0454192	8.3E-01
rs12148050	14	103263788	1.11638	A	G	0.348874	0.9994	0.0925726	7.6E-01	-0.00250682	0.00580919	0.186216	6.7E-01	0.106265	7.4E-01
rs35443927	14	103849715	1.12404	C	T	0.630061	0.995118	0.155421	6.9E-01	0.00213065	0.00574066	0.137753	7.1E-01	0.00729735	9.3E-01
rs11070502	15	46574981	0.663836	G	A	0.422393	0.996515	1.22328	2.7E-01	-0.00649493	0.00560829	1.34118	2.5E-01	0.964059	3.3E-01
rs11631408	15	51746236	0.710161	A	G	0.457534	0.996425	12.0807	5.1E-04	0.0190516	0.00556497	11.7203	6.2E-04	10.8549	9.9E-04
rs17240566	15	58448287	0.780403	G	A	0.418026	0.980683	55.035	1.2E-13	0.042627	0.00565468	56.8268	4.8E-14	59.1155	1.5E-14
rs12903168	15	67680209	0.914057	T	C	0.726776	0.98909	1.90969	1.7E-01	-0.00901276	0.00623914	2.08673	1.5E-01	1.28543	2.6E-01
rs4777542	15	73082366	0.987566	C	T	0.670419	0.995307	0.210403	6.5E-01	0.000243783	0.00590999	0.0017015	9.7E-01	0.131165	7.2E-01
rs11855821	15	78008843	1.01251	G	A	0.714306	0.958126	1.11198	2.9E-01	-0.0063574	0.00623262	1.04044	3.1E-01	0.997544	3.2E-01
rs12914623	15	80993570	1.05801	G	C	0.732913	0.994175	0.190538	6.6E-01	-0.00225868	0.00625513	0.130387	7.2E-01	0.197038	6.6E-01
rs7168523	15	95263911	1.31585	C	T	0.355269	0.99653	1.13961	2.9E-01	0.0047753	0.00578194	0.68211	4.1E-01	0.941319	3.3E-01
rs1048786	16	336916	0.0036807	C	T	0.830941	1	2.11164	1.5E-01	0.00905224	0.00740456	1.49456	2.2E-01	0.423382	5.2E-01
rs2601773	16	4001898	0.0718473	C	A	0.503399	0.995484	6.97057	8.3E-03	-0.014273	0.0055569	6.59729	1.0E-02	6.44345	1.1E-02
rs9934930	16	4902038	0.0862098	A	G	0.521116	0.994594	6.53495	1.1E-02	0.0139512	0.00558764	6.23398	1.3E-02	5.32878	2.1E-02
rs7187976	16	19708196	0.389763	A	G	0.820215	0.98274	0.648416	4.2E-01	-0.00646195	0.0072737	0.789252	3.7E-01	0.502253	4.8E-01
rs4238585	16	20255097	0.398011	C	T	0.13201	0.96298	0.54408	4.6E-01	-0.00429253	0.00834338	0.264693	6.1E-01	0.0406037	8.4E-01
rs11074452	16	20370168	0.40198	C	G	0.490517	0.995812	3.18643	7.4E-02	-0.0102418	0.00556466	3.38749	6.6E-02	1.62842	2.0E-01
rs200539	16	24735178	0.466016	T	C	0.268765	0.996448	0.137931	7.1E-01	-0.00153955	0.00623967	0.0608788	8.1E-01	0.0301467	8.6E-01
rs2650494	16	28318440	0.541911	A	G	0.581267	0.992404	4.16111	4.1E-02	0.0117261	0.00562938	4.33898	3.7E-02	5.15602	2.3E-02
rs4787483	16	29885447	0.552081	A	G	0.662227	1	3.271	7.1E-02	0.0122993	0.00587404	4.38414	3.6E-02	4.76894	2.9E-02
rs111886096	16	53598310	0.644304	A	G	0.862466	0.993464	0.148603	7.0E-01	-0.000750385	0.00807213	0.00864156	9.3E-01	7.53054e-06	1.0E+00
rs7205986	16	53755146	0.644839	A	G	0.489919	0.988839	0.0190065	8.9E-01	0.000695905	0.005596	0.0154648	9.0E-01	0.034574	8.5E-01
rs5011579	16	69187318	0.855228	C	G	0.2843	0.994942	1.08783	3.0E-01	0.00604087	0.00616399	0.960448	3.3E-01	1.16007	2.8E-01
rs12924872	16	69552215	0.858355	C	T	0.533347	0.984378	0.401595	5.3E-01	0.00472919	0.0056147	0.709448	4.0E-01	1.44404	2.3E-01
rs811054	16	72251132	0.873381	C	T	0.462771	0.985658	0.281544	6.0E-01	0.00320536	0.00560055	0.327561	5.7E-01	0.533245	4.7E-01
rs12926506	16	81722413	1.05397	C	T	0.829273	0.984727	1.36751	2.4E-01	-0.0105797	0.00742453	2.03053	1.5E-01	1.78068	1.8E-01
rs77081114	17	1816762	0.0641667	G	A	0.834903	1	1.97717	1.6E-01	0.0121589	0.00748305	2.64018	1.0E-01	1.15309	2.8E-01
rs3026101	17	5280440	0.136672	T	C	0.696449	0.998494	0.239729	6.2E-01	0.00312888	0.00604585	0.267833	6.0E-01	0.036415	8.5E-01
rs10491104	17	15884561	0.425342	C	T	0.468509	1	2.03822	1.5E-01	0.00847067	0.00556399	2.31773	1.3E-01	2.95494	8.6E-02
rs9906072	17	21245687	0.471598	T	C	0.486625	0.873727	0.0309686	8.6E-01	0.00217203	0.00594956	0.133279	7.2E-01	0.0400631	8.4E-01
rs9904602	17	34835526	0.595066	T	A	0.482475	0.99641	0.000482056	9.8E-01	-0.000587355	0.00555915	0.0111631	9.2E-01	0.0126883	9.1E-01
rs17616799	17	46039553	0.703155	A	G	0.898327	0.994334	1.03523	3.1E-01	0.00869077	0.00919845	0.892662	3.4E-01	1.14879	2.8E-01
rs55797392	17	47055622	0.707863	G	A	0.589793	0.985453	1.82279	1.8E-01	0.00709882	0.00567447	1.56503	2.1E-01	1.07974	3.0E-01
rs7211966	17	54374611	0.801315	C	T	0.981745	0.996866	0.0795471	7.8E-01	0.00266294	0.0207027	0.016545	9.0E-01	0.192656	6.6E-01
rs17631394	17	61646000	0.886955	G	A	0.736546	0.99153	4.61119	3.2E-02	-0.011705	0.00632815	3.42129	6.4E-02	4.99227	2.5E-02
rs2619976	17	71754545	1.06134	C	T	0.589126	0.992569	1.76331	1.8E-01	0.0058484	0.00567357	1.06258	3.0E-01	0.598019	4.4E-01
rs4424946	17	78554888	1.24995	T	C	0.762112	0.998925	2.12828	1.4E-01	-0.00831637	0.0065191	1.62739	2.0E-01	2.11338	1.5E-01
rs4076427	17	79087537	1.26024	G	C	0.609873	0.985353	0.0559765	8.1E-01	0.000624267	0.00570528	0.0119726	9.1E-01	0.0245018	8.8E-01
rs1371274	18	1837007	0.0479005	A	C	0.863572	0.995553	0.821768	3.6E-01	0.00680611	0.00806948	0.711389	4.0E-01	0.829043	3.6E-01
rs11875960	18	21071925	0.432054	A	G	0.650113	0.974621	0.116436	7.3E-01	-0.000407398	0.00589264	0.00477988	9.4E-01	0.0438314	8.3E-01
rs9807506	18	39493911	0.604143	C	T	0.110516	0.995331	1.39295	2.4E-01	-0.0102803	0.00886664	1.34429	2.5E-01	0.835902	3.6E-01
rs4890428	18	40697340	0.611694	G	T	0.5787	0.994435	0.128043	7.2E-01	0.00222428	0.00564436	0.155293	6.9E-01	0.126988	7.2E-01
rs7239114	18	45921214	0.66958	G	A	0.458185	0.985699	0.261575	6.1E-01	-0.00375998	0.00560763	0.449585	5.0E-01	0.509938	4.8E-01
rs72934723	18	53305311	0.747109	A	G	0.96095	0.966483	1.99371	1.6E-01	0.0221272	0.0145695	2.30654	1.3E-01	1.80142	1.8E-01
rs2187176	18	57679365	0.819838	A	G	0.309978	0.982596	1.17697	2.8E-01	-0.00525808	0.00605267	0.754677	3.8E-01	0.937792	3.3E-01
rs117758180	18	57809744	0.821562	C	T	0.97678	1	3.39532	6.5E-02	-0.0315338	0.0184173	2.93155	8.7E-02	1.86256	1.7E-01
rs113268469	18	57862913	0.821729	C	T	0.982698	0.966786	4.55949	3.3E-02	-0.0482675	0.0216512	4.96985	2.6E-02	5.38014	2.0E-02
rs11668832	19	1812682	0.0683182	A	G	0.450689	0.989019	0.4952	4.8E-01	-0.00418302	0.00559769	0.558422	4.5E-01	0.932394	3.3E-01
rs72976986	19	4050424	0.142675	G	A	0.810758	0.984512	0.957475	3.3E-01	0.00892342	0.00715186	1.55677	2.1E-01	1.60423	2.1E-01
rs55714539	19	18207397	0.447742	A	C	0.656472	0.982807	7.38088	6.6E-03	0.014834	0.00588044	6.3635	1.2E-02	9.0476	2.6E-03
rs17724992	19	18454825	0.450275	A	G	0.730237	0.991647	0.10347	7.5E-01	-0.0022354	0.00626582	0.127279	7.2E-01	0.0456383	8.3E-01
rs2003476	19	18806668	0.454309	T	C	0.59308	0.986683	0.955666	3.3E-01	-0.00467651	0.00567134	0.679941	4.1E-01	0.752879	3.9E-01
rs12461902	19	30265235	0.512848	G	A	0.672506	0.985963	2.12921	1.4E-01	-0.00804665	0.00596917	1.8172	1.8E-01	1.66375	2.0E-01
rs11882409	19	34019685	0.562915	C	A	0.713772	0.966519	0.0506332	8.2E-01	0.000696635	0.00624125	0.0124585	9.1E-01	0.00181171	9.7E-01
rs62119261	19	45122043	0.697479	A	C	0.953817	1	35.0389	3.2E-09	-0.0791874	0.0131846	36.0725	1.9E-09	37.0971	1.1E-09
rs4803748	19	45247048	0.700259	C	T	0.616747	0.988587	44.036	3.2E-11	-0.0383575	0.00573558	44.7245	2.3E-11	45.4785	1.5E-11
rs147711004	19	45337918	0.704947	G	A	0.964112	0.951931	26.3021	2.9E-07	0.0839979	0.0152407	30.3758	3.6E-08	35.0458	3.2E-09
rs1884389	20	1410582	0.0620248	C	T	0.560429	0.990862	0.39175	5.3E-01	-0.00457937	0.00561315	0.665576	4.1E-01	0.669151	4.1E-01
rs1321453	20	6585670	0.214258	G	A	0.332006	0.979962	0.606334	4.4E-01	-0.00238113	0.00596365	0.15942	6.9E-01	0.111648	7.4E-01
rs947088	20	17171373	0.411628	G	T	0.280165	0.992316	0.652561	4.2E-01	-0.00275713	0.00621064	0.197079	6.6E-01	0.154426	6.9E-01
rs8116853	20	21439820	0.48109	A	G	0.902603	0.99434	0.116644	7.3E-01	0.00229758	0.00936809	0.0601503	8.1E-01	0.475464	4.9E-01
rs6142096	20	32686658	0.536502	G	A	0.481267	0.998195	3.54691	6.0E-02	-0.0106368	0.00556274	3.65629	5.6E-02	3.83703	5.0E-02
rs6065877	20	44382136	0.670468	G	A	0.95307	0.971377	37.7412	8.1E-10	0.0797191	0.0133299	35.7663	2.2E-09	36.0208	2.0E-09
rs11699260	20	50813508	0.791033	G	C	0.710789	0.999421	0.677992	4.1E-01	0.00407943	0.00610927	0.445882	5.0E-01	0.466122	4.9E-01
rs2836753	21	40291187	0.447396	T	C	0.362883	0.999333	1.70733	1.9E-01	-0.00593873	0.00576388	1.06159	3.0E-01	1.55563	2.1E-01
rs1964926	21	42653121	0.51205	A	G	0.35393	0.992207	0.0292627	8.6E-01	-0.0009761	0.00583099	0.0280223	8.7E-01	0.021948	8.8E-01
rs8130074	21	46498684	0.621941	C	G	0.35124	0.996511	0.555716	4.6E-01	0.00414348	0.00582823	0.505426	4.8E-01	0.345245	5.6E-01
rs4820399	22	40546633	0.498151	C	T	0.4075	0.991505	0.897111	3.4E-01	-0.00608927	0.00565884	1.15791	2.8E-01	1.12785	2.9E-01
rs13053342	22	48871624	0.664334	G	A	0.577345	0.990848	4.55341	3.3E-02	0.0118139	0.0056309	4.40177	3.6E-02	2.69169	1.0E-01
