rs28788874	1	1520725	0.0141684	C	T	0.584735	0.768295	0.131233	7.2E-01	-0.00205016	0.00648502	0.0999434	7.5E-01	0.0110148	9.2E-01
rs72634501	1	39551488	0.669558	T	C	0.760747	0.973003	2.59748	1.1E-01	0.011712	0.0066917	3.06332	8.0E-02	2.95333	8.6E-02
rs7545034	1	47659445	0.739124	T	C	0.495311	0.986554	1.2174	2.7E-01	-0.00613203	0.00567416	1.1679	2.8E-01	1.4662	2.3E-01
rs7553454	1	49231261	0.759781	T	C	0.774904	0.984417	0.456911	5.0E-01	0.00392567	0.00677419	0.335825	5.6E-01	0.318737	5.7E-01
rs12117661	1	55487346	0.808955	C	G	0.755046	0.987273	61.6414	4.1E-15	0.0528194	0.0066044	63.9618	1.3E-15	63.6723	1.5E-15
rs626787	1	62901243	0.92278	C	G	0.648073	0.994875	34.627	4.0E-09	0.0359546	0.00590692	37.0498	1.2E-09	43.2599	4.8E-11
rs2422134	1	72514701	1.03261	G	C	0.494392	0.995097	0.815333	3.7E-01	-0.00552703	0.00563787	0.961066	3.3E-01	0.948012	3.3E-01
rs6690871	1	74977277	1.04309	A	G	0.592502	0.986356	3.89919	4.8E-02	0.0109299	0.00577106	3.58691	5.8E-02	3.95483	4.7E-02
rs2247536	1	77919438	1.07305	G	C	0.734406	0.984022	0.172352	6.8E-01	-0.00217173	0.00643512	0.113894	7.4E-01	0.51973	4.7E-01
rs1536023	1	96882019	1.26526	C	A	0.779556	0.988892	0.891876	3.4E-01	0.00597645	0.00683712	0.764082	3.8E-01	1.08009	3.0E-01
rs10747488	1	98299475	1.27829	C	A	0.231417	0.993887	0.19549	6.6E-01	-0.00276706	0.00671049	0.170032	6.8E-01	0.173344	6.8E-01
rs920835	1	107946802	1.36667	G	A	0.707486	0.968585	0.0664757	8.0E-01	-0.000571372	0.00629797	0.0082307	9.3E-01	0.000402032	9.8E-01
rs892511	1	110078255	1.38888	C	G	0.970555	0.964927	23.2531	1.4E-06	0.0838895	0.0169413	24.52	7.4E-07	22.1512	2.5E-06
rs12033257	1	112318484	1.42838	A	G	0.621237	0.983831	0.519972	4.7E-01	-0.00482959	0.00586402	0.678313	4.1E-01	0.518937	4.7E-01
rs4357530	1	151103153	1.65977	G	A	0.321207	0.991504	0.0039152	9.5E-01	0.00016876	0.00605998	0.000775523	9.8E-01	0.00221826	9.6E-01
rs148261599	1	155253286	1.69959	C	G	0.796018	0.939661	0.276603	6.0E-01	0.00316986	0.00718937	0.1944	6.6E-01	0.274439	6.0E-01
rs12565430	1	174400537	1.95129	G	A	0.890495	0.989663	1.17941	2.8E-01	-0.00872941	0.00904217	0.932018	3.3E-01	0.739271	3.9E-01
rs10913418	1	177755299	1.98687	C	A	0.596511	0.989574	0.732804	3.9E-01	-0.00509416	0.00577179	0.778977	3.8E-01	0.678182	4.1E-01
rs1359940	1	177848153	1.98809	T	C	0.542981	0.978287	4.14455	4.2E-02	-0.0112945	0.00571957	3.89947	4.8E-02	3.33104	6.8E-02
rs9425633	1	184657251	2.05452	T	C	0.517837	0.997773	0.0187594	8.9E-01	-0.00079933	0.00563592	0.0201151	8.9E-01	0.152	7.0E-01
rs10801363	1	194922207	2.13186	T	A	0.632532	0.99595	1.80373	1.8E-01	-0.00754949	0.00584796	1.66658	2.0E-01	1.70508	1.9E-01
rs2494116	1	201784151	2.19723	G	A	0.451622	0.998902	0.402981	5.3E-01	0.00321352	0.00565223	0.323238	5.7E-01	0.271146	6.0E-01
rs661955	1	234842856	2.62186	G	C	0.481801	0.978806	34.4619	4.3E-09	-0.0330419	0.00569027	33.7181	6.4E-09	36.634	1.4E-09
rs12042959	1	243533273	2.82744	A	G	0.856757	0.985729	0.0646029	8.0E-01	-0.00209017	0.00807852	0.0669423	8.0E-01	0.152063	7.0E-01
rs6548228	2	345889	0.00380575	T	C	0.476197	0.997111	5.2922	2.1E-02	-0.0123152	0.00564618	4.75745	2.9E-02	4.5639	3.3E-02
rs2667214	2	449487	0.00560823	A	G	0.676488	0.984343	0.410975	5.2E-01	-0.00418707	0.00607628	0.474838	4.9E-01	0.354825	5.5E-01
rs10176391	2	574368	0.00678655	C	G	0.988537	0.920209	2.55397	1.1E-01	0.0445243	0.0275579	2.61036	1.1E-01	2.52432	1.1E-01
rs11673889	2	21104631	0.419072	G	C	0.739344	0.972648	40.5249	1.9E-10	0.0410819	0.00650292	39.9102	2.7E-10	41.4541	1.2E-10
rs144545816	2	21413077	0.420543	G	A	0.71544	0.993104	89.8442	2.6E-21	-0.059667	0.00626801	90.6168	1.7E-21	96.2136	1.0E-22
rs10048652	2	35449306	0.577825	T	C	0.438309	0.999392	3.44369	6.3E-02	0.00970541	0.0056863	2.91319	8.8E-02	3.51174	6.1E-02
rs56266464	2	44054991	0.686489	G	A	0.939556	0.986548	58.912	1.6E-14	0.0934629	0.0119143	61.5373	4.3E-15	61.7999	3.8E-15
rs698838	2	44738763	0.693339	C	T	0.374359	1	0.501156	4.8E-01	-0.00412408	0.00582316	0.501576	4.8E-01	0.256909	6.1E-01
rs3198123	2	55207693	0.827446	C	T	0.698625	0.993954	0.487653	4.8E-01	-0.00378824	0.0061647	0.377617	5.4E-01	0.986832	3.2E-01
rs13032423	2	57992112	0.847237	G	A	0.445418	0.996747	5.40953	2.0E-02	-0.0135258	0.00568483	5.66101	1.7E-02	5.5117	1.9E-02
rs55767040	2	58955028	0.850031	T	C	0.699424	0.989049	3.74648	5.3E-02	0.0111466	0.00619151	3.2411	7.2E-02	3.23066	7.2E-02
rs980183	2	59311536	0.858192	G	A	0.398003	0.996406	1.30327	2.5E-01	-0.00630968	0.00576194	1.19916	2.7E-01	1.63225	2.0E-01
rs7557796	2	86766153	1.16162	T	C	0.352323	0.999778	0.386714	5.3E-01	0.0039777	0.00589935	0.454627	5.0E-01	0.302377	5.8E-01
rs13023088	2	100576304	1.22131	C	T	0.849851	0.99385	4.06845	4.4E-02	-0.0158748	0.00789649	4.04158	4.4E-02	3.71558	5.4E-02
rs9308868	2	104361420	1.24985	G	A	0.475644	0.997977	0.658368	4.2E-01	0.00549528	0.0056536	0.944778	3.3E-01	0.609374	4.4E-01
rs1349512	2	105435369	1.26243	T	C	0.689911	0.999103	0.172715	6.8E-01	0.00338935	0.00608284	0.310469	5.8E-01	0.0139589	9.1E-01
rs1530559	2	135755629	1.58463	A	G	0.600693	1	0.85976	3.5E-01	-0.00598701	0.00570402	1.10169	2.9E-01	1.2806	2.6E-01
rs2034604	2	143958745	1.64938	C	T	0.463349	0.997459	2.53748	1.1E-01	-0.00943509	0.00565791	2.78087	9.5E-02	2.46541	1.2E-01
rs12692596	2	161265910	1.78694	C	T	0.629192	0.996301	5.37537	2.0E-02	0.0133207	0.00581697	5.24394	2.2E-02	4.78066	2.9E-02
rs12328675	2	165540800	1.81492	T	C	0.879644	0.99881	4.34471	3.7E-02	0.0168269	0.00864271	3.79061	5.2E-02	2.3134	1.3E-01
rs6745626	2	181436641	2.00364	C	T	0.408617	0.996845	0.0772214	7.8E-01	-0.00151193	0.00573769	0.0694368	7.9E-01	0.165203	6.8E-01
rs6743255	2	205363596	2.17314	A	G	0.119725	1	0.00024435	9.9E-01	0.00196974	0.00865934	0.0517424	8.2E-01	0.0810152	7.8E-01
rs13000757	2	207145906	2.20108	G	T	0.495484	0.995817	0.842297	3.6E-01	0.00469677	0.00565487	0.689846	4.1E-01	0.538897	4.6E-01
rs11692326	2	208263279	2.21189	C	T	0.770028	0.999964	1.9	1.7E-01	0.00876957	0.0066788	1.72409	1.9E-01	1.5004	2.2E-01
rs12611517	2	228977034	2.47863	T	A	0.656814	0.999378	1.24481	2.6E-01	0.00603595	0.00593067	1.03582	3.1E-01	1.2156	2.7E-01
rs12473885	2	230569590	2.5018	G	T	0.878273	0.993886	0.686475	4.1E-01	-0.00749669	0.00862129	0.756126	3.8E-01	0.345124	5.6E-01
rs13098833	3	20428568	0.395393	A	G	0.723663	0.994024	0.00162266	9.7E-01	-0.000186521	0.00634522	0.000864096	9.8E-01	0.00920095	9.2E-01
rs754635	3	42305131	0.652861	C	G	0.112989	0.99768	0.264414	6.1E-01	-0.00598288	0.00887331	0.454622	5.0E-01	0.23155	6.3E-01
rs72906474	3	47817007	0.688057	G	T	0.417107	0.973948	0.121612	7.3E-01	-0.00204276	0.00579306	0.124342	7.2E-01	0.380609	5.4E-01
rs71326904	3	49991060	0.690403	C	T	0.749113	0.999883	0.0366189	8.5E-01	-0.000604488	0.0065031	0.0086404	9.3E-01	0.000447203	9.8E-01
rs1371095	3	61147530	0.807508	A	G	0.581645	0.99157	0.0819305	7.7E-01	0.0012034	0.00574008	0.0439523	8.3E-01	0.0420641	8.4E-01
rs9874646	3	62462818	0.82936	C	T	0.314458	0.963027	1.13878	2.9E-01	-0.00701833	0.00618686	1.28684	2.6E-01	1.30212	2.5E-01
rs7430139	3	82504148	1.08216	A	G	0.834726	1	0.304502	5.8E-01	-0.00398722	0.00760522	0.274863	6.0E-01	0.368647	5.4E-01
rs1248859	3	85017098	1.08828	G	C	0.331024	0.996188	4.62922	3.1E-02	0.0130886	0.00600445	4.75159	2.9E-02	5.85164	1.6E-02
rs9857105	3	93893210	1.10433	A	G	0.459959	0.997124	1.26695	2.6E-01	-0.00628313	0.00567349	1.22645	2.7E-01	1.19892	2.7E-01
rs11917909	3	107864673	1.2019	G	A	0.64971	0.995989	0.507014	4.8E-01	-0.00414338	0.00590672	0.492059	4.8E-01	0.41679	5.2E-01
rs2037001	3	131458973	1.44255	C	G	0.708207	0.979412	3.75084	5.3E-02	-0.0112217	0.00626691	3.20634	7.3E-02	2.78163	9.5E-02
rs9827662	3	135710841	1.49347	C	A	0.75398	0.999173	6.02566	1.4E-02	-0.0158352	0.0065391	5.86419	1.5E-02	4.86682	2.7E-02
rs355786	3	153990749	1.684	G	A	0.607502	0.999005	0.000653355	9.8E-01	-0.000609749	0.00578749	0.0111	9.2E-01	0.0532048	8.2E-01
rs1604038	3	170709193	1.7983	C	T	0.714201	0.999363	0.0135942	9.1E-01	-0.000856499	0.00622876	0.0189082	8.9E-01	0.163759	6.9E-01
rs9867130	3	185729753	2.0208	A	G	0.141676	0.965346	0.859431	3.5E-01	0.00891716	0.00824761	1.16895	2.8E-01	1.03127	3.1E-01
rs11736501	4	18451423	0.339653	A	C	0.680338	0.997158	0.317668	5.7E-01	0.00317248	0.0060406	0.275828	6.0E-01	0.906047	3.4E-01
rs73244271	4	20091053	0.357316	A	G	0.887469	0.995322	0.0422252	8.4E-01	-0.000846196	0.00896186	0.0089155	9.2E-01	0.0102906	9.2E-01
rs6849555	4	25150890	0.433804	G	C	0.799698	0.94032	1.33384	2.5E-01	0.00867717	0.00725974	1.42861	2.3E-01	2.14899	1.4E-01
rs4623046	4	45042343	0.679347	G	A	0.33237	0.994028	0.496184	4.8E-01	-0.00358381	0.00598659	0.358368	5.5E-01	0.119087	7.3E-01
rs6829208	4	52728640	0.6941	T	C	0.726338	0.99807	0.758118	3.8E-01	-0.00440681	0.00631468	0.48702	4.9E-01	0.270645	6.0E-01
rs6815651	4	55487718	0.714225	C	T	0.450226	0.994486	5.76172	1.6E-02	-0.013485	0.00566878	5.65875	1.7E-02	5.72944	1.7E-02
rs923994	4	67802992	0.836181	A	G	0.217153	0.992221	4.18679	4.1E-02	0.0146268	0.00683553	4.57884	3.2E-02	5.08144	2.4E-02
rs12645001	4	96018337	1.09763	G	A	0.650874	0.99796	4.01553	4.5E-02	0.0110333	0.0059074	3.48833	6.2E-02	2.85497	9.1E-02
rs13105682	4	102702364	1.15516	T	G	0.941406	0.93989	0.162164	6.9E-01	-0.00616834	0.0123766	0.248392	6.2E-01	0.182965	6.7E-01
rs11728213	4	113309647	1.25168	G	A	0.683684	0.99931	0.00138582	9.7E-01	0.00104656	0.00606782	0.0297483	8.6E-01	0.283255	5.9E-01
rs1296328	4	137083193	1.44321	A	C	0.440098	0.99123	2.41829	1.2E-01	-0.00790911	0.00572535	1.90832	1.7E-01	2.35047	1.3E-01
rs4863516	4	140773770	1.49281	T	C	0.672112	0.999318	1.22988	2.7E-01	0.00637055	0.00599571	1.12894	2.9E-01	1.01253	3.1E-01
rs750090	4	152931436	1.59021	T	C	0.646587	0.97605	0.498942	4.8E-01	0.00418575	0.00593386	0.497589	4.8E-01	0.353293	5.5E-01
rs13110266	4	162129844	1.69444	G	A	0.582061	0.993805	0.369108	5.4E-01	-0.00341203	0.0057229	0.355463	5.5E-01	0.473064	4.9E-01
rs4597930	5	27171542	0.425308	T	C	0.71786	0.997265	0.335583	5.6E-01	0.00381664	0.00627457	0.369995	5.4E-01	0.200519	6.5E-01
rs6451675	5	43110855	0.62057	C	G	0.307452	0.990847	1.07119	3.0E-01	0.00526345	0.00612005	0.73966	3.9E-01	0.515048	4.7E-01
rs6449674	5	62995938	0.739824	T	C	0.52251	0.996207	0.235536	6.3E-01	0.00276178	0.00564658	0.239225	6.2E-01	0.127607	7.2E-01
rs6891856	5	63972658	0.744519	G	T	0.472565	0.983364	1.76571	1.8E-01	-0.00657893	0.00569002	1.33685	2.5E-01	1.75068	1.9E-01
rs4072296	5	74242002	0.858799	T	C	0.46019	0.938263	27.8886	1.3E-07	-0.0312127	0.00583081	28.6554	8.6E-08	34.9773	3.3E-09
rs11740689	5	80841360	0.956164	A	C	0.681749	0.9953	2.10657	1.5E-01	0.0087414	0.00605106	2.08689	1.5E-01	1.83389	1.8E-01
rs77156384	5	87709219	1.01438	A	G	0.979071	1	2.07709	1.5E-01	0.0278689	0.0196971	2.00187	1.6E-01	1.90621	1.7E-01
rs7701355	5	88804839	1.01946	G	T	0.578544	0.999666	0.0601969	8.1E-01	-0.00147638	0.00571277	0.0667891	8.0E-01	0.0124137	9.1E-01
rs6885199	5	92574633	1.04879	G	A	0.9622	1	1.63149	2.0E-01	-0.0182422	0.0147644	1.52659	2.2E-01	1.0902	3.0E-01
rs12186664	5	95630225	1.07202	A	T	0.684284	0.993149	0.310354	5.8E-01	-0.00323073	0.00606972	0.283312	5.9E-01	0.280535	6.0E-01
rs1835978	5	107265051	1.15538	T	C	0.111179	0.976322	2.81763	9.3E-02	0.0147202	0.00905573	2.64229	1.0E-01	3.30007	6.9E-02
rs459552	5	112176756	1.19663	T	A	0.232844	1	1.31115	2.5E-01	-0.00809766	0.0066524	1.48171	2.2E-01	2.09782	1.5E-01
rs10071769	5	122967175	1.31039	C	T	0.808852	0.991847	31.7889	1.7E-08	0.0390965	0.00716222	29.7976	4.8E-08	31.6325	1.9E-08
rs329120	5	133861756	1.41589	C	T	0.579716	0.996967	8.26427e-05	9.9E-01	0.000941743	0.00571919	0.0271141	8.7E-01	0.126952	7.2E-01
rs356453	5	139053563	1.4578	G	A	0.669183	0.993285	1.76631	1.8E-01	0.00829036	0.00599705	1.91105	1.7E-01	2.26846	1.3E-01
rs2190788	5	144484261	1.52142	G	T	0.681254	0.989372	1.67835	2.0E-01	-0.00789871	0.00609519	1.67934	2.0E-01	1.93934	1.6E-01
rs7701886	5	153547409	1.6413	G	A	0.45336	0.99206	1.86641	1.7E-01	0.00747623	0.00568306	1.73061	1.9E-01	2.28345	1.3E-01
rs2287894	5	170322919	1.86356	T	A	0.272401	0.998905	0.0920877	7.6E-01	0.00178101	0.00633558	0.0790245	7.8E-01	0.364348	5.5E-01
rs10947758	6	12093961	0.272682	T	C	0.645937	0.995017	1.52316	2.2E-01	-0.00746384	0.00591451	1.59253	2.1E-01	0.973645	3.2E-01
rs9357634	6	13192190	0.290983	T	C	0.701576	0.98883	0.869482	3.5E-01	0.00618307	0.00619798	0.995192	3.2E-01	0.884545	3.5E-01
rs3806114	6	20482335	0.408974	G	A	0.330694	0.979566	0.673607	4.1E-01	-0.00430777	0.00605966	0.50537	4.8E-01	0.706013	4.0E-01
rs2768	6	31321856	0.512785	A	G	0.749612	0.995049	2.70475	1.0E-01	-0.0095457	0.00652897	2.1376	1.4E-01	3.1778	7.5E-02
rs2260051	6	31591918	0.515519	A	T	0.438115	0.999979	1.81972	1.8E-01	-0.00767006	0.00567071	1.82946	1.8E-01	2.96921	8.5E-02
rs57493997	6	34443523	0.547182	T	C	0.907375	0.988432	0.00388855	9.5E-01	0.00103473	0.00976931	0.0112182	9.2E-01	0.0477688	8.3E-01
rs35679149	6	43604167	0.672046	A	G	0.973525	1	0.00927826	9.2E-01	0.000799442	0.0175727	0.00206966	9.6E-01	0.162788	6.9E-01
rs4714925	6	46304194	0.722787	A	G	0.493044	0.998125	0.00231603	9.6E-01	0.000332748	0.00564238	0.00347783	9.5E-01	0.100112	7.5E-01
rs9473821	6	50356035	0.748721	T	C	0.122366	0.995677	4.82894	2.8E-02	-0.0192436	0.00861585	4.98859	2.6E-02	3.11833	7.7E-02
rs1369869	6	83366282	0.934423	C	T	0.558841	0.987317	0.644119	4.2E-01	0.00578509	0.00571052	1.02629	3.1E-01	0.922772	3.4E-01
rs6905544	6	98411631	1.06235	A	G	0.398807	0.997318	1.33857	2.5E-01	0.00621719	0.00576337	1.16368	2.8E-01	0.992353	3.2E-01
rs1575676	6	108861264	1.17848	C	T	0.628148	0.997454	1.15406	2.8E-01	0.00654792	0.00582252	1.26469	2.6E-01	0.998656	3.2E-01
rs9387640	6	119508871	1.25792	C	T	0.635398	1	1.09791	2.9E-01	-0.00598277	0.00586752	1.03967	3.1E-01	1.23737	2.7E-01
rs198665	6	143154886	1.51958	C	A	0.629508	0.991725	6.77292	9.3E-03	0.0160183	0.00586417	7.46138	6.3E-03	5.84832	1.6E-02
rs7755574	6	153364643	1.66311	G	T	0.718151	0.997121	6.23206	1.3E-02	0.0157583	0.00630215	6.25229	1.2E-02	7.2372	7.1E-03
rs13209728	6	162997533	1.81843	A	C	0.861097	0.999607	0.00470681	9.5E-01	0.00189831	0.00815363	0.0542043	8.2E-01	0.0673623	8.0E-01
rs11767176	7	1852823	0.0275939	G	A	0.78849	0.994823	0.324368	5.7E-01	0.00358285	0.00689724	0.26984	6.0E-01	0.254587	6.1E-01
rs4307239	7	24354300	0.415589	A	G	0.540084	0.99283	1.52928	2.2E-01	-0.00619838	0.00567066	1.19478	2.7E-01	1.20957	2.7E-01
rs4722551	7	25991826	0.440521	T	C	0.842812	1	26.7522	2.3E-07	-0.0422293	0.007716	29.9532	4.4E-08	29.3186	6.1E-08
rs2072183	7	44579180	0.698676	G	C	0.775748	1	30.1002	4.1E-08	-0.0374242	0.00673764	30.8524	2.8E-08	34.6801	3.9E-09
rs3807566	7	50564204	0.76671	G	T	0.56098	0.994523	0.0925386	7.6E-01	0.000951153	0.00568352	0.028007	8.7E-01	0.0592706	8.1E-01
rs4718966	7	70040558	0.868636	C	T	0.584999	0.992694	0.00720565	9.3E-01	0.000125744	0.00575171	0.000477952	9.8E-01	0.0175586	8.9E-01
rs10950289	7	71429308	0.890251	A	G	0.837402	0.9787	2.35734	1.2E-01	-0.011218	0.00770602	2.11921	1.5E-01	2.5906	1.1E-01
rs6964833	7	74101909	0.91305	T	C	0.742216	0.9996	0.413344	5.2E-01	0.00396691	0.00645141	0.378089	5.4E-01	0.378449	5.4E-01
rs7805441	7	78121458	0.952449	C	T	0.496028	0.987826	0.347107	5.6E-01	0.00181881	0.00569017	0.102171	7.5E-01	0.0635385	8.0E-01
rs16868443	7	93206264	1.0947	G	C	0.638366	0.996209	0.00160839	9.7E-01	-9.76028e-05	0.00585941	0.00027747	9.9E-01	0.0326327	8.6E-01
rs17155888	7	103416295	1.18694	T	A	0.573633	0.98913	0.481129	4.9E-01	-0.00376529	0.00572983	0.43183	5.1E-01	0.612955	4.3E-01
rs7788008	7	112972483	1.29323	G	A	0.566242	0.997606	0.726123	3.9E-01	0.00470948	0.00568433	0.686414	4.1E-01	0.701333	4.0E-01
rs12705908	7	113422504	1.29936	A	G	0.435782	0.999217	0.0150689	9.0E-01	0.0002492	0.0056819	0.00192358	9.7E-01	0.438104	5.1E-01
rs1563408	7	114303189	1.30467	G	A	0.518625	0.9976	1.01309	3.1E-01	0.00525756	0.00564427	0.867667	3.5E-01	0.92155	3.4E-01
rs2968856	7	150614934	1.67963	T	C	0.750666	0.995794	3.6846e-05	1.0E+00	8.04797e-05	0.0065329	0.000151761	9.9E-01	0.128351	7.2E-01
rs2921077	8	8304502	0.239157	G	A	0.535755	0.992952	1.88891	1.7E-01	-0.00734634	0.00568995	1.66696	2.0E-01	1.52253	2.2E-01
rs2959592	8	17002725	0.407822	T	C	0.81033	0.987439	0.269835	6.0E-01	0.00270769	0.00723267	0.140153	7.1E-01	0.098283	7.5E-01
rs1362910	8	30856464	0.645028	A	G	0.419317	0.991461	1.21517	2.7E-01	-0.00596861	0.00570838	1.09325	3.0E-01	1.31341	2.5E-01
rs55704109	8	59323247	0.819013	G	A	0.5057	0.919152	32.0661	1.5E-08	0.0330842	0.00589285	31.5203	2.0E-08	35.6825	2.3E-09
rs12681792	8	62054463	0.850895	C	A	0.807401	0.990908	0.0269689	8.7E-01	-0.00191277	0.00719149	0.0707438	7.9E-01	0.0233008	8.8E-01
rs7822926	8	64701966	0.867188	A	C	0.529208	0.995395	0.0595257	8.1E-01	-0.00242175	0.00566135	0.182986	6.7E-01	0.315225	5.7E-01
rs2017657	8	73426371	0.974058	G	T	0.427149	1	0.101608	7.5E-01	0.00178279	0.00571237	0.0974021	7.5E-01	0.244826	6.2E-01
rs2943611	8	76473939	1.00704	T	C	0.203974	0.993157	0.0459636	8.3E-01	0.00119905	0.00700857	0.0292696	8.6E-01	0.0215799	8.8E-01
rs9298280	8	77329753	1.00881	T	G	0.287889	0.987301	8.76534	3.1E-03	0.0174458	0.00624541	7.80299	5.2E-03	7.58244	5.9E-03
rs1180626	8	116476393	1.31509	G	A	0.224213	0.994168	8.4139	3.7E-03	-0.0200196	0.00679708	8.67492	3.2E-03	8.64786	3.3E-03
rs2385114	8	126447308	1.45276	C	T	0.513771	0.979388	40.8075	1.7E-10	-0.0369353	0.0057064	41.8946	9.6E-11	46.2261	1.1E-11
rs10124645	9	11321119	0.255592	A	G	0.589801	0.991792	0.16286	6.9E-01	-0.0012033	0.00577239	0.0434543	8.3E-01	0.000892673	9.8E-01
rs2457637	9	15533394	0.341722	T	C	0.512743	0.988377	1.86958	1.7E-01	0.00795459	0.00565956	1.97547	1.6E-01	2.38571	1.2E-01
rs6476065	9	28403813	0.542923	C	T	0.423663	0.971482	3.84594	5.0E-02	0.011312	0.0057708	3.84243	5.0E-02	3.14429	7.6E-02
rs12345603	9	29601893	0.557517	C	T	0.574964	0.971878	0.670818	4.1E-01	0.00613641	0.00578141	1.12658	2.9E-01	1.02744	3.1E-01
rs868980	9	92140852	1.08916	A	G	0.764207	0.992973	1.13279	2.9E-01	0.00760286	0.00665469	1.30526	2.5E-01	0.699977	4.0E-01
rs7873003	9	96392945	1.13399	T	C	0.320009	0.990354	1.8002	1.8E-01	0.0078111	0.00606662	1.65779	2.0E-01	2.31453	1.3E-01
rs1852865	9	102750138	1.19624	C	T	0.434954	0.999839	0.515549	4.7E-01	0.00342509	0.00569853	0.361258	5.5E-01	0.160893	6.9E-01
rs7024334	9	109072075	1.25943	T	G	0.221004	0.999349	1.69395	1.9E-01	-0.00859114	0.00678548	1.60303	2.1E-01	1.32907	2.5E-01
rs1252008	9	120362838	1.43341	T	C	0.568657	0.998833	0.00410543	9.5E-01	0.000161857	0.00567847	0.000812455	9.8E-01	0.150586	7.0E-01
rs3829849	9	129390800	1.5324	C	T	0.630889	0.998111	1.13673	2.9E-01	0.00647583	0.00584	1.22961	2.7E-01	1.7927	1.8E-01
rs10733682	9	129460914	1.5336	A	G	0.474217	0.966242	0.24178	6.2E-01	-0.00217082	0.00571366	0.14435	7.0E-01	0.045055	8.3E-01
rs2267958	9	131015279	1.55043	G	A	0.485563	0.958689	1.9957	1.6E-01	0.00770175	0.00576576	1.78429	1.8E-01	1.76117	1.8E-01
rs10159545	10	21766969	0.466662	C	G	0.649246	0.986543	3.46583	6.3E-02	0.0111058	0.00593424	3.50241	6.1E-02	3.49968	6.1E-02
rs12762034	10	33969931	0.621029	T	C	0.92272	0.998956	0.170542	6.8E-01	-0.00321507	0.0105428	0.0929969	7.6E-01	0.219809	6.4E-01
rs4595495	10	53673286	0.748363	A	G	0.58387	0.998015	0.0311543	8.6E-01	0.0010053	0.00574035	0.0306701	8.6E-01	0.00039181	9.8E-01
rs4746855	10	64822828	0.870307	G	A	0.596714	1	0.154011	6.9E-01	-0.0025346	0.00575589	0.193906	6.6E-01	0.0990754	7.5E-01
rs12098284	10	76047464	0.999816	C	T	0.877434	0.998637	0.255226	6.1E-01	-0.00454726	0.00859753	0.279739	6.0E-01	0.265104	6.1E-01
rs1249156	10	79979737	1.04291	T	C	0.294183	0.999324	0.0290167	8.6E-01	-0.000807563	0.00618939	0.0170238	9.0E-01	0.0143214	9.0E-01
rs12245654	10	87562928	1.13739	A	C	0.927047	0.984714	1.33254	2.5E-01	0.0114484	0.0109096	1.10121	2.9E-01	0.274431	6.0E-01
rs472576	10	99694970	1.2698	G	C	0.540757	0.96945	5.89359	1.5E-02	-0.0135533	0.00573159	5.59163	1.8E-02	6.97407	8.3E-03
rs4074720	10	114748497	1.39784	C	T	0.534572	0.984751	0.0122193	9.1E-01	-0.000200545	0.00568495	0.00124443	9.7E-01	0.0168561	9.0E-01
rs72828935	10	126587488	1.61238	G	C	0.716689	0.993686	4.25976	3.9E-02	0.0131052	0.00627187	4.36609	3.7E-02	4.24898	3.9E-02
rs12778347	10	133978806	1.80077	G	T	0.423877	0.999758	0.0833695	7.7E-01	-0.00230401	0.00570051	0.163358	6.9E-01	0.0160123	9.0E-01
rs12802861	11	8387806	0.188896	C	T	0.71326	0.995592	0.149079	7.0E-01	-0.00301495	0.00624193	0.233304	6.3E-01	0.39653	5.3E-01
rs7942486	11	13288698	0.267633	G	T	0.432178	0.998702	2.09072	1.5E-01	0.00925234	0.0056956	2.63891	1.0E-01	2.82981	9.3E-02
rs12791818	11	27277760	0.463075	A	G	0.918985	0.937343	0.337428	5.6E-01	-0.00615513	0.0106729	0.332591	5.6E-01	0.613266	4.3E-01
rs2679059	11	43599791	0.621966	A	T	0.402252	0.990165	2.54749	1.1E-01	-0.00893945	0.00579186	2.38224	1.2E-01	1.77662	1.8E-01
rs11038428	11	45404318	0.657443	G	T	0.717407	0.990678	0.00911845	9.2E-01	-0.00101373	0.00627765	0.0260768	8.7E-01	0.104638	7.5E-01
rs35184771	11	47475189	0.665304	G	T	0.648082	0.998878	6.67708	9.8E-03	0.0163051	0.00589296	7.65561	5.7E-03	6.8978	8.6E-03
rs174528	11	61543499	0.703973	T	C	0.623454	0.995598	91.2857	1.2E-21	0.0555376	0.00582609	90.8698	1.5E-21	102.707	3.9E-24
rs10896007	11	65245829	0.737845	T	A	0.789067	0.98525	0.318751	5.7E-01	0.0045744	0.00696836	0.43093	5.1E-01	0.772667	3.8E-01
rs667515	11	69449076	0.766481	G	C	0.61173	0.990296	1.76518	1.8E-01	-0.00767089	0.00578698	1.75706	1.8E-01	0.885015	3.5E-01
rs2605603	11	93221105	1.00432	G	A	0.520259	0.995512	0.500336	4.8E-01	0.00326215	0.00561869	0.337084	5.6E-01	0.254995	6.1E-01
rs4937870	11	112826709	1.19814	A	G	0.689169	0.983578	0.0994435	7.5E-01	0.0021879	0.00613105	0.127346	7.2E-01	0.495654	4.8E-01
rs2187986	11	115001410	1.23045	G	A	0.524684	0.965018	3.25434	7.1E-02	-0.00972963	0.00574846	2.86477	9.1E-02	2.75539	9.7E-02
rs501351	11	118917814	1.29362	T	G	0.605774	0.997555	0.552519	4.6E-01	-0.00471371	0.00576641	0.668213	4.1E-01	0.622786	4.3E-01
rs7941030	11	122522375	1.35839	T	C	0.616205	1	10.6723	1.1E-03	-0.0204144	0.00581267	12.3344	4.4E-04	12.0211	5.3E-04
rs4366492	11	130717256	1.51227	T	C	0.474614	0.99465	0.288298	5.9E-01	0.00335611	0.00563343	0.354915	5.5E-01	0.233372	6.3E-01
rs10894604	11	132641746	1.55638	T	G	0.652028	1	0.602882	4.4E-01	-0.00373603	0.00591142	0.399426	5.3E-01	0.124332	7.2E-01
rs11064524	12	889902	0.0208303	T	G	0.758532	1	1.10023	2.9E-01	0.00669092	0.00656812	1.03774	3.1E-01	0.81051	3.7E-01
rs7976757	12	19207948	0.354438	T	C	0.171206	0.989812	0.424496	5.1E-01	0.00488873	0.00749834	0.425072	5.1E-01	0.941781	3.3E-01
rs16926776	12	24001905	0.419584	C	T	0.922961	1	4.53692	3.3E-02	-0.0215153	0.0105871	4.12989	4.2E-02	4.46923	3.5E-02
rs11181001	12	41948196	0.563104	A	G	0.469108	0.977653	0.0364681	8.5E-01	0.00151955	0.0056916	0.0712792	7.9E-01	0.137418	7.1E-01
rs2720296	12	50169070	0.630128	G	A	0.609632	0.950295	1.6206	2.0E-01	0.00752649	0.00593342	1.60907	2.0E-01	1.95378	1.6E-01
rs11173522	12	60953472	0.741724	C	A	0.784532	0.998242	0.63696	4.2E-01	-0.00580144	0.00687027	0.713056	4.0E-01	0.342346	5.6E-01
rs317646	12	69657145	0.849888	G	A	0.275066	0.99846	0.00783637	9.3E-01	-0.000345714	0.00632096	0.00299136	9.6E-01	0.0118207	9.1E-01
rs704067	12	89726027	1.03172	G	A	0.545146	0.989595	0.155938	6.9E-01	-0.002295	0.00570313	0.161934	6.9E-01	0.270313	6.0E-01
rs591776	12	99538895	1.16639	C	T	0.364365	0.994453	1.68975	1.9E-01	-0.00650493	0.00587411	1.22631	2.7E-01	0.686107	4.1E-01
rs4433630	12	103650031	1.2114	T	C	0.48744	0.978156	0.368936	5.4E-01	-0.00442123	0.00568044	0.60579	4.4E-01	0.893188	3.4E-01
rs11832936	12	110549533	1.29782	A	C	0.610247	0.999756	0.413303	5.2E-01	0.00363838	0.00580121	0.393348	5.3E-01	0.19576	6.6E-01
rs111828690	12	117576767	1.39704	C	T	0.779464	0.990204	0.161336	6.9E-01	-0.00356635	0.0068622	0.270098	6.0E-01	0.0643246	8.0E-01
rs148608463	12	121413027	1.45395	G	A	0.646603	0.995407	30.4192	3.5E-08	-0.0322627	0.00591542	29.7461	4.9E-08	31.508	2.0E-08
rs144713920	12	122485389	1.46548	C	G	0.945974	0.956209	1.7444	1.9E-01	-0.015764	0.0127408	1.53086	2.2E-01	1.30556	2.5E-01
rs9579775	13	20616557	0.0139469	A	C	0.863467	0.926233	0.0201255	8.9E-01	-0.00013402	0.00853964	0.000246299	9.9E-01	5.46612e-05	9.9E-01
rs4771218	13	28655311	0.212187	G	A	0.373005	0.991013	2.61793	1.1E-01	-0.00949498	0.00585294	2.63172	1.0E-01	2.98566	8.4E-02
rs9591001	13	33042870	0.304346	G	A	0.634695	0.994769	0.691924	4.1E-01	-0.00475448	0.00588316	0.653106	4.2E-01	0.296486	5.9E-01
rs9568856	13	54064981	0.568758	G	A	0.871723	1	0.233135	6.3E-01	-0.00398855	0.00843288	0.223707	6.4E-01	0.288082	5.9E-01
rs6561937	13	58257667	0.585042	T	A	0.243776	0.993408	0.23182	6.3E-01	-0.00349297	0.00659826	0.280241	6.0E-01	0.270984	6.0E-01
rs1413125	13	59260131	0.587755	G	T	0.574048	0.994453	2.81859	9.3E-02	-0.00992787	0.00572339	3.00888	8.3E-02	3.17406	7.5E-02
rs1441264	13	79580919	0.787841	G	A	0.406364	0.956515	4.26538	3.9E-02	0.0120777	0.00584368	4.27164	3.9E-02	5.27807	2.2E-02
rs61969477	13	86477950	0.835644	T	C	0.717214	0.998003	0.416858	5.2E-01	-0.00478617	0.00625568	0.585366	4.4E-01	0.120921	7.3E-01
rs1927790	13	96922191	0.93596	T	C	0.587589	0.998094	0.0957184	7.6E-01	0.00147512	0.00573614	0.0661323	8.0E-01	0.12177	7.3E-01
rs7335249	13	109962579	1.18904	T	C	0.587526	0.995494	0.0774707	7.8E-01	-0.000908442	0.00573709	0.0250733	8.7E-01	0.0322236	8.6E-01
rs7141213	14	25878636	0.160923	C	T	0.428505	0.99817	0.400822	5.3E-01	0.00337418	0.00571566	0.348501	5.5E-01	0.571597	4.5E-01
rs6576279	14	29649958	0.207571	G	C	0.190393	0.998923	0.246606	6.2E-01	-0.00336068	0.00715619	0.220542	6.4E-01	0.339622	5.6E-01
rs2143975	14	33297398	0.262161	C	G	0.467897	0.986467	0.889077	3.5E-01	-0.0050731	0.00570397	0.79103	3.7E-01	0.601236	4.4E-01
rs35020117	14	73341655	0.671145	T	G	0.538277	0.933938	1.86998	1.7E-01	0.0086867	0.00584763	2.20674	1.4E-01	2.50821	1.1E-01
rs7159565	14	79891894	0.74792	T	C	0.36268	0.984708	0.124582	7.2E-01	-0.00242463	0.00588709	0.169625	6.8E-01	0.175639	6.8E-01
rs1951455	14	91512339	0.88209	T	C	0.283982	0.997245	0.0137857	9.1E-01	-0.00182027	0.00625113	0.0847918	7.7E-01	0.258575	6.1E-01
rs2273639	14	93762162	0.916561	C	T	0.692907	0.99913	2.61535	1.1E-01	-0.0103909	0.00611766	2.88495	8.9E-02	2.36879	1.2E-01
rs7161194	14	101529005	1.0886	A	G	0.336786	0.914125	2.23035	1.4E-01	0.0106507	0.0062309	2.92185	8.7E-02	3.34417	6.7E-02
rs12148050	14	103263788	1.11638	A	G	0.348874	0.9994	0.470518	4.9E-01	-0.0037395	0.00590057	0.401641	5.3E-01	0.508425	4.8E-01
rs35443927	14	103849715	1.12404	C	T	0.630061	0.995118	3.00464	8.3E-02	-0.0101614	0.00583096	3.0369	8.1E-02	2.66899	1.0E-01
rs11070502	15	46574981	0.663836	G	A	0.422393	0.996515	0.00315826	9.6E-01	0.00111353	0.00571828	0.0379203	8.5E-01	0.00538291	9.4E-01
rs11631408	15	51746236	0.710161	A	G	0.457534	0.996425	3.68139	5.5E-02	0.0109305	0.00567411	3.71093	5.4E-02	5.05853	2.5E-02
rs12908949	15	59475713	0.795908	T	G	0.77013	0.991439	0.0536076	8.2E-01	-0.000161654	0.0067188	0.000578884	9.8E-01	0.0252408	8.7E-01
rs12903168	15	67680209	0.914057	T	C	0.726776	0.98909	3.65835	5.6E-02	0.0126499	0.00636149	3.95419	4.7E-02	3.7454	5.3E-02
rs4777542	15	73082366	0.987566	C	T	0.670419	0.995307	0.122344	7.3E-01	0.00129845	0.0060259	0.0464309	8.3E-01	0.00680858	9.3E-01
rs11855821	15	78008843	1.01251	G	A	0.714306	0.958126	1.96433	1.6E-01	0.00916463	0.00635485	2.07979	1.5E-01	1.50015	2.2E-01
rs12914623	15	80993570	1.05801	G	C	0.732913	0.994175	2.18387	1.4E-01	-0.00830907	0.0063778	1.69731	1.9E-01	1.94987	1.6E-01
rs7168523	15	95263911	1.31585	C	T	0.355269	0.99653	0.00229315	9.6E-01	-0.00066571	0.00589533	0.0127513	9.1E-01	0.00867023	9.3E-01
rs1048786	16	336916	0.0036807	C	T	0.830941	1	1.46898	2.3E-01	0.0105758	0.00752113	1.97723	1.6E-01	2.59914	1.1E-01
rs2601773	16	4001898	0.0718473	C	A	0.503399	0.995484	0.362676	5.5E-01	-0.00379667	0.00564439	0.452451	5.0E-01	0.442287	5.1E-01
rs9934930	16	4902038	0.0862098	A	G	0.521116	0.994594	0.000480187	9.8E-01	-0.000127035	0.00567561	0.000500985	9.8E-01	0.0101429	9.2E-01
rs7187976	16	19708196	0.389763	A	G	0.820215	0.98274	0.926041	3.4E-01	-0.00720479	0.00738821	0.950965	3.3E-01	0.815096	3.7E-01
rs4238585	16	20255097	0.398011	C	T	0.13201	0.96298	0.554992	4.6E-01	-0.00566581	0.00847473	0.446964	5.0E-01	0.57308	4.5E-01
rs11074452	16	20370168	0.40198	C	G	0.490517	0.995812	0.586921	4.4E-01	-0.00457379	0.00565226	0.654799	4.2E-01	0.833438	3.6E-01
rs200539	16	24735178	0.466016	T	C	0.268765	0.996448	0.461946	5.0E-01	0.0041287	0.0063379	0.424363	5.1E-01	0.284198	5.9E-01
rs2650494	16	28318440	0.541911	A	G	0.581267	0.992404	0.50968	4.8E-01	-0.00468886	0.005718	0.672429	4.1E-01	0.767215	3.8E-01
rs4787483	16	29885447	0.552081	A	G	0.662227	1	0.241104	6.2E-01	-0.00214034	0.00596652	0.128683	7.2E-01	0.115513	7.3E-01
rs111886096	16	53598310	0.644304	A	G	0.862466	0.993464	1.23779	2.7E-01	0.0092198	0.00819921	1.26444	2.6E-01	1.27644	2.6E-01
rs7205986	16	53755146	0.644839	A	G	0.489919	0.988839	0.289286	5.9E-01	0.00425214	0.0056841	0.559618	4.5E-01	0.676575	4.1E-01
rs5011579	16	69187318	0.855228	C	G	0.2843	0.994942	0.986521	3.2E-01	-0.00553565	0.00626103	0.78171	3.8E-01	0.447106	5.0E-01
rs12924872	16	69552215	0.858355	C	T	0.533347	0.984378	2.47182	1.2E-01	0.00895124	0.00570309	2.46346	1.2E-01	2.4269	1.2E-01
rs811054	16	72251132	0.873381	C	T	0.462771	0.985658	0.50144	4.8E-01	0.0038083	0.00568872	0.44816	5.0E-01	0.188719	6.6E-01
rs12926506	16	81722413	1.05397	C	T	0.829273	0.984727	0.457881	5.0E-01	0.00464004	0.00754141	0.378563	5.4E-01	0.970778	3.2E-01
rs77081114	17	1816762	0.0641667	G	A	0.834903	1	0.0278246	8.7E-01	-0.00166816	0.00760063	0.0481702	8.3E-01	0.00214844	9.6E-01
rs3026101	17	5280440	0.136672	T	C	0.696449	0.998494	2.59711	1.1E-01	0.0100163	0.00614085	2.66049	1.0E-01	3.13868	7.6E-02
rs10491104	17	15884561	0.425342	C	T	0.468509	1	0.90433	3.4E-01	-0.00534832	0.00565141	0.895613	3.4E-01	0.511006	4.7E-01
rs9906072	17	21245687	0.471598	T	C	0.486625	0.873727	0.33549	5.6E-01	0.00424057	0.00604304	0.492422	4.8E-01	0.190587	6.6E-01
rs9904602	17	34835526	0.595066	T	A	0.482475	0.99641	0.000385823	9.8E-01	-3.8363e-05	0.0056465	4.61602e-05	9.9E-01	0.0392843	8.4E-01
rs7206971	17	45425115	0.69878	G	A	0.502321	0.997936	35.4597	2.6E-09	-0.03337	0.00563584	35.0585	3.2E-09	37.2513	1.0E-09
rs17616799	17	46039553	0.703155	A	G	0.898327	0.994334	0.990326	3.2E-01	0.0112556	0.00934298	1.45134	2.3E-01	1.7296	1.9E-01
rs55797392	17	47055622	0.707863	G	A	0.589793	0.985453	0.0353537	8.5E-01	0.000659006	0.00576363	0.0130734	9.1E-01	0.0227313	8.8E-01
rs17631394	17	61646000	0.886955	G	A	0.736546	0.99153	4.54994	3.3E-02	0.0138207	0.00642758	4.62347	3.2E-02	5.06587	2.4E-02
rs78196338	17	66973049	0.964759	G	A	0.960561	0.978498	32.2025	1.4E-08	-0.0849558	0.0145959	33.8786	5.9E-09	35.2858	2.8E-09
rs2619976	17	71754545	1.06134	C	T	0.589126	0.992569	2.76954	9.6E-02	0.00873616	0.00576271	2.29819	1.3E-01	3.98955	4.6E-02
rs4424946	17	78554888	1.24995	T	C	0.762112	0.998925	0.00908497	9.2E-01	6.11814e-05	0.00662153	8.53732e-05	9.9E-01	0.00856268	9.3E-01
rs4076427	17	79087537	1.26024	G	C	0.609873	0.985353	1.20751	2.7E-01	-0.0068531	0.00579492	1.39855	2.4E-01	0.726952	3.9E-01
rs1371274	18	1837007	0.0479005	A	C	0.863572	0.995553	0.394523	5.3E-01	0.00491329	0.00819748	0.359239	5.5E-01	0.501058	4.8E-01
rs11875960	18	21071925	0.432054	A	G	0.650113	0.974621	0.0097293	9.2E-01	-0.0007631	0.00598612	0.0162507	9.0E-01	0.072481	7.9E-01
rs9807506	18	39493911	0.604143	C	T	0.110516	0.995331	1.5007	2.2E-01	0.0111809	0.00900729	1.54087	2.1E-01	1.14229	2.9E-01
rs4890428	18	40697340	0.611694	G	T	0.5787	0.994435	4.57333	3.2E-02	0.0131206	0.00573389	5.2361	2.2E-02	7.16686	7.4E-03
rs7239114	18	45921214	0.66958	G	A	0.458185	0.985699	0.00613564	9.4E-01	8.04264e-05	0.00569658	0.000199328	9.9E-01	0.0147431	9.0E-01
rs72934723	18	53305311	0.747109	A	G	0.96095	0.966483	0.212335	6.4E-01	-0.00695017	0.0148006	0.220511	6.4E-01	0.0605644	8.1E-01
rs2187176	18	57679365	0.819838	A	G	0.309978	0.982596	0.0181332	8.9E-01	-0.000174434	0.00614868	0.000804815	9.8E-01	0.0261096	8.7E-01
rs117758180	18	57809744	0.821562	C	T	0.97678	1	0.237848	6.3E-01	-0.00886194	0.0187095	0.224354	6.4E-01	0.156353	6.9E-01
rs113268469	18	57862913	0.821729	C	T	0.982698	0.966786	1.8573	1.7E-01	-0.0288002	0.0219947	1.71457	1.9E-01	2.28086	1.3E-01
rs11668832	19	1812682	0.0683182	A	G	0.450689	0.989019	0.872273	3.5E-01	-0.00503211	0.00567458	0.786382	3.8E-01	1.26064	2.6E-01
rs72976986	19	4050424	0.142675	G	A	0.810758	0.984512	2.98577	8.4E-02	-0.0126206	0.0072501	3.03023	8.2E-02	3.61358	5.7E-02
rs112159161	19	11192603	0.31876	C	T	0.983126	0.950328	35.6958	2.3E-09	0.130641	0.0223268	34.2378	4.9E-09	34.4651	4.3E-09
rs2228603	19	19329924	0.461723	C	T	0.925348	1	28.0903	1.2E-07	0.0589382	0.0107248	30.2006	3.9E-08	31.2219	2.3E-08
rs12461902	19	30265235	0.512848	G	A	0.672506	0.985963	0.00541056	9.4E-01	6.15087e-06	0.00605115	1.03323e-06	1.0E+00	0.00516349	9.4E-01
rs11882409	19	34019685	0.562915	C	A	0.713772	0.966519	0.0150953	9.0E-01	-0.000860279	0.00632698	0.0184878	8.9E-01	0.0371795	8.5E-01
rs62116588	19	44446097	0.68736	C	G	0.976805	0.933368	42.8844	5.8E-11	0.126792	0.0193605	42.8896	5.8E-11	47.4188	5.7E-12
rs28550459	19	45037783	0.693461	T	A	0.964339	0.862461	35.2157	3.0E-09	0.0956181	0.0162848	34.4758	4.3E-09	34.5093	4.2E-09
rs73048351	19	45160086	0.697689	C	A	0.989712	0.91554	75.6416	3.4E-18	0.262167	0.0291879	80.6772	2.7E-19	80.2611	3.3E-19
rs139326841	19	45269725	0.701551	T	C	0.978636	0.821408	41.0645	1.5E-10	-0.135942	0.0213891	40.3945	2.1E-10	40.5574	1.9E-10
rs3745150	19	45385759	0.706836	G	C	0.607337	0.977556	87.5768	8.1E-21	-0.0545214	0.00583558	87.2903	9.4E-21	88.2492	5.8E-21
rs146390218	19	45478352	0.709104	A	G	0.973731	0.966351	198.601	4.2E-45	0.254671	0.0178764	202.954	4.7E-46	213.217	2.7E-48
rs141651018	19	46042665	0.717068	C	T	0.969731	0.964852	54.934	1.2E-13	0.125487	0.0166989	56.4705	5.7E-14	59.8782	1.0E-14
rs1884389	20	1410582	0.0620248	C	T	0.560429	0.990862	0.0466404	8.3E-01	-0.00120679	0.00570095	0.044809	8.3E-01	0.0370927	8.5E-01
rs1321453	20	6585670	0.214258	G	A	0.332006	0.979962	0.51714	4.7E-01	0.00463784	0.00605694	0.586308	4.4E-01	1.11131	2.9E-01
rs947088	20	17171373	0.411628	G	T	0.280165	0.992316	1.6975	1.9E-01	0.00836117	0.00630779	1.75703	1.8E-01	1.39967	2.4E-01
rs8116853	20	21439820	0.48109	A	G	0.902603	0.99434	0.363862	5.5E-01	-0.00526807	0.00951463	0.306562	5.8E-01	0.441941	5.1E-01
rs6142096	20	32686658	0.536502	G	A	0.481267	0.998195	0.00302337	9.6E-01	-0.00037396	0.00564976	0.00438116	9.5E-01	0.00247936	9.6E-01
rs11699260	20	50813508	0.791033	G	C	0.710789	0.999421	0.0012218	9.7E-01	9.54453e-05	0.00620484	0.000236618	9.9E-01	0.0631594	8.0E-01
rs2836753	21	40291187	0.447396	T	C	0.362883	0.999333	1.2288	2.7E-01	0.00702601	0.00585334	1.44082	2.3E-01	1.92171	1.7E-01
rs1964926	21	42653121	0.51205	A	G	0.35393	0.992207	0.044034	8.3E-01	-0.00188041	0.00592149	0.100842	7.5E-01	0.108198	7.4E-01
rs8130074	21	46498684	0.621941	C	G	0.35124	0.996511	0.113693	7.4E-01	-0.00229572	0.00591868	0.150448	7.0E-01	0.195721	6.6E-01
rs4820399	22	40546633	0.498151	C	T	0.4075	0.991505	0.0723703	7.9E-01	0.00179019	0.0057467	0.0970419	7.6E-01	0.394809	5.3E-01
rs13053342	22	48871624	0.664334	G	A	0.577345	0.990848	0.111204	7.4E-01	-0.00241917	0.00571832	0.178976	6.7E-01	0.0282634	8.7E-01
