SNP	CHR	BP	GENPOS	ALLELE1	ALLELE0	A1FREQ	INFO	CHISQ_LINREG	P_LINREG	BETA	SE	CHISQ_BOLT_LMM_INF	P_BOLT_LMM_INF	CHISQ_BOLT_LMM	P_BOLT_LMM
rs28788874	1	1520725	0.0141684	C	T	0.584735	0.768295	0.000535182	9.8E-01	0.00012613	0.00643982	0.000383608	9.8E-01	0.0547878	8.1E-01
rs28788874	1	1520725	0.0141684	C	T	0.584735	0.768295	0.000535182	9.8E-01	0.00012613	0.00643982	0.000383608	9.8E-01	0.0547878	8.1E-01
rs72634501	1	39551488	0.669558	T	C	0.760747	0.973003	16.0803	6.1E-05	0.0281553	0.00664507	17.9523	2.3E-05	20.1071	7.3E-06
rs7545034	1	47659445	0.739124	T	C	0.495311	0.986554	6.46375	1.1E-02	-0.0131941	0.00563461	5.4832	1.9E-02	4.4464	3.5E-02
rs7553454	1	49231261	0.759781	T	C	0.774904	0.984417	4.96454	2.6E-02	0.0142497	0.00672697	4.48713	3.4E-02	4.92496	2.6E-02
rs11591147	1	55505647	0.809828	G	T	0.982511	1	82.0336	1.3E-19	0.193564	0.0213174	82.4483	1.1E-19	82.7226	9.4E-20
rs2422134	1	72514701	1.03261	G	C	0.494392	0.995097	0.216268	6.4E-01	0.000707775	0.00559858	0.0159821	9.0E-01	0.116701	7.3E-01
rs6690871	1	74977277	1.04309	A	G	0.592502	0.986356	5.89132	1.5E-02	0.0133662	0.00573084	5.43978	2.0E-02	6.02521	1.4E-02
rs2247536	1	77919438	1.07305	G	C	0.734406	0.984022	0.440036	5.1E-01	-0.006009	0.00639027	0.884233	3.5E-01	0.837449	3.6E-01
rs1536023	1	96882019	1.26526	C	A	0.779556	0.988892	3.07566	7.9E-02	-0.0111656	0.00678947	2.70452	1.0E-01	2.87775	9.0E-02
rs10747488	1	98299475	1.27829	C	A	0.231417	0.993887	0.955808	3.3E-01	-0.00605548	0.00666372	0.825778	3.6E-01	1.23795	2.7E-01
rs920835	1	107946802	1.36667	G	A	0.707486	0.968585	0.00955758	9.2E-01	-0.000118661	0.00625408	0.000359986	9.8E-01	0.00111264	9.7E-01
rs4970834	1	109814880	1.38703	C	T	0.813975	0.988774	55.453	9.6E-14	0.0534489	0.00721824	54.8295	1.3E-13	54.0746	1.9E-13
rs4357530	1	151103153	1.65977	G	A	0.321207	0.991504	0.238126	6.3E-01	-0.00209539	0.00601775	0.121244	7.3E-01	0.243727	6.2E-01
rs148261599	1	155253286	1.69959	C	G	0.796018	0.939661	0.0814022	7.8E-01	-0.000394135	0.00713927	0.00304777	9.6E-01	0.0314581	8.6E-01
rs12565430	1	174400537	1.95129	G	A	0.890495	0.989663	0.761621	3.8E-01	-0.00636279	0.00897915	0.502139	4.8E-01	0.502729	4.8E-01
rs10913418	1	177755299	1.98687	C	A	0.596511	0.989574	0.000790985	9.8E-01	0.00032657	0.00573156	0.00324643	9.5E-01	0.00675706	9.3E-01
rs1359940	1	177848153	1.98809	T	C	0.542981	0.978287	6.5926	1.0E-02	-0.0133801	0.0056797	5.54964	1.8E-02	5.72826	1.7E-02
rs9425633	1	184657251	2.05452	T	C	0.517837	0.997773	3.7095	5.4E-02	0.010342	0.00559664	3.41473	6.5E-02	4.99533	2.5E-02
rs10801363	1	194922207	2.13186	T	A	0.632532	0.99595	0.210768	6.5E-01	-0.00232301	0.0058072	0.160017	6.9E-01	0.398883	5.3E-01
rs2494116	1	201784151	2.19723	G	A	0.451622	0.998902	0.53331	4.7E-01	0.00226631	0.00561283	0.163032	6.9E-01	0.0710638	7.9E-01
rs12042959	1	243533273	2.82744	A	G	0.856757	0.985729	0.242187	6.2E-01	-0.00467425	0.00802222	0.339497	5.6E-01	0.376357	5.4E-01
rs6548228	2	345889	0.00380575	T	C	0.476197	0.997111	27.1923	1.8E-07	-0.0282919	0.00560497	25.4787	4.5E-07	23.9497	9.9E-07
rs2667214	2	449487	0.00560823	A	G	0.676488	0.984343	0.944674	3.3E-01	0.00455503	0.00603193	0.570255	4.5E-01	0.350062	5.5E-01
rs10176391	2	574368	0.00678655	C	G	0.988537	0.920209	0.271336	6.0E-01	-0.00853309	0.0273568	0.097293	7.6E-01	0.0779762	7.8E-01
rs531819	2	21263639	0.42017	T	G	0.149451	0.98456	26.3807	2.8E-07	-0.0431173	0.00788731	29.8845	4.6E-08	31.3282	2.2E-08
rs75971153	2	24689143	0.455958	T	C	0.805299	0.974205	3.0707	8.0E-02	-0.0122167	0.00715235	2.9175	8.8E-02	4.18498	4.1E-02
rs75503394	2	25155419	0.457101	C	T	0.904575	0.987449	8.95513	2.8E-03	0.0273696	0.00955896	8.19814	4.2E-03	8.29909	4.0E-03
rs10048652	2	35449306	0.577825	T	C	0.438309	0.999392	0.0199764	8.9E-01	-0.000413912	0.0056448	0.00537673	9.4E-01	0.000719729	9.8E-01
rs56266464	2	44054991	0.686489	G	A	0.939556	0.986548	31.2849	2.2E-08	0.0681003	0.0118274	33.1528	8.5E-09	36.4976	1.5E-09
rs698838	2	44738763	0.693339	C	T	0.374359	1	1.67003	2.0E-01	0.00727554	0.00578067	1.58407	2.1E-01	1.84981	1.7E-01
rs3198123	2	55207693	0.827446	C	T	0.698625	0.993954	2.07001	1.5E-01	-0.0104147	0.00611971	2.89624	8.9E-02	3.24438	7.2E-02
rs13032423	2	57992112	0.847237	G	A	0.445418	0.996747	0.58551	4.4E-01	-0.00528101	0.00564334	0.875713	3.5E-01	0.859534	3.5E-01
rs55767040	2	58955028	0.850031	T	C	0.699424	0.989049	6.53086	1.1E-02	0.0142971	0.00614633	5.41085	2.0E-02	5.15561	2.3E-02
rs980183	2	59311536	0.858192	G	A	0.398003	0.996406	10.1149	1.5E-03	-0.017668	0.00571989	9.54112	2.0E-03	9.45191	2.1E-03
rs7557796	2	86766153	1.16162	T	C	0.352323	0.999778	0.920272	3.4E-01	-0.00640336	0.0058563	1.19556	2.7E-01	1.49129	2.2E-01
rs13023088	2	100576304	1.22131	C	T	0.849851	0.99385	4.69312	3.0E-02	-0.0164582	0.00783886	4.40816	3.6E-02	4.48307	3.4E-02
rs9308868	2	104361420	1.24985	G	A	0.475644	0.997977	0.439882	5.1E-01	0.00390611	0.00561234	0.484396	4.9E-01	0.185403	6.7E-01
rs1349512	2	105435369	1.26243	T	C	0.689911	0.999103	0.656167	4.2E-01	0.00393791	0.00603845	0.425286	5.1E-01	0.37393	5.4E-01
rs1530559	2	135755629	1.58463	A	G	0.600693	1	24.3999	7.8E-07	-0.0220863	0.00566239	15.2141	9.6E-05	14.7807	1.2E-04
rs2034604	2	143958745	1.64938	C	T	0.463349	0.997459	3.90365	4.8E-02	-0.0123284	0.00561662	4.81795	2.8E-02	4.15477	4.2E-02
rs12692596	2	161265910	1.78694	C	T	0.629192	0.996301	5.04085	2.5E-02	0.0115824	0.00577452	4.02313	4.5E-02	3.28691	7.0E-02
rs12328675	2	165540800	1.81492	T	C	0.879644	0.99881	10.3625	1.3E-03	-0.0267013	0.00857963	9.68565	1.9E-03	10.7015	1.1E-03
rs6745626	2	181436641	2.00364	C	T	0.408617	0.996845	0.0143029	9.0E-01	0.000713104	0.00569582	0.0156745	9.0E-01	0.0140356	9.1E-01
rs6743255	2	205363596	2.17314	A	G	0.119725	1	0.171694	6.8E-01	-0.00278334	0.00859615	0.104839	7.5E-01	0.0120361	9.1E-01
rs13000757	2	207145906	2.20108	G	T	0.495484	0.995817	3.59382	5.8E-02	0.00926445	0.00561361	2.72368	9.9E-02	1.97312	1.6E-01
rs11692326	2	208263279	2.21189	C	T	0.770028	0.999964	0.176154	6.7E-01	0.000895129	0.00663006	0.0182279	8.9E-01	0.000181029	9.9E-01
rs2138157	2	227103717	2.44259	A	C	0.352467	0.998364	26.5211	2.6E-07	0.0323988	0.00583783	30.8004	2.9E-08	30.2718	3.8E-08
rs12611517	2	228977034	2.47863	T	A	0.656814	0.999378	11.5314	6.8E-04	0.0206147	0.00588739	12.2605	4.6E-04	10.7939	1.0E-03
rs12473885	2	230569590	2.5018	G	T	0.878273	0.993886	0.0760288	7.8E-01	-0.00322549	0.00855837	0.142039	7.1E-01	0.158697	6.9E-01
rs13098833	3	20428568	0.395393	A	G	0.723663	0.994024	0.86009	3.5E-01	0.00372964	0.00629848	0.35064	5.5E-01	0.242658	6.2E-01
rs754635	3	42305131	0.652861	C	G	0.112989	0.99768	0.197015	6.6E-01	0.00217009	0.00880795	0.0607026	8.1E-01	0.221846	6.4E-01
rs72906474	3	47817007	0.688057	G	T	0.417107	0.973948	2.17148	1.4E-01	-0.00826343	0.0057504	2.06502	1.5E-01	2.63542	1.0E-01
rs71326904	3	49991060	0.690403	C	T	0.749113	0.999883	3.874	4.9E-02	0.0119618	0.00645521	3.43376	6.4E-02	3.50684	6.1E-02
rs1371095	3	61147530	0.807508	A	G	0.581645	0.99157	1.06327	3.0E-01	0.00540955	0.0056978	0.901379	3.4E-01	0.923675	3.4E-01
rs9874646	3	62462818	0.82936	C	T	0.314458	0.963027	1.06242	3.0E-01	-0.00718632	0.0061413	1.36928	2.4E-01	0.925312	3.4E-01
rs7430139	3	82504148	1.08216	A	G	0.834726	1	0.162725	6.9E-01	-0.00351692	0.00754921	0.217031	6.4E-01	0.0265682	8.7E-01
rs1248859	3	85017098	1.08828	G	C	0.331024	0.996188	1.22873	2.7E-01	0.006481	0.00596023	1.18238	2.8E-01	2.00218	1.6E-01
rs9857105	3	93893210	1.10433	A	G	0.459959	0.997124	0.0240771	8.8E-01	-0.000748934	0.00563171	0.0176851	8.9E-01	0.170108	6.8E-01
rs11917909	3	107864673	1.2019	G	A	0.64971	0.995989	2.27203	1.3E-01	-0.00969662	0.00586322	2.73507	9.8E-02	1.86785	1.7E-01
rs2037001	3	131458973	1.44255	C	G	0.708207	0.979412	0.0493203	8.2E-01	-0.00120591	0.00622075	0.0375791	8.5E-01	4.28582e-06	1.0E+00
rs9827662	3	135710841	1.49347	C	A	0.75398	0.999173	0.0370901	8.5E-01	0.000362486	0.00649094	0.00311866	9.6E-01	0.135385	7.1E-01
rs355786	3	153990749	1.684	G	A	0.607502	0.999005	0.732177	3.9E-01	-0.00433263	0.00574487	0.568778	4.5E-01	1.08487	3.0E-01
rs1604038	3	170709193	1.7983	C	T	0.714201	0.999363	7.70799	5.5E-03	0.0175546	0.00618288	8.06123	4.5E-03	6.88599	8.7E-03
rs9867130	3	185729753	2.0208	A	G	0.141676	0.965346	0.217899	6.4E-01	-0.00207687	0.00818687	0.0643553	8.0E-01	0.169054	6.8E-01
rs11736501	4	18451423	0.339653	A	C	0.680338	0.997158	2.25279	1.3E-01	0.00886385	0.00599676	2.1848	1.4E-01	2.86238	9.1E-02
rs73244271	4	20091053	0.357316	A	G	0.887469	0.995322	4.62367	3.2E-02	0.0187736	0.00889682	4.45273	3.5E-02	2.96382	8.5E-02
rs6849555	4	25150890	0.433804	G	C	0.799698	0.94032	2.1582	1.4E-01	-0.0116029	0.00720705	2.59192	1.1E-01	2.39706	1.2E-01
rs4623046	4	45042343	0.679347	G	A	0.33237	0.994028	1.35608	2.4E-01	-0.00627611	0.00594314	1.11519	2.9E-01	1.07396	3.0E-01
rs6829208	4	52728640	0.6941	T	C	0.726338	0.99807	0.143872	7.0E-01	0.00179117	0.00626885	0.0816387	7.8E-01	0.14405	7.0E-01
rs6815651	4	55487718	0.714225	C	T	0.450226	0.994486	7.36462	6.7E-03	-0.0170443	0.00562764	9.17288	2.5E-03	9.01628	2.7E-03
rs923994	4	67802992	0.836181	A	G	0.217153	0.992221	1.04853	3.1E-01	-0.00555393	0.00678592	0.669859	4.1E-01	0.534043	4.6E-01
rs12645001	4	96018337	1.09763	G	A	0.650874	0.99796	2.78072	9.5E-02	0.00931641	0.00586453	2.52366	1.1E-01	2.01972	1.6E-01
rs13105682	4	102702364	1.15516	T	G	0.941406	0.93989	14.9974	1.1E-04	0.0456781	0.0122867	13.8211	2.0E-04	14.0331	1.8E-04
rs11728213	4	113309647	1.25168	G	A	0.683684	0.99931	0.00508921	9.4E-01	0.00196224	0.00602378	0.106112	7.4E-01	0.411974	5.2E-01
rs1296328	4	137083193	1.44321	A	C	0.440098	0.99123	0.0627116	8.0E-01	-0.000486406	0.0056838	0.00732354	9.3E-01	0.0634309	8.0E-01
rs4863516	4	140773770	1.49281	T	C	0.672112	0.999318	0.219948	6.4E-01	-0.00171074	0.00595219	0.0826063	7.7E-01	0.0762316	7.8E-01
rs750090	4	152931436	1.59021	T	C	0.646587	0.97605	1.47333	2.2E-01	0.00796213	0.0058908	1.82688	1.8E-01	0.956869	3.3E-01
rs13110266	4	162129844	1.69444	G	A	0.582061	0.993805	0.245694	6.2E-01	-0.00262259	0.00568136	0.213087	6.4E-01	0.0890519	7.7E-01
rs4597930	5	27171542	0.425308	T	C	0.71786	0.997265	0.644015	4.2E-01	-0.00461244	0.00623197	0.547785	4.6E-01	0.722959	4.0E-01
rs6451675	5	43110855	0.62057	C	G	0.307452	0.990847	1.43799	2.3E-01	0.00694601	0.00607849	1.30581	2.5E-01	1.59759	2.1E-01
rs3843467	5	55856375	0.681472	G	T	0.792691	0.997784	34.4384	4.4E-09	0.0407946	0.00689217	35.0342	3.2E-09	34.8704	3.5E-09
rs6449674	5	62995938	0.739824	T	C	0.52251	0.996207	1.62426	2.0E-01	0.00745317	0.00560824	1.76615	1.8E-01	1.42616	2.3E-01
rs4072296	5	74242002	0.858799	T	C	0.46019	0.938263	22.4591	2.1E-06	-0.0267941	0.00579122	21.4062	3.7E-06	23.614	1.2E-06
rs11740689	5	80841360	0.956164	A	C	0.681749	0.9953	0.189499	6.6E-01	0.00264052	0.00600998	0.193034	6.6E-01	0.243523	6.2E-01
rs77156384	5	87709219	1.01438	A	G	0.979071	1	0.0020703	9.6E-01	0.00260496	0.0195634	0.0177302	8.9E-01	0.00348907	9.5E-01
rs7701355	5	88804839	1.01946	G	T	0.578544	0.999666	0.285232	5.9E-01	0.00238883	0.00567398	0.177254	6.7E-01	0.425275	5.1E-01
rs6885199	5	92574633	1.04879	G	A	0.9622	1	0.486875	4.9E-01	-0.0121069	0.0146642	0.681635	4.1E-01	0.332341	5.6E-01
rs12186664	5	95630225	1.07202	A	T	0.684284	0.993149	0.108916	7.4E-01	-0.00115056	0.00602851	0.0364248	8.5E-01	0.0811398	7.8E-01
rs1835978	5	107265051	1.15538	T	C	0.111179	0.976322	0.539977	4.6E-01	0.00568229	0.00899425	0.399132	5.3E-01	0.814767	3.7E-01
rs459552	5	112176756	1.19663	T	A	0.232844	1	2.96933	8.5E-02	-0.0117028	0.00660723	3.13721	7.7E-02	4.34189	3.7E-02
rs329120	5	133861756	1.41589	C	T	0.579716	0.996967	1.56401	2.1E-01	-0.00680433	0.00568036	1.43489	2.3E-01	0.650162	4.2E-01
rs356453	5	139053563	1.4578	G	A	0.669183	0.993285	5.57787	1.8E-02	0.0156334	0.00595633	6.88891	8.7E-03	7.45869	6.3E-03
rs2190788	5	144484261	1.52142	G	T	0.681254	0.989372	0.224708	6.4E-01	0.0038714	0.00605381	0.408958	5.2E-01	0.556735	4.6E-01
rs7701886	5	153547409	1.6413	G	A	0.45336	0.99206	3.355	6.7E-02	0.00957706	0.00564448	2.87883	9.0E-02	2.63682	1.0E-01
rs2287894	5	170322919	1.86356	T	A	0.272401	0.998905	1.60235	2.1E-01	0.00849641	0.00629257	1.82312	1.8E-01	2.7011	1.0E-01
rs10947758	6	12093961	0.272682	T	C	0.645937	0.995017	0.29188	5.9E-01	-0.00300346	0.00587192	0.261628	6.1E-01	0.276971	6.0E-01
rs9357634	6	13192190	0.290983	T	C	0.701576	0.98883	4.25742	3.9E-02	-0.0119797	0.00615335	3.79023	5.2E-02	3.68792	5.5E-02
rs3806114	6	20482335	0.408974	G	A	0.330694	0.979566	6.89954	8.6E-03	-0.0140765	0.00601602	5.4748	1.9E-02	5.44887	2.0E-02
rs2768	6	31321856	0.512785	A	G	0.749612	0.995049	0.0220064	8.8E-01	-0.00308153	0.00648195	0.226006	6.3E-01	0.47523	4.9E-01
rs2260051	6	31591918	0.515519	A	T	0.438115	0.999979	0.142906	7.1E-01	0.00392947	0.00562987	0.487159	4.9E-01	0.307667	5.8E-01
rs57493997	6	34443523	0.547182	T	C	0.907375	0.988432	7.75089	5.4E-03	0.029088	0.00969896	8.99451	2.7E-03	10.0223	1.5E-03
rs35679149	6	43604167	0.672046	A	G	0.973525	1	0.835667	3.6E-01	-0.0148907	0.0174461	0.728508	3.9E-01	0.342164	5.6E-01
rs4714925	6	46304194	0.722787	A	G	0.493044	0.998125	0.846032	3.6E-01	-0.00691847	0.00560175	1.52537	2.2E-01	2.06112	1.5E-01
rs9473821	6	50356035	0.748721	T	C	0.122366	0.995677	0.0180673	8.9E-01	-0.00196139	0.00855381	0.0525784	8.2E-01	0.00229349	9.6E-01
rs1369869	6	83366282	0.934423	C	T	0.558841	0.987317	1.52785	2.2E-01	0.00686515	0.0056694	1.46631	2.3E-01	1.87741	1.7E-01
rs6905544	6	98411631	1.06235	A	G	0.398807	0.997318	2.50314	1.1E-01	0.00941135	0.00572187	2.70538	1.0E-01	3.38188	6.6E-02
rs1575676	6	108861264	1.17848	C	T	0.628148	0.997454	1.10428	2.9E-01	0.00608578	0.0057806	1.10838	2.9E-01	0.566708	4.5E-01
rs9387640	6	119508871	1.25792	C	T	0.635398	1	6.68587	9.7E-03	-0.015016	0.00582527	6.64472	9.9E-03	8.35207	3.9E-03
rs198665	6	143154886	1.51958	C	A	0.629508	0.991725	2.78236	9.5E-02	0.0108029	0.00582194	3.44304	6.4E-02	3.09011	7.9E-02
rs7755574	6	153364643	1.66311	G	T	0.718151	0.997121	7.13224	7.6E-03	0.0164987	0.00625677	6.95347	8.4E-03	7.0942	7.7E-03
rs13209728	6	162997533	1.81843	A	C	0.861097	0.999607	0.194687	6.6E-01	-0.00351009	0.00809491	0.188024	6.6E-01	0.0837424	7.7E-01
rs11767176	7	1852823	0.0275939	G	A	0.78849	0.994823	0.0157045	9.0E-01	0.000427875	0.00684835	0.00390357	9.5E-01	0.086168	7.7E-01
rs4307239	7	24354300	0.415589	A	G	0.540084	0.99283	1.45391	2.3E-01	0.00873418	0.00563046	2.40634	1.2E-01	2.92263	8.7E-02
rs4722551	7	25991826	0.440521	T	C	0.842812	1	44.2514	2.9E-11	-0.0522234	0.0076613	46.4649	9.3E-12	46.4654	9.3E-12
rs3807566	7	50564204	0.76671	G	T	0.56098	0.994523	0.178657	6.7E-01	-0.00269286	0.00564323	0.227704	6.3E-01	0.182331	6.7E-01
rs4718966	7	70040558	0.868636	C	T	0.584999	0.992694	2.82663	9.3E-02	0.00807538	0.00571094	1.99945	1.6E-01	1.77864	1.8E-01
rs10950289	7	71429308	0.890251	A	G	0.837402	0.9787	0.857681	3.5E-01	-0.00631993	0.00765139	0.682251	4.1E-01	0.840919	3.6E-01
rs6964833	7	74101909	0.91305	T	C	0.742216	0.9996	0.220201	6.4E-01	0.00130756	0.00640568	0.0416672	8.4E-01	0.20846	6.5E-01
rs7805441	7	78121458	0.952449	C	T	0.496028	0.987826	1.64046	2.0E-01	0.00709883	0.00564983	1.57871	2.1E-01	1.26549	2.6E-01
rs16868443	7	93206264	1.0947	G	C	0.638366	0.996209	0.769534	3.8E-01	-0.00442596	0.00581788	0.578743	4.5E-01	0.352556	5.5E-01
rs17155888	7	103416295	1.18694	T	A	0.573633	0.98913	1.96144	1.6E-01	0.00837896	0.00568922	2.16908	1.4E-01	1.55326	2.1E-01
rs7788008	7	112972483	1.29323	G	A	0.566242	0.997606	0.416445	5.2E-01	-0.00374173	0.00564404	0.439506	5.1E-01	0.61393	4.3E-01
rs12705908	7	113422504	1.29936	A	G	0.435782	0.999217	1.02264	3.1E-01	-0.00639968	0.00564162	1.28679	2.6E-01	0.85736	3.5E-01
rs1563408	7	114303189	1.30467	G	A	0.518625	0.9976	1.6029	2.1E-01	0.00540239	0.00560426	0.929255	3.4E-01	1.00331	3.2E-01
rs2968856	7	150614934	1.67963	T	C	0.750666	0.995794	0.0237917	8.8E-01	-0.00105185	0.00648659	0.0262948	8.7E-01	0.0787308	7.8E-01
rs2921077	8	8304502	0.239157	G	A	0.535755	0.992952	4.71152	3.0E-02	-0.0126747	0.0056492	5.03383	2.5E-02	3.95265	4.7E-02
rs330096	8	9171595	0.251664	G	C	0.75605	0.971568	44.0088	3.3E-11	0.0434841	0.00659768	43.4388	4.4E-11	44.6802	2.3E-11
rs2119693	8	19720395	0.471068	G	T	0.142689	0.971581	33.5357	7.0E-09	0.0470817	0.00811702	33.6443	6.6E-09	32.8871	9.8E-09
rs1362910	8	30856464	0.645028	A	G	0.419317	0.991461	1.51991	2.2E-01	-0.00658315	0.0056675	1.34922	2.5E-01	1.67376	2.0E-01
rs12681792	8	62054463	0.850895	C	A	0.807401	0.990908	0.323737	5.7E-01	0.0029212	0.00713999	0.167389	6.8E-01	0.2124	6.4E-01
rs7822926	8	64701966	0.867188	A	C	0.529208	0.995395	3.31182	6.9E-02	-0.0110454	0.00562081	3.8616	4.9E-02	4.39759	3.6E-02
rs2017657	8	73426371	0.974058	G	T	0.427149	1	5.79605	1.6E-02	-0.013776	0.00567146	5.90001	1.5E-02	4.07254	4.4E-02
rs2943611	8	76473939	1.00704	T	C	0.203974	0.993157	2.33679	1.3E-01	0.0107487	0.00695839	2.38614	1.2E-01	2.33823	1.3E-01
rs9298280	8	77329753	1.00881	T	G	0.287889	0.987301	5.00435	2.5E-02	0.0133251	0.00620068	4.6181	3.2E-02	4.65296	3.1E-02
rs1180626	8	116476393	1.31509	G	A	0.224213	0.994168	0.713759	4.0E-01	-0.00532196	0.0067484	0.62193	4.3E-01	0.768454	3.8E-01
rs4871603	8	126480367	1.4532	C	T	0.344311	0.998879	28.2401	1.1E-07	-0.0332976	0.00589401	31.9157	1.6E-08	32.1018	1.5E-08
rs10124645	9	11321119	0.255592	A	G	0.589801	0.991792	0.661885	4.2E-01	-0.00376914	0.00573165	0.43244	5.1E-01	0.29079	5.9E-01
rs2457637	9	15533394	0.341722	T	C	0.512743	0.988377	0.0261892	8.7E-01	0.000551021	0.00561961	0.00961444	9.2E-01	0.0251647	8.7E-01
rs6476065	9	28403813	0.542923	C	T	0.423663	0.971482	2.50346	1.1E-01	0.00744508	0.00573006	1.68818	1.9E-01	1.54436	2.1E-01
rs12345603	9	29601893	0.557517	C	T	0.574964	0.971878	5.44662	2.0E-02	0.0152853	0.00574059	7.0898	7.8E-03	7.35456	6.7E-03
rs868980	9	92140852	1.08916	A	G	0.764207	0.992973	7.24948	7.1E-03	0.0183692	0.00660772	7.72821	5.4E-03	5.85464	1.6E-02
rs7873003	9	96392945	1.13399	T	C	0.320009	0.990354	0.489225	4.8E-01	-0.00523906	0.0060238	0.756424	3.8E-01	0.982092	3.2E-01
rs1852865	9	102750138	1.19624	C	T	0.434954	0.999839	1.18372	2.8E-01	-0.00574467	0.00565831	1.03076	3.1E-01	0.727812	3.9E-01
rs112853430	9	107585213	1.24024	C	T	0.961509	1	39.7281	2.9E-10	-0.0905593	0.0145425	38.7783	4.7E-10	37.709	8.2E-10
rs7024334	9	109072075	1.25943	T	G	0.221004	0.999349	4.84082	2.8E-02	-0.0146178	0.00673758	4.70711	3.0E-02	4.42056	3.6E-02
rs1252008	9	120362838	1.43341	T	C	0.568657	0.998833	0.37547	5.4E-01	0.00505179	0.00563839	0.80275	3.7E-01	0.677385	4.1E-01
rs3829849	9	129390800	1.5324	C	T	0.630889	0.998111	4.2948	3.8E-02	0.0114649	0.00579877	3.90904	4.8E-02	3.47917	6.2E-02
rs10733682	9	129460914	1.5336	A	G	0.474217	0.966242	0.0402137	8.4E-01	-0.000954282	0.00567333	0.0282929	8.7E-01	0.00426335	9.5E-01
rs2267958	9	131015279	1.55043	G	A	0.485563	0.958689	2.5925	1.1E-01	0.00894791	0.00572506	2.44277	1.2E-01	2.19443	1.4E-01
rs10159545	10	21766969	0.466662	C	G	0.649246	0.986543	2.44411	1.2E-01	0.0102451	0.0058922	3.02329	8.2E-02	3.2596	7.1E-02
rs12762034	10	33969931	0.621029	T	C	0.92272	0.998956	2.5702	1.1E-01	0.0199146	0.0104681	3.61915	5.7E-02	3.18764	7.4E-02
rs4595495	10	53673286	0.748363	A	G	0.58387	0.998015	4.31571	3.8E-02	0.0112531	0.00569968	3.89801	4.8E-02	3.38682	6.6E-02
rs4746855	10	64822828	0.870307	G	A	0.596714	1	4.42339	3.5E-02	-0.0105914	0.00571511	3.43448	6.4E-02	4.34358	3.7E-02
rs12098284	10	76047464	0.999816	C	T	0.877434	0.998637	0.0535536	8.2E-01	0.000675239	0.00853662	0.00625666	9.4E-01	0.0623143	8.0E-01
rs1249156	10	79979737	1.04291	T	C	0.294183	0.999324	1.05563	3.0E-01	-0.00577525	0.00614554	0.883122	3.5E-01	0.627201	4.3E-01
rs12245654	10	87562928	1.13739	A	C	0.927047	0.984714	4.65326	3.1E-02	0.0233156	0.0108323	4.63291	3.1E-02	3.19477	7.4E-02
rs472576	10	99694970	1.2698	G	C	0.540757	0.96945	0.0765099	7.8E-01	-0.0019701	0.00569099	0.11984	7.3E-01	0.0152858	9.0E-01
rs4074720	10	114748497	1.39784	C	T	0.534572	0.984751	0.795209	3.7E-01	0.00508877	0.00564467	0.812732	3.7E-01	0.966237	3.3E-01
rs72828935	10	126587488	1.61238	G	C	0.716689	0.993686	11.264	7.9E-04	0.0206535	0.00622743	10.9994	9.1E-04	11.5503	6.8E-04
rs12778347	10	133978806	1.80077	G	T	0.423877	0.999758	0.00366504	9.5E-01	-0.00175093	0.00566013	0.0956942	7.6E-01	0.117821	7.3E-01
rs12802861	11	8387806	0.188896	C	T	0.71326	0.995592	0.271677	6.0E-01	-0.00295654	0.00619636	0.227664	6.3E-01	0.23135	6.3E-01
rs7942486	11	13288698	0.267633	G	T	0.432178	0.998702	7.12791	7.6E-03	0.0144486	0.00565402	6.53033	1.1E-02	6.08616	1.4E-02
rs12791818	11	27277760	0.463075	A	G	0.918985	0.937343	10.6517	1.1E-03	-0.0339026	0.010595	10.2392	1.4E-03	10.847	9.9E-04
rs2679059	11	43599791	0.621966	A	T	0.402252	0.990165	3.9237	4.8E-02	-0.0108661	0.00574957	3.57172	5.9E-02	3.64482	5.6E-02
rs11038428	11	45404318	0.657443	G	T	0.717407	0.990678	1.46478	2.3E-01	-0.00736556	0.00623181	1.39695	2.4E-01	1.65784	2.0E-01
rs35184771	11	47475189	0.665304	G	T	0.648082	0.998878	23.8753	1.0E-06	0.0281807	0.00584993	23.206	1.5E-06	23.8342	1.0E-06
rs198465	11	61521318	0.70311	G	A	0.522964	0.996751	38.8153	4.7E-10	-0.0338765	0.00561786	36.3627	1.6E-09	39.1125	4.0E-10
rs4564341	11	61573540	0.704001	C	T	0.928009	0.991114	81.8765	1.4E-19	0.0992226	0.010839	83.8001	5.5E-20	86.1463	1.7E-20
rs11549690	11	63991581	0.731065	G	A	0.922817	1	5.15338	2.3E-02	-0.0251046	0.0104849	5.73301	1.7E-02	5.6487	1.7E-02
rs667515	11	69449076	0.766481	G	C	0.61173	0.990296	0.100986	7.5E-01	-0.00200697	0.00574473	0.122052	7.3E-01	0.0930612	7.6E-01
rs2605603	11	93221105	1.00432	G	A	0.520259	0.995512	0.289161	5.9E-01	-0.00287771	0.00557767	0.266188	6.1E-01	0.758918	3.8E-01
rs4937870	11	112826709	1.19814	A	G	0.689169	0.983578	1.61948	2.0E-01	0.00686075	0.00608628	1.27069	2.6E-01	0.921215	3.4E-01
rs2187986	11	115001410	1.23045	G	A	0.524684	0.965018	0.516378	4.7E-01	0.00398418	0.00570649	0.487462	4.9E-01	0.573108	4.5E-01
rs501351	11	118917814	1.29362	T	G	0.605774	0.997555	3.79287	5.1E-02	0.0103751	0.00572431	3.28501	7.0E-02	3.28583	7.0E-02
rs7941030	11	122522375	1.35839	T	C	0.616205	1	0.872427	3.5E-01	-0.00664791	0.00577023	1.32734	2.5E-01	1.03934	3.1E-01
rs4366492	11	130717256	1.51227	T	C	0.474614	0.99465	0.140436	7.1E-01	-0.0021415	0.0055923	0.146641	7.0E-01	0.166102	6.8E-01
rs10894604	11	132641746	1.55638	T	G	0.652028	1	0.583352	4.5E-01	-0.00395299	0.00586826	0.453768	5.0E-01	0.290199	5.9E-01
rs11064524	12	889902	0.0208303	T	G	0.758532	1	0.0926921	7.6E-01	0.00102692	0.00652169	0.0247942	8.7E-01	0.0030365	9.6E-01
rs7976757	12	19207948	0.354438	T	C	0.171206	0.989812	0.601754	4.4E-01	0.00711841	0.00744533	0.914108	3.4E-01	1.65885	2.0E-01
rs16926776	12	24001905	0.419584	C	T	0.922961	1	0.7176	4.0E-01	-0.00513092	0.0105123	0.23823	6.3E-01	0.184937	6.7E-01
rs11181001	12	41948196	0.563104	A	G	0.469108	0.977653	0.103149	7.5E-01	-0.000897001	0.00565136	0.025193	8.7E-01	0.0866015	7.7E-01
rs2720296	12	50169070	0.630128	G	A	0.609632	0.950295	0.376711	5.4E-01	-0.00139886	0.00589147	0.056377	8.1E-01	0.322118	5.7E-01
rs11173522	12	60953472	0.741724	C	A	0.784532	0.998242	0.966794	3.3E-01	0.00632804	0.0068217	0.860504	3.5E-01	1.12961	2.9E-01
rs317646	12	69657145	0.849888	G	A	0.275066	0.99846	2.51115	1.1E-01	-0.0129705	0.00627628	4.27081	3.9E-02	3.92784	4.7E-02
rs704067	12	89726027	1.03172	G	A	0.545146	0.989595	0.162268	6.9E-01	-0.00163454	0.00566281	0.0833161	7.7E-01	0.239342	6.2E-01
rs591776	12	99538895	1.16639	C	T	0.364365	0.994453	2.86745	9.0E-02	-0.0114821	0.00583258	3.87542	4.9E-02	3.2264	7.2E-02
rs4433630	12	103650031	1.2114	T	C	0.48744	0.978156	0.104417	7.5E-01	0.0019402	0.00564028	0.118329	7.3E-01	0.0429117	8.4E-01
rs11832936	12	110549533	1.29782	A	C	0.610247	0.999756	2.3635	1.2E-01	0.00819227	0.0057602	2.0227	1.5E-01	1.89313	1.7E-01
rs111828690	12	117576767	1.39704	C	T	0.779464	0.990204	1.85419	1.7E-01	0.00715966	0.00681369	1.10413	2.9E-01	1.67729	2.0E-01
rs144713920	12	122485389	1.46548	C	G	0.945974	0.956209	0.0446488	8.3E-01	0.00135	0.0126508	0.0113877	9.2E-01	0.000266232	9.9E-01
rs12317176	12	124404718	1.4789	T	C	0.662157	0.998072	4.25771	3.9E-02	-0.0118062	0.00590271	4.0005	4.5E-02	5.28542	2.2E-02
rs9579775	13	20616557	0.0139469	A	C	0.863467	0.926233	0.62562	4.3E-01	-0.00660072	0.00848041	0.605829	4.4E-01	0.323997	5.7E-01
rs4771218	13	28655311	0.212187	G	A	0.373005	0.991013	0.490359	4.8E-01	-0.00586799	0.00581234	1.01924	3.1E-01	1.27378	2.6E-01
rs9591001	13	33042870	0.304346	G	A	0.634695	0.994769	3.55682	5.9E-02	-0.0111247	0.00584235	3.62577	5.7E-02	2.98361	8.4E-02
rs9568856	13	54064981	0.568758	G	A	0.871723	1	0.387799	5.3E-01	0.00576917	0.00837439	0.474592	4.9E-01	0.235849	6.3E-01
rs6561937	13	58257667	0.585042	T	A	0.243776	0.993408	6.4591	1.1E-02	-0.0151122	0.00655249	5.31912	2.1E-02	6.67491	9.8E-03
rs1413125	13	59260131	0.587755	G	T	0.574048	0.994453	0.923819	3.4E-01	-0.00640727	0.00568369	1.27082	2.6E-01	1.38956	2.4E-01
rs1441264	13	79580919	0.787841	G	A	0.406364	0.956515	1.08582	3.0E-01	0.0072113	0.00580314	1.54419	2.1E-01	1.83584	1.8E-01
rs61969477	13	86477950	0.835644	T	C	0.717214	0.998003	0.530287	4.7E-01	0.00224753	0.00621229	0.130891	7.2E-01	0.557556	4.6E-01
rs1927790	13	96922191	0.93596	T	C	0.587589	0.998094	1.26243	2.6E-01	0.00604131	0.00569635	1.12479	2.9E-01	1.25055	2.6E-01
rs7335249	13	109962579	1.18904	T	C	0.587526	0.995494	0.987819	3.2E-01	-0.00497551	0.0056973	0.762672	3.8E-01	0.82837	3.6E-01
rs7141213	14	25878636	0.160923	C	T	0.428505	0.99817	0.0102458	9.2E-01	0.000417332	0.00567601	0.00540602	9.4E-01	0.000282435	9.9E-01
rs6576279	14	29649958	0.207571	G	C	0.190393	0.998923	0.0044272	9.5E-01	-0.00125525	0.00710655	0.0311994	8.6E-01	0.0409013	8.4E-01
rs2143975	14	33297398	0.262161	C	G	0.467897	0.986467	1.07851	3.0E-01	-0.00607446	0.0056644	1.15003	2.8E-01	1.23253	2.7E-01
rs35020117	14	73341655	0.671145	T	G	0.538277	0.933938	0.580629	4.5E-01	0.00375255	0.00580706	0.417581	5.2E-01	0.523555	4.7E-01
rs7159565	14	79891894	0.74792	T	C	0.36268	0.984708	1.62609	2.0E-01	-0.00631853	0.00584625	1.16809	2.8E-01	1.13508	2.9E-01
rs1951455	14	91512339	0.88209	T	C	0.283982	0.997245	1.50333	2.2E-01	-0.00809268	0.00620776	1.69948	1.9E-01	1.66249	2.0E-01
rs2273639	14	93762162	0.916561	C	T	0.692907	0.99913	3.43549	6.4E-02	-0.0127688	0.00607522	4.4175	3.6E-02	4.07334	4.4E-02
rs7161194	14	101529005	1.0886	A	G	0.336786	0.914125	1.35882	2.4E-01	0.00845406	0.00618767	1.86671	1.7E-01	2.33457	1.3E-01
rs12148050	14	103263788	1.11638	A	G	0.348874	0.9994	11.3532	7.5E-04	-0.019039	0.00585963	10.5571	1.2E-03	9.39559	2.2E-03
rs35443927	14	103849715	1.12404	C	T	0.630061	0.995118	1.25404	2.6E-01	-0.00717325	0.00579051	1.53461	2.2E-01	1.04205	3.1E-01
rs149492745	15	43099550	0.641031	C	T	0.977336	0.916905	44.6717	2.3E-11	0.129891	0.0196203	43.8272	3.6E-11	41.0222	1.5E-10
rs11070502	15	46574981	0.663836	G	A	0.422393	0.996515	0.331524	5.6E-01	0.0040016	0.00567682	0.496888	4.8E-01	0.548406	4.6E-01
rs1123294	15	58545064	0.781703	C	G	0.830474	0.986357	32.771	1.0E-08	-0.0424058	0.00748101	32.1314	1.4E-08	32.9557	9.4E-09
rs10152355	15	58671178	0.784742	C	A	0.548786	0.924121	40.2544	2.2E-10	-0.0371206	0.00585929	40.1366	2.4E-10	44.928	2.0E-11
rs4777542	15	73082366	0.987566	C	T	0.670419	0.995307	0.266859	6.1E-01	0.00167552	0.0059822	0.0784472	7.8E-01	0.0415687	8.4E-01
rs11855821	15	78008843	1.01251	G	A	0.714306	0.958126	1.40974	2.4E-01	-0.00687446	0.00630877	1.18738	2.8E-01	0.870009	3.5E-01
rs12914623	15	80993570	1.05801	G	C	0.732913	0.994175	1.22623	2.7E-01	-0.0069438	0.00633156	1.20274	2.7E-01	1.27154	2.6E-01
rs7168523	15	95263911	1.31585	C	T	0.355269	0.99653	3.68777	5.5E-02	-0.0111195	0.00585258	3.60976	5.7E-02	3.12855	7.7E-02
rs1048786	16	336916	0.0036807	C	T	0.830941	1	0.238579	6.3E-01	-0.00198106	0.00746306	0.0704629	7.9E-01	0.0545854	8.2E-01
rs2601773	16	4001898	0.0718473	C	A	0.503399	0.995484	6.12061	1.3E-02	0.0129255	0.0056008	5.32589	2.1E-02	5.40948	2.0E-02
rs9934930	16	4902038	0.0862098	A	G	0.521116	0.994594	0.354132	5.5E-01	0.00291151	0.00563179	0.267266	6.1E-01	0.518167	4.7E-01
rs57086298	16	15080702	0.32115	C	T	0.744777	0.820781	29.4507	5.7E-08	0.0393931	0.00707622	30.9911	2.6E-08	31.0067	2.6E-08
rs7187976	16	19708196	0.389763	A	G	0.820215	0.98274	0.336615	5.6E-01	-0.00377528	0.00733116	0.265187	6.1E-01	0.268154	6.0E-01
rs4238585	16	20255097	0.398011	C	T	0.13201	0.96298	0.183236	6.7E-01	0.0024807	0.00840929	0.0870225	7.7E-01	0.00970617	9.2E-01
rs11074452	16	20370168	0.40198	C	G	0.490517	0.995812	0.0130951	9.1E-01	-0.000771873	0.00560862	0.01894	8.9E-01	0.160883	6.9E-01
rs200539	16	24735178	0.466016	T	C	0.268765	0.996448	7.10428	7.7E-03	0.0162103	0.00628896	6.64394	9.9E-03	6.48272	1.1E-02
rs2650494	16	28318440	0.541911	A	G	0.581267	0.992404	6.26704	1.2E-02	-0.0143616	0.00567385	6.40694	1.1E-02	7.64317	5.7E-03
rs4787483	16	29885447	0.552081	A	G	0.662227	1	0.0356445	8.5E-01	-0.0021354	0.00592045	0.130091	7.2E-01	0.111879	7.4E-01
rs111886096	16	53598310	0.644304	A	G	0.862466	0.993464	0.00903771	9.2E-01	0.00210468	0.0081359	0.066921	8.0E-01	0.0938278	7.6E-01
rs7205986	16	53755146	0.644839	A	G	0.489919	0.988839	0.103069	7.5E-01	0.00196067	0.00564021	0.120842	7.3E-01	0.0430278	8.4E-01
rs9934405	16	67989976	0.850361	C	A	0.825637	0.998769	30.9675	2.6E-08	-0.0403995	0.00738361	29.9375	4.5E-08	31.2919	2.2E-08
rs5011579	16	69187318	0.855228	C	G	0.2843	0.994942	0.00396434	9.5E-01	-0.000600246	0.00621269	0.00933468	9.2E-01	0.00274269	9.6E-01
rs2927331	16	81509452	1.04551	T	C	0.347099	0.987048	34.0351	5.4E-09	-0.0341901	0.00592	33.3548	7.7E-09	32.4453	1.2E-08
rs77081114	17	1816762	0.0641667	G	A	0.834903	1	4.99888	2.5E-02	-0.0182644	0.00754587	5.8586	1.6E-02	6.73362	9.5E-03
rs3026101	17	5280440	0.136672	T	C	0.696449	0.998494	0.197998	6.6E-01	0.00231756	0.00609661	0.144507	7.0E-01	0.278835	6.0E-01
rs10491104	17	15884561	0.425342	C	T	0.468509	1	0.449962	5.0E-01	-0.00225891	0.00561069	0.162093	6.9E-01	0.159455	6.9E-01
rs9906072	17	21245687	0.471598	T	C	0.486625	0.873727	5.69954	1.7E-02	-0.0122334	0.0059995	4.15778	4.1E-02	5.80025	1.6E-02
rs9904602	17	34835526	0.595066	T	A	0.482475	0.99641	3.51403	6.1E-02	0.0107559	0.00560582	3.68144	5.5E-02	3.61909	5.7E-02
rs17616799	17	46039553	0.703155	A	G	0.898327	0.994334	0.55076	4.6E-01	-0.00461608	0.00927567	0.24766	6.2E-01	0.148612	7.0E-01
rs55797392	17	47055622	0.707863	G	A	0.589793	0.985453	3.37613	6.6E-02	-0.0104107	0.0057221	3.31016	6.9E-02	4.11018	4.3E-02
rs7211966	17	54374611	0.801315	C	T	0.981745	0.996866	1.14829	2.8E-01	-0.0236172	0.0208765	1.2798	2.6E-01	1.1609	2.8E-01
rs17631394	17	61646000	0.886955	G	A	0.736546	0.99153	5.46031	1.9E-02	0.0153773	0.00638127	5.80693	1.6E-02	6.668	9.8E-03
rs2619976	17	71754545	1.06134	C	T	0.589126	0.992569	4.35494	3.7E-02	0.0117451	0.0057212	4.21442	4.0E-02	4.55787	3.3E-02
rs4424946	17	78554888	1.24995	T	C	0.762112	0.998925	0.303012	5.8E-01	0.00337818	0.00657383	0.264076	6.1E-01	0.296119	5.9E-01
rs4076427	17	79087537	1.26024	G	C	0.609873	0.985353	0.390592	5.3E-01	-0.00339259	0.00575317	0.347735	5.6E-01	0.0666202	8.0E-01
rs1371274	18	1837007	0.0479005	A	C	0.863572	0.995553	1.65253	2.0E-01	0.00954405	0.00813921	1.375	2.4E-01	1.17165	2.8E-01
rs11875960	18	21071925	0.432054	A	G	0.650113	0.974621	0.452706	5.0E-01	-0.0060051	0.00594356	1.02082	3.1E-01	1.84705	1.7E-01
rs9807506	18	39493911	0.604143	C	T	0.110516	0.995331	8.48681e-05	9.9E-01	-0.000715857	0.00894326	0.0064071	9.4E-01	0.0296333	8.6E-01
rs4890428	18	40697340	0.611694	G	T	0.5787	0.994435	0.226532	6.3E-01	-0.00283202	0.00569313	0.247452	6.2E-01	0.215125	6.4E-01
rs7239114	18	45921214	0.66958	G	A	0.458185	0.985699	3.29283	7.0E-02	0.0111682	0.00565608	3.89886	4.8E-02	3.6348	5.7E-02
rs6507939	18	47176261	0.689521	A	C	0.150333	0.990511	33.7113	6.4E-09	-0.043371	0.00784066	30.598	3.2E-08	32.1462	1.4E-08
rs2187176	18	57679365	0.819838	A	G	0.309978	0.982596	0.0801466	7.8E-01	0.00203339	0.00610497	0.110937	7.4E-01	0.130193	7.2E-01
rs117758180	18	57809744	0.821562	C	T	0.97678	1	0.0266067	8.7E-01	-0.00428023	0.0185765	0.0530894	8.2E-01	0.000231719	9.9E-01
rs113268469	18	57862913	0.821729	C	T	0.982698	0.966786	0.0893287	7.7E-01	0.00592135	0.0218383	0.0735194	7.9E-01	0.0112878	9.2E-01
rs11668832	19	1812682	0.0683182	A	G	0.450689	0.989019	2.82241	9.3E-02	0.00972638	0.00563822	2.9759	8.5E-02	2.62918	1.0E-01
rs72976986	19	4050424	0.142675	G	A	0.810758	0.984512	16.7929	4.2E-05	-0.0286878	0.00720365	15.8595	6.8E-05	15.4357	8.5E-05
rs55714539	19	18207397	0.447742	A	C	0.656472	0.982807	1.05895	3.0E-01	0.00483754	0.00592301	0.667059	4.1E-01	0.477823	4.9E-01
rs17724992	19	18454825	0.450275	A	G	0.730237	0.991647	0.0864479	7.7E-01	0.00260939	0.00631119	0.170944	6.8E-01	0.138153	7.1E-01
rs2003476	19	18806668	0.454309	T	C	0.59308	0.986683	6.49527	1.1E-02	-0.0142811	0.00571241	6.25004	1.2E-02	5.78311	1.6E-02
rs12461902	19	30265235	0.512848	G	A	0.672506	0.985963	0.268238	6.0E-01	0.00304466	0.00601239	0.256439	6.1E-01	0.28153	6.0E-01
rs11882409	19	34019685	0.562915	C	A	0.713772	0.966519	0.740047	3.9E-01	-0.00542706	0.00628645	0.745279	3.9E-01	0.701982	4.0E-01
rs62115552	19	44610355	0.688364	A	G	0.960207	1	48.0489	4.2E-12	0.0978162	0.0145844	44.9827	2.0E-11	46.9784	7.2E-12
rs73048351	19	45160086	0.697689	C	A	0.989712	0.91554	42.1475	8.5E-11	0.191103	0.0290009	43.4222	4.4E-11	43.4028	4.5E-11
rs11881756	19	45220896	0.699851	T	C	0.886737	1	117.01	2.9E-27	0.0926463	0.0088089	110.615	7.2E-26	112.039	3.5E-26
rs140824606	19	45311084	0.70382	G	A	0.974928	0.867871	41.5724	1.1E-10	-0.128236	0.019138	44.8984	2.1E-11	49.6476	1.8E-12
rs147901416	19	45466792	0.709097	C	A	0.851419	0.99427	53.9803	2.0E-13	-0.0574863	0.00788622	53.1363	3.1E-13	52.4311	4.5E-13
rs1884389	20	1410582	0.0620248	C	T	0.560429	0.990862	0.915772	3.4E-01	-0.00541715	0.00566166	0.915491	3.4E-01	1.01978	3.1E-01
rs1321453	20	6585670	0.214258	G	A	0.332006	0.979962	1.28491	2.6E-01	0.00580502	0.00601519	0.931342	3.3E-01	0.992922	3.2E-01
rs947088	20	17171373	0.411628	G	T	0.280165	0.992316	4.61324	3.2E-02	0.0142013	0.00626432	5.13937	2.3E-02	4.53659	3.3E-02
rs8116853	20	21439820	0.48109	A	G	0.902603	0.99434	2.01616	1.6E-01	0.0133036	0.00944905	1.98226	1.6E-01	1.68168	1.9E-01
rs6142096	20	32686658	0.536502	G	A	0.481267	0.998195	3.04043	8.1E-02	0.0107085	0.00561082	3.64252	5.6E-02	4.71239	3.0E-02
rs116847251	20	42958768	0.650529	G	A	0.966162	0.948165	33.887	5.8E-09	0.0904364	0.0159097	32.3118	1.3E-08	32.0234	1.5E-08
rs980984	20	44333052	0.670124	A	G	0.648439	0.991543	32.1916	1.4E-08	0.0345242	0.00591074	34.1164	5.2E-09	34.9068	3.5E-09
rs77617917	20	44563217	0.671284	G	A	0.922005	1	60.8596	6.1E-15	0.0805105	0.0104395	59.4769	1.2E-14	59.6063	1.2E-14
rs11699260	20	50813508	0.791033	G	C	0.710789	0.999421	0.407961	5.2E-01	-0.00253358	0.00616207	0.16905	6.8E-01	0.0200252	8.9E-01
rs2836753	21	40291187	0.447396	T	C	0.362883	0.999333	0.799515	3.7E-01	0.00495153	0.00581189	0.725846	3.9E-01	0.966797	3.3E-01
rs1964926	21	42653121	0.51205	A	G	0.35393	0.992207	8.59704	3.4E-03	0.0160263	0.00587956	7.42978	6.4E-03	8.4384	3.7E-03
rs8130074	21	46498684	0.621941	C	G	0.35124	0.996511	2.42921	1.2E-01	-0.00960479	0.00587677	2.67115	1.0E-01	3.36321	6.7E-02
rs4820399	22	40546633	0.498151	C	T	0.4075	0.991505	0.637459	4.2E-01	0.00312316	0.00570749	0.299432	5.8E-01	0.363883	5.5E-01
rs13053342	22	48871624	0.664334	G	A	0.577345	0.990848	3.08412	7.9E-02	0.0102801	0.00567931	3.27648	7.0E-02	3.95902	4.7E-02
