rs28788874	1	1520725	0.0141684	C	T	0.584735	0.768295	0.164007	6.9E-01	-0.00232366	0.00647869	0.128638	7.2E-01	0.014713	9.0E-01
rs72634501	1	39551488	0.669558	T	C	0.760747	0.973003	2.07351	1.5E-01	0.0105983	0.00668517	2.51334	1.1E-01	2.35008	1.3E-01
rs7545034	1	47659445	0.739124	T	C	0.495311	0.986554	1.34708	2.5E-01	-0.00649782	0.00566862	1.31396	2.5E-01	1.48726	2.2E-01
rs7553454	1	49231261	0.759781	T	C	0.774904	0.984417	0.535975	4.6E-01	0.0042302	0.00676757	0.390712	5.3E-01	0.398256	5.3E-01
rs12117661	1	55487346	0.808955	C	G	0.755046	0.987273	56.8016	4.8E-14	0.0507853	0.00659795	59.246	1.4E-14	59.4349	1.3E-14
rs624698	1	62900811	0.92277	A	G	0.58261	0.969721	31.0252	2.5E-08	0.0330874	0.0057829	32.7365	1.1E-08	38.1309	6.6E-10
rs6690871	1	74977277	1.04309	A	G	0.592502	0.986356	4.27695	3.9E-02	0.011431	0.00576543	3.93099	4.7E-02	4.39602	3.6E-02
rs2247536	1	77919438	1.07305	G	C	0.734406	0.984022	0.124194	7.2E-01	-0.00172041	0.00642883	0.0716146	7.9E-01	0.376645	5.4E-01
rs1536023	1	96882019	1.26526	C	A	0.779556	0.988892	0.56506	4.5E-01	0.00464015	0.00683044	0.461495	5.0E-01	0.781928	3.8E-01
rs10747488	1	98299475	1.27829	C	A	0.231417	0.993887	0.0302553	8.6E-01	-0.000794073	0.00670393	0.0140301	9.1E-01	0.0379511	8.5E-01
rs920835	1	107946802	1.36667	G	A	0.707486	0.968585	0.000613784	9.8E-01	0.000845116	0.00629182	0.0180418	8.9E-01	0.0666685	8.0E-01
rs892511	1	110078255	1.38888	C	G	0.970555	0.964927	23.3626	1.3E-06	0.0839841	0.0169248	24.6234	7.0E-07	22.9465	1.7E-06
rs12033257	1	112318484	1.42838	A	G	0.621237	0.983831	0.337296	5.6E-01	-0.00404231	0.0058583	0.476119	4.9E-01	0.356499	5.5E-01
rs4357530	1	151103153	1.65977	G	A	0.321207	0.991504	0.0328153	8.6E-01	-0.00120979	0.00605406	0.0399322	8.4E-01	0.115953	7.3E-01
rs148261599	1	155253286	1.69959	C	G	0.796018	0.939661	0.134153	7.1E-01	0.00181444	0.00718235	0.0638196	8.0E-01	0.158582	6.9E-01
rs12565430	1	174400537	1.95129	G	A	0.890495	0.989663	1.1125	2.9E-01	-0.00841577	0.00903334	0.867943	3.5E-01	0.705565	4.0E-01
rs10913418	1	177755299	1.98687	C	A	0.596511	0.989574	0.795885	3.7E-01	-0.00538811	0.00576615	0.873174	3.5E-01	0.679879	4.1E-01
rs1359940	1	177848153	1.98809	T	C	0.542981	0.978287	4.9121	2.7E-02	-0.0122208	0.00571398	4.57424	3.2E-02	4.08729	4.3E-02
rs9425633	1	184657251	2.05452	T	C	0.517837	0.997773	0.00244151	9.6E-01	0.000161867	0.00563041	0.000826489	9.8E-01	0.00873488	9.3E-01
rs10801363	1	194922207	2.13186	T	A	0.632532	0.99595	2.45954	1.2E-01	-0.00877965	0.00584225	2.25837	1.3E-01	2.57642	1.1E-01
rs2494116	1	201784151	2.19723	G	A	0.451622	0.998902	0.134847	7.1E-01	0.00146631	0.00564671	0.0674308	8.0E-01	0.0639321	8.0E-01
rs661955	1	234842856	2.62186	G	C	0.481801	0.978806	38.8291	4.6E-10	-0.0349997	0.00568472	37.9062	7.4E-10	41.2297	1.4E-10
rs12042959	1	243533273	2.82744	A	G	0.856757	0.985729	0.000115811	9.9E-01	-1.64513e-05	0.00807063	4.15516e-06	1.0E+00	0.00800295	9.3E-01
rs6548228	2	345889	0.00380575	T	C	0.476197	0.997111	6.15242	1.3E-02	-0.0131232	0.00564035	5.41332	2.0E-02	5.27379	2.2E-02
rs2667214	2	449487	0.00560823	A	G	0.676488	0.984343	0.425208	5.1E-01	-0.00445874	0.00607001	0.539567	4.6E-01	0.406967	5.2E-01
rs10176391	2	574368	0.00678655	C	G	0.988537	0.920209	2.75454	9.7E-02	0.0468316	0.0275295	2.89388	8.9E-02	2.75741	9.7E-02
rs11673889	2	21104631	0.419072	G	C	0.739344	0.972648	31.7559	1.7E-08	0.0363856	0.00649622	31.3717	2.1E-08	32.2235	1.4E-08
rs10172650	2	21205457	0.419831	G	A	0.681392	0.998322	35.0729	3.2E-09	-0.0357062	0.00603194	35.0406	3.2E-09	39.5323	3.2E-10
rs9678013	2	27582035	0.473397	A	G	0.55706	0.993155	30.7874	2.9E-08	0.031839	0.00568259	31.3926	2.1E-08	32.7878	1.0E-08
rs10048652	2	35449306	0.577825	T	C	0.438309	0.999392	3.34914	6.7E-02	0.00954611	0.00568044	2.82416	9.3E-02	3.37984	6.6E-02
rs56266464	2	44054991	0.686489	G	A	0.939556	0.986548	55.5098	9.3E-14	0.0904155	0.0119021	57.7087	3.0E-14	58.1609	2.4E-14
rs698838	2	44738763	0.693339	C	T	0.374359	1	0.538044	4.6E-01	-0.00425595	0.00581716	0.535268	4.6E-01	0.250351	6.2E-01
rs3198123	2	55207693	0.827446	C	T	0.698625	0.993954	0.325064	5.7E-01	-0.00307026	0.00615834	0.248555	6.2E-01	0.909954	3.4E-01
rs13032423	2	57992112	0.847237	G	A	0.445418	0.996747	4.70032	3.0E-02	-0.0126492	0.00567897	4.96124	2.6E-02	4.8819	2.7E-02
rs55767040	2	58955028	0.850031	T	C	0.699424	0.989049	4.83767	2.8E-02	0.0127716	0.00618513	4.26375	3.9E-02	4.09027	4.3E-02
rs980183	2	59311536	0.858192	G	A	0.398003	0.996406	2.10669	1.5E-01	-0.00803947	0.005756	1.9508	1.6E-01	2.27649	1.3E-01
rs7557796	2	86766153	1.16162	T	C	0.352323	0.999778	0.290702	5.9E-01	0.0034861	0.00589327	0.349919	5.5E-01	0.197804	6.6E-01
rs13023088	2	100576304	1.22131	C	T	0.849851	0.99385	4.26254	3.9E-02	-0.0164095	0.00788835	4.32733	3.8E-02	4.13998	4.2E-02
rs9308868	2	104361420	1.24985	G	A	0.475644	0.997977	0.818517	3.7E-01	0.00581997	0.00564777	1.06191	3.0E-01	0.670578	4.1E-01
rs1349512	2	105435369	1.26243	T	C	0.689911	0.999103	0.286209	5.9E-01	0.00397135	0.00607657	0.42713	5.1E-01	0.0510758	8.2E-01
rs1530559	2	135755629	1.58463	A	G	0.600693	1	1.96785	1.6E-01	-0.00820609	0.00569814	2.07399	1.5E-01	2.25274	1.3E-01
rs2034604	2	143958745	1.64938	C	T	0.463349	0.997459	2.82696	9.3E-02	-0.00989638	0.00565208	3.06575	8.0E-02	2.56712	1.1E-01
rs12692596	2	161265910	1.78694	C	T	0.629192	0.996301	5.67917	1.7E-02	0.0136567	0.00581097	5.52322	1.9E-02	4.90637	2.7E-02
rs12328675	2	165540800	1.81492	T	C	0.879644	0.99881	6.32569	1.2E-02	0.0204533	0.00863379	5.61209	1.8E-02	3.99784	4.6E-02
rs6745626	2	181436641	2.00364	C	T	0.408617	0.996845	0.168846	6.8E-01	-0.00245332	0.00573178	0.183202	6.7E-01	0.325105	5.7E-01
rs6743255	2	205363596	2.17314	A	G	0.119725	1	0.00829714	9.3E-01	0.00270355	0.00865041	0.0976773	7.5E-01	0.144239	7.0E-01
rs13000757	2	207145906	2.20108	G	T	0.495484	0.995817	1.67292	2.0E-01	0.00673272	0.00564904	1.42047	2.3E-01	1.26135	2.6E-01
rs11692326	2	208263279	2.21189	C	T	0.770028	0.999964	1.5877	2.1E-01	0.00784268	0.00667191	1.38175	2.4E-01	1.18734	2.8E-01
rs12611517	2	228977034	2.47863	T	A	0.656814	0.999378	1.54256	2.1E-01	0.00685203	0.00592456	1.3376	2.5E-01	1.45097	2.3E-01
rs12473885	2	230569590	2.5018	G	T	0.878273	0.993886	0.405574	5.2E-01	-0.00608917	0.0086124	0.499883	4.8E-01	0.222959	6.4E-01
rs13098833	3	20428568	0.395393	A	G	0.723663	0.994024	0.00694562	9.3E-01	-3.07156e-05	0.00633943	2.34756e-05	1.0E+00	0.0158241	9.0E-01
rs754635	3	42305131	0.652861	C	G	0.112989	0.99768	0.161515	6.9E-01	-0.00482716	0.00886522	0.296486	5.9E-01	0.11472	7.3E-01
rs72906474	3	47817007	0.688057	G	T	0.417107	0.973948	0.571053	4.5E-01	-0.00435506	0.00578778	0.566192	4.5E-01	0.894418	3.4E-01
rs71326904	3	49991060	0.690403	C	T	0.749113	0.999883	0.00774207	9.3E-01	0.00121864	0.00649718	0.0351804	8.5E-01	0.0709999	7.9E-01
rs1371095	3	61147530	0.807508	A	G	0.581645	0.99157	0.04915	8.2E-01	0.000802457	0.00573485	0.0195795	8.9E-01	0.0126964	9.1E-01
rs9874646	3	62462818	0.82936	C	T	0.314458	0.963027	1.8717	1.7E-01	-0.00896661	0.00618122	2.1043	1.5E-01	1.9015	1.7E-01
rs7430139	3	82504148	1.08216	A	G	0.834726	1	0.213861	6.4E-01	-0.0034012	0.00759829	0.200371	6.5E-01	0.212378	6.4E-01
rs1248859	3	85017098	1.08828	G	C	0.331024	0.996188	5.49918	1.9E-02	0.0142215	0.00599898	5.61997	1.8E-02	7.17888	7.4E-03
rs9857105	3	93893210	1.10433	A	G	0.459959	0.997124	1.41273	2.3E-01	-0.00666599	0.00566832	1.383	2.4E-01	1.40675	2.4E-01
rs11917909	3	107864673	1.2019	G	A	0.64971	0.995989	0.559767	4.5E-01	-0.00450784	0.00590134	0.583494	4.4E-01	0.378132	5.4E-01
rs2037001	3	131458973	1.44255	C	G	0.708207	0.979412	4.39421	3.6E-02	-0.0122726	0.0062612	3.84198	5.0E-02	3.25088	7.1E-02
rs9827662	3	135710841	1.49347	C	A	0.75398	0.999173	7.11836	7.6E-03	-0.0172437	0.00653314	6.96655	8.3E-03	6.08096	1.4E-02
rs355786	3	153990749	1.684	G	A	0.607502	0.999005	0.000824711	9.8E-01	-0.000340843	0.00578222	0.00347472	9.5E-01	0.0494932	8.2E-01
rs1604038	3	170709193	1.7983	C	T	0.714201	0.999363	0.00227354	9.6E-01	-0.000260981	0.00622308	0.00175876	9.7E-01	0.0956204	7.6E-01
rs9867130	3	185729753	2.0208	A	G	0.141676	0.965346	0.564958	4.5E-01	0.00770683	0.00824009	0.874757	3.5E-01	0.750776	3.9E-01
rs59950280	4	3452345	0.0346252	G	A	0.667687	0.971572	31.6504	1.8E-08	-0.0337226	0.006037	31.2032	2.3E-08	32.0395	1.5E-08
rs11736501	4	18451423	0.339653	A	C	0.680338	0.997158	0.606061	4.4E-01	0.00455664	0.00603458	0.570158	4.5E-01	1.38944	2.4E-01
rs73244271	4	20091053	0.357316	A	G	0.887469	0.995322	0.0462609	8.3E-01	-0.000944612	0.00895294	0.0111321	9.2E-01	0.00917017	9.2E-01
rs6849555	4	25150890	0.433804	G	C	0.799698	0.94032	1.67783	2.0E-01	0.00954703	0.00725251	1.73284	1.9E-01	2.58756	1.1E-01
rs4623046	4	45042343	0.679347	G	A	0.33237	0.994028	0.394958	5.3E-01	-0.00304552	0.00598063	0.259315	6.1E-01	0.0907998	7.6E-01
rs6829208	4	52728640	0.6941	T	C	0.726338	0.99807	0.79968	3.7E-01	-0.00459482	0.00630839	0.530516	4.7E-01	0.300039	5.8E-01
rs6815651	4	55487718	0.714225	C	T	0.450226	0.994486	5.65477	1.7E-02	-0.0133655	0.00566313	5.57	1.8E-02	5.44199	2.0E-02
rs923994	4	67802992	0.836181	A	G	0.217153	0.992221	4.28963	3.8E-02	0.0148218	0.00682872	4.71111	3.0E-02	5.43512	2.0E-02
rs12645001	4	96018337	1.09763	G	A	0.650874	0.99796	4.06229	4.4E-02	0.0111027	0.00590152	3.53939	6.0E-02	2.77075	9.6E-02
rs13105682	4	102702364	1.15516	T	G	0.941406	0.93989	0.345676	5.6E-01	-0.00859765	0.0123642	0.483531	4.9E-01	0.395062	5.3E-01
rs11728213	4	113309647	1.25168	G	A	0.683684	0.99931	0.0293899	8.6E-01	0.00186497	0.00606178	0.0946553	7.6E-01	0.379912	5.4E-01
rs1296328	4	137083193	1.44321	A	C	0.440098	0.99123	2.9619	8.5E-02	-0.00884224	0.00571965	2.38993	1.2E-01	2.78571	9.5E-02
rs4863516	4	140773770	1.49281	T	C	0.672112	0.999318	0.981271	3.2E-01	0.00570439	0.00598974	0.90699	3.4E-01	0.936657	3.3E-01
rs750090	4	152931436	1.59021	T	C	0.646587	0.97605	0.500962	4.8E-01	0.00411943	0.00592796	0.482907	4.9E-01	0.334678	5.6E-01
rs13110266	4	162129844	1.69444	G	A	0.582061	0.993805	0.181591	6.7E-01	-0.00224131	0.0057172	0.153687	7.0E-01	0.192821	6.6E-01
rs4597930	5	27171542	0.425308	T	C	0.71786	0.997265	0.449116	5.0E-01	0.00444736	0.00626835	0.503384	4.8E-01	0.346624	5.6E-01
rs6451675	5	43110855	0.62057	C	G	0.307452	0.990847	1.13635	2.9E-01	0.00544889	0.00611397	0.794272	3.7E-01	0.6483	4.2E-01
rs6449674	5	62995938	0.739824	T	C	0.52251	0.996207	0.0827394	7.7E-01	0.00168221	0.00564098	0.0889311	7.7E-01	0.0490772	8.2E-01
rs6891856	5	63972658	0.744519	G	T	0.472565	0.983364	1.21294	2.7E-01	-0.00546133	0.00568438	0.923063	3.4E-01	1.32096	2.5E-01
rs4072296	5	74242002	0.858799	T	C	0.46019	0.938263	28.6464	8.7E-08	-0.031631	0.00582502	29.487	5.6E-08	35.8108	2.2E-09
rs11740689	5	80841360	0.956164	A	C	0.681749	0.9953	2.93252	8.7E-02	0.0102658	0.00604506	2.88395	8.9E-02	2.46477	1.2E-01
rs77156384	5	87709219	1.01438	A	G	0.979071	1	2.03138	1.5E-01	0.0279991	0.0196776	2.02462	1.5E-01	1.8834	1.7E-01
rs7701355	5	88804839	1.01946	G	T	0.578544	0.999666	0.268575	6.0E-01	-0.00279639	0.0057071	0.240084	6.2E-01	0.153874	6.9E-01
rs6885199	5	92574633	1.04879	G	A	0.9622	1	1.48337	2.2E-01	-0.017839	0.0147498	1.46276	2.3E-01	0.996911	3.2E-01
rs12186664	5	95630225	1.07202	A	T	0.684284	0.993149	0.350716	5.5E-01	-0.00340635	0.0060637	0.315575	5.7E-01	0.236948	6.3E-01
rs1835978	5	107265051	1.15538	T	C	0.111179	0.976322	2.2	1.4E-01	0.0129266	0.00904675	2.04165	1.5E-01	2.80359	9.4E-02
rs459552	5	112176756	1.19663	T	A	0.232844	1	1.34818	2.5E-01	-0.00819465	0.0066458	1.52043	2.2E-01	2.17929	1.4E-01
rs329120	5	133861756	1.41589	C	T	0.579716	0.996967	0.0606795	8.1E-01	0.00239905	0.00571352	0.176308	6.7E-01	0.384501	5.4E-01
rs356453	5	139053563	1.4578	G	A	0.669183	0.993285	2.11323	1.5E-01	0.00910555	0.0059911	2.30993	1.3E-01	2.85216	9.1E-02
rs2190788	5	144484261	1.52142	G	T	0.681254	0.989372	1.33924	2.5E-01	-0.00703708	0.00608915	1.33559	2.5E-01	1.55071	2.1E-01
rs7701886	5	153547409	1.6413	G	A	0.45336	0.99206	1.55898	2.1E-01	0.00682627	0.00567743	1.44565	2.3E-01	1.8734	1.7E-01
rs2287894	5	170322919	1.86356	T	A	0.272401	0.998905	0.125002	7.2E-01	0.00214977	0.0063293	0.115364	7.3E-01	0.465133	5.0E-01
rs10947758	6	12093961	0.272682	T	C	0.645937	0.995017	1.96764	1.6E-01	-0.00829589	0.0059083	1.97152	1.6E-01	1.22992	2.7E-01
rs9357634	6	13192190	0.290983	T	C	0.701576	0.98883	1.07668	3.0E-01	0.00689375	0.00619148	1.23971	2.7E-01	1.16659	2.8E-01
rs3806114	6	20482335	0.408974	G	A	0.330694	0.979566	1.26396	2.6E-01	-0.00612767	0.0060533	1.02472	3.1E-01	1.36637	2.4E-01
rs2768	6	31321856	0.512785	A	G	0.749612	0.995049	2.69611	1.0E-01	-0.00968584	0.00652212	2.20545	1.4E-01	3.23546	7.2E-02
rs2260051	6	31591918	0.515519	A	T	0.438115	0.999979	1.55774	2.1E-01	-0.00681355	0.00566476	1.44672	2.3E-01	2.4125	1.2E-01
rs57493997	6	34443523	0.547182	T	C	0.907375	0.988432	0.157738	6.9E-01	0.00430996	0.00975906	0.195043	6.6E-01	0.333496	5.6E-01
rs35679149	6	43604167	0.672046	A	G	0.973525	1	0.00290228	9.6E-01	0.00318429	0.0175542	0.032905	8.6E-01	0.281861	6.0E-01
rs4714925	6	46304194	0.722787	A	G	0.493044	0.998125	0.000413394	9.8E-01	-7.85094e-05	0.00563646	0.000194013	9.9E-01	0.134353	7.1E-01
rs9473821	6	50356035	0.748721	T	C	0.122366	0.995677	5.48979	1.9E-02	-0.0203016	0.00860681	5.56387	1.8E-02	3.78339	5.2E-02
rs1369869	6	83366282	0.934423	C	T	0.558841	0.987317	0.604499	4.4E-01	0.00555481	0.00570453	0.948197	3.3E-01	0.945666	3.3E-01
rs6905544	6	98411631	1.06235	A	G	0.398807	0.997318	1.52792	2.2E-01	0.00670303	0.00575732	1.3555	2.4E-01	1.06032	3.0E-01
rs1575676	6	108861264	1.17848	C	T	0.628148	0.997454	1.14329	2.8E-01	0.00657907	0.00581641	1.27944	2.6E-01	1.02672	3.1E-01
rs9387640	6	119508871	1.25792	C	T	0.635398	1	1.69741	1.9E-01	-0.00732346	0.00586136	1.56112	2.1E-01	1.80227	1.8E-01
rs198665	6	143154886	1.51958	C	A	0.629508	0.991725	6.25217	1.2E-02	0.0153852	0.00585801	6.89775	8.6E-03	5.35883	2.1E-02
rs7755574	6	153364643	1.66311	G	T	0.718151	0.997121	5.41351	2.0E-02	0.0145787	0.00629553	5.36256	2.1E-02	6.39646	1.1E-02
rs13209728	6	162997533	1.81843	A	C	0.861097	0.999607	0.0238191	8.8E-01	0.00258245	0.00814507	0.100525	7.5E-01	0.140741	7.1E-01
rs11767176	7	1852823	0.0275939	G	A	0.78849	0.994823	0.1962	6.6E-01	0.0025767	0.00689062	0.139834	7.1E-01	0.112372	7.4E-01
rs4307239	7	24354300	0.415589	A	G	0.540084	0.99283	1.92921	1.6E-01	-0.00699932	0.00566521	1.52644	2.2E-01	1.37219	2.4E-01
rs17725246	7	44581986	0.698744	T	C	0.815924	0.999146	29.8258	4.7E-08	-0.04024	0.00723437	30.9395	2.7E-08	34.1056	5.2E-09
rs3807566	7	50564204	0.76671	G	T	0.56098	0.994523	0.00955846	9.2E-01	-9.66202e-05	0.00567806	0.000289559	9.9E-01	0.000260353	9.9E-01
rs4718966	7	70040558	0.868636	C	T	0.584999	0.992694	0.143205	7.1E-01	0.00176452	0.00574618	0.0942957	7.6E-01	0.031595	8.6E-01
rs10950289	7	71429308	0.890251	A	G	0.837402	0.9787	1.71353	1.9E-01	-0.00919077	0.00769862	1.42521	2.3E-01	1.82595	1.8E-01
rs6964833	7	74101909	0.91305	T	C	0.742216	0.9996	0.228768	6.3E-01	0.00285268	0.00644522	0.195898	6.6E-01	0.217066	6.4E-01
rs7805441	7	78121458	0.952449	C	T	0.496028	0.987826	0.0948748	7.6E-01	0.000270975	0.0056847	0.00227217	9.6E-01	0.000765395	9.8E-01
rs16868443	7	93206264	1.0947	G	C	0.638366	0.996209	0.00245155	9.6E-01	0.000533059	0.00585378	0.00829234	9.3E-01	0.0659397	8.0E-01
rs17155888	7	103416295	1.18694	T	A	0.573633	0.98913	0.279941	6.0E-01	-0.00276227	0.00572433	0.232853	6.3E-01	0.364791	5.5E-01
rs7788008	7	112972483	1.29323	G	A	0.566242	0.997606	0.549264	4.6E-01	0.00403079	0.00567887	0.503798	4.8E-01	0.557696	4.6E-01
rs12705908	7	113422504	1.29936	A	G	0.435782	0.999217	0.024784	8.7E-01	0.000291086	0.00567644	0.0026296	9.6E-01	0.446382	5.0E-01
rs1563408	7	114303189	1.30467	G	A	0.518625	0.9976	1.37324	2.4E-01	0.00598586	0.00563885	1.12687	2.9E-01	1.27521	2.6E-01
rs2968856	7	150614934	1.67963	T	C	0.750666	0.995794	0.0116569	9.1E-01	0.000604057	0.00652663	0.008566	9.3E-01	0.0432192	8.4E-01
rs2921077	8	8304502	0.239157	G	A	0.535755	0.992952	0.692756	4.1E-01	-0.00420635	0.00568446	0.54756	4.6E-01	0.384036	5.4E-01
rs2959592	8	17002725	0.407822	T	C	0.81033	0.987439	0.468686	4.9E-01	0.00390481	0.0072257	0.292039	5.9E-01	0.236972	6.3E-01
rs1362910	8	30856464	0.645028	A	G	0.419317	0.991461	1.54122	2.1E-01	-0.00667526	0.00570288	1.37009	2.4E-01	1.76974	1.8E-01
rs55704109	8	59323247	0.819013	G	A	0.5057	0.919152	33.3271	7.8E-09	0.0337498	0.00588717	32.8647	9.9E-09	37.5099	9.1E-10
rs12681792	8	62054463	0.850895	C	A	0.807401	0.990908	0.0102515	9.2E-01	-0.00167732	0.00718456	0.0545041	8.2E-01	0.0141873	9.1E-01
rs7822926	8	64701966	0.867188	A	C	0.529208	0.995395	0.043346	8.4E-01	-0.00228139	0.0056559	0.162703	6.9E-01	0.304954	5.8E-01
rs2017657	8	73426371	0.974058	G	T	0.427149	1	0.0825185	7.7E-01	0.0017339	0.00570686	0.0923106	7.6E-01	0.249261	6.2E-01
rs2943611	8	76473939	1.00704	T	C	0.203974	0.993157	0.00709588	9.3E-01	0.000329138	0.00700182	0.0022097	9.6E-01	0.00431618	9.5E-01
rs9298280	8	77329753	1.00881	T	G	0.287889	0.987301	8.95947	2.8E-03	0.0176457	0.00623939	7.99819	4.7E-03	7.64015	5.7E-03
rs1180626	8	116476393	1.31509	G	A	0.224213	0.994168	8.39331	3.8E-03	-0.0200439	0.00679052	8.71283	3.2E-03	8.83489	3.0E-03
rs2385114	8	126447308	1.45276	C	T	0.513771	0.979388	42.828	6.0E-11	-0.0377497	0.0057009	43.8471	3.6E-11	47.8717	4.6E-12
rs10124645	9	11321119	0.255592	A	G	0.589801	0.991792	0.202291	6.5E-01	-0.00141776	0.00576686	0.0604401	8.1E-01	0.000243163	9.9E-01
rs2457637	9	15533394	0.341722	T	C	0.512743	0.988377	1.66591	2.0E-01	0.00760671	0.00565413	1.80993	1.8E-01	2.30064	1.3E-01
rs6476065	9	28403813	0.542923	C	T	0.423663	0.971482	3.77323	5.2E-02	0.011047	0.00576527	3.67153	5.5E-02	2.93654	8.7E-02
rs12345603	9	29601893	0.557517	C	T	0.574964	0.971878	0.847625	3.6E-01	0.00683503	0.00577586	1.40038	2.4E-01	1.25746	2.6E-01
rs868980	9	92140852	1.08916	A	G	0.764207	0.992973	0.534039	4.6E-01	0.0054597	0.00664831	0.674395	4.1E-01	0.271978	6.0E-01
rs7873003	9	96392945	1.13399	T	C	0.320009	0.990354	2.0778	1.5E-01	0.00826279	0.00606081	1.85863	1.7E-01	2.49479	1.1E-01
rs1852865	9	102750138	1.19624	C	T	0.434954	0.999839	0.480059	4.9E-01	0.00334921	0.00569307	0.346092	5.6E-01	0.183457	6.7E-01
rs7024334	9	109072075	1.25943	T	G	0.221004	0.999349	1.98533	1.6E-01	-0.00937218	0.00677897	1.91141	1.7E-01	1.77525	1.8E-01
rs1252008	9	120362838	1.43341	T	C	0.568657	0.998833	0.00975748	9.2E-01	4.23032e-05	0.00567303	5.56055e-05	9.9E-01	0.159429	6.9E-01
rs3829849	9	129390800	1.5324	C	T	0.630889	0.998111	1.51421	2.2E-01	0.00745118	0.0058344	1.63102	2.0E-01	2.34781	1.3E-01
rs10733682	9	129460914	1.5336	A	G	0.474217	0.966242	0.471279	4.9E-01	-0.00332554	0.00570819	0.339413	5.6E-01	0.165926	6.8E-01
rs2267958	9	131015279	1.55043	G	A	0.485563	0.958689	2.491	1.1E-01	0.00875319	0.00576024	2.30915	1.3E-01	2.34955	1.3E-01
rs10159545	10	21766969	0.466662	C	G	0.649246	0.986543	3.06532	8.0E-02	0.0106044	0.00592869	3.19931	7.4E-02	3.27988	7.0E-02
rs12762034	10	33969931	0.621029	T	C	0.92272	0.998956	0.375816	5.4E-01	-0.00562219	0.010533	0.284911	5.9E-01	0.479216	4.9E-01
rs4595495	10	53673286	0.748363	A	G	0.58387	0.998015	0.0966701	7.6E-01	0.0018501	0.00573498	0.10407	7.5E-01	0.0105375	9.2E-01
rs4746855	10	64822828	0.870307	G	A	0.596714	1	0.289808	5.9E-01	0.0029157	0.00575051	0.257082	6.1E-01	0.309363	5.8E-01
rs12098284	10	76047464	0.999816	C	T	0.877434	0.998637	0.180236	6.7E-01	-0.00386051	0.0085895	0.202001	6.5E-01	0.116327	7.3E-01
rs1249156	10	79979737	1.04291	T	C	0.294183	0.999324	0.125225	7.2E-01	-0.00189068	0.00618361	0.0934873	7.6E-01	0.00457754	9.5E-01
rs12245654	10	87562928	1.13739	A	C	0.927047	0.984714	0.973803	3.2E-01	0.00988012	0.0108994	0.821714	3.6E-01	0.162674	6.9E-01
rs472576	10	99694970	1.2698	G	C	0.540757	0.96945	6.39361	1.1E-02	-0.0139726	0.00572624	5.95409	1.5E-02	7.10071	7.7E-03
rs4074720	10	114748497	1.39784	C	T	0.534572	0.984751	0.0470553	8.3E-01	-0.000902792	0.00567964	0.0252658	8.7E-01	0.0549022	8.1E-01
rs72828935	10	126587488	1.61238	G	C	0.716689	0.993686	4.84216	2.8E-02	0.0138654	0.00626601	4.89649	2.7E-02	4.83925	2.8E-02
rs12778347	10	133978806	1.80077	G	T	0.423877	0.999758	0.111316	7.4E-01	-0.00254033	0.00569519	0.19896	6.6E-01	0.0646622	8.0E-01
rs12802861	11	8387806	0.188896	C	T	0.71326	0.995592	0.209998	6.5E-01	-0.00351945	0.00623591	0.318529	5.7E-01	0.493601	4.8E-01
rs7942486	11	13288698	0.267633	G	T	0.432178	0.998702	2.20545	1.4E-01	0.00948578	0.00569011	2.77911	9.6E-02	2.97825	8.4E-02
rs12791818	11	27277760	0.463075	A	G	0.918985	0.937343	0.566103	4.5E-01	-0.00808621	0.0106626	0.575128	4.5E-01	0.929174	3.4E-01
rs2679059	11	43599791	0.621966	A	T	0.402252	0.990165	1.68133	1.9E-01	-0.00700917	0.00578627	1.46736	2.3E-01	1.05999	3.0E-01
rs11038428	11	45404318	0.657443	G	T	0.717407	0.990678	0.000776823	9.8E-01	-0.000185722	0.00627159	0.000876947	9.8E-01	0.0339871	8.5E-01
rs35184771	11	47475189	0.665304	G	T	0.648082	0.998878	8.30321	4.0E-03	0.0178358	0.00588727	9.17817	2.4E-03	8.56849	3.4E-03
rs174528	11	61543499	0.703973	T	C	0.623454	0.995598	77.9267	1.1E-18	0.0510742	0.00582047	76.9995	1.7E-18	86.9983	1.1E-20
rs10896007	11	65245829	0.737845	T	A	0.789067	0.98525	0.408824	5.2E-01	0.00504265	0.00696164	0.524681	4.7E-01	0.892647	3.4E-01
rs667515	11	69449076	0.766481	G	C	0.61173	0.990296	1.28127	2.6E-01	-0.00651663	0.0057814	1.27052	2.6E-01	0.76105	3.8E-01
rs2605603	11	93221105	1.00432	G	A	0.520259	0.995512	0.436047	5.1E-01	0.00295571	0.00561327	0.277263	6.0E-01	0.187417	6.7E-01
rs4937870	11	112826709	1.19814	A	G	0.689169	0.983578	0.220512	6.4E-01	0.00308635	0.00612513	0.253898	6.1E-01	0.594271	4.4E-01
rs2187986	11	115001410	1.23045	G	A	0.524684	0.965018	2.62498	1.1E-01	-0.00869901	0.00574292	2.29443	1.3E-01	2.30691	1.3E-01
rs501351	11	118917814	1.29362	T	G	0.605774	0.997555	0.845797	3.6E-01	-0.00573147	0.00576085	0.989828	3.2E-01	1.0563	3.0E-01
rs7941030	11	122522375	1.35839	T	C	0.616205	1	10.4148	1.3E-03	-0.020323	0.00580707	12.2479	4.7E-04	11.9349	5.5E-04
rs4366492	11	130717256	1.51227	T	C	0.474614	0.99465	0.106683	7.4E-01	0.00210733	0.005628	0.140202	7.1E-01	0.0565158	8.1E-01
rs10894604	11	132641746	1.55638	T	G	0.652028	1	0.743348	3.9E-01	-0.004368	0.00590572	0.547041	4.6E-01	0.199821	6.5E-01
rs11064524	12	889902	0.0208303	T	G	0.758532	1	0.935952	3.3E-01	0.00595534	0.00656181	0.823695	3.6E-01	0.721241	4.0E-01
rs7976757	12	19207948	0.354438	T	C	0.171206	0.989812	0.289511	5.9E-01	0.00393106	0.00749114	0.275374	6.0E-01	0.682822	4.1E-01
rs16926776	12	24001905	0.419584	C	T	0.922961	1	4.28376	3.8E-02	-0.0206795	0.010577	3.82259	5.1E-02	4.01463	4.5E-02
rs11181001	12	41948196	0.563104	A	G	0.469108	0.977653	0.00726854	9.3E-01	0.000985025	0.00568613	0.0300097	8.6E-01	0.0827094	7.7E-01
rs2720296	12	50169070	0.630128	G	A	0.609632	0.950295	1.64524	2.0E-01	0.00766252	0.00592772	1.67097	2.0E-01	1.86746	1.7E-01
rs11173522	12	60953472	0.741724	C	A	0.784532	0.998242	0.599521	4.4E-01	-0.00558022	0.00686367	0.660982	4.2E-01	0.328028	5.7E-01
rs317646	12	69657145	0.849888	G	A	0.275066	0.99846	0.00911811	9.2E-01	-0.000561889	0.00631489	0.00791716	9.3E-01	0.0167145	9.0E-01
rs704067	12	89726027	1.03172	G	A	0.545146	0.989595	0.246775	6.2E-01	-0.00299297	0.00569765	0.275939	6.0E-01	0.375458	5.4E-01
rs591776	12	99538895	1.16639	C	T	0.364365	0.994453	1.50269	2.2E-01	-0.00631171	0.00586847	1.15677	2.8E-01	0.567172	4.5E-01
rs4433630	12	103650031	1.2114	T	C	0.48744	0.978156	0.542017	4.6E-01	-0.00500497	0.00567498	0.777811	3.8E-01	1.07621	3.0E-01
rs11832936	12	110549533	1.29782	A	C	0.610247	0.999756	0.29996	5.8E-01	0.0029335	0.00579564	0.256193	6.1E-01	0.133468	7.1E-01
rs111828690	12	117576767	1.39704	C	T	0.779464	0.990204	0.0721787	7.9E-01	-0.00280523	0.00685561	0.167434	6.8E-01	0.0231351	8.8E-01
rs144713920	12	122485389	1.46548	C	G	0.945974	0.956209	1.94583	1.6E-01	-0.0166693	0.0127286	1.71504	1.9E-01	1.36973	2.4E-01
rs12317176	12	124404718	1.4789	T	C	0.662157	0.998072	15.679	7.5E-05	0.0240146	0.00593902	16.35	5.3E-05	15.9067	6.7E-05
rs9579775	13	20616557	0.0139469	A	C	0.863467	0.926233	0.0397097	8.4E-01	-0.000679941	0.00853171	0.00635142	9.4E-01	0.0010666	9.7E-01
rs4771218	13	28655311	0.212187	G	A	0.373005	0.991013	2.44049	1.2E-01	-0.00936944	0.0058475	2.56736	1.1E-01	2.93242	8.7E-02
rs9591001	13	33042870	0.304346	G	A	0.634695	0.994769	0.495809	4.8E-01	-0.00393413	0.0058777	0.448005	5.0E-01	0.150668	7.0E-01
rs9568856	13	54064981	0.568758	G	A	0.871723	1	0.276244	6.0E-01	-0.00429512	0.00842505	0.2599	6.1E-01	0.312333	5.8E-01
rs6561937	13	58257667	0.585042	T	A	0.243776	0.993408	0.173402	6.8E-01	-0.00300157	0.00659213	0.207323	6.5E-01	0.207674	6.5E-01
rs1413125	13	59260131	0.587755	G	T	0.574048	0.994453	2.84554	9.2E-02	-0.0100487	0.00571808	3.08832	7.9E-02	3.42983	6.4E-02
rs1441264	13	79580919	0.787841	G	A	0.406364	0.956515	3.74093	5.3E-02	0.0114346	0.00583825	3.836	5.0E-02	4.38463	3.6E-02
rs61969477	13	86477950	0.835644	T	C	0.717214	0.998003	0.387509	5.3E-01	-0.00469663	0.00624987	0.564718	4.5E-01	0.119976	7.3E-01
rs1927790	13	96922191	0.93596	T	C	0.587589	0.998094	0.145323	7.0E-01	0.00189323	0.00573081	0.109138	7.4E-01	0.181594	6.7E-01
rs7335249	13	109962579	1.18904	T	C	0.587526	0.995494	0.0265393	8.7E-01	-0.000288409	0.00573176	0.00253186	9.6E-01	0.0124514	9.1E-01
rs7141213	14	25878636	0.160923	C	T	0.428505	0.99817	0.498328	4.8E-01	0.00377168	0.00571056	0.436226	5.1E-01	0.658284	4.2E-01
rs6576279	14	29649958	0.207571	G	C	0.190393	0.998923	0.335729	5.6E-01	-0.0040118	0.0071498	0.31484	5.7E-01	0.313044	5.8E-01
rs2143975	14	33297398	0.262161	C	G	0.467897	0.986467	0.620281	4.3E-01	-0.00423459	0.00569888	0.552135	4.6E-01	0.516937	4.7E-01
rs35020117	14	73341655	0.671145	T	G	0.538277	0.933938	2.63497	1.0E-01	0.0101494	0.0058424	3.01784	8.2E-02	3.32436	6.8E-02
rs7159565	14	79891894	0.74792	T	C	0.36268	0.984708	0.176335	6.7E-01	-0.00281111	0.00588183	0.228418	6.3E-01	0.202206	6.5E-01
rs1951455	14	91512339	0.88209	T	C	0.283982	0.997245	0.00882614	9.3E-01	-0.000604917	0.00624554	0.00938105	9.2E-01	0.0930058	7.6E-01
rs2273639	14	93762162	0.916561	C	T	0.692907	0.99913	2.46178	1.2E-01	-0.010245	0.0061122	2.80949	9.4E-02	2.09895	1.5E-01
rs7161194	14	101529005	1.0886	A	G	0.336786	0.914125	2.38076	1.2E-01	0.0111139	0.00622533	3.1872	7.4E-02	3.5955	5.8E-02
rs12148050	14	103263788	1.11638	A	G	0.348874	0.9994	0.814336	3.7E-01	-0.00499604	0.0058953	0.718191	4.0E-01	0.805464	3.7E-01
rs35443927	14	103849715	1.12404	C	T	0.630061	0.995118	3.01931	8.2E-02	-0.0102537	0.00582575	3.09783	7.8E-02	2.55157	1.1E-01
rs11070502	15	46574981	0.663836	G	A	0.422393	0.996515	0.0643582	8.0E-01	0.00224922	0.00571297	0.155004	6.9E-01	0.0387543	8.4E-01
rs11631408	15	51746236	0.710161	A	G	0.457534	0.996425	4.36228	3.7E-02	0.011806	0.00566884	4.33728	3.7E-02	5.72184	1.7E-02
rs12908949	15	59475713	0.795908	T	G	0.77013	0.991439	0.0397291	8.4E-01	-0.000332451	0.00671256	0.00245289	9.6E-01	0.0137153	9.1E-01
rs12903168	15	67680209	0.914057	T	C	0.726776	0.98909	3.36058	6.7E-02	0.0122572	0.00635559	3.71938	5.4E-02	3.6203	5.7E-02
rs4777542	15	73082366	0.987566	C	T	0.670419	0.995307	0.123805	7.2E-01	0.00117835	0.0060203	0.0383098	8.4E-01	0.00772995	9.3E-01
rs11855821	15	78008843	1.01251	G	A	0.714306	0.958126	1.74203	1.9E-01	0.00860767	0.00634895	1.8381	1.8E-01	1.27851	2.6E-01
rs12914623	15	80993570	1.05801	G	C	0.732913	0.994175	2.09439	1.5E-01	-0.00794193	0.00637188	1.55352	2.1E-01	1.83569	1.8E-01
rs7168523	15	95263911	1.31585	C	T	0.355269	0.99653	0.00141616	9.7E-01	-0.000582715	0.00588986	0.00978822	9.2E-01	0.00401109	9.5E-01
rs1048786	16	336916	0.0036807	C	T	0.830941	1	1.54691	2.1E-01	0.0105764	0.0075148	1.98082	1.6E-01	2.39669	1.2E-01
rs2601773	16	4001898	0.0718473	C	A	0.503399	0.995484	0.226241	6.3E-01	-0.00315514	0.00563964	0.312994	5.8E-01	0.215764	6.4E-01
rs9934930	16	4902038	0.0862098	A	G	0.521116	0.994594	0.004	9.5E-01	-1.9515e-05	0.00567083	1.18425e-05	1.0E+00	0.00957149	9.2E-01
rs7187976	16	19708196	0.389763	A	G	0.820215	0.98274	0.503237	4.8E-01	-0.00523408	0.00738199	0.502728	4.8E-01	0.388561	5.3E-01
rs4238585	16	20255097	0.398011	C	T	0.13201	0.96298	0.671778	4.1E-01	-0.00614789	0.0084676	0.527147	4.7E-01	0.731617	3.9E-01
rs11074452	16	20370168	0.40198	C	G	0.490517	0.995812	0.635445	4.3E-01	-0.00475221	0.0056475	0.708073	4.0E-01	0.90038	3.4E-01
rs200539	16	24735178	0.466016	T	C	0.268765	0.996448	0.297494	5.9E-01	0.00329838	0.00633256	0.271295	6.0E-01	0.150624	7.0E-01
rs2650494	16	28318440	0.541911	A	G	0.581267	0.992404	0.43725	5.1E-01	-0.00442745	0.00571319	0.600551	4.4E-01	0.701343	4.0E-01
rs4787483	16	29885447	0.552081	A	G	0.662227	1	0.143478	7.0E-01	-0.00151353	0.0059615	0.0644569	8.0E-01	0.0506043	8.2E-01
rs111886096	16	53598310	0.644304	A	G	0.862466	0.993464	1.14983	2.8E-01	0.00921756	0.00819231	1.26596	2.6E-01	1.35693	2.4E-01
rs7205986	16	53755146	0.644839	A	G	0.489919	0.988839	0.202395	6.5E-01	0.00383263	0.00567931	0.455409	5.0E-01	0.540913	4.6E-01
rs5011579	16	69187318	0.855228	C	G	0.2843	0.994942	1.78018	1.8E-01	-0.0078018	0.00625577	1.55535	2.1E-01	1.12617	2.9E-01
rs12924872	16	69552215	0.858355	C	T	0.533347	0.984378	3.81066	5.1E-02	0.0111766	0.00569829	3.84704	5.0E-02	3.72715	5.4E-02
rs11648003	16	72052348	0.872944	A	G	0.779015	0.991685	32.3585	1.3E-08	-0.0384209	0.00679633	31.9585	1.6E-08	32.6176	1.1E-08
rs77081114	17	1816762	0.0641667	G	A	0.834903	1	0.0596152	8.1E-01	-0.00216823	0.00759343	0.0815334	7.8E-01	0.0218348	8.8E-01
rs3026101	17	5280440	0.136672	T	C	0.696449	0.998494	2.77498	9.6E-02	0.0102739	0.00613503	2.80437	9.4E-02	3.40045	6.5E-02
rs10491104	17	15884561	0.425342	C	T	0.468509	1	0.26555	6.1E-01	-0.00276847	0.00564606	0.240431	6.2E-01	0.0669508	8.0E-01
rs9906072	17	21245687	0.471598	T	C	0.486625	0.873727	0.482462	4.9E-01	0.00517977	0.00603731	0.736095	3.9E-01	0.303506	5.8E-01
rs9904602	17	34835526	0.595066	T	A	0.482475	0.99641	0.00342851	9.5E-01	-0.000342707	0.00564115	0.00369071	9.5E-01	0.0946545	7.6E-01
rs7206971	17	45425115	0.69878	G	A	0.502321	0.997936	32.4116	1.2E-08	-0.0319214	0.00563051	32.1418	1.4E-08	33.8872	5.8E-09
rs17616799	17	46039553	0.703155	A	G	0.898327	0.994334	0.643965	4.2E-01	0.00953845	0.00933413	1.04426	3.1E-01	1.34654	2.5E-01
rs55797392	17	47055622	0.707863	G	A	0.589793	0.985453	0.00413697	9.5E-01	-0.000188827	0.00575817	0.00107537	9.7E-01	0.110221	7.4E-01
rs17631394	17	61646000	0.886955	G	A	0.736546	0.99153	3.37555	6.6E-02	0.01202	0.00642149	3.50379	6.1E-02	3.92259	4.8E-02
rs76321556	17	66977337	0.964762	A	C	0.960409	0.97718	28.6539	8.7E-08	-0.0802046	0.0145644	30.3257	3.7E-08	31.1409	2.4E-08
rs2619976	17	71754545	1.06134	C	T	0.589126	0.992569	3.23285	7.2E-02	0.00944525	0.00575726	2.69151	1.0E-01	4.36587	3.7E-02
rs4424946	17	78554888	1.24995	T	C	0.762112	0.998925	0.0407585	8.4E-01	-0.000748203	0.00661526	0.0127922	9.1E-01	0.03123	8.6E-01
rs4076427	17	79087537	1.26024	G	C	0.609873	0.985353	1.67031	2.0E-01	-0.00793888	0.00578944	1.88038	1.7E-01	0.943135	3.3E-01
rs1371274	18	1837007	0.0479005	A	C	0.863572	0.995553	0.799138	3.7E-01	0.00699024	0.00818977	0.728518	3.9E-01	0.830739	3.6E-01
rs11875960	18	21071925	0.432054	A	G	0.650113	0.974621	0.00461189	9.5E-01	0.000284689	0.00598049	0.00226605	9.6E-01	0.0134613	9.1E-01
rs9807506	18	39493911	0.604143	C	T	0.110516	0.995331	1.51397	2.2E-01	0.0112223	0.00899882	1.55522	2.1E-01	1.21095	2.7E-01
rs4890428	18	40697340	0.611694	G	T	0.5787	0.994435	4.50041	3.4E-02	0.0130259	0.0057285	5.17054	2.3E-02	7.1606	7.5E-03
rs7239114	18	45921214	0.66958	G	A	0.458185	0.985699	0.0333825	8.6E-01	-0.00053247	0.00569122	0.00875345	9.3E-01	2.36827e-05	1.0E+00
rs72934723	18	53305311	0.747109	A	G	0.96095	0.966483	0.085337	7.7E-01	-0.00423765	0.0147867	0.082131	7.7E-01	0.00756815	9.3E-01
rs2187176	18	57679365	0.819838	A	G	0.309978	0.982596	0.0186329	8.9E-01	-4.35871e-05	0.0061429	5.03466e-05	9.9E-01	0.0450276	8.3E-01
rs117758180	18	57809744	0.821562	C	T	0.97678	1	0.26358	6.1E-01	-0.00932522	0.0186919	0.248892	6.2E-01	0.128279	7.2E-01
rs113268469	18	57862913	0.821729	C	T	0.982698	0.966786	2.13206	1.4E-01	-0.0305056	0.021974	1.92726	1.7E-01	2.56256	1.1E-01
rs11668832	19	1812682	0.0683182	A	G	0.450689	0.989019	0.730694	3.9E-01	-0.00460823	0.00566973	0.660608	4.2E-01	1.17825	2.8E-01
rs72976986	19	4050424	0.142675	G	A	0.810758	0.984512	4.00588	4.5E-02	-0.0143948	0.0072439	3.94879	4.7E-02	4.77003	2.9E-02
rs112159161	19	11192603	0.31876	C	T	0.983126	0.950328	33.5192	7.1E-09	0.126687	0.0223077	32.252	1.4E-08	32.5502	1.2E-08
rs2228603	19	19329924	0.461723	C	T	0.925348	1	30.3278	3.6E-08	0.0612018	0.0107156	32.6207	1.1E-08	34.9034	3.5E-09
rs12461902	19	30265235	0.512848	G	A	0.672506	0.985963	0.208729	6.5E-01	-0.00222661	0.00604598	0.13563	7.1E-01	0.137032	7.1E-01
rs11882409	19	34019685	0.562915	C	A	0.713772	0.966519	0.0977397	7.5E-01	-0.00210315	0.00632157	0.110685	7.4E-01	0.138335	7.1E-01
rs62116588	19	44446097	0.68736	C	G	0.976805	0.933368	37.0725	1.1E-09	0.117745	0.019344	37.0507	1.2E-09	41.2217	1.4E-10
rs28550459	19	45037783	0.693461	T	A	0.964339	0.862461	34.1462	5.1E-09	0.0939448	0.0162709	33.3367	7.8E-09	33.791	6.1E-09
rs73048351	19	45160086	0.697689	C	A	0.989712	0.91554	68.9629	1.0E-16	0.250968	0.029163	74.0581	7.6E-18	73.3082	1.1E-17
rs139326841	19	45269725	0.701551	T	C	0.978636	0.821408	40.4561	2.0E-10	-0.135471	0.0213709	40.1838	2.3E-10	39.653	3.0E-10
rs3745150	19	45385759	0.706836	G	C	0.607337	0.977556	79.9299	3.9E-19	-0.051925	0.0058306	79.3099	5.3E-19	79.512	4.8E-19
rs146390218	19	45478352	0.709104	A	G	0.973731	0.966351	179.199	7.2E-41	0.242161	0.0178612	183.819	7.1E-42	193.799	4.7E-44
rs141651018	19	46042665	0.717068	C	T	0.969731	0.964852	52.4058	4.5E-13	0.122905	0.0166846	54.2635	1.8E-13	56.6974	5.1E-14
rs1884389	20	1410582	0.0620248	C	T	0.560429	0.990862	0.0815243	7.8E-01	-0.00161426	0.00569552	0.0803305	7.8E-01	0.0846494	7.7E-01
rs1321453	20	6585670	0.214258	G	A	0.332006	0.979962	0.458951	5.0E-01	0.00434311	0.00605117	0.515138	4.7E-01	0.948464	3.3E-01
rs947088	20	17171373	0.411628	G	T	0.280165	0.992316	2.10858	1.5E-01	0.00931107	0.00630179	2.18309	1.4E-01	1.82168	1.8E-01
rs8116853	20	21439820	0.48109	A	G	0.902603	0.99434	0.13618	7.1E-01	-0.00309205	0.00950557	0.105813	7.4E-01	0.15258	7.0E-01
rs6142096	20	32686658	0.536502	G	A	0.481267	0.998195	0.0212129	8.8E-01	-0.000887722	0.00564438	0.0247356	8.8E-01	0.00458498	9.5E-01
rs11699260	20	50813508	0.791033	G	C	0.710789	0.999421	0.00480394	9.4E-01	2.48181e-05	0.00619893	1.60289e-05	1.0E+00	0.0688734	7.9E-01
rs2836753	21	40291187	0.447396	T	C	0.362883	0.999333	0.854992	3.6E-01	0.00596588	0.00584782	1.04078	3.1E-01	1.50882	2.2E-01
rs1964926	21	42653121	0.51205	A	G	0.35393	0.992207	0.0062542	9.4E-01	-0.00119625	0.00591591	0.0408885	8.4E-01	0.0603652	8.1E-01
rs8130074	21	46498684	0.621941	C	G	0.35124	0.996511	0.2308	6.3E-01	-0.00319819	0.00591311	0.292535	5.9E-01	0.387473	5.3E-01
rs4820399	22	40546633	0.498151	C	T	0.4075	0.991505	0.128816	7.2E-01	0.00215894	0.0057413	0.141404	7.1E-01	0.566411	4.5E-01
rs13053342	22	48871624	0.664334	G	A	0.577345	0.990848	0.0142392	9.1E-01	-0.00128244	0.00571295	0.0503912	8.2E-01	5.25628e-05	9.9E-01
