SNP	CHR	BP	GENPOS	ALLELE1	ALLELE0	A1FREQ	INFO	CHISQ_LINREG	P_LINREG	BETA	SE	CHISQ_BOLT_LMM_INF	P_BOLT_LMM_INF	CHISQ_BOLT_LMM	P_BOLT_LMM
rs28788874	1	1520725	0.0141684	C	T	0.584735	0.768295	0.180867	6.7E-01	-0.00251068	0.0064765	0.15028	7.0E-01	0.0236688	8.8E-01
rs72634501	1	39551488	0.669558	T	C	0.760747	0.973003	1.25584	2.6E-01	0.00842522	0.00668291	1.58939	2.1E-01	1.45774	2.3E-01
rs7545034	1	47659445	0.739124	T	C	0.495311	0.986554	1.02591	3.1E-01	-0.00573369	0.00566671	1.02378	3.1E-01	1.14386	2.8E-01
rs7553454	1	49231261	0.759781	T	C	0.774904	0.984417	0.412015	5.2E-01	0.00362936	0.00676529	0.287797	5.9E-01	0.327442	5.7E-01
rs12117661	1	55487346	0.808955	C	G	0.755046	0.987273	52.0525	5.4E-13	0.0487078	0.00659573	54.5347	1.5E-13	54.9516	1.2E-13
rs624698	1	62900811	0.92277	A	G	0.58261	0.969721	41.461	1.2E-10	0.0381494	0.00578095	43.5489	4.1E-11	49.8927	1.6E-12
rs6690871	1	74977277	1.04309	A	G	0.592502	0.986356	4.10806	4.3E-02	0.0111983	0.00576349	3.77518	5.2E-02	4.37812	3.6E-02
rs2247536	1	77919438	1.07305	G	C	0.734406	0.984022	0.0746233	7.8E-01	-0.00103711	0.00642667	0.0260424	8.7E-01	0.21984	6.4E-01
rs1536023	1	96882019	1.26526	C	A	0.779556	0.988892	0.710926	4.0E-01	0.00513223	0.00682814	0.564946	4.5E-01	0.963025	3.3E-01
rs10747488	1	98299475	1.27829	C	A	0.231417	0.993887	0.0059068	9.4E-01	0.000943293	0.00670167	0.0198119	8.9E-01	0.00421554	9.5E-01
rs920835	1	107946802	1.36667	G	A	0.707486	0.968585	1.72506e-05	1.0E+00	0.00102466	0.0062897	0.0265397	8.7E-01	0.0792785	7.8E-01
rs611793	1	109621436	1.38384	A	C	0.867877	0.971065	29.5441	5.5E-08	0.0458619	0.00840185	29.7957	4.8E-08	28.0395	1.2E-07
rs4357530	1	151103153	1.65977	G	A	0.321207	0.991504	0.0592201	8.1E-01	-0.00162135	0.00605203	0.0717719	7.9E-01	0.197696	6.6E-01
rs148261599	1	155253286	1.69959	C	G	0.796018	0.939661	0.0475407	8.3E-01	0.000762886	0.00717993	0.0112896	9.2E-01	0.0759771	7.8E-01
rs12565430	1	174400537	1.95129	G	A	0.890495	0.989663	0.889997	3.5E-01	-0.00749655	0.0090303	0.689158	4.1E-01	0.517702	4.7E-01
rs10913418	1	177755299	1.98687	C	A	0.596511	0.989574	0.949313	3.3E-01	-0.00593735	0.00576421	1.06098	3.0E-01	0.847114	3.6E-01
rs1359940	1	177848153	1.98809	T	C	0.542981	0.978287	4.55852	3.3E-02	-0.0117991	0.00571205	4.26693	3.9E-02	3.90585	4.8E-02
rs9425633	1	184657251	2.05452	T	C	0.517837	0.997773	3.67109e-06	1.0E+00	-0.000105999	0.00562852	0.000354666	9.8E-01	0.0195207	8.9E-01
rs10801363	1	194922207	2.13186	T	A	0.632532	0.99595	2.76248	9.6E-02	-0.00931258	0.00584028	2.54257	1.1E-01	2.90259	8.8E-02
rs2494116	1	201784151	2.19723	G	A	0.451622	0.998902	0.0566036	8.1E-01	0.000790956	0.0056448	0.0196339	8.9E-01	0.0167293	9.0E-01
rs661955	1	234842856	2.62186	G	C	0.481801	0.978806	39.493	3.3E-10	-0.0352932	0.0056828	38.5706	5.3E-10	41.8124	1.0E-10
rs12042959	1	243533273	2.82744	A	G	0.856757	0.985729	0.0159203	9.0E-01	0.000907864	0.00806791	0.0126625	9.1E-01	0.000685193	9.8E-01
rs6548228	2	345889	0.00380575	T	C	0.476197	0.997111	5.05746	2.5E-02	-0.0117693	0.00563834	4.35708	3.7E-02	4.22489	4.0E-02
rs2667214	2	449487	0.00560823	A	G	0.676488	0.984343	0.541712	4.6E-01	-0.00498489	0.00606785	0.674905	4.1E-01	0.491992	4.8E-01
rs10176391	2	574368	0.00678655	C	G	0.988537	0.920209	2.915	8.8E-02	0.0481403	0.0275197	3.06006	8.0E-02	2.81802	9.3E-02
rs143590503	2	21107494	0.419183	T	G	0.848008	0.94877	35.903	2.1E-09	0.0490349	0.00803264	37.2644	1.0E-09	38.4142	5.7E-10
rs12720820	2	21239661	0.419939	T	C	0.916944	0.988826	32.8683	9.9E-09	0.0578958	0.0102023	32.2031	1.4E-08	34.1697	5.1E-09
rs13396400	2	21502727	0.421742	A	G	0.552757	0.961401	57.478	3.4E-14	-0.0437739	0.00578391	57.278	3.8E-14	58.0025	2.6E-14
rs1083864	2	27619049	0.473426	C	G	0.554774	0.996404	44.9265	2.0E-11	0.0383772	0.0056718	45.783	1.3E-11	47.9699	4.3E-12
rs10048652	2	35449306	0.577825	T	C	0.438309	0.999392	3.66105	5.6E-02	0.00995138	0.00567841	3.07124	8.0E-02	3.53914	6.0E-02
rs56266464	2	44054991	0.686489	G	A	0.939556	0.986548	51.638	6.7E-13	0.0870003	0.0118978	53.4696	2.6E-13	53.256	2.9E-13
rs698838	2	44738763	0.693339	C	T	0.374359	1	0.679962	4.1E-01	-0.00474946	0.00581509	0.667077	4.1E-01	0.319442	5.7E-01
rs3198123	2	55207693	0.827446	C	T	0.698625	0.993954	0.189814	6.6E-01	-0.00215424	0.00615615	0.122453	7.3E-01	0.734602	3.9E-01
rs13032423	2	57992112	0.847237	G	A	0.445418	0.996747	4.53502	3.3E-02	-0.0123976	0.00567694	4.76924	2.9E-02	4.79477	2.9E-02
rs55767040	2	58955028	0.850031	T	C	0.699424	0.989049	5.00491	2.5E-02	0.0130571	0.00618292	4.45972	3.5E-02	4.23527	4.0E-02
rs980183	2	59311536	0.858192	G	A	0.398003	0.996406	1.87635	1.7E-01	-0.00755254	0.00575395	1.72288	1.9E-01	1.94954	1.6E-01
rs7557796	2	86766153	1.16162	T	C	0.352323	0.999778	0.293826	5.9E-01	0.00356428	0.00589116	0.366051	5.5E-01	0.21404	6.4E-01
rs13023088	2	100576304	1.22131	C	T	0.849851	0.99385	3.96544	4.6E-02	-0.0159221	0.00788554	4.07699	4.3E-02	3.87532	4.9E-02
rs9308868	2	104361420	1.24985	G	A	0.475644	0.997977	0.871662	3.5E-01	0.00589486	0.00564575	1.09019	3.0E-01	0.696637	4.0E-01
rs1349512	2	105435369	1.26243	T	C	0.689911	0.999103	0.202834	6.5E-01	0.0035077	0.0060744	0.333456	5.6E-01	0.0250045	8.7E-01
rs1530559	2	135755629	1.58463	A	G	0.600693	1	1.44093	2.3E-01	-0.00726834	0.00569611	1.62822	2.0E-01	1.66578	2.0E-01
rs2034604	2	143958745	1.64938	C	T	0.463349	0.997459	2.66342	1.0E-01	-0.00952898	0.00565006	2.84438	9.2E-02	2.34168	1.3E-01
rs12692596	2	161265910	1.78694	C	T	0.629192	0.996301	5.17665	2.3E-02	0.0130939	0.0058089	5.08098	2.4E-02	4.4943	3.4E-02
rs12328675	2	165540800	1.81492	T	C	0.879644	0.99881	9.29355	2.3E-03	0.0249763	0.00863072	8.37457	3.8E-03	6.52866	1.1E-02
rs6745626	2	181436641	2.00364	C	T	0.408617	0.996845	0.243524	6.2E-01	-0.00299341	0.00572973	0.272937	6.0E-01	0.405133	5.2E-01
rs6743255	2	205363596	2.17314	A	G	0.119725	1	0.0437072	8.3E-01	0.00370354	0.00864733	0.18343	6.7E-01	0.202683	6.5E-01
rs13000757	2	207145906	2.20108	G	T	0.495484	0.995817	1.9896	1.6E-01	0.00747428	0.00564703	1.75186	1.9E-01	1.57372	2.1E-01
rs11692326	2	208263279	2.21189	C	T	0.770028	0.999964	1.52979	2.2E-01	0.00771521	0.00666953	1.33815	2.5E-01	1.14301	2.9E-01
rs12611517	2	228977034	2.47863	T	A	0.656814	0.999378	1.12326	2.9E-01	0.0057765	0.00592245	0.95132	3.3E-01	1.0509	3.1E-01
rs12473885	2	230569590	2.5018	G	T	0.878273	0.993886	0.263988	6.1E-01	-0.00507276	0.00860933	0.347176	5.6E-01	0.133268	7.2E-01
rs13098833	3	20428568	0.395393	A	G	0.723663	0.994024	0.00390822	9.5E-01	-8.19865e-05	0.00633752	0.000167358	9.9E-01	0.0070775	9.3E-01
rs754635	3	42305131	0.652861	C	G	0.112989	0.99768	0.127769	7.2E-01	-0.00431934	0.00886255	0.23753	6.3E-01	0.0861255	7.7E-01
rs72906474	3	47817007	0.688057	G	T	0.417107	0.973948	0.6252	4.3E-01	-0.00454259	0.00578604	0.616375	4.3E-01	0.836947	3.6E-01
rs71326904	3	49991060	0.690403	C	T	0.749113	0.999883	0.0252417	8.7E-01	0.00177657	0.00649522	0.074813	7.8E-01	0.143328	7.0E-01
rs1371095	3	61147530	0.807508	A	G	0.581645	0.99157	0.0238287	8.8E-01	0.000435441	0.00573312	0.0057687	9.4E-01	0.000952271	9.8E-01
rs9874646	3	62462818	0.82936	C	T	0.314458	0.963027	2.10553	1.5E-01	-0.00947203	0.00617936	2.34963	1.3E-01	2.21767	1.4E-01
rs7430139	3	82504148	1.08216	A	G	0.834726	1	0.194792	6.6E-01	-0.00324284	0.007596	0.182255	6.7E-01	0.166162	6.8E-01
rs1248859	3	85017098	1.08828	G	C	0.331024	0.996188	5.85799	1.6E-02	0.0146327	0.00599717	5.95325	1.5E-02	7.70521	5.5E-03
rs9857105	3	93893210	1.10433	A	G	0.459959	0.997124	1.43553	2.3E-01	-0.00677682	0.00566661	1.43023	2.3E-01	1.51029	2.2E-01
rs11917909	3	107864673	1.2019	G	A	0.64971	0.995989	0.476176	4.9E-01	-0.00417616	0.00589956	0.50109	4.8E-01	0.338783	5.6E-01
rs2037001	3	131458973	1.44255	C	G	0.708207	0.979412	5.04138	2.5E-02	-0.0131973	0.00625931	4.44546	3.5E-02	3.70385	5.4E-02
rs9827662	3	135710841	1.49347	C	A	0.75398	0.999173	8.44398	3.7E-03	-0.0187373	0.00653117	8.23058	4.1E-03	7.32535	6.8E-03
rs355786	3	153990749	1.684	G	A	0.607502	0.999005	0.00929533	9.2E-01	1.53721e-05	0.00578047	7.07191e-06	1.0E+00	0.0163667	9.0E-01
rs1604038	3	170709193	1.7983	C	T	0.714201	0.999363	0.0898987	7.6E-01	-0.00179649	0.00622121	0.0833879	7.7E-01	0.329105	5.7E-01
rs9867130	3	185729753	2.0208	A	G	0.141676	0.965346	0.664641	4.1E-01	0.00826459	0.00823761	1.00656	3.2E-01	0.890726	3.5E-01
rs59950280	4	3452345	0.0346252	G	A	0.667687	0.971572	35.7354	2.3E-09	-0.0357537	0.00603506	35.0977	3.1E-09	35.6136	2.4E-09
rs11736501	4	18451423	0.339653	A	C	0.680338	0.997158	0.671325	4.1E-01	0.00486079	0.00603265	0.649229	4.2E-01	1.4588	2.3E-01
rs73244271	4	20091053	0.357316	A	G	0.887469	0.995322	0.189111	6.6E-01	-0.00287054	0.00895006	0.102866	7.5E-01	0.0705445	7.9E-01
rs6849555	4	25150890	0.433804	G	C	0.799698	0.94032	2.17057	1.4E-01	0.0109096	0.00725018	2.26422	1.3E-01	3.12611	7.7E-02
rs4623046	4	45042343	0.679347	G	A	0.33237	0.994028	0.310537	5.8E-01	-0.00259787	0.00597871	0.188807	6.6E-01	0.0420692	8.4E-01
rs6829208	4	52728640	0.6941	T	C	0.726338	0.99807	0.802996	3.7E-01	-0.00453032	0.00630637	0.516058	4.7E-01	0.266245	6.1E-01
rs6815651	4	55487718	0.714225	C	T	0.450226	0.994486	4.8418	2.8E-02	-0.0122411	0.00566131	4.67529	3.1E-02	4.45641	3.5E-02
rs923994	4	67802992	0.836181	A	G	0.217153	0.992221	4.99424	2.5E-02	0.0158793	0.00682653	5.41083	2.0E-02	6.18604	1.3E-02
rs12645001	4	96018337	1.09763	G	A	0.650874	0.99796	3.99254	4.6E-02	0.0109997	0.00589963	3.47625	6.2E-02	2.70892	1.0E-01
rs13105682	4	102702364	1.15516	T	G	0.941406	0.93989	0.813862	3.7E-01	-0.0124938	0.0123603	1.02172	3.1E-01	0.826677	3.6E-01
rs11728213	4	113309647	1.25168	G	A	0.683684	0.99931	0.0261869	8.7E-01	0.00176004	0.00605983	0.0843578	7.7E-01	0.340167	5.6E-01
rs1296328	4	137083193	1.44321	A	C	0.440098	0.99123	3.51766	6.1E-02	-0.00975655	0.00571781	2.91161	8.8E-02	3.17937	7.5E-02
rs4863516	4	140773770	1.49281	T	C	0.672112	0.999318	1.08765	3.0E-01	0.00595827	0.00598782	0.990155	3.2E-01	1.06103	3.0E-01
rs750090	4	152931436	1.59021	T	C	0.646587	0.97605	0.339729	5.6E-01	0.00333695	0.00592605	0.317079	5.7E-01	0.183317	6.7E-01
rs13110266	4	162129844	1.69444	G	A	0.582061	0.993805	0.0871922	7.7E-01	-0.00145921	0.00571536	0.0651847	8.0E-01	0.0858637	7.7E-01
rs4597930	5	27171542	0.425308	T	C	0.71786	0.997265	0.609193	4.4E-01	0.00515004	0.00626623	0.675473	4.1E-01	0.527118	4.7E-01
rs6451675	5	43110855	0.62057	C	G	0.307452	0.990847	1.07077	3.0E-01	0.00523165	0.00611191	0.732694	3.9E-01	0.623555	4.3E-01
rs6449674	5	62995938	0.739824	T	C	0.52251	0.996207	0.0204541	8.9E-01	0.000906907	0.00563908	0.0258648	8.7E-01	0.0134349	9.1E-01
rs6891856	5	63972658	0.744519	G	T	0.472565	0.983364	0.881882	3.5E-01	-0.00457029	0.00568246	0.646865	4.2E-01	0.947245	3.3E-01
rs4072296	5	74242002	0.858799	T	C	0.46019	0.938263	27.2229	1.8E-07	-0.0308771	0.00582306	28.1171	1.1E-07	33.9392	5.7E-09
rs11740689	5	80841360	0.956164	A	C	0.681749	0.9953	3.54659	6.0E-02	0.011247	0.00604302	3.46388	6.3E-02	3.08546	7.9E-02
rs77156384	5	87709219	1.01438	A	G	0.979071	1	1.92404	1.7E-01	0.0273469	0.019671	1.9327	1.6E-01	1.76218	1.8E-01
rs7701355	5	88804839	1.01946	G	T	0.578544	0.999666	0.458013	5.0E-01	-0.00355204	0.00570518	0.387629	5.3E-01	0.28718	5.9E-01
rs6885199	5	92574633	1.04879	G	A	0.9622	1	1.37115	2.4E-01	-0.017161	0.0147448	1.35459	2.4E-01	0.929241	3.4E-01
rs12186664	5	95630225	1.07202	A	T	0.684284	0.993149	0.327593	5.7E-01	-0.00329026	0.00606166	0.294631	5.9E-01	0.260959	6.1E-01
rs1835978	5	107265051	1.15538	T	C	0.111179	0.976322	2.05078	1.5E-01	0.012473	0.0090437	1.90218	1.7E-01	2.5392	1.1E-01
rs459552	5	112176756	1.19663	T	A	0.232844	1	1.12805	2.9E-01	-0.00749089	0.00664356	1.27135	2.6E-01	1.83557	1.8E-01
rs329120	5	133861756	1.41589	C	T	0.579716	0.996967	0.143867	7.0E-01	0.00319685	0.00571159	0.313279	5.8E-01	0.548659	4.6E-01
rs356453	5	139053563	1.4578	G	A	0.669183	0.993285	1.939	1.6E-01	0.00864039	0.00598908	2.08136	1.5E-01	2.52025	1.1E-01
rs2190788	5	144484261	1.52142	G	T	0.681254	0.989372	1.38435	2.4E-01	-0.00720286	0.0060871	1.4002	2.4E-01	1.57235	2.1E-01
rs7701886	5	153547409	1.6413	G	A	0.45336	0.99206	1.26144	2.6E-01	0.00618755	0.00567551	1.18858	2.8E-01	1.61001	2.0E-01
rs4704726	5	156354477	1.66272	G	A	0.636458	0.987029	33.0304	9.1E-09	-0.0336274	0.00585354	33.0028	9.2E-09	34.9909	3.3E-09
rs2287894	5	170322919	1.86356	T	A	0.272401	0.998905	0.064448	8.0E-01	0.0014735	0.00632717	0.054235	8.2E-01	0.277852	6.0E-01
rs10947758	6	12093961	0.272682	T	C	0.645937	0.995017	2.32381	1.3E-01	-0.00892749	0.00590612	2.28483	1.3E-01	1.47331	2.2E-01
rs9357634	6	13192190	0.290983	T	C	0.701576	0.98883	1.65353	2.0E-01	0.00838776	0.00618919	1.83664	1.8E-01	1.77621	1.8E-01
rs3806114	6	20482335	0.408974	G	A	0.330694	0.979566	1.22347	2.7E-01	-0.00608657	0.00605106	1.01177	3.1E-01	1.3319	2.5E-01
rs2768	6	31321856	0.512785	A	G	0.749612	0.995049	3.05385	8.1E-02	-0.010235	0.00651971	2.46447	1.2E-01	3.5191	6.1E-02
rs2260051	6	31591918	0.515519	A	T	0.438115	0.999979	1.60097	2.1E-01	-0.00691662	0.00566266	1.49192	2.2E-01	2.28941	1.3E-01
rs57493997	6	34443523	0.547182	T	C	0.907375	0.988432	0.0700921	7.9E-01	0.00294077	0.00975545	0.0908716	7.6E-01	0.179569	6.7E-01
rs35679149	6	43604167	0.672046	A	G	0.973525	1	0.0276836	8.7E-01	0.00502814	0.0175477	0.0821056	7.7E-01	0.370335	5.4E-01
rs4714925	6	46304194	0.722787	A	G	0.493044	0.998125	0.00287725	9.6E-01	0.000133457	0.00563437	0.000561035	9.8E-01	0.102425	7.5E-01
rs9473821	6	50356035	0.748721	T	C	0.122366	0.995677	5.90139	1.5E-02	-0.0209432	0.00860363	5.92547	1.5E-02	4.20792	4.0E-02
rs1369869	6	83366282	0.934423	C	T	0.558841	0.987317	0.529602	4.7E-01	0.00529123	0.00570242	0.860982	3.5E-01	0.888453	3.5E-01
rs6905544	6	98411631	1.06235	A	G	0.398807	0.997318	1.37955	2.4E-01	0.00637305	0.00575519	1.22624	2.7E-01	0.963382	3.3E-01
rs1575676	6	108861264	1.17848	C	T	0.628148	0.997454	1.0717	3.0E-01	0.00640917	0.00581426	1.21511	2.7E-01	0.978356	3.2E-01
rs9387640	6	119508871	1.25792	C	T	0.635398	1	1.56289	2.1E-01	-0.00694683	0.00585919	1.40571	2.4E-01	1.67512	2.0E-01
rs198665	6	143154886	1.51958	C	A	0.629508	0.991725	5.86134	1.5E-02	0.0148629	0.00585585	6.44212	1.1E-02	5.12693	2.4E-02
rs7755574	6	153364643	1.66311	G	T	0.718151	0.997121	4.79682	2.9E-02	0.0136555	0.00629321	4.70837	3.0E-02	5.59248	1.8E-02
rs13209728	6	162997533	1.81843	A	C	0.861097	0.999607	0.0455072	8.3E-01	0.00304911	0.00814206	0.140242	7.1E-01	0.16295	6.9E-01
rs11767176	7	1852823	0.0275939	G	A	0.78849	0.994823	0.159765	6.9E-01	0.00210325	0.00688835	0.0932294	7.6E-01	0.0641494	8.0E-01
rs4307239	7	24354300	0.415589	A	G	0.540084	0.99283	2.3987	1.2E-01	-0.00796712	0.00566335	1.97905	1.6E-01	1.75513	1.9E-01
rs17725246	7	44581986	0.698744	T	C	0.815924	0.999146	28.82	7.9E-08	-0.0395062	0.007232	29.8411	4.7E-08	32.6471	1.1E-08
rs3807566	7	50564204	0.76671	G	T	0.56098	0.994523	0.00345152	9.5E-01	-0.00024402	0.00567619	0.00184815	9.7E-01	0.000146844	9.9E-01
rs4718966	7	70040558	0.868636	C	T	0.584999	0.992694	0.201932	6.5E-01	0.0022048	0.0057443	0.147321	7.0E-01	0.0721072	7.9E-01
rs10950289	7	71429308	0.890251	A	G	0.837402	0.9787	1.64071	2.0E-01	-0.00886274	0.00769609	1.32616	2.5E-01	1.66974	2.0E-01
rs6964833	7	74101909	0.91305	T	C	0.742216	0.9996	0.103272	7.5E-01	0.00198857	0.0064431	0.0952557	7.6E-01	0.0787668	7.8E-01
rs7805441	7	78121458	0.952449	C	T	0.496028	0.987826	0.0110787	9.2E-01	-0.00085561	0.00568284	0.0226684	8.8E-01	0.0436791	8.3E-01
rs16868443	7	93206264	1.0947	G	C	0.638366	0.996209	0.0140577	9.1E-01	0.000920894	0.00585186	0.0247646	8.7E-01	0.104667	7.5E-01
rs17155888	7	103416295	1.18694	T	A	0.573633	0.98913	0.332675	5.6E-01	-0.00303872	0.00572245	0.28198	6.0E-01	0.366048	5.5E-01
rs7788008	7	112972483	1.29323	G	A	0.566242	0.997606	0.60871	4.4E-01	0.00426056	0.00567701	0.563242	4.5E-01	0.647474	4.2E-01
rs12705908	7	113422504	1.29936	A	G	0.435782	0.999217	0.0947477	7.6E-01	0.00112002	0.00567458	0.0389569	8.4E-01	0.655453	4.2E-01
rs1563408	7	114303189	1.30467	G	A	0.518625	0.9976	1.44506	2.3E-01	0.00620523	0.00563699	1.21177	2.7E-01	1.29074	2.6E-01
rs2968856	7	150614934	1.67963	T	C	0.750666	0.995794	0.02319	8.8E-01	0.000965722	0.00652448	0.0219085	8.8E-01	0.0180832	8.9E-01
rs2921077	8	8304502	0.239157	G	A	0.535755	0.992952	0.078509	7.8E-01	-0.000979929	0.00568252	0.0297377	8.6E-01	0.00436674	9.5E-01
rs2959592	8	17002725	0.407822	T	C	0.81033	0.987439	0.523267	4.7E-01	0.0041712	0.00722322	0.333472	5.6E-01	0.273404	6.0E-01
rs1362910	8	30856464	0.645028	A	G	0.419317	0.991461	1.48582	2.2E-01	-0.00651107	0.00570092	1.30441	2.5E-01	1.62505	2.0E-01
rs55704109	8	59323247	0.819013	G	A	0.5057	0.919152	34.8797	3.5E-09	0.0345192	0.00588515	34.4037	4.5E-09	39.0888	4.0E-10
rs12681792	8	62054463	0.850895	C	A	0.807401	0.990908	0.0159216	9.0E-01	-0.00186206	0.0071821	0.0672179	8.0E-01	0.0206824	8.9E-01
rs7822926	8	64701966	0.867188	A	C	0.529208	0.995395	0.0116311	9.1E-01	-0.00174345	0.00565396	0.0950851	7.6E-01	0.199706	6.5E-01
rs2017657	8	73426371	0.974058	G	T	0.427149	1	0.178445	6.7E-01	0.00255598	0.00570491	0.200733	6.5E-01	0.405204	5.2E-01
rs2943611	8	76473939	1.00704	T	C	0.203974	0.993157	0.000826456	9.8E-01	-0.000441637	0.00699942	0.00398113	9.5E-01	0.00190741	9.7E-01
rs9298280	8	77329753	1.00881	T	G	0.287889	0.987301	8.36629	3.8E-03	0.0170302	0.00623725	7.45509	6.3E-03	7.11658	7.6E-03
rs1180626	8	116476393	1.31509	G	A	0.224213	0.994168	8.66538	3.2E-03	-0.0204058	0.0067882	9.0365	2.6E-03	9.35347	2.2E-03
rs2385114	8	126447308	1.45276	C	T	0.513771	0.979388	47.4587	5.6E-12	-0.0398615	0.00569894	48.9235	2.7E-12	52.4652	4.4E-13
rs10124645	9	11321119	0.255592	A	G	0.589801	0.991792	0.154366	6.9E-01	-0.00108229	0.00576493	0.0352448	8.5E-01	0.00389276	9.5E-01
rs2457637	9	15533394	0.341722	T	C	0.512743	0.988377	1.88422	1.7E-01	0.00801505	0.00565225	2.01081	1.6E-01	2.35341	1.3E-01
rs6476065	9	28403813	0.542923	C	T	0.423663	0.971482	3.46255	6.3E-02	0.0106082	0.00576334	3.38794	6.6E-02	2.665	1.0E-01
rs12345603	9	29601893	0.557517	C	T	0.574964	0.971878	0.641031	4.2E-01	0.006144	0.00577393	1.13229	2.9E-01	0.977707	3.2E-01
rs868980	9	92140852	1.08916	A	G	0.764207	0.992973	0.128791	7.2E-01	0.00297231	0.00664609	0.200011	6.5E-01	0.0247945	8.7E-01
rs7873003	9	96392945	1.13399	T	C	0.320009	0.990354	2.48909	1.1E-01	0.00908732	0.00605878	2.24958	1.3E-01	2.81051	9.4E-02
rs1852865	9	102750138	1.19624	C	T	0.434954	0.999839	0.565809	4.5E-01	0.00368542	0.00569117	0.419345	5.2E-01	0.2331	6.3E-01
rs7024334	9	109072075	1.25943	T	G	0.221004	0.999349	1.75609	1.9E-01	-0.00887609	0.00677671	1.71556	1.9E-01	1.62895	2.0E-01
rs1252008	9	120362838	1.43341	T	C	0.568657	0.998833	0.0183728	8.9E-01	-0.000220335	0.00567113	0.00150948	9.7E-01	0.22956	6.3E-01
rs3829849	9	129390800	1.5324	C	T	0.630889	0.998111	1.20781	2.7E-01	0.00672454	0.00583245	1.3293	2.5E-01	1.90921	1.7E-01
rs10733682	9	129460914	1.5336	A	G	0.474217	0.966242	0.526607	4.7E-01	-0.00353338	0.00570628	0.38342	5.4E-01	0.173654	6.8E-01
rs2267958	9	131015279	1.55043	G	A	0.485563	0.958689	2.50425	1.1E-01	0.00883779	0.00575831	2.35558	1.2E-01	2.34936	1.3E-01
rs10159545	10	21766969	0.466662	C	G	0.649246	0.986543	2.55478	1.1E-01	0.00969005	0.00592672	2.67315	1.0E-01	2.69273	1.0E-01
rs12762034	10	33969931	0.621029	T	C	0.92272	0.998956	0.665639	4.1E-01	-0.00804918	0.0105295	0.584375	4.4E-01	0.801579	3.7E-01
rs4595495	10	53673286	0.748363	A	G	0.58387	0.998015	0.026545	8.7E-01	0.00111336	0.00573307	0.0377134	8.5E-01	8.08442e-05	9.9E-01
rs4746855	10	64822828	0.870307	G	A	0.596714	1	1.33324	2.5E-01	0.0064382	0.0057486	1.25431	2.6E-01	1.36186	2.4E-01
rs12098284	10	76047464	0.999816	C	T	0.877434	0.998637	0.121986	7.3E-01	-0.0031708	0.00858664	0.136361	7.1E-01	0.0653944	8.0E-01
rs1249156	10	79979737	1.04291	T	C	0.294183	0.999324	0.118293	7.3E-01	-0.00186123	0.00618155	0.0906578	7.6E-01	0.00693891	9.3E-01
rs12245654	10	87562928	1.13739	A	C	0.927047	0.984714	0.627221	4.3E-01	0.00779118	0.0108958	0.511319	4.7E-01	0.0461506	8.3E-01
rs472576	10	99694970	1.2698	G	C	0.540757	0.96945	6.93833	8.4E-03	-0.0144801	0.00572433	6.39871	1.1E-02	7.71731	5.5E-03
rs4074720	10	114748497	1.39784	C	T	0.534572	0.984751	0.118349	7.3E-01	-0.00167239	0.00567775	0.0867612	7.7E-01	0.137613	7.1E-01
rs72828935	10	126587488	1.61238	G	C	0.716689	0.993686	4.27105	3.9E-02	0.0130291	0.00626392	4.3265	3.8E-02	4.28623	3.8E-02
rs12778347	10	133978806	1.80077	G	T	0.423877	0.999758	0.129106	7.2E-01	-0.00257517	0.00569329	0.204591	6.5E-01	0.0733919	7.9E-01
rs12802861	11	8387806	0.188896	C	T	0.71326	0.995592	0.195441	6.6E-01	-0.00349617	0.00623414	0.314509	5.7E-01	0.494167	4.8E-01
rs7942486	11	13288698	0.267633	G	T	0.432178	0.998702	1.83396	1.8E-01	0.00882355	0.00568849	2.40598	1.2E-01	2.51924	1.1E-01
rs12791818	11	27277760	0.463075	A	G	0.918985	0.937343	0.318369	5.7E-01	-0.00620924	0.0106596	0.339311	5.6E-01	0.626327	4.3E-01
rs2679059	11	43599791	0.621966	A	T	0.402252	0.990165	1.08377	3.0E-01	-0.00545838	0.00578463	0.890381	3.5E-01	0.565943	4.5E-01
rs11038428	11	45404318	0.657443	G	T	0.717407	0.990678	0.00983353	9.2E-01	0.000321267	0.00626981	0.00262557	9.6E-01	0.00913705	9.2E-01
rs35184771	11	47475189	0.665304	G	T	0.648082	0.998878	8.0376	4.6E-03	0.017572	0.0058856	8.9138	2.8E-03	8.30832	3.9E-03
rs174528	11	61543499	0.703973	T	C	0.623454	0.995598	59.7121	1.1E-14	0.0445537	0.00581881	58.6271	1.9E-14	66.2438	4.0E-16
rs10896007	11	65245829	0.737845	T	A	0.789067	0.98525	0.231971	6.3E-01	0.00403037	0.00695966	0.335363	5.6E-01	0.601851	4.4E-01
rs667515	11	69449076	0.766481	G	C	0.61173	0.990296	1.0557	3.0E-01	-0.00587373	0.00577976	1.03278	3.1E-01	0.647087	4.2E-01
rs2605603	11	93221105	1.00432	G	A	0.520259	0.995512	0.402459	5.3E-01	0.00272537	0.00561168	0.235866	6.3E-01	0.160416	6.9E-01
rs4937870	11	112826709	1.19814	A	G	0.689169	0.983578	0.237472	6.3E-01	0.00325517	0.00612339	0.282595	6.0E-01	0.593128	4.4E-01
rs2187986	11	115001410	1.23045	G	A	0.524684	0.965018	2.54875	1.1E-01	-0.00854842	0.00574128	2.21694	1.4E-01	2.30896	1.3E-01
rs481843	11	116525867	1.25971	C	T	0.920998	0.974207	30.7153	3.0E-08	-0.0586226	0.0105604	30.8158	2.8E-08	35.5667	2.5E-09
rs501351	11	118917814	1.29362	T	G	0.605774	0.997555	1.29736	2.5E-01	-0.00694306	0.00575921	1.45337	2.3E-01	1.56	2.1E-01
rs7941030	11	122522375	1.35839	T	C	0.616205	1	10.5062	1.2E-03	-0.0204369	0.00580542	12.3926	4.3E-04	11.9479	5.5E-04
rs4366492	11	130717256	1.51227	T	C	0.474614	0.99465	0.0771532	7.8E-01	0.00182579	0.0056264	0.105302	7.5E-01	0.0222192	8.8E-01
rs10894604	11	132641746	1.55638	T	G	0.652028	1	0.661246	4.2E-01	-0.00412896	0.00590404	0.489082	4.8E-01	0.163546	6.9E-01
rs11064524	12	889902	0.0208303	T	G	0.758532	1	0.914234	3.4E-01	0.0059076	0.00655958	0.811093	3.7E-01	0.766589	3.8E-01
rs7976757	12	19207948	0.354438	T	C	0.171206	0.989812	0.228653	6.3E-01	0.00332287	0.00748859	0.196891	6.6E-01	0.493975	4.8E-01
rs16926776	12	24001905	0.419584	C	T	0.922961	1	4.1562	4.1E-02	-0.020532	0.0105734	3.77083	5.2E-02	3.87042	4.9E-02
rs11181001	12	41948196	0.563104	A	G	0.469108	0.977653	0.0073237	9.3E-01	0.000939116	0.0056842	0.0272961	8.7E-01	0.0779386	7.8E-01
rs2720296	12	50169070	0.630128	G	A	0.609632	0.950295	1.81636	1.8E-01	0.0078975	0.0059257	1.77623	1.8E-01	1.98604	1.6E-01
rs11173522	12	60953472	0.741724	C	A	0.784532	0.998242	0.619154	4.3E-01	-0.00565553	0.00686133	0.679406	4.1E-01	0.352075	5.5E-01
rs317646	12	69657145	0.849888	G	A	0.275066	0.99846	0.0398453	8.4E-01	0.000147769	0.00631274	0.000547937	9.8E-01	6.74105e-05	9.9E-01
rs704067	12	89726027	1.03172	G	A	0.545146	0.989595	0.297196	5.9E-01	-0.00335264	0.00569571	0.346481	5.6E-01	0.452405	5.0E-01
rs591776	12	99538895	1.16639	C	T	0.364365	0.994453	1.26215	2.6E-01	-0.00567275	0.00586647	0.935048	3.3E-01	0.439837	5.1E-01
rs4433630	12	103650031	1.2114	T	C	0.48744	0.978156	0.700944	4.0E-01	-0.00554317	0.00567305	0.954734	3.3E-01	1.25535	2.6E-01
rs11832936	12	110549533	1.29782	A	C	0.610247	0.999756	0.177897	6.7E-01	0.00219483	0.00579367	0.143514	7.0E-01	0.0690747	7.9E-01
rs111828690	12	117576767	1.39704	C	T	0.779464	0.990204	0.105962	7.4E-01	-0.0031118	0.00685328	0.206171	6.5E-01	0.0413856	8.4E-01
rs144713920	12	122485389	1.46548	C	G	0.945974	0.956209	2.29498	1.3E-01	-0.0180008	0.0127243	2.00133	1.6E-01	1.66273	2.0E-01
rs12317176	12	124404718	1.4789	T	C	0.662157	0.998072	18.8556	1.4E-05	0.0262285	0.005937	19.517	1.0E-05	19.1922	1.2E-05
rs9579775	13	20616557	0.0139469	A	C	0.863467	0.926233	0.0234964	8.8E-01	-0.000289674	0.00852903	0.00115351	9.7E-01	0.000259448	9.9E-01
rs4771218	13	28655311	0.212187	G	A	0.373005	0.991013	2.41374	1.2E-01	-0.00928857	0.00584566	2.52482	1.1E-01	2.92377	8.7E-02
rs9591001	13	33042870	0.304346	G	A	0.634695	0.994769	0.297257	5.9E-01	-0.0029421	0.00587585	0.250711	6.2E-01	0.0408441	8.4E-01
rs9568856	13	54064981	0.568758	G	A	0.871723	1	0.307854	5.8E-01	-0.00450186	0.0084224	0.285701	5.9E-01	0.300949	5.8E-01
rs6561937	13	58257667	0.585042	T	A	0.243776	0.993408	0.0686403	7.9E-01	-0.00209842	0.00659006	0.101393	7.5E-01	0.100149	7.5E-01
rs1413125	13	59260131	0.587755	G	T	0.574048	0.994453	2.60813	1.1E-01	-0.00962933	0.00571628	2.83769	9.2E-02	3.2922	7.0E-02
rs1441264	13	79580919	0.787841	G	A	0.406364	0.956515	3.39056	6.6E-02	0.0108776	0.00583641	3.47356	6.2E-02	3.99255	4.6E-02
rs61969477	13	86477950	0.835644	T	C	0.717214	0.998003	0.44073	5.1E-01	-0.00485223	0.0062479	0.603134	4.4E-01	0.140464	7.1E-01
rs1927790	13	96922191	0.93596	T	C	0.587589	0.998094	0.144413	7.0E-01	0.00188215	0.00572901	0.107932	7.4E-01	0.196253	6.6E-01
rs7335249	13	109962579	1.18904	T	C	0.587526	0.995494	0.00385958	9.5E-01	0.000239409	0.00572996	0.00174573	9.7E-01	0.00100425	9.7E-01
rs7141213	14	25878636	0.160923	C	T	0.428505	0.99817	0.470559	4.9E-01	0.00364613	0.00570874	0.407929	5.2E-01	0.655192	4.2E-01
rs6576279	14	29649958	0.207571	G	C	0.190393	0.998923	0.40453	5.2E-01	-0.00437845	0.00714753	0.375257	5.4E-01	0.33069	5.7E-01
rs2143975	14	33297398	0.262161	C	G	0.467897	0.986467	0.440346	5.1E-01	-0.00349866	0.00569706	0.37714	5.4E-01	0.387447	5.3E-01
rs35020117	14	73341655	0.671145	T	G	0.538277	0.933938	3.1349	7.7E-02	0.0110772	0.00584054	3.59711	5.8E-02	3.9955	4.6E-02
rs7159565	14	79891894	0.74792	T	C	0.36268	0.984708	0.10392	7.5E-01	-0.00231143	0.00587996	0.15453	6.9E-01	0.118726	7.3E-01
rs1951455	14	91512339	0.88209	T	C	0.283982	0.997245	0.0600081	8.1E-01	0.000305848	0.00624356	0.00239965	9.6E-01	0.020286	8.9E-01
rs2273639	14	93762162	0.916561	C	T	0.692907	0.99913	2.16074	1.4E-01	-0.00959937	0.00611025	2.46812	1.2E-01	1.72738	1.9E-01
rs7161194	14	101529005	1.0886	A	G	0.336786	0.914125	2.36084	1.2E-01	0.0110935	0.00622335	3.17753	7.5E-02	3.27959	7.0E-02
rs12148050	14	103263788	1.11638	A	G	0.348874	0.9994	0.684916	4.1E-01	-0.00458824	0.00589342	0.606117	4.4E-01	0.627319	4.3E-01
rs35443927	14	103849715	1.12404	C	T	0.630061	0.995118	2.84057	9.2E-02	-0.00991142	0.0058239	2.8963	8.9E-02	2.31	1.3E-01
rs11070502	15	46574981	0.663836	G	A	0.422393	0.996515	0.0652028	8.0E-01	0.00225708	0.00571113	0.156188	6.9E-01	0.0493361	8.2E-01
rs11631408	15	51746236	0.710161	A	G	0.457534	0.996425	5.10057	2.4E-02	0.0127514	0.00566702	5.06299	2.4E-02	6.54729	1.1E-02
rs12908949	15	59475713	0.795908	T	G	0.77013	0.991439	0.0171964	9.0E-01	-0.00072528	0.0067104	0.0116819	9.1E-01	0.0228342	8.8E-01
rs12903168	15	67680209	0.914057	T	C	0.726776	0.98909	3.82801	5.0E-02	0.0130413	0.00635355	4.21316	4.0E-02	4.20266	4.0E-02
rs4777542	15	73082366	0.987566	C	T	0.670419	0.995307	0.0804648	7.8E-01	0.000775386	0.00601837	0.0165988	9.0E-01	0.00337402	9.5E-01
rs11855821	15	78008843	1.01251	G	A	0.714306	0.958126	2.07821	1.5E-01	0.00932723	0.00634691	2.15964	1.4E-01	1.54479	2.1E-01
rs12914623	15	80993570	1.05801	G	C	0.732913	0.994175	1.94315	1.6E-01	-0.00751763	0.00636984	1.39285	2.4E-01	1.67593	2.0E-01
rs7168523	15	95263911	1.31585	C	T	0.355269	0.99653	0.0218664	8.8E-01	7.92407e-05	0.00588796	0.00018112	9.9E-01	0.000329389	9.9E-01
rs1048786	16	336916	0.0036807	C	T	0.830941	1	1.78765	1.8E-01	0.0111367	0.00751253	2.19758	1.4E-01	2.49381	1.1E-01
rs2601773	16	4001898	0.0718473	C	A	0.503399	0.995484	0.435227	5.1E-01	-0.00415487	0.00563793	0.543093	4.6E-01	0.374271	5.4E-01
rs9934930	16	4902038	0.0862098	A	G	0.521116	0.994594	0.00792359	9.3E-01	5.95719e-05	0.00566912	0.000110421	9.9E-01	0.0103274	9.2E-01
rs7187976	16	19708196	0.389763	A	G	0.820215	0.98274	0.432763	5.1E-01	-0.00487537	0.00737976	0.436447	5.1E-01	0.320574	5.7E-01
rs4238585	16	20255097	0.398011	C	T	0.13201	0.96298	0.836622	3.6E-01	-0.00678323	0.00846504	0.642118	4.2E-01	0.874635	3.5E-01
rs11074452	16	20370168	0.40198	C	G	0.490517	0.995812	0.655033	4.2E-01	-0.00483817	0.0056458	0.734363	3.9E-01	0.858281	3.5E-01
rs200539	16	24735178	0.466016	T	C	0.268765	0.996448	0.0614459	8.0E-01	0.00149117	0.00633065	0.055483	8.1E-01	0.00408397	9.5E-01
rs2650494	16	28318440	0.541911	A	G	0.581267	0.992404	0.250264	6.2E-01	-0.00352963	0.00571146	0.381914	5.4E-01	0.468729	4.9E-01
rs4787483	16	29885447	0.552081	A	G	0.662227	1	0.112031	7.4E-01	-0.00116219	0.0059597	0.0380284	8.5E-01	0.0301609	8.6E-01
rs111886096	16	53598310	0.644304	A	G	0.862466	0.993464	1.17672	2.8E-01	0.00931771	0.00818983	1.2944	2.6E-01	1.39238	2.4E-01
rs7205986	16	53755146	0.644839	A	G	0.489919	0.988839	0.19168	6.6E-01	0.00382137	0.0056776	0.453012	5.0E-01	0.524977	4.7E-01
rs5011579	16	69187318	0.855228	C	G	0.2843	0.994942	2.01554	1.6E-01	-0.00840154	0.00625387	1.80476	1.8E-01	1.38123	2.4E-01
rs12924872	16	69552215	0.858355	C	T	0.533347	0.984378	5.33261	2.1E-02	0.0131984	0.00569657	5.36802	2.1E-02	5.22783	2.2E-02
rs11648003	16	72052348	0.872944	A	G	0.779015	0.991685	34.4868	4.3E-09	-0.0396767	0.00679427	34.1024	5.2E-09	34.4794	4.3E-09
rs77081114	17	1816762	0.0641667	G	A	0.834903	1	0.0117393	9.1E-01	-0.00101445	0.00759096	0.0178596	8.9E-01	7.98054e-05	9.9E-01
rs3026101	17	5280440	0.136672	T	C	0.696449	0.998494	3.04255	8.1E-02	0.0107504	0.00613303	3.07254	8.0E-02	3.60752	5.8E-02
rs10491104	17	15884561	0.425342	C	T	0.468509	1	0.160145	6.9E-01	-0.00217988	0.00564422	0.149162	7.0E-01	0.025604	8.7E-01
rs9906072	17	21245687	0.471598	T	C	0.486625	0.873727	0.89743	3.4E-01	0.0066905	0.00603535	1.22889	2.7E-01	0.702979	4.0E-01
rs9904602	17	34835526	0.595066	T	A	0.482475	0.99641	0.0434302	8.3E-01	-0.00125158	0.00563931	0.0492566	8.2E-01	0.221335	6.4E-01
rs17616799	17	46039553	0.703155	A	G	0.898327	0.994334	0.612925	4.3E-01	0.00934406	0.00933109	1.00278	3.2E-01	1.28425	2.6E-01
rs55797392	17	47055622	0.707863	G	A	0.589793	0.985453	0.0263325	8.7E-01	0.000280507	0.00575629	0.00237466	9.6E-01	0.0638828	8.0E-01
rs7211966	17	54374611	0.801315	C	T	0.981745	0.996866	0.00349698	9.5E-01	-0.00417774	0.0210013	0.0395723	8.4E-01	0.133741	7.1E-01
rs17631394	17	61646000	0.886955	G	A	0.736546	0.99153	2.60428	1.1E-01	0.0106378	0.0064194	2.74606	9.7E-02	3.16208	7.5E-02
rs2619976	17	71754545	1.06134	C	T	0.589126	0.992569	3.08863	7.9E-02	0.00915911	0.00575538	2.53255	1.1E-01	4.24088	3.9E-02
rs4424946	17	78554888	1.24995	T	C	0.762112	0.998925	0.0665215	8.0E-01	-0.00117733	0.00661311	0.0316947	8.6E-01	0.0481269	8.3E-01
rs4076427	17	79087537	1.26024	G	C	0.609873	0.985353	1.828	1.8E-01	-0.00831014	0.00578755	2.06171	1.5E-01	1.07753	3.0E-01
rs1371274	18	1837007	0.0479005	A	C	0.863572	0.995553	0.898223	3.4E-01	0.00742994	0.00818729	0.82355	3.6E-01	0.928615	3.4E-01
rs11875960	18	21071925	0.432054	A	G	0.650113	0.974621	0.0654442	8.0E-01	0.00160004	0.00597868	0.0716228	7.9E-01	0.0112453	9.2E-01
rs9807506	18	39493911	0.604143	C	T	0.110516	0.995331	1.56578	2.1E-01	0.011423	0.0089961	1.61231	2.0E-01	1.34046	2.5E-01
rs4890428	18	40697340	0.611694	G	T	0.5787	0.994435	4.9349	2.6E-02	0.0136439	0.00572677	5.67623	1.7E-02	7.89396	5.0E-03
rs7239114	18	45921214	0.66958	G	A	0.458185	0.985699	0.113049	7.4E-01	-0.00146178	0.0056895	0.0660105	8.0E-01	0.0249324	8.7E-01
rs72934723	18	53305311	0.747109	A	G	0.96095	0.966483	0.0134514	9.1E-01	-0.00161696	0.0147822	0.0119651	9.1E-01	0.00250088	9.6E-01
rs2187176	18	57679365	0.819838	A	G	0.309978	0.982596	0.0220915	8.8E-01	-4.9725e-05	0.00614104	6.55642e-05	9.9E-01	0.061374	8.0E-01
rs117758180	18	57809744	0.821562	C	T	0.97678	1	0.273558	6.0E-01	-0.00934458	0.0186862	0.250078	6.2E-01	0.117202	7.3E-01
rs113268469	18	57862913	0.821729	C	T	0.982698	0.966786	2.69226	1.0E-01	-0.0341726	0.0219674	2.41992	1.2E-01	3.13461	7.7E-02
rs11668832	19	1812682	0.0683182	A	G	0.450689	0.989019	0.845353	3.6E-01	-0.00499127	0.00566934	0.775101	3.8E-01	1.40258	2.4E-01
rs72976986	19	4050424	0.142675	G	A	0.810758	0.984512	3.38523	6.6E-02	-0.0131942	0.0072434	3.31803	6.9E-02	4.12056	4.2E-02
rs8110479	19	10734951	0.317437	T	C	0.0486634	0.947456	47.5949	5.2E-12	-0.0914659	0.0133649	46.8369	7.7E-12	48.8693	2.7E-12
rs112159161	19	11192603	0.31876	C	T	0.983126	0.950328	31.8372	1.7E-08	0.12362	0.0223062	30.7135	3.0E-08	30.6399	3.1E-08
rs10401969	19	19407718	0.462132	T	C	0.923616	0.997407	32.6675	1.1E-08	0.0621956	0.0105995	34.4311	4.4E-09	36.2782	1.7E-09
rs12461902	19	30265235	0.512848	G	A	0.672506	0.985963	0.508954	4.8E-01	-0.00373041	0.00604557	0.380748	5.4E-01	0.385072	5.3E-01
rs11882409	19	34019685	0.562915	C	A	0.713772	0.966519	0.113743	7.4E-01	-0.00228368	0.00632114	0.13052	7.2E-01	0.141086	7.1E-01
rs62116588	19	44446097	0.68736	C	G	0.976805	0.933368	31.5174	2.0E-08	0.108767	0.0193426	31.62	1.9E-08	35.286	2.8E-09
rs28550459	19	45037783	0.693461	T	A	0.964339	0.862461	31.6503	1.8E-08	0.0903823	0.0162698	30.8606	2.8E-08	31.5234	2.0E-08
rs73048351	19	45160086	0.697689	C	A	0.989712	0.91554	59.6861	1.1E-14	0.234454	0.029161	64.6414	9.0E-16	64.0937	1.2E-15
rs139326841	19	45269725	0.701551	T	C	0.978636	0.821408	38.349	5.9E-10	-0.131987	0.0213694	38.1486	6.6E-10	37.4123	9.6E-10
rs3745150	19	45385759	0.706836	G	C	0.607337	0.977556	75.4079	3.8E-18	-0.0504826	0.00583019	74.9753	4.8E-18	74.7826	5.3E-18
rs146390218	19	45478352	0.709104	A	G	0.973731	0.966351	153.85	2.5E-35	0.224704	0.0178599	158.293	2.7E-36	167.495	2.6E-38
rs141651018	19	46042665	0.717068	C	T	0.969731	0.964852	47.2578	6.2E-12	0.116774	0.0166835	48.9912	2.6E-12	51.0718	8.9E-13
rs1884389	20	1410582	0.0620248	C	T	0.560429	0.990862	0.0524562	8.2E-01	-0.00129589	0.00569362	0.0518035	8.2E-01	0.0455123	8.3E-01
rs1321453	20	6585670	0.214258	G	A	0.332006	0.979962	0.417401	5.2E-01	0.00421652	0.00604914	0.485872	4.9E-01	0.875306	3.5E-01
rs947088	20	17171373	0.411628	G	T	0.280165	0.992316	2.03936	1.5E-01	0.00912377	0.00629967	2.09755	1.5E-01	1.88683	1.7E-01
rs8116853	20	21439820	0.48109	A	G	0.902603	0.99434	0.112776	7.4E-01	-0.00277658	0.00950238	0.0853797	7.7E-01	0.109931	7.4E-01
rs6142096	20	32686658	0.536502	G	A	0.481267	0.998195	0.0628285	8.0E-01	-0.00154522	0.00564249	0.0749964	7.8E-01	0.0442971	8.3E-01
rs11699260	20	50813508	0.791033	G	C	0.710789	0.999421	0.000487059	9.8E-01	0.000275892	0.00619685	0.00198216	9.6E-01	0.088102	7.7E-01
rs2836753	21	40291187	0.447396	T	C	0.362883	0.999333	0.629723	4.3E-01	0.0052181	0.00584605	0.79671	3.7E-01	1.13482	2.9E-01
rs1964926	21	42653121	0.51205	A	G	0.35393	0.992207	0.0504764	8.2E-01	-0.00203551	0.00591411	0.118459	7.3E-01	0.189629	6.6E-01
rs8130074	21	46498684	0.621941	C	G	0.35124	0.996511	0.186464	6.7E-01	-0.00294792	0.00591131	0.248693	6.2E-01	0.347397	5.6E-01
rs4820399	22	40546633	0.498151	C	T	0.4075	0.991505	0.108809	7.4E-01	0.00203726	0.00573948	0.125993	7.2E-01	0.547328	4.6E-01
rs13053342	22	48871624	0.664334	G	A	0.577345	0.990848	0.0329717	8.6E-01	-0.00169032	0.00571113	0.087598	7.7E-01	0.0154867	9.0E-01
