rs28788874	1	1520725	0.0141684	C	T	0.584735	0.768295	0.106126	7.4E-01	-0.00176346	0.00648166	0.0740215	7.9E-01	0.00250739	9.6E-01
rs72634501	1	39551488	0.669558	T	C	0.760747	0.973003	1.35057	2.5E-01	0.00867137	0.00668824	1.68094	1.9E-01	1.57213	2.1E-01
rs7545034	1	47659445	0.739124	T	C	0.495311	0.986554	0.962984	3.3E-01	-0.00554936	0.00567122	0.957487	3.3E-01	1.19061	2.8E-01
rs7553454	1	49231261	0.759781	T	C	0.774904	0.984417	0.218462	6.4E-01	0.00256709	0.00677068	0.143753	7.0E-01	0.121143	7.3E-01
rs12117661	1	55487346	0.808955	C	G	0.755046	0.987273	59.126	1.5E-14	0.0516823	0.00660098	61.3009	4.9E-15	61.7495	3.9E-15
rs626787	1	62901243	0.92278	C	G	0.648073	0.994875	28.8879	7.7E-08	0.0329166	0.00590387	31.0855	2.5E-08	36.9713	1.2E-09
rs2422134	1	72514701	1.03261	G	C	0.494392	0.995097	0.52018	4.7E-01	-0.00462791	0.00563495	0.674511	4.1E-01	0.643004	4.2E-01
rs6690871	1	74977277	1.04309	A	G	0.592502	0.986356	3.43229	6.4E-02	0.0101704	0.00576808	3.10893	7.8E-02	3.53349	6.0E-02
rs2247536	1	77919438	1.07305	G	C	0.734406	0.984022	0.175476	6.8E-01	-0.00206246	0.00643179	0.102828	7.5E-01	0.511907	4.7E-01
rs1536023	1	96882019	1.26526	C	A	0.779556	0.988892	0.724125	3.9E-01	0.00536273	0.00683358	0.61585	4.3E-01	0.934894	3.3E-01
rs10747488	1	98299475	1.27829	C	A	0.231417	0.993887	0.027344	8.7E-01	-0.000793997	0.00670701	0.0140146	9.1E-01	0.0199965	8.9E-01
rs920835	1	107946802	1.36667	G	A	0.707486	0.968585	0.000793605	9.8E-01	0.00120924	0.00629471	0.0369041	8.5E-01	0.101959	7.5E-01
rs892511	1	110078255	1.38888	C	G	0.970555	0.964927	22.1312	2.5E-06	0.0817095	0.0169326	23.2863	1.4E-06	21.7076	3.2E-06
rs12033257	1	112318484	1.42838	A	G	0.621237	0.983831	0.174376	6.8E-01	-0.00308112	0.00586099	0.27636	6.0E-01	0.177885	6.7E-01
rs4357530	1	151103153	1.65977	G	A	0.321207	0.991504	0.00710831	9.3E-01	-0.000720233	0.00605685	0.0141401	9.1E-01	0.0525103	8.2E-01
rs148261599	1	155253286	1.69959	C	G	0.796018	0.939661	0.205431	6.5E-01	0.00273911	0.00718565	0.145307	7.0E-01	0.253903	6.1E-01
rs12565430	1	174400537	1.95129	G	A	0.890495	0.989663	1.45023	2.3E-01	-0.00974506	0.00903749	1.16272	2.8E-01	0.905039	3.4E-01
rs10913418	1	177755299	1.98687	C	A	0.596511	0.989574	0.721645	4.0E-01	-0.00505068	0.0057688	0.766529	3.8E-01	0.583707	4.4E-01
rs1359940	1	177848153	1.98809	T	C	0.542981	0.978287	4.0203	4.5E-02	-0.0110488	0.0057166	3.73556	5.3E-02	3.06539	8.0E-02
rs9425633	1	184657251	2.05452	T	C	0.517837	0.997773	0.0201472	8.9E-01	-0.000841542	0.005633	0.0223189	8.8E-01	0.126773	7.2E-01
rs10801363	1	194922207	2.13186	T	A	0.632532	0.99595	2.32494	1.3E-01	-0.00852725	0.00584493	2.12843	1.4E-01	2.46058	1.2E-01
rs2494116	1	201784151	2.19723	G	A	0.451622	0.998902	0.166921	6.8E-01	0.00178871	0.0056493	0.100252	7.5E-01	0.0755639	7.8E-01
rs661955	1	234842856	2.62186	G	C	0.481801	0.978806	36.1887	1.8E-09	-0.0338316	0.00568733	35.3857	2.7E-09	38.9469	4.4E-10
rs12042959	1	243533273	2.82744	A	G	0.856757	0.985729	0.00724679	9.3E-01	0.000577308	0.00807434	0.00511213	9.4E-01	0.00412178	9.5E-01
rs6548228	2	345889	0.00380575	T	C	0.476197	0.997111	4.65022	3.1E-02	-0.0115154	0.0056428	4.16454	4.1E-02	3.97673	4.6E-02
rs2667214	2	449487	0.00560823	A	G	0.676488	0.984343	0.544781	4.6E-01	-0.00483253	0.00607265	0.633275	4.3E-01	0.471066	4.9E-01
rs10176391	2	574368	0.00678655	C	G	0.988537	0.920209	3.11625	7.8E-02	0.0491723	0.0275415	3.18762	7.4E-02	3.0717	8.0E-02
rs11673889	2	21104631	0.419072	G	C	0.739344	0.972648	35.6233	2.4E-09	0.0385014	0.00649904	35.0958	3.1E-09	36.014	2.0E-09
rs10172650	2	21205457	0.419831	G	A	0.681392	0.998322	32.4545	1.2E-08	-0.0344431	0.00603456	32.5772	1.1E-08	36.9377	1.2E-09
rs1083864	2	27619049	0.473426	C	G	0.554774	0.996404	29.5931	5.3E-08	0.0312578	0.00567628	30.3241	3.7E-08	32.444	1.2E-08
rs10048652	2	35449306	0.577825	T	C	0.438309	0.999392	3.43679	6.4E-02	0.00965936	0.0056829	2.88906	8.9E-02	3.45463	6.3E-02
rs56266464	2	44054991	0.686489	G	A	0.939556	0.986548	57.7179	3.0E-14	0.092573	0.0119072	60.4431	7.6E-15	60.4814	7.4E-15
rs698838	2	44738763	0.693339	C	T	0.374359	1	1.09945	2.9E-01	-0.00604543	0.00581969	1.07909	3.0E-01	0.731185	3.9E-01
rs3198123	2	55207693	0.827446	C	T	0.698625	0.993954	0.278633	6.0E-01	-0.00264937	0.00616102	0.184919	6.7E-01	0.677215	4.1E-01
rs13032423	2	57992112	0.847237	G	A	0.445418	0.996747	4.66597	3.1E-02	-0.0125447	0.00568143	4.87535	2.7E-02	4.86785	2.7E-02
rs55767040	2	58955028	0.850031	T	C	0.699424	0.989049	3.41624	6.5E-02	0.0106167	0.00618782	2.94378	8.6E-02	2.87502	9.0E-02
rs980183	2	59311536	0.858192	G	A	0.398003	0.996406	1.25937	2.6E-01	-0.0062513	0.0057585	1.17848	2.8E-01	1.62591	2.0E-01
rs7557796	2	86766153	1.16162	T	C	0.352323	0.999778	0.608846	4.4E-01	0.00497122	0.00589583	0.710946	4.0E-01	0.499105	4.8E-01
rs13023088	2	100576304	1.22131	C	T	0.849851	0.99385	3.53668	6.0E-02	-0.0149254	0.00789178	3.57685	5.9E-02	3.33142	6.8E-02
rs9308868	2	104361420	1.24985	G	A	0.475644	0.997977	0.92963	3.3E-01	0.0063676	0.00565022	1.27005	2.6E-01	0.82441	3.6E-01
rs1349512	2	105435369	1.26243	T	C	0.689911	0.999103	0.336201	5.6E-01	0.0044056	0.00607921	0.52519	4.7E-01	0.084981	7.7E-01
rs1530559	2	135755629	1.58463	A	G	0.600693	1	1.04652	3.1E-01	-0.00654776	0.00570061	1.3193	2.5E-01	1.45732	2.3E-01
rs2034604	2	143958745	1.64938	C	T	0.463349	0.997459	2.4151	1.2E-01	-0.00915213	0.00565453	2.6197	1.1E-01	2.38549	1.2E-01
rs12692596	2	161265910	1.78694	C	T	0.629192	0.996301	5.09894	2.4E-02	0.0130513	0.00581349	5.04	2.5E-02	4.49333	3.4E-02
rs12328675	2	165540800	1.81492	T	C	0.879644	0.99881	6.86705	8.8E-03	0.0213272	0.00863754	6.0966	1.4E-02	4.18654	4.1E-02
rs6745626	2	181436641	2.00364	C	T	0.408617	0.996845	0.0463766	8.3E-01	-0.00124982	0.00573427	0.047505	8.3E-01	0.150682	7.0E-01
rs6743255	2	205363596	2.17314	A	G	0.119725	1	0.0217752	8.8E-01	0.00331605	0.00865417	0.146822	7.0E-01	0.193835	6.6E-01
rs13000757	2	207145906	2.20108	G	T	0.495484	0.995817	0.912642	3.4E-01	0.00474399	0.0056515	0.704628	4.0E-01	0.550668	4.6E-01
rs11692326	2	208263279	2.21189	C	T	0.770028	0.999964	1.49266	2.2E-01	0.00771533	0.00667481	1.33608	2.5E-01	1.0851	3.0E-01
rs12611517	2	228977034	2.47863	T	A	0.656814	0.999378	0.907093	3.4E-01	0.00500952	0.00592713	0.714338	4.0E-01	0.867817	3.5E-01
rs12473885	2	230569590	2.5018	G	T	0.878273	0.993886	0.53737	4.6E-01	-0.00670418	0.00861614	0.605432	4.4E-01	0.254844	6.1E-01
rs13098833	3	20428568	0.395393	A	G	0.723663	0.994024	0.00813405	9.3E-01	0.000122139	0.00634217	0.000370881	9.8E-01	0.0236014	8.8E-01
rs754635	3	42305131	0.652861	C	G	0.112989	0.99768	0.521281	4.7E-01	-0.00762536	0.00886905	0.739207	3.9E-01	0.444617	5.0E-01
rs72906474	3	47817007	0.688057	G	T	0.417107	0.973948	0.15331	7.0E-01	-0.00237575	0.00579028	0.168345	6.8E-01	0.437746	5.1E-01
rs71326904	3	49991060	0.690403	C	T	0.749113	0.999883	0.046036	8.3E-01	-0.000672532	0.00649998	0.0107053	9.2E-01	0.00065247	9.8E-01
rs1371095	3	61147530	0.807508	A	G	0.581645	0.99157	0.0297239	8.6E-01	0.000502323	0.00573732	0.00766562	9.3E-01	0.00131147	9.7E-01
rs9874646	3	62462818	0.82936	C	T	0.314458	0.963027	1.7686	1.8E-01	-0.00873917	0.0061839	1.99718	1.6E-01	1.92115	1.7E-01
rs7430139	3	82504148	1.08216	A	G	0.834726	1	0.140091	7.1E-01	-0.00266226	0.00760157	0.122658	7.3E-01	0.193813	6.6E-01
rs1248859	3	85017098	1.08828	G	C	0.331024	0.996188	5.65876	1.7E-02	0.0144805	0.00600157	5.82151	1.6E-02	7.34807	6.7E-03
rs9857105	3	93893210	1.10433	A	G	0.459959	0.997124	1.31005	2.5E-01	-0.00639543	0.00567077	1.27191	2.6E-01	1.20682	2.7E-01
rs11917909	3	107864673	1.2019	G	A	0.64971	0.995989	0.507758	4.8E-01	-0.00405363	0.00590389	0.471425	4.9E-01	0.343841	5.6E-01
rs2037001	3	131458973	1.44255	C	G	0.708207	0.979412	5.09556	2.4E-02	-0.0131128	0.0062639	4.3823	3.6E-02	3.97918	4.6E-02
rs9827662	3	135710841	1.49347	C	A	0.75398	0.999173	6.54698	1.1E-02	-0.0164465	0.00653597	6.33181	1.2E-02	5.32674	2.1E-02
rs355786	3	153990749	1.684	G	A	0.607502	0.999005	0.00181729	9.7E-01	-0.000299869	0.00578472	0.00268719	9.6E-01	0.030488	8.6E-01
rs1604038	3	170709193	1.7983	C	T	0.714201	0.999363	0.00500817	9.4E-01	0.000400633	0.00622577	0.00414102	9.5E-01	0.0362776	8.5E-01
rs9867130	3	185729753	2.0208	A	G	0.141676	0.965346	0.545079	4.6E-01	0.00728635	0.00824365	0.781233	3.8E-01	0.729328	3.9E-01
rs11736501	4	18451423	0.339653	A	C	0.680338	0.997158	0.301951	5.8E-01	0.00309457	0.00603737	0.262726	6.1E-01	0.887719	3.5E-01
rs73244271	4	20091053	0.357316	A	G	0.887469	0.995322	0.0823571	7.7E-01	-0.00155888	0.00895708	0.0302895	8.6E-01	0.0259605	8.7E-01
rs6849555	4	25150890	0.433804	G	C	0.799698	0.94032	2.08612	1.5E-01	0.0106333	0.00725586	2.14764	1.4E-01	3.2446	7.2E-02
rs4623046	4	45042343	0.679347	G	A	0.33237	0.994028	0.384104	5.4E-01	-0.00300214	0.0059834	0.251749	6.2E-01	0.0679006	7.9E-01
rs6829208	4	52728640	0.6941	T	C	0.726338	0.99807	1.23786	2.7E-01	-0.00577699	0.00631131	0.837846	3.6E-01	0.5023	4.8E-01
rs6815651	4	55487718	0.714225	C	T	0.450226	0.994486	5.67451	1.7E-02	-0.0133186	0.00566575	5.52591	1.9E-02	5.60953	1.8E-02
rs923994	4	67802992	0.836181	A	G	0.217153	0.992221	4.95613	2.6E-02	0.0158637	0.00683188	5.39177	2.0E-02	5.87977	1.5E-02
rs12645001	4	96018337	1.09763	G	A	0.650874	0.99796	3.85301	5.0E-02	0.0108144	0.00590425	3.35485	6.7E-02	2.55095	1.1E-01
rs13105682	4	102702364	1.15516	T	G	0.941406	0.93989	0.77904	3.8E-01	-0.0119425	0.01237	0.932084	3.3E-01	0.84192	3.6E-01
rs11728213	4	113309647	1.25168	G	A	0.683684	0.99931	0.00145093	9.7E-01	0.00092279	0.00606458	0.0231528	8.8E-01	0.233267	6.3E-01
rs1296328	4	137083193	1.44321	A	C	0.440098	0.99123	2.44392	1.2E-01	-0.00794781	0.00572229	1.9291	1.6E-01	2.17938	1.4E-01
rs4863516	4	140773770	1.49281	T	C	0.672112	0.999318	1.08693	3.0E-01	0.0060082	0.00599251	1.00524	3.2E-01	0.951182	3.3E-01
rs750090	4	152931436	1.59021	T	C	0.646587	0.97605	0.449409	5.0E-01	0.00380882	0.0059307	0.412449	5.2E-01	0.264707	6.1E-01
rs13110266	4	162129844	1.69444	G	A	0.582061	0.993805	0.151308	7.0E-01	-0.00208893	0.00571984	0.133376	7.1E-01	0.210978	6.5E-01
rs4597930	5	27171542	0.425308	T	C	0.71786	0.997265	0.423776	5.2E-01	0.00426161	0.00627137	0.461768	5.0E-01	0.294594	5.9E-01
rs6451675	5	43110855	0.62057	C	G	0.307452	0.990847	0.851324	3.6E-01	0.00464014	0.00611692	0.575435	4.5E-01	0.418473	5.2E-01
rs6449674	5	62995938	0.739824	T	C	0.52251	0.996207	0.0812948	7.8E-01	0.00157954	0.0056437	0.0783311	7.8E-01	0.0290865	8.6E-01
rs6891856	5	63972658	0.744519	G	T	0.472565	0.983364	1.23971	2.7E-01	-0.0054123	0.00568712	0.905689	3.4E-01	1.32117	2.5E-01
rs4072296	5	74242002	0.858799	T	C	0.46019	0.938263	26.1765	3.1E-07	-0.0303688	0.00582783	27.1544	1.9E-07	33.2161	8.2E-09
rs11740689	5	80841360	0.956164	A	C	0.681749	0.9953	2.84713	9.2E-02	0.0101981	0.00604797	2.8433	9.2E-02	2.55858	1.1E-01
rs77156384	5	87709219	1.01438	A	G	0.979071	1	2.27849	1.3E-01	0.0294712	0.0196871	2.24096	1.3E-01	2.17192	1.4E-01
rs7701355	5	88804839	1.01946	G	T	0.578544	0.999666	0.27624	6.0E-01	-0.00298887	0.00570985	0.274009	6.0E-01	0.171235	6.8E-01
rs6885199	5	92574633	1.04879	G	A	0.9622	1	1.48179	2.2E-01	-0.0175762	0.0147569	1.4186	2.3E-01	1.02654	3.1E-01
rs12186664	5	95630225	1.07202	A	T	0.684284	0.993149	0.420638	5.2E-01	-0.00376604	0.00606662	0.385369	5.3E-01	0.31026	5.8E-01
rs1835978	5	107265051	1.15538	T	C	0.111179	0.976322	2.18929	1.4E-01	0.0130086	0.00905111	2.06564	1.5E-01	2.78226	9.5E-02
rs459552	5	112176756	1.19663	T	A	0.232844	1	0.888361	3.5E-01	-0.00679948	0.006649	1.04578	3.1E-01	1.61489	2.0E-01
rs329120	5	133861756	1.41589	C	T	0.579716	0.996967	0.0178092	8.9E-01	0.00177075	0.00571627	0.0959594	7.6E-01	0.273916	6.0E-01
rs356453	5	139053563	1.4578	G	A	0.669183	0.993285	1.48249	2.2E-01	0.00759368	0.00599399	1.60499	2.1E-01	2.07183	1.5E-01
rs2190788	5	144484261	1.52142	G	T	0.681254	0.989372	2.06224	1.5E-01	-0.00866278	0.00609208	2.02201	1.6E-01	2.35145	1.3E-01
rs7701886	5	153547409	1.6413	G	A	0.45336	0.99206	1.42927	2.3E-01	0.00643808	0.00568016	1.28467	2.6E-01	1.7665	1.8E-01
rs2287894	5	170322919	1.86356	T	A	0.272401	0.998905	0.055956	8.1E-01	0.00136178	0.00633235	0.0462473	8.3E-01	0.273812	6.0E-01
rs10947758	6	12093961	0.272682	T	C	0.645937	0.995017	1.59711	2.1E-01	-0.00760329	0.00591112	1.65449	2.0E-01	1.01628	3.1E-01
rs9357634	6	13192190	0.290983	T	C	0.701576	0.98883	1.00557	3.2E-01	0.006608	0.00619444	1.13798	2.9E-01	1.05349	3.0E-01
rs3806114	6	20482335	0.408974	G	A	0.330694	0.979566	0.489266	4.8E-01	-0.00375623	0.00605619	0.384685	5.4E-01	0.664449	4.1E-01
rs2768	6	31321856	0.512785	A	G	0.749612	0.995049	2.13389	1.4E-01	-0.00844082	0.00652523	1.67332	2.0E-01	2.77685	9.6E-02
rs2260051	6	31591918	0.515519	A	T	0.438115	0.999979	2.0396	1.5E-01	-0.0080828	0.00566746	2.03398	1.5E-01	3.31228	6.9E-02
rs57493997	6	34443523	0.547182	T	C	0.907375	0.988432	0.0320947	8.6E-01	0.00191664	0.00976372	0.0385344	8.4E-01	0.0979234	7.5E-01
rs35679149	6	43604167	0.672046	A	G	0.973525	1	0.00491392	9.4E-01	0.00387686	0.0175626	0.0487284	8.3E-01	0.411922	5.2E-01
rs4714925	6	46304194	0.722787	A	G	0.493044	0.998125	0.0402008	8.4E-01	0.00109337	0.00563915	0.0375934	8.5E-01	0.0375109	8.5E-01
rs9473821	6	50356035	0.748721	T	C	0.122366	0.995677	5.37203	2.0E-02	-0.0201457	0.00861092	5.4735	1.9E-02	3.46637	6.3E-02
rs1369869	6	83366282	0.934423	C	T	0.558841	0.987317	0.273061	6.0E-01	0.00412861	0.00570725	0.523303	4.7E-01	0.473758	4.9E-01
rs6905544	6	98411631	1.06235	A	G	0.398807	0.997318	1.06947	3.0E-01	0.00532873	0.00576007	0.855838	3.5E-01	0.675991	4.1E-01
rs1575676	6	108861264	1.17848	C	T	0.628148	0.997454	1.02654	3.1E-01	0.00623346	0.00581919	1.14745	2.8E-01	0.925659	3.4E-01
rs9387640	6	119508871	1.25792	C	T	0.635398	1	0.945197	3.3E-01	-0.00537711	0.00586416	0.840789	3.6E-01	1.04124	3.1E-01
rs198665	6	143154886	1.51958	C	A	0.629508	0.991725	5.92134	1.5E-02	0.0149835	0.00586081	6.53602	1.1E-02	4.85739	2.8E-02
rs7755574	6	153364643	1.66311	G	T	0.718151	0.997121	4.64189	3.1E-02	0.0135909	0.00629854	4.65607	3.1E-02	5.50959	1.9E-02
rs13209728	6	162997533	1.81843	A	C	0.861097	0.999607	0.0623126	8.0E-01	0.00337108	0.00814896	0.171133	6.8E-01	0.193137	6.6E-01
rs11767176	7	1852823	0.0275939	G	A	0.78849	0.994823	0.350183	5.5E-01	0.00363011	0.00689374	0.277287	6.0E-01	0.307451	5.8E-01
rs4307239	7	24354300	0.415589	A	G	0.540084	0.99283	1.94658	1.6E-01	-0.00712336	0.00566777	1.57959	2.1E-01	1.6165	2.0E-01
rs17725246	7	44581986	0.698744	T	C	0.815924	0.999146	29.5232	5.5E-08	-0.0400776	0.00723765	30.6625	3.1E-08	34.1916	5.0E-09
rs3807566	7	50564204	0.76671	G	T	0.56098	0.994523	0.0534791	8.2E-01	0.000588788	0.00568063	0.010743	9.2E-01	0.0368484	8.5E-01
rs4718966	7	70040558	0.868636	C	T	0.584999	0.992694	0.0132185	9.1E-01	0.000355928	0.00574879	0.00383329	9.5E-01	0.00748332	9.3E-01
rs10950289	7	71429308	0.890251	A	G	0.837402	0.9787	1.6351	2.0E-01	-0.00919048	0.0077021	1.42383	2.3E-01	1.84913	1.7E-01
rs6964833	7	74101909	0.91305	T	C	0.742216	0.9996	0.207686	6.5E-01	0.00273654	0.00644813	0.180108	6.7E-01	0.182749	6.7E-01
rs7805441	7	78121458	0.952449	C	T	0.496028	0.987826	0.0863898	7.7E-01	8.35211e-05	0.00568728	0.000215667	9.9E-01	0.0040513	9.5E-01
rs16868443	7	93206264	1.0947	G	C	0.638366	0.996209	0.0172036	9.0E-01	0.0010393	0.00585643	0.0314933	8.6E-01	0.119702	7.3E-01
rs17155888	7	103416295	1.18694	T	A	0.573633	0.98913	0.39319	5.3E-01	-0.00335104	0.00572692	0.342387	5.6E-01	0.488617	4.8E-01
rs7788008	7	112972483	1.29323	G	A	0.566242	0.997606	0.656672	4.2E-01	0.00436307	0.00568145	0.589748	4.4E-01	0.681639	4.1E-01
rs12705908	7	113422504	1.29936	A	G	0.435782	0.999217	0.0400144	8.4E-01	0.000599616	0.00567902	0.0111481	9.2E-01	0.57645	4.5E-01
rs1563408	7	114303189	1.30467	G	A	0.518625	0.9976	1.10919	2.9E-01	0.00544596	0.0056414	0.931912	3.3E-01	1.05206	3.1E-01
rs2968856	7	150614934	1.67963	T	C	0.750666	0.995794	0.134451	7.1E-01	0.00253209	0.00652958	0.150379	7.0E-01	0.00110423	9.7E-01
rs2921077	8	8304502	0.239157	G	A	0.535755	0.992952	1.12913	2.9E-01	-0.00562541	0.00568698	0.978466	3.2E-01	0.766169	3.8E-01
rs2959592	8	17002725	0.407822	T	C	0.81033	0.987439	0.53552	4.6E-01	0.00424554	0.00722889	0.344924	5.6E-01	0.302615	5.8E-01
rs1362910	8	30856464	0.645028	A	G	0.419317	0.991461	1.39319	2.4E-01	-0.00651901	0.0057054	1.30555	2.5E-01	1.60177	2.1E-01
rs55704109	8	59323247	0.819013	G	A	0.5057	0.919152	32.6021	1.1E-08	0.0334382	0.00588977	32.2321	1.4E-08	36.8431	1.3E-09
rs12681792	8	62054463	0.850895	C	A	0.807401	0.990908	0.0209616	8.8E-01	-0.00189875	0.00718773	0.0697831	7.9E-01	0.0305405	8.6E-01
rs7822926	8	64701966	0.867188	A	C	0.529208	0.995395	0.00143196	9.7E-01	-0.00119427	0.00565839	0.0445471	8.3E-01	0.101323	7.5E-01
rs2017657	8	73426371	0.974058	G	T	0.427149	1	0.33998	5.6E-01	0.00333208	0.00570939	0.340607	5.6E-01	0.603565	4.4E-01
rs2943611	8	76473939	1.00704	T	C	0.203974	0.993157	0.00190383	9.7E-01	-0.000116708	0.00700491	0.000277583	9.9E-01	0.000138757	9.9E-01
rs9298280	8	77329753	1.00881	T	G	0.287889	0.987301	8.78883	3.0E-03	0.0174701	0.00624215	7.83289	5.1E-03	7.53826	6.0E-03
rs1180626	8	116476393	1.31509	G	A	0.224213	0.994168	10.19	1.4E-03	-0.0221174	0.00679352	10.5993	1.1E-03	10.598	1.1E-03
rs2385114	8	126447308	1.45276	C	T	0.513771	0.979388	43.9708	3.3E-11	-0.0382763	0.00570342	45.0391	1.9E-11	49.7286	1.8E-12
rs10124645	9	11321119	0.255592	A	G	0.589801	0.991792	0.15251	7.0E-01	-0.00114655	0.00576954	0.0394913	8.4E-01	0.000415878	9.8E-01
rs2457637	9	15533394	0.341722	T	C	0.512743	0.988377	1.72961	1.9E-01	0.00774691	0.00565676	1.87552	1.7E-01	2.26657	1.3E-01
rs6476065	9	28403813	0.542923	C	T	0.423663	0.971482	4.11347	4.3E-02	0.0117551	0.00576795	4.15347	4.2E-02	3.45617	6.3E-02
rs12345603	9	29601893	0.557517	C	T	0.574964	0.971878	0.824458	3.6E-01	0.00662333	0.00577855	1.31376	2.5E-01	1.1918	2.7E-01
rs868980	9	92140852	1.08916	A	G	0.764207	0.992973	0.460869	5.0E-01	0.00508667	0.0066514	0.584845	4.4E-01	0.206207	6.5E-01
rs7873003	9	96392945	1.13399	T	C	0.320009	0.990354	2.47644	1.2E-01	0.00921007	0.00606362	2.30707	1.3E-01	3.13427	7.7E-02
rs1852865	9	102750138	1.19624	C	T	0.434954	0.999839	0.546468	4.6E-01	0.00359261	0.00569571	0.397855	5.3E-01	0.20039	6.5E-01
rs7024334	9	109072075	1.25943	T	G	0.221004	0.999349	1.61508	2.0E-01	-0.00829117	0.00678212	1.49452	2.2E-01	1.21679	2.7E-01
rs1252008	9	120362838	1.43341	T	C	0.568657	0.998833	2.29811e-05	1.0E+00	0.000569705	0.00567566	0.0100755	9.2E-01	0.116591	7.3E-01
rs3829849	9	129390800	1.5324	C	T	0.630889	0.998111	1.17961	2.8E-01	0.0066819	0.00583711	1.3104	2.5E-01	2.03458	1.5E-01
rs10733682	9	129460914	1.5336	A	G	0.474217	0.966242	0.406396	5.2E-01	-0.00307109	0.00571084	0.289192	5.9E-01	0.134059	7.1E-01
rs2267958	9	131015279	1.55043	G	A	0.485563	0.958689	2.6922	1.0E-01	0.00906813	0.00576291	2.47601	1.2E-01	2.40061	1.2E-01
rs10159545	10	21766969	0.466662	C	G	0.649246	0.986543	3.01178	8.3E-02	0.0104315	0.0059313	3.09307	7.9E-02	3.23793	7.2E-02
rs12762034	10	33969931	0.621029	T	C	0.92272	0.998956	0.374013	5.4E-01	-0.00560984	0.0105376	0.283411	5.9E-01	0.482047	4.9E-01
rs4595495	10	53673286	0.748363	A	G	0.58387	0.998015	0.0125105	9.1E-01	0.000624684	0.00573751	0.0118543	9.1E-01	0.0177776	8.9E-01
rs4746855	10	64822828	0.870307	G	A	0.596714	1	0.14285	7.1E-01	0.00184263	0.00575304	0.102584	7.5E-01	0.185292	6.7E-01
rs12098284	10	76047464	0.999816	C	T	0.877434	0.998637	0.405488	5.2E-01	-0.00573054	0.00859328	0.444706	5.0E-01	0.360788	5.5E-01
rs1249156	10	79979737	1.04291	T	C	0.294183	0.999324	0.0708513	7.9E-01	-0.00139697	0.00618633	0.0509926	8.2E-01	0.00541616	9.4E-01
rs12245654	10	87562928	1.13739	A	C	0.927047	0.984714	0.874447	3.5E-01	0.00921717	0.0109042	0.714511	4.0E-01	0.0893155	7.7E-01
rs472576	10	99694970	1.2698	G	C	0.540757	0.96945	6.53794	1.1E-02	-0.0142893	0.00572876	6.22161	1.3E-02	7.33254	6.8E-03
rs4074720	10	114748497	1.39784	C	T	0.534572	0.984751	0.0424551	8.4E-01	-0.000779412	0.00568214	0.0188152	8.9E-01	0.0553064	8.1E-01
rs72828935	10	126587488	1.61238	G	C	0.716689	0.993686	3.91862	4.8E-02	0.0125547	0.00626877	4.01098	4.5E-02	4.06754	4.4E-02
rs12778347	10	133978806	1.80077	G	T	0.423877	0.999758	0.0584545	8.1E-01	-0.00198272	0.00569769	0.121095	7.3E-01	0.00766465	9.3E-01
rs12802861	11	8387806	0.188896	C	T	0.71326	0.995592	0.089374	7.6E-01	-0.00247777	0.00623885	0.15773	6.9E-01	0.29571	5.9E-01
rs7942486	11	13288698	0.267633	G	T	0.432178	0.998702	1.8744	1.7E-01	0.00882498	0.00569279	2.40313	1.2E-01	2.69577	1.0E-01
rs12791818	11	27277760	0.463075	A	G	0.918985	0.937343	0.180989	6.7E-01	-0.0044967	0.0106676	0.177686	6.7E-01	0.397445	5.3E-01
rs2679059	11	43599791	0.621966	A	T	0.402252	0.990165	2.06155	1.5E-01	-0.00795386	0.005789	1.88777	1.7E-01	1.40028	2.4E-01
rs11038428	11	45404318	0.657443	G	T	0.717407	0.990678	0.0339271	8.5E-01	0.000621153	0.00627455	0.00980012	9.2E-01	0.00528624	9.4E-01
rs35184771	11	47475189	0.665304	G	T	0.648082	0.998878	4.84393	2.8E-02	0.0139557	0.00589005	5.6139	1.8E-02	4.88593	2.7E-02
rs174528	11	61543499	0.703973	T	C	0.623454	0.995598	64.9816	7.6E-16	0.046766	0.00582321	64.4965	9.7E-16	73.1587	1.2E-17
rs10896007	11	65245829	0.737845	T	A	0.789067	0.98525	0.131921	7.2E-01	0.00316896	0.00696492	0.207014	6.5E-01	0.432331	5.1E-01
rs667515	11	69449076	0.766481	G	C	0.61173	0.990296	1.76832	1.8E-01	-0.00767258	0.00578413	1.75957	1.8E-01	0.948937	3.3E-01
rs2605603	11	93221105	1.00432	G	A	0.520259	0.995512	0.656717	4.2E-01	0.00380415	0.00561592	0.458853	5.0E-01	0.360958	5.5E-01
rs4937870	11	112826709	1.19814	A	G	0.689169	0.983578	0.213554	6.4E-01	0.00310156	0.00612802	0.256165	6.1E-01	0.754952	3.8E-01
rs2187986	11	115001410	1.23045	G	A	0.524684	0.965018	3.67384	5.5E-02	-0.010292	0.00574562	3.20868	7.3E-02	3.24821	7.2E-02
rs501351	11	118917814	1.29362	T	G	0.605774	0.997555	1.37652	2.4E-01	-0.00716245	0.00576356	1.54433	2.1E-01	1.58422	2.1E-01
rs7941030	11	122522375	1.35839	T	C	0.616205	1	10.3856	1.3E-03	-0.0202128	0.0058098	12.1041	5.0E-04	11.8901	5.6E-04
rs4366492	11	130717256	1.51227	T	C	0.474614	0.99465	0.196285	6.6E-01	0.0027831	0.00563065	0.24431	6.2E-01	0.1516	7.0E-01
rs10894604	11	132641746	1.55638	T	G	0.652028	1	0.744968	3.9E-01	-0.00435547	0.0059085	0.543393	4.6E-01	0.19961	6.6E-01
rs11064524	12	889902	0.0208303	T	G	0.758532	1	0.976495	3.2E-01	0.00612975	0.00656478	0.871859	3.5E-01	0.679922	4.1E-01
rs7976757	12	19207948	0.354438	T	C	0.171206	0.989812	0.202544	6.5E-01	0.00326638	0.00749453	0.189953	6.6E-01	0.494451	4.8E-01
rs16926776	12	24001905	0.419584	C	T	0.922961	1	4.73781	3.0E-02	-0.0219422	0.0105818	4.29976	3.8E-02	4.57657	3.2E-02
rs11181001	12	41948196	0.563104	A	G	0.469108	0.977653	0.0425935	8.4E-01	0.0016934	0.0056887	0.0886117	7.7E-01	0.154536	6.9E-01
rs2720296	12	50169070	0.630128	G	A	0.609632	0.950295	1.56064	2.1E-01	0.00735731	0.0059304	1.53911	2.1E-01	1.8351	1.8E-01
rs11173522	12	60953472	0.741724	C	A	0.784532	0.998242	1.03167	3.1E-01	-0.00723756	0.00686677	1.11091	2.9E-01	0.664719	4.1E-01
rs317646	12	69657145	0.849888	G	A	0.275066	0.99846	0.0210824	8.8E-01	2.48139e-05	0.00631775	1.54265e-05	1.0E+00	0.00413861	9.5E-01
rs704067	12	89726027	1.03172	G	A	0.545146	0.989595	0.106917	7.4E-01	-0.00193721	0.00570022	0.115497	7.3E-01	0.199467	6.6E-01
rs591776	12	99538895	1.16639	C	T	0.364365	0.994453	0.992311	3.2E-01	-0.00480031	0.00587112	0.668491	4.1E-01	0.246952	6.2E-01
rs4433630	12	103650031	1.2114	T	C	0.48744	0.978156	0.442703	5.1E-01	-0.00470125	0.00567755	0.685656	4.1E-01	1.04804	3.1E-01
rs11832936	12	110549533	1.29782	A	C	0.610247	0.999756	0.261944	6.1E-01	0.00287378	0.00579826	0.245647	6.2E-01	0.101054	7.5E-01
rs111828690	12	117576767	1.39704	C	T	0.779464	0.990204	0.23533	6.3E-01	-0.00419778	0.00685871	0.374588	5.4E-01	0.108911	7.4E-01
rs144713920	12	122485389	1.46548	C	G	0.945974	0.956209	2.37864	1.2E-01	-0.0186143	0.0127343	2.13668	1.4E-01	1.72583	1.9E-01
rs12317176	12	124404718	1.4789	T	C	0.662157	0.998072	18.0716	2.1E-05	0.0258296	0.00594171	18.8978	1.4E-05	18.4767	1.7E-05
rs9579775	13	20616557	0.0139469	A	C	0.863467	0.926233	0.0470503	8.3E-01	-0.000694708	0.00853521	0.00662484	9.4E-01	0.0144061	9.0E-01
rs4771218	13	28655311	0.212187	G	A	0.373005	0.991013	2.45192	1.2E-01	-0.00921752	0.0058499	2.48274	1.2E-01	2.82965	9.3E-02
rs9591001	13	33042870	0.304346	G	A	0.634695	0.994769	0.498622	4.8E-01	-0.00398429	0.00588011	0.459125	5.0E-01	0.150423	7.0E-01
rs9568856	13	54064981	0.568758	G	A	0.871723	1	0.322294	5.7E-01	-0.00476209	0.00842851	0.319222	5.7E-01	0.352179	5.5E-01
rs6561937	13	58257667	0.585042	T	A	0.243776	0.993408	0.00513977	9.4E-01	-0.00075297	0.00659484	0.0130361	9.1E-01	0.00282056	9.6E-01
rs1413125	13	59260131	0.587755	G	T	0.574048	0.994453	2.82545	9.3E-02	-0.00997665	0.00572042	3.04168	8.1E-02	3.39214	6.6E-02
rs1441264	13	79580919	0.787841	G	A	0.406364	0.956515	3.89238	4.9E-02	0.011488	0.00584065	3.8687	4.9E-02	4.58684	3.2E-02
rs61969477	13	86477950	0.835644	T	C	0.717214	0.998003	0.691947	4.1E-01	-0.00583247	0.00625243	0.870175	3.5E-01	0.236287	6.3E-01
rs1927790	13	96922191	0.93596	T	C	0.587589	0.998094	0.0668723	8.0E-01	0.0012129	0.00573316	0.0447568	8.3E-01	0.096674	7.6E-01
rs7335249	13	109962579	1.18904	T	C	0.587526	0.995494	0.0110431	9.2E-01	0.000140209	0.00573412	0.000597889	9.8E-01	3.24373e-05	1.0E+00
rs11621792	14	24871926	0.147512	C	T	0.547453	0.985433	30.503	3.3E-08	-0.0313104	0.00570723	30.0971	4.1E-08	36.9697	1.2E-09
rs6576279	14	29649958	0.207571	G	C	0.190393	0.998923	0.348725	5.5E-01	-0.00396042	0.00715276	0.306573	5.8E-01	0.344559	5.6E-01
rs35020117	14	73341655	0.671145	T	G	0.538277	0.933938	2.36004	1.2E-01	0.00962761	0.00584482	2.71328	1.0E-01	3.15629	7.6E-02
rs7159565	14	79891894	0.74792	T	C	0.36268	0.984708	0.181113	6.7E-01	-0.00287743	0.00588427	0.239125	6.2E-01	0.245203	6.2E-01
rs1951455	14	91512339	0.88209	T	C	0.283982	0.997245	0.0198953	8.9E-01	-0.000204958	0.00624813	0.00107605	9.7E-01	0.0572464	8.1E-01
rs2273639	14	93762162	0.916561	C	T	0.692907	0.99913	2.26789	1.3E-01	-0.00973096	0.00611473	2.53254	1.1E-01	2.03349	1.5E-01
rs7161194	14	101529005	1.0886	A	G	0.336786	0.914125	2.26656	1.3E-01	0.0107863	0.00622791	2.99957	8.3E-02	3.41562	6.5E-02
rs12148050	14	103263788	1.11638	A	G	0.348874	0.9994	0.333117	5.6E-01	-0.00309211	0.00589774	0.274877	6.0E-01	0.327614	5.7E-01
rs35443927	14	103849715	1.12404	C	T	0.630061	0.995118	2.86254	9.1E-02	-0.0099828	0.00582817	2.93387	8.7E-02	2.39105	1.2E-01
rs11070502	15	46574981	0.663836	G	A	0.422393	0.996515	0.0521343	8.2E-01	0.00207164	0.00571559	0.131373	7.2E-01	0.00964647	9.2E-01
rs11631408	15	51746236	0.710161	A	G	0.457534	0.996425	3.78842	5.2E-02	0.0110601	0.00567144	3.80308	5.1E-02	5.17471	2.3E-02
rs12908949	15	59475713	0.795908	T	G	0.77013	0.991439	0.0208788	8.9E-01	-0.000732698	0.00671564	0.0119035	9.1E-01	0.0513032	8.2E-01
rs12903168	15	67680209	0.914057	T	C	0.726776	0.98909	4.47085	3.4E-02	0.0139516	0.0063585	4.81438	2.8E-02	4.68558	3.0E-02
rs4777542	15	73082366	0.987566	C	T	0.670419	0.995307	0.082621	7.7E-01	0.00105597	0.00602306	0.0307377	8.6E-01	0.000533221	9.8E-01
rs11855821	15	78008843	1.01251	G	A	0.714306	0.958126	2.34488	1.3E-01	0.00993189	0.00635186	2.44491	1.2E-01	1.8218	1.8E-01
rs12914623	15	80993570	1.05801	G	C	0.732913	0.994175	2.0578	1.5E-01	-0.00786948	0.00637481	1.52391	2.2E-01	1.79628	1.8E-01
rs7168523	15	95263911	1.31585	C	T	0.355269	0.99653	0.058871	8.1E-01	0.00063456	0.00589256	0.0115968	9.1E-01	0.0181092	8.9E-01
rs1048786	16	336916	0.0036807	C	T	0.830941	1	1.42844	2.3E-01	0.0103659	0.00751756	1.90135	1.7E-01	2.23974	1.3E-01
rs2601773	16	4001898	0.0718473	C	A	0.503399	0.995484	0.318095	5.7E-01	-0.00363392	0.00564171	0.414888	5.2E-01	0.348258	5.6E-01
rs9934930	16	4902038	0.0862098	A	G	0.521116	0.994594	0.0544355	8.2E-01	-0.00161863	0.00567292	0.0814113	7.8E-01	0.0370835	8.5E-01
rs7187976	16	19708196	0.389763	A	G	0.820215	0.98274	0.529306	4.7E-01	-0.00534443	0.0073847	0.523765	4.7E-01	0.399196	5.3E-01
rs4238585	16	20255097	0.398011	C	T	0.13201	0.96298	0.652644	4.2E-01	-0.00609666	0.00847071	0.518019	4.7E-01	0.703107	4.0E-01
rs11074452	16	20370168	0.40198	C	G	0.490517	0.995812	0.504661	4.8E-01	-0.00420531	0.00564958	0.55407	4.6E-01	0.749944	3.9E-01
rs200539	16	24735178	0.466016	T	C	0.268765	0.996448	0.173605	6.8E-01	0.00243421	0.00633489	0.147652	7.0E-01	0.0573001	8.1E-01
rs2650494	16	28318440	0.541911	A	G	0.581267	0.992404	0.417093	5.2E-01	-0.00437552	0.00571529	0.586115	4.4E-01	0.721563	4.0E-01
rs4787483	16	29885447	0.552081	A	G	0.662227	1	0.406097	5.2E-01	-0.0030933	0.00596369	0.269039	6.0E-01	0.226941	6.3E-01
rs111886096	16	53598310	0.644304	A	G	0.862466	0.993464	1.17285	2.8E-01	0.00893444	0.00819532	1.18851	2.8E-01	1.29016	2.6E-01
rs7205986	16	53755146	0.644839	A	G	0.489919	0.988839	0.197193	6.6E-01	0.00372457	0.0056814	0.429775	5.1E-01	0.52941	4.7E-01
rs5011579	16	69187318	0.855228	C	G	0.2843	0.994942	1.99887	1.6E-01	-0.00812458	0.00625806	1.68548	1.9E-01	1.1791	2.8E-01
rs12924872	16	69552215	0.858355	C	T	0.533347	0.984378	3.73925	5.3E-02	0.0109519	0.00570039	3.69123	5.5E-02	3.54073	6.0E-02
rs811054	16	72251132	0.873381	C	T	0.462771	0.985658	0.321001	5.7E-01	0.00294697	0.00568602	0.268617	6.0E-01	0.0923598	7.6E-01
rs12926506	16	81722413	1.05397	C	T	0.829273	0.984727	0.517899	4.7E-01	0.00511012	0.00753783	0.459589	5.0E-01	1.10073	2.9E-01
rs77081114	17	1816762	0.0641667	G	A	0.834903	1	0.0345604	8.5E-01	-0.00183065	0.00759669	0.058071	8.1E-01	0.000723391	9.8E-01
rs3026101	17	5280440	0.136672	T	C	0.696449	0.998494	2.62539	1.1E-01	0.0100816	0.00613766	2.69808	1.0E-01	3.19382	7.4E-02
rs10491104	17	15884561	0.425342	C	T	0.468509	1	0.416774	5.2E-01	-0.00359514	0.00564848	0.405106	5.2E-01	0.16009	6.9E-01
rs9906072	17	21245687	0.471598	T	C	0.486625	0.873727	0.663772	4.2E-01	0.0056882	0.0060399	0.88693	3.5E-01	0.428311	5.1E-01
rs9904602	17	34835526	0.595066	T	A	0.482475	0.99641	0.0134682	9.1E-01	-0.000621894	0.00564357	0.012143	9.1E-01	0.119952	7.3E-01
rs7206971	17	45425115	0.69878	G	A	0.502321	0.997936	35.3802	2.7E-09	-0.0332645	0.00563292	34.8733	3.5E-09	37.0971	1.1E-09
rs17616799	17	46039553	0.703155	A	G	0.898327	0.994334	0.834569	3.6E-01	0.010552	0.00933813	1.27687	2.6E-01	1.61099	2.0E-01
rs55797392	17	47055622	0.707863	G	A	0.589793	0.985453	0.0533505	8.2E-01	0.000812692	0.00576064	0.0199026	8.9E-01	0.00934841	9.2E-01
rs17631394	17	61646000	0.886955	G	A	0.736546	0.99153	3.59342	5.8E-02	0.0122204	0.00642425	3.61849	5.7E-02	4.03052	4.5E-02
rs78196338	17	66973049	0.964759	G	A	0.960561	0.978498	30.8214	2.8E-08	-0.0827839	0.0145883	32.2019	1.4E-08	33.7659	6.2E-09
rs2619976	17	71754545	1.06134	C	T	0.589126	0.992569	2.55053	1.1E-01	0.00840781	0.00575973	2.13089	1.4E-01	3.95462	4.7E-02
rs4424946	17	78554888	1.24995	T	C	0.762112	0.998925	0.0428019	8.4E-01	-0.000728561	0.0066181	0.012119	9.1E-01	0.0416041	8.4E-01
rs4076427	17	79087537	1.26024	G	C	0.609873	0.985353	1.62777	2.0E-01	-0.00779842	0.00579192	1.81288	1.8E-01	1.05465	3.0E-01
rs1371274	18	1837007	0.0479005	A	C	0.863572	0.995553	0.30507	5.8E-01	0.00430292	0.0081934	0.275802	6.0E-01	0.374075	5.4E-01
rs11875960	18	21071925	0.432054	A	G	0.650113	0.974621	0.00830946	9.3E-01	0.000403152	0.00598313	0.00454026	9.5E-01	0.00826325	9.3E-01
rs9807506	18	39493911	0.604143	C	T	0.110516	0.995331	1.58455	2.1E-01	0.0115153	0.00900281	1.63604	2.0E-01	1.26534	2.6E-01
rs4890428	18	40697340	0.611694	G	T	0.5787	0.994435	5.04507	2.5E-02	0.0138277	0.00573104	5.82146	1.6E-02	7.93523	4.8E-03
rs7239114	18	45921214	0.66958	G	A	0.458185	0.985699	0.0462846	8.3E-01	-0.00067809	0.00569374	0.0141834	9.1E-01	0.000635185	9.8E-01
rs72934723	18	53305311	0.747109	A	G	0.96095	0.966483	0.120354	7.3E-01	-0.00510166	0.0147933	0.118931	7.3E-01	0.00571309	9.4E-01
rs2187176	18	57679365	0.819838	A	G	0.309978	0.982596	0.0175677	8.9E-01	-0.000134478	0.00614562	0.00047882	9.8E-01	0.0430667	8.4E-01
rs117758180	18	57809744	0.821562	C	T	0.97678	1	0.163447	6.9E-01	-0.00749851	0.0187002	0.16079	6.9E-01	0.0887202	7.7E-01
rs113268469	18	57862913	0.821729	C	T	0.982698	0.966786	1.71504	1.9E-01	-0.027148	0.0219837	1.52501	2.2E-01	1.999	1.6E-01
rs11668832	19	1812682	0.0683182	A	G	0.450689	0.989019	0.916046	3.4E-01	-0.00519345	0.00567035	0.838864	3.6E-01	1.41111	2.3E-01
rs72976986	19	4050424	0.142675	G	A	0.810758	0.984512	3.2089	7.3E-02	-0.0131623	0.0072447	3.30082	6.9E-02	3.95884	4.7E-02
rs112159161	19	11192603	0.31876	C	T	0.983126	0.950328	37.6823	8.3E-10	0.134091	0.0223102	36.1239	1.9E-09	36.3214	1.7E-09
rs2228603	19	19329924	0.461723	C	T	0.925348	1	28.939	7.5E-08	0.059676	0.0107168	31.0076	2.6E-08	32.5304	1.2E-08
rs12461902	19	30265235	0.512848	G	A	0.672506	0.985963	0.0888087	7.7E-01	-0.00126327	0.00604665	0.043648	8.3E-01	0.0741523	7.9E-01
rs11882409	19	34019685	0.562915	C	A	0.713772	0.966519	0.00972839	9.2E-01	-0.000703177	0.00632227	0.0123704	9.1E-01	0.0313418	8.6E-01
rs62116588	19	44446097	0.68736	C	G	0.976805	0.933368	42.0231	9.0E-11	0.12586	0.0193461	42.3242	7.7E-11	46.8342	7.7E-12
rs55840997	19	44480979	0.687479	G	A	0.981353	1	31.3746	2.1E-08	0.117779	0.0207796	32.1264	1.4E-08	33.3698	7.6E-09
rs73048351	19	45160086	0.697689	C	A	0.989712	0.91554	82.4648	1.1E-19	0.273216	0.0291662	87.7511	7.4E-21	88.0408	6.4E-21
rs11881756	19	45220896	0.699851	T	C	0.886737	1	277.427	2.7E-62	0.147646	0.0088591	277.758	2.3E-62	273.381	2.1E-61
rs139326841	19	45269725	0.701551	T	C	0.978636	0.821408	42.4166	7.4E-11	-0.138043	0.0213732	41.7145	1.1E-10	41.6103	1.1E-10
rs2075649	19	45395330	0.707004	A	G	0.611354	0.998574	102.881	3.6E-24	-0.058161	0.0057786	101.302	7.9E-24	103.997	2.0E-24
rs146390218	19	45478352	0.709104	A	G	0.973731	0.966351	220.759	6.2E-50	0.268229	0.0178631	225.475	5.8E-51	236.7	2.1E-53
rs1884389	20	1410582	0.0620248	C	T	0.560429	0.990862	0.0391303	8.4E-01	-0.00108952	0.00569798	0.0365618	8.5E-01	0.0427399	8.4E-01
rs1321453	20	6585670	0.214258	G	A	0.332006	0.979962	0.531338	4.7E-01	0.00458739	0.00605378	0.574221	4.5E-01	1.07935	3.0E-01
rs947088	20	17171373	0.411628	G	T	0.280165	0.992316	1.79649	1.8E-01	0.00846746	0.0063045	1.80387	1.8E-01	1.47192	2.3E-01
rs8116853	20	21439820	0.48109	A	G	0.902603	0.99434	0.295192	5.9E-01	-0.00464953	0.00950966	0.23905	6.2E-01	0.343928	5.6E-01
rs6142096	20	32686658	0.536502	G	A	0.481267	0.998195	0.0187484	8.9E-01	-0.000885971	0.00564681	0.0246169	8.8E-01	0.0097237	9.2E-01
rs11699260	20	50813508	0.791033	G	C	0.710789	0.999421	0.0195017	8.9E-01	-0.00048956	0.0062016	0.00623169	9.4E-01	0.0179629	8.9E-01
rs2836753	21	40291187	0.447396	T	C	0.362883	0.999333	1.16865	2.8E-01	0.00685733	0.0058505	1.3738	2.4E-01	1.92511	1.7E-01
rs1964926	21	42653121	0.51205	A	G	0.35393	0.992207	0.144464	7.0E-01	-0.00290423	0.00591862	0.24078	6.2E-01	0.262138	6.1E-01
rs8130074	21	46498684	0.621941	C	G	0.35124	0.996511	0.140349	7.1E-01	-0.00252281	0.00591581	0.181862	6.7E-01	0.219437	6.4E-01
rs4820399	22	40546633	0.498151	C	T	0.4075	0.991505	0.070763	7.9E-01	0.00184349	0.00574375	0.103013	7.5E-01	0.489498	4.8E-01
rs13053342	22	48871624	0.664334	G	A	0.577345	0.990848	0.239844	6.2E-01	-0.00341718	0.00571538	0.357475	5.5E-01	0.0951555	7.6E-01
