SNP	CHR	BP	GENPOS	ALLELE1	ALLELE0	A1FREQ	INFO	CHISQ_LINREG	P_LINREG	BETA	SE	CHISQ_BOLT_LMM_INF	P_BOLT_LMM_INF
rs28788874	1	1520725	0.0141684	C	T	0.584735	0.768295	0.0113028	9.2E-01	0.000153762	0.00641686	0.000574184	9.8E-01	0.01369	9.1E-01
rs193084249	1	26987646	0.50164	A	G	0.976179	0.957438	32.0458	1.5E-08	-0.105529	0.0186584	31.9885	1.6E-08	33.0319	9.1E-09
rs72634501	1	39551488	0.669558	T	C	0.760747	0.973003	17.9514	2.3E-05	-0.0284384	0.00662137	18.4465	1.7E-05	21.2195	4.1E-06
rs7545034	1	47659445	0.739124	T	C	0.495311	0.986554	3.42739	6.4E-02	0.00940105	0.00561452	2.80367	9.4E-02	1.9333	1.6E-01
rs7553454	1	49231261	0.759781	T	C	0.774904	0.984417	2.15143	1.4E-01	-0.00968667	0.00670299	2.08839	1.5E-01	2.02998	1.5E-01
rs1013293	1	62570321	0.915785	G	A	0.570076	0.987679	2.75651	9.7E-02	0.0123405	0.0056305	4.80368	2.8E-02	4.70371	3.0E-02
rs2422134	1	72514701	1.03261	G	C	0.494392	0.995097	0.135383	7.1E-01	0.00176345	0.00557861	0.0999252	7.5E-01	0.2328	6.3E-01
rs6690871	1	74977277	1.04309	A	G	0.592502	0.986356	0.567262	4.5E-01	-0.0035951	0.00571041	0.396358	5.3E-01	0.600387	4.4E-01
rs2247536	1	77919438	1.07305	G	C	0.734406	0.984022	3.95367	4.7E-02	0.0155501	0.00636748	5.9639	1.5E-02	5.1568	2.3E-02
rs1536023	1	96882019	1.26526	C	A	0.779556	0.988892	3.41833	6.4E-02	0.0107553	0.00676526	2.5274	1.1E-01	2.30904	1.3E-01
rs10747488	1	98299475	1.27829	C	A	0.231417	0.993887	4.1346	4.2E-02	0.0140748	0.00663996	4.49321	3.4E-02	5.65714	1.7E-02
rs920835	1	107946802	1.36667	G	A	0.707486	0.968585	0.000127996	9.9E-01	-6.42102e-05	0.00623178	0.000106166	9.9E-01	0.0955673	7.6E-01
rs892511	1	110078255	1.38888	C	G	0.970555	0.964927	0.278858	6.0E-01	-0.010174	0.0167633	0.368351	5.4E-01	0.763836	3.8E-01
rs12033257	1	112318484	1.42838	A	G	0.621237	0.983831	3.61441	5.7E-02	0.0105434	0.00580239	3.30179	6.9E-02	1.78661	1.8E-01
rs4357530	1	151103153	1.65977	G	A	0.321207	0.991504	1.40359	2.4E-01	-0.00781773	0.00599629	1.69979	1.9E-01	0.93315	3.3E-01
rs148261599	1	155253286	1.69959	C	G	0.796018	0.939661	0.366659	5.4E-01	-0.00329468	0.00711381	0.214498	6.4E-01	0.500598	4.8E-01
rs12565430	1	174400537	1.95129	G	A	0.890495	0.989663	0.105015	7.5E-01	-0.0033531	0.00894713	0.140451	7.1E-01	0.0501117	8.2E-01
rs10913418	1	177755299	1.98687	C	A	0.596511	0.989574	0.107192	7.4E-01	-0.00292491	0.00571112	0.26229	6.1E-01	0.238795	6.3E-01
rs1359940	1	177848153	1.98809	T	C	0.542981	0.978287	1.26687	2.6E-01	0.00594244	0.00565945	1.10251	2.9E-01	1.5619	2.1E-01
rs9425633	1	184657251	2.05452	T	C	0.517837	0.997773	1.6802	1.9E-01	-0.00722903	0.00557668	1.68038	1.9E-01	3.55375	5.9E-02
rs10801363	1	194922207	2.13186	T	A	0.632532	0.99595	3.05776	8.0E-02	-0.00991639	0.00578649	2.93681	8.7E-02	2.95038	8.6E-02
rs2494116	1	201784151	2.19723	G	A	0.451622	0.998902	0.786595	3.8E-01	-0.00340215	0.00559282	0.370038	5.4E-01	0.273362	6.0E-01
rs4631704	1	230293530	2.53595	C	T	0.39136	0.985874	47.097	6.8E-12	0.0409902	0.00574512	50.905	9.7E-13	55.3083	1.0E-13
rs12042959	1	243533273	2.82744	A	G	0.856757	0.985729	0.254284	6.1E-01	0.00400932	0.00799361	0.251569	6.2E-01	0.160963	6.9E-01
rs6548228	2	345889	0.00380575	T	C	0.476197	0.997111	9.56678	2.0E-03	0.0182478	0.00558541	10.6736	1.1E-03	9.68042	1.9E-03
rs2667214	2	449487	0.00560823	A	G	0.676488	0.984343	3.3806	6.6E-02	-0.0110546	0.00601088	3.38226	6.6E-02	2.69919	1.0E-01
rs10176391	2	574368	0.00678655	C	G	0.988537	0.920209	1.29415	2.6E-01	0.0297442	0.0272614	1.19045	2.8E-01	1.06798	3.0E-01
rs145400326	2	21109020	0.419242	T	C	0.954596	0.960711	35.8708	2.1E-09	0.0856069	0.0136211	39.4994	3.3E-10	41.9742	9.2E-11
rs75503394	2	25155419	0.457101	C	T	0.904575	0.987449	1.38176	2.4E-01	-0.0111566	0.0095256	1.37176	2.4E-01	1.38187	2.4E-01
rs10048652	2	35449306	0.577825	T	C	0.438309	0.999392	2.13291	1.4E-01	0.00650962	0.0056251	1.33922	2.5E-01	0.805191	3.7E-01
rs698838	2	44738763	0.693339	C	T	0.374359	1	1.79009	1.8E-01	-0.00740496	0.00576049	1.65244	2.0E-01	1.89255	1.7E-01
rs4953423	2	47025672	0.736991	C	T	0.641914	0.986288	1.17158	2.8E-01	0.00731134	0.00586119	1.55605	2.1E-01	1.41929	2.3E-01
rs9636391	2	50201110	0.779779	A	G	0.161876	0.994454	3.40886	6.5E-02	0.0134401	0.0075696	3.15253	7.6E-02	2.79426	9.5E-02
rs3198123	2	55207693	0.827446	C	T	0.698625	0.993954	0.21964	6.4E-01	0.00454573	0.00609835	0.555625	4.6E-01	0.509566	4.8E-01
rs13032423	2	57992112	0.847237	G	A	0.445418	0.996747	2.53484	1.1E-01	-0.00805075	0.00562365	2.04945	1.5E-01	2.01633	1.6E-01
rs55767040	2	58955028	0.850031	T	C	0.699424	0.989049	0.167305	6.8E-01	-0.00205634	0.00612488	0.112718	7.4E-01	0.02682	8.7E-01
rs980183	2	59311536	0.858192	G	A	0.398003	0.996406	4.63036	3.1E-02	0.0121211	0.00569993	4.52218	3.3E-02	3.75277	5.3E-02
rs7557796	2	86766153	1.16162	T	C	0.352323	0.999778	0.37135	5.4E-01	0.00534467	0.00583586	0.838748	3.6E-01	0.723939	3.9E-01
rs13023088	2	100576304	1.22131	C	T	0.849851	0.99385	0.00995361	9.2E-01	-0.000440816	0.00781151	0.00318453	9.5E-01	0.00750518	9.3E-01
rs9308868	2	104361420	1.24985	G	A	0.475644	0.997977	0.0105624	9.2E-01	-0.000175076	0.00559275	0.000979941	9.8E-01	0.0357206	8.5E-01
rs1349512	2	105435369	1.26243	T	C	0.689911	0.999103	0.110278	7.4E-01	-0.000932031	0.00601738	0.0239909	8.8E-01	0.362003	5.5E-01
rs1530559	2	135755629	1.58463	A	G	0.600693	1	6.98116	8.2E-03	0.0105947	0.00564263	3.52547	6.0E-02	4.17128	4.1E-02
rs2034604	2	143958745	1.64938	C	T	0.463349	0.997459	0.672605	4.1E-01	0.00548912	0.00559702	0.961816	3.3E-01	0.828517	3.6E-01
rs12692596	2	161265910	1.78694	C	T	0.629192	0.996301	0.259618	6.1E-01	-0.00229747	0.00575436	0.159406	6.9E-01	0.0579035	8.1E-01
rs12328675	2	165540800	1.81492	T	C	0.879644	0.99881	41.4088	1.2E-10	0.0537347	0.00854969	39.501	3.3E-10	35.1625	3.0E-09
rs6745626	2	181436641	2.00364	C	T	0.408617	0.996845	0.00169768	9.7E-01	-0.00101648	0.00567594	0.0320715	8.6E-01	0.00686702	9.3E-01
rs6743255	2	205363596	2.17314	A	G	0.119725	1	4.86995	2.7E-02	0.0193029	0.00856615	5.07779	2.4E-02	3.55351	5.9E-02
rs13000757	2	207145906	2.20108	G	T	0.495484	0.995817	0.363244	5.5E-01	0.00435727	0.00559402	0.606712	4.4E-01	0.773705	3.8E-01
rs11692326	2	208263279	2.21189	C	T	0.770028	0.999964	0.401872	5.3E-01	0.00509742	0.00660692	0.595255	4.4E-01	0.676367	4.1E-01
rs10439362	2	227026736	2.44239	T	C	0.683801	0.996547	29.455	5.7E-08	0.0335945	0.00598694	31.4867	2.0E-08	30.6499	3.1E-08
rs12611517	2	228977034	2.47863	T	A	0.656814	0.999378	4.77328	2.9E-02	-0.0128324	0.00586685	4.7842	2.9E-02	3.78448	5.2E-02
rs12473885	2	230569590	2.5018	G	T	0.878273	0.993886	0.372567	5.4E-01	0.0046454	0.0085285	0.296689	5.9E-01	0.761165	3.8E-01
rs13098833	3	20428568	0.395393	A	G	0.723663	0.994024	0.0517382	8.2E-01	0.00028874	0.00627837	0.00211504	9.6E-01	0.0498815	8.2E-01
rs754635	3	42305131	0.652861	C	G	0.112989	0.99768	0.804179	3.7E-01	0.00852134	0.00877983	0.941983	3.3E-01	0.924943	3.4E-01
rs72906474	3	47817007	0.688057	G	T	0.417107	0.973948	0.56408	4.5E-01	0.00425797	0.00573204	0.551807	4.6E-01	0.668439	4.1E-01
rs71326904	3	49991060	0.690403	C	T	0.749113	0.999883	0.372323	5.4E-01	-0.00191928	0.0064346	0.0889677	7.7E-01	0.0165321	9.0E-01
rs1371095	3	61147530	0.807508	A	G	0.581645	0.99157	0.744855	3.9E-01	-0.00462582	0.00567961	0.663345	4.2E-01	1.01023	3.1E-01
rs9874646	3	62462818	0.82936	C	T	0.314458	0.963027	0.451123	5.0E-01	-0.00367664	0.00612169	0.36071	5.5E-01	0.824516	3.6E-01
rs7430139	3	82504148	1.08216	A	G	0.834726	1	0.0446832	8.3E-01	-0.00170453	0.00752511	0.0513078	8.2E-01	0.158651	6.9E-01
rs1248859	3	85017098	1.08828	G	C	0.331024	0.996188	1.92854	1.6E-01	0.00820085	0.0059412	1.90533	1.7E-01	1.10948	2.9E-01
rs9857105	3	93893210	1.10433	A	G	0.459959	0.997124	0.151598	7.0E-01	-0.00325086	0.00561373	0.335346	5.6E-01	0.0879498	7.7E-01
rs11917909	3	107864673	1.2019	G	A	0.64971	0.995989	2.51138	1.1E-01	0.00982509	0.0058445	2.82604	9.3E-02	2.05459	1.5E-01
rs2037001	3	131458973	1.44255	C	G	0.708207	0.979412	3.43941	6.4E-02	-0.0108094	0.00620089	3.03872	8.1E-02	3.68937	5.5E-02
rs9827662	3	135710841	1.49347	C	A	0.75398	0.999173	6.66013	9.9E-03	-0.0158581	0.00647022	6.00709	1.4E-02	6.05469	1.4E-02
rs355786	3	153990749	1.684	G	A	0.607502	0.999005	0.414953	5.2E-01	0.00341564	0.00572653	0.355763	5.5E-01	0.482078	4.9E-01
rs1604038	3	170709193	1.7983	C	T	0.714201	0.999363	12.8571	3.4E-04	-0.0216438	0.00616314	12.3328	4.5E-04	12.2985	4.5E-04
rs9867130	3	185729753	2.0208	A	G	0.141676	0.965346	7.97163	4.8E-03	0.0225967	0.00816073	7.6671	5.6E-03	7.15357	7.5E-03
rs4450871	4	4990298	0.0879764	A	G	0.554775	1	33.1965	8.3E-09	0.0318212	0.00561825	32.0797	1.5E-08	32.5145	1.2E-08
rs11736501	4	18451423	0.339653	A	C	0.680338	0.997158	0.000664498	9.8E-01	0.000593653	0.00597847	0.0098602	9.2E-01	0.00332792	9.5E-01
rs73244271	4	20091053	0.357316	A	G	0.887469	0.995322	6.71427	9.6E-03	-0.022186	0.00886968	6.25665	1.2E-02	4.61828	3.2E-02
rs6849555	4	25150890	0.433804	G	C	0.799698	0.94032	7.64336	5.7E-03	0.0214535	0.00718506	8.91531	2.8E-03	8.32084	3.9E-03
rs4623046	4	45042343	0.679347	G	A	0.33237	0.994028	0.567905	4.5E-01	0.00475715	0.00592501	0.644638	4.2E-01	1.28948	2.6E-01
rs6829208	4	52728640	0.6941	T	C	0.726338	0.99807	0.139528	7.1E-01	-0.00075436	0.00624973	0.0145692	9.0E-01	0.163218	6.9E-01
rs6815651	4	55487718	0.714225	C	T	0.450226	0.994486	4.09116	4.3E-02	0.0133746	0.00561047	5.68284	1.7E-02	6.06732	1.4E-02
rs923994	4	67802992	0.836181	A	G	0.217153	0.992221	7.53655	6.0E-03	0.0180862	0.00676522	7.14711	7.5E-03	5.52233	1.9E-02
rs10021790	4	87772240	1.02884	T	C	0.630384	0.99281	31.9476	1.6E-08	-0.0344598	0.00580759	35.2073	3.0E-09	37.8165	7.8E-10
rs12645001	4	96018337	1.09763	G	A	0.650874	0.99796	0.0417657	8.4E-01	-0.0017422	0.00584664	0.0887937	7.7E-01	0.0155427	9.0E-01
rs13105682	4	102702364	1.15516	T	G	0.941406	0.93989	15.5884	7.9E-05	-0.0483546	0.0122493	15.5831	7.9E-05	17.4463	3.0E-05
rs11728213	4	113309647	1.25168	G	A	0.683684	0.99931	0.00796249	9.3E-01	1.94048e-05	0.00600541	1.04408e-05	1.0E+00	0.0083402	9.3E-01
rs1296328	4	137083193	1.44321	A	C	0.440098	0.99123	3.80489	5.1E-02	-0.0108113	0.00566646	3.64025	5.6E-02	3.07416	8.0E-02
rs4863516	4	140773770	1.49281	T	C	0.672112	0.999318	1.89453	1.7E-01	0.00584627	0.00593404	0.970637	3.2E-01	1.05186	3.1E-01
rs750090	4	152931436	1.59021	T	C	0.646587	0.97605	1.69516	1.9E-01	-0.00874472	0.00587283	2.21716	1.4E-01	1.31232	2.5E-01
rs13110266	4	162129844	1.69444	G	A	0.582061	0.993805	0.128481	7.2E-01	0.00264895	0.00566403	0.218723	6.4E-01	0.0115316	9.1E-01
rs4597930	5	27171542	0.425308	T	C	0.71786	0.997265	1.01593	3.1E-01	0.00595954	0.00621257	0.920203	3.4E-01	1.05652	3.0E-01
rs6451675	5	43110855	0.62057	C	G	0.307452	0.990847	0.000726394	9.8E-01	-0.000343541	0.00605957	0.0032142	9.5E-01	0.268711	6.0E-01
rs16885714	5	55841824	0.681155	A	G	0.901887	0.984308	32.5012	1.2E-08	-0.0549343	0.00943662	33.8887	5.8E-09	36.2538	1.7E-09
rs6449674	5	62995938	0.739824	T	C	0.52251	0.996207	0.215643	6.4E-01	-0.00259062	0.00559078	0.214715	6.4E-01	0.193732	6.6E-01
rs10940157	5	67516306	0.78664	G	A	0.796577	0.993724	29.2883	6.2E-08	0.0380036	0.00692392	30.1263	4.0E-08	33.8169	6.1E-09
rs11740689	5	80841360	0.956164	A	C	0.681749	0.9953	1.71299	1.9E-01	0.00694317	0.00599127	1.34301	2.5E-01	1.33221	2.5E-01
rs77156384	5	87709219	1.01438	A	G	0.979071	1	0.020967	8.8E-01	-0.00354951	0.0195025	0.033125	8.6E-01	0.165802	6.8E-01
rs7701355	5	88804839	1.01946	G	T	0.578544	0.999666	0.502264	4.8E-01	-0.00247738	0.00565632	0.19183	6.6E-01	0.248787	6.2E-01
rs6885199	5	92574633	1.04879	G	A	0.9622	1	0.0977269	7.5E-01	0.00600849	0.0146185	0.168937	6.8E-01	0.0616944	8.0E-01
rs12186664	5	95630225	1.07202	A	T	0.684284	0.993149	0.0120434	9.1E-01	-0.00126958	0.00600974	0.0446285	8.3E-01	0.908837	3.4E-01
rs1835978	5	107265051	1.15538	T	C	0.111179	0.976322	0.535859	4.6E-01	0.00634181	0.00896625	0.50027	4.8E-01	0.237316	6.3E-01
rs459552	5	112176756	1.19663	T	A	0.232844	1	0.973254	3.2E-01	0.00669112	0.00658666	1.03197	3.1E-01	1.00003	3.2E-01
rs329120	5	133861756	1.41589	C	T	0.579716	0.996967	1.61877	2.0E-01	0.00743869	0.00566268	1.72563	1.9E-01	0.915936	3.4E-01
rs356453	5	139053563	1.4578	G	A	0.669183	0.993285	2.38478	1.2E-01	-0.0102351	0.00593779	2.9712	8.5E-02	2.77572	9.6E-02
rs2190788	5	144484261	1.52142	G	T	0.681254	0.989372	2.71599	9.9E-02	-0.0118507	0.00603496	3.85604	5.0E-02	4.81188	2.8E-02
rs7701886	5	153547409	1.6413	G	A	0.45336	0.99206	2.68944	1.0E-01	-0.00804219	0.0056269	2.04272	1.5E-01	1.21525	2.7E-01
rs2287894	5	170322919	1.86356	T	A	0.272401	0.998905	0.565	4.5E-01	-0.00526111	0.00627298	0.703407	4.0E-01	1.00779	3.2E-01
rs10947758	6	12093961	0.272682	T	C	0.645937	0.995017	1.76163	1.8E-01	-0.00759093	0.00585246	1.68234	1.9E-01	1.69317	1.9E-01
rs9357634	6	13192190	0.290983	T	C	0.701576	0.98883	7.65061	5.7E-03	0.0164038	0.00613297	7.15402	7.5E-03	6.43301	1.1E-02
rs3806114	6	20482335	0.408974	G	A	0.330694	0.979566	1.58114	2.1E-01	0.00695385	0.00599609	1.34498	2.5E-01	1.138	2.9E-01
rs9264259	6	31223685	0.511074	T	C	0.284817	0.847171	36.6531	1.4E-09	-0.0392712	0.00666751	34.6913	3.9E-09	34.256	4.8E-09
rs57493997	6	34443523	0.547182	T	C	0.907375	0.988432	9.63023	1.9E-03	-0.032174	0.00966683	11.0775	8.7E-04	12.1156	5.0E-04
rs35679149	6	43604167	0.672046	A	G	0.973525	1	2.17904	1.4E-01	0.0261499	0.0173883	2.26165	1.3E-01	2.09961	1.5E-01
rs4714925	6	46304194	0.722787	A	G	0.493044	0.998125	0.00566357	9.4E-01	0.00152329	0.00558319	0.0744388	7.8E-01	0.21479	6.4E-01
rs9473821	6	50356035	0.748721	T	C	0.122366	0.995677	2.77997	9.5E-02	-0.0130909	0.00852547	2.35778	1.2E-01	1.87488	1.7E-01
rs1369869	6	83366282	0.934423	C	T	0.558841	0.987317	0.0137828	9.1E-01	0.00159631	0.00565062	0.0798068	7.8E-01	0.0974993	7.5E-01
rs6905544	6	98411631	1.06235	A	G	0.398807	0.997318	0.0879215	7.7E-01	0.00183223	0.00570291	0.103221	7.5E-01	0.0769363	7.8E-01
rs1575676	6	108861264	1.17848	C	T	0.628148	0.997454	0.440499	5.1E-01	0.00486368	0.00576145	0.712636	4.0E-01	0.900469	3.4E-01
rs9387640	6	119508871	1.25792	C	T	0.635398	1	0.458641	5.0E-01	0.00480518	0.00580597	0.684968	4.1E-01	0.6818	4.1E-01
rs9495498	6	139813283	1.50282	C	T	0.503461	0.997212	31.699	1.8E-08	-0.0310662	0.00556895	31.1193	2.4E-08	34.9899	3.3E-09
rs198665	6	143154886	1.51958	C	A	0.629508	0.991725	0.0271213	8.7E-01	0.000354759	0.00580265	0.00373778	9.5E-01	0.00803706	9.3E-01
rs7755574	6	153364643	1.66311	G	T	0.718151	0.997121	0.56479	4.5E-01	-0.00381571	0.00623604	0.374397	5.4E-01	0.486358	4.9E-01
rs41265930	6	160964135	1.77505	T	C	0.92907	1	46.5471	8.9E-12	-0.0716933	0.0108708	43.4944	4.3E-11	46.8331	7.7E-12
rs11767176	7	1852823	0.0275939	G	A	0.78849	0.994823	0.318376	5.7E-01	-0.00627951	0.00682513	0.846505	3.6E-01	1.08837	3.0E-01
rs4307239	7	24354300	0.415589	A	G	0.540084	0.99283	1.75836	1.8E-01	-0.0083602	0.00561137	2.21971	1.4E-01	2.00342	1.6E-01
rs3807566	7	50564204	0.76671	G	T	0.56098	0.994523	0.0149218	9.0E-01	-0.000116458	0.00562409	0.000428779	9.8E-01	0.00208787	9.6E-01
rs4718966	7	70040558	0.868636	C	T	0.584999	0.992694	0.00834446	9.3E-01	0.00167543	0.00569157	0.0866537	7.7E-01	0.00170702	9.7E-01
rs10950289	7	71429308	0.890251	A	G	0.837402	0.9787	0.28005	6.0E-01	0.00565556	0.00762545	0.550072	4.6E-01	0.592958	4.4E-01
rs113452856	7	72859135	0.899612	G	A	0.96835	0.994361	35.1432	3.1E-09	0.0946763	0.0159275	35.3334	2.8E-09	36.6323	1.4E-09
rs16868443	7	93206264	1.0947	G	C	0.638366	0.996209	0.905168	3.4E-01	0.00542192	0.00579815	0.874434	3.5E-01	0.695828	4.0E-01
rs17155888	7	103416295	1.18694	T	A	0.573633	0.98913	1.43414	2.3E-01	-0.00685388	0.00566993	1.46123	2.3E-01	0.589026	4.4E-01
rs7788008	7	112972483	1.29323	G	A	0.566242	0.997606	1.37559	2.4E-01	0.00699197	0.0056249	1.54514	2.1E-01	1.35799	2.4E-01
rs12705908	7	113422504	1.29936	A	G	0.435782	0.999217	0.936383	3.3E-01	0.00558567	0.0056225	0.986943	3.2E-01	1.09012	3.0E-01
rs1563408	7	114303189	1.30467	G	A	0.518625	0.9976	0.00348703	9.5E-01	2.11928e-05	0.00558526	1.43976e-05	1.0E+00	0.00386007	9.5E-01
rs12154627	7	130422934	1.4017	T	C	0.506907	0.97487	65.2128	6.7E-16	0.0454335	0.00563473	65.0139	7.4E-16	71.5367	2.7E-17
rs2968856	7	150614934	1.67963	T	C	0.750666	0.995794	1.14113	2.9E-01	0.00852687	0.0064646	1.73979	1.9E-01	1.96337	1.6E-01
rs2921077	8	8304502	0.239157	G	A	0.535755	0.992952	14.8692	1.2E-04	0.0236307	0.00562327	17.6594	2.6E-05	15.0817	1.0E-04
rs2959592	8	17002725	0.407822	T	C	0.81033	0.987439	0.0213541	8.8E-01	-0.00100041	0.00714792	0.0195883	8.9E-01	0.0968895	7.6E-01
rs13277738	8	18241507	0.434993	C	T	0.850781	0.99455	38.6356	5.1E-10	-0.0476841	0.00782368	37.1472	1.1E-09	35.9575	2.0E-09
rs10085966	8	19576448	0.468197	C	T	0.520826	0.981569	36.9948	1.2E-09	0.0337613	0.00561659	36.1322	1.8E-09	34.2831	4.8E-09
rs1362910	8	30856464	0.645028	A	G	0.419317	0.991461	0.0479519	8.3E-01	0.00133698	0.00564148	0.0561644	8.1E-01	0.0987209	7.5E-01
rs12681792	8	62054463	0.850895	C	A	0.807401	0.990908	0.0186666	8.9E-01	-0.0012913	0.00710722	0.0330106	8.6E-01	0.0108617	9.2E-01
rs7822926	8	64701966	0.867188	A	C	0.529208	0.995395	2.69781	1.0E-01	0.00930772	0.00559501	2.76749	9.6E-02	3.38399	6.6E-02
rs2017657	8	73426371	0.974058	G	T	0.427149	1	4.43906	3.5E-02	0.012268	0.00564543	4.72231	3.0E-02	3.96089	4.7E-02
rs2943611	8	76473939	1.00704	T	C	0.203974	0.993157	1.35998	2.4E-01	-0.00803254	0.00692644	1.34489	2.5E-01	1.0141	3.1E-01
rs9298280	8	77329753	1.00881	T	G	0.287889	0.987301	0.841198	3.6E-01	-0.00588648	0.00617222	0.909555	3.4E-01	0.956644	3.3E-01
rs1180626	8	116476393	1.31509	G	A	0.224213	0.994168	0.412624	5.2E-01	-0.00494932	0.00671742	0.542857	4.6E-01	0.519094	4.7E-01
rs144435165	8	126419938	1.45107	G	C	0.944194	0.785853	34.9745	3.3E-09	-0.0820868	0.0136589	36.1176	1.9E-09	34.9689	3.4E-09
rs2954018	8	126477153	1.45319	C	T	0.298303	0.998357	85.7541	2.0E-20	0.0584763	0.00608921	92.2227	7.7E-22	100.654	1.1E-23
rs7009673	8	126630159	1.45646	C	T	0.710504	0.988231	27.835	1.3E-07	-0.0339662	0.00616258	30.3787	3.6E-08	30.9517	2.6E-08
rs10124645	9	11321119	0.255592	A	G	0.589801	0.991792	4.37529e-05	9.9E-01	0.000506492	0.00571383	0.00785762	9.3E-01	0.00325916	9.5E-01
rs2457637	9	15533394	0.341722	T	C	0.512743	0.988377	1.57902	2.1E-01	0.00636694	0.00560214	1.29168	2.6E-01	0.717324	4.0E-01
rs6476065	9	28403813	0.542923	C	T	0.423663	0.971482	0.3096	5.8E-01	-0.00186519	0.00571225	0.106618	7.4E-01	0.37765	5.4E-01
rs12345603	9	29601893	0.557517	C	T	0.574964	0.971878	4.26219	3.9E-02	-0.0117296	0.00572275	4.20105	4.0E-02	3.1969	7.4E-02
rs868980	9	92140852	1.08916	A	G	0.764207	0.992973	10.81	1.0E-03	-0.0220192	0.00658717	11.1739	8.3E-04	10.7905	1.0E-03
rs7873003	9	96392945	1.13399	T	C	0.320009	0.990354	8.10654	4.4E-03	0.0170399	0.00600507	8.0519	4.5E-03	8.7767	3.1E-03
rs1852865	9	102750138	1.19624	C	T	0.434954	0.999839	6.10987	1.3E-02	0.0132166	0.00564072	5.49	1.9E-02	4.11582	4.2E-02
rs7024334	9	109072075	1.25943	T	G	0.221004	0.999349	1.81874	1.8E-01	0.00796326	0.00671663	1.40565	2.4E-01	0.996326	3.2E-01
rs1252008	9	120362838	1.43341	T	C	0.568657	0.998833	0.0724993	7.9E-01	-0.00210431	0.00562086	0.140157	7.1E-01	0.421041	5.2E-01
rs3829849	9	129390800	1.5324	C	T	0.630889	0.998111	3.07368	8.0E-02	-0.00937738	0.00578074	2.63145	1.0E-01	2.34554	1.3E-01
rs10733682	9	129460914	1.5336	A	G	0.474217	0.966242	2.99344	8.4E-02	-0.0100473	0.00565569	3.15594	7.6E-02	2.85435	9.1E-02
rs2267958	9	131015279	1.55043	G	A	0.485563	0.958689	0.0961312	7.6E-01	-0.00181866	0.00570726	0.101542	7.5E-01	0.0859348	7.7E-01
rs10159545	10	21766969	0.466662	C	G	0.649246	0.986543	0.35509	5.5E-01	-0.00394271	0.00587348	0.450606	5.0E-01	0.499259	4.8E-01
rs12762034	10	33969931	0.621029	T	C	0.92272	0.998956	7.30417	6.9E-03	-0.0320798	0.0104349	9.45121	2.1E-03	7.6659	5.6E-03
rs4595495	10	53673286	0.748363	A	G	0.58387	0.998015	3.61238	5.7E-02	-0.00982891	0.00568158	2.99277	8.4E-02	3.85061	5.0E-02
rs4746855	10	64822828	0.870307	G	A	0.596714	1	15.0726	1.0E-04	0.0214554	0.00569696	14.1836	1.7E-04	15.945	6.5E-05
rs12098284	10	76047464	0.999816	C	T	0.877434	0.998637	0.0579401	8.1E-01	0.00277785	0.00850951	0.106564	7.4E-01	0.00963779	9.2E-01
rs1249156	10	79979737	1.04291	T	C	0.294183	0.999324	0.122649	7.3E-01	0.00188092	0.00612603	0.0942725	7.6E-01	0.164666	6.8E-01
rs12245654	10	87562928	1.13739	A	C	0.927047	0.984714	2.39533	1.2E-01	-0.0162958	0.0107979	2.27757	1.3E-01	1.60442	2.1E-01
rs472576	10	99694970	1.2698	G	C	0.540757	0.96945	4.87488	2.7E-02	-0.011694	0.00567291	4.24928	3.9E-02	5.89762	1.5E-02
rs4074720	10	114748497	1.39784	C	T	0.534572	0.984751	1.72251	1.9E-01	-0.00768474	0.00562675	1.86528	1.7E-01	3.10426	7.8E-02
rs72828935	10	126587488	1.61238	G	C	0.716689	0.993686	3.89157	4.9E-02	-0.0125933	0.00620766	4.11548	4.2E-02	4.1778	4.1E-02
rs12778347	10	133978806	1.80077	G	T	0.423877	0.999758	0.00239643	9.6E-01	0.00141264	0.00564215	0.0626862	8.0E-01	0.12861	7.2E-01
rs12802861	11	8387806	0.188896	C	T	0.71326	0.995592	0.282756	5.9E-01	0.00323695	0.0061758	0.274718	6.0E-01	0.0278538	8.7E-01
rs7942486	11	13288698	0.267633	G	T	0.432178	0.998702	1.43669	2.3E-01	-0.00524259	0.00563526	0.865494	3.5E-01	0.801451	3.7E-01
rs2303975	11	14276999	0.27789	G	A	0.888233	0.995866	27.6811	1.4E-07	0.0483573	0.00886033	29.7869	4.8E-08	33.0531	9.0E-09
rs12791818	11	27277760	0.463075	A	G	0.918985	0.937343	5.31656	2.1E-02	0.0230327	0.0105598	4.7575	2.9E-02	5.99546	1.4E-02
rs2679059	11	43599791	0.621966	A	T	0.402252	0.990165	5.40217	2.0E-02	0.0144225	0.00573049	6.33425	1.2E-02	7.16777	7.4E-03
rs11038428	11	45404318	0.657443	G	T	0.717407	0.990678	1.31008	2.5E-01	0.00664648	0.00621113	1.14509	2.8E-01	1.10027	2.9E-01
rs35184771	11	47475189	0.665304	G	T	0.648082	0.998878	11.5675	6.7E-04	-0.0192409	0.00583052	10.8902	9.7E-04	11.9578	5.4E-04
rs174528	11	61543499	0.703973	T	C	0.623454	0.995598	110.474	7.7E-26	-0.0621173	0.00576436	116.124	4.5E-27	119.216	9.4E-28
rs56271783	11	64004723	0.731099	G	C	0.954257	0.977129	31.3589	2.1E-08	-0.0751579	0.0135125	30.9368	2.7E-08	30.6936	3.0E-08
rs667515	11	69449076	0.766481	G	C	0.61173	0.990296	0.0350468	8.5E-01	-0.00100023	0.00572567	0.0305174	8.6E-01	9.8657e-05	9.9E-01
rs2605603	11	93221105	1.00432	G	A	0.520259	0.995512	0.318973	5.7E-01	-0.00365334	0.00555916	0.43188	5.1E-01	0.0146976	9.0E-01
rs4937870	11	112826709	1.19814	A	G	0.689169	0.983578	1.05741	3.0E-01	-0.00482111	0.00606609	0.63165	4.3E-01	0.0825434	7.7E-01
rs2187986	11	115001410	1.23045	G	A	0.524684	0.965018	2.15138	1.4E-01	-0.00778757	0.00568755	1.87479	1.7E-01	2.04783	1.5E-01
rs139118317	11	116399521	1.25458	C	T	0.989174	0.917436	34.8926	3.5E-09	-0.163923	0.0279946	34.2873	4.8E-09	36.3769	1.6E-09
rs4366492	11	130717256	1.51227	T	C	0.474614	0.99465	0.0462728	8.3E-01	0.00127839	0.00557374	0.0526056	8.2E-01	0.107064	7.4E-01
rs10894604	11	132641746	1.55638	T	G	0.652028	1	0.851972	3.6E-01	0.00534999	0.00584879	0.83671	3.6E-01	1.17808	2.8E-01
rs11064524	12	889902	0.0208303	T	G	0.758532	1	0.147927	7.0E-01	0.00382477	0.00649922	0.346327	5.6E-01	0.237446	6.3E-01
rs7976757	12	19207948	0.354438	T	C	0.171206	0.989812	0.0177927	8.9E-01	-0.00323159	0.00741969	0.189697	6.6E-01	0.400728	5.3E-01
rs16926776	12	24001905	0.419584	C	T	0.922961	1	0.0665197	8.0E-01	0.000256976	0.0104761	0.000601708	9.8E-01	0.0483103	8.3E-01
rs11181001	12	41948196	0.563104	A	G	0.469108	0.977653	0.0730807	7.9E-01	0.00133778	0.0056319	0.0564232	8.1E-01	0.205911	6.5E-01
rs2720296	12	50169070	0.630128	G	A	0.609632	0.950295	0.214436	6.4E-01	0.00075185	0.00587118	0.0163988	9.0E-01	0.0991958	7.5E-01
rs11173522	12	60953472	0.741724	C	A	0.784532	0.998242	1.77258	1.8E-01	-0.00901263	0.0067982	1.75758	1.8E-01	1.73987	1.9E-01
rs317646	12	69657145	0.849888	G	A	0.275066	0.99846	0.598202	4.4E-01	0.00649325	0.00625466	1.07775	3.0E-01	1.16035	2.8E-01
rs704067	12	89726027	1.03172	G	A	0.545146	0.989595	0.00389832	9.5E-01	-0.000849444	0.0056433	0.022657	8.8E-01	4.02878e-05	9.9E-01
rs591776	12	99538895	1.16639	C	T	0.364365	0.994453	1.69822	1.9E-01	0.00959008	0.00581249	2.7222	9.9E-02	2.07304	1.5E-01
rs4433630	12	103650031	1.2114	T	C	0.48744	0.978156	0.00137752	9.7E-01	-0.000126885	0.00562085	0.000509582	9.8E-01	0.000868711	9.8E-01
rs11832936	12	110549533	1.29782	A	C	0.610247	0.999756	1.34558	2.5E-01	-0.00729642	0.00574036	1.61563	2.0E-01	1.65869	2.0E-01
rs111828690	12	117576767	1.39704	C	T	0.779464	0.990204	0.0944215	7.6E-01	-0.00113209	0.00679022	0.0277966	8.7E-01	0.224832	6.4E-01
rs144713920	12	122485389	1.46548	C	G	0.945974	0.956209	7.37896	6.6E-03	-0.0317736	0.0126072	6.35179	1.2E-02	7.17651	7.4E-03
rs12317176	12	124404718	1.4789	T	C	0.662157	0.998072	40.015	2.5E-10	0.0369559	0.00588238	39.4694	3.3E-10	47.5592	5.3E-12
rs9579775	13	20616557	0.0139469	A	C	0.863467	0.926233	0.232596	6.3E-01	0.0049503	0.00845306	0.342954	5.6E-01	0.100663	7.5E-01
rs4771218	13	28655311	0.212187	G	A	0.373005	0.991013	0.847632	3.6E-01	-0.00494578	0.0057936	0.728741	3.9E-01	0.433292	5.1E-01
rs9591001	13	33042870	0.304346	G	A	0.634695	0.994769	1.77545	1.8E-01	0.00790125	0.00582351	1.84086	1.7E-01	2.10419	1.5E-01
rs9568856	13	54064981	0.568758	G	A	0.871723	1	2.15959	1.4E-01	-0.0122212	0.00834738	2.14351	1.4E-01	1.50528	2.2E-01
rs6561937	13	58257667	0.585042	T	A	0.243776	0.993408	5.80851	1.6E-02	0.0142015	0.00653136	4.7278	3.0E-02	5.96609	1.5E-02
rs1413125	13	59260131	0.587755	G	T	0.574048	0.994453	0.23704	6.3E-01	0.00272523	0.00566536	0.231393	6.3E-01	0.0935036	7.6E-01
rs1441264	13	79580919	0.787841	G	A	0.406364	0.956515	0.0605272	8.1E-01	-0.00156148	0.00578443	0.0728701	7.9E-01	0.141826	7.1E-01
rs61969477	13	86477950	0.835644	T	C	0.717214	0.998003	2.79951	9.4E-02	-0.00930441	0.00619225	2.25777	1.3E-01	2.67374	1.0E-01
rs1927790	13	96922191	0.93596	T	C	0.587589	0.998094	1.34462	2.5E-01	-0.00598264	0.00567798	1.11019	2.9E-01	1.30483	2.5E-01
rs7335249	13	109962579	1.18904	T	C	0.587526	0.995494	1.02006	3.1E-01	0.00519161	0.00567893	0.835741	3.6E-01	0.69977	4.0E-01
rs7141213	14	25878636	0.160923	C	T	0.428505	0.99817	0.0563564	8.1E-01	-0.00130542	0.00565749	0.0532421	8.2E-01	0.0150828	9.0E-01
rs6576279	14	29649958	0.207571	G	C	0.190393	0.998923	0.374398	5.4E-01	-0.00351775	0.00708336	0.246632	6.2E-01	0.203288	6.5E-01
rs2143975	14	33297398	0.262161	C	G	0.467897	0.986467	0.0274012	8.7E-01	0.0019307	0.00564592	0.116939	7.3E-01	0.192401	6.6E-01
rs35020117	14	73341655	0.671145	T	G	0.538277	0.933938	1.33584	2.5E-01	0.00784813	0.00578811	1.83848	1.8E-01	2.62245	1.1E-01
rs7159565	14	79891894	0.74792	T	C	0.36268	0.984708	1.96494	1.6E-01	0.00669432	0.00582718	1.31976	2.5E-01	1.42414	2.3E-01
rs1951455	14	91512339	0.88209	T	C	0.283982	0.997245	3.16819	7.5E-02	0.0101804	0.00618751	2.70705	1.0E-01	3.86008	4.9E-02
rs2273639	14	93762162	0.916561	C	T	0.692907	0.99913	0.466984	4.9E-01	0.00431509	0.0060554	0.507801	4.8E-01	0.423994	5.1E-01
rs7161194	14	101529005	1.0886	A	G	0.336786	0.914125	0.00736887	9.3E-01	0.00073622	0.00616748	0.0142495	9.0E-01	0.0554775	8.1E-01
rs12148050	14	103263788	1.11638	A	G	0.348874	0.9994	5.35758	2.1E-02	0.0132773	0.00584052	5.1679	2.3E-02	4.29901	3.8E-02
rs35443927	14	103849715	1.12404	C	T	0.630061	0.995118	0.533017	4.7E-01	0.00414241	0.00577162	0.515124	4.7E-01	0.303887	5.8E-01
rs62020665	15	43020324	0.640949	C	G	0.911926	0.939942	33.7311	6.3E-09	-0.0594541	0.0101694	34.1801	5.0E-09	36.8885	1.3E-09
rs11070502	15	46574981	0.663836	G	A	0.422393	0.996515	0.0107162	9.2E-01	0.000937635	0.0056576	0.0274665	8.7E-01	0.000709093	9.8E-01
rs1123294	15	58545064	0.781703	C	G	0.830474	0.986357	62.1291	3.2E-15	0.058537	0.0074557	61.643	4.1E-15	64.6419	9.0E-16
rs10152355	15	58671178	0.784742	C	A	0.548786	0.924121	62.7193	2.4E-15	0.0464273	0.00583946	63.2122	1.9E-15	69.0655	9.5E-17
rs11632618	15	58724706	0.787805	G	A	0.92956	1	47.0464	6.9E-12	-0.0759752	0.0109033	48.5541	3.2E-12	50.6551	1.1E-12
rs4777542	15	73082366	0.987566	C	T	0.670419	0.995307	0.986812	3.2E-01	-0.00577136	0.00596196	0.937083	3.3E-01	1.03813	3.1E-01
rs11855821	15	78008843	1.01251	G	A	0.714306	0.958126	7.30106	6.9E-03	0.0166706	0.00628742	7.03001	8.0E-03	5.98945	1.4E-02
rs12914623	15	80993570	1.05801	G	C	0.732913	0.994175	0.158321	6.9E-01	0.00390566	0.00631013	0.383099	5.4E-01	0.376032	5.4E-01
rs7168523	15	95263911	1.31585	C	T	0.355269	0.99653	6.40842	1.1E-02	0.013944	0.00583278	5.71513	1.7E-02	6.39938	1.1E-02
rs1048786	16	336916	0.0036807	C	T	0.830941	1	3.4666	6.3E-02	0.012651	0.00743396	2.89608	8.9E-02	2.51695	1.1E-01
rs2601773	16	4001898	0.0718473	C	A	0.503399	0.995484	10.8314	1.0E-03	-0.0172633	0.00557897	9.57504	2.0E-03	8.08105	4.5E-03
rs9934930	16	4902038	0.0862098	A	G	0.521116	0.994594	0.0230243	8.8E-01	-0.00126349	0.00560983	0.0507273	8.2E-01	0.282179	6.0E-01
rs7187976	16	19708196	0.389763	A	G	0.820215	0.98274	0.0903055	7.6E-01	0.000892768	0.00730259	0.014946	9.0E-01	0.0913855	7.6E-01
rs4238585	16	20255097	0.398011	C	T	0.13201	0.96298	0.314954	5.7E-01	-0.00204623	0.00837651	0.0596736	8.1E-01	0.027801	8.7E-01
rs11074452	16	20370168	0.40198	C	G	0.490517	0.995812	0.00341266	9.5E-01	-0.000802294	0.00558675	0.0206228	8.9E-01	0.153107	7.0E-01
rs200539	16	24735178	0.466016	T	C	0.268765	0.996448	7.52991	6.1E-03	-0.0163677	0.00626445	6.82665	9.0E-03	6.65074	9.9E-03
rs2650494	16	28318440	0.541911	A	G	0.581267	0.992404	7.16363	7.4E-03	0.0149467	0.00565173	6.99403	8.2E-03	7.69403	5.5E-03
rs4787483	16	29885447	0.552081	A	G	0.662227	1	0.000996865	9.7E-01	0.00127562	0.00589737	0.0467871	8.3E-01	0.0405142	8.4E-01
rs111886096	16	53598310	0.644304	A	G	0.862466	0.993464	0.0452935	8.3E-01	-0.00192395	0.00810419	0.0563596	8.1E-01	0.0730407	7.9E-01
rs7205986	16	53755146	0.644839	A	G	0.489919	0.988839	0.127691	7.2E-01	-0.000409289	0.00561822	0.00530715	9.4E-01	1.99516e-05	1.0E+00
rs117338288	16	56304436	0.719176	C	T	0.986105	0.937829	32.3767	1.3E-08	-0.138716	0.0245409	31.9503	1.6E-08	32.1404	1.4E-08
rs5011579	16	69187318	0.855228	C	G	0.2843	0.994942	0.308359	5.8E-01	-0.00268064	0.00618847	0.187633	6.6E-01	0.356919	5.5E-01
rs12924872	16	69552215	0.858355	C	T	0.533347	0.984378	9.88822	1.7E-03	0.0178859	0.005637	10.0676	1.5E-03	11.0615	8.8E-04
rs811054	16	72251132	0.873381	C	T	0.462771	0.985658	0.162584	6.9E-01	-0.00219612	0.00562279	0.152549	7.0E-01	0.230532	6.3E-01
rs9921731	16	81490692	1.04519	G	C	0.392364	0.997107	27.9746	1.2E-07	0.0322665	0.00570531	31.9849	1.6E-08	31.0076	2.6E-08
rs77081114	17	1816762	0.0641667	G	A	0.834903	1	2.45676	1.2E-01	0.0143287	0.00752187	3.6288	5.7E-02	4.09516	4.3E-02
rs3026101	17	5280440	0.136672	T	C	0.696449	0.998494	1.27808	2.6E-01	0.0073361	0.00607721	1.45721	2.3E-01	1.21456	2.7E-01
rs10491104	17	15884561	0.425342	C	T	0.468509	1	0.908055	3.4E-01	0.00463618	0.00559284	0.687156	4.1E-01	1.02331	3.1E-01
rs9906072	17	21245687	0.471598	T	C	0.486625	0.873727	8.5275	3.5E-03	0.0172617	0.00598041	8.33119	3.9E-03	9.75422	1.8E-03
rs9904602	17	34835526	0.595066	T	A	0.482475	0.99641	2.44963	1.2E-01	-0.00952944	0.00558798	2.9082	8.8E-02	3.17176	7.5E-02
rs17616799	17	46039553	0.703155	A	G	0.898327	0.994334	0.433476	5.1E-01	0.00605161	0.00924616	0.428371	5.1E-01	0.260409	6.1E-01
rs55797392	17	47055622	0.707863	G	A	0.589793	0.985453	3.27931	7.0E-02	0.00884256	0.0057039	2.40333	1.2E-01	3.20563	7.3E-02
rs7211966	17	54374611	0.801315	C	T	0.981745	0.996866	1.76292	1.8E-01	0.0269741	0.0208101	1.68014	1.9E-01	1.02824	3.1E-01
rs17631394	17	61646000	0.886955	G	A	0.736546	0.99153	6.61005	1.0E-02	-0.0156639	0.00636097	6.0639	1.4E-02	5.97761	1.4E-02
rs2619976	17	71754545	1.06134	C	T	0.589126	0.992569	0.0560622	8.1E-01	-0.00155667	0.005703	0.0745051	7.8E-01	0.0491943	8.2E-01
rs9889402	17	73364216	1.09851	G	A	0.270937	0.998338	35.1049	3.1E-09	-0.0348718	0.00626889	30.9433	2.7E-08	29.7545	4.9E-08
rs4424946	17	78554888	1.24995	T	C	0.762112	0.998925	1.18001	2.8E-01	-0.00712305	0.00655292	1.18158	2.8E-01	0.732057	3.9E-01
rs4076427	17	79087537	1.26024	G	C	0.609873	0.985353	6.68266e-05	9.9E-01	-0.000147465	0.00573487	0.000661195	9.8E-01	0.283886	5.9E-01
rs1371274	18	1837007	0.0479005	A	C	0.863572	0.995553	0.0102694	9.2E-01	0.000832015	0.00811755	0.0105054	9.2E-01	0.057243	8.1E-01
rs11875960	18	21071925	0.432054	A	G	0.650113	0.974621	2.97352	8.5E-02	0.012834	0.00592774	4.68751	3.0E-02	6.06314	1.4E-02
rs9807506	18	39493911	0.604143	C	T	0.110516	0.995331	0.259206	6.1E-01	0.00498144	0.00891946	0.311912	5.8E-01	0.343548	5.6E-01
rs4890428	18	40697340	0.611694	G	T	0.5787	0.994435	4.98979	2.5E-02	0.0141185	0.00567798	6.18286	1.3E-02	7.74165	5.4E-03
rs7239114	18	45921214	0.66958	G	A	0.458185	0.985699	2.37917	1.2E-01	-0.00906303	0.00564103	2.58125	1.1E-01	2.47476	1.2E-01
rs72934723	18	53305311	0.747109	A	G	0.96095	0.966483	3.678	5.5E-02	0.0298693	0.0146563	4.15336	4.2E-02	4.41115	3.6E-02
rs2187176	18	57679365	0.819838	A	G	0.309978	0.982596	0.0923391	7.6E-01	0.00223942	0.00608872	0.135275	7.1E-01	0.325933	5.7E-01
rs117758180	18	57809744	0.821562	C	T	0.97678	1	0.922479	3.4E-01	-0.0181964	0.0185271	0.964623	3.3E-01	1.03049	3.1E-01
rs113268469	18	57862913	0.821729	C	T	0.982698	0.966786	1.19956	2.7E-01	-0.0186919	0.0217802	0.736519	3.9E-01	0.280319	6.0E-01
rs11668832	19	1812682	0.0683182	A	G	0.450689	0.989019	2.60304	1.1E-01	-0.0093096	0.00562751	2.73672	9.8E-02	3.12297	7.7E-02
rs72976986	19	4050424	0.142675	G	A	0.810758	0.984512	9.33537	2.2E-03	0.02227	0.00718996	9.59376	2.0E-03	9.17329	2.5E-03
rs55714539	19	18207397	0.447742	A	C	0.656472	0.982807	0.0719674	7.9E-01	0.00202832	0.00591176	0.117717	7.3E-01	0.344059	5.6E-01
rs17724992	19	18454825	0.450275	A	G	0.730237	0.991647	1.94101	1.6E-01	0.00810671	0.0062992	1.65623	2.0E-01	3.11609	7.8E-02
rs2003476	19	18806668	0.454309	T	C	0.59308	0.986683	0.779346	3.8E-01	0.00650577	0.00570155	1.302	2.5E-01	0.693915	4.0E-01
rs12461902	19	30265235	0.512848	G	A	0.672506	0.985963	1.98115	1.6E-01	-0.00825933	0.00600096	1.89429	1.7E-01	2.77005	9.6E-02
rs11882409	19	34019685	0.562915	C	A	0.713772	0.966519	0.0392041	8.4E-01	0.00125381	0.0062745	0.0399305	8.4E-01	0.0133532	9.1E-01
rs62117160	19	45232161	0.700034	G	A	0.954396	1	52.5857	4.1E-13	-0.0943646	0.0133534	49.9387	1.6E-12	53.7568	2.3E-13
rs112450640	19	45296364	0.703043	G	A	0.98057	0.986145	53.4938	2.6E-13	-0.145082	0.0203581	50.7869	1.0E-12	55.5359	9.2E-14
rs372642577	19	45432488	0.707888	C	A	0.911967	0.614237	26.413	2.8E-07	0.0686027	0.0125357	29.9493	4.4E-08	28.2886	1.0E-07
rs12609885	19	47545028	0.744032	C	T	0.110857	0.970308	0.985059	3.2E-01	-0.00958279	0.00904512	1.12242	2.9E-01	0.849863	3.6E-01
rs1884389	20	1410582	0.0620248	C	T	0.560429	0.990862	0.369565	5.4E-01	0.00325971	0.0056434	0.333639	5.6E-01	0.328772	5.7E-01
rs1321453	20	6585670	0.214258	G	A	0.332006	0.979962	0.000723202	9.8E-01	0.0010333	0.00599579	0.0297003	8.6E-01	0.0248837	8.7E-01
rs947088	20	17171373	0.411628	G	T	0.280165	0.992316	0.426789	5.1E-01	-0.00467666	0.00624411	0.560958	4.5E-01	0.448595	5.0E-01
rs8116853	20	21439820	0.48109	A	G	0.902603	0.99434	0.0125961	9.1E-01	-0.000844185	0.00941858	0.0080335	9.3E-01	0.0180492	8.9E-01
rs6142096	20	32686658	0.536502	G	A	0.481267	0.998195	4.24862	3.9E-02	-0.0120743	0.00559272	4.66096	3.1E-02	6.08892	1.4E-02
rs4810479	20	44545048	0.671269	C	T	0.249313	1	63.6301	1.5E-15	0.0527181	0.00644488	66.9099	2.8E-16	64.0822	1.2E-15
rs2836753	21	40291187	0.447396	T	C	0.362883	0.999333	1.30312	2.5E-01	-0.00573804	0.00579523	0.98036	3.2E-01	1.26208	2.6E-01
rs1964926	21	42653121	0.51205	A	G	0.35393	0.992207	11.0544	8.8E-04	-0.0190337	0.0058627	10.5402	1.2E-03	13.1687	2.8E-04
rs8130074	21	46498684	0.621941	C	G	0.35124	0.996511	0.903657	3.4E-01	0.00528235	0.00585992	0.812588	3.7E-01	0.858341	3.5E-01
rs4820399	22	40546633	0.498151	C	T	0.4075	0.991505	0.477779	4.9E-01	-0.00354926	0.00568959	0.389146	5.3E-01	0.272882	6.0E-01
rs13053342	22	48871624	0.664334	G	A	0.577345	0.990848	2.35745	1.2E-01	-0.00988548	0.0056615	3.04883	8.1E-02	3.55002	6.0E-02
