SNP	CHR	BP	GENPOS	ALLELE1	ALLELE0	A1FREQ	INFO	CHISQ_LINREG	P_LINREG	BETA	SE	CHISQ_BOLT_LMM_INF	P_BOLT_LMM_INF
rs28788874	1	1520725	0.0141684	C	T	0.584735	0.768295	0.217091	6.4E-01	-0.0027227	0.00648384	0.176333	6.7E-01	0.0850443	7.7E-01
rs72634501	1	39551488	0.669558	T	C	0.760747	0.973003	0.529965	4.7E-01	0.00562716	0.00669049	0.707397	4.0E-01	0.637821	4.2E-01
rs7545034	1	47659445	0.739124	T	C	0.495311	0.986554	0.0915065	7.6E-01	-0.00198601	0.00567313	0.122552	7.3E-01	0.23149	6.3E-01
rs7553454	1	49231261	0.759781	T	C	0.774904	0.984417	0.0431663	8.4E-01	0.00102198	0.00677295	0.0227682	8.8E-01	0.061219	8.0E-01
rs12117661	1	55487346	0.808955	C	G	0.755046	0.987273	46.9658	7.2E-12	0.0462766	0.0066032	49.1151	2.4E-12	50.2841	1.3E-12
rs624698	1	62900811	0.92277	A	G	0.58261	0.969721	32.2631	1.3E-08	0.0338987	0.0057875	34.307	4.7E-09	39.3957	3.5E-10
rs6690871	1	74977277	1.04309	A	G	0.592502	0.986356	3.48754	6.2E-02	0.0101565	0.00577002	3.09837	7.8E-02	3.69046	5.5E-02
rs2247536	1	77919438	1.07305	G	C	0.734406	0.984022	0.109358	7.4E-01	-0.000957146	0.00643395	0.022131	8.8E-01	0.248013	6.2E-01
rs1536023	1	96882019	1.26526	C	A	0.779556	0.988892	1.36075	2.4E-01	0.0069597	0.00683588	1.03655	3.1E-01	1.48214	2.2E-01
rs10747488	1	98299475	1.27829	C	A	0.231417	0.993887	0.0664408	8.0E-01	0.00202744	0.00670927	0.0913155	7.6E-01	0.0839849	7.7E-01
rs920835	1	107946802	1.36667	G	A	0.707486	0.968585	0.0636907	8.0E-01	0.00272739	0.00629683	0.187607	6.6E-01	0.29362	5.9E-01
rs611793	1	109621436	1.38384	A	C	0.867877	0.971065	31.3985	2.1E-08	0.0466921	0.00841137	30.8144	2.8E-08	28.6386	8.7E-08
rs4357530	1	151103153	1.65977	G	A	0.321207	0.991504	0.0315046	8.6E-01	-0.00144621	0.00605888	0.0569738	8.1E-01	0.17063	6.8E-01
rs148261599	1	155253286	1.69959	C	G	0.796018	0.939661	0.0082948	9.3E-01	-0.000917999	0.00718806	0.0163102	9.0E-01	0.000243708	9.9E-01
rs12565430	1	174400537	1.95129	G	A	0.890495	0.989663	0.493164	4.8E-01	-0.00573671	0.00904053	0.40266	5.3E-01	0.267003	6.1E-01
rs10913418	1	177755299	1.98687	C	A	0.596511	0.989574	0.50579	4.8E-01	-0.00448268	0.00577074	0.60341	4.4E-01	0.476334	4.9E-01
rs1359940	1	177848153	1.98809	T	C	0.542981	0.978287	3.4766	6.2E-02	-0.0106523	0.00571853	3.46992	6.2E-02	2.69833	1.0E-01
rs9425633	1	184657251	2.05452	T	C	0.517837	0.997773	0.0740356	7.9E-01	-0.00150037	0.0056349	0.0708961	7.9E-01	0.219202	6.4E-01
rs10801363	1	194922207	2.13186	T	A	0.632532	0.99595	2.43438	1.2E-01	-0.00873774	0.00584689	2.23331	1.4E-01	2.66347	1.0E-01
rs2494116	1	201784151	2.19723	G	A	0.451622	0.998902	0.00311722	9.6E-01	5.5987e-05	0.0056512	9.81508e-05	9.9E-01	0.00173994	9.7E-01
rs661955	1	234842856	2.62186	G	C	0.481801	0.978806	35.4595	2.6E-09	-0.0335609	0.00568924	34.7984	3.7E-09	38.4904	5.5E-10
rs12042959	1	243533273	2.82744	A	G	0.856757	0.985729	0.0372253	8.5E-01	0.00148923	0.00807705	0.0339951	8.5E-01	0.00422188	9.5E-01
rs6548228	2	345889	0.00380575	T	C	0.476197	0.997111	2.94877	8.6E-02	-0.00913882	0.00564432	2.62154	1.1E-01	2.6992	1.0E-01
rs2667214	2	449487	0.00560823	A	G	0.676488	0.984343	0.711365	4.0E-01	-0.00525303	0.00607428	0.747878	3.9E-01	0.437826	5.1E-01
rs10176391	2	574368	0.00678655	C	G	0.988537	0.920209	3.93983	4.7E-02	0.0549272	0.0275489	3.97528	4.6E-02	3.57562	5.9E-02
rs12994068	2	21118983	0.419441	A	C	0.739386	0.983265	36.7081	1.4E-09	-0.0407118	0.00645621	39.7637	2.9E-10	43.135	5.1E-11
rs12720816	2	21239667	0.419939	T	C	0.606216	0.97208	152.85	4.1E-35	-0.0712904	0.00582029	150.029	1.7E-34	151.363	8.7E-35
rs4665378	2	27548038	0.473329	A	C	0.601213	0.998401	36.3541	1.6E-09	0.0351077	0.00575299	37.2406	1.0E-09	38.2074	6.4E-10
rs10048652	2	35449306	0.577825	T	C	0.438309	0.999392	3.65772	5.6E-02	0.00984874	0.00568443	3.00184	8.3E-02	3.47704	6.2E-02
rs56266464	2	44054991	0.686489	G	A	0.939556	0.986548	40.8206	1.7E-10	0.0774952	0.0119104	42.3346	7.7E-11	41.2186	1.4E-10
rs698838	2	44738763	0.693339	C	T	0.374359	1	2.12234	1.5E-01	-0.00854525	0.00582125	2.15485	1.4E-01	1.55829	2.1E-01
rs3198123	2	55207693	0.827446	C	T	0.698625	0.993954	0.0524773	8.2E-01	-0.000471753	0.00616267	0.00585992	9.4E-01	0.288884	5.9E-01
rs13032423	2	57992112	0.847237	G	A	0.445418	0.996747	4.71967	3.0E-02	-0.0127338	0.00568296	5.02076	2.5E-02	5.06838	2.4E-02
rs55767040	2	58955028	0.850031	T	C	0.699424	0.989049	2.97043	8.5E-02	0.00986096	0.00618948	2.53823	1.1E-01	2.4919	1.1E-01
rs980183	2	59311536	0.858192	G	A	0.398003	0.996406	0.909225	3.4E-01	-0.00540137	0.00576005	0.879337	3.5E-01	1.17745	2.8E-01
rs7557796	2	86766153	1.16162	T	C	0.352323	0.999778	0.899306	3.4E-01	0.00588924	0.00589741	0.997232	3.2E-01	0.802899	3.7E-01
rs13023088	2	100576304	1.22131	C	T	0.849851	0.99385	2.85925	9.1E-02	-0.0137399	0.0078939	3.02959	8.2E-02	2.79499	9.5E-02
rs9308868	2	104361420	1.24985	G	A	0.475644	0.997977	1.07704	3.0E-01	0.00659861	0.00565174	1.36314	2.4E-01	1.05183	3.1E-01
rs1349512	2	105435369	1.26243	T	C	0.689911	0.999103	0.157872	6.9E-01	0.00354218	0.00608084	0.339324	5.6E-01	0.0231676	8.8E-01
rs1530559	2	135755629	1.58463	A	G	0.600693	1	0.172528	6.8E-01	-0.00442599	0.00570215	0.602481	4.4E-01	0.530206	4.7E-01
rs2034604	2	143958745	1.64938	C	T	0.463349	0.997459	1.49215	2.2E-01	-0.00708475	0.00565605	1.569	2.1E-01	1.38537	2.4E-01
rs12692596	2	161265910	1.78694	C	T	0.629192	0.996301	3.44142	6.4E-02	0.0109469	0.00581506	3.54383	6.0E-02	3.15156	7.6E-02
rs12328675	2	165540800	1.81492	T	C	0.879644	0.99881	15.6265	7.7E-05	0.0324253	0.00863986	14.0849	1.7E-04	11.2904	7.8E-04
rs6745626	2	181436641	2.00364	C	T	0.408617	0.996845	0.225363	6.3E-01	-0.00279112	0.00573581	0.236792	6.3E-01	0.367786	5.4E-01
rs6743255	2	205363596	2.17314	A	G	0.119725	1	0.0197955	8.9E-01	0.00340253	0.0086565	0.154497	6.9E-01	0.0932834	7.6E-01
rs13000757	2	207145906	2.20108	G	T	0.495484	0.995817	1.39586	2.4E-01	0.0063502	0.00565302	1.26187	2.6E-01	1.02398	3.1E-01
rs11692326	2	208263279	2.21189	C	T	0.770028	0.999964	1.20516	2.7E-01	0.007261	0.0066766	1.18272	2.8E-01	0.886067	3.5E-01
rs12611517	2	228977034	2.47863	T	A	0.656814	0.999378	0.488863	4.8E-01	0.00341585	0.00592872	0.331952	5.6E-01	0.46093	5.0E-01
rs12473885	2	230569590	2.5018	G	T	0.878273	0.993886	0.103985	7.5E-01	-0.00297375	0.00861845	0.119056	7.3E-01	0.0158566	9.0E-01
rs13098833	3	20428568	0.395393	A	G	0.723663	0.994024	0.0257862	8.7E-01	0.000807038	0.00634446	0.0161808	9.0E-01	0.0374679	8.5E-01
rs754635	3	42305131	0.652861	C	G	0.112989	0.99768	0.568532	4.5E-01	-0.00765554	0.00887225	0.744534	3.9E-01	0.536329	4.6E-01
rs72906474	3	47817007	0.688057	G	T	0.417107	0.973948	0.226419	6.3E-01	-0.00283121	0.00579237	0.238908	6.2E-01	0.386816	5.3E-01
rs71326904	3	49991060	0.690403	C	T	0.749113	0.999883	0.00898364	9.2E-01	0.000528455	0.00650233	0.00660507	9.4E-01	0.0265303	8.7E-01
rs1371095	3	61147530	0.807508	A	G	0.581645	0.99157	0.00813712	9.3E-01	0.000204727	0.00573939	0.00127239	9.7E-01	0.00319555	9.5E-01
rs9874646	3	62462818	0.82936	C	T	0.314458	0.963027	2.08304	1.5E-01	-0.00928048	0.00618612	2.25063	1.3E-01	2.3586	1.2E-01
rs7430139	3	82504148	1.08216	A	G	0.834726	1	0.101701	7.5E-01	-0.00240063	0.00760431	0.0996625	7.5E-01	0.126677	7.2E-01
rs1248859	3	85017098	1.08828	G	C	0.331024	0.996188	6.21121	1.3E-02	0.0150235	0.00600373	6.26178	1.2E-02	7.95392	4.8E-03
rs9857105	3	93893210	1.10433	A	G	0.459959	0.997124	1.0491	3.1E-01	-0.00589253	0.00567281	1.07896	3.0E-01	0.997547	3.2E-01
rs11917909	3	107864673	1.2019	G	A	0.64971	0.995989	0.417789	5.2E-01	-0.00354393	0.00590602	0.360066	5.5E-01	0.330681	5.7E-01
rs2037001	3	131458973	1.44255	C	G	0.708207	0.979412	7.39014	6.6E-03	-0.0158191	0.00626616	6.37327	1.2E-02	5.76484	1.6E-02
rs9827662	3	135710841	1.49347	C	A	0.75398	0.999173	9.87941	1.7E-03	-0.0200724	0.00653832	9.42471	2.1E-03	8.36526	3.8E-03
rs355786	3	153990749	1.684	G	A	0.607502	0.999005	0.0990575	7.5E-01	0.00113734	0.0057868	0.0386283	8.4E-01	0.0327417	8.6E-01
rs1604038	3	170709193	1.7983	C	T	0.714201	0.999363	0.000364571	9.8E-01	-4.97116e-05	0.00622801	6.37114e-05	9.9E-01	0.0404952	8.4E-01
rs9867130	3	185729753	2.0208	A	G	0.141676	0.965346	0.957292	3.3E-01	0.00929292	0.00824662	1.26985	2.6E-01	1.26109	2.6E-01
rs13108218	4	3443931	0.034383	A	G	0.384615	0.983396	29.8301	4.7E-08	0.0318984	0.00581488	30.0924	4.1E-08	29.7219	5.0E-08
rs11736501	4	18451423	0.339653	A	C	0.680338	0.997158	0.363514	5.5E-01	0.00362446	0.00603936	0.360168	5.5E-01	0.873976	3.5E-01
rs73244271	4	20091053	0.357316	A	G	0.887469	0.995322	0.968608	3.3E-01	-0.00770903	0.00896002	0.740255	3.9E-01	0.630607	4.3E-01
rs6849555	4	25150890	0.433804	G	C	0.799698	0.94032	2.8854	8.9E-02	0.0128708	0.00725825	3.14449	7.6E-02	4.17131	4.1E-02
rs4623046	4	45042343	0.679347	G	A	0.33237	0.994028	0.177289	6.7E-01	-0.00172593	0.00598536	0.0831509	7.7E-01	0.0050062	9.4E-01
rs6829208	4	52728640	0.6941	T	C	0.726338	0.99807	1.9204	1.7E-01	-0.00722816	0.00631338	1.31078	2.5E-01	0.84401	3.6E-01
rs6815651	4	55487718	0.714225	C	T	0.450226	0.994486	3.24946	7.1E-02	-0.00970257	0.00566761	2.93071	8.7E-02	2.94991	8.6E-02
rs923994	4	67802992	0.836181	A	G	0.217153	0.992221	6.57637	1.0E-02	0.0180935	0.00683413	7.00939	8.1E-03	7.27605	7.0E-03
rs12645001	4	96018337	1.09763	G	A	0.650874	0.99796	3.46166	6.3E-02	0.0102285	0.00590619	2.99922	8.3E-02	2.28147	1.3E-01
rs13105682	4	102702364	1.15516	T	G	0.941406	0.93989	2.15543	1.4E-01	-0.0190172	0.012374	2.36196	1.2E-01	2.01702	1.6E-01
rs11728213	4	113309647	1.25168	G	A	0.683684	0.99931	0.00134583	9.7E-01	0.000726387	0.00606658	0.0143367	9.0E-01	0.117604	7.3E-01
rs1296328	4	137083193	1.44321	A	C	0.440098	0.99123	2.7677	9.6E-02	-0.00866053	0.00572418	2.28909	1.3E-01	2.28503	1.3E-01
rs4863516	4	140773770	1.49281	T	C	0.672112	0.999318	1.99384	1.6E-01	0.00813645	0.00599448	1.84233	1.7E-01	1.91326	1.7E-01
rs750090	4	152931436	1.59021	T	C	0.646587	0.97605	0.115706	7.3E-01	0.00181445	0.00593265	0.0935387	7.6E-01	0.0141248	9.1E-01
rs13110266	4	162129844	1.69444	G	A	0.582061	0.993805	0.0219444	8.8E-01	0.001004	0.00572172	0.03079	8.6E-01	0.014221	9.1E-01
rs4597930	5	27171542	0.425308	T	C	0.71786	0.997265	1.22772	2.7E-01	0.00721204	0.00627288	1.32185	2.5E-01	1.15672	2.8E-01
rs6451675	5	43110855	0.62057	C	G	0.307452	0.990847	0.729386	3.9E-01	0.00403977	0.00611839	0.435951	5.1E-01	0.316563	5.7E-01
rs6449674	5	62995938	0.739824	T	C	0.52251	0.996207	0.0157988	9.0E-01	-0.000712135	0.00564506	0.0159143	9.0E-01	0.0423296	8.4E-01
rs6891856	5	63972658	0.744519	G	T	0.472565	0.983364	0.838044	3.6E-01	-0.00424634	0.00568849	0.557233	4.6E-01	0.745204	3.9E-01
rs4072296	5	74242002	0.858799	T	C	0.46019	0.938263	21.2992	3.9E-06	-0.0275994	0.00582924	22.417	2.2E-06	26.7528	2.3E-07
rs11740689	5	80841360	0.956164	A	C	0.681749	0.9953	3.51525	6.1E-02	0.0113219	0.00604943	3.50274	6.1E-02	3.23247	7.2E-02
rs77156384	5	87709219	1.01438	A	G	0.979071	1	1.84193	1.7E-01	0.0263667	0.0196918	1.79283	1.8E-01	1.7061	1.9E-01
rs7701355	5	88804839	1.01946	G	T	0.578544	0.999666	0.426545	5.1E-01	-0.003348	0.00571123	0.343646	5.6E-01	0.265245	6.1E-01
rs6885199	5	92574633	1.04879	G	A	0.9622	1	1.35693	2.4E-01	-0.0165948	0.0147604	1.264	2.6E-01	1.02144	3.1E-01
rs12186664	5	95630225	1.07202	A	T	0.684284	0.993149	0.575705	4.5E-01	-0.00443136	0.00606808	0.533299	4.7E-01	0.563595	4.5E-01
rs1835978	5	107265051	1.15538	T	C	0.111179	0.976322	1.13913	2.9E-01	0.00924146	0.00905329	1.042	3.1E-01	1.45196	2.3E-01
rs459552	5	112176756	1.19663	T	A	0.232844	1	0.32742	5.7E-01	-0.00420571	0.0066506	0.399905	5.3E-01	0.687081	4.1E-01
rs329120	5	133861756	1.41589	C	T	0.579716	0.996967	0.35884	5.5E-01	0.00446133	0.00571765	0.608827	4.4E-01	0.83287	3.6E-01
rs356453	5	139053563	1.4578	G	A	0.669183	0.993285	0.643787	4.2E-01	0.00493582	0.00599543	0.677764	4.1E-01	0.872164	3.5E-01
rs2190788	5	144484261	1.52142	G	T	0.681254	0.989372	2.55799	1.1E-01	-0.00956636	0.00609355	2.46464	1.2E-01	2.68325	1.0E-01
rs7701886	5	153547409	1.6413	G	A	0.45336	0.99206	0.753824	3.9E-01	0.00478366	0.00568153	0.708907	4.0E-01	1.11914	2.9E-01
rs2287894	5	170322919	1.86356	T	A	0.272401	0.998905	0.000105679	9.9E-01	-0.000194893	0.00633387	0.000946786	9.8E-01	0.0397491	8.4E-01
rs10947758	6	12093961	0.272682	T	C	0.645937	0.995017	1.34467	2.5E-01	-0.00688402	0.00591229	1.35573	2.4E-01	0.779039	3.8E-01
rs9357634	6	13192190	0.290983	T	C	0.701576	0.98883	2.09828	1.5E-01	0.00937057	0.00619566	2.28747	1.3E-01	2.11096	1.5E-01
rs3806114	6	20482335	0.408974	G	A	0.330694	0.979566	0.232915	6.3E-01	-0.00281253	0.00605739	0.215588	6.4E-01	0.441981	5.1E-01
rs2768	6	31321856	0.512785	A	G	0.749612	0.995049	2.81443	9.3E-02	-0.00939053	0.00652652	2.07022	1.5E-01	3.32169	6.8E-02
rs2260051	6	31591918	0.515519	A	T	0.438115	0.999979	2.58437	1.1E-01	-0.00954931	0.00566859	2.83789	9.2E-02	3.98524	4.6E-02
rs57493997	6	34443523	0.547182	T	C	0.907375	0.988432	0.033597	8.5E-01	-0.00175488	0.00976566	0.0322916	8.6E-01	0.00565858	9.4E-01
rs35679149	6	43604167	0.672046	A	G	0.973525	1	0.090796	7.6E-01	0.00772321	0.0175661	0.193306	6.6E-01	0.653631	4.2E-01
rs4714925	6	46304194	0.722787	A	G	0.493044	0.998125	0.0379531	8.5E-01	0.00132718	0.00564026	0.0553686	8.1E-01	0.028177	8.7E-01
rs9473821	6	50356035	0.748721	T	C	0.122366	0.995677	6.86917	8.8E-03	-0.0228118	0.00861262	7.01531	8.1E-03	5.01017	2.5E-02
rs1369869	6	83366282	0.934423	C	T	0.558841	0.987317	0.0879034	7.7E-01	0.00300677	0.00570838	0.277443	6.0E-01	0.265095	6.1E-01
rs6905544	6	98411631	1.06235	A	G	0.398807	0.997318	0.608206	4.4E-01	0.0039054	0.00576121	0.459518	5.0E-01	0.404698	5.2E-01
rs1575676	6	108861264	1.17848	C	T	0.628148	0.997454	0.533977	4.6E-01	0.00451168	0.00582034	0.600868	4.4E-01	0.491265	4.8E-01
rs9387640	6	119508871	1.25792	C	T	0.635398	1	0.629545	4.3E-01	-0.00426121	0.00586532	0.527816	4.7E-01	0.756565	3.8E-01
rs71562509	6	139835423	1.50317	G	T	0.406022	0.995301	29.9934	4.3E-08	0.0314428	0.00574409	29.964	4.4E-08	29.1177	6.8E-08
rs7755574	6	153364643	1.66311	G	T	0.718151	0.997121	3.60472	5.8E-02	0.0117611	0.00629979	3.48532	6.2E-02	3.88522	4.9E-02
rs13209728	6	162997533	1.81843	A	C	0.861097	0.999607	0.0708543	7.9E-01	0.00355654	0.00815057	0.190405	6.6E-01	0.213334	6.4E-01
rs11767176	7	1852823	0.0275939	G	A	0.78849	0.994823	0.156529	6.9E-01	0.00180221	0.00689535	0.0683119	7.9E-01	0.058059	8.1E-01
rs4307239	7	24354300	0.415589	A	G	0.540084	0.99283	2.54122	1.1E-01	-0.00848272	0.0056691	2.23894	1.3E-01	2.24747	1.3E-01
rs3807566	7	50564204	0.76671	G	T	0.56098	0.994523	0.108685	7.4E-01	0.00130449	0.00568196	0.0527089	8.2E-01	0.0828708	7.7E-01
rs4718966	7	70040558	0.868636	C	T	0.584999	0.992694	0.00386041	9.5E-01	5.5072e-05	0.00575013	9.1729e-05	9.9E-01	0.0156406	9.0E-01
rs10950289	7	71429308	0.890251	A	G	0.837402	0.9787	1.52367	2.2E-01	-0.00885665	0.0077039	1.32165	2.5E-01	1.55548	2.1E-01
rs6964833	7	74101909	0.91305	T	C	0.742216	0.9996	8.16174e-06	1.0E+00	7.12261e-05	0.00644964	0.000121957	9.9E-01	0.00820938	9.3E-01
rs7805441	7	78121458	0.952449	C	T	0.496028	0.987826	0.00606916	9.4E-01	-0.00206157	0.00568861	0.131336	7.2E-01	0.150517	7.0E-01
rs16868443	7	93206264	1.0947	G	C	0.638366	0.996209	0.00764262	9.3E-01	0.000766117	0.0058578	0.0171049	9.0E-01	0.081239	7.8E-01
rs17155888	7	103416295	1.18694	T	A	0.573633	0.98913	0.450116	5.0E-01	-0.0037652	0.00572826	0.432046	5.1E-01	0.443878	5.1E-01
rs7788008	7	112972483	1.29323	G	A	0.566242	0.997606	0.949156	3.3E-01	0.005339	0.00568278	0.88267	3.5E-01	1.02089	3.1E-01
rs12705908	7	113422504	1.29936	A	G	0.435782	0.999217	0.114113	7.4E-01	0.00141983	0.00568034	0.0624776	8.0E-01	0.67891	4.1E-01
rs1563408	7	114303189	1.30467	G	A	0.518625	0.9976	1.43905	2.3E-01	0.006566	0.00564272	1.35402	2.4E-01	1.41703	2.3E-01
rs2968856	7	150614934	1.67963	T	C	0.750666	0.995794	0.31709	5.7E-01	0.00401528	0.00653111	0.37797	5.4E-01	0.0648564	8.0E-01
rs2921077	8	8304502	0.239157	G	A	0.535755	0.992952	0.0442216	8.3E-01	0.00173162	0.00568858	0.0926617	7.6E-01	0.160825	6.9E-01
rs2959592	8	17002725	0.407822	T	C	0.81033	0.987439	0.600515	4.4E-01	0.00448758	0.00723093	0.385156	5.3E-01	0.378106	5.4E-01
rs1362910	8	30856464	0.645028	A	G	0.419317	0.991461	0.897226	3.4E-01	-0.00509483	0.005707	0.796974	3.7E-01	0.894138	3.4E-01
rs55704109	8	59323247	0.819013	G	A	0.5057	0.919152	30.7491	2.9E-08	0.0326312	0.00589143	30.6779	3.0E-08	33.7135	6.4E-09
rs12681792	8	62054463	0.850895	C	A	0.807401	0.990908	0.0173117	9.0E-01	-0.00158065	0.00718976	0.048333	8.3E-01	0.0245038	8.8E-01
rs7822926	8	64701966	0.867188	A	C	0.529208	0.995395	0.0784435	7.8E-01	0.000550329	0.00565999	0.00945396	9.2E-01	0.00312367	9.6E-01
rs2017657	8	73426371	0.974058	G	T	0.427149	1	0.771355	3.8E-01	0.00510335	0.00571099	0.798524	3.7E-01	1.03774	3.1E-01
rs2943611	8	76473939	1.00704	T	C	0.203974	0.993157	0.135943	7.1E-01	-0.00283984	0.00700688	0.164262	6.9E-01	0.148385	7.0E-01
rs9298280	8	77329753	1.00881	T	G	0.287889	0.987301	7.39252	6.5E-03	0.0159744	0.0062439	6.54541	1.1E-02	6.23328	1.3E-02
rs1180626	8	116476393	1.31509	G	A	0.224213	0.994168	11.0885	8.7E-04	-0.0231209	0.00679544	11.5764	6.7E-04	12.0368	5.2E-04
rs2385114	8	126447308	1.45276	C	T	0.513771	0.979388	50.9098	9.7E-13	-0.0415664	0.00570502	53.0848	3.2E-13	56.3967	5.9E-14
rs10124645	9	11321119	0.255592	A	G	0.589801	0.991792	0.0479839	8.3E-01	-0.000130639	0.00577086	0.000512468	9.8E-01	0.0343434	8.5E-01
rs2457637	9	15533394	0.341722	T	C	0.512743	0.988377	2.32217	1.3E-01	0.00875567	0.00565805	2.39466	1.2E-01	2.61979	1.1E-01
rs6476065	9	28403813	0.542923	C	T	0.423663	0.971482	3.37789	6.6E-02	0.010987	0.00576926	3.62673	5.7E-02	2.98751	8.4E-02
rs12345603	9	29601893	0.557517	C	T	0.574964	0.971878	0.479577	4.9E-01	0.00536055	0.00577987	0.860167	3.5E-01	0.846576	3.6E-01
rs868980	9	92140852	1.08916	A	G	0.764207	0.992973	0.000541341	9.8E-01	0.000456705	0.00665292	0.00471246	9.5E-01	0.0386987	8.4E-01
rs7873003	9	96392945	1.13399	T	C	0.320009	0.990354	2.47918	1.2E-01	0.0094176	0.00606501	2.41111	1.2E-01	2.85663	9.1E-02
rs1852865	9	102750138	1.19624	C	T	0.434954	0.999839	0.692869	4.1E-01	0.00413895	0.00569701	0.527821	4.7E-01	0.259593	6.1E-01
rs7024334	9	109072075	1.25943	T	G	0.221004	0.999349	1.15963	2.8E-01	-0.00702634	0.00678367	1.07283	3.0E-01	0.824979	3.6E-01
rs1252008	9	120362838	1.43341	T	C	0.568657	0.998833	0.0341693	8.5E-01	-0.00071481	0.00567696	0.0158544	9.0E-01	0.322744	5.7E-01
rs3829849	9	129390800	1.5324	C	T	0.630889	0.998111	0.2762	6.0E-01	0.00357293	0.00583844	0.374502	5.4E-01	0.695448	4.0E-01
rs10733682	9	129460914	1.5336	A	G	0.474217	0.966242	1.01283	3.1E-01	-0.00496569	0.00571214	0.755721	3.8E-01	0.476277	4.9E-01
rs2267958	9	131015279	1.55043	G	A	0.485563	0.958689	2.53864	1.1E-01	0.00897365	0.00576423	2.42357	1.2E-01	2.16376	1.4E-01
rs10159545	10	21766969	0.466662	C	G	0.649246	0.986543	2.03007	1.5E-01	0.00829776	0.00593304	1.95599	1.6E-01	2.00399	1.6E-01
rs12762034	10	33969931	0.621029	T	C	0.92272	0.998956	0.91672	3.4E-01	-0.0102256	0.0105407	0.941098	3.3E-01	1.08509	3.0E-01
rs4595495	10	53673286	0.748363	A	G	0.58387	0.998015	0.0443519	8.3E-01	-0.000739622	0.00573919	0.016608	9.0E-01	0.124227	7.2E-01
rs4746855	10	64822828	0.870307	G	A	0.596714	1	1.94128	1.6E-01	0.00754322	0.00575473	1.71816	1.9E-01	2.09765	1.5E-01
rs12098284	10	76047464	0.999816	C	T	0.877434	0.998637	0.217654	6.4E-01	-0.00418342	0.0085958	0.236859	6.3E-01	0.177778	6.7E-01
rs1249156	10	79979737	1.04291	T	C	0.294183	0.999324	0.0615737	8.0E-01	-0.00135029	0.00618815	0.0476135	8.3E-01	0.000769604	9.8E-01
rs12245654	10	87562928	1.13739	A	C	0.927047	0.984714	0.109317	7.4E-01	0.00252323	0.0109074	0.0535147	8.2E-01	0.0652525	8.0E-01
rs472576	10	99694970	1.2698	G	C	0.540757	0.96945	6.9742	8.3E-03	-0.0145443	0.00573044	6.44184	1.1E-02	7.74874	5.4E-03
rs4074720	10	114748497	1.39784	C	T	0.534572	0.984751	0.350174	5.5E-01	-0.00293889	0.00568381	0.267355	6.1E-01	0.405146	5.2E-01
rs72828935	10	126587488	1.61238	G	C	0.716689	0.993686	3.136	7.7E-02	0.0113542	0.00627061	3.27867	7.0E-02	3.28038	7.0E-02
rs12778347	10	133978806	1.80077	G	T	0.423877	0.999758	0.152036	7.0E-01	-0.00243675	0.00569937	0.182797	6.7E-01	0.036433	8.5E-01
rs12802861	11	8387806	0.188896	C	T	0.71326	0.995592	0.00367766	9.5E-01	-0.00124218	0.0062413	0.0396114	8.4E-01	0.110476	7.4E-01
rs7942486	11	13288698	0.267633	G	T	0.432178	0.998702	1.4154	2.3E-01	0.00802154	0.00569503	1.98392	1.6E-01	2.14293	1.4E-01
rs12791818	11	27277760	0.463075	A	G	0.918985	0.937343	0.0164584	9.0E-01	0.000932805	0.0106718	0.00764021	9.3E-01	0.0191445	8.9E-01
rs2679059	11	43599791	0.621966	A	T	0.402252	0.990165	0.779962	3.8E-01	-0.00472124	0.00579128	0.664604	4.1E-01	0.386361	5.3E-01
rs11038428	11	45404318	0.657443	G	T	0.717407	0.990678	0.000874074	9.8E-01	-0.000141308	0.00627701	0.000506788	9.8E-01	0.0281513	8.7E-01
rs35184771	11	47475189	0.665304	G	T	0.648082	0.998878	3.02253	8.2E-02	0.0113809	0.00589236	3.73054	5.3E-02	3.30239	6.9E-02
rs174528	11	61543499	0.703973	T	C	0.623454	0.995598	37.3535	9.9E-10	0.0351923	0.0058255	36.4947	1.5E-09	40.7093	1.8E-10
rs10896007	11	65245829	0.737845	T	A	0.789067	0.98525	0.011795	9.1E-01	0.00145288	0.00696766	0.0434794	8.3E-01	0.12163	7.3E-01
rs667515	11	69449076	0.766481	G	C	0.61173	0.990296	0.919986	3.4E-01	-0.00544655	0.0057864	0.885986	3.5E-01	0.417913	5.2E-01
rs2605603	11	93221105	1.00432	G	A	0.520259	0.995512	0.58682	4.4E-01	0.00329609	0.00561813	0.344203	5.6E-01	0.311933	5.8E-01
rs4937870	11	112826709	1.19814	A	G	0.689169	0.983578	0.415996	5.2E-01	0.00445172	0.00613043	0.527319	4.7E-01	1.17502	2.8E-01
rs2187986	11	115001410	1.23045	G	A	0.524684	0.965018	3.31668	6.9E-02	-0.00973583	0.00574788	2.869	9.0E-02	3.00415	8.3E-02
rs513533	11	116519358	1.25951	A	G	0.895505	0.969744	33.447	7.3E-09	-0.0539207	0.00932749	33.4181	7.4E-09	37.0094	1.2E-09
rs501351	11	118917814	1.29362	T	G	0.605774	0.997555	4.13403	4.2E-02	-0.0121139	0.00576583	4.41414	3.6E-02	4.53822	3.3E-02
rs7941030	11	122522375	1.35839	T	C	0.616205	1	10.4399	1.2E-03	-0.0201344	0.00581209	12.0009	5.3E-04	11.8017	5.9E-04
rs4366492	11	130717256	1.51227	T	C	0.474614	0.99465	0.159143	6.9E-01	0.00254025	0.00563286	0.203374	6.5E-01	0.0836053	7.7E-01
rs10894604	11	132641746	1.55638	T	G	0.652028	1	0.543362	4.6E-01	-0.00373051	0.00591083	0.398328	5.3E-01	0.100613	7.5E-01
rs11064524	12	889902	0.0208303	T	G	0.758532	1	1.00546	3.2E-01	0.0063258	0.00656637	0.928071	3.4E-01	0.779815	3.8E-01
rs7976757	12	19207948	0.354438	T	C	0.171206	0.989812	0.045074	8.3E-01	0.00128335	0.00749634	0.0293086	8.6E-01	0.119248	7.3E-01
rs16926776	12	24001905	0.419584	C	T	0.922961	1	4.54064	3.3E-02	-0.022153	0.0105843	4.38068	3.6E-02	4.70663	3.0E-02
rs11181001	12	41948196	0.563104	A	G	0.469108	0.977653	0.0439136	8.3E-01	0.00159278	0.00569008	0.0783565	7.8E-01	0.160769	6.9E-01
rs2720296	12	50169070	0.630128	G	A	0.609632	0.950295	1.95183	1.6E-01	0.00782072	0.00593183	1.73826	1.9E-01	2.00177	1.6E-01
rs11173522	12	60953472	0.741724	C	A	0.784532	0.998242	0.90994	3.4E-01	-0.0068324	0.00686843	0.989535	3.2E-01	0.641556	4.2E-01
rs317646	12	69657145	0.849888	G	A	0.275066	0.99846	0.187975	6.6E-01	0.00218734	0.00631928	0.119811	7.3E-01	0.0818284	7.7E-01
rs704067	12	89726027	1.03172	G	A	0.545146	0.989595	0.176154	6.7E-01	-0.0026275	0.0057016	0.212369	6.4E-01	0.274092	6.0E-01
rs591776	12	99538895	1.16639	C	T	0.364365	0.994453	0.437967	5.1E-01	-0.00251475	0.00587254	0.183374	6.7E-01	0.0207931	8.9E-01
rs4433630	12	103650031	1.2114	T	C	0.48744	0.978156	0.385466	5.3E-01	-0.0044157	0.00567892	0.604598	4.4E-01	0.943036	3.3E-01
rs11832936	12	110549533	1.29782	A	C	0.610247	0.999756	0.196102	6.6E-01	0.00274549	0.00579967	0.224096	6.4E-01	0.11429	7.4E-01
rs111828690	12	117576767	1.39704	C	T	0.779464	0.990204	0.290375	5.9E-01	-0.0040873	0.00686037	0.354959	5.5E-01	0.0927786	7.6E-01
rs144713920	12	122485389	1.46548	C	G	0.945974	0.956209	4.53672	3.3E-02	-0.0252823	0.0127374	3.93974	4.7E-02	3.44783	6.3E-02
rs12317176	12	124404718	1.4789	T	C	0.662157	0.998072	27.7429	1.4E-07	0.0316795	0.00594315	28.4134	9.8E-08	28.1446	1.1E-07
rs9579775	13	20616557	0.0139469	A	C	0.863467	0.926233	0.0145504	9.0E-01	0.00217981	0.00853777	0.0651848	8.0E-01	0.0210202	8.8E-01
rs4771218	13	28655311	0.212187	G	A	0.373005	0.991013	2.58973	1.1E-01	-0.00913181	0.00585166	2.43532	1.2E-01	2.7714	9.6E-02
rs9591001	13	33042870	0.304346	G	A	0.634695	0.994769	0.237746	6.3E-01	-0.00252724	0.00588187	0.184613	6.7E-01	0.0166017	9.0E-01
rs9568856	13	54064981	0.568758	G	A	0.871723	1	0.293322	5.9E-01	-0.00452638	0.00843104	0.28823	5.9E-01	0.240493	6.2E-01
rs6561937	13	58257667	0.585042	T	A	0.243776	0.993408	0.0493159	8.2E-01	0.000859453	0.00659682	0.0169736	9.0E-01	0.0407805	8.4E-01
rs1413125	13	59260131	0.587755	G	T	0.574048	0.994453	2.05034	1.5E-01	-0.0083816	0.00572214	2.14554	1.4E-01	2.68786	1.0E-01
rs1441264	13	79580919	0.787841	G	A	0.406364	0.956515	2.98094	8.4E-02	0.00993426	0.0058424	2.89127	8.9E-02	3.36046	6.7E-02
rs61969477	13	86477950	0.835644	T	C	0.717214	0.998003	1.49276	2.2E-01	-0.0078853	0.00625431	1.58956	2.1E-01	0.714989	4.0E-01
rs1927790	13	96922191	0.93596	T	C	0.587589	0.998094	0.106337	7.4E-01	0.00152762	0.00573488	0.0709552	7.9E-01	0.144711	7.0E-01
rs7335249	13	109962579	1.18904	T	C	0.587526	0.995494	0.00589321	9.4E-01	8.95544e-05	0.00573584	0.00024377	9.9E-01	0.00166561	9.7E-01
rs6602893	13	114517011	1.29073	G	A	0.626968	0.980258	29.8011	4.8E-08	-0.032197	0.0058913	29.8681	4.6E-08	31.7475	1.8E-08
rs7141213	14	25878636	0.160923	C	T	0.428505	0.99817	0.779642	3.8E-01	0.00486635	0.00571467	0.725146	3.9E-01	1.2118	2.7E-01
rs6576279	14	29649958	0.207571	G	C	0.190393	0.998923	0.607612	4.4E-01	-0.00517427	0.00715495	0.522981	4.7E-01	0.455527	5.0E-01
rs2143975	14	33297398	0.262161	C	G	0.467897	0.986467	0.393101	5.3E-01	-0.00322263	0.00570298	0.319315	5.7E-01	0.294004	5.9E-01
rs35020117	14	73341655	0.671145	T	G	0.538277	0.933938	3.89448	4.8E-02	0.0123173	0.00584661	4.4384	3.5E-02	5.2107	2.2E-02
rs7159565	14	79891894	0.74792	T	C	0.36268	0.984708	0.0653479	8.0E-01	-0.00215835	0.00588607	0.134461	7.1E-01	0.133254	7.2E-01
rs1951455	14	91512339	0.88209	T	C	0.283982	0.997245	0.112931	7.4E-01	0.000921355	0.00625004	0.0217314	8.8E-01	4.78105e-05	9.9E-01
rs2273639	14	93762162	0.916561	C	T	0.692907	0.99913	2.02474	1.5E-01	-0.0092065	0.0061166	2.26552	1.3E-01	1.57931	2.1E-01
rs7161194	14	101529005	1.0886	A	G	0.336786	0.914125	2.42748	1.2E-01	0.01117	0.00622981	3.21483	7.3E-02	3.16241	7.5E-02
rs12148050	14	103263788	1.11638	A	G	0.348874	0.9994	0.240748	6.2E-01	-0.0025114	0.00589954	0.181216	6.7E-01	0.195548	6.6E-01
rs35443927	14	103849715	1.12404	C	T	0.630061	0.995118	3.20147	7.4E-02	-0.0103062	0.00582995	3.12511	7.7E-02	2.57663	1.1E-01
rs11070502	15	46574981	0.663836	G	A	0.422393	0.996515	0.162969	6.9E-01	0.00310497	0.0057173	0.29494	5.9E-01	0.143448	7.0E-01
rs11631408	15	51746236	0.710161	A	G	0.457534	0.996425	4.33487	3.7E-02	0.0117272	0.00567313	4.27307	3.9E-02	5.59796	1.8E-02
rs12908949	15	59475713	0.795908	T	G	0.77013	0.991439	0.00782693	9.3E-01	-0.000828632	0.00671764	0.0152156	9.0E-01	0.0225331	8.8E-01
rs12903168	15	67680209	0.914057	T	C	0.726776	0.98909	6.43717	1.1E-02	0.0166883	0.0063604	6.88425	8.7E-03	6.91927	8.5E-03
rs4777542	15	73082366	0.987566	C	T	0.670419	0.995307	0.00622664	9.4E-01	-0.0010309	0.00602486	0.0292781	8.6E-01	0.0585661	8.1E-01
rs11855821	15	78008843	1.01251	G	A	0.714306	0.958126	3.53506	6.0E-02	0.0120476	0.00635376	3.59532	5.8E-02	2.96072	8.5E-02
rs12914623	15	80993570	1.05801	G	C	0.732913	0.994175	1.33592	2.5E-01	-0.00602623	0.00637671	0.893096	3.4E-01	1.09757	2.9E-01
rs7168523	15	95263911	1.31585	C	T	0.355269	0.99653	0.0473905	8.3E-01	0.000414266	0.00589432	0.0049396	9.4E-01	0.00249856	9.6E-01
rs1048786	16	336916	0.0036807	C	T	0.830941	1	1.81576	1.8E-01	0.01128	0.00751957	2.25026	1.3E-01	2.4324	1.2E-01
rs2601773	16	4001898	0.0718473	C	A	0.503399	0.995484	0.79779	3.7E-01	-0.00522688	0.00564322	0.857889	3.5E-01	0.65623	4.2E-01
rs9934930	16	4902038	0.0862098	A	G	0.521116	0.994594	0.0687842	7.9E-01	-0.00196132	0.00567443	0.119468	7.3E-01	0.0879614	7.7E-01
rs7187976	16	19708196	0.389763	A	G	0.820215	0.98274	0.122139	7.3E-01	-0.0028151	0.00738668	0.145241	7.0E-01	0.0581719	8.1E-01
rs4238585	16	20255097	0.398011	C	T	0.13201	0.96298	0.829889	3.6E-01	-0.00660746	0.00847297	0.608131	4.4E-01	0.803173	3.7E-01
rs11074452	16	20370168	0.40198	C	G	0.490517	0.995812	0.465948	4.9E-01	-0.00412459	0.00565109	0.532719	4.7E-01	0.599812	4.4E-01
rs200539	16	24735178	0.466016	T	C	0.268765	0.996448	0.0569692	8.1E-01	-0.00156595	0.00633658	0.0610721	8.0E-01	0.167741	6.8E-01
rs2650494	16	28318440	0.541911	A	G	0.581267	0.992404	0.24718	6.2E-01	-0.00357744	0.00571681	0.391594	5.3E-01	0.463939	5.0E-01
rs4787483	16	29885447	0.552081	A	G	0.662227	1	0.467394	4.9E-01	-0.0030841	0.00596528	0.267297	6.1E-01	0.207093	6.5E-01
rs111886096	16	53598310	0.644304	A	G	0.862466	0.993464	1.41714	2.3E-01	0.00959564	0.00819751	1.3702	2.4E-01	1.60603	2.1E-01
rs7205986	16	53755146	0.644839	A	G	0.489919	0.988839	0.25779	6.1E-01	0.00425845	0.00568292	0.561512	4.5E-01	0.697113	4.0E-01
rs5011579	16	69187318	0.855228	C	G	0.2843	0.994942	2.47259	1.2E-01	-0.0093073	0.00625974	2.21073	1.4E-01	1.70338	1.9E-01
rs12924872	16	69552215	0.858355	C	T	0.533347	0.984378	7.43977	6.4E-03	0.0153756	0.00570191	7.27145	7.0E-03	6.91044	8.6E-03
rs11648003	16	72052348	0.872944	A	G	0.779015	0.991685	32.2305	1.4E-08	-0.0384978	0.00680064	32.0459	1.5E-08	32.0545	1.5E-08
rs77081114	17	1816762	0.0641667	G	A	0.834903	1	0.010991	9.2E-01	0.000636392	0.00759865	0.00701417	9.3E-01	0.0830432	7.7E-01
rs3026101	17	5280440	0.136672	T	C	0.696449	0.998494	3.07988	7.9E-02	0.0107978	0.00613925	3.09345	7.9E-02	3.60553	5.8E-02
rs10491104	17	15884561	0.425342	C	T	0.468509	1	0.41666	5.2E-01	-0.00377886	0.00564994	0.447336	5.0E-01	0.213428	6.4E-01
rs9906072	17	21245687	0.471598	T	C	0.486625	0.873727	1.77007	1.8E-01	0.00860772	0.00604146	2.02998	1.5E-01	1.47924	2.2E-01
rs9904602	17	34835526	0.595066	T	A	0.482475	0.99641	0.149737	7.0E-01	-0.00223271	0.00564502	0.156435	6.9E-01	0.406697	5.2E-01
rs7206971	17	45425115	0.69878	G	A	0.502321	0.997936	30.2388	3.8E-08	-0.0308063	0.00563437	29.8943	4.6E-08	31.3778	2.1E-08
rs17616799	17	46039553	0.703155	A	G	0.898327	0.994334	0.394475	5.3E-01	0.00780768	0.00934054	0.698715	4.0E-01	0.896468	3.4E-01
rs55797392	17	47055622	0.707863	G	A	0.589793	0.985453	0.0830434	7.7E-01	0.000917484	0.00576212	0.0253531	8.7E-01	6.18621e-05	9.9E-01
rs17631394	17	61646000	0.886955	G	A	0.736546	0.99153	2.57154	1.1E-01	0.0103511	0.00642591	2.59478	1.1E-01	3.20423	7.3E-02
rs2619976	17	71754545	1.06134	C	T	0.589126	0.992569	1.83742	1.8E-01	0.00686923	0.00576121	1.42164	2.3E-01	2.99688	8.3E-02
rs4424946	17	78554888	1.24995	T	C	0.762112	0.998925	0.0627344	8.0E-01	-0.00118768	0.00661981	0.0321888	8.6E-01	0.0399493	8.4E-01
rs4076427	17	79087537	1.26024	G	C	0.609873	0.985353	1.38768	2.4E-01	-0.0074714	0.00579341	1.66317	2.0E-01	1.10868	2.9E-01
rs1371274	18	1837007	0.0479005	A	C	0.863572	0.995553	0.660695	4.2E-01	0.00654008	0.00819611	0.636723	4.2E-01	0.765419	3.8E-01
rs11875960	18	21071925	0.432054	A	G	0.650113	0.974621	0.202325	6.5E-01	0.00307222	0.00598512	0.263486	6.1E-01	0.153144	7.0E-01
rs9807506	18	39493911	0.604143	C	T	0.110516	0.995331	2.4762	1.2E-01	0.0143215	0.00900579	2.52891	1.1E-01	2.2643	1.3E-01
rs4890428	18	40697340	0.611694	G	T	0.5787	0.994435	5.48785	1.9E-02	0.0145206	0.00573294	6.41524	1.1E-02	9.0086	2.7E-03
rs7239114	18	45921214	0.66958	G	A	0.458185	0.985699	0.248205	6.2E-01	-0.00232873	0.00569563	0.167168	6.8E-01	0.0979831	7.5E-01
rs72934723	18	53305311	0.747109	A	G	0.96095	0.966483	0.0312731	8.6E-01	-0.00291821	0.0147982	0.0388882	8.4E-01	0.000619586	9.8E-01
rs2187176	18	57679365	0.819838	A	G	0.309978	0.982596	0.00619652	9.4E-01	0.00129469	0.00614765	0.0443522	8.3E-01	0.26255	6.1E-01
rs117758180	18	57809744	0.821562	C	T	0.97678	1	0.234328	6.3E-01	-0.00823524	0.0187064	0.193809	6.6E-01	0.108554	7.4E-01
rs113268469	18	57862913	0.821729	C	T	0.982698	0.966786	3.13066	7.7E-02	-0.036536	0.021991	2.76027	9.7E-02	3.23968	7.2E-02
rs11668832	19	1812682	0.0683182	A	G	0.450689	0.989019	1.43696	2.3E-01	-0.00653587	0.0056765	1.3257	2.5E-01	2.24532	1.3E-01
rs72976986	19	4050424	0.142675	G	A	0.810758	0.984512	2.16382	1.4E-01	-0.0109	0.00725255	2.25878	1.3E-01	2.74452	9.8E-02
rs8110479	19	10734951	0.317437	T	C	0.0486634	0.947456	40.8739	1.6E-10	-0.0852659	0.0133818	40.5998	1.9E-10	42.121	8.6E-11
rs535824581	19	11195705	0.318776	A	T	0.982559	0.940483	36.6178	1.4E-09	0.131378	0.0221504	35.1788	3.0E-09	34.4601	4.4E-09
rs116530815	19	11212941	0.319346	A	C	0.971961	0.985612	29.636	5.2E-08	0.0945396	0.0171481	30.3944	3.5E-08	30.8411	2.8E-08
rs10401969	19	19407718	0.462132	T	C	0.923616	0.997407	32.4834	1.2E-08	0.0619575	0.0106128	34.0819	5.3E-09	35.4362	2.6E-09
rs12461902	19	30265235	0.512848	G	A	0.672506	0.985963	0.819785	3.7E-01	-0.0049304	0.0060532	0.663429	4.2E-01	0.754164	3.9E-01
rs11882409	19	34019685	0.562915	C	A	0.713772	0.966519	0.132438	7.2E-01	-0.00237629	0.00632912	0.140965	7.1E-01	0.179999	6.7E-01
rs62115478	19	44543760	0.688013	A	G	0.971162	0.945735	34.3127	4.7E-09	0.10328	0.0173346	35.4985	2.6E-09	40.8821	1.6E-10
rs74747585	19	45039971	0.694152	T	C	0.974322	0.945812	49.2904	2.2E-12	0.127331	0.0182088	48.8992	2.7E-12	49.4641	2.0E-12
rs112027066	19	45129089	0.697512	C	T	0.981171	0.962142	45.4395	1.6E-11	0.144392	0.0210081	47.24	6.3E-12	43.363	4.5E-11
rs73048351	19	45160086	0.697689	C	A	0.989712	0.91554	58.4558	2.1E-14	0.231439	0.0291978	62.831	2.3E-15	62.8874	2.2E-15
rs139326841	19	45269725	0.701551	T	C	0.978636	0.821408	34.68	3.9E-09	-0.124903	0.0213964	34.0771	5.3E-09	33.115	8.7E-09
rs2075649	19	45395330	0.707004	A	G	0.611354	0.998574	84.9123	3.1E-20	-0.0529913	0.00578486	83.9121	5.2E-20	85.3265	2.5E-20
rs201269048	19	45574113	0.710921	T	G	0.948897	0.903577	46.2463	1.0E-11	0.0944779	0.0134186	49.5732	1.9E-12	51.8471	6.0E-13
rs1884389	20	1410582	0.0620248	C	T	0.560429	0.990862	0.00844824	9.3E-01	-0.000267282	0.00569947	0.00219923	9.6E-01	0.000180874	9.9E-01
rs1321453	20	6585670	0.214258	G	A	0.332006	0.979962	0.428994	5.1E-01	0.00415281	0.00605536	0.470332	4.9E-01	0.743838	3.9E-01
rs947088	20	17171373	0.411628	G	T	0.280165	0.992316	1.78553	1.8E-01	0.00817782	0.00630615	1.6817	1.9E-01	1.64118	2.0E-01
rs8116853	20	21439820	0.48109	A	G	0.902603	0.99434	0.207392	6.5E-01	-0.00370363	0.00951215	0.1516	7.0E-01	0.203792	6.5E-01
rs6142096	20	32686658	0.536502	G	A	0.481267	0.998195	0.133426	7.1E-01	-0.00232871	0.00564828	0.169979	6.8E-01	0.182419	6.7E-01
rs79833227	20	44446643	0.670547	C	A	0.819405	0.99598	39.6325	3.1E-10	-0.0455836	0.00732494	38.7265	4.9E-10	37.6332	8.5E-10
rs2836753	21	40291187	0.447396	T	C	0.362883	0.999333	0.409847	5.2E-01	0.00427673	0.0058522	0.534053	4.6E-01	0.743351	3.9E-01
rs1964926	21	42653121	0.51205	A	G	0.35393	0.992207	0.356344	5.5E-01	-0.0041371	0.00592034	0.488313	4.8E-01	0.664754	4.1E-01
rs8130074	21	46498684	0.621941	C	G	0.35124	0.996511	0.108982	7.4E-01	-0.00231525	0.00591753	0.153079	7.0E-01	0.184906	6.7E-01
rs4820399	22	40546633	0.498151	C	T	0.4075	0.991505	0.155874	6.9E-01	0.00262308	0.00574544	0.208438	6.5E-01	0.722797	4.0E-01
rs13053342	22	48871624	0.664334	G	A	0.577345	0.990848	0.565223	4.5E-01	-0.00500546	0.00571706	0.766551	3.8E-01	0.453604	5.0E-01
