SNP	CHR	BP	GENPOS	ALLELE1	ALLELE0	A1FREQ	INFO	CHISQ_LINREG	P_LINREG	BETA	SE	CHISQ_BOLT_LMM_INF	P_BOLT_LMM_INF	CHISQ_BOLT_LMM	P_BOLT_LMM
rs28788874	1	1520725	0.0141684	C	T	0.584735	0.768295	0.00415537	9.5E-01	0.000748497	0.00647992	0.0133426	9.1E-01	0.0694152	7.9E-01
rs28788874	1	1520725	0.0141684	C	T	0.584735	0.768295	0.00415537	9.5E-01	0.000748497	0.00647992	0.0133426	9.1E-01	0.0694152	7.9E-01
rs72634501	1	39551488	0.669558	T	C	0.760747	0.973003	0.10852	7.4E-01	0.00314015	0.00668644	0.220552	6.4E-01	0.18094	6.7E-01
rs7545034	1	47659445	0.739124	T	C	0.495311	0.986554	1.23769	2.7E-01	-0.00604075	0.0056697	1.13517	2.9E-01	1.69672	1.9E-01
rs7553454	1	49231261	0.759781	T	C	0.774904	0.984417	0.541984	4.6E-01	0.00427903	0.00676886	0.399631	5.3E-01	0.441122	5.1E-01
rs12117661	1	55487346	0.808955	C	G	0.755046	0.987273	67.7187	1.9E-16	0.0555272	0.00659921	70.7993	4.0E-17	71.9873	2.2E-17
rs624698	1	62900811	0.92277	A	G	0.58261	0.969721	59.1447	1.5E-14	0.0454738	0.005784	61.8109	3.8E-15	67.3659	2.3E-16
rs6690871	1	74977277	1.04309	A	G	0.592502	0.986356	3.11815	7.7E-02	0.00987501	0.00576653	2.93256	8.7E-02	3.10462	7.8E-02
rs2247536	1	77919438	1.07305	G	C	0.734406	0.984022	0.0190686	8.9E-01	0.00175195	0.00643006	0.0742354	7.9E-01	0.0116807	9.1E-01
rs1536023	1	96882019	1.26526	C	A	0.779556	0.988892	0.629967	4.3E-01	0.00506945	0.00683175	0.550627	4.6E-01	0.9158	3.4E-01
rs10747488	1	98299475	1.27829	C	A	0.231417	0.993887	0.0224859	8.8E-01	-0.000477621	0.00670521	0.0050739	9.4E-01	0.000511277	9.8E-01
rs920835	1	107946802	1.36667	G	A	0.707486	0.968585	0.287297	5.9E-01	-0.0027294	0.00629302	0.188112	6.6E-01	0.0569802	8.1E-01
rs611793	1	109621436	1.38384	A	C	0.867877	0.971065	29.8556	4.7E-08	0.0462657	0.00840629	30.2907	3.7E-08	27.6752	1.4E-07
rs4357530	1	151103153	1.65977	G	A	0.321207	0.991504	0.443542	5.1E-01	-0.00401857	0.00605522	0.440437	5.1E-01	0.599144	4.4E-01
rs148261599	1	155253286	1.69959	C	G	0.796018	0.939661	0.501127	4.8E-01	0.00423365	0.00718372	0.347321	5.6E-01	0.49706	4.8E-01
rs12565430	1	174400537	1.95129	G	A	0.890495	0.989663	2.59068	1.1E-01	-0.0133599	0.00903506	2.18648	1.4E-01	1.98681	1.6E-01
rs10913418	1	177755299	1.98687	C	A	0.596511	0.989574	1.08885	3.0E-01	-0.00618306	0.00576725	1.1494	2.8E-01	0.961195	3.3E-01
rs1359940	1	177848153	1.98809	T	C	0.542981	0.978287	3.80852	5.1E-02	-0.010547	0.00571507	3.40578	6.5E-02	2.70463	1.0E-01
rs9425633	1	184657251	2.05452	T	C	0.517837	0.997773	0.000391102	9.8E-01	-0.000543229	0.00563149	0.00930505	9.2E-01	0.0915534	7.6E-01
rs10801363	1	194922207	2.13186	T	A	0.632532	0.99595	4.75478	2.9E-02	-0.0119831	0.00584336	4.20544	4.0E-02	4.54509	3.3E-02
rs2494116	1	201784151	2.19723	G	A	0.451622	0.998902	0.114964	7.3E-01	0.00163484	0.00564778	0.0837909	7.7E-01	0.0399832	8.4E-01
rs661955	1	234842856	2.62186	G	C	0.481801	0.978806	34.6142	4.0E-09	-0.032907	0.0056858	33.496	7.1E-09	38.604	5.2E-10
rs12042959	1	243533273	2.82744	A	G	0.856757	0.985729	0.0458965	8.3E-01	-0.00178218	0.00807217	0.0487444	8.3E-01	0.145176	7.0E-01
rs6548228	2	345889	0.00380575	T	C	0.476197	0.997111	4.21864	4.0E-02	-0.0106217	0.00564054	3.54608	6.0E-02	3.493	6.2E-02
rs2667214	2	449487	0.00560823	A	G	0.676488	0.984343	1.03241	3.1E-01	-0.00665762	0.00607021	1.20291	2.7E-01	0.975572	3.2E-01
rs10176391	2	574368	0.00678655	C	G	0.988537	0.920209	3.45443	6.3E-02	0.05213	0.0275304	3.58551	5.8E-02	4.01645	4.5E-02
rs145400326	2	21109020	0.419242	T	C	0.954596	0.960711	40.6771	1.8E-10	0.0897432	0.0137556	42.5642	6.8E-11	40.7857	1.7E-10
rs3903032	2	21119850	0.419449	A	T	0.877441	0.983296	51.1076	8.7E-13	-0.0626169	0.0086284	52.6651	4.0E-13	56.7115	5.0E-14
rs75503394	2	25155419	0.457101	C	T	0.904575	0.987449	2.9424	8.6E-02	0.0155082	0.00961962	2.59899	1.1E-01	1.76151	1.8E-01
rs10048652	2	35449306	0.577825	T	C	0.438309	0.999392	3.04955	8.1E-02	0.00875557	0.00568062	2.37562	1.2E-01	2.49893	1.1E-01
rs56266464	2	44054991	0.686489	G	A	0.939556	0.986548	61.9227	3.6E-15	0.0958022	0.0119024	64.7856	8.4E-16	66.3555	3.8E-16
rs698838	2	44738763	0.693339	C	T	0.374359	1	1.29843	2.5E-01	-0.00624519	0.00581735	1.1525	2.8E-01	0.851041	3.6E-01
rs3198123	2	55207693	0.827446	C	T	0.698625	0.993954	0.464412	5.0E-01	-0.00396445	0.00615854	0.41439	5.2E-01	1.23312	2.7E-01
rs13032423	2	57992112	0.847237	G	A	0.445418	0.996747	6.56636	1.0E-02	-0.0148284	0.00567915	6.81743	9.0E-03	7.19933	7.3E-03
rs55767040	2	58955028	0.850031	T	C	0.699424	0.989049	2.88266	9.0E-02	0.00993391	0.00618533	2.57938	1.1E-01	3.07107	8.0E-02
rs980183	2	59311536	0.858192	G	A	0.398003	0.996406	0.763023	3.8E-01	-0.00459665	0.00575619	0.637694	4.2E-01	1.0756	3.0E-01
rs7557796	2	86766153	1.16162	T	C	0.352323	0.999778	0.634027	4.3E-01	0.00557586	0.00589346	0.895124	3.4E-01	0.748446	3.9E-01
rs13023088	2	100576304	1.22131	C	T	0.849851	0.99385	5.75282	1.6E-02	-0.0195309	0.00788861	6.12976	1.3E-02	5.46881	1.9E-02
rs9308868	2	104361420	1.24985	G	A	0.475644	0.997977	0.600991	4.4E-01	0.00484856	0.00564795	0.736959	3.9E-01	0.546242	4.6E-01
rs1349512	2	105435369	1.26243	T	C	0.689911	0.999103	0.131611	7.2E-01	0.00246224	0.00607677	0.164178	6.9E-01	0.00134713	9.7E-01
rs1530559	2	135755629	1.58463	A	G	0.600693	1	0.805789	3.7E-01	-0.00404646	0.00569832	0.504262	4.8E-01	0.636218	4.3E-01
rs2034604	2	143958745	1.64938	C	T	0.463349	0.997459	1.27448	2.6E-01	-0.00660331	0.00565226	1.36483	2.4E-01	1.08457	3.0E-01
rs12692596	2	161265910	1.78694	C	T	0.629192	0.996301	6.42951	1.1E-02	0.0145062	0.00581116	6.23132	1.3E-02	5.5992	1.8E-02
rs12328675	2	165540800	1.81492	T	C	0.879644	0.99881	8.85123	2.9E-03	0.0246306	0.00863408	8.13803	4.3E-03	5.82796	1.6E-02
rs6745626	2	181436641	2.00364	C	T	0.408617	0.996845	0.030074	8.6E-01	0.000578621	0.00573196	0.0101902	9.2E-01	0.00230678	9.6E-01
rs6743255	2	205363596	2.17314	A	G	0.119725	1	0.0588844	8.1E-01	0.00356524	0.0086507	0.169854	6.8E-01	0.0848917	7.7E-01
rs13000757	2	207145906	2.20108	G	T	0.495484	0.995817	1.42779	2.3E-01	0.0061074	0.00564923	1.16879	2.8E-01	0.619472	4.3E-01
rs11692326	2	208263279	2.21189	C	T	0.770028	0.999964	2.53605	1.1E-01	0.00955101	0.00667213	2.04913	1.5E-01	2.09876	1.5E-01
rs12611517	2	228977034	2.47863	T	A	0.656814	0.999378	1.11349	2.9E-01	0.00602805	0.00592475	1.03517	3.1E-01	1.07003	3.0E-01
rs12473885	2	230569590	2.5018	G	T	0.878273	0.993886	0.317149	5.7E-01	-0.00606646	0.00861268	0.496128	4.8E-01	0.182308	6.7E-01
rs13098833	3	20428568	0.395393	A	G	0.723663	0.994024	0.000267523	9.9E-01	-0.000434315	0.00633956	0.00469343	9.5E-01	8.07247e-05	9.9E-01
rs754635	3	42305131	0.652861	C	G	0.112989	0.99768	0.140538	7.1E-01	-0.00458002	0.0088654	0.266893	6.1E-01	0.189032	6.6E-01
rs72906474	3	47817007	0.688057	G	T	0.417107	0.973948	0.0329715	8.6E-01	-0.00140741	0.0057879	0.059129	8.1E-01	0.0590055	8.1E-01
rs71326904	3	49991060	0.690403	C	T	0.749113	0.999883	0.125282	7.2E-01	-0.00141992	0.00649731	0.0477598	8.3E-01	0.017053	9.0E-01
rs1371095	3	61147530	0.807508	A	G	0.581645	0.99157	0.0206624	8.9E-01	0.000792351	0.00573497	0.0190886	8.9E-01	6.17556e-05	9.9E-01
rs9874646	3	62462818	0.82936	C	T	0.314458	0.963027	1.39155	2.4E-01	-0.00787158	0.00618136	1.62165	2.0E-01	2.07214	1.5E-01
rs7430139	3	82504148	1.08216	A	G	0.834726	1	0.663594	4.2E-01	-0.00617305	0.00759845	0.660009	4.2E-01	0.770808	3.8E-01
rs1248859	3	85017098	1.08828	G	C	0.331024	0.996188	9.9926	1.6E-03	0.0192075	0.0059991	10.2511	1.4E-03	12.9544	3.2E-04
rs9857105	3	93893210	1.10433	A	G	0.459959	0.997124	1.44469	2.3E-01	-0.0070142	0.00566844	1.53119	2.2E-01	1.49279	2.2E-01
rs11917909	3	107864673	1.2019	G	A	0.64971	0.995989	0.0908012	7.6E-01	-0.00175207	0.00590146	0.0881422	7.7E-01	0.0627776	8.0E-01
rs2037001	3	131458973	1.44255	C	G	0.708207	0.979412	4.9409	2.6E-02	-0.0132297	0.00626133	4.46441	3.5E-02	3.89562	4.8E-02
rs9827662	3	135710841	1.49347	C	A	0.75398	0.999173	9.1381	2.5E-03	-0.0197171	0.00653328	9.10801	2.5E-03	8.02493	4.6E-03
rs355786	3	153990749	1.684	G	A	0.607502	0.999005	0.0696175	7.9E-01	-0.0017139	0.00578234	0.0878549	7.7E-01	0.15372	7.0E-01
rs1604038	3	170709193	1.7983	C	T	0.714201	0.999363	0.48739	4.9E-01	-0.0043332	0.00622321	0.484828	4.9E-01	0.858516	3.5E-01
rs9867130	3	185729753	2.0208	A	G	0.141676	0.965346	1.41526	2.3E-01	0.0111304	0.00824027	1.82447	1.8E-01	1.71228	1.9E-01
rs11736501	4	18451423	0.339653	A	C	0.680338	0.997158	0.548688	4.6E-01	0.0045121	0.00603614	0.558778	4.5E-01	1.27177	2.6E-01
rs73244271	4	20091053	0.357316	A	G	0.887469	0.995322	0.0570563	8.1E-01	-0.00160946	0.00895524	0.0323001	8.6E-01	4.33771e-05	9.9E-01
rs6849555	4	25150890	0.433804	G	C	0.799698	0.94032	4.2943	3.8E-02	0.0149258	0.00725438	4.23328	4.0E-02	5.04133	2.5E-02
rs4623046	4	45042343	0.679347	G	A	0.33237	0.994028	0.420956	5.2E-01	-0.00334465	0.00598217	0.312596	5.8E-01	0.0830382	7.7E-01
rs6829208	4	52728640	0.6941	T	C	0.726338	0.99807	1.13444	2.9E-01	-0.0061354	0.00631002	0.945419	3.3E-01	0.505039	4.8E-01
rs6815651	4	55487718	0.714225	C	T	0.450226	0.994486	2.67724	1.0E-01	-0.00949985	0.00566459	2.81252	9.4E-02	3.22137	7.3E-02
rs923994	4	67802992	0.836181	A	G	0.217153	0.992221	3.55626	5.9E-02	0.0134936	0.00683048	3.90258	4.8E-02	3.70084	5.4E-02
rs12645001	4	96018337	1.09763	G	A	0.650874	0.99796	2.88965	8.9E-02	0.00913089	0.00590304	2.39262	1.2E-01	1.93676	1.6E-01
rs13105682	4	102702364	1.15516	T	G	0.941406	0.93989	1.1944	2.7E-01	-0.0150987	0.0123674	1.49046	2.2E-01	1.32201	2.5E-01
rs11728213	4	113309647	1.25168	G	A	0.683684	0.99931	0.13944	7.1E-01	-0.00138732	0.00606334	0.0523513	8.2E-01	0.0171906	9.0E-01
rs1296328	4	137083193	1.44321	A	C	0.440098	0.99123	6.07779	1.4E-02	-0.013271	0.00572112	5.3808	2.0E-02	5.92574	1.5E-02
rs4863516	4	140773770	1.49281	T	C	0.672112	0.999318	0.601714	4.4E-01	0.00424315	0.00599128	0.501578	4.8E-01	0.369355	5.4E-01
rs750090	4	152931436	1.59021	T	C	0.646587	0.97605	0.102159	7.5E-01	0.00176369	0.00592948	0.0884732	7.7E-01	0.0183182	8.9E-01
rs13110266	4	162129844	1.69444	G	A	0.582061	0.993805	0.503166	4.8E-01	-0.00377018	0.00571867	0.434645	5.1E-01	0.700883	4.0E-01
rs4597930	5	27171542	0.425308	T	C	0.71786	0.997265	0.000357539	9.8E-01	-0.000139876	0.00626899	0.000497843	9.8E-01	0.0242044	8.8E-01
rs6451675	5	43110855	0.62057	C	G	0.307452	0.990847	1.55742	2.1E-01	0.00690071	0.0061146	1.27365	2.6E-01	1.03696	3.1E-01
rs6449674	5	62995938	0.739824	T	C	0.52251	0.996207	0.57117	4.5E-01	0.00452663	0.00564156	0.643802	4.2E-01	0.445241	5.0E-01
rs6891856	5	63972658	0.744519	G	T	0.472565	0.983364	0.751567	3.9E-01	-0.00411407	0.00568496	0.523706	4.7E-01	0.79509	3.7E-01
rs4072296	5	74242002	0.858799	T	C	0.46019	0.938263	25.4453	4.6E-07	-0.0295962	0.00582562	25.81	3.8E-07	29.9572	4.4E-08
rs11740689	5	80841360	0.956164	A	C	0.681749	0.9953	4.35416	3.7E-02	0.0118554	0.00604568	3.84542	5.0E-02	3.6391	5.6E-02
rs77156384	5	87709219	1.01438	A	G	0.979071	1	0.56151	4.5E-01	0.0156693	0.0196796	0.633967	4.3E-01	0.51921	4.7E-01
rs7701355	5	88804839	1.01946	G	T	0.578544	0.999666	0.0442814	8.3E-01	-0.000913611	0.00570769	0.0256213	8.7E-01	0.00656869	9.4E-01
rs6885199	5	92574633	1.04879	G	A	0.9622	1	0.471261	4.9E-01	-0.00951511	0.0147513	0.416072	5.2E-01	0.22558	6.3E-01
rs12186664	5	95630225	1.07202	A	T	0.684284	0.993149	1.64718	2.0E-01	-0.00769209	0.00606432	1.60888	2.0E-01	2.0192	1.6E-01
rs1835978	5	107265051	1.15538	T	C	0.111179	0.976322	3.47797	6.2E-02	0.0164605	0.00904768	3.30987	6.9E-02	3.85485	5.0E-02
rs459552	5	112176756	1.19663	T	A	0.232844	1	0.190054	6.6E-01	-0.00351797	0.00664648	0.280157	6.0E-01	0.538279	4.6E-01
rs329120	5	133861756	1.41589	C	T	0.579716	0.996967	0.428928	5.1E-01	-0.00328875	0.00571411	0.331257	5.6E-01	0.209683	6.5E-01
rs356453	5	139053563	1.4578	G	A	0.669183	0.993285	0.38413	5.4E-01	0.00405052	0.00599171	0.457004	5.0E-01	0.579452	4.5E-01
rs2190788	5	144484261	1.52142	G	T	0.681254	0.989372	3.50182	6.1E-02	-0.0118014	0.00608977	3.75548	5.3E-02	3.91195	4.8E-02
rs7701886	5	153547409	1.6413	G	A	0.45336	0.99206	0.108939	7.4E-01	0.00172878	0.00567801	0.0927011	7.6E-01	0.235637	6.3E-01
rs4704726	5	156354477	1.66272	G	A	0.636458	0.987029	37.6048	8.7E-10	-0.0359426	0.00585611	37.6703	8.4E-10	39.475	3.3E-10
rs2287894	5	170322919	1.86356	T	A	0.272401	0.998905	0.597163	4.4E-01	0.00478988	0.00632995	0.572597	4.5E-01	1.00379	3.2E-01
rs10947758	6	12093961	0.272682	T	C	0.645937	0.995017	2.31262	1.3E-01	-0.00872154	0.00590864	2.17877	1.4E-01	1.48169	2.2E-01
rs9357634	6	13192190	0.290983	T	C	0.701576	0.98883	0.755479	3.8E-01	0.00573176	0.00619183	0.856913	3.5E-01	0.773089	3.8E-01
rs3806114	6	20482335	0.408974	G	A	0.330694	0.979566	0.0841931	7.7E-01	-0.000839333	0.00605364	0.0192236	8.9E-01	0.10665	7.4E-01
rs2768	6	31321856	0.512785	A	G	0.749612	0.995049	1.51642	2.2E-01	-0.00724849	0.00652249	1.235	2.7E-01	1.81997	1.8E-01
rs2260051	6	31591918	0.515519	A	T	0.438115	0.999979	1.06156	3.0E-01	-0.00511991	0.00566508	0.816794	3.7E-01	1.55382	2.1E-01
rs57493997	6	34443523	0.547182	T	C	0.907375	0.988432	0.481816	4.9E-01	-0.00664343	0.00975962	0.463361	5.0E-01	0.339399	5.6E-01
rs35679149	6	43604167	0.672046	A	G	0.973525	1	0.149832	7.0E-01	0.0091247	0.0175552	0.270162	6.0E-01	0.741009	3.9E-01
rs4714925	6	46304194	0.722787	A	G	0.493044	0.998125	0.115482	7.3E-01	0.0015442	0.00563678	0.0750486	7.8E-01	0.00559513	9.4E-01
rs9473821	6	50356035	0.748721	T	C	0.122366	0.995677	5.48681	1.9E-02	-0.0202416	0.0086073	5.53042	1.9E-02	3.7876	5.2E-02
rs1369869	6	83366282	0.934423	C	T	0.558841	0.987317	0.564254	4.5E-01	0.0049356	0.00570485	0.748498	3.9E-01	0.697661	4.0E-01
rs6905544	6	98411631	1.06235	A	G	0.398807	0.997318	1.91381	1.7E-01	0.00785992	0.00575765	1.86357	1.7E-01	1.68494	1.9E-01
rs1575676	6	108861264	1.17848	C	T	0.628148	0.997454	1.11434	2.9E-01	0.00691317	0.00581675	1.41252	2.3E-01	1.20141	2.7E-01
rs9387640	6	119508871	1.25792	C	T	0.635398	1	1.97376	1.6E-01	-0.00775021	0.00586169	1.74816	1.9E-01	1.88335	1.7E-01
rs198665	6	143154886	1.51958	C	A	0.629508	0.991725	6.52787	1.1E-02	0.0155809	0.00585835	7.07352	7.8E-03	5.80002	1.6E-02
rs7755574	6	153364643	1.66311	G	T	0.718151	0.997121	3.787	5.2E-02	0.0129146	0.00629589	4.20775	4.0E-02	4.36846	3.7E-02
rs13209728	6	162997533	1.81843	A	C	0.861097	0.999607	0.00145856	9.7E-01	0.00117218	0.00814553	0.0207086	8.9E-01	0.00186904	9.7E-01
rs11767176	7	1852823	0.0275939	G	A	0.78849	0.994823	0.0848222	7.7E-01	0.00159068	0.00689143	0.0532776	8.2E-01	0.0283808	8.7E-01
rs4307239	7	24354300	0.415589	A	G	0.540084	0.99283	1.68531	1.9E-01	-0.00666719	0.00566588	1.38468	2.4E-01	1.65442	2.0E-01
rs2072183	7	44579180	0.698676	G	C	0.775748	1	39.2324	3.8E-10	-0.0424501	0.00673197	39.7625	2.9E-10	42.217	8.2E-11
rs3807566	7	50564204	0.76671	G	T	0.56098	0.994523	0.0184762	8.9E-01	0.000332374	0.00567873	0.00342572	9.5E-01	0.00584206	9.4E-01
rs4718966	7	70040558	0.868636	C	T	0.584999	0.992694	0.0309451	8.6E-01	0.000998376	0.00574686	0.0301805	8.6E-01	0.000757793	9.8E-01
rs10950289	7	71429308	0.890251	A	G	0.837402	0.9787	3.63994	5.6E-02	-0.0133509	0.00769953	3.00673	8.3E-02	3.2249	7.3E-02
rs6964833	7	74101909	0.91305	T	C	0.742216	0.9996	0.0594512	8.1E-01	0.00155858	0.00644598	0.0584626	8.1E-01	0.0126407	9.1E-01
rs7805441	7	78121458	0.952449	C	T	0.496028	0.987826	0.736219	3.9E-01	0.00372171	0.00568538	0.428515	5.1E-01	0.459474	5.0E-01
rs16868443	7	93206264	1.0947	G	C	0.638366	0.996209	0.183045	6.7E-01	0.00249787	0.00585448	0.182039	6.7E-01	0.344074	5.6E-01
rs17155888	7	103416295	1.18694	T	A	0.573633	0.98913	0.11083	7.4E-01	-0.00143711	0.00572501	0.0630129	8.0E-01	0.0408785	8.4E-01
rs7788008	7	112972483	1.29323	G	A	0.566242	0.997606	1.03603	3.1E-01	0.00565694	0.00567955	0.992057	3.2E-01	1.05178	3.1E-01
rs12705908	7	113422504	1.29936	A	G	0.435782	0.999217	0.000155149	9.9E-01	-0.000593732	0.00567712	0.0109377	9.2E-01	0.143793	7.0E-01
rs1563408	7	114303189	1.30467	G	A	0.518625	0.9976	1.0453	3.1E-01	0.00469164	0.00563952	0.692094	4.1E-01	0.85176	3.6E-01
rs2968856	7	150614934	1.67963	T	C	0.750666	0.995794	0.177542	6.7E-01	0.00282807	0.0065274	0.187715	6.6E-01	0.0274605	8.7E-01
rs2921077	8	8304502	0.239157	G	A	0.535755	0.992952	0.0501799	8.2E-01	-0.000540267	0.00568572	0.00902914	9.2E-01	0.00936404	9.2E-01
rs2959592	8	17002725	0.407822	T	C	0.81033	0.987439	0.0583513	8.1E-01	0.00107922	0.00722729	0.0222982	8.8E-01	0.0121833	9.1E-01
rs286	8	19815256	0.4726	A	T	0.914108	0.995062	32.8414	1.0E-08	0.0586503	0.0100749	33.8888	5.8E-09	37.2233	1.1E-09
rs1362910	8	30856464	0.645028	A	G	0.419317	0.991461	2.31389	1.3E-01	-0.00862463	0.00570413	2.28613	1.3E-01	2.53097	1.1E-01
rs12681792	8	62054463	0.850895	C	A	0.807401	0.990908	0.0727434	7.9E-01	0.000697771	0.00718614	0.00942831	9.2E-01	0.0234084	8.8E-01
rs7822926	8	64701966	0.867188	A	C	0.529208	0.995395	0.419885	5.2E-01	0.00257131	0.00565714	0.206592	6.5E-01	0.106602	7.4E-01
rs2017657	8	73426371	0.974058	G	T	0.427149	1	0.434008	5.1E-01	0.00419316	0.00570812	0.53963	4.6E-01	0.627219	4.3E-01
rs2943611	8	76473939	1.00704	T	C	0.203974	0.993157	0.194133	6.6E-01	0.00281492	0.00700336	0.161554	6.9E-01	0.226707	6.3E-01
rs9298280	8	77329753	1.00881	T	G	0.287889	0.987301	4.80853	2.8E-02	0.0126679	0.00624076	4.12036	4.2E-02	4.08942	4.3E-02
rs1180626	8	116476393	1.31509	G	A	0.224213	0.994168	12.9099	3.3E-04	-0.0252005	0.00679202	13.7664	2.1E-04	13.9525	1.9E-04
rs2385114	8	126447308	1.45276	C	T	0.513771	0.979388	41.8747	9.7E-11	-0.0373242	0.00570215	42.8452	5.9E-11	44.0314	3.2E-11
rs10124645	9	11321119	0.255592	A	G	0.589801	0.991792	0.16269	6.9E-01	-0.00123739	0.00576761	0.0460277	8.3E-01	0.00829278	9.3E-01
rs2457637	9	15533394	0.341722	T	C	0.512743	0.988377	1.7385	1.9E-01	0.00809998	0.00565487	2.05175	1.5E-01	2.31354	1.3E-01
rs6476065	9	28403813	0.542923	C	T	0.423663	0.971482	3.82998	5.0E-02	0.0111497	0.00576601	3.73918	5.3E-02	2.89462	8.9E-02
rs12345603	9	29601893	0.557517	C	T	0.574964	0.971878	0.653051	4.2E-01	0.00586947	0.00577661	1.03241	3.1E-01	0.840471	3.6E-01
rs868980	9	92140852	1.08916	A	G	0.764207	0.992973	0.0178616	8.9E-01	0.0015053	0.00664917	0.0512518	8.2E-01	0.000171705	9.9E-01
rs7873003	9	96392945	1.13399	T	C	0.320009	0.990354	6.57291	1.0E-02	0.0152281	0.00606159	6.31129	1.2E-02	7.16122	7.4E-03
rs1852865	9	102750138	1.19624	C	T	0.434954	0.999839	0.624332	4.3E-01	0.00393188	0.00569381	0.476864	4.9E-01	0.20662	6.5E-01
rs7024334	9	109072075	1.25943	T	G	0.221004	0.999349	0.616262	4.3E-01	-0.00552578	0.00677985	0.664274	4.2E-01	0.732142	3.9E-01
rs1252008	9	120362838	1.43341	T	C	0.568657	0.998833	0.0177393	8.9E-01	0.00152152	0.00567376	0.0719135	7.9E-01	0.0594971	8.1E-01
rs3829849	9	129390800	1.5324	C	T	0.630889	0.998111	0.252364	6.2E-01	0.00320157	0.00583515	0.301037	5.8E-01	0.655971	4.2E-01
rs10733682	9	129460914	1.5336	A	G	0.474217	0.966242	1.64915	2.0E-01	-0.00695619	0.00570892	1.48468	2.2E-01	0.841122	3.6E-01
rs2267958	9	131015279	1.55043	G	A	0.485563	0.958689	1.55896	2.1E-01	0.00691024	0.00576098	1.43878	2.3E-01	1.39808	2.4E-01
rs10159545	10	21766969	0.466662	C	G	0.649246	0.986543	1.27963	2.6E-01	0.00719568	0.00592941	1.47272	2.2E-01	1.43837	2.3E-01
rs12762034	10	33969931	0.621029	T	C	0.92272	0.998956	0.580915	4.5E-01	-0.00756607	0.0105342	0.515863	4.7E-01	0.67607	4.1E-01
rs4595495	10	53673286	0.748363	A	G	0.58387	0.998015	0.100418	7.5E-01	-0.00177856	0.00573568	0.0961539	7.6E-01	0.168012	6.8E-01
rs4746855	10	64822828	0.870307	G	A	0.596714	1	2.47189	1.2E-01	0.00893373	0.00575121	2.41295	1.2E-01	2.74595	9.8E-02
rs12098284	10	76047464	0.999816	C	T	0.877434	0.998637	0.00158724	9.7E-01	-0.000458173	0.00859054	0.00284458	9.6E-01	0.0040737	9.5E-01
rs1249156	10	79979737	1.04291	T	C	0.294183	0.999324	0.0589616	8.1E-01	-0.0015105	0.00618436	0.0596556	8.1E-01	0.000855106	9.8E-01
rs12245654	10	87562928	1.13739	A	C	0.927047	0.984714	0.951079	3.3E-01	0.0102373	0.0109007	0.881986	3.5E-01	0.182076	6.7E-01
rs472576	10	99694970	1.2698	G	C	0.540757	0.96945	8.19787	4.2E-03	-0.0160737	0.00572693	7.87748	5.0E-03	9.80945	1.7E-03
rs4074720	10	114748497	1.39784	C	T	0.534572	0.984751	0.0593329	8.1E-01	-0.00115229	0.00568033	0.0411504	8.4E-01	0.0469134	8.3E-01
rs72828935	10	126587488	1.61238	G	C	0.716689	0.993686	1.10613	2.9E-01	0.00666486	0.00626676	1.13109	2.9E-01	0.937835	3.3E-01
rs12778347	10	133978806	1.80077	G	T	0.423877	0.999758	0.00479136	9.4E-01	-1.93157e-05	0.00569587	1.15001e-05	1.0E+00	0.0845937	7.7E-01
rs12802861	11	8387806	0.188896	C	T	0.71326	0.995592	0.0550515	8.1E-01	-0.0015046	0.00623757	0.0581851	8.1E-01	0.13727	7.1E-01
rs7942486	11	13288698	0.267633	G	T	0.432178	0.998702	2.07208	1.5E-01	0.00921195	0.00569162	2.61957	1.1E-01	2.69724	1.0E-01
rs12791818	11	27277760	0.463075	A	G	0.918985	0.937343	0.0186619	8.9E-01	-0.00125981	0.0106654	0.0139525	9.1E-01	0.114984	7.3E-01
rs2679059	11	43599791	0.621966	A	T	0.402252	0.990165	2.24317	1.3E-01	-0.00798151	0.00578782	1.90169	1.7E-01	1.51035	2.2E-01
rs11038428	11	45404318	0.657443	G	T	0.717407	0.990678	0.0481252	8.3E-01	0.000757386	0.00627326	0.0145763	9.0E-01	0.00265006	9.6E-01
rs35184771	11	47475189	0.665304	G	T	0.648082	0.998878	2.56879	1.1E-01	0.0100236	0.00588884	2.89728	8.9E-02	2.46101	1.2E-01
rs174528	11	61543499	0.703973	T	C	0.623454	0.995598	53.6067	2.4E-13	0.0420539	0.00582202	52.1752	5.1E-13	59.5699	1.2E-14
rs10896007	11	65245829	0.737845	T	A	0.789067	0.98525	1.13115	2.9E-01	0.00777223	0.00696349	1.24577	2.6E-01	1.72986	1.9E-01
rs667515	11	69449076	0.766481	G	C	0.61173	0.990296	2.01142	1.6E-01	-0.00841136	0.00578294	2.11561	1.5E-01	1.38856	2.4E-01
rs2605603	11	93221105	1.00432	G	A	0.520259	0.995512	9.95813e-05	9.9E-01	-0.000660561	0.00561477	0.0138408	9.1E-01	0.00788221	9.3E-01
rs4937870	11	112826709	1.19814	A	G	0.689169	0.983578	0.0637002	8.0E-01	0.00174909	0.00612676	0.0815007	7.8E-01	0.411038	5.2E-01
rs2187986	11	115001410	1.23045	G	A	0.524684	0.965018	1.74677	1.9E-01	-0.00700315	0.00574445	1.48624	2.2E-01	1.53586	2.2E-01
rs513533	11	116519358	1.25951	A	G	0.895505	0.969744	38.4101	5.7E-10	-0.0580738	0.00932191	38.8106	4.7E-10	43.3935	4.5E-11
rs501351	11	118917814	1.29362	T	G	0.605774	0.997555	2.2714	1.3E-01	-0.00923245	0.00576238	2.56702	1.1E-01	2.35956	1.2E-01
rs7941030	11	122522375	1.35839	T	C	0.616205	1	8.86272	2.9E-03	-0.0194063	0.00580861	11.1619	8.3E-04	10.6941	1.1E-03
rs4366492	11	130717256	1.51227	T	C	0.474614	0.99465	0.600219	4.4E-01	0.004772	0.0056295	0.718558	4.0E-01	0.468963	4.9E-01
rs10894604	11	132641746	1.55638	T	G	0.652028	1	0.101186	7.5E-01	-0.00123888	0.00590729	0.0439828	8.3E-01	0.00463207	9.5E-01
rs11064524	12	889902	0.0208303	T	G	0.758532	1	1.04487	3.1E-01	0.00640428	0.00656242	0.952386	3.3E-01	0.927095	3.4E-01
rs7976757	12	19207948	0.354438	T	C	0.171206	0.989812	0.504556	4.8E-01	0.00500225	0.00749183	0.445815	5.0E-01	0.671957	4.1E-01
rs16926776	12	24001905	0.419584	C	T	0.922961	1	2.1834	1.4E-01	-0.0140253	0.0105779	1.758	1.8E-01	1.57368	2.1E-01
rs11181001	12	41948196	0.563104	A	G	0.469108	0.977653	0.000376226	9.8E-01	0.000771757	0.00568665	0.0184182	8.9E-01	0.0738809	7.9E-01
rs2720296	12	50169070	0.630128	G	A	0.609632	0.950295	0.0224367	8.8E-01	-0.00068831	0.00592826	0.0134807	9.1E-01	0.00192475	9.7E-01
rs11173522	12	60953472	0.741724	C	A	0.784532	0.998242	1.24821	2.6E-01	-0.00811836	0.0068643	1.39876	2.4E-01	1.02396	3.1E-01
rs317646	12	69657145	0.849888	G	A	0.275066	0.99846	0.154493	6.9E-01	-0.00336218	0.00631547	0.283419	5.9E-01	0.299255	5.8E-01
rs704067	12	89726027	1.03172	G	A	0.545146	0.989595	0.187573	6.6E-01	0.00223167	0.00569817	0.153387	7.0E-01	0.140903	7.1E-01
rs591776	12	99538895	1.16639	C	T	0.364365	0.994453	0.0668378	8.0E-01	-0.000558166	0.00586901	0.00904476	9.2E-01	0.0128601	9.1E-01
rs4433630	12	103650031	1.2114	T	C	0.48744	0.978156	0.195275	6.6E-01	-0.00314464	0.00567551	0.306996	5.8E-01	0.594182	4.4E-01
rs11832936	12	110549533	1.29782	A	C	0.610247	0.999756	0.290184	5.9E-01	0.002334	0.00579618	0.162151	6.9E-01	0.0626964	8.0E-01
rs111828690	12	117576767	1.39704	C	T	0.779464	0.990204	0.000478514	9.8E-01	-0.00151838	0.00685624	0.0490442	8.2E-01	0.00290529	9.6E-01
rs148608463	12	121413027	1.45395	G	A	0.646603	0.995407	32.9091	9.7E-09	-0.0331564	0.00591029	31.4716	2.0E-08	32.2586	1.3E-08
rs144713920	12	122485389	1.46548	C	G	0.945974	0.956209	4.40383	3.6E-02	-0.0259365	0.0127298	4.15127	4.2E-02	4.04711	4.4E-02
rs9579775	13	20616557	0.0139469	A	C	0.863467	0.926233	0.0105267	9.2E-01	0.000430658	0.00853286	0.00254728	9.6E-01	0.0294509	8.6E-01
rs4771218	13	28655311	0.212187	G	A	0.373005	0.991013	1.4366	2.3E-01	-0.00741869	0.00584829	1.60915	2.0E-01	1.8826	1.7E-01
rs9591001	13	33042870	0.304346	G	A	0.634695	0.994769	0.410762	5.2E-01	-0.00391484	0.00587849	0.443503	5.1E-01	0.0983571	7.5E-01
rs9568856	13	54064981	0.568758	G	A	0.871723	1	1.16071	2.8E-01	-0.00864054	0.00842619	1.05152	3.1E-01	0.833907	3.6E-01
rs6561937	13	58257667	0.585042	T	A	0.243776	0.993408	0.160115	6.9E-01	-0.00312287	0.00659302	0.224356	6.4E-01	0.244577	6.2E-01
rs1413125	13	59260131	0.587755	G	T	0.574048	0.994453	1.89636	1.7E-01	-0.00860281	0.00571885	2.26289	1.3E-01	2.74118	9.8E-02
rs1441264	13	79580919	0.787841	G	A	0.406364	0.956515	4.51531	3.4E-02	0.0129427	0.00583904	4.91323	2.7E-02	6.36191	1.2E-02
rs61969477	13	86477950	0.835644	T	C	0.717214	0.998003	0.637159	4.2E-01	-0.00605683	0.00625071	0.938925	3.3E-01	0.378487	5.4E-01
rs1927790	13	96922191	0.93596	T	C	0.587589	0.998094	0.00582359	9.4E-01	-0.000292524	0.00573159	0.00260479	9.6E-01	0.0193323	8.9E-01
rs7335249	13	109962579	1.18904	T	C	0.587526	0.995494	0.271102	6.0E-01	0.0036522	0.00573254	0.405896	5.2E-01	0.280398	6.0E-01
rs12868938	13	114541617	1.29136	C	G	0.626007	0.982484	35.39	2.7E-09	-0.0335362	0.00586609	32.6836	1.1E-08	30.8637	2.8E-08
rs7141213	14	25878636	0.160923	C	T	0.428505	0.99817	0.515721	4.7E-01	0.00382569	0.00571124	0.448701	5.0E-01	0.84721	3.6E-01
rs6576279	14	29649958	0.207571	G	C	0.190393	0.998923	0.263826	6.1E-01	-0.00359239	0.00715066	0.252391	6.2E-01	0.429052	5.1E-01
rs2143975	14	33297398	0.262161	C	G	0.467897	0.986467	1.66311	2.0E-01	-0.00712575	0.00569956	1.56307	2.1E-01	1.37563	2.4E-01
rs35020117	14	73341655	0.671145	T	G	0.538277	0.933938	1.27623	2.6E-01	0.00695538	0.00584311	1.41695	2.3E-01	1.92746	1.7E-01
rs7159565	14	79891894	0.74792	T	C	0.36268	0.984708	0.106867	7.4E-01	-0.00222739	0.00588254	0.143372	7.0E-01	0.12265	7.3E-01
rs1951455	14	91512339	0.88209	T	C	0.283982	0.997245	0.205576	6.5E-01	-0.00402087	0.0062463	0.414377	5.2E-01	0.51118	4.7E-01
rs2273639	14	93762162	0.916561	C	T	0.692907	0.99913	2.56631	1.1E-01	-0.010648	0.00611294	3.03417	8.2E-02	2.69247	1.0E-01
rs7161194	14	101529005	1.0886	A	G	0.336786	0.914125	1.9991	1.6E-01	0.0101467	0.00622608	2.65593	1.0E-01	2.62384	1.1E-01
rs12148050	14	103263788	1.11638	A	G	0.348874	0.9994	0.0834378	7.7E-01	-0.0013104	0.00589601	0.0493961	8.2E-01	0.0318318	8.6E-01
rs35443927	14	103849715	1.12404	C	T	0.630061	0.995118	1.55406	2.1E-01	-0.00759769	0.00582646	1.70041	1.9E-01	1.3921	2.4E-01
rs11070502	15	46574981	0.663836	G	A	0.422393	0.996515	0.00397823	9.5E-01	0.0014246	0.00571353	0.0621697	8.0E-01	0.000450972	9.8E-01
rs11631408	15	51746236	0.710161	A	G	0.457534	0.996425	2.58843	1.1E-01	0.00897546	0.0056694	2.50633	1.1E-01	3.17775	7.5E-02
rs2043082	15	58674308	0.785064	G	A	0.645193	0.996922	32.3175	1.3E-08	-0.0331961	0.00590836	31.5675	1.9E-08	32.7503	1.0E-08
rs12908949	15	59475713	0.795908	T	G	0.77013	0.991439	0.234468	6.3E-01	0.00167417	0.00671322	0.0621922	8.0E-01	0.0705816	7.9E-01
rs12903168	15	67680209	0.914057	T	C	0.726776	0.98909	3.73189	5.3E-02	0.0133439	0.00635622	4.40727	3.6E-02	3.96625	4.6E-02
rs4777542	15	73082366	0.987566	C	T	0.670419	0.995307	0.00954137	9.2E-01	-0.00172647	0.0060209	0.0822233	7.7E-01	0.19268	6.6E-01
rs11855821	15	78008843	1.01251	G	A	0.714306	0.958126	2.29202	1.3E-01	0.00993941	0.00634958	2.45037	1.2E-01	1.61771	2.0E-01
rs12914623	15	80993570	1.05801	G	C	0.732913	0.994175	2.05424	1.5E-01	-0.00754752	0.00637252	1.40277	2.4E-01	1.57799	2.1E-01
rs7168523	15	95263911	1.31585	C	T	0.355269	0.99653	0.00649679	9.4E-01	-0.000409226	0.00589044	0.00482648	9.4E-01	0.0142796	9.0E-01
rs1048786	16	336916	0.0036807	C	T	0.830941	1	0.968948	3.2E-01	0.00842942	0.00751431	1.25839	2.6E-01	1.2477	2.6E-01
rs2601773	16	4001898	0.0718473	C	A	0.503399	0.995484	1.11529	2.9E-01	-0.00611115	0.00563927	1.17436	2.8E-01	0.908465	3.4E-01
rs9934930	16	4902038	0.0862098	A	G	0.521116	0.994594	0.0130568	9.1E-01	0.000143049	0.00567047	0.0006364	9.8E-01	0.00512791	9.4E-01
rs7187976	16	19708196	0.389763	A	G	0.820215	0.98274	1.51724	2.2E-01	-0.00965859	0.00738152	1.71213	1.9E-01	1.33835	2.5E-01
rs4238585	16	20255097	0.398011	C	T	0.13201	0.96298	0.832122	3.6E-01	-0.00657908	0.00846705	0.603763	4.4E-01	0.684766	4.1E-01
rs11074452	16	20370168	0.40198	C	G	0.490517	0.995812	0.432719	5.1E-01	-0.00397165	0.00564714	0.494635	4.8E-01	0.59295	4.4E-01
rs200539	16	24735178	0.466016	T	C	0.268765	0.996448	0.0588936	8.1E-01	0.00145406	0.00633216	0.0527302	8.2E-01	0.00528701	9.4E-01
rs2650494	16	28318440	0.541911	A	G	0.581267	0.992404	0.0650857	8.0E-01	-0.00214132	0.00571282	0.140496	7.1E-01	0.142882	7.1E-01
rs4787483	16	29885447	0.552081	A	G	0.662227	1	0.0749501	7.8E-01	-0.00111795	0.00596111	0.0351715	8.5E-01	0.0824556	7.7E-01
rs111886096	16	53598310	0.644304	A	G	0.862466	0.993464	0.476608	4.9E-01	0.00616031	0.00819178	0.565521	4.5E-01	0.606094	4.4E-01
rs7205986	16	53755146	0.644839	A	G	0.489919	0.988839	0.184869	6.7E-01	0.0036177	0.00567895	0.405817	5.2E-01	0.37742	5.4E-01
rs5011579	16	69187318	0.855228	C	G	0.2843	0.994942	0.961485	3.3E-01	-0.00556946	0.00625536	0.792723	3.7E-01	0.460051	5.0E-01
rs12924872	16	69552215	0.858355	C	T	0.533347	0.984378	4.6928	3.0E-02	0.0123863	0.00569793	4.72555	3.0E-02	5.06637	2.4E-02
rs11648003	16	72052348	0.872944	A	G	0.779015	0.991685	33.3166	7.8E-09	-0.0387381	0.00679589	32.4925	1.2E-08	33.5546	6.9E-09
rs77081114	17	1816762	0.0641667	G	A	0.834903	1	0.106973	7.4E-01	-0.00226266	0.00759387	0.0887798	7.7E-01	0.00346783	9.5E-01
rs3026101	17	5280440	0.136672	T	C	0.696449	0.998494	2.91224	8.8E-02	0.0106324	0.00613538	3.00315	8.3E-02	3.22192	7.3E-02
rs10491104	17	15884561	0.425342	C	T	0.468509	1	0.00313838	9.6E-01	0.000606762	0.00564638	0.0115477	9.1E-01	0.119745	7.3E-01
rs9906072	17	21245687	0.471598	T	C	0.486625	0.873727	0.237244	6.3E-01	0.00383429	0.00603766	0.403304	5.3E-01	0.115194	7.3E-01
rs9904602	17	34835526	0.595066	T	A	0.482475	0.99641	0.000666837	9.8E-01	-0.000209872	0.00564147	0.00138397	9.7E-01	0.0794979	7.8E-01
rs7206971	17	45425115	0.69878	G	A	0.502321	0.997936	31.4963	2.0E-08	-0.0317426	0.00563083	31.779	1.7E-08	33.0696	8.9E-09
rs17616799	17	46039553	0.703155	A	G	0.898327	0.994334	1.03474	3.1E-01	0.0120407	0.00933466	1.66383	2.0E-01	1.92695	1.7E-01
rs55797392	17	47055622	0.707863	G	A	0.589793	0.985453	0.00430935	9.5E-01	-0.000478968	0.0057585	0.00691823	9.3E-01	0.0632468	8.0E-01
rs17631394	17	61646000	0.886955	G	A	0.736546	0.99153	0.3232	5.7E-01	0.00409429	0.00642186	0.406477	5.2E-01	0.529049	4.7E-01
rs113120414	17	66945345	0.964692	A	G	0.942645	0.937715	32.8403	1.0E-08	-0.0727695	0.0124938	33.9245	5.7E-09	36.4627	1.6E-09
rs4424946	17	78554888	1.24995	T	C	0.762112	0.998925	0.012473	9.1E-01	0.00122076	0.00661564	0.03405	8.5E-01	0.00565165	9.4E-01
rs4076427	17	79087537	1.26024	G	C	0.609873	0.985353	0.720264	4.0E-01	-0.00512852	0.00578977	0.784625	3.8E-01	0.418638	5.2E-01
rs1371274	18	1837007	0.0479005	A	C	0.863572	0.995553	0.650752	4.2E-01	0.00597055	0.00819147	0.531257	4.7E-01	0.523084	4.7E-01
rs11875960	18	21071925	0.432054	A	G	0.650113	0.974621	0.0430184	8.4E-01	0.00116948	0.00598173	0.0382235	8.4E-01	0.00889239	9.2E-01
rs9807506	18	39493911	0.604143	C	T	0.110516	0.995331	1.59923	2.1E-01	0.0117624	0.00900069	1.70783	1.9E-01	1.20708	2.7E-01
rs4890428	18	40697340	0.611694	G	T	0.5787	0.994435	8.84055	2.9E-03	0.0180435	0.00572969	9.91694	1.6E-03	12.9511	3.2E-04
rs7239114	18	45921214	0.66958	G	A	0.458185	0.985699	0.0117044	9.1E-01	-0.000127678	0.0056924	0.000503083	9.8E-01	0.00549348	9.4E-01
rs72934723	18	53305311	0.747109	A	G	0.96095	0.966483	0.0299704	8.6E-01	-0.00201371	0.0147898	0.0185383	8.9E-01	0.00766849	9.3E-01
rs2187176	18	57679365	0.819838	A	G	0.309978	0.982596	0.000177926	9.9E-01	0.000662301	0.00614417	0.0116194	9.1E-01	0.207806	6.5E-01
rs117758180	18	57809744	0.821562	C	T	0.97678	1	0.543012	4.6E-01	-0.0147191	0.0186958	0.619835	4.3E-01	0.405335	5.2E-01
rs113268469	18	57862913	0.821729	C	T	0.982698	0.966786	1.04567	3.1E-01	-0.0206955	0.0219786	0.886653	3.5E-01	1.25507	2.6E-01
rs11668832	19	1812682	0.0683182	A	G	0.450689	0.989019	0.429938	5.1E-01	-0.00352413	0.00567425	0.385734	5.3E-01	0.813241	3.7E-01
rs72976986	19	4050424	0.142675	G	A	0.810758	0.984512	1.21293	2.7E-01	-0.00745703	0.00724967	1.05802	3.0E-01	1.40737	2.4E-01
rs112159161	19	11192603	0.31876	C	T	0.983126	0.950328	40.8554	1.6E-10	0.139907	0.0223255	39.2716	3.7E-10	38.6451	5.1E-10
rs2228603	19	19329924	0.461723	C	T	0.925348	1	39.4309	3.4E-10	0.0701059	0.0107242	42.7348	6.3E-11	44.0552	3.2E-11
rs12461902	19	30265235	0.512848	G	A	0.672506	0.985963	0.0234911	8.8E-01	-0.000633223	0.0060508	0.0109518	9.2E-01	0.0939378	7.6E-01
rs11882409	19	34019685	0.562915	C	A	0.713772	0.966519	0.0562371	8.1E-01	-0.00135265	0.00632661	0.045712	8.3E-01	0.0239933	8.8E-01
rs62115478	19	44543760	0.688013	A	G	0.971162	0.945735	31.9613	1.6E-08	0.0993143	0.0173277	32.8506	1.0E-08	37.0233	1.2E-09
rs74747585	19	45039971	0.694152	T	C	0.974322	0.945812	43.8666	3.5E-11	0.120961	0.0182016	44.1643	3.0E-11	44.1706	3.0E-11
rs112027066	19	45129089	0.697512	C	T	0.981171	0.962142	27.9331	1.3E-07	0.116502	0.0209998	30.778	2.9E-08	27.5961	1.5E-07
rs73048351	19	45160086	0.697689	C	A	0.989712	0.91554	42.4256	7.3E-11	0.198524	0.0291862	46.2668	1.0E-11	46.6492	8.5E-12
rs139326841	19	45269725	0.701551	T	C	0.978636	0.821408	46.4763	9.3E-12	-0.144365	0.0213879	45.5605	1.5E-11	44.3272	2.8E-11
rs2075649	19	45395330	0.707004	A	G	0.611354	0.998574	101.13	8.6E-24	-0.0573511	0.00578256	98.3657	3.5E-23	100.942	9.5E-24
rs201269048	19	45574113	0.710921	T	G	0.948897	0.903577	37.441	9.4E-10	0.0847137	0.0134133	39.8876	2.7E-10	41.2864	1.3E-10
rs1884389	20	1410582	0.0620248	C	T	0.560429	0.990862	0.000678107	9.8E-01	-8.82943e-05	0.00569623	0.000240265	9.9E-01	0.00516862	9.4E-01
rs1321453	20	6585670	0.214258	G	A	0.332006	0.979962	0.523843	4.7E-01	0.00486117	0.00605192	0.645201	4.2E-01	1.12227	2.9E-01
rs947088	20	17171373	0.411628	G	T	0.280165	0.992316	1.56575	2.1E-01	0.00822537	0.00630256	1.70324	1.9E-01	1.70929	1.9E-01
rs8116853	20	21439820	0.48109	A	G	0.902603	0.99434	0.12202	7.3E-01	-0.00332003	0.00950674	0.121961	7.3E-01	0.204763	6.5E-01
rs6142096	20	32686658	0.536502	G	A	0.481267	0.998195	0.00205867	9.6E-01	0.000396097	0.00564507	0.00492339	9.4E-01	0.00155299	9.7E-01
rs11699260	20	50813508	0.791033	G	C	0.710789	0.999421	0.202786	6.5E-01	-0.00255004	0.00619969	0.169181	6.8E-01	0.0855704	7.7E-01
rs2836753	21	40291187	0.447396	T	C	0.362883	0.999333	0.36232	5.5E-01	0.00424877	0.00584865	0.527735	4.7E-01	0.652239	4.2E-01
rs1964926	21	42653121	0.51205	A	G	0.35393	0.992207	0.45629	5.0E-01	-0.00476456	0.00591675	0.648453	4.2E-01	0.846578	3.6E-01
rs8130074	21	46498684	0.621941	C	G	0.35124	0.996511	0.0298337	8.6E-01	-0.00132437	0.00591395	0.0501491	8.2E-01	0.141249	7.1E-01
rs4820399	22	40546633	0.498151	C	T	0.4075	0.991505	0.250415	6.2E-01	0.00265268	0.00574192	0.213431	6.4E-01	0.555832	4.6E-01
rs13053342	22	48871624	0.664334	G	A	0.577345	0.990848	1.39981	2.4E-01	-0.00770619	0.00571356	1.81914	1.8E-01	1.36578	2.4E-01
