rs28788874	1	1520725	0.0141684	C	T	0.584735	0.768295	0.0186096	8.9E-01	-0.000885739	0.0064708	0.0187369	8.9E-01	0.000536392	9.8E-01
rs72634501	1	39551488	0.669558	T	C	0.760747	0.973003	0.122918	7.3E-01	0.00323657	0.00667702	0.234966	6.3E-01	0.162464	6.9E-01
rs7545034	1	47659445	0.739124	T	C	0.495311	0.986554	1.37249	2.4E-01	-0.00654028	0.00566171	1.33443	2.5E-01	1.8892	1.7E-01
rs7553454	1	49231261	0.759781	T	C	0.774904	0.984417	0.354912	5.5E-01	0.00321918	0.00675933	0.226822	6.3E-01	0.255616	6.1E-01
rs12117661	1	55487346	0.808955	C	G	0.755046	0.987273	58.8748	1.7E-14	0.0518733	0.00658991	61.9624	3.5E-15	62.0995	3.3E-15
rs624698	1	62900811	0.92277	A	G	0.58261	0.969721	91.388	1.2E-21	0.0562636	0.00577585	94.8903	2.0E-22	104.007	2.0E-24
rs6690871	1	74977277	1.04309	A	G	0.592502	0.986356	3.10482	7.8E-02	0.00986857	0.00575841	2.937	8.7E-02	3.33144	6.8E-02
rs2247536	1	77919438	1.07305	G	C	0.734406	0.984022	0.114165	7.4E-01	0.00314144	0.006421	0.239361	6.2E-01	0.0405083	8.4E-01
rs1536023	1	96882019	1.26526	C	A	0.779556	0.988892	2.01825	1.6E-01	0.00912113	0.00682213	1.78755	1.8E-01	2.44435	1.2E-01
rs10747488	1	98299475	1.27829	C	A	0.231417	0.993887	0.0203978	8.9E-01	0.00121937	0.00669577	0.0331642	8.6E-01	0.0408718	8.4E-01
rs920835	1	107946802	1.36667	G	A	0.707486	0.968585	0.521663	4.7E-01	-0.00381384	0.00628416	0.368324	5.4E-01	0.119773	7.3E-01
rs892511	1	110078255	1.38888	C	G	0.970555	0.964927	17.4687	2.9E-05	0.0724987	0.0169042	18.3938	1.8E-05	15.8321	6.9E-05
rs12033257	1	112318484	1.42838	A	G	0.621237	0.983831	0.246047	6.2E-01	-0.00365783	0.00585116	0.390807	5.3E-01	0.350596	5.5E-01
rs4357530	1	151103153	1.65977	G	A	0.321207	0.991504	0.0667041	8.0E-01	-0.00167155	0.00604669	0.0764197	7.8E-01	0.152677	7.0E-01
rs148261599	1	155253286	1.69959	C	G	0.796018	0.939661	0.628583	4.3E-01	0.0048391	0.0071736	0.455045	5.0E-01	0.496185	4.8E-01
rs12565430	1	174400537	1.95129	G	A	0.890495	0.989663	1.05814	3.0E-01	-0.00830302	0.00902234	0.846904	3.6E-01	0.649333	4.2E-01
rs10913418	1	177755299	1.98687	C	A	0.596511	0.989574	1.3634	2.4E-01	-0.00691145	0.00575913	1.44021	2.3E-01	1.39857	2.4E-01
rs1359940	1	177848153	1.98809	T	C	0.542981	0.978287	2.61099	1.1E-01	-0.00879656	0.00570702	2.37578	1.2E-01	2.28329	1.3E-01
rs9425633	1	184657251	2.05452	T	C	0.517837	0.997773	0.0576789	8.1E-01	-0.00160251	0.00562356	0.0812047	7.8E-01	0.247331	6.2E-01
rs10801363	1	194922207	2.13186	T	A	0.632532	0.99595	3.70893	5.4E-02	-0.0108632	0.00583513	3.46588	6.3E-02	3.52475	6.0E-02
rs2494116	1	201784151	2.19723	G	A	0.451622	0.998902	0.223148	6.4E-01	0.00267919	0.00563983	0.22567	6.3E-01	0.210556	6.5E-01
rs661955	1	234842856	2.62186	G	C	0.481801	0.978806	32.3704	1.3E-08	-0.0318087	0.00567779	31.3857	2.1E-08	35.4705	2.6E-09
rs12042959	1	243533273	2.82744	A	G	0.856757	0.985729	0.192567	6.6E-01	-0.0034087	0.0080608	0.178822	6.7E-01	0.303518	5.8E-01
rs6548228	2	345889	0.00380575	T	C	0.476197	0.997111	2.28124	1.3E-01	-0.00742011	0.00563376	1.7347	1.9E-01	1.55267	2.1E-01
rs2667214	2	449487	0.00560823	A	G	0.676488	0.984343	1.54657	2.1E-01	-0.0078492	0.00606291	1.67605	2.0E-01	1.32118	2.5E-01
rs10176391	2	574368	0.00678655	C	G	0.988537	0.920209	2.80946	9.4E-02	0.0460681	0.0274973	2.80684	9.4E-02	2.98669	8.4E-02
rs12994068	2	21118983	0.419441	A	C	0.739386	0.983265	29.7075	5.0E-08	-0.0359873	0.00644413	31.1868	2.3E-08	34.3773	4.5E-09
rs12720816	2	21239667	0.419939	T	C	0.606216	0.97208	134.069	5.3E-31	-0.0670119	0.0058094	133.058	8.8E-31	137.594	8.9E-32
rs4665972	2	27598097	0.473423	T	C	0.393862	0.987959	60.1907	8.6E-15	0.044324	0.00578681	58.6678	1.9E-14	59.7745	1.1E-14
rs10048652	2	35449306	0.577825	T	C	0.438309	0.999392	4.24732	3.9E-02	0.0105071	0.0056738	3.4294	6.4E-02	3.37729	6.6E-02
rs56266464	2	44054991	0.686489	G	A	0.939556	0.986548	59.0521	1.5E-14	0.0929997	0.0118881	61.1976	5.2E-15	61.8952	3.6E-15
rs698838	2	44738763	0.693339	C	T	0.374359	1	0.474769	4.9E-01	-0.00369642	0.00581036	0.404722	5.2E-01	0.228129	6.3E-01
rs3198123	2	55207693	0.827446	C	T	0.698625	0.993954	0.486646	4.9E-01	-0.00375792	0.00615114	0.373236	5.4E-01	1.31785	2.5E-01
rs13032423	2	57992112	0.847237	G	A	0.445418	0.996747	6.4978	1.1E-02	-0.0144962	0.00567233	6.53112	1.1E-02	6.77736	9.2E-03
rs55767040	2	58955028	0.850031	T	C	0.699424	0.989049	3.56807	5.9E-02	0.0110585	0.0061779	3.20415	7.3E-02	3.54466	6.0E-02
rs980183	2	59311536	0.858192	G	A	0.398003	0.996406	0.287292	5.9E-01	-0.00267031	0.00574927	0.215724	6.4E-01	0.480765	4.9E-01
rs7557796	2	86766153	1.16162	T	C	0.352323	0.999778	0.270554	6.0E-01	0.00384517	0.00588638	0.426713	5.1E-01	0.28013	6.0E-01
rs13023088	2	100576304	1.22131	C	T	0.849851	0.99385	4.95957	2.6E-02	-0.0180388	0.00787913	5.24153	2.2E-02	4.69263	3.0E-02
rs9308868	2	104361420	1.24985	G	A	0.475644	0.997977	0.0729326	7.9E-01	0.00196033	0.00564116	0.120759	7.3E-01	0.0627974	8.0E-01
rs1349512	2	105435369	1.26243	T	C	0.689911	0.999103	0.0331912	8.6E-01	0.00178957	0.00606947	0.0869349	7.7E-01	0.00972577	9.2E-01
rs1530559	2	135755629	1.58463	A	G	0.600693	1	0.219388	6.4E-01	-0.00288829	0.00569148	0.257533	6.1E-01	0.325182	5.7E-01
rs2034604	2	143958745	1.64938	C	T	0.463349	0.997459	1.55166	2.1E-01	-0.00715098	0.00564547	1.60447	2.1E-01	1.45752	2.3E-01
rs12692596	2	161265910	1.78694	C	T	0.629192	0.996301	5.24917	2.2E-02	0.0130293	0.00580418	5.03916	2.5E-02	4.51104	3.4E-02
rs12328675	2	165540800	1.81492	T	C	0.879644	0.99881	9.51253	2.0E-03	0.0254401	0.0086237	8.70262	3.2E-03	6.14367	1.3E-02
rs6745626	2	181436641	2.00364	C	T	0.408617	0.996845	0.00536053	9.4E-01	-0.000668783	0.00572508	0.0136461	9.1E-01	0.0917081	7.6E-01
rs6743255	2	205363596	2.17314	A	G	0.119725	1	0.422255	5.2E-01	0.00729165	0.0086403	0.712187	4.0E-01	0.578595	4.5E-01
rs13000757	2	207145906	2.20108	G	T	0.495484	0.995817	0.812135	3.7E-01	0.00484854	0.00564244	0.738393	3.9E-01	0.405729	5.2E-01
rs11692326	2	208263279	2.21189	C	T	0.770028	0.999964	2.79212	9.5E-02	0.010397	0.00666411	2.43404	1.2E-01	2.59527	1.1E-01
rs12611517	2	228977034	2.47863	T	A	0.656814	0.999378	0.254081	6.1E-01	0.00257142	0.00591763	0.18882	6.6E-01	0.264912	6.1E-01
rs12473885	2	230569590	2.5018	G	T	0.878273	0.993886	0.529017	4.7E-01	-0.00730803	0.00860233	0.721719	4.0E-01	0.261364	6.1E-01
rs13098833	3	20428568	0.395393	A	G	0.723663	0.994024	0.00686105	9.3E-01	-0.000523127	0.00633137	0.00682681	9.3E-01	0.000451454	9.8E-01
rs754635	3	42305131	0.652861	C	G	0.112989	0.99768	0.0370073	8.5E-01	-0.00301522	0.00885395	0.115975	7.3E-01	0.0448195	8.3E-01
rs72906474	3	47817007	0.688057	G	T	0.417107	0.973948	0.0102674	9.2E-01	-0.000705973	0.00578043	0.0149162	9.0E-01	0.0338191	8.5E-01
rs71326904	3	49991060	0.690403	C	T	0.749113	0.999883	0.0927382	7.6E-01	-0.000992476	0.00648892	0.0233935	8.8E-01	0.00577637	9.4E-01
rs1371095	3	61147530	0.807508	A	G	0.581645	0.99157	0.00673733	9.3E-01	0.000286942	0.00572756	0.00250985	9.6E-01	0.0187296	8.9E-01
rs9874646	3	62462818	0.82936	C	T	0.314458	0.963027	0.918992	3.4E-01	-0.00633686	0.00617337	1.05367	3.0E-01	1.52453	2.2E-01
rs7430139	3	82504148	1.08216	A	G	0.834726	1	0.433155	5.1E-01	-0.0049096	0.00758863	0.418567	5.2E-01	0.441665	5.1E-01
rs1248859	3	85017098	1.08828	G	C	0.331024	0.996188	5.81219	1.6E-02	0.0146144	0.00599135	5.94998	1.5E-02	7.13065	7.6E-03
rs9857105	3	93893210	1.10433	A	G	0.459959	0.997124	1.0483	3.1E-01	-0.00593717	0.00566112	1.0999	2.9E-01	1.01202	3.1E-01
rs11917909	3	107864673	1.2019	G	A	0.64971	0.995989	0.0509726	8.2E-01	-0.00125412	0.00589384	0.0452773	8.3E-01	0.0277516	8.7E-01
rs2037001	3	131458973	1.44255	C	G	0.708207	0.979412	4.21542	4.0E-02	-0.0122277	0.00625324	3.82366	5.1E-02	3.07659	7.9E-02
rs9827662	3	135710841	1.49347	C	A	0.75398	0.999173	7.79069	5.3E-03	-0.0178793	0.00652484	7.50868	6.1E-03	6.51636	1.1E-02
rs355786	3	153990749	1.684	G	A	0.607502	0.999005	0.0044525	9.5E-01	-0.00067994	0.00577487	0.013863	9.1E-01	0.0422904	8.4E-01
rs1604038	3	170709193	1.7983	C	T	0.714201	0.999363	1.86653	1.7E-01	-0.00866839	0.00621517	1.94523	1.6E-01	2.95421	8.6E-02
rs9867130	3	185729753	2.0208	A	G	0.141676	0.965346	1.63861	2.0E-01	0.0117656	0.00822962	2.04393	1.5E-01	1.79891	1.8E-01
rs11736501	4	18451423	0.339653	A	C	0.680338	0.997158	0.452781	5.0E-01	0.00397265	0.00602794	0.434333	5.1E-01	1.04484	3.1E-01
rs73244271	4	20091053	0.357316	A	G	0.887469	0.995322	0.21489	6.4E-01	-0.00332771	0.00894309	0.138458	7.1E-01	0.0715855	7.9E-01
rs6849555	4	25150890	0.433804	G	C	0.799698	0.94032	4.10637	4.3E-02	0.0149621	0.00724453	4.26546	3.9E-02	4.69889	3.0E-02
rs4623046	4	45042343	0.679347	G	A	0.33237	0.994028	0.406079	5.2E-01	-0.00332009	0.00597405	0.308861	5.8E-01	0.0792538	7.8E-01
rs6829208	4	52728640	0.6941	T	C	0.726338	0.99807	0.418584	5.2E-01	-0.00327443	0.00630145	0.270017	6.0E-01	0.0672342	8.0E-01
rs6815651	4	55487718	0.714225	C	T	0.450226	0.994486	3.33204	6.8E-02	-0.0100729	0.0056569	3.1707	7.5E-02	3.26335	7.1E-02
rs923994	4	67802992	0.836181	A	G	0.217153	0.992221	5.79803	1.6E-02	0.0168588	0.00682121	6.10846	1.3E-02	6.27394	1.2E-02
rs12645001	4	96018337	1.09763	G	A	0.650874	0.99796	2.20942	1.4E-01	0.00776187	0.00589503	1.73365	1.9E-01	1.4573	2.3E-01
rs13105682	4	102702364	1.15516	T	G	0.941406	0.93989	1.05617	3.0E-01	-0.0142596	0.0123506	1.33301	2.5E-01	1.14163	2.9E-01
rs11728213	4	113309647	1.25168	G	A	0.683684	0.99931	0.0531425	8.2E-01	-0.000532751	0.00605511	0.00774115	9.3E-01	0.0509022	8.2E-01
rs1296328	4	137083193	1.44321	A	C	0.440098	0.99123	6.30604	1.2E-02	-0.0135614	0.00571335	5.63413	1.8E-02	5.90775	1.5E-02
rs4863516	4	140773770	1.49281	T	C	0.672112	0.999318	1.27681	2.6E-01	0.00620158	0.00598315	1.07435	3.0E-01	0.909547	3.4E-01
rs750090	4	152931436	1.59021	T	C	0.646587	0.97605	0.123325	7.3E-01	0.00200948	0.00592143	0.115163	7.3E-01	0.0651443	8.0E-01
rs13110266	4	162129844	1.69444	G	A	0.582061	0.993805	0.367487	5.4E-01	-0.00317609	0.00571091	0.309297	5.8E-01	0.392953	5.3E-01
rs4597930	5	27171542	0.425308	T	C	0.71786	0.997265	0.167258	6.8E-01	0.00262582	0.00626083	0.1759	6.7E-01	0.0954379	7.6E-01
rs6451675	5	43110855	0.62057	C	G	0.307452	0.990847	1.22791	2.7E-01	0.00596221	0.00610665	0.953255	3.3E-01	0.593852	4.4E-01
rs6449674	5	62995938	0.739824	T	C	0.52251	0.996207	0.282621	5.9E-01	0.00327494	0.00563422	0.337862	5.6E-01	0.239963	6.2E-01
rs6891856	5	63972658	0.744519	G	T	0.472565	0.983364	0.276654	6.0E-01	-0.00204616	0.00567757	0.129884	7.2E-01	0.208861	6.5E-01
rs4072296	5	74242002	0.858799	T	C	0.46019	0.938263	26.0343	3.4E-07	-0.029975	0.00581804	26.5439	2.6E-07	31.0938	2.5E-08
rs11740689	5	80841360	0.956164	A	C	0.681749	0.9953	4.33996	3.7E-02	0.0119482	0.00603781	3.91599	4.8E-02	3.6049	5.8E-02
rs77156384	5	87709219	1.01438	A	G	0.979071	1	0.90091	3.4E-01	0.0187543	0.019654	0.910542	3.4E-01	0.698023	4.0E-01
rs7701355	5	88804839	1.01946	G	T	0.578544	0.999666	0.524548	4.7E-01	-0.00379256	0.00570027	0.442664	5.1E-01	0.261165	6.1E-01
rs6885199	5	92574633	1.04879	G	A	0.9622	1	0.897905	3.4E-01	-0.0130362	0.0147321	0.78302	3.8E-01	0.536894	4.6E-01
rs12186664	5	95630225	1.07202	A	T	0.684284	0.993149	0.748798	3.9E-01	-0.00523365	0.00605643	0.746751	3.9E-01	0.970569	3.2E-01
rs1835978	5	107265051	1.15538	T	C	0.111179	0.976322	4.91613	2.7E-02	0.0194771	0.00903591	4.64627	3.1E-02	5.12274	2.4E-02
rs459552	5	112176756	1.19663	T	A	0.232844	1	0.516947	4.7E-01	-0.00519135	0.00663783	0.611656	4.3E-01	0.895356	3.4E-01
rs329120	5	133861756	1.41589	C	T	0.579716	0.996967	0.226193	6.3E-01	-0.00208445	0.00570667	0.133419	7.1E-01	0.0651957	8.0E-01
rs356453	5	139053563	1.4578	G	A	0.669183	0.993285	0.737527	3.9E-01	0.00522685	0.00598392	0.762973	3.8E-01	0.774637	3.8E-01
rs2190788	5	144484261	1.52142	G	T	0.681254	0.989372	3.09012	7.9E-02	-0.0113429	0.00608185	3.47841	6.2E-02	3.95133	4.7E-02
rs7701886	5	153547409	1.6413	G	A	0.45336	0.99206	0.426883	5.1E-01	0.00377053	0.00567062	0.442124	5.1E-01	0.739371	3.9E-01
rs4704726	5	156354477	1.66272	G	A	0.636458	0.987029	33.9233	5.7E-09	-0.0338886	0.00584849	33.5752	6.9E-09	35.9561	2.0E-09
rs2287894	5	170322919	1.86356	T	A	0.272401	0.998905	0.158016	6.9E-01	0.00218104	0.00632171	0.119031	7.3E-01	0.290898	5.9E-01
rs10947758	6	12093961	0.272682	T	C	0.645937	0.995017	3.1067	7.8E-02	-0.0101819	0.00590144	2.97673	8.4E-02	2.10006	1.5E-01
rs9357634	6	13192190	0.290983	T	C	0.701576	0.98883	2.10953	1.5E-01	0.00931917	0.0061843	2.27077	1.3E-01	2.06141	1.5E-01
rs3806114	6	20482335	0.408974	G	A	0.330694	0.979566	0.313881	5.8E-01	-0.00257497	0.00604627	0.181371	6.7E-01	0.269825	6.0E-01
rs2768	6	31321856	0.512785	A	G	0.749612	0.995049	3.07365	8.0E-02	-0.0100392	0.00651455	2.37481	1.2E-01	3.16913	7.5E-02
rs2260051	6	31591918	0.515519	A	T	0.438115	0.999979	0.88654	3.5E-01	-0.00494114	0.00565818	0.762606	3.8E-01	1.33608	2.5E-01
rs57493997	6	34443523	0.547182	T	C	0.907375	0.988432	0.71326	4.0E-01	-0.0079724	0.00974774	0.668915	4.1E-01	0.62396	4.3E-01
rs35679149	6	43604167	0.672046	A	G	0.973525	1	0.0717995	7.9E-01	0.00623602	0.0175339	0.126491	7.2E-01	0.392541	5.3E-01
rs4714925	6	46304194	0.722787	A	G	0.493044	0.998125	0.015818	9.0E-01	0.000730178	0.00562991	0.0168211	9.0E-01	0.073141	7.9E-01
rs9473821	6	50356035	0.748721	T	C	0.122366	0.995677	5.55115	1.8E-02	-0.0202088	0.00859682	5.52595	1.9E-02	3.6882	5.5E-02
rs1369869	6	83366282	0.934423	C	T	0.558841	0.987317	0.824985	3.6E-01	0.00628006	0.00569791	1.21478	2.7E-01	1.11742	2.9E-01
rs6905544	6	98411631	1.06235	A	G	0.398807	0.997318	1.7476	1.9E-01	0.007455	0.00575064	1.68059	1.9E-01	1.52823	2.2E-01
rs1575676	6	108861264	1.17848	C	T	0.628148	0.997454	1.62644	2.0E-01	0.00807229	0.00580966	1.9306	1.6E-01	1.59469	2.1E-01
rs9387640	6	119508871	1.25792	C	T	0.635398	1	1.04623	3.1E-01	-0.00559658	0.00585456	0.913812	3.4E-01	0.986549	3.2E-01
rs198665	6	143154886	1.51958	C	A	0.629508	0.991725	6.4545	1.1E-02	0.0155507	0.00585121	7.06327	7.9E-03	5.76762	1.6E-02
rs7755574	6	153364643	1.66311	G	T	0.718151	0.997121	4.82309	2.8E-02	0.014076	0.00628823	5.01071	2.5E-02	5.39692	2.0E-02
rs13209728	6	162997533	1.81843	A	C	0.861097	0.999607	0.0198138	8.9E-01	0.00269753	0.00813562	0.109939	7.4E-01	0.0432042	8.4E-01
rs11767176	7	1852823	0.0275939	G	A	0.78849	0.994823	0.0462451	8.3E-01	0.000831527	0.00688258	0.0145966	9.0E-01	0.000621814	9.8E-01
rs4307239	7	24354300	0.415589	A	G	0.540084	0.99283	2.55881	1.1E-01	-0.00853432	0.0056586	2.27468	1.3E-01	2.50719	1.1E-01
rs2072183	7	44579180	0.698676	G	C	0.775748	1	38.4351	5.7E-10	-0.0417773	0.00672332	38.6111	5.2E-10	42.1225	8.6E-11
rs3807566	7	50564204	0.76671	G	T	0.56098	0.994523	0.0496844	8.2E-01	0.000762496	0.00567143	0.0180755	8.9E-01	0.0488367	8.3E-01
rs4718966	7	70040558	0.868636	C	T	0.584999	0.992694	0.0399399	8.4E-01	0.00116787	0.00573948	0.0414045	8.4E-01	2.57628e-07	1.0E+00
rs10950289	7	71429308	0.890251	A	G	0.837402	0.9787	2.42704	1.2E-01	-0.0106879	0.00768964	1.93186	1.6E-01	2.06647	1.5E-01
rs6964833	7	74101909	0.91305	T	C	0.742216	0.9996	0.0666743	8.0E-01	0.0019237	0.0064377	0.089292	7.7E-01	0.0283051	8.7E-01
rs7805441	7	78121458	0.952449	C	T	0.496028	0.987826	0.334689	5.6E-01	0.00196989	0.00567807	0.12036	7.3E-01	0.113687	7.4E-01
rs16868443	7	93206264	1.0947	G	C	0.638366	0.996209	0.220411	6.4E-01	0.00262875	0.00584695	0.202134	6.5E-01	0.432779	5.1E-01
rs17155888	7	103416295	1.18694	T	A	0.573633	0.98913	0.354269	5.5E-01	-0.00312584	0.00571765	0.298882	5.8E-01	0.215534	6.4E-01
rs7788008	7	112972483	1.29323	G	A	0.566242	0.997606	1.30675	2.5E-01	0.00654154	0.00567225	1.32999	2.5E-01	1.33656	2.5E-01
rs12705908	7	113422504	1.29936	A	G	0.435782	0.999217	0.0769511	7.8E-01	0.00113015	0.00566982	0.0397315	8.4E-01	0.448951	5.0E-01
rs1563408	7	114303189	1.30467	G	A	0.518625	0.9976	0.930619	3.3E-01	0.00482327	0.00563227	0.733359	3.9E-01	0.777898	3.8E-01
rs2968856	7	150614934	1.67963	T	C	0.750666	0.995794	0.0035471	9.5E-01	-0.000110801	0.00651901	0.000288883	9.9E-01	0.0462363	8.3E-01
rs2921077	8	8304502	0.239157	G	A	0.535755	0.992952	0.0454752	8.3E-01	-0.000182507	0.00567787	0.0010332	9.7E-01	0.00282471	9.6E-01
rs2959592	8	17002725	0.407822	T	C	0.81033	0.987439	0.0450535	8.3E-01	0.000683593	0.00721732	0.00897106	9.2E-01	0.000778021	9.8E-01
rs117026536	8	19818773	0.472625	G	T	0.900105	0.996683	30.2421	3.8E-08	0.0524227	0.0093901	31.1672	2.4E-08	34.6854	3.9E-09
rs1362910	8	30856464	0.645028	A	G	0.419317	0.991461	1.94687	1.6E-01	-0.00760262	0.00569626	1.78134	1.8E-01	2.06028	1.5E-01
rs1030431	8	59311697	0.818981	A	G	0.332921	0.99086	31.9798	1.6E-08	0.0333441	0.00600299	30.8534	2.8E-08	36.4239	1.6E-09
rs7822926	8	64701966	0.867188	A	C	0.529208	0.995395	0.274228	6.0E-01	0.00182594	0.00564933	0.104466	7.5E-01	0.0327324	8.6E-01
rs2017657	8	73426371	0.974058	G	T	0.427149	1	0.414214	5.2E-01	0.0039304	0.00570024	0.475431	4.9E-01	0.719479	4.0E-01
rs2943611	8	76473939	1.00704	T	C	0.203974	0.993157	0.0946851	7.6E-01	0.00192899	0.0069937	0.0760758	7.8E-01	0.088609	7.7E-01
rs9298280	8	77329753	1.00881	T	G	0.287889	0.987301	5.67692	1.7E-02	0.0138529	0.00623215	4.94088	2.6E-02	5.19841	2.3E-02
rs1180626	8	116476393	1.31509	G	A	0.224213	0.994168	8.60063	3.4E-03	-0.0205302	0.00678265	9.16194	2.5E-03	9.17006	2.5E-03
rs2385114	8	126447308	1.45276	C	T	0.513771	0.979388	50.3058	1.3E-12	-0.0412909	0.00569429	52.5812	4.1E-13	55.0159	1.2E-13
rs10124645	9	11321119	0.255592	A	G	0.589801	0.991792	0.282099	6.0E-01	-0.00201508	0.00575999	0.122389	7.3E-01	6.65547e-05	9.9E-01
rs2457637	9	15533394	0.341722	T	C	0.512743	0.988377	2.55439	1.1E-01	0.00919444	0.0056474	2.65066	1.0E-01	2.59478	1.1E-01
rs6476065	9	28403813	0.542923	C	T	0.423663	0.971482	3.41349	6.5E-02	0.010627	0.0057584	3.40581	6.5E-02	2.4754	1.2E-01
rs12345603	9	29601893	0.557517	C	T	0.574964	0.971878	0.104859	7.5E-01	0.00312989	0.00576898	0.294346	5.9E-01	0.203388	6.5E-01
rs868980	9	92140852	1.08916	A	G	0.764207	0.992973	0.0035451	9.5E-01	0.000861604	0.00664039	0.0168356	9.0E-01	0.0260954	8.7E-01
rs7873003	9	96392945	1.13399	T	C	0.320009	0.990354	6.09748	1.4E-02	0.0146375	0.00605359	5.84667	1.6E-02	6.86161	8.8E-03
rs1852865	9	102750138	1.19624	C	T	0.434954	0.999839	0.857683	3.5E-01	0.00442736	0.00568629	0.606223	4.4E-01	0.248084	6.2E-01
rs7024334	9	109072075	1.25943	T	G	0.221004	0.999349	0.327311	5.7E-01	-0.00423351	0.0067709	0.390939	5.3E-01	0.398028	5.3E-01
rs1252008	9	120362838	1.43341	T	C	0.568657	0.998833	0.0244903	8.8E-01	0.00138463	0.00566627	0.0597137	8.1E-01	0.0737173	7.9E-01
rs3829849	9	129390800	1.5324	C	T	0.630889	0.998111	0.254449	6.1E-01	0.00320242	0.00582745	0.301995	5.8E-01	0.587203	4.4E-01
rs10733682	9	129460914	1.5336	A	G	0.474217	0.966242	0.374131	5.4E-01	-0.00309017	0.00570139	0.293768	5.9E-01	0.0837495	7.7E-01
rs2267958	9	131015279	1.55043	G	A	0.485563	0.958689	0.786941	3.8E-01	0.00480962	0.00575337	0.698838	4.0E-01	0.668832	4.1E-01
rs10159545	10	21766969	0.466662	C	G	0.649246	0.986543	1.75153	1.9E-01	0.00809294	0.00592151	1.86787	1.7E-01	1.7796	1.8E-01
rs12762034	10	33969931	0.621029	T	C	0.92272	0.998956	0.985357	3.2E-01	-0.00995689	0.0105202	0.895774	3.4E-01	1.09413	3.0E-01
rs4595495	10	53673286	0.748363	A	G	0.58387	0.998015	0.0983709	7.5E-01	-0.00161385	0.00572803	0.0793808	7.8E-01	0.143033	7.1E-01
rs4746855	10	64822828	0.870307	G	A	0.596714	1	0.953387	3.3E-01	0.00531613	0.00574354	0.856705	3.5E-01	0.989239	3.2E-01
rs12098284	10	76047464	0.999816	C	T	0.877434	0.998637	0.000268564	9.9E-01	0.000158929	0.00857909	0.000343181	9.9E-01	0.00379955	9.5E-01
rs1249156	10	79979737	1.04291	T	C	0.294183	0.999324	0.000593761	9.8E-01	0.00027571	0.00617612	0.00199284	9.6E-01	0.0524126	8.2E-01
rs12245654	10	87562928	1.13739	A	C	0.927047	0.984714	1.19198	2.7E-01	0.0112229	0.0108862	1.06282	3.0E-01	0.287111	5.9E-01
rs472576	10	99694970	1.2698	G	C	0.540757	0.96945	8.6541	3.3E-03	-0.0161991	0.0057193	8.02226	4.6E-03	10.6362	1.1E-03
rs4074720	10	114748497	1.39784	C	T	0.534572	0.984751	0.0326032	8.6E-01	-0.000818105	0.00567276	0.0207984	8.9E-01	0.0357885	8.5E-01
rs72828935	10	126587488	1.61238	G	C	0.716689	0.993686	0.624501	4.3E-01	0.00505389	0.00625842	0.652114	4.2E-01	0.576732	4.5E-01
rs12778347	10	133978806	1.80077	G	T	0.423877	0.999758	0.0219811	8.8E-01	-0.00120045	0.00568829	0.0445372	8.3E-01	0.00294682	9.6E-01
rs12802861	11	8387806	0.188896	C	T	0.71326	0.995592	0.137785	7.1E-01	-0.002815	0.00622936	0.204207	6.5E-01	0.360839	5.5E-01
rs7942486	11	13288698	0.267633	G	T	0.432178	0.998702	1.03588	3.1E-01	0.00693795	0.00568413	1.48982	2.2E-01	1.53	2.2E-01
rs12791818	11	27277760	0.463075	A	G	0.918985	0.937343	1.53783e-06	1.0E+00	-2.17801e-05	0.0106514	4.18127e-06	1.0E+00	0.0313655	8.6E-01
rs2679059	11	43599791	0.621966	A	T	0.402252	0.990165	1.536	2.2E-01	-0.00653407	0.00578019	1.27786	2.6E-01	0.89188	3.4E-01
rs11038428	11	45404318	0.657443	G	T	0.717407	0.990678	0.0569609	8.1E-01	0.0011438	0.006265	0.0333318	8.6E-01	5.82511e-05	9.9E-01
rs35184771	11	47475189	0.665304	G	T	0.648082	0.998878	4.12537	4.2E-02	0.0127153	0.00588109	4.67452	3.1E-02	4.19657	4.1E-02
rs174528	11	61543499	0.703973	T	C	0.623454	0.995598	58.8848	1.7E-14	0.0442323	0.00581435	57.8731	2.8E-14	65.5967	5.5E-16
rs10896007	11	65245829	0.737845	T	A	0.789067	0.98525	0.296335	5.9E-01	0.00447403	0.00695432	0.413894	5.2E-01	0.65481	4.2E-01
rs667515	11	69449076	0.766481	G	C	0.61173	0.990296	2.20715	1.4E-01	-0.00859701	0.00577532	2.21586	1.4E-01	1.55861	2.1E-01
rs2605603	11	93221105	1.00432	G	A	0.520259	0.995512	0.0952095	7.6E-01	0.000875719	0.00560737	0.0243899	8.8E-01	0.0389598	8.4E-01
rs4937870	11	112826709	1.19814	A	G	0.689169	0.983578	0.0238192	8.8E-01	-0.000602205	0.00611869	0.00968661	9.2E-01	0.0624372	8.0E-01
rs2187986	11	115001410	1.23045	G	A	0.524684	0.965018	2.49663	1.1E-01	-0.00846779	0.00573688	2.17865	1.4E-01	2.31974	1.3E-01
rs513533	11	116519358	1.25951	A	G	0.895505	0.969744	37.5001	9.1E-10	-0.0575235	0.00930964	38.1791	6.5E-10	42.657	6.5E-11
rs501351	11	118917814	1.29362	T	G	0.605774	0.997555	0.832846	3.6E-01	-0.00555196	0.00575479	0.930752	3.3E-01	0.755506	3.8E-01
rs7941030	11	122522375	1.35839	T	C	0.616205	1	10.1703	1.4E-03	-0.0203365	0.00580096	12.29	4.6E-04	11.6158	6.5E-04
rs4366492	11	130717256	1.51227	T	C	0.474614	0.99465	0.344769	5.6E-01	0.00365694	0.00562208	0.423099	5.2E-01	0.192685	6.6E-01
rs10894604	11	132641746	1.55638	T	G	0.652028	1	0.160263	6.9E-01	-0.00145718	0.00589951	0.0610086	8.0E-01	3.20971e-06	1.0E+00
rs11064524	12	889902	0.0208303	T	G	0.758532	1	1.26378	2.6E-01	0.00744485	0.00655382	1.2904	2.6E-01	1.25845	2.6E-01
rs7976757	12	19207948	0.354438	T	C	0.171206	0.989812	0.94838	3.3E-01	0.00682345	0.00748202	0.831707	3.6E-01	1.18485	2.8E-01
rs16926776	12	24001905	0.419584	C	T	0.922961	1	3.20749	7.3E-02	-0.0180274	0.0105641	2.91208	8.8E-02	2.77662	9.6E-02
rs11181001	12	41948196	0.563104	A	G	0.469108	0.977653	0.00893334	9.2E-01	-9.15224e-05	0.0056792	0.000259704	9.9E-01	0.022531	8.8E-01
rs2720296	12	50169070	0.630128	G	A	0.609632	0.950295	0.33667	5.6E-01	0.00320644	0.0059205	0.293311	5.9E-01	0.506361	4.8E-01
rs11173522	12	60953472	0.741724	C	A	0.784532	0.998242	1.22624	2.7E-01	-0.0079623	0.00685531	1.34904	2.5E-01	1.08649	3.0E-01
rs317646	12	69657145	0.849888	G	A	0.275066	0.99846	0.000131237	9.9E-01	-0.000889352	0.0063072	0.0198827	8.9E-01	0.0351591	8.5E-01
rs704067	12	89726027	1.03172	G	A	0.545146	0.989595	0.0368976	8.5E-01	-0.00147049	0.00569071	0.0667716	8.0E-01	0.125834	7.2E-01
rs591776	12	99538895	1.16639	C	T	0.364365	0.994453	0.553144	4.6E-01	-0.00308665	0.00586132	0.277322	6.0E-01	0.0630691	8.0E-01
rs4433630	12	103650031	1.2114	T	C	0.48744	0.978156	1.01522	3.1E-01	-0.00637975	0.00566807	1.26688	2.6E-01	1.67593	2.0E-01
rs11832936	12	110549533	1.29782	A	C	0.610247	0.999756	0.0219851	8.8E-01	0.00023903	0.00578858	0.00170514	9.7E-01	0.0220659	8.8E-01
rs111828690	12	117576767	1.39704	C	T	0.779464	0.990204	0.110632	7.4E-01	-0.00330043	0.00684726	0.232331	6.3E-01	0.079646	7.8E-01
rs2649999	12	121380544	1.45376	T	C	0.330394	0.973048	38.0408	6.9E-10	0.0372755	0.00606817	37.7339	8.1E-10	40.7533	1.7E-10
rs144713920	12	122485389	1.46548	C	G	0.945974	0.956209	3.60235	5.8E-02	-0.0228644	0.0127131	3.23458	7.2E-02	3.47085	6.2E-02
rs12317176	12	124404718	1.4789	T	C	0.662157	0.998072	17.0707	3.6E-05	0.0250534	0.00593179	17.8387	2.4E-05	17.6856	2.6E-05
rs9579775	13	20616557	0.0139469	A	C	0.863467	0.926233	0.0281979	8.7E-01	-0.000325676	0.00852158	0.0014606	9.7E-01	0.00216228	9.6E-01
rs4771218	13	28655311	0.212187	G	A	0.373005	0.991013	2.20198	1.4E-01	-0.0089257	0.00584056	2.33548	1.3E-01	2.61345	1.1E-01
rs9591001	13	33042870	0.304346	G	A	0.634695	0.994769	0.221666	6.4E-01	-0.00268055	0.00587072	0.208481	6.5E-01	0.0287205	8.7E-01
rs9568856	13	54064981	0.568758	G	A	0.871723	1	1.12774	2.9E-01	-0.00864012	0.00841505	1.05421	3.0E-01	0.946787	3.3E-01
rs6561937	13	58257667	0.585042	T	A	0.243776	0.993408	0.131601	7.2E-01	-0.00309343	0.0065843	0.22073	6.4E-01	0.239381	6.2E-01
rs1413125	13	59260131	0.587755	G	T	0.574048	0.994453	1.49024	2.2E-01	-0.00736494	0.00571129	1.66292	2.0E-01	2.0501	1.5E-01
rs1441264	13	79580919	0.787841	G	A	0.406364	0.956515	3.80531	5.1E-02	0.0115894	0.00583132	3.94992	4.7E-02	5.54152	1.9E-02
rs61969477	13	86477950	0.835644	T	C	0.717214	0.998003	0.433127	5.1E-01	-0.00492725	0.00624245	0.623015	4.3E-01	0.197196	6.6E-01
rs1927790	13	96922191	0.93596	T	C	0.587589	0.998094	0.00112773	9.7E-01	0.000181104	0.00572401	0.00100105	9.7E-01	0.0364571	8.5E-01
rs7335249	13	109962579	1.18904	T	C	0.587526	0.995494	0.125204	7.2E-01	0.00257285	0.00572496	0.201969	6.5E-01	0.159096	6.9E-01
rs7141213	14	25878636	0.160923	C	T	0.428505	0.99817	0.170952	6.8E-01	0.00200553	0.00570349	0.123645	7.3E-01	0.393502	5.3E-01
rs6576279	14	29649958	0.207571	G	C	0.190393	0.998923	0.400602	5.3E-01	-0.00440246	0.00714095	0.380084	5.4E-01	0.493782	4.8E-01
rs2143975	14	33297398	0.262161	C	G	0.467897	0.986467	1.37702	2.4E-01	-0.00618892	0.00569182	1.1823	2.8E-01	1.01784	3.1E-01
rs35020117	14	73341655	0.671145	T	G	0.538277	0.933938	1.48438	2.2E-01	0.00798989	0.00583517	1.87488	1.7E-01	2.46806	1.2E-01
rs7159565	14	79891894	0.74792	T	C	0.36268	0.984708	0.00987528	9.2E-01	8.92095e-05	0.00587455	0.000230607	9.9E-01	0.00638021	9.4E-01
rs1951455	14	91512339	0.88209	T	C	0.283982	0.997245	0.00124538	9.7E-01	-0.000908197	0.00623781	0.021198	8.8E-01	0.0635959	8.0E-01
rs2273639	14	93762162	0.916561	C	T	0.692907	0.99913	1.97942	1.6E-01	-0.00904255	0.00610463	2.19413	1.4E-01	1.78503	1.8E-01
rs7161194	14	101529005	1.0886	A	G	0.336786	0.914125	1.59961	2.1E-01	0.00920872	0.00621763	2.19356	1.4E-01	1.98058	1.6E-01
rs12148050	14	103263788	1.11638	A	G	0.348874	0.9994	0.0272565	8.7E-01	-0.000808765	0.005888	0.0188673	8.9E-01	0.0136947	9.1E-01
rs35443927	14	103849715	1.12404	C	T	0.630061	0.995118	2.01725	1.6E-01	-0.00838626	0.00581854	2.07734	1.5E-01	1.93519	1.6E-01
rs11070502	15	46574981	0.663836	G	A	0.422393	0.996515	0.0523946	8.2E-01	-0.000467619	0.00570539	0.00671761	9.3E-01	0.119384	7.3E-01
rs11631408	15	51746236	0.710161	A	G	0.457534	0.996425	5.00217	2.5E-02	0.0126694	0.00566132	5.00815	2.5E-02	6.39238	1.1E-02
rs1123294	15	58545064	0.781703	C	G	0.830474	0.986357	30.8322	2.8E-08	0.0417429	0.00751867	30.8236	2.8E-08	31.3061	2.2E-08
rs10152355	15	58671178	0.784742	C	A	0.548786	0.924121	34.2825	4.8E-09	0.0341956	0.00588878	33.7203	6.4E-09	35.305	2.8E-09
rs4777542	15	73082366	0.987566	C	T	0.670419	0.995307	0.0410651	8.4E-01	7.0482e-05	0.00601231	0.000137427	9.9E-01	0.00486036	9.4E-01
rs11855821	15	78008843	1.01251	G	A	0.714306	0.958126	2.13639	1.4E-01	0.00953555	0.00634052	2.26174	1.3E-01	1.55688	2.1E-01
rs12914623	15	80993570	1.05801	G	C	0.732913	0.994175	1.88718	1.7E-01	-0.00733717	0.00636343	1.32946	2.5E-01	1.55876	2.1E-01
rs7168523	15	95263911	1.31585	C	T	0.355269	0.99653	0.330483	5.7E-01	0.00229324	0.00588204	0.152	7.0E-01	0.118364	7.3E-01
rs1048786	16	336916	0.0036807	C	T	0.830941	1	2.04072	1.5E-01	0.0116267	0.00750467	2.4002	1.2E-01	2.33071	1.3E-01
rs2601773	16	4001898	0.0718473	C	A	0.503399	0.995484	2.3938	1.2E-01	-0.00879141	0.00563204	2.43661	1.2E-01	2.25525	1.3E-01
rs9934930	16	4902038	0.0862098	A	G	0.521116	0.994594	0.0962285	7.6E-01	0.00138413	0.00566319	0.0597355	8.1E-01	0.103017	7.5E-01
rs7187976	16	19708196	0.389763	A	G	0.820215	0.98274	1.42871	2.3E-01	-0.00929238	0.00737205	1.58883	2.1E-01	1.32924	2.5E-01
rs4238585	16	20255097	0.398011	C	T	0.13201	0.96298	1.11661	2.9E-01	-0.00757781	0.00845619	0.803042	3.7E-01	0.875332	3.5E-01
rs11074452	16	20370168	0.40198	C	G	0.490517	0.995812	0.732862	3.9E-01	-0.0051367	0.00563989	0.829519	3.6E-01	0.771559	3.8E-01
rs200539	16	24735178	0.466016	T	C	0.268765	0.996448	0.0139645	9.1E-01	-0.000793978	0.00632403	0.0157626	9.0E-01	0.0628054	8.0E-01
rs2650494	16	28318440	0.541911	A	G	0.581267	0.992404	0.0469926	8.3E-01	0.000690848	0.00570549	0.0146615	9.0E-01	0.0126957	9.1E-01
rs4787483	16	29885447	0.552081	A	G	0.662227	1	0.066125	8.0E-01	-0.00058562	0.00595346	0.00967592	9.2E-01	0.0197863	8.9E-01
rs111886096	16	53598310	0.644304	A	G	0.862466	0.993464	0.500775	4.8E-01	0.0060981	0.00818127	0.555581	4.6E-01	0.598962	4.4E-01
rs7205986	16	53755146	0.644839	A	G	0.489919	0.988839	0.188748	6.6E-01	0.00378187	0.00567166	0.444624	5.0E-01	0.393625	5.3E-01
rs5011579	16	69187318	0.855228	C	G	0.2843	0.994942	0.815647	3.7E-01	-0.00498968	0.00624734	0.637904	4.2E-01	0.35382	5.5E-01
rs12924872	16	69552215	0.858355	C	T	0.533347	0.984378	4.34201	3.7E-02	0.0119758	0.00569062	4.42883	3.5E-02	4.8771	2.7E-02
rs11648003	16	72052348	0.872944	A	G	0.779015	0.991685	30.4162	3.5E-08	-0.0371687	0.00678717	29.99	4.3E-08	30.8745	2.8E-08
rs77081114	17	1816762	0.0641667	G	A	0.834903	1	0.0108435	9.2E-01	0.0010888	0.00758434	0.0206092	8.9E-01	0.0854132	7.7E-01
rs3026101	17	5280440	0.136672	T	C	0.696449	0.998494	2.79555	9.5E-02	0.0105427	0.00612769	2.96014	8.5E-02	2.91954	8.8E-02
rs10491104	17	15884561	0.425342	C	T	0.468509	1	0.079429	7.8E-01	-0.00158924	0.0056393	0.0794195	7.8E-01	0.000804798	9.8E-01
rs9906072	17	21245687	0.471598	T	C	0.486625	0.873727	0.607761	4.4E-01	0.00539746	0.00603008	0.801183	3.7E-01	0.419759	5.2E-01
rs9904602	17	34835526	0.595066	T	A	0.482475	0.99641	0.127382	7.2E-01	-0.00210328	0.00563439	0.139348	7.1E-01	0.357258	5.5E-01
rs17616799	17	46039553	0.703155	A	G	0.898327	0.994334	2.16287	1.4E-01	0.0157149	0.00932295	2.84131	9.2E-02	3.22816	7.2E-02
rs55797392	17	47055622	0.707863	G	A	0.589793	0.985453	0.364398	5.5E-01	0.0027008	0.00575127	0.220525	6.4E-01	0.065744	8.0E-01
rs7211966	17	54374611	0.801315	C	T	0.981745	0.996866	0.46856	4.9E-01	0.0114096	0.020983	0.295669	5.9E-01	0.135839	7.1E-01
rs17631394	17	61646000	0.886955	G	A	0.736546	0.99153	0.264668	6.1E-01	0.00379075	0.0064138	0.349317	5.5E-01	0.405293	5.2E-01
rs113120414	17	66945345	0.964692	A	G	0.942645	0.937715	35.3698	2.7E-09	-0.075713	0.0124781	36.8168	1.3E-09	39.2248	3.8E-10
rs4424946	17	78554888	1.24995	T	C	0.762112	0.998925	0.00543495	9.4E-01	0.000158247	0.00660734	0.000573612	9.8E-01	0.0203273	8.9E-01
rs4076427	17	79087537	1.26024	G	C	0.609873	0.985353	0.748883	3.9E-01	-0.00545813	0.0057825	0.890955	3.5E-01	0.497906	4.8E-01
rs1371274	18	1837007	0.0479005	A	C	0.863572	0.995553	0.389274	5.3E-01	0.00472723	0.00818054	0.333926	5.6E-01	0.454789	5.0E-01
rs11875960	18	21071925	0.432054	A	G	0.650113	0.974621	0.119254	7.3E-01	0.00242146	0.00597375	0.164309	6.9E-01	0.0948383	7.6E-01
rs9807506	18	39493911	0.604143	C	T	0.110516	0.995331	1.06667	3.0E-01	0.00943677	0.00898868	1.10218	2.9E-01	0.772089	3.8E-01
rs4890428	18	40697340	0.611694	G	T	0.5787	0.994435	8.15244	4.3E-03	0.0174993	0.00572205	9.35278	2.2E-03	12.0648	5.1E-04
rs7239114	18	45921214	0.66958	G	A	0.458185	0.985699	0.094375	7.6E-01	-0.00143572	0.00568481	0.0637836	8.0E-01	0.0142998	9.0E-01
rs72934723	18	53305311	0.747109	A	G	0.96095	0.966483	0.0278391	8.7E-01	0.00270215	0.0147701	0.0334699	8.5E-01	0.130419	7.2E-01
rs2187176	18	57679365	0.819838	A	G	0.309978	0.982596	0.0963125	7.6E-01	-0.0011584	0.00613598	0.0356413	8.5E-01	0.0202103	8.9E-01
rs117758180	18	57809744	0.821562	C	T	0.97678	1	0.785386	3.8E-01	-0.0168991	0.0186708	0.819217	3.7E-01	0.551807	4.6E-01
rs113268469	18	57862913	0.821729	C	T	0.982698	0.966786	1.80565	1.8E-01	-0.0277365	0.0219492	1.59685	2.1E-01	2.07858	1.5E-01
rs11668832	19	1812682	0.0683182	A	G	0.450689	0.989019	1.03871	3.1E-01	-0.00556411	0.00566702	0.964013	3.3E-01	1.65446	2.0E-01
rs72976986	19	4050424	0.142675	G	A	0.810758	0.984512	0.606846	4.4E-01	-0.00540043	0.00724044	0.556322	4.6E-01	0.797159	3.7E-01
rs112159161	19	11192603	0.31876	C	T	0.983126	0.950328	39.9979	2.5E-10	0.138674	0.022297	38.6811	5.0E-10	37.2999	1.0E-09
rs72996217	19	11358966	0.323768	G	A	0.870366	0.99465	32.3272	1.3E-08	0.0479045	0.00837543	32.7143	1.1E-08	31.2276	2.3E-08
rs12979148	19	19406869	0.462131	T	C	0.871067	0.998269	29.1877	6.6E-08	0.0472469	0.0083805	31.7838	1.7E-08	33.3162	7.8E-09
rs12461902	19	30265235	0.512848	G	A	0.672506	0.985963	0.178202	6.7E-01	-0.00224699	0.00604309	0.138256	7.1E-01	0.383504	5.4E-01
rs11882409	19	34019685	0.562915	C	A	0.713772	0.966519	0.00123102	9.7E-01	-0.000290795	0.00631855	0.00211807	9.6E-01	0.000311846	9.9E-01
rs62115478	19	44543760	0.688013	A	G	0.971162	0.945735	30.1118	4.1E-08	0.0962012	0.0173056	30.902	2.7E-08	34.8791	3.5E-09
rs74747585	19	45039971	0.694152	T	C	0.974322	0.945812	40.4655	2.0E-10	0.116012	0.0181784	40.7282	1.7E-10	40.8732	1.6E-10
rs112027066	19	45129089	0.697512	C	T	0.981171	0.962142	34.0932	5.3E-09	0.126539	0.020973	36.4018	1.6E-09	33.5138	7.1E-09
rs73048351	19	45160086	0.697689	C	A	0.989712	0.91554	43.4049	4.5E-11	0.201803	0.029149	47.9298	4.4E-12	48.2444	3.8E-12
rs139326841	19	45269725	0.701551	T	C	0.978636	0.821408	41.3753	1.3E-10	-0.135615	0.0213606	40.3075	2.2E-10	39.5495	3.2E-10
rs2075649	19	45395330	0.707004	A	G	0.611354	0.998574	94.9721	1.9E-22	-0.0555912	0.0057752	92.657	6.2E-22	95.3172	1.6E-22
rs201269048	19	45574113	0.710921	T	G	0.948897	0.903577	38.4262	5.7E-10	0.0859287	0.0133962	41.1447	1.4E-10	42.9774	5.5E-11
rs1884389	20	1410582	0.0620248	C	T	0.560429	0.990862	0.00788311	9.3E-01	-0.000584333	0.00568861	0.0105514	9.2E-01	2.81578e-06	1.0E+00
rs1321453	20	6585670	0.214258	G	A	0.332006	0.979962	0.536173	4.6E-01	0.00521422	0.00604382	0.744312	3.9E-01	1.27113	2.6E-01
rs947088	20	17171373	0.411628	G	T	0.280165	0.992316	1.25505	2.6E-01	0.00758299	0.00629413	1.45148	2.3E-01	1.49964	2.2E-01
rs8116853	20	21439820	0.48109	A	G	0.902603	0.99434	0.343828	5.6E-01	-0.00541937	0.00949402	0.325834	5.7E-01	0.437237	5.1E-01
rs6142096	20	32686658	0.536502	G	A	0.481267	0.998195	0.0647836	8.0E-01	-0.00150486	0.00563752	0.0712555	7.9E-01	0.110921	7.4E-01
rs11699260	20	50813508	0.791033	G	C	0.710789	0.999421	0.0018097	9.7E-01	-0.000178589	0.0061914	0.000832013	9.8E-01	0.0138492	9.1E-01
rs2836753	21	40291187	0.447396	T	C	0.362883	0.999333	0.261888	6.1E-01	0.00387726	0.0058412	0.440601	5.1E-01	0.510419	4.7E-01
rs1964926	21	42653121	0.51205	A	G	0.35393	0.992207	0.873687	3.5E-01	-0.00611166	0.00590921	1.06969	3.0E-01	1.38215	2.4E-01
rs8130074	21	46498684	0.621941	C	G	0.35124	0.996511	0.0418244	8.4E-01	0.000980599	0.00590641	0.0275636	8.7E-01	0.00348958	9.5E-01
rs4820399	22	40546633	0.498151	C	T	0.4075	0.991505	0.0184886	8.9E-01	0.000856928	0.00573448	0.0223306	8.8E-01	0.167095	6.8E-01
rs13053342	22	48871624	0.664334	G	A	0.577345	0.990848	0.602063	4.4E-01	-0.00530669	0.00570616	0.864887	3.5E-01	0.597418	4.4E-01
