SNP	CHR	BP	GENPOS	ALLELE1	ALLELE0	A1FREQ	INFO	CHISQ_LINREG	P_LINREG	BETA	SE	CHISQ_BOLT_LMM_INF	P_BOLT_LMM_INF	CHISQ_BOLT_LMM	P_BOLT_LMM
rs28788874	1	1520725	0.0141684	C	T	0.584735	0.768295	0.540908	4.6E-01	-0.0053592	0.00649049	0.681783	4.1E-01	1.12154	2.9E-01
rs72634501	1	39551488	0.669558	T	C	0.760747	0.973003	0.0299224	8.6E-01	-0.000872977	0.00669735	0.0169903	9.0E-01	0.0427936	8.4E-01
rs7545034	1	47659445	0.739124	T	C	0.495311	0.986554	4.22947	4.0E-02	0.0111623	0.00567894	3.86339	4.9E-02	3.44775	6.3E-02
rs7553454	1	49231261	0.759781	T	C	0.774904	0.984417	0.324169	5.7E-01	-0.00359405	0.0067799	0.28101	6.0E-01	0.315889	5.7E-01
rs1013293	1	62570321	0.915785	G	A	0.570076	0.987679	1.2187	2.7E-01	0.0084268	0.0056951	2.18939	1.4E-01	1.79098	1.8E-01
rs56120442	1	62960289	0.922865	G	C	0.973972	0.946818	31.1149	2.4E-08	0.104775	0.0181704	33.2497	8.1E-09	32.9916	9.3E-09
rs2422134	1	72514701	1.03261	G	C	0.494392	0.995097	0.0137212	9.1E-01	0.00101149	0.00564263	0.0321335	8.6E-01	0.109124	7.4E-01
rs6690871	1	74977277	1.04309	A	G	0.592502	0.986356	3.55701	5.9E-02	0.0105626	0.00577593	3.34423	6.7E-02	3.85825	5.0E-02
rs2247536	1	77919438	1.07305	G	C	0.734406	0.984022	1.18131	2.8E-01	0.00949561	0.00644054	2.1737	1.4E-01	1.78576	1.8E-01
rs1536023	1	96882019	1.26526	C	A	0.779556	0.988892	4.24742	3.9E-02	0.0116691	0.00684289	2.90799	8.8E-02	3.46214	6.3E-02
rs10747488	1	98299475	1.27829	C	A	0.231417	0.993887	2.98357	8.4E-02	0.0114742	0.00671615	2.91879	8.8E-02	3.71979	5.4E-02
rs920835	1	107946802	1.36667	G	A	0.707486	0.968585	0.222431	6.4E-01	-0.00197702	0.00630329	0.0983757	7.5E-01	0.101334	7.5E-01
rs892511	1	110078255	1.38888	C	G	0.970555	0.964927	3.23407	7.2E-02	0.0297738	0.0169556	3.08349	7.9E-02	2.5214	1.1E-01
rs12033257	1	112318484	1.42838	A	G	0.621237	0.983831	0.0535104	8.2E-01	-0.00243115	0.00586897	0.171593	6.8E-01	0.249452	6.2E-01
rs4357530	1	151103153	1.65977	G	A	0.321207	0.991504	0.287753	5.9E-01	-0.00420518	0.00606509	0.480722	4.9E-01	0.432846	5.1E-01
rs148261599	1	155253286	1.69959	C	G	0.796018	0.939661	2.1613	1.4E-01	-0.0101036	0.00719543	1.9717	1.6E-01	2.19708	1.4E-01
rs12565430	1	174400537	1.95129	G	A	0.890495	0.989663	3.17343	7.5E-02	0.0150379	0.0090498	2.76118	9.7E-02	2.19449	1.4E-01
rs10913418	1	177755299	1.98687	C	A	0.596511	0.989574	0.00416674	9.5E-01	-0.000924123	0.00577665	0.0255921	8.7E-01	0.04634	8.3E-01
rs1359940	1	177848153	1.98809	T	C	0.542981	0.978287	0.0333495	8.6E-01	-0.00224242	0.00572439	0.153453	7.0E-01	0.0435254	8.3E-01
rs9425633	1	184657251	2.05452	T	C	0.517837	0.997773	1.0191	3.1E-01	-0.00539823	0.00564067	0.915885	3.4E-01	1.32612	2.5E-01
rs10801363	1	194922207	2.13186	T	A	0.632532	0.99595	0.144504	7.0E-01	-0.00223224	0.00585289	0.145459	7.0E-01	0.0609399	8.1E-01
rs2494116	1	201784151	2.19723	G	A	0.451622	0.998902	0.416862	5.2E-01	-0.00242447	0.00565699	0.18368	6.7E-01	0.334032	5.6E-01
rs12042959	1	243533273	2.82744	A	G	0.856757	0.985729	0.332023	5.6E-01	-0.00440691	0.00808533	0.29708	5.9E-01	0.273849	6.0E-01
rs6548228	2	345889	0.00380575	T	C	0.476197	0.997111	1.6715	2.0E-01	0.00790423	0.00565036	1.95689	1.6E-01	1.34723	2.5E-01
rs2667214	2	449487	0.00560823	A	G	0.676488	0.984343	1.48021	2.2E-01	-0.00699204	0.00608078	1.32218	2.5E-01	1.29201	2.6E-01
rs10176391	2	574368	0.00678655	C	G	0.988537	0.920209	0.831593	3.6E-01	0.023139	0.0275784	0.703964	4.0E-01	0.72668	3.9E-01
rs145400326	2	21109020	0.419242	T	C	0.954596	0.960711	36.5772	1.5E-09	0.0874753	0.0137795	40.2997	2.2E-10	41.7085	1.1E-10
rs75503394	2	25155419	0.457101	C	T	0.904575	0.987449	0.871363	3.5E-01	-0.00832625	0.00963637	0.746573	3.9E-01	0.648999	4.2E-01
rs149996558	2	27506646	0.473304	A	G	0.746356	0.878977	40.0727	2.4E-10	0.0441502	0.00690226	40.915	1.6E-10	40.1309	2.4E-10
rs698838	2	44738763	0.693339	C	T	0.374359	1	0.923629	3.4E-01	-0.00630819	0.00582748	1.17178	2.8E-01	1.32962	2.5E-01
rs4953423	2	47025672	0.736991	C	T	0.641914	0.986288	3.27746	7.0E-02	0.0120524	0.00592935	4.13175	4.2E-02	4.66899	3.1E-02
rs9636391	2	50201110	0.779779	A	G	0.161876	0.994454	3.83443	5.0E-02	0.0138038	0.00765762	3.24944	7.1E-02	3.51015	6.1E-02
rs3198123	2	55207693	0.827446	C	T	0.698625	0.993954	0.0577477	8.1E-01	0.0028714	0.00616927	0.216631	6.4E-01	0.0853781	7.7E-01
rs13032423	2	57992112	0.847237	G	A	0.445418	0.996747	2.38963	1.2E-01	-0.00911793	0.00568904	2.56871	1.1E-01	3.13647	7.7E-02
rs55767040	2	58955028	0.850031	T	C	0.699424	0.989049	0.390862	5.3E-01	0.00319668	0.0061961	0.266171	6.1E-01	0.711914	4.0E-01
rs980183	2	59311536	0.858192	G	A	0.398003	0.996406	0.884969	3.5E-01	0.00583011	0.00576621	1.02229	3.1E-01	0.616897	4.3E-01
rs7557796	2	86766153	1.16162	T	C	0.352323	0.999778	0.27974	6.0E-01	0.00366015	0.00590372	0.384366	5.4E-01	0.478827	4.9E-01
rs13023088	2	100576304	1.22131	C	T	0.849851	0.99385	1.22243	2.7E-01	-0.00972647	0.00790235	1.51495	2.2E-01	1.37601	2.4E-01
rs9308868	2	104361420	1.24985	G	A	0.475644	0.997977	0.224072	6.4E-01	0.0025044	0.00565779	0.195936	6.6E-01	0.348049	5.6E-01
rs1349512	2	105435369	1.26243	T	C	0.689911	0.999103	3.1214	7.7E-02	-0.00937894	0.00608735	2.37383	1.2E-01	2.9446	8.6E-02
rs1530559	2	135755629	1.58463	A	G	0.600693	1	4.48479	3.4E-02	0.00755555	0.00570825	1.75197	1.9E-01	2.1879	1.4E-01
rs2034604	2	143958745	1.64938	C	T	0.463349	0.997459	0.214238	6.4E-01	0.00355171	0.0056621	0.393476	5.3E-01	0.378203	5.4E-01
rs12692596	2	161265910	1.78694	C	T	0.629192	0.996301	1.6697	2.0E-01	-0.00723722	0.00582128	1.54564	2.1E-01	1.29633	2.5E-01
rs12328675	2	165540800	1.81492	T	C	0.879644	0.99881	35.4497	2.6E-09	0.050056	0.00864911	33.4942	7.1E-09	30.5522	3.3E-08
rs6745626	2	181436641	2.00364	C	T	0.408617	0.996845	1.77683	1.8E-01	-0.00780321	0.00574195	1.84684	1.7E-01	2.48659	1.1E-01
rs6743255	2	205363596	2.17314	A	G	0.119725	1	0.026506	8.7E-01	0.000596107	0.00866576	0.0047319	9.5E-01	0.0820092	7.7E-01
rs13000757	2	207145906	2.20108	G	T	0.495484	0.995817	2.35099	1.3E-01	0.00997343	0.00565907	3.10599	7.8E-02	3.50557	6.1E-02
rs11692326	2	208263279	2.21189	C	T	0.770028	0.999964	0.661723	4.2E-01	0.00626328	0.00668375	0.878141	3.5E-01	0.980778	3.2E-01
rs12611517	2	228977034	2.47863	T	A	0.656814	0.999378	0.522879	4.7E-01	-0.0046336	0.00593507	0.609516	4.3E-01	0.449994	5.0E-01
rs12473885	2	230569590	2.5018	G	T	0.878273	0.993886	0.429573	5.1E-01	0.00566646	0.00862768	0.431355	5.1E-01	0.573369	4.5E-01
rs13098833	3	20428568	0.395393	A	G	0.723663	0.994024	0.0200866	8.9E-01	-1.2832e-06	0.0063511	4.08216e-08	1.0E+00	0.0041412	9.5E-01
rs754635	3	42305131	0.652861	C	G	0.112989	0.99768	0.462541	5.0E-01	0.00527024	0.00888154	0.352114	5.5E-01	0.246134	6.2E-01
rs72906474	3	47817007	0.688057	G	T	0.417107	0.973948	0.0924591	7.6E-01	-0.00146112	0.00579844	0.0634968	8.0E-01	0.0129235	9.1E-01
rs71326904	3	49991060	0.690403	C	T	0.749113	0.999883	9.53716e-06	1.0E+00	0.00205682	0.00650914	0.0998493	7.5E-01	0.0968258	7.6E-01
rs1371095	3	61147530	0.807508	A	G	0.581645	0.99157	0.717881	4.0E-01	-0.00455	0.00574541	0.627165	4.3E-01	0.861293	3.5E-01
rs9874646	3	62462818	0.82936	C	T	0.314458	0.963027	0.230291	6.3E-01	-0.00296308	0.00619261	0.22895	6.3E-01	0.489704	4.8E-01
rs7430139	3	82504148	1.08216	A	G	0.834726	1	0.185026	6.7E-01	0.00312281	0.00761228	0.168291	6.8E-01	0.182373	6.7E-01
rs1248859	3	85017098	1.08828	G	C	0.331024	0.996188	1.9475	1.6E-01	0.0077423	0.00601002	1.65954	2.0E-01	1.97154	1.6E-01
rs9857105	3	93893210	1.10433	A	G	0.459959	0.997124	0.104406	7.5E-01	0.00106155	0.00567876	0.0349442	8.5E-01	1.73462e-08	1.0E+00
rs11917909	3	107864673	1.2019	G	A	0.64971	0.995989	0.513195	4.7E-01	0.00421485	0.0059122	0.508236	4.8E-01	0.380822	5.4E-01
rs2037001	3	131458973	1.44255	C	G	0.708207	0.979412	4.74563	2.9E-02	-0.0127186	0.00627273	4.11116	4.3E-02	5.20753	2.2E-02
rs9827662	3	135710841	1.49347	C	A	0.75398	0.999173	10.4066	1.3E-03	-0.0202799	0.00654517	9.6004	1.9E-03	9.99931	1.6E-03
rs355786	3	153990749	1.684	G	A	0.607502	0.999005	2.30925	1.3E-01	0.00812187	0.00579286	1.96573	1.6E-01	2.36541	1.2E-01
rs1604038	3	170709193	1.7983	C	T	0.714201	0.999363	6.12964	1.3E-02	-0.0146326	0.00623454	5.50854	1.9E-02	5.98357	1.4E-02
rs9867130	3	185729753	2.0208	A	G	0.141676	0.965346	6.52508	1.1E-02	0.0223565	0.00825527	7.33408	6.8E-03	7.53081	6.1E-03
rs4690014	4	3436062	0.0342874	G	A	0.603842	0.972961	27.9475	1.2E-07	0.0319464	0.00584344	29.8887	4.6E-08	28.5544	9.1E-08
rs11736501	4	18451423	0.339653	A	C	0.680338	0.997158	0.37589	5.4E-01	0.00420447	0.0060461	0.483583	4.9E-01	0.273464	6.0E-01
rs73244271	4	20091053	0.357316	A	G	0.887469	0.995322	10.4454	1.2E-03	-0.0276354	0.00897003	9.49168	2.1E-03	8.60989	3.3E-03
rs6849555	4	25150890	0.433804	G	C	0.799698	0.94032	2.10872	1.5E-01	0.0126161	0.00726635	3.01453	8.3E-02	2.30285	1.3E-01
rs4623046	4	45042343	0.679347	G	A	0.33237	0.994028	0.0139402	9.1E-01	0.00113856	0.00599205	0.0361043	8.5E-01	0.186571	6.7E-01
rs6829208	4	52728640	0.6941	T	C	0.726338	0.99807	0.072526	7.9E-01	-0.000420701	0.00632043	0.0044305	9.5E-01	0.0305298	8.6E-01
rs6815651	4	55487718	0.714225	C	T	0.450226	0.994486	3.21138	7.3E-02	0.0113587	0.00567394	4.0076	4.5E-02	4.27814	3.9E-02
rs923994	4	67802992	0.836181	A	G	0.217153	0.992221	6.9842	8.2E-03	0.0178008	0.00684176	6.76933	9.3E-03	5.38361	2.0E-02
rs12645001	4	96018337	1.09763	G	A	0.650874	0.99796	0.592756	4.4E-01	0.00394654	0.00591279	0.445501	5.0E-01	0.85442	3.6E-01
rs13105682	4	102702364	1.15516	T	G	0.941406	0.93989	5.2023	2.3E-02	-0.0299266	0.0123878	5.83611	1.6E-02	5.5132	1.9E-02
rs11728213	4	113309647	1.25168	G	A	0.683684	0.99931	0.178768	6.7E-01	0.00278717	0.00607335	0.210605	6.5E-01	0.23806	6.3E-01
rs1296328	4	137083193	1.44321	A	C	0.440098	0.99123	4.69311	3.0E-02	-0.0121865	0.00573057	4.52234	3.3E-02	3.81046	5.1E-02
rs4863516	4	140773770	1.49281	T	C	0.672112	0.999318	5.71725	1.7E-02	0.0132486	0.00600117	4.87379	2.7E-02	5.42102	2.0E-02
rs750090	4	152931436	1.59021	T	C	0.646587	0.97605	1.32822	2.5E-01	-0.00660324	0.00593927	1.23609	2.7E-01	1.26127	2.6E-01
rs13110266	4	162129844	1.69444	G	A	0.582061	0.993805	0.316869	5.7E-01	0.00341034	0.00572811	0.354463	5.5E-01	0.1475	7.0E-01
rs4597930	5	27171542	0.425308	T	C	0.71786	0.997265	2.68365	1.0E-01	0.0105534	0.00628174	2.82243	9.3E-02	3.28152	7.0E-02
rs6451675	5	43110855	0.62057	C	G	0.307452	0.990847	1.34661	2.5E-01	0.00583819	0.00612704	0.907938	3.4E-01	0.626102	4.3E-01
rs34342767	5	55853349	0.681391	T	C	0.876484	0.990249	34.8189	3.6E-09	-0.0509934	0.00862023	34.9937	3.3E-09	36.2361	1.7E-09
rs4072296	5	74242002	0.858799	T	C	0.46019	0.938263	2.67044	1.0E-01	-0.00975003	0.00583747	2.78973	9.5E-02	3.00136	8.3E-02
rs11740689	5	80841360	0.956164	A	C	0.681749	0.9953	1.06048	3.0E-01	0.00550497	0.00605798	0.825762	3.6E-01	0.710172	4.0E-01
rs77156384	5	87709219	1.01438	A	G	0.979071	1	0.0516868	8.2E-01	0.00360267	0.0197196	0.0333773	8.6E-01	0.00182571	9.7E-01
rs7701355	5	88804839	1.01946	G	T	0.578544	0.999666	0.0519752	8.2E-01	-0.000232244	0.0057193	0.00164894	9.7E-01	0.0208818	8.9E-01
rs6885199	5	92574633	1.04879	G	A	0.9622	1	0.515784	4.7E-01	-0.00830831	0.0147813	0.315938	5.7E-01	0.226974	6.3E-01
rs12186664	5	95630225	1.07202	A	T	0.684284	0.993149	0.00123246	9.7E-01	-3.93501e-05	0.00607666	4.19337e-05	9.9E-01	0.193937	6.6E-01
rs1835978	5	107265051	1.15538	T	C	0.111179	0.976322	0.233022	6.3E-01	0.00399651	0.00906608	0.194322	6.6E-01	0.0581572	8.1E-01
rs459552	5	112176756	1.19663	T	A	0.232844	1	0.108113	7.4E-01	-0.00162387	0.00666	0.05945	8.1E-01	0.0508116	8.2E-01
rs329120	5	133861756	1.41589	C	T	0.579716	0.996967	2.67775	1.0E-01	0.00957347	0.00572573	2.79561	9.5E-02	2.42325	1.2E-01
rs356453	5	139053563	1.4578	G	A	0.669183	0.993285	0.0107783	9.2E-01	0.000193326	0.0060039	0.00103684	9.7E-01	0.00208916	9.6E-01
rs2190788	5	144484261	1.52142	G	T	0.681254	0.989372	5.53078	1.9E-02	-0.0145148	0.00610216	5.65793	1.7E-02	6.07918	1.4E-02
rs7701886	5	153547409	1.6413	G	A	0.45336	0.99206	0.0130413	9.1E-01	0.0016012	0.00568956	0.0792015	7.8E-01	0.249564	6.2E-01
rs2287894	5	170322919	1.86356	T	A	0.272401	0.998905	0.69964	4.0E-01	-0.00590093	0.00634282	0.865518	3.5E-01	1.23211	2.7E-01
rs10947758	6	12093961	0.272682	T	C	0.645937	0.995017	0.215218	6.4E-01	-0.00253018	0.0059171	0.182845	6.7E-01	0.098343	7.5E-01
rs9357634	6	13192190	0.290983	T	C	0.701576	0.98883	5.98755	1.4E-02	0.0153736	0.0062007	6.14712	1.3E-02	5.42782	2.0E-02
rs3806114	6	20482335	0.408974	G	A	0.330694	0.979566	0.000673837	9.8E-01	0.000127801	0.00606232	0.000444421	9.8E-01	0.0165397	9.0E-01
rs9264259	6	31223685	0.511074	T	C	0.284817	0.847171	38.4339	5.7E-10	-0.0411542	0.00674115	37.2702	1.0E-09	34.8558	3.6E-09
rs28533694	6	32587235	0.520493	C	T	0.725254	0.999659	28.2046	1.1E-07	-0.0349526	0.00631036	30.6796	3.0E-08	31.1238	2.4E-08
rs35679149	6	43604167	0.672046	A	G	0.973525	1	0.381306	5.4E-01	0.0115149	0.0175804	0.429007	5.1E-01	0.234287	6.3E-01
rs4714925	6	46304194	0.722787	A	G	0.493044	0.998125	0.421965	5.2E-01	-0.00213195	0.00564485	0.142642	7.1E-01	0.0765494	7.8E-01
rs9473821	6	50356035	0.748721	T	C	0.122366	0.995677	2.11569	1.5E-01	-0.0129665	0.00861963	2.26291	1.3E-01	1.82535	1.8E-01
rs1369869	6	83366282	0.934423	C	T	0.558841	0.987317	0.480916	4.9E-01	0.00604007	0.00571303	1.11777	2.9E-01	1.26272	2.6E-01
rs6905544	6	98411631	1.06235	A	G	0.398807	0.997318	0.59916	4.4E-01	-0.00395433	0.0057659	0.470339	4.9E-01	0.615791	4.3E-01
rs1575676	6	108861264	1.17848	C	T	0.628148	0.997454	0.343739	5.6E-01	-0.0034378	0.00582508	0.348304	5.6E-01	0.209021	6.5E-01
rs9387640	6	119508871	1.25792	C	T	0.635398	1	0.124435	7.2E-01	0.00186195	0.00587009	0.100612	7.5E-01	0.082552	7.7E-01
rs198665	6	143154886	1.51958	C	A	0.629508	0.991725	0.353292	5.5E-01	0.00304957	0.00586674	0.270199	6.0E-01	0.393055	5.3E-01
rs7755574	6	153364643	1.66311	G	T	0.718151	0.997121	1.54566	2.1E-01	0.00736084	0.00630491	1.363	2.4E-01	1.15485	2.8E-01
rs41265930	6	160964135	1.77505	T	C	0.92907	1	46.6254	8.6E-12	-0.0720661	0.0109909	42.993	5.5E-11	44.1859	3.0E-11
rs11767176	7	1852823	0.0275939	G	A	0.78849	0.994823	0.293904	5.9E-01	-0.00555406	0.00690227	0.647497	4.2E-01	0.552665	4.6E-01
rs4307239	7	24354300	0.415589	A	G	0.540084	0.99283	2.57026	1.1E-01	-0.00987979	0.00567479	3.03107	8.2E-02	3.27286	7.0E-02
rs2072183	7	44579180	0.698676	G	C	0.775748	1	39.7497	2.9E-10	-0.0422944	0.00674256	39.3475	3.5E-10	41.5921	1.1E-10
rs3807566	7	50564204	0.76671	G	T	0.56098	0.994523	0.0859528	7.7E-01	0.00166855	0.00568766	0.0860617	7.7E-01	0.177023	6.7E-01
rs4718966	7	70040558	0.868636	C	T	0.584999	0.992694	1.00222	3.2E-01	0.00559742	0.00575591	0.945688	3.3E-01	1.1437	2.8E-01
rs10950289	7	71429308	0.890251	A	G	0.837402	0.9787	1.94085	1.6E-01	-0.00996606	0.00771164	1.67014	2.0E-01	1.28685	2.6E-01
rs6964833	7	74101909	0.91305	T	C	0.742216	0.9996	3.10231	7.8E-02	-0.0098822	0.00645612	2.34296	1.3E-01	3.46614	6.3E-02
rs7805441	7	78121458	0.952449	C	T	0.496028	0.987826	0.172999	6.8E-01	-0.00331588	0.00569432	0.339088	5.6E-01	0.0736018	7.9E-01
rs16868443	7	93206264	1.0947	G	C	0.638366	0.996209	0.140254	7.1E-01	0.00145926	0.00586369	0.0619334	8.0E-01	0.0603882	8.1E-01
rs17155888	7	103416295	1.18694	T	A	0.573633	0.98913	0.635825	4.3E-01	-0.00495585	0.00573401	0.746996	3.9E-01	0.294575	5.9E-01
rs7788008	7	112972483	1.29323	G	A	0.566242	0.997606	4.31759	3.8E-02	0.0127083	0.00568848	4.99095	2.5E-02	4.06149	4.4E-02
rs12705908	7	113422504	1.29936	A	G	0.435782	0.999217	1.92561	1.7E-01	0.00760595	0.00568605	1.78931	1.8E-01	1.59759	2.1E-01
rs1563408	7	114303189	1.30467	G	A	0.518625	0.9976	0.504772	4.8E-01	0.0047525	0.00564839	0.707937	4.0E-01	0.75253	3.9E-01
rs2968856	7	150614934	1.67963	T	C	0.750666	0.995794	0.135731	7.1E-01	-0.00160329	0.00653767	0.0601422	8.1E-01	0.0257821	8.7E-01
rs2980478	8	8088230	0.237388	T	C	0.524982	0.963758	29.2363	6.4E-08	0.0330193	0.0057652	32.8024	1.0E-08	29.9043	4.5E-08
rs13277738	8	18241507	0.434993	C	T	0.850781	0.99455	44.719	2.3E-11	-0.0519685	0.00791927	43.0636	5.3E-11	40.4342	2.0E-10
rs62496677	8	19636940	0.469846	A	C	0.808299	0.995456	34.5201	4.2E-09	0.0397032	0.00716402	30.7141	3.0E-08	29.5691	5.4E-08
rs66778572	8	19916120	0.473343	G	A	0.718422	0.996138	81.8041	1.5E-19	0.056312	0.00625581	81.0281	2.2E-19	88.8556	4.2E-21
rs1362910	8	30856464	0.645028	A	G	0.419317	0.991461	0.139736	7.1E-01	-0.00108768	0.00571041	0.0362798	8.5E-01	0.0150597	9.0E-01
rs12681792	8	62054463	0.850895	C	A	0.807401	0.990908	0.00112413	9.7E-01	0.000178164	0.00719406	0.000613325	9.8E-01	9.12425e-05	9.9E-01
rs7822926	8	64701966	0.867188	A	C	0.529208	0.995395	0.0155582	9.0E-01	-0.00200658	0.00566337	0.125534	7.2E-01	0.0991215	7.5E-01
rs2017657	8	73426371	0.974058	G	T	0.427149	1	1.13848	2.9E-01	0.00591584	0.00571441	1.07174	3.0E-01	0.883024	3.5E-01
rs2943611	8	76473939	1.00704	T	C	0.203974	0.993157	1.8602	1.7E-01	-0.00949519	0.00701107	1.83417	1.8E-01	1.4992	2.2E-01
rs9298280	8	77329753	1.00881	T	G	0.287889	0.987301	0.000288665	9.9E-01	-0.000748071	0.00624764	0.0143369	9.0E-01	0.000465827	9.8E-01
rs1180626	8	116476393	1.31509	G	A	0.224213	0.994168	1.14499	2.8E-01	-0.00778448	0.0067995	1.31071	2.5E-01	1.49834	2.2E-01
rs72647336	8	126445055	1.45241	G	A	0.942617	0.85693	35.0685	3.2E-09	-0.0763109	0.0130904	33.9835	5.6E-09	34.0392	5.4E-09
rs2954018	8	126477153	1.45319	C	T	0.298303	0.998357	56.1369	6.8E-14	0.0479424	0.00616361	60.5019	7.4E-15	60.8309	6.2E-15
rs10124645	9	11321119	0.255592	A	G	0.589801	0.991792	0.000272819	9.9E-01	0.000769413	0.0057758	0.0177458	8.9E-01	0.0294928	8.6E-01
rs675849	9	15298666	0.337659	T	C	0.138628	0.996826	30.2376	3.8E-08	0.0454545	0.00816647	30.9803	2.6E-08	30.0446	4.2E-08
rs6476065	9	28403813	0.542923	C	T	0.423663	0.971482	0.0138291	9.1E-01	0.00139909	0.0057742	0.058709	8.1E-01	0.004345	9.5E-01
rs12345603	9	29601893	0.557517	C	T	0.574964	0.971878	0.530287	4.7E-01	-0.00317008	0.00578481	0.300304	5.8E-01	0.144605	7.0E-01
rs868980	9	92140852	1.08916	A	G	0.764207	0.992973	1.69005	1.9E-01	-0.00852823	0.00665862	1.6404	2.0E-01	1.6492	2.0E-01
rs7873003	9	96392945	1.13399	T	C	0.320009	0.990354	0.40147	5.3E-01	0.0044563	0.0060702	0.538944	4.6E-01	0.575199	4.5E-01
rs1852865	9	102750138	1.19624	C	T	0.434954	0.999839	3.15535	7.6E-02	0.0094265	0.00570189	2.73315	9.8E-02	2.04572	1.5E-01
rs7024334	9	109072075	1.25943	T	G	0.221004	0.999349	0.424128	5.1E-01	0.00343839	0.00678948	0.256471	6.1E-01	0.260321	6.1E-01
rs1252008	9	120362838	1.43341	T	C	0.568657	0.998833	1.20511	2.7E-01	-0.0067221	0.00568182	1.3997	2.4E-01	1.49894	2.2E-01
rs3829849	9	129390800	1.5324	C	T	0.630889	0.998111	3.6176	5.7E-02	-0.0107824	0.00584344	3.40484	6.5E-02	3.55939	5.9E-02
rs10733682	9	129460914	1.5336	A	G	0.474217	0.966242	0.702074	4.0E-01	-0.00353797	0.00571703	0.382972	5.4E-01	0.378546	5.4E-01
rs2267958	9	131015279	1.55043	G	A	0.485563	0.958689	0.00141519	9.7E-01	0.000134825	0.00576916	0.000546158	9.8E-01	0.000906313	9.8E-01
rs10159545	10	21766969	0.466662	C	G	0.649246	0.986543	0.0544495	8.2E-01	-0.0023772	0.00593844	0.160245	6.9E-01	0.228383	6.3E-01
rs12762034	10	33969931	0.621029	T	C	0.92272	0.998956	0.99683	3.2E-01	-0.0124029	0.0105503	1.38204	2.4E-01	1.20589	2.7E-01
rs4595495	10	53673286	0.748363	A	G	0.58387	0.998015	3.9467	4.7E-02	-0.00967962	0.00574441	2.83939	9.2E-02	3.01072	8.3E-02
rs4746855	10	64822828	0.870307	G	A	0.596714	1	4.71527	3.0E-02	0.0122244	0.00575997	4.5042	3.4E-02	4.78205	2.9E-02
rs12098284	10	76047464	0.999816	C	T	0.877434	0.998637	1.46324	2.3E-01	0.0106492	0.00860362	1.53204	2.2E-01	1.59506	2.1E-01
rs1249156	10	79979737	1.04291	T	C	0.294183	0.999324	0.109143	7.4E-01	0.00211032	0.00619378	0.116087	7.3E-01	0.00759376	9.3E-01
rs12245654	10	87562928	1.13739	A	C	0.927047	0.984714	0.322029	5.7E-01	-0.00799666	0.0109173	0.536521	4.6E-01	0.231037	6.3E-01
rs472576	10	99694970	1.2698	G	C	0.540757	0.96945	0.597821	4.4E-01	-0.00331586	0.00573565	0.334215	5.6E-01	0.776484	3.8E-01
rs4074720	10	114748497	1.39784	C	T	0.534572	0.984751	3.96104	4.7E-02	-0.0112226	0.00568898	3.8915	4.9E-02	4.65021	3.1E-02
rs72828935	10	126587488	1.61238	G	C	0.716689	0.993686	7.19467e-05	9.9E-01	0.000307906	0.00627631	0.00240672	9.6E-01	0.000160344	9.9E-01
rs12778347	10	133978806	1.80077	G	T	0.423877	0.999758	0.252118	6.2E-01	-0.00180101	0.00570455	0.0996755	7.5E-01	0.0598341	8.1E-01
rs12802861	11	8387806	0.188896	C	T	0.71326	0.995592	0.0168264	9.0E-01	6.79798e-06	0.00624806	1.18378e-06	1.0E+00	0.0347889	8.5E-01
rs7942486	11	13288698	0.267633	G	T	0.432178	0.998702	0.730351	3.9E-01	-0.00360402	0.00570119	0.399616	5.3E-01	0.27885	6.0E-01
rs12791818	11	27277760	0.463075	A	G	0.918985	0.937343	5.85055	1.6E-02	0.0241262	0.0106834	5.09988	2.4E-02	5.13466	2.3E-02
rs2679059	11	43599791	0.621966	A	T	0.402252	0.990165	1.38611	2.4E-01	0.00744251	0.00579755	1.64797	2.0E-01	1.77853	1.8E-01
rs11038428	11	45404318	0.657443	G	T	0.717407	0.990678	0.810029	3.7E-01	-0.00455517	0.00628381	0.525489	4.7E-01	0.396606	5.3E-01
rs35184771	11	47475189	0.665304	G	T	0.648082	0.998878	0.350494	5.5E-01	0.00512126	0.00589874	0.753762	3.9E-01	0.458415	5.0E-01
rs174528	11	61543499	0.703973	T	C	0.623454	0.995598	78.387	8.5E-19	-0.0530446	0.00583181	82.7324	9.4E-20	86.5871	1.3E-20
rs10896007	11	65245829	0.737845	T	A	0.789067	0.98525	0.00556505	9.4E-01	0.000855944	0.0069752	0.0150584	9.0E-01	2.04918e-05	1.0E+00
rs667515	11	69449076	0.766481	G	C	0.61173	0.990296	0.173528	6.8E-01	0.00287301	0.00579266	0.24599	6.2E-01	0.192154	6.6E-01
rs2605603	11	93221105	1.00432	G	A	0.520259	0.995512	0.486231	4.9E-01	-0.00529606	0.00562421	0.886714	3.5E-01	0.442078	5.1E-01
rs4937870	11	112826709	1.19814	A	G	0.689169	0.983578	0.258798	6.1E-01	0.00430149	0.00613706	0.491266	4.8E-01	0.914568	3.4E-01
rs2187986	11	115001410	1.23045	G	A	0.524684	0.965018	0.575471	4.5E-01	-0.00388027	0.0057541	0.454745	5.0E-01	0.652237	4.2E-01
rs501351	11	118917814	1.29362	T	G	0.605774	0.997555	5.73838	1.7E-02	-0.0138401	0.00577207	5.74934	1.6E-02	6.09509	1.4E-02
rs7941030	11	122522375	1.35839	T	C	0.616205	1	3.46709	6.3E-02	-0.0115624	0.00581838	3.94902	4.7E-02	3.60683	5.8E-02
rs4366492	11	130717256	1.51227	T	C	0.474614	0.99465	1.57475	2.1E-01	0.0077436	0.00563896	1.88576	1.7E-01	1.8463	1.7E-01
rs10894604	11	132641746	1.55638	T	G	0.652028	1	0.161081	6.9E-01	0.00248401	0.00591722	0.176227	6.7E-01	0.307613	5.8E-01
rs11064524	12	889902	0.0208303	T	G	0.758532	1	0.104691	7.5E-01	0.00313858	0.00657299	0.228002	6.3E-01	0.161992	6.9E-01
rs7976757	12	19207948	0.354438	T	C	0.171206	0.989812	0.196286	6.6E-01	0.00219469	0.0075039	0.0855405	7.7E-01	0.00303664	9.6E-01
rs16926776	12	24001905	0.419584	C	T	0.922961	1	0.573685	4.5E-01	-0.0105356	0.010595	0.988814	3.2E-01	0.945375	3.3E-01
rs11181001	12	41948196	0.563104	A	G	0.469108	0.977653	0.0413859	8.4E-01	0.000208298	0.00569582	0.00133739	9.7E-01	0.025595	8.7E-01
rs2720296	12	50169070	0.630128	G	A	0.609632	0.950295	1.95224	1.6E-01	0.00720014	0.00593782	1.47038	2.3E-01	1.72693	1.9E-01
rs11173522	12	60953472	0.741724	C	A	0.784532	0.998242	0.00300337	9.6E-01	-0.00096289	0.00687536	0.0196138	8.9E-01	0.0310296	8.6E-01
rs317646	12	69657145	0.849888	G	A	0.275066	0.99846	1.5656	2.1E-01	0.00825586	0.00632565	1.70339	1.9E-01	2.71406	9.9E-02
rs704067	12	89726027	1.03172	G	A	0.545146	0.989595	2.11133	1.5E-01	-0.0089215	0.00570735	2.44347	1.2E-01	2.47109	1.2E-01
rs591776	12	99538895	1.16639	C	T	0.364365	0.994453	1.11373e-05	1.0E+00	0.00192622	0.00587846	0.10737	7.4E-01	0.0806687	7.8E-01
rs4433630	12	103650031	1.2114	T	C	0.48744	0.978156	0.449906	5.0E-01	-0.00410239	0.00568465	0.520793	4.7E-01	0.316753	5.7E-01
rs11832936	12	110549533	1.29782	A	C	0.610247	0.999756	0.476271	4.9E-01	-0.00340201	0.00580552	0.343391	5.6E-01	0.355716	5.5E-01
rs111828690	12	117576767	1.39704	C	T	0.779464	0.990204	0.0102471	9.2E-01	0.00187864	0.00686729	0.0748368	7.8E-01	0.000693767	9.8E-01
rs144713920	12	122485389	1.46548	C	G	0.945974	0.956209	3.76364	5.2E-02	-0.0208404	0.0127503	2.67162	1.0E-01	2.936	8.7E-02
rs12317176	12	124404718	1.4789	T	C	0.662157	0.998072	9.73424	1.8E-03	0.0182223	0.00594914	9.38202	2.2E-03	11.8007	5.9E-04
rs9579775	13	20616557	0.0139469	A	C	0.863467	0.926233	0.591291	4.4E-01	0.00723374	0.00854712	0.716285	4.0E-01	0.806278	3.7E-01
rs4771218	13	28655311	0.212187	G	A	0.373005	0.991013	7.51308	6.1E-03	-0.014985	0.00585806	6.54342	1.1E-02	6.49878	1.1E-02
rs9591001	13	33042870	0.304346	G	A	0.634695	0.994769	1.27265	2.6E-01	0.0071711	0.00588831	1.48317	2.2E-01	1.87721	1.7E-01
rs9568856	13	54064981	0.568758	G	A	0.871723	1	0.325263	5.7E-01	0.00585607	0.00844027	0.481393	4.9E-01	0.905169	3.4E-01
rs6561937	13	58257667	0.585042	T	A	0.243776	0.993408	0.320123	5.7E-01	0.00189913	0.00660404	0.0826972	7.7E-01	0.10292	7.5E-01
rs1413125	13	59260131	0.587755	G	T	0.574048	0.994453	0.0825577	7.7E-01	0.00210324	0.00572841	0.134806	7.1E-01	0.0181875	8.9E-01
rs1441264	13	79580919	0.787841	G	A	0.406364	0.956515	0.00179081	9.7E-01	-0.000378452	0.00584879	0.00418685	9.5E-01	0.00285106	9.6E-01
rs61969477	13	86477950	0.835644	T	C	0.717214	0.998003	1.1167	2.9E-01	-0.0062689	0.00626116	1.00247	3.2E-01	1.11795	2.9E-01
rs1927790	13	96922191	0.93596	T	C	0.587589	0.998094	0.164024	6.9E-01	0.00184592	0.00574116	0.103378	7.5E-01	0.0536765	8.2E-01
rs7335249	13	109962579	1.18904	T	C	0.587526	0.995494	1.4995e-05	1.0E+00	-0.000643001	0.00574212	0.0125395	9.1E-01	0.0175021	8.9E-01
rs7141213	14	25878636	0.160923	C	T	0.428505	0.99817	0.101733	7.5E-01	-0.00223077	0.00571995	0.152098	7.0E-01	0.0672936	8.0E-01
rs6576279	14	29649958	0.207571	G	C	0.190393	0.998923	0.263516	6.1E-01	-0.00270275	0.00716156	0.142428	7.1E-01	0.118829	7.3E-01
rs2143975	14	33297398	0.262161	C	G	0.467897	0.986467	0.01397	9.1E-01	-0.000101624	0.00570825	0.000316947	9.9E-01	0.000537594	9.8E-01
rs35020117	14	73341655	0.671145	T	G	0.538277	0.933938	3.43832	6.4E-02	0.0121475	0.00585201	4.3089	3.8E-02	4.22776	4.0E-02
rs7159565	14	79891894	0.74792	T	C	0.36268	0.984708	1.78895	1.8E-01	0.0067352	0.00589151	1.30692	2.5E-01	1.51923	2.2E-01
rs1951455	14	91512339	0.88209	T	C	0.283982	0.997245	0.221227	6.4E-01	0.00208041	0.00625582	0.110593	7.4E-01	0.458626	5.0E-01
rs2273639	14	93762162	0.916561	C	T	0.692907	0.99913	0.289425	5.9E-01	-0.0029955	0.00612225	0.239396	6.2E-01	0.0724695	7.9E-01
rs7161194	14	101529005	1.0886	A	G	0.336786	0.914125	0.290788	5.9E-01	0.00374635	0.00623557	0.360964	5.5E-01	0.12198	7.3E-01
rs12148050	14	103263788	1.11638	A	G	0.348874	0.9994	2.09731	1.5E-01	0.00854553	0.005905	2.0943	1.5E-01	1.63134	2.0E-01
rs35443927	14	103849715	1.12404	C	T	0.630061	0.995118	0.704554	4.0E-01	-0.00437674	0.00583534	0.562562	4.5E-01	0.946033	3.3E-01
rs11070502	15	46574981	0.663836	G	A	0.422393	0.996515	0.0849881	7.7E-01	-0.000887329	0.00572345	0.0240355	8.8E-01	0.0805223	7.8E-01
rs11631408	15	51746236	0.710161	A	G	0.457534	0.996425	2.88629	8.9E-02	0.00948156	0.00567924	2.78727	9.5E-02	2.84095	9.2E-02
rs12908949	15	59475713	0.795908	T	G	0.77013	0.991439	0.0268489	8.7E-01	-0.00115957	0.00672488	0.0297323	8.6E-01	0.0592828	8.1E-01
rs12903168	15	67680209	0.914057	T	C	0.726776	0.98909	4.6837	3.0E-02	0.01417	0.00636725	4.95264	2.6E-02	6.13251	1.3E-02
rs4777542	15	73082366	0.987566	C	T	0.670419	0.995307	1.77538	1.8E-01	-0.0092679	0.00603135	2.3612	1.2E-01	2.18087	1.4E-01
rs11855821	15	78008843	1.01251	G	A	0.714306	0.958126	7.56882	5.9E-03	0.0173628	0.0063606	7.45149	6.3E-03	6.64329	1.0E-02
rs12914623	15	80993570	1.05801	G	C	0.732913	0.994175	0.11457	7.3E-01	-0.00138472	0.00638358	0.0470536	8.3E-01	0.0397426	8.4E-01
rs7168523	15	95263911	1.31585	C	T	0.355269	0.99653	0.349147	5.5E-01	-0.00520552	0.00590067	0.778262	3.8E-01	0.771995	3.8E-01
rs1048786	16	336916	0.0036807	C	T	0.830941	1	4.41016	3.6E-02	0.015848	0.00752375	4.43692	3.5E-02	3.74656	5.3E-02
rs2601773	16	4001898	0.0718473	C	A	0.503399	0.995484	6.83022	9.0E-03	-0.0136264	0.00564635	5.82409	1.6E-02	4.89718	2.7E-02
rs9934930	16	4902038	0.0862098	A	G	0.521116	0.994594	0.88689	3.5E-01	0.00493026	0.00567759	0.75407	3.9E-01	0.332303	5.6E-01
rs7187976	16	19708196	0.389763	A	G	0.820215	0.98274	0.223049	6.4E-01	-0.00472199	0.00739078	0.408196	5.2E-01	0.244732	6.2E-01
rs4238585	16	20255097	0.398011	C	T	0.13201	0.96298	0.0241593	8.8E-01	0.000205868	0.00847768	0.00058969	9.8E-01	0.098043	7.5E-01
rs11074452	16	20370168	0.40198	C	G	0.490517	0.995812	0.0598316	8.1E-01	-0.00211622	0.00565423	0.140079	7.1E-01	0.0866299	7.7E-01
rs200539	16	24735178	0.466016	T	C	0.268765	0.996448	4.50586	3.4E-02	-0.0126935	0.00634011	4.00837	4.5E-02	3.70003	5.4E-02
rs2650494	16	28318440	0.541911	A	G	0.581267	0.992404	0.657804	4.2E-01	0.00400626	0.00571999	0.490555	4.8E-01	0.581178	4.5E-01
rs4787483	16	29885447	0.552081	A	G	0.662227	1	0.0146187	9.0E-01	0.00149076	0.0059686	0.0623838	8.0E-01	0.0525576	8.2E-01
rs111886096	16	53598310	0.644304	A	G	0.862466	0.993464	0.758083	3.8E-01	0.00712611	0.00820207	0.754846	3.8E-01	0.809899	3.7E-01
rs7205986	16	53755146	0.644839	A	G	0.489919	0.988839	0.51471	4.7E-01	0.00561247	0.00568608	0.974278	3.2E-01	0.908457	3.4E-01
rs289717	16	57009388	0.730606	G	A	0.657267	0.996946	97.9826	4.2E-23	-0.0586161	0.00596008	96.723	8.0E-23	102.17	5.1E-24
rs5011579	16	69187318	0.855228	C	G	0.2843	0.994942	0.737035	3.9E-01	0.00489503	0.00626322	0.610824	4.3E-01	0.647351	4.2E-01
rs12924872	16	69552215	0.858355	C	T	0.533347	0.984378	10.1051	1.5E-03	0.0181382	0.00570508	10.108	1.5E-03	10.7927	1.0E-03
rs811054	16	72251132	0.873381	C	T	0.462771	0.985658	0.363895	5.5E-01	0.00343511	0.0056907	0.364376	5.5E-01	0.311495	5.8E-01
rs12926506	16	81722413	1.05397	C	T	0.829273	0.984727	0.0191128	8.9E-01	-0.000375036	0.00754404	0.00247137	9.6E-01	0.00437607	9.5E-01
rs77081114	17	1816762	0.0641667	G	A	0.834903	1	2.11812	1.5E-01	0.0127433	0.00760595	2.8071	9.4E-02	2.61528	1.1E-01
rs3026101	17	5280440	0.136672	T	C	0.696449	0.998494	3.79348	5.1E-02	0.0119608	0.00614515	3.78839	5.2E-02	3.23779	7.2E-02
rs10491104	17	15884561	0.425342	C	T	0.468509	1	1.45653	2.3E-01	-0.0079161	0.00565537	1.9593	1.6E-01	1.34553	2.5E-01
rs9906072	17	21245687	0.471598	T	C	0.486625	0.873727	3.34742	6.7E-02	0.0113658	0.00604727	3.53248	6.0E-02	3.81397	5.1E-02
rs9904602	17	34835526	0.595066	T	A	0.482475	0.99641	2.42644	1.2E-01	-0.00896939	0.00565045	2.51976	1.1E-01	3.03836	8.1E-02
rs17616799	17	46039553	0.703155	A	G	0.898327	0.994334	0.0555224	8.1E-01	-0.00168888	0.00934952	0.0326303	8.6E-01	0.0151684	9.0E-01
rs55797392	17	47055622	0.707863	G	A	0.589793	0.985453	0.293305	5.9E-01	0.0018925	0.00576766	0.107664	7.4E-01	0.126711	7.2E-01
rs7211966	17	54374611	0.801315	C	T	0.981745	0.996866	0.154684	6.9E-01	0.00682959	0.0210428	0.105338	7.5E-01	0.0466905	8.3E-01
rs17631394	17	61646000	0.886955	G	A	0.736546	0.99153	0.00818144	9.3E-01	0.000115669	0.00643208	0.000323392	9.9E-01	0.00359962	9.5E-01
rs2619976	17	71754545	1.06134	C	T	0.589126	0.992569	0.0152425	9.0E-01	-0.000337591	0.00576675	0.00342704	9.5E-01	0.00708591	9.3E-01
rs4424946	17	78554888	1.24995	T	C	0.762112	0.998925	0.174584	6.8E-01	-0.00263019	0.00662617	0.157561	6.9E-01	0.0190289	8.9E-01
rs4076427	17	79087537	1.26024	G	C	0.609873	0.985353	0.059847	8.1E-01	-0.00254415	0.00579898	0.192478	6.6E-01	0.510441	4.7E-01
rs1371274	18	1837007	0.0479005	A	C	0.863572	0.995553	1.39623	2.4E-01	0.00980531	0.00820532	1.42801	2.3E-01	2.11262	1.5E-01
rs11875960	18	21071925	0.432054	A	G	0.650113	0.974621	3.16547	7.5E-02	0.0128436	0.00599184	4.59467	3.2E-02	5.12776	2.4E-02
rs9807506	18	39493911	0.604143	C	T	0.110516	0.995331	2.69819	1.0E-01	0.0151095	0.00901591	2.80855	9.4E-02	2.77197	9.6E-02
rs4890428	18	40697340	0.611694	G	T	0.5787	0.994435	4.0043	4.5E-02	0.0123627	0.00573938	4.63974	3.1E-02	5.92192	1.5E-02
rs7239114	18	45921214	0.66958	G	A	0.458185	0.985699	1.46392	2.3E-01	-0.0070425	0.00570203	1.52544	2.2E-01	1.60864	2.0E-01
rs72934723	18	53305311	0.747109	A	G	0.96095	0.966483	0.685833	4.1E-01	0.0114994	0.0148148	0.602499	4.4E-01	0.518492	4.7E-01
rs2187176	18	57679365	0.819838	A	G	0.309978	0.982596	0.703729	4.0E-01	0.00616748	0.00615456	1.0042	3.2E-01	1.40853	2.4E-01
rs117758180	18	57809744	0.821562	C	T	0.97678	1	1.32718	2.5E-01	-0.0196184	0.0187274	1.09742	2.9E-01	1.00896	3.2E-01
rs113268469	18	57862913	0.821729	C	T	0.982698	0.966786	7.95331	4.8E-03	-0.0583881	0.0220157	7.03368	8.0E-03	7.53757	6.0E-03
rs11668832	19	1812682	0.0683182	A	G	0.450689	0.989019	2.69402	1.0E-01	-0.00904967	0.00569009	2.52945	1.1E-01	3.35964	6.7E-02
rs72976986	19	4050424	0.142675	G	A	0.810758	0.984512	2.84014	9.2E-02	0.0121339	0.00726992	2.78574	9.5E-02	2.7398	9.8E-02
rs55714539	19	18207397	0.447742	A	C	0.656472	0.982807	0.0302373	8.6E-01	-0.00111587	0.0059775	0.0348488	8.5E-01	0.0277477	8.7E-01
rs17724992	19	18454825	0.450275	A	G	0.730237	0.991647	0.000715653	9.8E-01	0.000328285	0.00636925	0.00265659	9.6E-01	0.0845126	7.7E-01
rs2003476	19	18806668	0.454309	T	C	0.59308	0.986683	0.0151981	9.0E-01	0.0023627	0.00576496	0.167967	6.8E-01	0.0602899	8.1E-01
rs12461902	19	30265235	0.512848	G	A	0.672506	0.985963	5.96638	1.5E-02	-0.0147261	0.0060677	5.8902	1.5E-02	7.80296	5.2E-03
rs11882409	19	34019685	0.562915	C	A	0.713772	0.966519	0.670935	4.1E-01	-0.0053546	0.00634428	0.712344	4.0E-01	0.461937	5.0E-01
rs62119267	19	45134682	0.697646	A	C	0.977705	0.962344	47.8569	4.6E-12	-0.131247	0.0194748	45.4184	1.6E-11	49.0035	2.6E-12
rs531660643	19	45251806	0.70037	G	T	0.976849	0.938932	85.1697	2.7E-20	-0.176945	0.0192835	84.1987	4.5E-20	90.2904	2.1E-21
rs113330691	19	45295886	0.703011	G	A	0.965024	0.995257	58.2263	2.3E-14	-0.115967	0.0153894	56.7838	4.9E-14	58.9295	1.6E-14
rs11669338	19	45382984	0.706709	T	G	0.907768	0.991469	33.508	7.1E-09	0.0583038	0.00981499	35.287	2.8E-09	35.1494	3.1E-09
rs1884389	20	1410582	0.0620248	C	T	0.560429	0.990862	0.000642657	9.8E-01	0.00072231	0.00570524	0.0160287	9.0E-01	0.0608217	8.1E-01
rs1321453	20	6585670	0.214258	G	A	0.332006	0.979962	0.478754	4.9E-01	0.00487491	0.00606149	0.646807	4.2E-01	0.519838	4.7E-01
rs947088	20	17171373	0.411628	G	T	0.280165	0.992316	0.352494	5.5E-01	0.00303582	0.00631253	0.231283	6.3E-01	0.280303	6.0E-01
rs8116853	20	21439820	0.48109	A	G	0.902603	0.99434	0.0665382	8.0E-01	-0.00147821	0.00952178	0.0241011	8.8E-01	0.0205117	8.9E-01
rs6142096	20	32686658	0.536502	G	A	0.481267	0.998195	0.930182	3.3E-01	-0.00647622	0.00565401	1.31199	2.5E-01	1.86286	1.7E-01
rs980984	20	44333052	0.670124	A	G	0.648439	0.991543	27.0336	2.0E-07	-0.0325489	0.00595624	29.8627	4.6E-08	27.113	1.9E-07
rs76083992	20	44544798	0.671269	C	T	0.992661	0.997939	33.0987	8.8E-09	-0.182111	0.0330096	30.4363	3.5E-08	30.4795	3.4E-08
rs2836753	21	40291187	0.447396	T	C	0.362883	0.999333	0.751475	3.9E-01	-0.00467896	0.00585822	0.637922	4.2E-01	0.748724	3.9E-01
rs1964926	21	42653121	0.51205	A	G	0.35393	0.992207	1.60719	2.0E-01	-0.00780477	0.00592643	1.73434	1.9E-01	2.47943	1.2E-01
rs8130074	21	46498684	0.621941	C	G	0.35124	0.996511	0.650204	4.2E-01	0.00470074	0.00592362	0.629736	4.3E-01	0.69094	4.1E-01
rs4820399	22	40546633	0.498151	C	T	0.4075	0.991505	1.20202	2.7E-01	0.00645884	0.00575129	1.26118	2.6E-01	1.18016	2.8E-01
rs13053342	22	48871624	0.664334	G	A	0.577345	0.990848	0.363451	5.5E-01	-0.00401985	0.00572289	0.493388	4.8E-01	0.834462	3.6E-01
