SNP	CHR	BP	GENPOS	ALLELE1	ALLELE0	A1FREQ	INFO	CHISQ_LINREG	P_LINREG	BETA	SE	CHISQ_BOLT_LMM_INF	P_BOLT_LMM_INF	CHISQ_BOLT_LMM	P_BOLT_LMM
rs28788874	1	1520725	0.0141684	C	T	0.584735	0.768295	0.066683	8.0E-01	-0.00134524	0.006473	0.0431909	8.4E-01	0.00143439	9.7E-01
rs72634501	1	39551488	0.669558	T	C	0.760747	0.973003	0.130301	7.2E-01	0.00327587	0.00667929	0.240543	6.2E-01	0.216141	6.4E-01
rs7545034	1	47659445	0.739124	T	C	0.495311	0.986554	0.775052	3.8E-01	-0.0051096	0.00566364	0.813924	3.7E-01	0.999397	3.2E-01
rs7553454	1	49231261	0.759781	T	C	0.774904	0.984417	0.16011	6.9E-01	0.00210487	0.00676163	0.0969057	7.6E-01	0.106464	7.4E-01
rs12117661	1	55487346	0.808955	C	G	0.755046	0.987273	54.9539	1.2E-13	0.0498717	0.00659215	57.234	3.9E-14	59.4632	1.2E-14
rs1305520	1	62926057	0.922803	A	T	0.354645	0.996959	28.6132	8.8E-08	-0.0326389	0.00588227	30.7879	2.9E-08	37.0704	1.1E-09
rs2422134	1	72514701	1.03261	G	C	0.494392	0.995097	0.134858	7.1E-01	-0.00291482	0.00562742	0.26829	6.0E-01	0.191256	6.6E-01
rs6690871	1	74977277	1.04309	A	G	0.592502	0.986356	3.00962	8.3E-02	0.00944029	0.00576036	2.68578	1.0E-01	3.25065	7.1E-02
rs2247536	1	77919438	1.07305	G	C	0.734406	0.984022	0.0806981	7.8E-01	-0.000974568	0.00642319	0.023021	8.8E-01	0.295004	5.9E-01
rs1536023	1	96882019	1.26526	C	A	0.779556	0.988892	0.531725	4.7E-01	0.00457842	0.00682444	0.450086	5.0E-01	0.750464	3.9E-01
rs10747488	1	98299475	1.27829	C	A	0.231417	0.993887	0.0852735	7.7E-01	0.00246824	0.00669804	0.135793	7.1E-01	0.0904705	7.6E-01
rs920835	1	107946802	1.36667	G	A	0.707486	0.968585	0.139113	7.1E-01	0.00321959	0.0062863	0.262307	6.1E-01	0.464814	5.0E-01
rs72986845	1	109615481	1.38378	A	C	0.864248	0.973138	29.9239	4.5E-08	0.0453776	0.00828909	29.9688	4.4E-08	27.466	1.6E-07
rs68055078	1	109744891	1.38622	C	T	0.842356	0.996785	30.155	4.0E-08	0.0431648	0.00770296	31.401	2.1E-08	31.5521	1.9E-08
rs4357530	1	151103153	1.65977	G	A	0.321207	0.991504	0.186243	6.7E-01	-0.00267312	0.00604875	0.195301	6.6E-01	0.354266	5.5E-01
rs148261599	1	155253286	1.69959	C	G	0.796018	0.939661	0.205677	6.5E-01	0.00269867	0.00717604	0.141426	7.1E-01	0.274901	6.0E-01
rs12565430	1	174400537	1.95129	G	A	0.890495	0.989663	1.43134	2.3E-01	-0.00963623	0.0090254	1.13994	2.9E-01	0.920418	3.4E-01
rs10913418	1	177755299	1.98687	C	A	0.596511	0.989574	0.752625	3.9E-01	-0.00516306	0.00576108	0.803166	3.7E-01	0.531679	4.7E-01
rs1359940	1	177848153	1.98809	T	C	0.542981	0.978287	4.17167	4.1E-02	-0.0111624	0.00570896	3.823	5.1E-02	3.25122	7.1E-02
rs9425633	1	184657251	2.05452	T	C	0.517837	0.997773	0.00340133	9.5E-01	-0.000503914	0.00562547	0.00802407	9.3E-01	0.0528138	8.2E-01
rs10801363	1	194922207	2.13186	T	A	0.632532	0.99595	3.83325	5.0E-02	-0.010844	0.00583711	3.45129	6.3E-02	4.30206	3.8E-02
rs2494116	1	201784151	2.19723	G	A	0.451622	0.998902	0.000876341	9.8E-01	-0.000877569	0.00564175	0.0241956	8.8E-01	0.0355196	8.5E-01
rs661955	1	234842856	2.62186	G	C	0.481801	0.978806	38.0006	7.1E-10	-0.0345602	0.00567972	37.0254	1.2E-09	41.5129	1.2E-10
rs12042959	1	243533273	2.82744	A	G	0.856757	0.985729	0.185889	6.7E-01	0.00330185	0.00806354	0.167673	6.8E-01	0.0698349	7.9E-01
rs6548228	2	345889	0.00380575	T	C	0.476197	0.997111	3.7448	5.3E-02	-0.0101046	0.00563433	3.21628	7.3E-02	3.23029	7.2E-02
rs2667214	2	449487	0.00560823	A	G	0.676488	0.984343	0.826759	3.6E-01	-0.00599278	0.00606352	0.976803	3.2E-01	0.693593	4.0E-01
rs10176391	2	574368	0.00678655	C	G	0.988537	0.920209	3.79276	5.1E-02	0.0543689	0.0275001	3.90869	4.8E-02	3.89928	4.8E-02
rs143590503	2	21107494	0.419183	T	G	0.848008	0.94877	33.846	6.0E-09	0.047491	0.00802692	35.0045	3.3E-09	35.2666	2.9E-09
rs12720820	2	21239661	0.419939	T	C	0.916944	0.988826	33.0935	8.8E-09	0.0585202	0.010195	32.9483	9.5E-09	35.0253	3.3E-09
rs13396400	2	21502727	0.421742	A	G	0.552757	0.961401	63.1933	1.9E-15	-0.045887	0.00577979	63.0312	2.0E-15	64.477	9.8E-16
rs1083864	2	27619049	0.473426	C	G	0.554774	0.996404	41.9132	9.5E-11	0.0369825	0.00566776	42.5765	6.8E-11	45.5702	1.5E-11
rs10048652	2	35449306	0.577825	T	C	0.438309	0.999392	3.26239	7.1E-02	0.00925292	0.00567437	2.65903	1.0E-01	2.88507	8.9E-02
rs56266464	2	44054991	0.686489	G	A	0.939556	0.986548	53.0096	3.3E-13	0.0886929	0.0118893	55.6496	8.7E-14	55.4895	9.4E-14
rs698838	2	44738763	0.693339	C	T	0.374359	1	2.09772	1.5E-01	-0.0081861	0.00581094	1.98454	1.6E-01	1.44214	2.3E-01
rs3198123	2	55207693	0.827446	C	T	0.698625	0.993954	0.0782379	7.8E-01	-0.00107925	0.00615176	0.0307783	8.6E-01	0.420214	5.2E-01
rs13032423	2	57992112	0.847237	G	A	0.445418	0.996747	3.62689	5.7E-02	-0.0110039	0.0056729	3.76254	5.2E-02	3.99174	4.6E-02
rs55767040	2	58955028	0.850031	T	C	0.699424	0.989049	3.21898	7.3E-02	0.0104296	0.00617852	2.84946	9.1E-02	2.5376	1.1E-01
rs980183	2	59311536	0.858192	G	A	0.398003	0.996406	1.33408	2.5E-01	-0.00644229	0.00574985	1.25536	2.6E-01	1.60466	2.1E-01
rs7557796	2	86766153	1.16162	T	C	0.352323	0.999778	0.925946	3.4E-01	0.00619956	0.00588697	1.10902	2.9E-01	0.748414	3.9E-01
rs13023088	2	100576304	1.22131	C	T	0.849851	0.99385	3.3644	6.7E-02	-0.0149837	0.00787992	3.61573	5.7E-02	3.36362	6.7E-02
rs9308868	2	104361420	1.24985	G	A	0.475644	0.997977	0.872296	3.5E-01	0.00593551	0.00564173	1.10686	2.9E-01	0.622609	4.3E-01
rs1349512	2	105435369	1.26243	T	C	0.689911	0.999103	0.580927	4.5E-01	0.00538162	0.00607008	0.786029	3.8E-01	0.227602	6.3E-01
rs1530559	2	135755629	1.58463	A	G	0.600693	1	1.54053	2.1E-01	-0.00721231	0.00569205	1.6055	2.1E-01	1.44625	2.3E-01
rs2034604	2	143958745	1.64938	C	T	0.463349	0.997459	1.86414	1.7E-01	-0.00794039	0.00564604	1.97787	1.6E-01	1.70968	1.9E-01
rs12692596	2	161265910	1.78694	C	T	0.629192	0.996301	5.07413	2.4E-02	0.0130542	0.00580476	5.05749	2.5E-02	4.40475	3.6E-02
rs12328675	2	165540800	1.81492	T	C	0.879644	0.99881	12.3333	4.4E-04	0.0288026	0.00862457	11.153	8.4E-04	8.60395	3.4E-03
rs6745626	2	181436641	2.00364	C	T	0.408617	0.996845	0.00899804	9.2E-01	-0.000820347	0.00572565	0.0205279	8.9E-01	0.0989265	7.5E-01
rs6743255	2	205363596	2.17314	A	G	0.119725	1	0.0965451	7.6E-01	0.0043075	0.00864117	0.248488	6.2E-01	0.237305	6.3E-01
rs13000757	2	207145906	2.20108	G	T	0.495484	0.995817	1.14465	2.8E-01	0.00520736	0.00564301	0.851557	3.6E-01	0.50393	4.8E-01
rs11692326	2	208263279	2.21189	C	T	0.770028	0.999964	1.24206	2.7E-01	0.00677781	0.00666478	1.03421	3.1E-01	0.775805	3.8E-01
rs12611517	2	228977034	2.47863	T	A	0.656814	0.999378	0.495472	4.8E-01	0.00355385	0.00591823	0.360591	5.5E-01	0.405235	5.2E-01
rs12473885	2	230569590	2.5018	G	T	0.878273	0.993886	0.305852	5.8E-01	-0.00557764	0.00860319	0.420321	5.2E-01	0.166436	6.8E-01
rs13098833	3	20428568	0.395393	A	G	0.723663	0.994024	0.00786792	9.3E-01	0.000175052	0.00633372	0.000763869	9.8E-01	0.0229853	8.8E-01
rs754635	3	42305131	0.652861	C	G	0.112989	0.99768	0.930426	3.3E-01	-0.00939885	0.00885723	1.12604	2.9E-01	0.814203	3.7E-01
rs72906474	3	47817007	0.688057	G	T	0.417107	0.973948	0.389757	5.3E-01	-0.00387911	0.00578257	0.45001	5.0E-01	0.557732	4.6E-01
rs71326904	3	49991060	0.690403	C	T	0.749113	0.999883	0.0764244	7.8E-01	-0.000885374	0.00649132	0.0186032	8.9E-01	0.00257561	9.6E-01
rs1371095	3	61147530	0.807508	A	G	0.581645	0.99157	0.00169422	9.7E-01	-0.000639104	0.00572968	0.0124418	9.1E-01	0.0265295	8.7E-01
rs9874646	3	62462818	0.82936	C	T	0.314458	0.963027	2.47171	1.2E-01	-0.010419	0.00617565	2.84633	9.2E-02	2.77519	9.6E-02
rs7430139	3	82504148	1.08216	A	G	0.834726	1	0.0880192	7.7E-01	-0.00225196	0.00759144	0.0879977	7.7E-01	0.100105	7.5E-01
rs1248859	3	85017098	1.08828	G	C	0.331024	0.996188	7.50466	6.2E-03	0.016657	0.00599357	7.72365	5.5E-03	10.24	1.4E-03
rs9857105	3	93893210	1.10433	A	G	0.459959	0.997124	1.57542	2.1E-01	-0.00710471	0.00566321	1.57386	2.1E-01	1.45601	2.3E-01
rs11917909	3	107864673	1.2019	G	A	0.64971	0.995989	0.333488	5.6E-01	-0.00316908	0.00589602	0.2889	5.9E-01	0.115027	7.3E-01
rs2037001	3	131458973	1.44255	C	G	0.708207	0.979412	6.7157	9.6E-03	-0.0152052	0.00625555	5.90818	1.5E-02	5.28891	2.1E-02
rs9827662	3	135710841	1.49347	C	A	0.75398	0.999173	7.90579	4.9E-03	-0.0180145	0.00652725	7.61698	5.8E-03	6.65089	9.9E-03
rs355786	3	153990749	1.684	G	A	0.607502	0.999005	0.0192486	8.9E-01	0.000195628	0.005777	0.00114672	9.7E-01	0.00410758	9.5E-01
rs1604038	3	170709193	1.7983	C	T	0.714201	0.999363	0.0132617	9.1E-01	0.000788995	0.00621747	0.0161035	9.0E-01	0.0162778	9.0E-01
rs9867130	3	185729753	2.0208	A	G	0.141676	0.965346	0.0759056	7.8E-01	0.00345772	0.00823267	0.1764	6.7E-01	0.205217	6.5E-01
rs59950280	4	3452345	0.0346252	G	A	0.667687	0.971572	35.9857	2.0E-09	-0.0361038	0.00603162	35.8291	2.2E-09	35.7138	2.3E-09
rs11736501	4	18451423	0.339653	A	C	0.680338	0.997158	0.452737	5.0E-01	0.00394008	0.00602921	0.42706	5.1E-01	1.05089	3.1E-01
rs73244271	4	20091053	0.357316	A	G	0.887469	0.995322	0.140206	7.1E-01	-0.00251626	0.00894497	0.0791325	7.8E-01	0.0687672	7.9E-01
rs6849555	4	25150890	0.433804	G	C	0.799698	0.94032	4.00005	4.5E-02	0.0143187	0.00724605	3.90486	4.8E-02	5.35173	2.1E-02
rs4623046	4	45042343	0.679347	G	A	0.33237	0.994028	0.247287	6.2E-01	-0.00223992	0.00597531	0.140522	7.1E-01	0.0228518	8.8E-01
rs6829208	4	52728640	0.6941	T	C	0.726338	0.99807	1.90458	1.7E-01	-0.0075191	0.00630277	1.42321	2.3E-01	0.848646	3.6E-01
rs6815651	4	55487718	0.714225	C	T	0.450226	0.994486	4.59504	3.2E-02	-0.0119373	0.00565809	4.45115	3.5E-02	4.45916	3.5E-02
rs923994	4	67802992	0.836181	A	G	0.217153	0.992221	5.63735	1.8E-02	0.0168292	0.00682264	6.08448	1.4E-02	6.40915	1.1E-02
rs12645001	4	96018337	1.09763	G	A	0.650874	0.99796	2.60616	1.1E-01	0.00871332	0.00589627	2.1838	1.4E-01	1.52263	2.2E-01
rs13105682	4	102702364	1.15516	T	G	0.941406	0.93989	2.24004	1.3E-01	-0.0195135	0.0123532	2.49522	1.1E-01	2.31604	1.3E-01
rs11728213	4	113309647	1.25168	G	A	0.683684	0.99931	0.00049595	9.8E-01	0.000408456	0.00605638	0.00454845	9.5E-01	0.145589	7.0E-01
rs1296328	4	137083193	1.44321	A	C	0.440098	0.99123	3.55495	5.9E-02	-0.00987143	0.00571456	2.98397	8.4E-02	2.85897	9.1E-02
rs4863516	4	140773770	1.49281	T	C	0.672112	0.999318	0.690148	4.1E-01	0.00477332	0.00598441	0.636208	4.3E-01	0.726686	3.9E-01
rs750090	4	152931436	1.59021	T	C	0.646587	0.97605	0.376629	5.4E-01	0.0032775	0.00592268	0.306231	5.8E-01	0.170238	6.8E-01
rs13110266	4	162129844	1.69444	G	A	0.582061	0.993805	0.00815819	9.3E-01	-0.000192058	0.00571211	0.0011305	9.7E-01	0.0161124	9.0E-01
rs4597930	5	27171542	0.425308	T	C	0.71786	0.997265	0.445511	5.0E-01	0.00433206	0.00626244	0.478523	4.9E-01	0.364853	5.5E-01
rs6451675	5	43110855	0.62057	C	G	0.307452	0.990847	0.733293	3.9E-01	0.00444449	0.00610821	0.529439	4.7E-01	0.436614	5.1E-01
rs6449674	5	62995938	0.739824	T	C	0.52251	0.996207	0.00309331	9.6E-01	-0.000295826	0.00563566	0.00275538	9.6E-01	0.0020037	9.6E-01
rs6891856	5	63972658	0.744519	G	T	0.472565	0.983364	0.284406	5.9E-01	-0.00227662	0.00567902	0.160708	6.9E-01	0.380968	5.4E-01
rs4072296	5	74242002	0.858799	T	C	0.46019	0.938263	23.5382	1.2E-06	-0.0289044	0.00581953	24.669	6.8E-07	29.8035	4.8E-08
rs11740689	5	80841360	0.956164	A	C	0.681749	0.9953	4.47699	3.4E-02	0.0125443	0.00603936	4.31431	3.8E-02	3.96327	4.7E-02
rs77156384	5	87709219	1.01438	A	G	0.979071	1	1.92441	1.7E-01	0.0278807	0.019659	2.01132	1.6E-01	1.73401	1.9E-01
rs7701355	5	88804839	1.01946	G	T	0.578544	0.999666	1.1474	2.8E-01	-0.00574548	0.00570172	1.01541	3.1E-01	1.02287	3.1E-01
rs6885199	5	92574633	1.04879	G	A	0.9622	1	1.14122	2.9E-01	-0.0157972	0.0147358	1.14924	2.8E-01	0.816135	3.7E-01
rs12186664	5	95630225	1.07202	A	T	0.684284	0.993149	1.01256	3.1E-01	-0.00598059	0.00605798	0.974614	3.2E-01	0.792715	3.7E-01
rs1835978	5	107265051	1.15538	T	C	0.111179	0.976322	1.71919	1.9E-01	0.0115979	0.00903822	1.64662	2.0E-01	2.32374	1.3E-01
rs459552	5	112176756	1.19663	T	A	0.232844	1	0.233142	6.3E-01	-0.00382987	0.00663953	0.332732	5.6E-01	0.623745	4.3E-01
rs329120	5	133861756	1.41589	C	T	0.579716	0.996967	0.0210876	8.8E-01	0.00188311	0.00570813	0.108834	7.4E-01	0.248296	6.2E-01
rs356453	5	139053563	1.4578	G	A	0.669183	0.993285	0.703552	4.0E-01	0.00527796	0.00598545	0.777567	3.8E-01	1.13869	2.9E-01
rs2190788	5	144484261	1.52142	G	T	0.681254	0.989372	2.84898	9.1E-02	-0.0102515	0.00608341	2.83977	9.2E-02	3.24638	7.2E-02
rs7701886	5	153547409	1.6413	G	A	0.45336	0.99206	0.500519	4.8E-01	0.0036648	0.00567207	0.417462	5.2E-01	0.701616	4.0E-01
rs4704726	5	156354477	1.66272	G	A	0.636458	0.987029	34.0843	5.3E-09	-0.0342414	0.00584999	34.2604	4.8E-09	37.3874	9.7E-10
rs2287894	5	170322919	1.86356	T	A	0.272401	0.998905	0.0883659	7.7E-01	0.00170858	0.00632333	0.0730095	7.9E-01	0.337989	5.6E-01
rs10947758	6	12093961	0.272682	T	C	0.645937	0.995017	1.88412	1.7E-01	-0.00799459	0.00590215	1.83473	1.8E-01	1.10851	2.9E-01
rs9357634	6	13192190	0.290983	T	C	0.701576	0.98883	1.24021	2.7E-01	0.00725431	0.00618503	1.37565	2.4E-01	1.20447	2.7E-01
rs3806114	6	20482335	0.408974	G	A	0.330694	0.979566	0.380368	5.4E-01	-0.00341555	0.00604699	0.319038	5.7E-01	0.654326	4.2E-01
rs2768	6	31321856	0.512785	A	G	0.749612	0.995049	1.39805	2.4E-01	-0.00684289	0.00651532	1.10308	2.9E-01	2.21405	1.4E-01
rs2260051	6	31591918	0.515519	A	T	0.438115	0.999979	1.71435	1.9E-01	-0.00705568	0.00565886	1.55461	2.1E-01	2.63838	1.0E-01
rs57493997	6	34443523	0.547182	T	C	0.907375	0.988432	0.0237198	8.8E-01	0.00142504	0.00974889	0.0213671	8.8E-01	0.0917372	7.6E-01
rs35679149	6	43604167	0.672046	A	G	0.973525	1	0.111959	7.4E-01	0.00803419	0.0175359	0.209907	6.5E-01	0.810603	3.7E-01
rs4714925	6	46304194	0.722787	A	G	0.493044	0.998125	0.0897799	7.6E-01	0.00138412	0.00563058	0.0604283	8.1E-01	0.0167243	9.0E-01
rs9473821	6	50356035	0.748721	T	C	0.122366	0.995677	6.66636	9.8E-03	-0.0220715	0.00859784	6.58997	1.0E-02	4.49113	3.4E-02
rs1369869	6	83366282	0.934423	C	T	0.558841	0.987317	0.0315601	8.6E-01	0.00194915	0.00569858	0.116993	7.3E-01	0.107737	7.4E-01
rs6905544	6	98411631	1.06235	A	G	0.398807	0.997318	0.747063	3.9E-01	0.00431638	0.00575132	0.563253	4.5E-01	0.430967	5.1E-01
rs1575676	6	108861264	1.17848	C	T	0.628148	0.997454	0.807172	3.7E-01	0.00576893	0.00581035	0.985791	3.2E-01	0.900036	3.4E-01
rs9387640	6	119508871	1.25792	C	T	0.635398	1	1.07634	3.0E-01	-0.00548012	0.00585525	0.875969	3.5E-01	1.19072	2.8E-01
rs654689	6	139834869	1.50317	G	A	0.408665	0.999894	29.9217	4.5E-08	0.0312743	0.00571585	29.9374	4.5E-08	29.5082	5.6E-08
rs7755574	6	153364643	1.66311	G	T	0.718151	0.997121	2.66692	1.0E-01	0.0103515	0.00628898	2.70925	1.0E-01	3.14905	7.6E-02
rs13209728	6	162997533	1.81843	A	C	0.861097	0.999607	0.157602	6.9E-01	0.00462975	0.00813658	0.323765	5.7E-01	0.285168	5.9E-01
rs11767176	7	1852823	0.0275939	G	A	0.78849	0.994823	0.187905	6.6E-01	0.00231128	0.00688421	0.112719	7.4E-01	0.140386	7.1E-01
rs4307239	7	24354300	0.415589	A	G	0.540084	0.99283	2.78002	9.5E-02	-0.00879275	0.00565995	2.41338	1.2E-01	2.26625	1.3E-01
rs3807566	7	50564204	0.76671	G	T	0.56098	0.994523	0.0297503	8.6E-01	0.00042088	0.00567278	0.00550457	9.4E-01	0.0140934	9.1E-01
rs4718966	7	70040558	0.868636	C	T	0.584999	0.992694	0.0315228	8.6E-01	0.000916522	0.00574085	0.0254879	8.7E-01	3.44816e-06	1.0E+00
rs10950289	7	71429308	0.890251	A	G	0.837402	0.9787	0.867178	3.5E-01	-0.00613158	0.00769146	0.635517	4.3E-01	0.747023	3.9E-01
rs6964833	7	74101909	0.91305	T	C	0.742216	0.9996	0.0117307	9.1E-01	0.000436203	0.00643923	0.0045889	9.5E-01	0.00639433	9.4E-01
rs7805441	7	78121458	0.952449	C	T	0.496028	0.987826	0.00332095	9.5E-01	-0.0018112	0.00567942	0.101701	7.5E-01	0.137567	7.1E-01
rs16868443	7	93206264	1.0947	G	C	0.638366	0.996209	0.157355	6.9E-01	0.00272637	0.00584834	0.217322	6.4E-01	0.330329	5.7E-01
rs17155888	7	103416295	1.18694	T	A	0.573633	0.98913	0.0911301	7.6E-01	-0.00141215	0.00571901	0.0609706	8.0E-01	0.102485	7.5E-01
rs7788008	7	112972483	1.29323	G	A	0.566242	0.997606	0.55061	4.6E-01	0.00389951	0.0056736	0.472393	4.9E-01	0.639805	4.2E-01
rs12705908	7	113422504	1.29936	A	G	0.435782	0.999217	0.0596281	8.1E-01	0.000723154	0.00567117	0.0162598	9.0E-01	0.556682	4.6E-01
rs1563408	7	114303189	1.30467	G	A	0.518625	0.9976	1.38257	2.4E-01	0.00586816	0.00563361	1.085	3.0E-01	1.26466	2.6E-01
rs2968856	7	150614934	1.67963	T	C	0.750666	0.995794	0.452757	5.0E-01	0.00464592	0.00652056	0.507659	4.8E-01	0.13327	7.2E-01
rs2921077	8	8304502	0.239157	G	A	0.535755	0.992952	0.118926	7.3E-01	-0.00153156	0.00567905	0.0727305	7.9E-01	0.0162203	9.0E-01
rs2959592	8	17002725	0.407822	T	C	0.81033	0.987439	0.777565	3.8E-01	0.00541514	0.00721882	0.562714	4.5E-01	0.515806	4.7E-01
rs1362910	8	30856464	0.645028	A	G	0.419317	0.991461	2.06049	1.5E-01	-0.00806951	0.00569744	2.00601	1.6E-01	2.36759	1.2E-01
rs55704109	8	59323247	0.819013	G	A	0.5057	0.919152	32.7739	1.0E-08	0.033536	0.00588156	32.5115	1.2E-08	37.702	8.2E-10
rs12681792	8	62054463	0.850895	C	A	0.807401	0.990908	7.91916e-05	9.9E-01	-0.00123076	0.00717772	0.029402	8.6E-01	0.00395576	9.5E-01
rs7822926	8	64701966	0.867188	A	C	0.529208	0.995395	0.345191	5.6E-01	0.00235722	0.00565051	0.174031	6.8E-01	0.115107	7.3E-01
rs2017657	8	73426371	0.974058	G	T	0.427149	1	0.734918	3.9E-01	0.00511508	0.00570143	0.804891	3.7E-01	1.13117	2.9E-01
rs2943611	8	76473939	1.00704	T	C	0.203974	0.993157	0.0174682	8.9E-01	-0.00141287	0.00699515	0.0407956	8.4E-01	0.0182244	8.9E-01
rs9298280	8	77329753	1.00881	T	G	0.287889	0.987301	7.67404	5.6E-03	0.0162354	0.00623345	6.78377	9.2E-03	6.38382	1.2E-02
rs1180626	8	116476393	1.31509	G	A	0.224213	0.994168	12.5829	3.9E-04	-0.0249142	0.00678406	13.487	2.4E-04	14.0499	1.8E-04
rs2385114	8	126447308	1.45276	C	T	0.513771	0.979388	46.9983	7.1E-12	-0.0394751	0.00569547	48.0383	4.2E-12	52.0143	5.5E-13
rs10124645	9	11321119	0.255592	A	G	0.589801	0.991792	0.179178	6.7E-01	-0.00141402	0.00576169	0.0602299	8.1E-01	0.00161052	9.7E-01
rs2457637	9	15533394	0.341722	T	C	0.512743	0.988377	1.45237	2.3E-01	0.00726191	0.00564907	1.65253	2.0E-01	1.91169	1.7E-01
rs6476065	9	28403813	0.542923	C	T	0.423663	0.971482	4.68353	3.0E-02	0.0125296	0.00576011	4.73166	3.0E-02	3.80971	5.1E-02
rs12345603	9	29601893	0.557517	C	T	0.574964	0.971878	1.08258	3.0E-01	0.00727872	0.00577069	1.59094	2.1E-01	1.48808	2.2E-01
rs868980	9	92140852	1.08916	A	G	0.764207	0.992973	0.000316973	9.9E-01	0.000826441	0.00664236	0.0154803	9.0E-01	0.0171786	9.0E-01
rs7873003	9	96392945	1.13399	T	C	0.320009	0.990354	4.72652	3.0E-02	0.0127853	0.00605538	4.45799	3.5E-02	5.32778	2.1E-02
rs1852865	9	102750138	1.19624	C	T	0.434954	0.999839	0.438322	5.1E-01	0.00319735	0.00568797	0.315985	5.7E-01	0.145362	7.0E-01
rs7024334	9	109072075	1.25943	T	G	0.221004	0.999349	1.07239	3.0E-01	-0.00675904	0.0067729	0.995911	3.2E-01	0.96873	3.2E-01
rs1252008	9	120362838	1.43341	T	C	0.568657	0.998833	0.00753894	9.3E-01	0.0011394	0.00566795	0.0404108	8.4E-01	0.0924967	7.6E-01
rs3829849	9	129390800	1.5324	C	T	0.630889	0.998111	1.0357	3.1E-01	0.0063727	0.00582917	1.19518	2.7E-01	1.87424	1.7E-01
rs10733682	9	129460914	1.5336	A	G	0.474217	0.966242	0.89482	3.4E-01	-0.00500083	0.00570307	0.768892	3.8E-01	0.458128	5.0E-01
rs2267958	9	131015279	1.55043	G	A	0.485563	0.958689	2.87493	9.0E-02	0.00956224	0.00575508	2.76068	9.7E-02	2.67883	1.0E-01
rs10159545	10	21766969	0.466662	C	G	0.649246	0.986543	1.92082	1.7E-01	0.00859207	0.00592351	2.10396	1.5E-01	2.12646	1.4E-01
rs12762034	10	33969931	0.621029	T	C	0.92272	0.998956	0.920107	3.4E-01	-0.0100481	0.0105238	0.911638	3.4E-01	0.974208	3.2E-01
rs4595495	10	53673286	0.748363	A	G	0.58387	0.998015	3.55966e-05	1.0E+00	2.27238e-05	0.00572997	1.57275e-05	1.0E+00	0.0655374	8.0E-01
rs4746855	10	64822828	0.870307	G	A	0.596714	1	3.31596	6.9E-02	0.0100279	0.00574548	3.04623	8.1E-02	3.17636	7.5E-02
rs12098284	10	76047464	0.999816	C	T	0.877434	0.998637	0.485392	4.9E-01	-0.00621932	0.00858199	0.525181	4.7E-01	0.338219	5.6E-01
rs1249156	10	79979737	1.04291	T	C	0.294183	0.999324	0.147417	7.0E-01	-0.00215597	0.0061782	0.121776	7.3E-01	0.000107259	9.9E-01
rs12245654	10	87562928	1.13739	A	C	0.927047	0.984714	0.477937	4.9E-01	0.00697312	0.0108899	0.410025	5.2E-01	0.0144011	9.0E-01
rs472576	10	99694970	1.2698	G	C	0.540757	0.96945	7.92894	4.9E-03	-0.0156429	0.00572123	7.47579	6.3E-03	8.38822	3.8E-03
rs4074720	10	114748497	1.39784	C	T	0.534572	0.984751	0.0844889	7.7E-01	-0.00138024	0.00567467	0.0591597	8.1E-01	0.0768443	7.8E-01
rs72828935	10	126587488	1.61238	G	C	0.716689	0.993686	2.65388	1.0E-01	0.0102886	0.00626053	2.7008	1.0E-01	2.82358	9.3E-02
rs12778347	10	133978806	1.80077	G	T	0.423877	0.999758	0.0172444	9.0E-01	-0.00125678	0.00569021	0.048782	8.3E-01	8.04567e-05	9.9E-01
rs12802861	11	8387806	0.188896	C	T	0.71326	0.995592	0.0849992	7.7E-01	-0.00237472	0.00623052	0.14527	7.0E-01	0.207261	6.5E-01
rs7942486	11	13288698	0.267633	G	T	0.432178	0.998702	1.41138	2.3E-01	0.00778777	0.00568519	1.87644	1.7E-01	2.11712	1.5E-01
rs12791818	11	27277760	0.463075	A	G	0.918985	0.937343	0.00552423	9.4E-01	-0.000774191	0.0106534	0.00528107	9.4E-01	0.0940669	7.6E-01
rs2679059	11	43599791	0.621966	A	T	0.402252	0.990165	1.40865	2.4E-01	-0.00633424	0.00578128	1.20044	2.7E-01	0.840318	3.6E-01
rs11038428	11	45404318	0.657443	G	T	0.717407	0.990678	0.268604	6.0E-01	0.00260122	0.00626617	0.172325	6.8E-01	0.0786983	7.8E-01
rs35184771	11	47475189	0.665304	G	T	0.648082	0.998878	3.1352	7.7E-02	0.0110784	0.00588219	3.54714	6.0E-02	3.12696	7.7E-02
rs174528	11	61543499	0.703973	T	C	0.623454	0.995598	37.0577	1.1E-09	0.0350266	0.00581544	36.2769	1.7E-09	42.0602	8.9E-11
rs10896007	11	65245829	0.737845	T	A	0.789067	0.98525	0.0996561	7.5E-01	0.0027008	0.00695562	0.15077	7.0E-01	0.357996	5.5E-01
rs667515	11	69449076	0.766481	G	C	0.61173	0.990296	1.84829	1.7E-01	-0.00789862	0.00577641	1.86977	1.7E-01	1.17738	2.8E-01
rs2605603	11	93221105	1.00432	G	A	0.520259	0.995512	0.633369	4.3E-01	0.00366121	0.00560842	0.426156	5.1E-01	0.353674	5.5E-01
rs4937870	11	112826709	1.19814	A	G	0.689169	0.983578	0.270486	6.0E-01	0.00342028	0.00611984	0.312351	5.8E-01	0.748593	3.9E-01
rs2187986	11	115001410	1.23045	G	A	0.524684	0.965018	3.06875	8.0E-02	-0.0092876	0.00573795	2.61995	1.1E-01	2.80185	9.4E-02
rs513533	11	116519358	1.25951	A	G	0.895505	0.969744	29.8002	4.8E-08	-0.0512715	0.00931138	30.3197	3.7E-08	34.3933	4.5E-09
rs501351	11	118917814	1.29362	T	G	0.605774	0.997555	3.12072	7.7E-02	-0.0105388	0.00575587	3.35241	6.7E-02	3.53765	6.0E-02
rs7941030	11	122522375	1.35839	T	C	0.616205	1	10.4744	1.2E-03	-0.0205134	0.00580205	12.5	4.1E-04	12.1383	4.9E-04
rs4366492	11	130717256	1.51227	T	C	0.474614	0.99465	0.0875562	7.7E-01	0.00188453	0.00562314	0.112317	7.4E-01	0.0558326	8.1E-01
rs10894604	11	132641746	1.55638	T	G	0.652028	1	0.827505	3.6E-01	-0.00480967	0.00590062	0.66441	4.2E-01	0.251407	6.2E-01
rs11064524	12	889902	0.0208303	T	G	0.758532	1	0.851345	3.6E-01	0.00546275	0.00655568	0.694363	4.0E-01	0.626254	4.3E-01
rs7976757	12	19207948	0.354438	T	C	0.171206	0.989812	0.0514359	8.2E-01	0.0013831	0.00748415	0.0341525	8.5E-01	0.164894	6.8E-01
rs16926776	12	24001905	0.419584	C	T	0.922961	1	4.22833	4.0E-02	-0.0204113	0.0105671	3.73104	5.3E-02	3.95512	4.7E-02
rs11181001	12	41948196	0.563104	A	G	0.469108	0.977653	0.00113894	9.7E-01	0.000889545	0.00568082	0.0245196	8.8E-01	0.0776719	7.8E-01
rs2720296	12	50169070	0.630128	G	A	0.609632	0.950295	0.757045	3.8E-01	0.00513132	0.00592218	0.750747	3.9E-01	0.957575	3.3E-01
rs11173522	12	60953472	0.741724	C	A	0.784532	0.998242	1.70147	1.9E-01	-0.00912238	0.00685726	1.76976	1.8E-01	1.31045	2.5E-01
rs317646	12	69657145	0.849888	G	A	0.275066	0.99846	0.0287859	8.7E-01	0.000100936	0.006309	0.000255962	9.9E-01	0.00128624	9.7E-01
rs704067	12	89726027	1.03172	G	A	0.545146	0.989595	0.00245943	9.6E-01	-0.00052939	0.00569233	0.00864911	9.3E-01	0.0381535	8.5E-01
rs591776	12	99538895	1.16639	C	T	0.364365	0.994453	0.265196	6.1E-01	-0.0021219	0.00586299	0.130982	7.2E-01	0.000802941	9.8E-01
rs4433630	12	103650031	1.2114	T	C	0.48744	0.978156	0.798882	3.7E-01	-0.00574226	0.00566968	1.02577	3.1E-01	1.50423	2.2E-01
rs11832936	12	110549533	1.29782	A	C	0.610247	0.999756	0.0410705	8.4E-01	0.000843558	0.00579023	0.0212245	8.8E-01	2.0293e-05	1.0E+00
rs111828690	12	117576767	1.39704	C	T	0.779464	0.990204	0.275137	6.0E-01	-0.00469569	0.00684921	0.470021	4.9E-01	0.149336	7.0E-01
rs144713920	12	122485389	1.46548	C	G	0.945974	0.956209	3.77062	5.2E-02	-0.0237204	0.0127167	3.47932	6.2E-02	3.09121	7.9E-02
rs12317176	12	124404718	1.4789	T	C	0.662157	0.998072	26.8179	2.2E-07	0.0313052	0.00593348	27.8366	1.3E-07	27.7692	1.4E-07
rs9579775	13	20616557	0.0139469	A	C	0.863467	0.926233	0.151346	7.0E-01	-0.00201537	0.0085235	0.0559081	8.1E-01	0.0897865	7.6E-01
rs4771218	13	28655311	0.212187	G	A	0.373005	0.991013	1.69352	1.9E-01	-0.00785839	0.00584187	1.80952	1.8E-01	2.16876	1.4E-01
rs9591001	13	33042870	0.304346	G	A	0.634695	0.994769	0.262397	6.1E-01	-0.00283855	0.00587204	0.233676	6.3E-01	0.0381203	8.5E-01
rs9568856	13	54064981	0.568758	G	A	0.871723	1	0.867668	3.5E-01	-0.00781869	0.00841694	0.862899	3.5E-01	0.724359	3.9E-01
rs6561937	13	58257667	0.585042	T	A	0.243776	0.993408	0.0672859	8.0E-01	0.00139047	0.00658578	0.0445766	8.3E-01	0.0729323	7.9E-01
rs1413125	13	59260131	0.587755	G	T	0.574048	0.994453	2.3856	1.2E-01	-0.00930554	0.00571257	2.6535	1.0E-01	3.33514	6.8E-02
rs1441264	13	79580919	0.787841	G	A	0.406364	0.956515	3.37635	6.6E-02	0.0108041	0.00583263	3.43121	6.4E-02	3.99283	4.6E-02
rs61969477	13	86477950	0.835644	T	C	0.717214	0.998003	0.805984	3.7E-01	-0.00618885	0.00624385	0.982459	3.2E-01	0.319792	5.7E-01
rs1927790	13	96922191	0.93596	T	C	0.587589	0.998094	0.0169031	9.0E-01	0.000615292	0.00572529	0.0115496	9.1E-01	0.0598685	8.1E-01
rs7335249	13	109962579	1.18904	T	C	0.587526	0.995494	0.0806219	7.8E-01	0.0024078	0.00572625	0.176807	6.7E-01	0.101646	7.5E-01
rs12868938	13	114541617	1.29136	C	G	0.626007	0.982484	32.5358	1.2E-08	-0.0323869	0.00585965	30.549	3.3E-08	28.5338	9.2E-08
rs7141213	14	25878636	0.160923	C	T	0.428505	0.99817	1.01386	3.1E-01	0.00566895	0.00570539	0.987269	3.2E-01	1.45557	2.3E-01
rs6576279	14	29649958	0.207571	G	C	0.190393	0.998923	0.736812	3.9E-01	-0.00584229	0.00714333	0.668907	4.1E-01	0.544727	4.6E-01
rs2143975	14	33297398	0.262161	C	G	0.467897	0.986467	0.707876	4.0E-01	-0.00452343	0.00569372	0.631167	4.3E-01	0.600829	4.4E-01
rs35020117	14	73341655	0.671145	T	G	0.538277	0.933938	2.60472	1.1E-01	0.00998633	0.00583711	2.92695	8.7E-02	3.47825	6.2E-02
rs7159565	14	79891894	0.74792	T	C	0.36268	0.984708	0.2143	6.4E-01	-0.00315111	0.00587651	0.287534	5.9E-01	0.290389	5.9E-01
rs1951455	14	91512339	0.88209	T	C	0.283982	0.997245	0.112358	7.4E-01	0.0010002	0.00623989	0.0256931	8.7E-01	2.67208e-05	1.0E+00
rs2273639	14	93762162	0.916561	C	T	0.692907	0.99913	1.80236	1.8E-01	-0.00886543	0.00610667	2.10762	1.5E-01	1.59783	2.1E-01
rs7161194	14	101529005	1.0886	A	G	0.336786	0.914125	2.03469	1.5E-01	0.0104563	0.00621969	2.82628	9.3E-02	2.84286	9.2E-02
rs12148050	14	103263788	1.11638	A	G	0.348874	0.9994	0.185006	6.7E-01	-0.00219365	0.00588996	0.13871	7.1E-01	0.103974	7.5E-01
rs35443927	14	103849715	1.12404	C	T	0.630061	0.995118	2.76958	9.6E-02	-0.00992411	0.00582048	2.90714	8.8E-02	2.24537	1.3E-01
rs11070502	15	46574981	0.663836	G	A	0.422393	0.996515	0.161977	6.9E-01	0.0030423	0.00570793	0.284084	5.9E-01	0.131773	7.2E-01
rs11631408	15	51746236	0.710161	A	G	0.457534	0.996425	4.165	4.1E-02	0.0115056	0.00566384	4.12665	4.2E-02	5.35918	2.1E-02
rs12908949	15	59475713	0.795908	T	G	0.77013	0.991439	0.0240562	8.8E-01	-0.000574627	0.00670664	0.00734111	9.3E-01	0.0051436	9.4E-01
rs12903168	15	67680209	0.914057	T	C	0.726776	0.98909	5.06691	2.4E-02	0.0148043	0.00634999	5.43539	2.0E-02	5.46097	1.9E-02
rs4777542	15	73082366	0.987566	C	T	0.670419	0.995307	0.0231915	8.8E-01	0.000219958	0.00601499	0.00133724	9.7E-01	0.0111545	9.2E-01
rs11855821	15	78008843	1.01251	G	A	0.714306	0.958126	2.3697	1.2E-01	0.00993198	0.00634335	2.45151	1.2E-01	1.85752	1.7E-01
rs12914623	15	80993570	1.05801	G	C	0.732913	0.994175	1.73408	1.9E-01	-0.00676634	0.00636627	1.12963	2.9E-01	1.39835	2.4E-01
rs7168523	15	95263911	1.31585	C	T	0.355269	0.99653	0.151636	7.0E-01	0.00170125	0.00588466	0.0835784	7.7E-01	0.120302	7.3E-01
rs1048786	16	336916	0.0036807	C	T	0.830941	1	1.3864	2.4E-01	0.00991852	0.00750781	1.74529	1.9E-01	1.74646	1.9E-01
rs2601773	16	4001898	0.0718473	C	A	0.503399	0.995484	0.477356	4.9E-01	-0.00432959	0.00563439	0.590473	4.4E-01	0.425125	5.1E-01
rs9934930	16	4902038	0.0862098	A	G	0.521116	0.994594	0.190753	6.6E-01	-0.0028915	0.00566556	0.260472	6.1E-01	0.19166	6.6E-01
rs7187976	16	19708196	0.389763	A	G	0.820215	0.98274	0.179304	6.7E-01	-0.00304262	0.00737512	0.170199	6.8E-01	0.079519	7.8E-01
rs4238585	16	20255097	0.398011	C	T	0.13201	0.96298	0.901504	3.4E-01	-0.00692922	0.00845972	0.670899	4.1E-01	0.994898	3.2E-01
rs11074452	16	20370168	0.40198	C	G	0.490517	0.995812	0.652033	4.2E-01	-0.00472345	0.00564225	0.700834	4.0E-01	0.839245	3.6E-01
rs200539	16	24735178	0.466016	T	C	0.268765	0.996448	0.00305239	9.6E-01	-0.000549445	0.00632667	0.00754219	9.3E-01	0.0989432	7.5E-01
rs2650494	16	28318440	0.541911	A	G	0.581267	0.992404	0.107262	7.4E-01	-0.0026335	0.00570787	0.212872	6.4E-01	0.322167	5.7E-01
rs4787483	16	29885447	0.552081	A	G	0.662227	1	0.468897	4.9E-01	-0.00349661	0.00595595	0.344661	5.6E-01	0.316908	5.7E-01
rs111886096	16	53598310	0.644304	A	G	0.862466	0.993464	0.809181	3.7E-01	0.00757598	0.00818469	0.856789	3.5E-01	1.11076	2.9E-01
rs7205986	16	53755146	0.644839	A	G	0.489919	0.988839	0.133726	7.1E-01	0.00323772	0.00567403	0.325608	5.7E-01	0.421096	5.2E-01
rs5011579	16	69187318	0.855228	C	G	0.2843	0.994942	4.17988	4.1E-02	-0.0121272	0.00624994	3.76506	5.2E-02	2.92783	8.7E-02
rs12924872	16	69552215	0.858355	C	T	0.533347	0.984378	6.08427	1.4E-02	0.0139261	0.00569299	5.98384	1.4E-02	5.9205	1.5E-02
rs11648003	16	72052348	0.872944	A	G	0.779015	0.991685	34.8254	3.6E-09	-0.0398035	0.00679	34.364	4.6E-09	34.89	3.5E-09
rs77081114	17	1816762	0.0641667	G	A	0.834903	1	0.0286192	8.7E-01	-0.00148669	0.00758615	0.038406	8.4E-01	0.000384587	9.8E-01
rs3026101	17	5280440	0.136672	T	C	0.696449	0.998494	2.38939	1.2E-01	0.0096366	0.00612915	2.472	1.2E-01	2.85862	9.1E-02
rs10491104	17	15884561	0.425342	C	T	0.468509	1	0.0144952	9.0E-01	0.000862864	0.00564064	0.0234006	8.8E-01	0.162033	6.9E-01
rs9906072	17	21245687	0.471598	T	C	0.486625	0.873727	0.94245	3.3E-01	0.00668876	0.00603152	1.22981	2.7E-01	0.606809	4.4E-01
rs9904602	17	34835526	0.595066	T	A	0.482475	0.99641	0.07395	7.9E-01	-0.00159791	0.00563574	0.08039	7.8E-01	0.356691	5.5E-01
rs7206971	17	45425115	0.69878	G	A	0.502321	0.997936	33.3751	7.6E-09	-0.0323621	0.00562511	33.0987	8.8E-09	35.3612	2.7E-09
rs17616799	17	46039553	0.703155	A	G	0.898327	0.994334	0.710965	4.0E-01	0.0101004	0.00932518	1.17318	2.8E-01	1.67726	2.0E-01
rs55797392	17	47055622	0.707863	G	A	0.589793	0.985453	0.0649604	8.0E-01	0.000715159	0.00575264	0.015455	9.0E-01	0.00506094	9.4E-01
rs17631394	17	61646000	0.886955	G	A	0.736546	0.99153	1.02426	3.1E-01	0.00657336	0.00641533	1.04987	3.1E-01	1.28828	2.6E-01
rs78196338	17	66973049	0.964759	G	A	0.960561	0.978498	30.122	4.1E-08	-0.0815635	0.0145681	31.3464	2.2E-08	32.3297	1.3E-08
rs2619976	17	71754545	1.06134	C	T	0.589126	0.992569	2.6115	1.1E-01	0.00869892	0.00575173	2.28735	1.3E-01	4.0085	4.5E-02
rs4424946	17	78554888	1.24995	T	C	0.762112	0.998925	0.1031	7.5E-01	-0.00156467	0.00660892	0.0560513	8.1E-01	0.101457	7.5E-01
rs4076427	17	79087537	1.26024	G	C	0.609873	0.985353	1.9623	1.6E-01	-0.00840325	0.00578388	2.11084	1.5E-01	1.2949	2.6E-01
rs1371274	18	1837007	0.0479005	A	C	0.863572	0.995553	0.308679	5.8E-01	0.00425682	0.00818244	0.270648	6.0E-01	0.23567	6.3E-01
rs11875960	18	21071925	0.432054	A	G	0.650113	0.974621	0.10506	7.5E-01	0.00199642	0.00597513	0.111638	7.4E-01	0.0195118	8.9E-01
rs9807506	18	39493911	0.604143	C	T	0.110516	0.995331	1.79455	1.8E-01	0.0123229	0.00899076	1.8786	1.7E-01	1.5305	2.2E-01
rs4890428	18	40697340	0.611694	G	T	0.5787	0.994435	6.39932	1.1E-02	0.0156361	0.00572337	7.46371	6.3E-03	9.8648	1.7E-03
rs7239114	18	45921214	0.66958	G	A	0.458185	0.985699	0.174027	6.8E-01	-0.00192345	0.00568612	0.114427	7.4E-01	0.0575385	8.1E-01
rs72934723	18	53305311	0.747109	A	G	0.96095	0.966483	0.0270547	8.7E-01	-0.00209921	0.0147735	0.0201905	8.9E-01	0.0354226	8.5E-01
rs2187176	18	57679365	0.819838	A	G	0.309978	0.982596	0.00763069	9.3E-01	0.000237049	0.00613739	0.00149179	9.7E-01	0.149013	7.0E-01
rs117758180	18	57809744	0.821562	C	T	0.97678	1	0.1601	6.9E-01	-0.0078657	0.0186752	0.177397	6.7E-01	0.0327716	8.6E-01
rs113268469	18	57862913	0.821729	C	T	0.982698	0.966786	1.49568	2.2E-01	-0.0243917	0.0219543	1.23436	2.7E-01	1.76735	1.8E-01
rs11668832	19	1812682	0.0683182	A	G	0.450689	0.989019	0.955867	3.3E-01	-0.00537077	0.00566306	0.899438	3.4E-01	1.63194	2.0E-01
rs72976986	19	4050424	0.142675	G	A	0.810758	0.984512	3.26175	7.1E-02	-0.0131527	0.00723538	3.30451	6.9E-02	4.14992	4.2E-02
rs112159161	19	11192603	0.31876	C	T	0.983126	0.950328	40.6848	1.8E-10	0.139448	0.0222815	39.1683	3.9E-10	38.5497	5.3E-10
rs2228603	19	19329924	0.461723	C	T	0.925348	1	31.441	2.1E-08	0.0622326	0.010703	33.8083	6.1E-09	35.8529	2.1E-09
rs12461902	19	30265235	0.512848	G	A	0.672506	0.985963	0.530353	4.7E-01	-0.00381692	0.00603887	0.399498	5.3E-01	0.52982	4.7E-01
rs11882409	19	34019685	0.562915	C	A	0.713772	0.966519	0.0149102	9.0E-01	-0.00077923	0.00631413	0.0152301	9.0E-01	0.0305617	8.6E-01
rs62116612	19	44479588	0.687479	G	C	0.972393	0.937341	33.4292	7.4E-09	0.104171	0.017752	34.435	4.4E-09	38.4197	5.7E-10
rs55840997	19	44480979	0.687479	G	A	0.981353	1	30.5492	3.3E-08	0.11566	0.0207528	31.0608	2.5E-08	31.496	2.0E-08
rs35817328	19	45201027	0.699255	A	G	0.802969	0.965419	33.9063	5.8E-09	-0.0412476	0.00716171	33.1715	8.4E-09	31.0282	2.5E-08
rs8108110	19	45234124	0.70006	A	G	0.298893	0.995846	50.3443	1.3E-12	-0.0445109	0.00616176	52.1822	5.1E-13	50.1794	1.4E-12
rs2075649	19	45395330	0.707004	A	G	0.611354	0.998574	109.577	1.2E-25	-0.0598218	0.00577116	107.447	3.6E-25	109.308	1.4E-25
rs732841	19	46207810	0.718946	A	C	0.955861	0.971375	39.5299	3.2E-10	0.0890028	0.0138773	41.1339	1.4E-10	43.5545	4.1E-11
rs1884389	20	1410582	0.0620248	C	T	0.560429	0.990862	0.00975385	9.2E-01	-0.000478244	0.00569028	0.00706371	9.3E-01	0.0117134	9.1E-01
rs1321453	20	6585670	0.214258	G	A	0.332006	0.979962	0.452351	5.0E-01	0.00425705	0.0060456	0.495837	4.8E-01	0.78744	3.7E-01
rs947088	20	17171373	0.411628	G	T	0.280165	0.992316	1.79341	1.8E-01	0.00845662	0.00629598	1.80413	1.8E-01	1.76788	1.8E-01
rs8116853	20	21439820	0.48109	A	G	0.902603	0.99434	0.17624	6.7E-01	-0.00358536	0.00949681	0.142531	7.1E-01	0.201218	6.5E-01
rs6142096	20	32686658	0.536502	G	A	0.481267	0.998195	0.0677056	7.9E-01	-0.0016121	0.00563918	0.0817249	7.7E-01	0.106278	7.4E-01
rs11699260	20	50813508	0.791033	G	C	0.710789	0.999421	0.143088	7.1E-01	-0.00185455	0.00619321	0.0896691	7.6E-01	0.0020086	9.6E-01
rs2836753	21	40291187	0.447396	T	C	0.362883	0.999333	0.715865	4.0E-01	0.00556095	0.00584269	0.905883	3.4E-01	1.24897	2.6E-01
rs1964926	21	42653121	0.51205	A	G	0.35393	0.992207	0.404565	5.2E-01	-0.00447995	0.00591071	0.574469	4.5E-01	0.686026	4.1E-01
rs8130074	21	46498684	0.621941	C	G	0.35124	0.996511	0.192916	6.6E-01	-0.00285573	0.00590791	0.233649	6.3E-01	0.313139	5.8E-01
rs4820399	22	40546633	0.498151	C	T	0.4075	0.991505	0.0903091	7.6E-01	0.00190404	0.00573595	0.11019	7.4E-01	0.608158	4.4E-01
rs13053342	22	48871624	0.664334	G	A	0.577345	0.990848	0.647985	4.2E-01	-0.005506	0.00570762	0.930596	3.3E-01	0.581826	4.5E-01
