SNP	CHR	BP	GENPOS	ALLELE1	ALLELE0	A1FREQ	INFO	CHISQ_LINREG	P_LINREG	BETA	SE	CHISQ_BOLT_LMM_INF	P_BOLT_LMM_INF	CHISQ_BOLT_LMM	P_BOLT_LMM
rs28788874	1	1520725	0.0141684	C	T	0.584735	0.768295	0.19193	6.6E-01	-0.00345427	0.00641118	0.290293	5.9E-01	0.291336	5.9E-01
rs28788874	1	1520725	0.0141684	C	T	0.584735	0.768295	0.19193	6.6E-01	-0.00345427	0.00641118	0.290293	5.9E-01	0.291336	5.9E-01
rs75991743	1	39286089	0.662194	C	T	0.969233	1	30.8901	2.7E-08	0.0895085	0.0160822	30.9769	2.6E-08	31.4313	2.1E-08
rs72634501	1	39551488	0.669558	T	C	0.760747	0.973003	5.39345	2.0E-02	-0.0163502	0.00661551	6.10827	1.3E-02	6.00357	1.4E-02
rs7545034	1	47659445	0.739124	T	C	0.495311	0.986554	2.61778	1.1E-01	0.00821357	0.00560955	2.14392	1.4E-01	2.15504	1.4E-01
rs2495477	1	55518467	0.810628	A	G	0.606604	0.96027	35.7952	2.2E-09	-0.0360976	0.00581085	38.5903	5.2E-10	33.0451	9.0E-09
rs1013293	1	62570321	0.915785	G	A	0.570076	0.987679	0.0202808	8.9E-01	0.00254702	0.00562551	0.204994	6.5E-01	0.246474	6.2E-01
rs2422134	1	72514701	1.03261	G	C	0.494392	0.995097	0.395782	5.3E-01	0.00324591	0.00557368	0.339149	5.6E-01	0.381636	5.4E-01
rs6690871	1	74977277	1.04309	A	G	0.592502	0.986356	2.13097	1.4E-01	-0.0078118	0.00570535	1.87472	1.7E-01	1.69397	1.9E-01
rs2247536	1	77919438	1.07305	G	C	0.734406	0.984022	1.75346	1.9E-01	0.0101716	0.00636185	2.55631	1.1E-01	4.46233	3.5E-02
rs1536023	1	96882019	1.26526	C	A	0.779556	0.988892	0.21788	6.4E-01	0.00192334	0.00675927	0.0809677	7.8E-01	0.00585821	9.4E-01
rs10747488	1	98299475	1.27829	C	A	0.231417	0.993887	3.82787	5.0E-02	0.0135336	0.00663408	4.16164	4.1E-02	4.92835	2.6E-02
rs920835	1	107946802	1.36667	G	A	0.707486	0.968585	0.393637	5.3E-01	0.00302379	0.00622626	0.235857	6.3E-01	0.0828548	7.7E-01
rs892511	1	110078255	1.38888	C	G	0.970555	0.964927	5.09453	2.4E-02	-0.0411235	0.0167484	6.0288	1.4E-02	4.70114	3.0E-02
rs12033257	1	112318484	1.42838	A	G	0.621237	0.983831	1.95896	1.6E-01	0.00792092	0.00579725	1.86684	1.7E-01	1.39254	2.4E-01
rs4357530	1	151103153	1.65977	G	A	0.321207	0.991504	0.0257903	8.7E-01	-0.000792647	0.00599098	0.017505	8.9E-01	0.00428863	9.5E-01
rs148261599	1	155253286	1.69959	C	G	0.796018	0.939661	1.97201	1.6E-01	-0.00966686	0.00710751	1.84985	1.7E-01	1.49121	2.2E-01
rs12565430	1	174400537	1.95129	G	A	0.890495	0.989663	3.82557	5.0E-02	0.0164105	0.00893921	3.37011	6.6E-02	2.57093	1.1E-01
rs10913418	1	177755299	1.98687	C	A	0.596511	0.989574	0.044483	8.3E-01	-0.00199739	0.00570607	0.122533	7.3E-01	0.0205433	8.9E-01
rs1359940	1	177848153	1.98809	T	C	0.542981	0.978287	2.5539	1.1E-01	0.0085159	0.00565444	2.2682	1.3E-01	2.72373	9.9E-02
rs9425633	1	184657251	2.05452	T	C	0.517837	0.997773	0.000633165	9.8E-01	9.82217e-05	0.00557175	0.000310765	9.9E-01	0.0218046	8.8E-01
rs10801363	1	194922207	2.13186	T	A	0.632532	0.99595	0.00805965	9.3E-01	-0.000783295	0.00578137	0.0183565	8.9E-01	0.000139181	9.9E-01
rs2494116	1	201784151	2.19723	G	A	0.451622	0.998902	1.63433	2.0E-01	-0.00668861	0.00558787	1.43278	2.3E-01	1.14278	2.9E-01
rs12042959	1	243533273	2.82744	A	G	0.856757	0.985729	1.69828	1.9E-01	0.0105144	0.00798653	1.73323	1.9E-01	2.10265	1.5E-01
rs6548228	2	345889	0.00380575	T	C	0.476197	0.997111	6.3435	1.2E-02	0.0145001	0.00558072	6.75086	9.4E-03	5.22195	2.2E-02
rs2667214	2	449487	0.00560823	A	G	0.676488	0.984343	0.167668	6.8E-01	-0.00284708	0.00600584	0.224725	6.4E-01	0.186746	6.7E-01
rs10176391	2	574368	0.00678655	C	G	0.988537	0.920209	0.0562552	8.1E-01	-0.00567278	0.0272385	0.0433737	8.4E-01	0.117172	7.3E-01
rs11673889	2	21104631	0.419072	G	C	0.739344	0.972648	41.2842	1.3E-10	-0.0415202	0.00642754	41.7282	1.0E-10	46.2565	1.0E-11
rs4665377	2	27523440	0.473307	G	T	0.77262	0.965178	31.1185	2.4E-08	0.0378417	0.00676614	31.2794	2.2E-08	31.4989	2.0E-08
rs10048652	2	35449306	0.577825	T	C	0.438309	0.999392	0.47734	4.9E-01	-0.00434081	0.00562038	0.596499	4.4E-01	1.08303	3.0E-01
rs56266464	2	44054991	0.686489	G	A	0.939556	0.986548	51.6963	6.5E-13	-0.0888731	0.0117762	56.9545	4.5E-14	60.9721	5.8E-15
rs698838	2	44738763	0.693339	C	T	0.374359	1	0.0327075	8.6E-01	0.00108369	0.00575566	0.0354501	8.5E-01	0.0925779	7.6E-01
rs3198123	2	55207693	0.827446	C	T	0.698625	0.993954	2.00738	1.6E-01	0.00919967	0.00609324	2.27955	1.3E-01	1.98957	1.6E-01
rs13032423	2	57992112	0.847237	G	A	0.445418	0.996747	2.47803	1.2E-01	0.00949456	0.00561893	2.85524	9.1E-02	2.05675	1.5E-01
rs55767040	2	58955028	0.850031	T	C	0.699424	0.989049	0.148247	7.0E-01	-0.00206577	0.00611974	0.113946	7.4E-01	0.191086	6.6E-01
rs980183	2	59311536	0.858192	G	A	0.398003	0.996406	1.3634	2.4E-01	0.00665564	0.00569515	1.36575	2.4E-01	1.76755	1.8E-01
rs7557796	2	86766153	1.16162	T	C	0.352323	0.999778	0.196973	6.6E-01	-0.00274188	0.00583096	0.221115	6.4E-01	0.245625	6.2E-01
rs13023088	2	100576304	1.22131	C	T	0.849851	0.99385	2.08711	1.5E-01	0.009942	0.00780495	1.62258	2.0E-01	1.16136	2.8E-01
rs9308868	2	104361420	1.24985	G	A	0.475644	0.997977	0.674484	4.1E-01	-0.00609163	0.00558806	1.18835	2.8E-01	0.759675	3.8E-01
rs1349512	2	105435369	1.26243	T	C	0.689911	0.999103	0.0432302	8.4E-01	-0.000353132	0.00601233	0.00344975	9.5E-01	0.00170752	9.7E-01
rs1530559	2	135755629	1.58463	A	G	0.600693	1	2.46418	1.2E-01	0.00664759	0.0056379	1.39025	2.4E-01	1.58641	2.1E-01
rs2034604	2	143958745	1.64938	C	T	0.463349	0.997459	0.131594	7.2E-01	0.0031076	0.00559232	0.308791	5.8E-01	0.214378	6.4E-01
rs12692596	2	161265910	1.78694	C	T	0.629192	0.996301	1.78163	1.8E-01	-0.00696286	0.00574953	1.4666	2.3E-01	1.33393	2.5E-01
rs12328675	2	165540800	1.81492	T	C	0.879644	0.99881	10.4302	1.2E-03	0.0276595	0.00854252	10.4837	1.2E-03	12.0448	5.2E-04
rs6745626	2	181436641	2.00364	C	T	0.408617	0.996845	1.31314	2.5E-01	-0.00705199	0.00567118	1.54624	2.1E-01	1.6255	2.0E-01
rs6743255	2	205363596	2.17314	A	G	0.119725	1	3.72626	5.4E-02	0.0143528	0.00855896	2.8121	9.4E-02	2.42192	1.2E-01
rs13000757	2	207145906	2.20108	G	T	0.495484	0.995817	0.0364135	8.5E-01	0.000405044	0.00558932	0.00525152	9.4E-01	0.139143	7.1E-01
rs11692326	2	208263279	2.21189	C	T	0.770028	0.999964	0.371514	5.4E-01	-0.00298423	0.00660137	0.20436	6.5E-01	0.145539	7.0E-01
rs12611517	2	228977034	2.47863	T	A	0.656814	0.999378	6.35602	1.2E-02	-0.0145975	0.00586192	6.20123	1.3E-02	6.52331	1.1E-02
rs12473885	2	230569590	2.5018	G	T	0.878273	0.993886	2.99621	8.3E-02	0.014425	0.00852135	2.86561	9.0E-02	2.31844	1.3E-01
rs13098833	3	20428568	0.395393	A	G	0.723663	0.994024	0.228772	6.3E-01	-0.00168645	0.00627285	0.0722799	7.9E-01	0.0521083	8.2E-01
rs754635	3	42305131	0.652861	C	G	0.112989	0.99768	0.978021	3.2E-01	0.0105794	0.00877211	1.4545	2.3E-01	1.25914	2.6E-01
rs72906474	3	47817007	0.688057	G	T	0.417107	0.973948	0.534497	4.6E-01	-0.00333362	0.00572699	0.338828	5.6E-01	0.0166783	9.0E-01
rs71326904	3	49991060	0.690403	C	T	0.749113	0.999883	1.59737	2.1E-01	0.00888733	0.00642894	1.91102	1.7E-01	1.64377	2.0E-01
rs1371095	3	61147530	0.807508	A	G	0.581645	0.99157	0.455244	5.0E-01	-0.00386093	0.00567461	0.462927	5.0E-01	0.431044	5.1E-01
rs9874646	3	62462818	0.82936	C	T	0.314458	0.963027	0.0293518	8.6E-01	0.00166265	0.0061163	0.0738963	7.9E-01	0.101382	7.5E-01
rs7430139	3	82504148	1.08216	A	G	0.834726	1	0.779229	3.8E-01	0.00623652	0.00751848	0.688056	4.1E-01	1.04937	3.1E-01
rs1248859	3	85017098	1.08828	G	C	0.331024	0.996188	2.1287	1.4E-01	-0.00945864	0.00593597	2.53906	1.1E-01	3.49968	6.1E-02
rs9857105	3	93893210	1.10433	A	G	0.459959	0.997124	0.721124	4.0E-01	0.00445694	0.00560879	0.631445	4.3E-01	0.626245	4.3E-01
rs11917909	3	107864673	1.2019	G	A	0.64971	0.995989	0.381696	5.4E-01	0.00278287	0.00583936	0.227121	6.3E-01	0.178796	6.7E-01
rs2037001	3	131458973	1.44255	C	G	0.708207	0.979412	0.0282544	8.7E-01	-2.18277e-05	0.00619544	1.24129e-05	1.0E+00	0.263507	6.1E-01
rs9827662	3	135710841	1.49347	C	A	0.75398	0.999173	0.0711934	7.9E-01	-0.0010708	0.00646453	0.0274375	8.7E-01	0.0298071	8.6E-01
rs355786	3	153990749	1.684	G	A	0.607502	0.999005	0.244969	6.2E-01	0.00238666	0.00572149	0.174005	6.8E-01	0.538928	4.6E-01
rs1604038	3	170709193	1.7983	C	T	0.714201	0.999363	2.53028	1.1E-01	-0.00912887	0.00615772	2.19783	1.4E-01	2.44513	1.2E-01
rs9867130	3	185729753	2.0208	A	G	0.141676	0.965346	0.703952	4.0E-01	-0.0066248	0.00815355	0.660164	4.2E-01	0.869674	3.5E-01
rs11736501	4	18451423	0.339653	A	C	0.680338	0.997158	0.726747	3.9E-01	-0.00419954	0.0059722	0.494464	4.8E-01	1.91922	1.7E-01
rs73244271	4	20091053	0.357316	A	G	0.887469	0.995322	1.74268	1.9E-01	-0.0120311	0.00886039	1.84375	1.7E-01	1.42073	2.3E-01
rs6849555	4	25150890	0.433804	G	C	0.799698	0.94032	0.0927809	7.6E-01	0.00291058	0.00717754	0.16444	6.9E-01	0.00267743	9.6E-01
rs4623046	4	45042343	0.679347	G	A	0.33237	0.994028	1.62454	2.0E-01	0.00772095	0.00591881	1.70166	1.9E-01	1.19275	2.7E-01
rs6829208	4	52728640	0.6941	T	C	0.726338	0.99807	1.30414	2.5E-01	0.00716418	0.00624318	1.3168	2.5E-01	0.817502	3.7E-01
rs6815651	4	55487718	0.714225	C	T	0.450226	0.994486	3.38852	6.6E-02	0.0118517	0.00560459	4.47169	3.4E-02	5.39144	2.0E-02
rs923994	4	67802992	0.836181	A	G	0.217153	0.992221	0.376696	5.4E-01	0.00307281	0.00675813	0.206736	6.5E-01	0.021182	8.8E-01
rs12645001	4	96018337	1.09763	G	A	0.650874	0.99796	2.49284	1.1E-01	-0.00918766	0.00584052	2.47461	1.2E-01	2.75775	9.7E-02
rs13105682	4	102702364	1.15516	T	G	0.941406	0.93989	2.8411	9.2E-02	-0.0200445	0.0122364	2.68337	1.0E-01	3.16392	7.5E-02
rs11728213	4	113309647	1.25168	G	A	0.683684	0.99931	0.768765	3.8E-01	0.00457103	0.00599912	0.580568	4.5E-01	0.208444	6.5E-01
rs1296328	4	137083193	1.44321	A	C	0.440098	0.99123	0.000498926	9.8E-01	-0.00132381	0.00566053	0.0546934	8.2E-01	0.00599585	9.4E-01
rs4863516	4	140773770	1.49281	T	C	0.672112	0.999318	0.000648098	9.8E-01	-0.00082373	0.00592782	0.0193099	8.9E-01	0.0038804	9.5E-01
rs750090	4	152931436	1.59021	T	C	0.646587	0.97605	0.5408	4.6E-01	-0.0046158	0.00586668	0.619027	4.3E-01	0.153014	7.0E-01
rs13110266	4	162129844	1.69444	G	A	0.582061	0.993805	2.34587	1.3E-01	0.00920836	0.0056581	2.64864	1.0E-01	2.90814	8.8E-02
rs4597930	5	27171542	0.425308	T	C	0.71786	0.997265	1.08027	3.0E-01	0.00675088	0.0062056	1.18346	2.8E-01	2.7552	9.7E-02
rs6451675	5	43110855	0.62057	C	G	0.307452	0.990847	1.90237	1.7E-01	-0.00845966	0.00605277	1.95343	1.6E-01	2.42946	1.2E-01
rs9686661	5	55861786	0.681526	C	T	0.798222	0.999694	27.1396	1.9E-07	-0.0380018	0.00692811	30.0871	4.1E-08	32.8582	9.9E-09
rs6449674	5	62995938	0.739824	T	C	0.52251	0.996207	1.73518	1.9E-01	-0.00710897	0.00558451	1.62048	2.0E-01	0.921045	3.4E-01
rs4072296	5	74242002	0.858799	T	C	0.46019	0.938263	15.8973	6.7E-05	0.0226579	0.00576672	15.4377	8.5E-05	20.1658	7.1E-06
rs11740689	5	80841360	0.956164	A	C	0.681749	0.9953	0.0772197	7.8E-01	0.00198584	0.00598455	0.11011	7.4E-01	0.0428648	8.4E-01
rs77156384	5	87709219	1.01438	A	G	0.979071	1	0.390516	5.3E-01	-0.00991744	0.0194806	0.259176	6.1E-01	0.500111	4.8E-01
rs7701355	5	88804839	1.01946	G	T	0.578544	0.999666	0.959372	3.3E-01	-0.0036378	0.00564998	0.414558	5.2E-01	1.0555	3.0E-01
rs6885199	5	92574633	1.04879	G	A	0.9622	1	0.902387	3.4E-01	0.0130484	0.0146021	0.798516	3.7E-01	0.686393	4.1E-01
rs12186664	5	95630225	1.07202	A	T	0.684284	0.993149	1.12963	2.9E-01	0.00589003	0.006003	0.962717	3.3E-01	0.788893	3.7E-01
rs1835978	5	107265051	1.15538	T	C	0.111179	0.976322	1.57542	2.1E-01	-0.0116574	0.00895619	1.69417	1.9E-01	1.90935	1.7E-01
rs459552	5	112176756	1.19663	T	A	0.232844	1	0.809653	3.7E-01	0.00717358	0.00657927	1.18882	2.8E-01	1.83815	1.8E-01
rs329120	5	133861756	1.41589	C	T	0.579716	0.996967	2.95859	8.5E-02	0.00998845	0.00565633	3.11837	7.7E-02	1.90128	1.7E-01
rs356453	5	139053563	1.4578	G	A	0.669183	0.993285	0.734884	3.9E-01	-0.00594519	0.00593113	1.00475	3.2E-01	0.788575	3.7E-01
rs2190788	5	144484261	1.52142	G	T	0.681254	0.989372	3.26392	7.1E-02	0.0102277	0.00602819	2.8786	9.0E-02	3.27919	7.0E-02
rs7701886	5	153547409	1.6413	G	A	0.45336	0.99206	2.0385	1.5E-01	-0.00686133	0.00562059	1.49023	2.2E-01	1.86279	1.7E-01
rs2287894	5	170322919	1.86356	T	A	0.272401	0.998905	1.72923	1.9E-01	-0.00845372	0.00626594	1.82022	1.8E-01	2.73853	9.8E-02
rs10947758	6	12093961	0.272682	T	C	0.645937	0.995017	0.786993	3.8E-01	-0.00424147	0.00584605	0.52639	4.7E-01	1.02664	3.1E-01
rs9357634	6	13192190	0.290983	T	C	0.701576	0.98883	4.30111	3.8E-02	0.012545	0.00612624	4.19326	4.1E-02	4.04705	4.4E-02
rs3806114	6	20482335	0.408974	G	A	0.330694	0.979566	0.00262772	9.6E-01	-0.000235942	0.00598952	0.00155177	9.7E-01	0.0242797	8.8E-01
rs4711092	6	25684405	0.491796	T	C	0.456309	1	32.4722	1.2E-08	-0.0318369	0.00557647	32.5945	1.1E-08	30.0386	4.2E-08
rs1611320	6	29902373	0.503831	A	G	0.439596	0.926598	34.2865	4.8E-09	-0.0334296	0.00580402	33.1746	8.4E-09	34.8226	3.6E-09
rs9270222	6	32556644	0.520348	A	G	0.331078	0.891194	34.7816	3.7E-09	-0.0380673	0.00622647	37.3783	9.7E-10	34.6776	3.9E-09
rs35679149	6	43604167	0.672046	A	G	0.973525	1	0.745369	3.9E-01	0.0102266	0.0173693	0.34666	5.6E-01	0.141991	7.1E-01
rs4714925	6	46304194	0.722787	A	G	0.493044	0.998125	0.0151951	9.0E-01	-0.000699672	0.00557707	0.015739	9.0E-01	0.0829861	7.7E-01
rs9473821	6	50356035	0.748721	T	C	0.122366	0.995677	0.257176	6.1E-01	0.00582268	0.00851612	0.467479	4.9E-01	0.127517	7.2E-01
rs1369869	6	83366282	0.934423	C	T	0.558841	0.987317	0.00192777	9.6E-01	-0.000346692	0.00564442	0.00377268	9.5E-01	0.0125871	9.1E-01
rs6905544	6	98411631	1.06235	A	G	0.398807	0.997318	0.34828	5.6E-01	-0.00244161	0.00569666	0.183701	6.7E-01	0.214473	6.4E-01
rs1575676	6	108861264	1.17848	C	T	0.628148	0.997454	0.504605	4.8E-01	-0.00475372	0.00575513	0.682271	4.1E-01	0.247718	6.2E-01
rs9387640	6	119508871	1.25792	C	T	0.635398	1	0.446162	5.0E-01	0.0047173	0.0057996	0.661592	4.2E-01	0.87257	3.5E-01
rs198665	6	143154886	1.51958	C	A	0.629508	0.991725	4.26648	3.9E-02	-0.0128169	0.00579629	4.88952	2.7E-02	4.43163	3.5E-02
rs7755574	6	153364643	1.66311	G	T	0.718151	0.997121	4.92867	2.6E-02	-0.0154898	0.0062292	6.18341	1.3E-02	6.36637	1.2E-02
rs3103347	6	160746512	1.77437	C	T	0.843603	0.994667	27.2939	1.7E-07	0.0418461	0.00765896	29.8518	4.7E-08	35.3231	2.8E-09
rs11767176	7	1852823	0.0275939	G	A	0.78849	0.994823	1.03932	3.1E-01	-0.00834501	0.00681884	1.49773	2.2E-01	2.22596	1.4E-01
rs4307239	7	24354300	0.415589	A	G	0.540084	0.99283	0.242279	6.2E-01	-0.00401271	0.0056062	0.512316	4.7E-01	0.537192	4.6E-01
rs17725246	7	44581986	0.698744	T	C	0.815924	0.999146	28.831	7.9E-08	0.0391002	0.00715902	29.8298	4.7E-08	31.9886	1.6E-08
rs3807566	7	50564204	0.76671	G	T	0.56098	0.994523	0.272954	6.0E-01	-0.00185912	0.00561891	0.109473	7.4E-01	0.142996	7.1E-01
rs4718966	7	70040558	0.868636	C	T	0.584999	0.992694	0.489282	4.8E-01	0.00439028	0.00568633	0.596102	4.4E-01	1.06821	3.0E-01
rs10950289	7	71429308	0.890251	A	G	0.837402	0.9787	1.85643	1.7E-01	0.0117349	0.00761843	2.37264	1.2E-01	3.02325	8.2E-02
rs113452856	7	72859135	0.899612	G	A	0.96835	0.994361	37.7794	7.9E-10	0.0985485	0.0159129	38.3533	5.9E-10	42.7528	6.2E-11
rs16868443	7	93206264	1.0947	G	C	0.638366	0.996209	0.0464749	8.3E-01	0.00111154	0.00579281	0.0368191	8.5E-01	0.00716449	9.3E-01
rs17155888	7	103416295	1.18694	T	A	0.573633	0.98913	0.00839521	9.3E-01	-0.00100031	0.00566471	0.0311828	8.6E-01	0.0182619	8.9E-01
rs7788008	7	112972483	1.29323	G	A	0.566242	0.997606	1.4817	2.2E-01	-0.00680288	0.00561972	1.4654	2.3E-01	1.95698	1.6E-01
rs12705908	7	113422504	1.29936	A	G	0.435782	0.999217	0.766317	3.8E-01	0.00518763	0.00561732	0.852864	3.6E-01	0.00290572	9.6E-01
rs1563408	7	114303189	1.30467	G	A	0.518625	0.9976	0.0910195	7.6E-01	-0.000884787	0.00558012	0.0251415	8.7E-01	0.0511382	8.2E-01
rs2968856	7	150614934	1.67963	T	C	0.750666	0.995794	0.138446	7.1E-01	0.00248555	0.00645865	0.148102	7.0E-01	0.732745	3.9E-01
rs2980478	8	8088230	0.237388	T	C	0.524982	0.963758	44.374	2.7E-11	0.0386063	0.00569415	45.9685	1.2E-11	46.7023	8.3E-12
rs7017756	8	19618498	0.468976	T	C	0.132766	0.988969	30.872	2.8E-08	0.0455784	0.0082332	30.6465	3.1E-08	29.8212	4.7E-08
rs7011846	8	19785656	0.472099	G	A	0.973938	0.953458	30.2292	3.8E-08	-0.0988546	0.0179773	30.2374	3.8E-08	32.243	1.4E-08
rs190118115	8	19793581	0.472107	C	T	0.981499	0.949118	55.5716	9.0E-14	-0.158732	0.0211488	56.332	6.1E-14	57.3157	3.7E-14
rs117910839	8	19822741	0.472654	T	A	0.968853	0.96561	60.3857	7.8E-15	0.123936	0.0163008	57.8061	2.9E-14	59.5222	1.2E-14
rs1362910	8	30856464	0.645028	A	G	0.419317	0.991461	0.0207119	8.9E-01	0.00176662	0.00564003	0.0981127	7.5E-01	0.0649019	8.0E-01
rs12681792	8	62054463	0.850895	C	A	0.807401	0.990908	0.211663	6.5E-01	-0.00250362	0.00710539	0.124154	7.2E-01	0.263867	6.1E-01
rs7822926	8	64701966	0.867188	A	C	0.529208	0.995395	0.374377	5.4E-01	0.00347999	0.00559357	0.387061	5.3E-01	0.225744	6.3E-01
rs2017657	8	73426371	0.974058	G	T	0.427149	1	0.297933	5.9E-01	0.00384077	0.00564398	0.46309	5.0E-01	0.305084	5.8E-01
rs2943611	8	76473939	1.00704	T	C	0.203974	0.993157	1.25403	2.6E-01	-0.00685062	0.00692466	0.978729	3.2E-01	0.690612	4.1E-01
rs9298280	8	77329753	1.00881	T	G	0.287889	0.987301	2.65983	1.0E-01	-0.00920335	0.00617063	2.2245	1.4E-01	2.34744	1.3E-01
rs1180626	8	116476393	1.31509	G	A	0.224213	0.994168	3.9693	4.6E-02	0.013689	0.00671569	4.15488	4.2E-02	3.38649	6.6E-02
rs10124645	9	11321119	0.255592	A	G	0.589801	0.991792	0.0748084	7.8E-01	0.001052	0.00570698	0.03398	8.5E-01	0.0576202	8.1E-01
rs2457637	9	15533394	0.341722	T	C	0.512743	0.988377	1.20826	2.7E-01	-0.00712204	0.00559542	1.6201	2.0E-01	1.58443	2.1E-01
rs6476065	9	28403813	0.542923	C	T	0.423663	0.971482	1.88596	1.7E-01	-0.00770578	0.0057054	1.82415	1.8E-01	2.14502	1.4E-01
rs12345603	9	29601893	0.557517	C	T	0.574964	0.971878	8.01198	4.6E-03	-0.0164564	0.00571589	8.28897	4.0E-03	7.29025	6.9E-03
rs868980	9	92140852	1.08916	A	G	0.764207	0.992973	13.4317	2.5E-04	-0.0245057	0.00657928	13.8733	2.0E-04	10.6531	1.1E-03
rs7873003	9	96392945	1.13399	T	C	0.320009	0.990354	0.0712214	7.9E-01	-0.001557	0.00599787	0.0673879	8.0E-01	0.196562	6.6E-01
rs1852865	9	102750138	1.19624	C	T	0.434954	0.999839	0.186692	6.7E-01	-0.00184612	0.00563395	0.107373	7.4E-01	0.0684088	7.9E-01
rs7024334	9	109072075	1.25943	T	G	0.221004	0.999349	0.944546	3.3E-01	0.00511377	0.00670858	0.58106	4.5E-01	0.289139	5.9E-01
rs1252008	9	120362838	1.43341	T	C	0.568657	0.998833	0.290601	5.9E-01	-0.00384646	0.00561412	0.469417	4.9E-01	0.0925655	7.6E-01
rs3829849	9	129390800	1.5324	C	T	0.630889	0.998111	1.78057	1.8E-01	-0.00766319	0.00577381	1.76154	1.8E-01	1.94005	1.6E-01
rs10733682	9	129460914	1.5336	A	G	0.474217	0.966242	0.072598	7.9E-01	-0.00218126	0.00564891	0.149102	7.0E-01	0.304369	5.8E-01
rs2267958	9	131015279	1.55043	G	A	0.485563	0.958689	4.29321	3.8E-02	-0.0115188	0.00570042	4.08319	4.3E-02	3.7216	5.4E-02
rs10159545	10	21766969	0.466662	C	G	0.649246	0.986543	3.73769	5.3E-02	-0.0118257	0.00586808	4.06127	4.4E-02	3.94807	4.7E-02
rs12762034	10	33969931	0.621029	T	C	0.92272	0.998956	2.91283	8.8E-02	-0.0210448	0.0104253	4.07487	4.4E-02	2.92132	8.7E-02
rs4595495	10	53673286	0.748363	A	G	0.58387	0.998015	0.026086	8.7E-01	0.000491936	0.00567635	0.00751067	9.3E-01	0.0186309	8.9E-01
rs4746855	10	64822828	0.870307	G	A	0.596714	1	20.5489	5.8E-06	0.0258254	0.00569172	20.5877	5.7E-06	18.1688	2.0E-05
rs12098284	10	76047464	0.999816	C	T	0.877434	0.998637	0.366764	5.4E-01	0.00604123	0.00850169	0.50494	4.8E-01	1.13369	2.9E-01
rs1249156	10	79979737	1.04291	T	C	0.294183	0.999324	0.230319	6.3E-01	0.0027639	0.00612039	0.203933	6.5E-01	0.00296928	9.6E-01
rs12245654	10	87562928	1.13739	A	C	0.927047	0.984714	3.64218	5.6E-02	-0.0201479	0.010788	3.48802	6.2E-02	2.13204	1.4E-01
rs472576	10	99694970	1.2698	G	C	0.540757	0.96945	0.362947	5.5E-01	0.0042305	0.0056677	0.557148	4.6E-01	0.467114	4.9E-01
rs4074720	10	114748497	1.39784	C	T	0.534572	0.984751	0.217849	6.4E-01	-0.00341262	0.00562157	0.368518	5.4E-01	0.286212	5.9E-01
rs72828935	10	126587488	1.61238	G	C	0.716689	0.993686	3.54416	6.0E-02	-0.0119271	0.00620195	3.69842	5.4E-02	3.31605	6.9E-02
rs12778347	10	133978806	1.80077	G	T	0.423877	0.999758	0.4826	4.9E-01	-0.00233637	0.00563696	0.171788	6.8E-01	0.408039	5.2E-01
rs12802861	11	8387806	0.188896	C	T	0.71326	0.995592	0.80739	3.7E-01	0.00469234	0.00617147	0.578098	4.5E-01	0.40108	5.3E-01
rs7942486	11	13288698	0.267633	G	T	0.432178	0.998702	2.68881	1.0E-01	-0.00852126	0.0056313	2.28976	1.3E-01	2.40714	1.2E-01
rs12791818	11	27277760	0.463075	A	G	0.918985	0.937343	1.08269	3.0E-01	0.00988118	0.0105524	0.876829	3.5E-01	1.21564	2.7E-01
rs2679059	11	43599791	0.621966	A	T	0.402252	0.990165	8.8537	2.9E-03	0.0176106	0.00572648	9.45738	2.1E-03	7.7831	5.3E-03
rs11038428	11	45404318	0.657443	G	T	0.717407	0.990678	0.27159	6.0E-01	0.00440003	0.00620678	0.502548	4.8E-01	0.90158	3.4E-01
rs35184771	11	47475189	0.665304	G	T	0.648082	0.998878	0.000797613	9.8E-01	-0.00140123	0.00582643	0.0578382	8.1E-01	0.0264762	8.7E-01
rs10792318	11	61531443	0.703376	A	G	0.749747	1	35.4767	2.6E-09	-0.0391793	0.0064416	36.9935	1.2E-09	38.4047	5.7E-10
rs11549690	11	63991581	0.731065	G	A	0.922817	1	1.97208	1.6E-01	0.0140583	0.0104427	1.81231	1.8E-01	1.71876	1.9E-01
rs2605603	11	93221105	1.00432	G	A	0.520259	0.995512	0.0180139	8.9E-01	-0.00176493	0.00555526	0.100936	7.5E-01	0.000262401	9.9E-01
rs4937870	11	112826709	1.19814	A	G	0.689169	0.983578	0.0119632	9.1E-01	-0.000233606	0.00606183	0.00148511	9.7E-01	0.0596901	8.1E-01
rs2187986	11	115001410	1.23045	G	A	0.524684	0.965018	0.466219	4.9E-01	0.0032223	0.00568357	0.321433	5.7E-01	0.124595	7.2E-01
rs501351	11	118917814	1.29362	T	G	0.605774	0.997555	0.0575403	8.1E-01	-0.00086572	0.00570131	0.0230571	8.8E-01	0.0200095	8.9E-01
rs7941030	11	122522375	1.35839	T	C	0.616205	1	2.90382	8.8E-02	0.0101723	0.00574705	3.13291	7.7E-02	3.24028	7.2E-02
rs4366492	11	130717256	1.51227	T	C	0.474614	0.99465	1.54502	2.1E-01	-0.00745739	0.00556984	1.79262	1.8E-01	1.15218	2.8E-01
rs10894604	11	132641746	1.55638	T	G	0.652028	1	0.349791	5.5E-01	0.00242003	0.00584469	0.171442	6.8E-01	0.0780613	7.8E-01
rs11064524	12	889902	0.0208303	T	G	0.758532	1	0.0620899	8.0E-01	-0.00158262	0.00649357	0.0594004	8.1E-01	0.00937867	9.2E-01
rs7976757	12	19207948	0.354438	T	C	0.171206	0.989812	0.109817	7.4E-01	-0.00391622	0.00741323	0.279074	6.0E-01	0.712544	4.0E-01
rs16926776	12	24001905	0.419584	C	T	0.922961	1	2.05538	1.5E-01	0.0122481	0.010467	1.3693	2.4E-01	1.36174	2.4E-01
rs11181001	12	41948196	0.563104	A	G	0.469108	0.977653	0.00373885	9.5E-01	-0.00124173	0.00562699	0.0486972	8.3E-01	0.0057196	9.4E-01
rs2720296	12	50169070	0.630128	G	A	0.609632	0.950295	1.20702	2.7E-01	0.00471829	0.00586607	0.646957	4.2E-01	0.614955	4.3E-01
rs11173522	12	60953472	0.741724	C	A	0.784532	0.998242	0.199242	6.6E-01	0.00292466	0.00679228	0.185404	6.7E-01	0.12312	7.3E-01
rs317646	12	69657145	0.849888	G	A	0.275066	0.99846	4.04686	4.4E-02	0.0131137	0.00624921	4.40354	3.6E-02	5.38321	2.0E-02
rs704067	12	89726027	1.03172	G	A	0.545146	0.989595	1.27578	2.6E-01	-0.00750589	0.00563839	1.77213	1.8E-01	1.65373	2.0E-01
rs591776	12	99538895	1.16639	C	T	0.364365	0.994453	1.02041	3.1E-01	0.00565196	0.00580743	0.947173	3.3E-01	0.500858	4.8E-01
rs4433630	12	103650031	1.2114	T	C	0.48744	0.978156	0.584518	4.4E-01	-0.0031188	0.00561596	0.30841	5.8E-01	0.0875428	7.7E-01
rs11832936	12	110549533	1.29782	A	C	0.610247	0.999756	0.204454	6.5E-01	-0.00279602	0.00573537	0.237661	6.3E-01	0.00324095	9.5E-01
rs111828690	12	117576767	1.39704	C	T	0.779464	0.990204	0.038309	8.4E-01	0.000490365	0.00678431	0.00522429	9.4E-01	0.124084	7.2E-01
rs144713920	12	122485389	1.46548	C	G	0.945974	0.956209	1.22283	2.7E-01	-0.0123354	0.0125962	0.959014	3.3E-01	1.77158	1.8E-01
rs12317176	12	124404718	1.4789	T	C	0.662157	0.998072	1.69516	1.9E-01	0.0061799	0.00587726	1.10564	2.9E-01	2.24601	1.3E-01
rs9579775	13	20616557	0.0139469	A	C	0.863467	0.926233	2.13787	1.4E-01	0.0103128	0.00844442	1.49147	2.2E-01	2.3119	1.3E-01
rs4771218	13	28655311	0.212187	G	A	0.373005	0.991013	0.632893	4.3E-01	0.00508496	0.00578767	0.771911	3.8E-01	0.866285	3.5E-01
rs9591001	13	33042870	0.304346	G	A	0.634695	0.994769	3.7464	5.3E-02	0.0121643	0.00581756	4.37214	3.7E-02	4.79404	2.9E-02
rs9568856	13	54064981	0.568758	G	A	0.871723	1	0.0936018	7.6E-01	-0.00206146	0.00833885	0.0611133	8.0E-01	0.00892483	9.2E-01
rs6561937	13	58257667	0.585042	T	A	0.243776	0.993408	1.96237	1.6E-01	0.00847386	0.00652468	1.68672	1.9E-01	2.52487	1.1E-01
rs1413125	13	59260131	0.587755	G	T	0.574048	0.994453	1.67412	2.0E-01	0.00814569	0.00565957	2.07152	1.5E-01	2.61476	1.1E-01
rs1441264	13	79580919	0.787841	G	A	0.406364	0.956515	2.57419	1.1E-01	-0.00910131	0.00577852	2.48071	1.2E-01	3.31447	6.9E-02
rs61969477	13	86477950	0.835644	T	C	0.717214	0.998003	0.223137	6.4E-01	-0.00178036	0.00618592	0.0828337	7.7E-01	0.398801	5.3E-01
rs1927790	13	96922191	0.93596	T	C	0.587589	0.998094	0.548929	4.6E-01	-0.00392701	0.00567218	0.479318	4.9E-01	0.601742	4.4E-01
rs7335249	13	109962579	1.18904	T	C	0.587526	0.995494	0.227663	6.3E-01	0.00116873	0.00567312	0.0424411	8.4E-01	0.0300692	8.6E-01
rs7141213	14	25878636	0.160923	C	T	0.428505	0.99817	0.306521	5.8E-01	-0.00316269	0.00565174	0.313147	5.8E-01	0.520506	4.7E-01
rs6576279	14	29649958	0.207571	G	C	0.190393	0.998923	1.43866	2.3E-01	-0.00841211	0.00707617	1.41323	2.3E-01	1.1198	2.9E-01
rs2143975	14	33297398	0.262161	C	G	0.467897	0.986467	2.945	8.6E-02	0.0100937	0.00564018	3.2027	7.4E-02	1.78368	1.8E-01
rs35020117	14	73341655	0.671145	T	G	0.538277	0.933938	1.17975	2.8E-01	0.00755125	0.00578223	1.70548	1.9E-01	1.72929	1.9E-01
rs7159565	14	79891894	0.74792	T	C	0.36268	0.984708	1.64832	2.0E-01	0.00616171	0.00582126	1.12039	2.9E-01	2.29734	1.3E-01
rs1951455	14	91512339	0.88209	T	C	0.283982	0.997245	4.46854	3.5E-02	0.0130542	0.00618122	4.46016	3.5E-02	5.72536	1.7E-02
rs2273639	14	93762162	0.916561	C	T	0.692907	0.99913	6.23953	1.2E-02	0.0158017	0.00604925	6.82345	9.0E-03	7.65913	5.6E-03
rs7161194	14	101529005	1.0886	A	G	0.336786	0.914125	0.41512	5.2E-01	-0.00438947	0.00616122	0.507565	4.8E-01	1.00546	3.2E-01
rs12148050	14	103263788	1.11638	A	G	0.348874	0.9994	0.295585	5.9E-01	-0.00389421	0.00583458	0.445472	5.0E-01	0.676994	4.1E-01
rs35443927	14	103849715	1.12404	C	T	0.630061	0.995118	0.141608	7.1E-01	0.00291326	0.00576575	0.255297	6.1E-01	0.184022	6.7E-01
rs28364406	15	42679423	0.640004	C	T	0.981772	0.986947	36.5812	1.5E-09	-0.122204	0.0209679	33.9673	5.6E-09	35.2882	2.8E-09
rs12908949	15	59475713	0.795908	T	G	0.77013	0.991439	0.00245783	9.6E-01	0.00124839	0.00664247	0.0353218	8.5E-01	0.225192	6.4E-01
rs12903168	15	67680209	0.914057	T	C	0.726776	0.98909	1.13424	2.9E-01	-0.00669095	0.00628922	1.13183	2.9E-01	0.377598	5.4E-01
rs4777542	15	73082366	0.987566	C	T	0.670419	0.995307	0.78802	3.7E-01	-0.00506747	0.00595744	0.723543	3.9E-01	0.348596	5.5E-01
rs11855821	15	78008843	1.01251	G	A	0.714306	0.958126	0.0013268	9.7E-01	-1.35289e-05	0.00628265	4.63705e-06	1.0E+00	0.000172823	9.9E-01
rs12914623	15	80993570	1.05801	G	C	0.732913	0.994175	1.97514	1.6E-01	0.00857727	0.00630535	1.85046	1.7E-01	2.0802	1.5E-01
rs7168523	15	95263911	1.31585	C	T	0.355269	0.99653	2.51636	1.1E-01	0.00977177	0.00582835	2.81096	9.4E-02	3.66904	5.5E-02
rs1048786	16	336916	0.0036807	C	T	0.830941	1	0.365029	5.5E-01	0.00138809	0.00743252	0.0348791	8.5E-01	0.017648	8.9E-01
rs2601773	16	4001898	0.0718473	C	A	0.503399	0.995484	1.17808	2.8E-01	-0.00597916	0.00557789	1.14905	2.8E-01	1.05257	3.0E-01
rs9934930	16	4902038	0.0862098	A	G	0.521116	0.994594	0.338805	5.6E-01	0.00308854	0.00560874	0.303232	5.8E-01	0.0422203	8.4E-01
rs7187976	16	19708196	0.389763	A	G	0.820215	0.98274	1.16231	2.8E-01	0.00799842	0.00730117	1.20012	2.7E-01	1.07354	3.0E-01
rs4238585	16	20255097	0.398011	C	T	0.13201	0.96298	0.330567	5.7E-01	-0.00320502	0.00837488	0.146455	7.0E-01	0.00446774	9.5E-01
rs11074452	16	20370168	0.40198	C	G	0.490517	0.995812	0.0508144	8.2E-01	-0.00141192	0.00558567	0.0638955	8.0E-01	0.006985	9.3E-01
rs200539	16	24735178	0.466016	T	C	0.268765	0.996448	6.0952	1.4E-02	-0.0143706	0.00626323	5.26442	2.2E-02	5.7263	1.7E-02
rs2650494	16	28318440	0.541911	A	G	0.581267	0.992404	1.32417	2.5E-01	0.00663609	0.00565063	1.37921	2.4E-01	2.00319	1.6E-01
rs4787483	16	29885447	0.552081	A	G	0.662227	1	0.460317	5.0E-01	0.00468506	0.00589622	0.631367	4.3E-01	0.44446	5.0E-01
rs111886096	16	53598310	0.644304	A	G	0.862466	0.993464	0.555088	4.6E-01	-0.00510023	0.00810261	0.396214	5.3E-01	0.465699	4.9E-01
rs7205986	16	53755146	0.644839	A	G	0.489919	0.988839	0.326444	5.7E-01	-0.00260917	0.00561713	0.215762	6.4E-01	0.420441	5.2E-01
rs77712507	16	56742475	0.726646	G	A	0.929573	0.973547	38.6554	5.1E-10	0.0692289	0.0110211	39.4573	3.4E-10	36.8973	1.2E-09
rs5011579	16	69187318	0.855228	C	G	0.2843	0.994942	0.00412715	9.5E-01	-0.000540469	0.00618727	0.00763034	9.3E-01	0.15672	6.9E-01
rs12924872	16	69552215	0.858355	C	T	0.533347	0.984378	4.08662	4.3E-02	0.0116033	0.0056359	4.23876	4.0E-02	4.50171	3.4E-02
rs811054	16	72251132	0.873381	C	T	0.462771	0.985658	1.58998	2.1E-01	-0.00689	0.0056217	1.50211	2.2E-01	1.18335	2.8E-01
rs12443634	16	81524274	1.04567	A	C	0.28686	0.984586	43.6377	4.0E-11	0.0419555	0.00620285	45.7505	1.3E-11	42.7391	6.3E-11
rs77081114	17	1816762	0.0641667	G	A	0.834903	1	1.5573	2.1E-01	0.0108114	0.00751411	2.07016	1.5E-01	1.29807	2.5E-01
rs3026101	17	5280440	0.136672	T	C	0.696449	0.998494	0.152963	7.0E-01	-0.00279129	0.00607095	0.211396	6.5E-01	0.220212	6.4E-01
rs10491104	17	15884561	0.425342	C	T	0.468509	1	0.47972	4.9E-01	0.0038688	0.00558708	0.479494	4.9E-01	0.312862	5.8E-01
rs9906072	17	21245687	0.471598	T	C	0.486625	0.873727	4.72716	3.0E-02	0.0126986	0.00597425	4.518	3.4E-02	6.36804	1.2E-02
rs9904602	17	34835526	0.595066	T	A	0.482475	0.99641	0.746997	3.9E-01	-0.00522172	0.00558222	0.875008	3.5E-01	0.857548	3.5E-01
rs12453233	17	45454570	0.698795	C	T	0.453175	0.999002	34.4249	4.4E-09	0.0316871	0.00560208	31.9939	1.5E-08	36.146	1.8E-09
rs55797392	17	47055622	0.707863	G	A	0.589793	0.985453	2.32309	1.3E-01	0.00826669	0.00569802	2.10482	1.5E-01	2.38161	1.2E-01
rs17631394	17	61646000	0.886955	G	A	0.736546	0.99153	6.89761	8.6E-03	-0.0159901	0.00635442	6.33217	1.2E-02	6.70744	9.6E-03
rs1801689	17	64210580	0.919581	A	C	0.96949	1	30.7596	2.9E-08	0.0912537	0.0162018	31.7231	1.8E-08	36.3765	1.6E-09
rs113120414	17	66945345	0.964692	A	G	0.942645	0.937715	32.9198	9.6E-09	0.0729106	0.0123625	34.7829	3.7E-09	42.2935	7.9E-11
rs4424946	17	78554888	1.24995	T	C	0.762112	0.998925	0.785795	3.8E-01	-0.00620123	0.00654616	0.897392	3.4E-01	0.440416	5.1E-01
rs4076427	17	79087537	1.26024	G	C	0.609873	0.985353	0.0291173	8.6E-01	-0.00119888	0.00572896	0.0437926	8.3E-01	0.218044	6.4E-01
rs1371274	18	1837007	0.0479005	A	C	0.863572	0.995553	1.23523	2.7E-01	0.00946196	0.00810613	1.3625	2.4E-01	1.00762	3.2E-01
rs11875960	18	21071925	0.432054	A	G	0.650113	0.974621	3.34908	6.7E-02	0.0131617	0.0059194	4.94392	2.6E-02	6.07485	1.4E-02
rs9807506	18	39493911	0.604143	C	T	0.110516	0.995331	1.26261	2.6E-01	-0.00981797	0.00890691	1.21504	2.7E-01	1.42271	2.3E-01
rs4890428	18	40697340	0.611694	G	T	0.5787	0.994435	1.38675	2.4E-01	-0.00666376	0.00566999	1.38125	2.4E-01	1.24041	2.7E-01
rs7239114	18	45921214	0.66958	G	A	0.458185	0.985699	0.76385	3.8E-01	-0.00613972	0.0056331	1.18796	2.8E-01	0.959923	3.3E-01
rs72934723	18	53305311	0.747109	A	G	0.96095	0.966483	4.5476	3.3E-02	0.0309383	0.0146357	4.46854	3.5E-02	3.99502	4.6E-02
rs2187176	18	57679365	0.819838	A	G	0.309978	0.982596	0.364812	5.5E-01	-0.00324038	0.00608016	0.284029	5.9E-01	0.415117	5.2E-01
rs117758180	18	57809744	0.821562	C	T	0.97678	1	0.530128	4.7E-01	-0.0118885	0.018501	0.412918	5.2E-01	0.320334	5.7E-01
rs113268469	18	57862913	0.821729	C	T	0.982698	0.966786	2.52529	1.1E-01	-0.0334064	0.0217496	2.35917	1.2E-01	2.06875	1.5E-01
rs11668832	19	1812682	0.0683182	A	G	0.450689	0.989019	0.00157829	9.7E-01	-0.000293041	0.00560801	0.00273048	9.6E-01	0.0342784	8.5E-01
rs72976986	19	4050424	0.142675	G	A	0.810758	0.984512	3.25062	7.1E-02	0.0136593	0.00716504	3.63431	5.7E-02	3.96002	4.7E-02
rs8110479	19	10734951	0.317437	T	C	0.0486634	0.947456	38.1551	6.5E-10	0.0820523	0.0132203	38.521	5.4E-10	40.5869	1.9E-10
rs55714539	19	18207397	0.447742	A	C	0.656472	0.982807	0.548146	4.6E-01	0.00556284	0.00589127	0.891609	3.5E-01	0.738168	3.9E-01
rs12461902	19	30265235	0.512848	G	A	0.672506	0.985963	3.28999	7.0E-02	-0.0100323	0.00598017	2.8143	9.3E-02	2.82441	9.3E-02
rs11882409	19	34019685	0.562915	C	A	0.713772	0.966519	0.0188432	8.9E-01	0.000596072	0.00625276	0.0090877	9.2E-01	0.181349	6.7E-01
rs62116588	19	44446097	0.68736	C	G	0.976805	0.933368	45.3781	1.6E-11	-0.128953	0.0191334	45.4235	1.6E-11	48.1606	3.9E-12
rs55840997	19	44480979	0.687479	G	A	0.981353	1	31.7132	1.8E-08	-0.116258	0.0205511	32.0018	1.5E-08	36.1299	1.8E-09
rs73048351	19	45160086	0.697689	C	A	0.989712	0.91554	72.9103	1.4E-17	-0.246193	0.0288455	72.8439	1.4E-17	76.9513	1.8E-18
rs11881756	19	45220896	0.699851	T	C	0.886737	1	220.905	5.7E-50	-0.129505	0.00876169	218.474	1.9E-49	234.006	8.0E-53
rs139326841	19	45269725	0.701551	T	C	0.978636	0.821408	33.1533	8.5E-09	0.119656	0.0211382	32.0429	1.5E-08	37.0757	1.1E-09
rs2075649	19	45395330	0.707004	A	G	0.611354	0.998574	59.2512	1.4E-14	0.0445338	0.00571506	60.721	6.6E-15	69.7364	6.8E-17
rs146390218	19	45478352	0.709104	A	G	0.973731	0.966351	205.066	1.6E-46	-0.253086	0.0176667	205.222	1.5E-46	208.639	2.7E-47
rs1884389	20	1410582	0.0620248	C	T	0.560429	0.990862	0.0126963	9.1E-01	-0.000705297	0.00563832	0.0156475	9.0E-01	0.00331447	9.5E-01
rs1321453	20	6585670	0.214258	G	A	0.332006	0.979962	1.43211	2.3E-01	-0.00653559	0.00599039	1.19031	2.8E-01	1.85563	1.7E-01
rs947088	20	17171373	0.411628	G	T	0.280165	0.992316	1.31562	2.5E-01	-0.00733714	0.00623849	1.38323	2.4E-01	1.0632	3.0E-01
rs8116853	20	21439820	0.48109	A	G	0.902603	0.99434	0.139692	7.1E-01	0.00299807	0.00941009	0.101507	7.5E-01	0.347617	5.6E-01
rs6142096	20	32686658	0.536502	G	A	0.481267	0.998195	4.32069	3.8E-02	-0.011732	0.00558769	4.40837	3.6E-02	4.71752	3.0E-02
rs11699260	20	50813508	0.791033	G	C	0.710789	0.999421	0.063195	8.0E-01	0.000644785	0.00613666	0.0110399	9.2E-01	0.0177857	8.9E-01
rs2836753	21	40291187	0.447396	T	C	0.362883	0.999333	6.17117	1.3E-02	-0.0142145	0.00578863	6.02994	1.4E-02	7.50059	6.2E-03
rs1964926	21	42653121	0.51205	A	G	0.35393	0.992207	0.211888	6.5E-01	-0.00205371	0.00585603	0.12299	7.3E-01	0.430893	5.1E-01
rs8130074	21	46498684	0.621941	C	G	0.35124	0.996511	1.22171	2.7E-01	0.00652596	0.00585325	1.24307	2.6E-01	1.71014	1.9E-01
rs4820399	22	40546633	0.498151	C	T	0.4075	0.991505	0.6054	4.4E-01	-0.00451606	0.00568321	0.631438	4.3E-01	0.867866	3.5E-01
rs13053342	22	48871624	0.664334	G	A	0.577345	0.990848	0.444716	5.0E-01	0.00370661	0.00565515	0.429603	5.1E-01	0.108809	7.4E-01
