SNP	CHR	BP	GENPOS	ALLELE1	ALLELE0	A1FREQ	INFO	CHISQ_LINREG	P_LINREG	BETA	SE	CHISQ_BOLT_LMM_INF	P_BOLT_LMM_INF	CHISQ_BOLT_LMM	P_BOLT_LMM
rs28788874	1	1520725	0.0141684	C	T	0.584735	0.768295	2.63787e-05	1.0E+00	0.000278235	0.00647197	0.0018482	9.7E-01	0.00207653	9.6E-01
rs72634501	1	39551488	0.669558	T	C	0.760747	0.973003	0.371355	5.4E-01	-0.00326883	0.00667824	0.239586	6.2E-01	0.309833	5.8E-01
rs7545034	1	47659445	0.739124	T	C	0.495311	0.986554	0.331837	5.6E-01	-0.00335268	0.00566274	0.350535	5.5E-01	0.737492	3.9E-01
rs7553454	1	49231261	0.759781	T	C	0.774904	0.984417	0.0524946	8.2E-01	0.000938869	0.00676056	0.0192861	8.9E-01	0.0261091	8.7E-01
rs12117661	1	55487346	0.808955	C	G	0.755046	0.987273	50.2341	1.4E-12	0.0480683	0.00659111	53.1865	3.0E-13	55.2087	1.1E-13
rs624698	1	62900811	0.92277	A	G	0.58261	0.969721	75.1234	4.4E-18	0.0513251	0.0057769	78.9349	6.4E-19	84.4651	3.9E-20
rs6690871	1	74977277	1.04309	A	G	0.592502	0.986356	2.38694	1.2E-01	0.00856699	0.00575945	2.21256	1.4E-01	2.47663	1.2E-01
rs2247536	1	77919438	1.07305	G	C	0.734406	0.984022	0.0553623	8.1E-01	0.00288548	0.00642217	0.201871	6.5E-01	0.0104982	9.2E-01
rs1536023	1	96882019	1.26526	C	A	0.779556	0.988892	1.19909	2.7E-01	0.00678026	0.00682337	0.987406	3.2E-01	1.34507	2.5E-01
rs10747488	1	98299475	1.27829	C	A	0.231417	0.993887	0.137335	7.1E-01	0.00315936	0.00669699	0.222556	6.4E-01	0.361786	5.5E-01
rs920835	1	107946802	1.36667	G	A	0.707486	0.968585	0.120931	7.3E-01	-0.00137909	0.0062853	0.048143	8.3E-01	0.00388814	9.5E-01
rs35389458	1	109603693	1.38368	T	A	0.864073	0.969843	30.7744	2.9E-08	0.045865	0.00829704	30.5575	3.2E-08	27.337	1.7E-07
rs4357530	1	151103153	1.65977	G	A	0.321207	0.991504	0.592648	4.4E-01	-0.00481883	0.00604779	0.634878	4.3E-01	0.763361	3.8E-01
rs148261599	1	155253286	1.69959	C	G	0.796018	0.939661	0.129881	7.2E-01	0.00205267	0.00717491	0.0818476	7.7E-01	0.125054	7.2E-01
rs12565430	1	174400537	1.95129	G	A	0.890495	0.989663	2.09744	1.5E-01	-0.0120957	0.00902398	1.79665	1.8E-01	1.56279	2.1E-01
rs10913418	1	177755299	1.98687	C	A	0.596511	0.989574	1.35357	2.4E-01	-0.00705539	0.00576017	1.50028	2.2E-01	1.24232	2.7E-01
rs1359940	1	177848153	1.98809	T	C	0.542981	0.978287	2.58794	1.1E-01	-0.00871115	0.00570806	2.32903	1.3E-01	1.81087	1.8E-01
rs9425633	1	184657251	2.05452	T	C	0.517837	0.997773	0.12601	7.2E-01	-0.00231619	0.00562458	0.169578	6.8E-01	0.476123	4.9E-01
rs10801363	1	194922207	2.13186	T	A	0.632532	0.99595	4.84254	2.8E-02	-0.0120912	0.00583619	4.2922	3.8E-02	4.7702	2.9E-02
rs2494116	1	201784151	2.19723	G	A	0.451622	0.998902	0.00615849	9.4E-01	0.000302636	0.00564085	0.0028784	9.6E-01	7.46548e-05	9.9E-01
rs661955	1	234842856	2.62186	G	C	0.481801	0.978806	36.8879	1.3E-09	-0.0340185	0.00567883	35.885	2.1E-09	41.1219	1.4E-10
rs12042959	1	243533273	2.82744	A	G	0.856757	0.985729	0.077369	7.8E-01	0.00221415	0.00806226	0.0754222	7.8E-01	0.0129252	9.1E-01
rs6548228	2	345889	0.00380575	T	C	0.476197	0.997111	1.41956	2.3E-01	-0.00577581	0.00563332	1.05123	3.1E-01	1.11944	2.9E-01
rs2667214	2	449487	0.00560823	A	G	0.676488	0.984343	1.35843	2.4E-01	-0.00751061	0.00606244	1.53481	2.2E-01	1.04584	3.1E-01
rs10176391	2	574368	0.00678655	C	G	0.988537	0.920209	4.24647	3.9E-02	0.0571358	0.0274952	4.3182	3.8E-02	4.29066	3.8E-02
rs145400326	2	21109020	0.419242	T	C	0.954596	0.960711	52.9257	3.5E-13	0.102461	0.013738	55.625	8.8E-14	53.8475	2.2E-13
rs3903032	2	21119850	0.419449	A	T	0.877441	0.983296	61.7726	3.9E-15	-0.0688158	0.00861736	63.7717	1.4E-15	68.1572	1.5E-16
rs75503394	2	25155419	0.457101	C	T	0.904575	0.987449	1.42642	2.3E-01	0.0107987	0.00960731	1.2634	2.6E-01	0.66601	4.1E-01
rs10048652	2	35449306	0.577825	T	C	0.438309	0.999392	3.82008	5.1E-02	0.00976839	0.00567336	2.9646	8.5E-02	2.84619	9.2E-02
rs56266464	2	44054991	0.686489	G	A	0.939556	0.986548	48.4027	3.5E-12	0.0844979	0.0118872	50.5278	1.2E-12	49.9507	1.6E-12
rs698838	2	44738763	0.693339	C	T	0.374359	1	2.33699	1.3E-01	-0.00851581	0.00580991	2.14839	1.4E-01	1.71753	1.9E-01
rs3198123	2	55207693	0.827446	C	T	0.698625	0.993954	0.0987256	7.5E-01	-0.00128078	0.00615067	0.0433615	8.4E-01	0.616066	4.3E-01
rs13032423	2	57992112	0.847237	G	A	0.445418	0.996747	5.8521	1.6E-02	-0.0138274	0.00567189	5.9433	1.5E-02	6.13278	1.3E-02
rs55767040	2	58955028	0.850031	T	C	0.699424	0.989049	2.38961	1.2E-01	0.00904174	0.00617742	2.14235	1.4E-01	2.66133	1.0E-01
rs980183	2	59311536	0.858192	G	A	0.398003	0.996406	0.239671	6.2E-01	-0.00244756	0.00574883	0.181263	6.7E-01	0.46957	4.9E-01
rs7557796	2	86766153	1.16162	T	C	0.352323	0.999778	0.720894	4.0E-01	0.00605334	0.00588592	1.0577	3.0E-01	0.778919	3.8E-01
rs13023088	2	100576304	1.22131	C	T	0.849851	0.99385	3.31464	6.9E-02	-0.0151185	0.00787852	3.68239	5.5E-02	3.11727	7.7E-02
rs9308868	2	104361420	1.24985	G	A	0.475644	0.997977	0.876128	3.5E-01	0.00575046	0.00564073	1.03929	3.1E-01	0.764325	3.8E-01
rs1349512	2	105435369	1.26243	T	C	0.689911	0.999103	0.103722	7.5E-01	0.00248422	0.006069	0.167551	6.8E-01	0.000774372	9.8E-01
rs1530559	2	135755629	1.58463	A	G	0.600693	1	0.0505413	8.2E-01	-0.00159214	0.00569104	0.0782672	7.8E-01	0.0393206	8.4E-01
rs2034604	2	143958745	1.64938	C	T	0.463349	0.997459	0.853721	3.6E-01	-0.00522579	0.00564503	0.856981	3.5E-01	0.619516	4.3E-01
rs12692596	2	161265910	1.78694	C	T	0.629192	0.996301	4.38284	3.6E-02	0.0122569	0.00580373	4.46011	3.5E-02	3.73912	5.3E-02
rs12328675	2	165540800	1.81492	T	C	0.879644	0.99881	19.1354	1.2E-05	0.0363245	0.00862303	17.7451	2.5E-05	14.2817	1.6E-04
rs6745626	2	181436641	2.00364	C	T	0.408617	0.996845	0.00620392	9.4E-01	-0.000992219	0.00572463	0.0300414	8.6E-01	0.0650353	8.0E-01
rs6743255	2	205363596	2.17314	A	G	0.119725	1	0.441627	5.1E-01	0.00747107	0.00863963	0.747782	3.9E-01	0.387441	5.3E-01
rs13000757	2	207145906	2.20108	G	T	0.495484	0.995817	1.6661	2.0E-01	0.00681159	0.005642	1.45757	2.3E-01	0.895667	3.4E-01
rs11692326	2	208263279	2.21189	C	T	0.770028	0.999964	1.96216	1.6E-01	0.00853749	0.00666359	1.64151	2.0E-01	1.6702	2.0E-01
rs12611517	2	228977034	2.47863	T	A	0.656814	0.999378	0.320411	5.7E-01	0.00298849	0.00591717	0.25508	6.1E-01	0.376389	5.4E-01
rs12473885	2	230569590	2.5018	G	T	0.878273	0.993886	0.0674213	8.0E-01	-0.00331793	0.00860166	0.148788	7.0E-01	0.00898136	9.2E-01
rs13098833	3	20428568	0.395393	A	G	0.723663	0.994024	0.00102848	9.7E-01	-0.000307103	0.00633293	0.00235157	9.6E-01	0.000481996	9.8E-01
rs754635	3	42305131	0.652861	C	G	0.112989	0.99768	0.152561	7.0E-01	-0.00443583	0.00885613	0.250878	6.2E-01	0.255384	6.1E-01
rs72906474	3	47817007	0.688057	G	T	0.417107	0.973948	0.0530482	8.2E-01	-0.00166397	0.00578185	0.0828242	7.7E-01	0.0402729	8.4E-01
rs71326904	3	49991060	0.690403	C	T	0.749113	0.999883	0.114153	7.4E-01	-0.00108562	0.00649051	0.0279768	8.7E-01	0.00028108	9.9E-01
rs1371095	3	61147530	0.807508	A	G	0.581645	0.99157	0.00738084	9.3E-01	-0.000567132	0.00572896	0.00979978	9.2E-01	0.0752375	7.8E-01
rs9874646	3	62462818	0.82936	C	T	0.314458	0.963027	2.09207	1.5E-01	-0.00941285	0.00617489	2.32372	1.3E-01	3.07267	8.0E-02
rs7430139	3	82504148	1.08216	A	G	0.834726	1	0.282763	5.9E-01	-0.00388401	0.00759049	0.261831	6.1E-01	0.261402	6.1E-01
rs1248859	3	85017098	1.08828	G	C	0.331024	0.996188	10.4227	1.2E-03	0.0196209	0.00599282	10.7195	1.1E-03	13.2884	2.7E-04
rs9857105	3	93893210	1.10433	A	G	0.459959	0.997124	1.54013	2.1E-01	-0.00724781	0.00566251	1.63831	2.0E-01	1.62618	2.0E-01
rs11917909	3	107864673	1.2019	G	A	0.64971	0.995989	0.0447474	8.3E-01	-0.00116811	0.00589528	0.0392605	8.4E-01	0.0521723	8.2E-01
rs2037001	3	131458973	1.44255	C	G	0.708207	0.979412	6.62654	1.0E-02	-0.0151797	0.00625477	5.88984	1.5E-02	5.31858	2.1E-02
rs9827662	3	135710841	1.49347	C	A	0.75398	0.999173	11.3774	7.4E-04	-0.0217566	0.00652644	11.1129	8.6E-04	9.85269	1.7E-03
rs355786	3	153990749	1.684	G	A	0.607502	0.999005	0.000219401	9.9E-01	-0.000318864	0.00577629	0.00304728	9.6E-01	0.00563407	9.4E-01
rs1604038	3	170709193	1.7983	C	T	0.714201	0.999363	1.48889	2.2E-01	-0.00744247	0.0062167	1.43323	2.3E-01	1.99329	1.6E-01
rs9867130	3	185729753	2.0208	A	G	0.141676	0.965346	2.44273	1.2E-01	0.0141737	0.00823164	2.96479	8.5E-02	2.8981	8.9E-02
rs59950280	4	3452345	0.0346252	G	A	0.667687	0.971572	36.069	1.9E-09	-0.0358243	0.00603176	35.2749	2.9E-09	32.4092	1.2E-08
rs11736501	4	18451423	0.339653	A	C	0.680338	0.997158	0.465883	4.9E-01	0.0042595	0.00602935	0.499089	4.8E-01	1.12547	2.9E-01
rs73244271	4	20091053	0.357316	A	G	0.887469	0.995322	0.69012	4.1E-01	-0.00654248	0.00894517	0.534944	4.6E-01	0.306844	5.8E-01
rs6849555	4	25150890	0.433804	G	C	0.799698	0.94032	6.08625	1.4E-02	0.0180989	0.00724621	6.23853	1.3E-02	6.61605	1.0E-02
rs4623046	4	45042343	0.679347	G	A	0.33237	0.994028	0.188443	6.6E-01	-0.00195826	0.00597544	0.107399	7.4E-01	0.00575697	9.4E-01
rs6829208	4	52728640	0.6941	T	C	0.726338	0.99807	1.63275	2.0E-01	-0.00696539	0.00630292	1.22126	2.7E-01	0.735827	3.9E-01
rs6815651	4	55487718	0.714225	C	T	0.450226	0.994486	1.4953	2.2E-01	-0.00674551	0.00565822	1.42125	2.3E-01	1.76197	1.8E-01
rs923994	4	67802992	0.836181	A	G	0.217153	0.992221	5.4105	2.0E-02	0.0163349	0.00682279	5.73201	1.7E-02	5.40162	2.0E-02
rs12645001	4	96018337	1.09763	G	A	0.650874	0.99796	3.13314	7.7E-02	0.00963159	0.0058964	2.66822	1.0E-01	2.22971	1.4E-01
rs13105682	4	102702364	1.15516	T	G	0.941406	0.93989	4.72233	3.0E-02	-0.0282168	0.0123535	5.21715	2.2E-02	5.20474	2.3E-02
rs11728213	4	113309647	1.25168	G	A	0.683684	0.99931	0.037646	8.5E-01	-0.000531291	0.00605652	0.00769519	9.3E-01	0.0482588	8.3E-01
rs1296328	4	137083193	1.44321	A	C	0.440098	0.99123	6.28447	1.2E-02	-0.0135157	0.00571468	5.59361	1.8E-02	5.80908	1.6E-02
rs4863516	4	140773770	1.49281	T	C	0.672112	0.999318	0.954349	3.3E-01	0.00517975	0.00598454	0.749127	3.9E-01	0.629613	4.3E-01
rs750090	4	152931436	1.59021	T	C	0.646587	0.97605	0.00502618	9.4E-01	-0.000776776	0.00592281	0.0172003	9.0E-01	0.049248	8.2E-01
rs13110266	4	162129844	1.69444	G	A	0.582061	0.993805	0.237964	6.3E-01	-0.00249897	0.00571224	0.191386	6.6E-01	0.337063	5.6E-01
rs4597930	5	27171542	0.425308	T	C	0.71786	0.997265	0.0858256	7.7E-01	0.00184912	0.00626221	0.0871913	7.7E-01	0.0401345	8.4E-01
rs6451675	5	43110855	0.62057	C	G	0.307452	0.990847	0.987964	3.2E-01	0.00519975	0.00610799	0.724718	3.9E-01	0.465232	5.0E-01
rs3843467	5	55856375	0.681472	G	T	0.792691	0.997784	30.3627	3.6E-08	-0.0381849	0.00692562	30.3995	3.5E-08	31.7856	1.7E-08
rs6449674	5	62995938	0.739824	T	C	0.52251	0.996207	0.0631034	8.0E-01	0.00161338	0.00563546	0.0819628	7.7E-01	0.036013	8.5E-01
rs4072296	5	74242002	0.858799	T	C	0.46019	0.938263	19.8701	8.3E-06	-0.0264261	0.00581932	20.6216	5.6E-06	23.4901	1.3E-06
rs11740689	5	80841360	0.956164	A	C	0.681749	0.9953	5.14962	2.3E-02	0.0130467	0.00603914	4.66715	3.1E-02	4.76112	2.9E-02
rs77156384	5	87709219	1.01438	A	G	0.979071	1	0.836909	3.6E-01	0.0187856	0.0196583	0.913176	3.4E-01	0.672298	4.1E-01
rs7701355	5	88804839	1.01946	G	T	0.578544	0.999666	0.204643	6.5E-01	-0.00201298	0.00570152	0.124652	7.2E-01	0.157556	6.9E-01
rs6885199	5	92574633	1.04879	G	A	0.9622	1	0.420754	5.2E-01	-0.00885432	0.0147353	0.36107	5.5E-01	0.265495	6.1E-01
rs12186664	5	95630225	1.07202	A	T	0.684284	0.993149	1.08626	3.0E-01	-0.00619686	0.00605777	1.04645	3.1E-01	1.77626	1.8E-01
rs1835978	5	107265051	1.15538	T	C	0.111179	0.976322	2.54818	1.1E-01	0.0141086	0.0090379	2.43686	1.2E-01	2.81537	9.3E-02
rs459552	5	112176756	1.19663	T	A	0.232844	1	0.0929701	7.6E-01	-0.00256171	0.00663929	0.148874	7.0E-01	0.414835	5.2E-01
rs329120	5	133861756	1.41589	C	T	0.579716	0.996967	0.000703356	9.8E-01	0.000526761	0.00570793	0.00851668	9.3E-01	0.0111395	9.2E-01
rs356453	5	139053563	1.4578	G	A	0.669183	0.993285	0.322324	5.7E-01	0.00347786	0.00598524	0.337646	5.6E-01	0.441638	5.1E-01
rs2190788	5	144484261	1.52142	G	T	0.681254	0.989372	3.13702	7.7E-02	-0.0112677	0.00608319	3.4309	6.4E-02	3.56057	5.9E-02
rs7701886	5	153547409	1.6413	G	A	0.45336	0.99206	0.024325	8.8E-01	0.000870249	0.00567187	0.0235415	8.8E-01	0.175934	6.7E-01
rs4704726	5	156354477	1.66272	G	A	0.636458	0.987029	38.8669	4.5E-10	-0.0365406	0.00584978	39.0186	4.2E-10	41.0872	1.5E-10
rs2287894	5	170322919	1.86356	T	A	0.272401	0.998905	0.0951981	7.6E-01	0.00179258	0.0063231	0.0803705	7.8E-01	0.163578	6.9E-01
rs10947758	6	12093961	0.272682	T	C	0.645937	0.995017	2.70831	1.0E-01	-0.00945185	0.00590147	2.56515	1.1E-01	1.76422	1.8E-01
rs9357634	6	13192190	0.290983	T	C	0.701576	0.98883	2.25254	1.3E-01	0.0095109	0.00618432	2.36515	1.2E-01	2.15984	1.4E-01
rs3806114	6	20482335	0.408974	G	A	0.330694	0.979566	0.0135576	9.1E-01	-0.000126971	0.0060463	0.00044099	9.8E-01	0.0649025	8.0E-01
rs9264259	6	31223685	0.511074	T	C	0.284817	0.847171	37.4922	9.2E-10	-0.0395534	0.00672334	34.6096	4.0E-09	32.0944	1.5E-08
rs114067101	6	32457960	0.520294	A	G	0.950202	0.559648	48.0596	4.1E-12	-0.116942	0.0169684	47.4959	5.5E-12	47.7302	4.9E-12
rs57493997	6	34443523	0.547182	T	C	0.907375	0.988432	1.01712	3.1E-01	-0.0101125	0.00974778	1.07622	3.0E-01	1.09147	3.0E-01
rs35679149	6	43604167	0.672046	A	G	0.973525	1	0.519508	4.7E-01	0.0152294	0.0175339	0.754412	3.9E-01	1.47329	2.2E-01
rs4714925	6	46304194	0.722787	A	G	0.493044	0.998125	0.244222	6.2E-01	0.00261741	0.00562994	0.216141	6.4E-01	0.0295143	8.6E-01
rs9473821	6	50356035	0.748721	T	C	0.122366	0.995677	6.54694	1.1E-02	-0.0219428	0.00859686	6.51484	1.1E-02	4.64468	3.1E-02
rs1369869	6	83366282	0.934423	C	T	0.558841	0.987317	0.191098	6.6E-01	0.00336806	0.00569793	0.349401	5.5E-01	0.318689	5.7E-01
rs6905544	6	98411631	1.06235	A	G	0.398807	0.997318	1.35021	2.5E-01	0.00638819	0.00575067	1.23401	2.7E-01	1.04123	3.1E-01
rs1575676	6	108861264	1.17848	C	T	0.628148	0.997454	0.837451	3.6E-01	0.00612011	0.00580969	1.10972	2.9E-01	1.20491	2.7E-01
rs9387640	6	119508871	1.25792	C	T	0.635398	1	0.978565	3.2E-01	-0.00511216	0.00585458	0.762459	3.8E-01	1.04675	3.1E-01
rs3861397	6	139828916	1.50314	A	G	0.666654	0.99555	34.0162	5.5E-09	-0.0340637	0.00596249	32.6383	1.1E-08	33.3772	7.6E-09
rs198665	6	143154886	1.51958	C	A	0.629508	0.991725	5.3101	2.1E-02	0.0140506	0.00585124	5.76621	1.6E-02	4.58594	3.2E-02
rs7755574	6	153364643	1.66311	G	T	0.718151	0.997121	2.06192	1.5E-01	0.00953996	0.00628826	2.30162	1.3E-01	2.19941	1.4E-01
rs13209728	6	162997533	1.81843	A	C	0.861097	0.999607	0.0203907	8.9E-01	0.00275581	0.00813565	0.11474	7.3E-01	0.0258441	8.7E-01
rs11767176	7	1852823	0.0275939	G	A	0.78849	0.994823	0.0845263	7.7E-01	0.00101765	0.0068836	0.0218556	8.8E-01	0.00379953	9.5E-01
rs4307239	7	24354300	0.415589	A	G	0.540084	0.99283	3.00493	8.3E-02	-0.00927684	0.00565944	2.68691	1.0E-01	2.98857	8.4E-02
rs2072183	7	44579180	0.698676	G	C	0.775748	1	35.6829	2.3E-09	-0.0403927	0.00672432	36.0835	1.9E-09	38.9764	4.3E-10
rs3807566	7	50564204	0.76671	G	T	0.56098	0.994523	0.0176163	8.9E-01	0.000400332	0.00567228	0.00498111	9.4E-01	0.00695527	9.3E-01
rs4718966	7	70040558	0.868636	C	T	0.584999	0.992694	0.0238483	8.8E-01	0.00102713	0.00574034	0.0320167	8.6E-01	0.00464677	9.5E-01
rs10950289	7	71429308	0.890251	A	G	0.837402	0.9787	2.48002	1.2E-01	-0.0107203	0.00769078	1.94301	1.6E-01	1.79267	1.8E-01
rs6964833	7	74101909	0.91305	T	C	0.742216	0.9996	7.75241e-05	9.9E-01	0.000370138	0.00643866	0.00330473	9.5E-01	0.00401673	9.5E-01
rs7805441	7	78121458	0.952449	C	T	0.496028	0.987826	0.109285	7.4E-01	0.000485433	0.00567892	0.00730679	9.3E-01	0.0445839	8.3E-01
rs16868443	7	93206264	1.0947	G	C	0.638366	0.996209	0.303292	5.8E-01	0.00319115	0.00584783	0.297788	5.9E-01	0.381838	5.4E-01
rs17155888	7	103416295	1.18694	T	A	0.573633	0.98913	0.560329	4.5E-01	-0.00387324	0.0057185	0.458758	5.0E-01	0.361331	5.5E-01
rs7788008	7	112972483	1.29323	G	A	0.566242	0.997606	1.11187	2.9E-01	0.00580571	0.00567309	1.0473	3.1E-01	1.23112	2.7E-01
rs12705908	7	113422504	1.29936	A	G	0.435782	0.999217	0.0956976	7.6E-01	0.00113365	0.00567067	0.039966	8.4E-01	0.452816	5.0E-01
rs1563408	7	114303189	1.30467	G	A	0.518625	0.9976	0.949634	3.3E-01	0.00461525	0.00563311	0.671265	4.1E-01	0.774446	3.8E-01
rs2968856	7	150614934	1.67963	T	C	0.750666	0.995794	0.473369	4.9E-01	0.00483057	0.00651998	0.548913	4.6E-01	0.275237	6.0E-01
rs2921077	8	8304502	0.239157	G	A	0.535755	0.992952	0.56858	4.5E-01	0.00518977	0.00567831	0.835331	3.6E-01	0.751674	3.9E-01
rs2959592	8	17002725	0.407822	T	C	0.81033	0.987439	0.252212	6.2E-01	0.00273159	0.00721788	0.143222	7.1E-01	0.113523	7.4E-01
rs1362910	8	30856464	0.645028	A	G	0.419317	0.991461	1.45931	2.3E-01	-0.00679777	0.0056967	1.42392	2.3E-01	1.54504	2.1E-01
rs55704109	8	59323247	0.819013	G	A	0.5057	0.919152	32.0078	1.5E-08	0.0327712	0.00588079	31.0536	2.5E-08	33.4746	7.2E-09
rs12681792	8	62054463	0.850895	C	A	0.807401	0.990908	0.015535	9.0E-01	-0.000313131	0.00717678	0.00190367	9.7E-01	0.00208848	9.6E-01
rs7822926	8	64701966	0.867188	A	C	0.529208	0.995395	0.690402	4.1E-01	0.00361872	0.00564977	0.41025	5.2E-01	0.276174	6.0E-01
rs2017657	8	73426371	0.974058	G	T	0.427149	1	1.62743	2.0E-01	0.00773781	0.00570069	1.84239	1.7E-01	1.83951	1.8E-01
rs2943611	8	76473939	1.00704	T	C	0.203974	0.993157	0.000643204	9.8E-01	-0.000490701	0.00699424	0.00492213	9.4E-01	0.00305155	9.6E-01
rs9298280	8	77329753	1.00881	T	G	0.287889	0.987301	4.05681	4.4E-02	0.0115285	0.00623263	3.42137	6.4E-02	3.38926	6.6E-02
rs1180626	8	116476393	1.31509	G	A	0.224213	0.994168	13.1023	2.9E-04	-0.0254007	0.00678317	14.0225	1.8E-04	14.776	1.2E-04
rs2385114	8	126447308	1.45276	C	T	0.513771	0.979388	53.3076	2.9E-13	-0.0425341	0.00569473	55.7864	8.1E-14	55.8615	7.8E-14
rs10124645	9	11321119	0.255592	A	G	0.589801	0.991792	0.0558624	8.1E-01	-0.000217104	0.00576126	0.00142004	9.7E-01	0.0477618	8.3E-01
rs2457637	9	15533394	0.341722	T	C	0.512743	0.988377	2.17216	1.4E-01	0.0087614	0.00564864	2.4058	1.2E-01	2.68403	1.0E-01
rs6476065	9	28403813	0.542923	C	T	0.423663	0.971482	2.84962	9.1E-02	0.00987758	0.00575967	2.94107	8.6E-02	2.12173	1.5E-01
rs12345603	9	29601893	0.557517	C	T	0.574964	0.971878	0.181801	6.7E-01	0.00365133	0.00577025	0.400418	5.3E-01	0.374649	5.4E-01
rs868980	9	92140852	1.08916	A	G	0.764207	0.992973	0.64769	4.2E-01	-0.0047608	0.00664185	0.513784	4.7E-01	0.805503	3.7E-01
rs7873003	9	96392945	1.13399	T	C	0.320009	0.990354	6.74672	9.4E-03	0.0155123	0.00605492	6.56354	1.0E-02	7.1589	7.5E-03
rs1852865	9	102750138	1.19624	C	T	0.434954	0.999839	1.2822	2.6E-01	0.00574932	0.00568754	1.02184	3.1E-01	0.612075	4.3E-01
rs7024334	9	109072075	1.25943	T	G	0.221004	0.999349	0.279129	6.0E-01	-0.00376281	0.00677239	0.308703	5.8E-01	0.375826	5.4E-01
rs1252008	9	120362838	1.43341	T	C	0.568657	0.998833	0.00467216	9.5E-01	0.000133959	0.00566751	0.000558677	9.8E-01	0.254373	6.1E-01
rs3829849	9	129390800	1.5324	C	T	0.630889	0.998111	0.077337	7.8E-01	0.00211435	0.00582873	0.131585	7.2E-01	0.442356	5.1E-01
rs10733682	9	129460914	1.5336	A	G	0.474217	0.966242	2.02855	1.5E-01	-0.00760454	0.00570264	1.77826	1.8E-01	1.08017	3.0E-01
rs2267958	9	131015279	1.55043	G	A	0.485563	0.958689	1.86966	1.7E-01	0.00767637	0.00575464	1.77941	1.8E-01	1.69363	1.9E-01
rs10159545	10	21766969	0.466662	C	G	0.649246	0.986543	0.854303	3.6E-01	0.00576648	0.00592244	0.948027	3.3E-01	0.941343	3.3E-01
rs12762034	10	33969931	0.621029	T	C	0.92272	0.998956	1.78416	1.8E-01	-0.0142455	0.0105219	1.83303	1.8E-01	1.96381	1.6E-01
rs4595495	10	53673286	0.748363	A	G	0.58387	0.998015	0.54638	4.6E-01	-0.003985	0.00572893	0.483849	4.9E-01	0.629222	4.3E-01
rs4746855	10	64822828	0.870307	G	A	0.596714	1	7.85995	5.1E-03	0.0158089	0.00574444	7.57368	5.9E-03	8.36637	3.8E-03
rs12098284	10	76047464	0.999816	C	T	0.877434	0.998637	0.0164276	9.0E-01	-0.00110182	0.00858044	0.0164894	9.0E-01	0.00614947	9.4E-01
rs1249156	10	79979737	1.04291	T	C	0.294183	0.999324	0.0454559	8.3E-01	-0.00139479	0.00617708	0.0509859	8.2E-01	0.000802066	9.8E-01
rs12245654	10	87562928	1.13739	A	C	0.927047	0.984714	0.0820983	7.7E-01	0.00274099	0.0108879	0.0633764	8.0E-01	0.0293364	8.6E-01
rs472576	10	99694970	1.2698	G	C	0.540757	0.96945	9.29029	2.3E-03	-0.0168858	0.00572019	8.71407	3.2E-03	10.8181	1.0E-03
rs4074720	10	114748497	1.39784	C	T	0.534572	0.984751	0.36461	5.5E-01	-0.00323897	0.00567364	0.325904	5.7E-01	0.393131	5.3E-01
rs72828935	10	126587488	1.61238	G	C	0.716689	0.993686	0.640797	4.2E-01	0.00507884	0.0062594	0.658361	4.2E-01	0.644025	4.2E-01
rs12778347	10	133978806	1.80077	G	T	0.423877	0.999758	0.000561056	9.8E-01	7.65335e-07	0.00568918	1.80969e-08	1.0E+00	0.0613801	8.0E-01
rs12802861	11	8387806	0.188896	C	T	0.71326	0.995592	0.0233265	8.8E-01	-0.00125571	0.00623088	0.0406143	8.4E-01	0.110599	7.4E-01
rs7942486	11	13288698	0.267633	G	T	0.432178	0.998702	1.14023	2.9E-01	0.00736979	0.00568551	1.68024	1.9E-01	1.61079	2.0E-01
rs12791818	11	27277760	0.463075	A	G	0.918985	0.937343	0.186271	6.7E-01	0.00454059	0.010654	0.181636	6.7E-01	0.0394227	8.4E-01
rs2679059	11	43599791	0.621966	A	T	0.402252	0.990165	0.487696	4.8E-01	-0.00321575	0.0057816	0.309362	5.8E-01	0.114416	7.4E-01
rs11038428	11	45404318	0.657443	G	T	0.717407	0.990678	0.456838	5.0E-01	0.00360847	0.00626653	0.331582	5.6E-01	0.191181	6.6E-01
rs35184771	11	47475189	0.665304	G	T	0.648082	0.998878	0.817963	3.7E-01	0.00614625	0.00588252	1.09168	3.0E-01	0.848113	3.6E-01
rs11549690	11	63991581	0.731065	G	A	0.922817	1	3.56028	5.9E-02	0.0196845	0.0105433	3.48575	6.2E-02	2.67928	1.0E-01
rs10896007	11	65245829	0.737845	T	A	0.789067	0.98525	0.184436	6.7E-01	0.00379092	0.00695601	0.297008	5.9E-01	0.449207	5.0E-01
rs667515	11	69449076	0.766481	G	C	0.61173	0.990296	1.26578	2.6E-01	-0.00652118	0.00577673	1.27435	2.6E-01	0.7333	3.9E-01
rs2605603	11	93221105	1.00432	G	A	0.520259	0.995512	0.0196664	8.9E-01	-2.37335e-05	0.00560874	1.79058e-05	1.0E+00	0.00302414	9.6E-01
rs4937870	11	112826709	1.19814	A	G	0.689169	0.983578	0.0765948	7.8E-01	0.00208802	0.00612018	0.116396	7.3E-01	0.434157	5.1E-01
rs2187986	11	115001410	1.23045	G	A	0.524684	0.965018	2.55314	1.1E-01	-0.00843578	0.00573828	2.16116	1.4E-01	2.38614	1.2E-01
rs513533	11	116519358	1.25951	A	G	0.895505	0.969744	70.3208	5.0E-17	-0.0784648	0.0093119	71.0023	3.6E-17	75.8426	3.1E-18
rs501351	11	118917814	1.29362	T	G	0.605774	0.997555	4.2886	3.8E-02	-0.0123668	0.00575619	4.61573	3.2E-02	4.314	3.8E-02
rs7941030	11	122522375	1.35839	T	C	0.616205	1	7.991	4.7E-03	-0.0184193	0.00580238	10.0771	1.5E-03	9.5535	2.0E-03
rs4366492	11	130717256	1.51227	T	C	0.474614	0.99465	0.288875	5.9E-01	0.00336462	0.00562345	0.357986	5.5E-01	0.145017	7.0E-01
rs10894604	11	132641746	1.55638	T	G	0.652028	1	0.0758654	7.8E-01	-0.00106965	0.00590095	0.0328581	8.6E-01	0.00569587	9.4E-01
rs11064524	12	889902	0.0208303	T	G	0.758532	1	0.929778	3.3E-01	0.0060923	0.00655499	0.863811	3.5E-01	0.896551	3.4E-01
rs7976757	12	19207948	0.354438	T	C	0.171206	0.989812	0.0746482	7.8E-01	0.0013229	0.00748336	0.0312506	8.6E-01	0.0706716	7.9E-01
rs16926776	12	24001905	0.419584	C	T	0.922961	1	2.12131	1.5E-01	-0.0145692	0.010566	1.90129	1.7E-01	1.95289	1.6E-01
rs11181001	12	41948196	0.563104	A	G	0.469108	0.977653	0.0101801	9.2E-01	0.00136406	0.00568022	0.0576684	8.1E-01	0.199579	6.6E-01
rs2720296	12	50169070	0.630128	G	A	0.609632	0.950295	0.131659	7.2E-01	0.00184918	0.00592156	0.0975187	7.5E-01	0.233189	6.3E-01
rs11173522	12	60953472	0.741724	C	A	0.784532	0.998242	1.41901	2.3E-01	-0.00860865	0.00685654	1.57638	2.1E-01	1.19988	2.7E-01
rs317646	12	69657145	0.849888	G	A	0.275066	0.99846	2.2679e-05	1.0E+00	-0.000517366	0.00630833	0.00672614	9.3E-01	0.0035244	9.5E-01
rs704067	12	89726027	1.03172	G	A	0.545146	0.989595	0.0448638	8.3E-01	0.000836482	0.00569173	0.0215986	8.8E-01	0.0105336	9.2E-01
rs591776	12	99538895	1.16639	C	T	0.364365	0.994453	0.000179464	9.9E-01	0.00114173	0.00586237	0.0379297	8.5E-01	0.112606	7.4E-01
rs4433630	12	103650031	1.2114	T	C	0.48744	0.978156	0.24356	6.2E-01	-0.00357191	0.00566909	0.396986	5.3E-01	0.775488	3.8E-01
rs11832936	12	110549533	1.29782	A	C	0.610247	0.999756	0.0372198	8.5E-01	0.000467924	0.00578962	0.00653207	9.4E-01	6.37242e-05	9.9E-01
rs111828690	12	117576767	1.39704	C	T	0.779464	0.990204	0.0996673	7.5E-01	-0.00320511	0.00684849	0.219026	6.4E-01	0.11054	7.4E-01
rs144713920	12	122485389	1.46548	C	G	0.945974	0.956209	5.26453	2.2E-02	-0.0277433	0.0127154	4.76055	2.9E-02	4.62206	3.2E-02
rs11057393	12	124403769	1.47889	C	T	0.664265	0.996616	33.1615	8.5E-09	0.0347924	0.00594769	34.2193	4.9E-09	35.2947	2.8E-09
rs9579775	13	20616557	0.0139469	A	C	0.863467	0.926233	0.00136717	9.7E-01	0.00158181	0.00852364	0.0344395	8.5E-01	0.0122754	9.1E-01
rs4771218	13	28655311	0.212187	G	A	0.373005	0.991013	1.37866	2.4E-01	-0.00702197	0.00584197	1.44477	2.3E-01	1.793	1.8E-01
rs9591001	13	33042870	0.304346	G	A	0.634695	0.994769	0.0327906	8.6E-01	-0.00110415	0.00587214	0.0353561	8.5E-01	0.0393193	8.4E-01
rs9568856	13	54064981	0.568758	G	A	0.871723	1	1.36178	2.4E-01	-0.00945928	0.00841708	1.26297	2.6E-01	0.929033	3.4E-01
rs6561937	13	58257667	0.585042	T	A	0.243776	0.993408	0.155507	6.9E-01	0.00182564	0.0065859	0.0768426	7.8E-01	0.0921522	7.6E-01
rs1413125	13	59260131	0.587755	G	T	0.574048	0.994453	2.04719	1.5E-01	-0.00879991	0.00571267	2.3729	1.2E-01	3.21613	7.3E-02
rs1441264	13	79580919	0.787841	G	A	0.406364	0.956515	3.37323	6.6E-02	0.0110283	0.00583273	3.57498	5.9E-02	4.65903	3.1E-02
rs61969477	13	86477950	0.835644	T	C	0.717214	0.998003	1.26258	2.6E-01	-0.00770144	0.00624396	1.52133	2.2E-01	0.773014	3.8E-01
rs1927790	13	96922191	0.93596	T	C	0.587589	0.998094	0.0322344	8.6E-01	-0.000875138	0.00572539	0.0233638	8.8E-01	3.48716e-05	1.0E+00
rs7335249	13	109962579	1.18904	T	C	0.587526	0.995494	0.618989	4.3E-01	0.00508492	0.00572634	0.78852	3.7E-01	0.540152	4.6E-01
rs12868938	13	114541617	1.29136	C	G	0.626007	0.982484	35.2389	2.9E-09	-0.0334906	0.00585975	32.6653	1.1E-08	31.0556	2.5E-08
rs7141213	14	25878636	0.160923	C	T	0.428505	0.99817	0.658311	4.2E-01	0.00433853	0.00570498	0.578332	4.5E-01	1.11144	2.9E-01
rs6576279	14	29649958	0.207571	G	C	0.190393	0.998923	0.176799	6.7E-01	-0.0026946	0.00714282	0.142314	7.1E-01	0.232651	6.3E-01
rs2143975	14	33297398	0.262161	C	G	0.467897	0.986467	0.63831	4.2E-01	-0.0042953	0.00569331	0.569191	4.5E-01	0.516206	4.7E-01
rs35020117	14	73341655	0.671145	T	G	0.538277	0.933938	2.44317	1.2E-01	0.00973803	0.00583669	2.78361	9.5E-02	3.4373	6.4E-02
rs7159565	14	79891894	0.74792	T	C	0.36268	0.984708	0.00539041	9.4E-01	-0.00102813	0.00587609	0.0306142	8.6E-01	0.00834088	9.3E-01
rs1951455	14	91512339	0.88209	T	C	0.283982	0.997245	0.0241663	8.8E-01	-0.000401242	0.00623944	0.00413544	9.5E-01	0.00358167	9.5E-01
rs2273639	14	93762162	0.916561	C	T	0.692907	0.99913	1.45964	2.3E-01	-0.00811022	0.00610623	1.76408	1.8E-01	1.38639	2.4E-01
rs7161194	14	101529005	1.0886	A	G	0.336786	0.914125	2.00539	1.6E-01	0.0102285	0.00621925	2.70487	1.0E-01	2.25489	1.3E-01
rs12148050	14	103263788	1.11638	A	G	0.348874	0.9994	0.0265174	8.7E-01	0.00125751	0.00588954	0.0455893	8.3E-01	0.0258363	8.7E-01
rs35443927	14	103849715	1.12404	C	T	0.630061	0.995118	0.750666	3.9E-01	-0.00526841	0.00582006	0.819414	3.7E-01	0.620051	4.3E-01
rs11070502	15	46574981	0.663836	G	A	0.422393	0.996515	0.0255647	8.7E-01	0.00195648	0.00570737	0.117511	7.3E-01	0.0142298	9.1E-01
rs11631408	15	51746236	0.710161	A	G	0.457534	0.996425	4.29228	3.8E-02	0.0115825	0.00566328	4.18278	4.1E-02	4.86395	2.7E-02
rs1601935	15	58671765	0.784993	G	T	0.343817	0.989102	44.0556	3.2E-11	0.039019	0.00596635	42.7695	6.2E-11	43.153	5.1E-11
rs12908949	15	59475713	0.795908	T	G	0.77013	0.991439	0.00203283	9.6E-01	-0.00120382	0.00670598	0.0322255	8.6E-01	0.0418583	8.4E-01
rs12903168	15	67680209	0.914057	T	C	0.726776	0.98909	5.60066	1.8E-02	0.0160495	0.00634936	6.38945	1.1E-02	6.17153	1.3E-02
rs4777542	15	73082366	0.987566	C	T	0.670419	0.995307	0.0297709	8.6E-01	-0.00198093	0.0060144	0.10848	7.4E-01	0.253349	6.1E-01
rs11855821	15	78008843	1.01251	G	A	0.714306	0.958126	3.97294	4.6E-02	0.012711	0.00634273	4.01611	4.5E-02	3.06379	8.0E-02
rs12914623	15	80993570	1.05801	G	C	0.732913	0.994175	1.38684	2.4E-01	-0.00567045	0.00636564	0.793506	3.7E-01	0.903175	3.4E-01
rs7168523	15	95263911	1.31585	C	T	0.355269	0.99653	0.412143	5.2E-01	0.00291217	0.00588408	0.24495	6.2E-01	0.256538	6.1E-01
rs1048786	16	336916	0.0036807	C	T	0.830941	1	1.62397	2.0E-01	0.0102863	0.00750587	1.87809	1.7E-01	1.69728	1.9E-01
rs2601773	16	4001898	0.0718473	C	A	0.503399	0.995484	2.01794	1.6E-01	-0.0081512	0.00563293	2.09399	1.5E-01	1.50219	2.2E-01
rs9934930	16	4902038	0.0862098	A	G	0.521116	0.994594	0.00355378	9.5E-01	-0.000938961	0.00566409	0.0274811	8.7E-01	0.0307788	8.6E-01
rs7187976	16	19708196	0.389763	A	G	0.820215	0.98274	0.819119	3.7E-01	-0.00721268	0.00737322	0.956928	3.3E-01	0.726604	3.9E-01
rs4238585	16	20255097	0.398011	C	T	0.13201	0.96298	1.42967	2.3E-01	-0.00854863	0.00845753	1.02166	3.1E-01	1.13846	2.9E-01
rs11074452	16	20370168	0.40198	C	G	0.490517	0.995812	0.263579	6.1E-01	-0.00314138	0.00564079	0.310143	5.8E-01	0.229578	6.3E-01
rs200539	16	24735178	0.466016	T	C	0.268765	0.996448	0.256578	6.1E-01	-0.0031465	0.00632504	0.247474	6.2E-01	0.503446	4.8E-01
rs2650494	16	28318440	0.541911	A	G	0.581267	0.992404	0.0127318	9.1E-01	-0.000142835	0.0057064	0.000626535	9.8E-01	0.00444368	9.5E-01
rs4787483	16	29885447	0.552081	A	G	0.662227	1	0.0396535	8.4E-01	-0.000435961	0.00595441	0.00536065	9.4E-01	0.0393337	8.4E-01
rs111886096	16	53598310	0.644304	A	G	0.862466	0.993464	0.787687	3.7E-01	0.00744436	0.00818257	0.827705	3.6E-01	0.89751	3.4E-01
rs7205986	16	53755146	0.644839	A	G	0.489919	0.988839	0.0530808	8.2E-01	0.00274152	0.00567256	0.233573	6.3E-01	0.280715	6.0E-01
rs5011579	16	69187318	0.855228	C	G	0.2843	0.994942	1.69288	1.9E-01	-0.00754108	0.00624833	1.4566	2.3E-01	0.998062	3.2E-01
rs12924872	16	69552215	0.858355	C	T	0.533347	0.984378	9.01035	2.7E-03	0.0170401	0.00569152	8.96366	2.8E-03	9.27968	2.3E-03
rs11648003	16	72052348	0.872944	A	G	0.779015	0.991685	32.429	1.2E-08	-0.0382274	0.00678825	31.7128	1.8E-08	33.0763	8.9E-09
rs77081114	17	1816762	0.0641667	G	A	0.834903	1	0.0162787	9.0E-01	0.00142289	0.00758561	0.0351853	8.5E-01	0.167781	6.8E-01
rs3026101	17	5280440	0.136672	T	C	0.696449	0.998494	3.49521	6.2E-02	0.0116307	0.00612871	3.6014	5.8E-02	3.74165	5.3E-02
rs10491104	17	15884561	0.425342	C	T	0.468509	1	0.057133	8.1E-01	0.00133258	0.00564024	0.0558205	8.1E-01	0.222519	6.4E-01
rs9906072	17	21245687	0.471598	T	C	0.486625	0.873727	1.96111	1.6E-01	0.00925551	0.00603109	2.35509	1.2E-01	1.80617	1.8E-01
rs9904602	17	34835526	0.595066	T	A	0.482475	0.99641	0.323185	5.7E-01	-0.00346822	0.00563534	0.378768	5.4E-01	0.696688	4.0E-01
rs17616799	17	46039553	0.703155	A	G	0.898327	0.994334	0.93639	3.3E-01	0.0114497	0.00932451	1.50778	2.2E-01	1.76722	1.8E-01
rs55797392	17	47055622	0.707863	G	A	0.589793	0.985453	0.224133	6.4E-01	0.00160683	0.00575224	0.0780305	7.8E-01	0.0452987	8.3E-01
rs7211966	17	54374611	0.801315	C	T	0.981745	0.996866	0.830522	3.6E-01	0.0168225	0.0209865	0.64254	4.2E-01	0.317265	5.7E-01
rs17631394	17	61646000	0.886955	G	A	0.736546	0.99153	0.0865285	7.7E-01	0.00228902	0.00641488	0.127327	7.2E-01	0.303773	5.8E-01
rs78196338	17	66973049	0.964759	G	A	0.960561	0.978498	36.4999	1.5E-09	-0.0899452	0.014567	38.1254	6.6E-10	37.4101	9.6E-10
rs2619976	17	71754545	1.06134	C	T	0.589126	0.992569	1.92417	1.7E-01	0.00732403	0.00575133	1.62168	2.0E-01	3.41866	6.4E-02
rs4424946	17	78554888	1.24995	T	C	0.762112	0.998925	0.0216374	8.8E-01	-0.000557443	0.00660845	0.00711544	9.3E-01	0.031473	8.6E-01
rs4076427	17	79087537	1.26024	G	C	0.609873	0.985353	1.03824	3.1E-01	-0.00618998	0.00578347	1.14552	2.8E-01	0.962258	3.3E-01
rs1371274	18	1837007	0.0479005	A	C	0.863572	0.995553	0.572211	4.5E-01	0.00564922	0.0081832	0.476575	4.9E-01	0.472625	4.9E-01
rs11875960	18	21071925	0.432054	A	G	0.650113	0.974621	0.266339	6.1E-01	0.00343923	0.00597568	0.331244	5.6E-01	0.28014	6.0E-01
rs9807506	18	39493911	0.604143	C	T	0.110516	0.995331	1.66439	2.0E-01	0.0120435	0.0089916	1.79403	1.8E-01	1.59114	2.1E-01
rs4890428	18	40697340	0.611694	G	T	0.5787	0.994435	9.99698	1.6E-03	0.0192186	0.0057239	11.2735	7.9E-04	14.652	1.3E-04
rs7239114	18	45921214	0.66958	G	A	0.458185	0.985699	0.255843	6.1E-01	-0.00245533	0.00568665	0.186425	6.7E-01	0.0868524	7.7E-01
rs72934723	18	53305311	0.747109	A	G	0.96095	0.966483	0.0792405	7.8E-01	0.0048594	0.0147748	0.108173	7.4E-01	0.298839	5.8E-01
rs2187176	18	57679365	0.819838	A	G	0.309978	0.982596	0.000694636	9.8E-01	0.000578479	0.00613796	0.00888231	9.2E-01	0.221987	6.4E-01
rs117758180	18	57809744	0.821562	C	T	0.97678	1	0.48948	4.8E-01	-0.0134552	0.0186769	0.519003	4.7E-01	0.341185	5.6E-01
rs113268469	18	57862913	0.821729	C	T	0.982698	0.966786	2.0877	1.5E-01	-0.029084	0.0219564	1.75464	1.9E-01	2.06066	1.5E-01
rs11668832	19	1812682	0.0683182	A	G	0.450689	0.989019	0.945353	3.3E-01	-0.00539297	0.00566939	0.904864	3.4E-01	1.58881	2.1E-01
rs72976986	19	4050424	0.142675	G	A	0.810758	0.984512	0.400865	5.3E-01	-0.00421665	0.00724347	0.338877	5.6E-01	0.544025	4.6E-01
rs8110479	19	10734951	0.317437	T	C	0.0486634	0.947456	53.8863	2.1E-13	-0.0974436	0.013365	53.158	3.1E-13	54.8687	1.3E-13
rs112159161	19	11192603	0.31876	C	T	0.983126	0.950328	34.8348	3.6E-09	0.129181	0.0223064	33.5381	7.0E-09	31.6072	1.9E-08
rs116530815	19	11212941	0.319346	A	C	0.971961	0.985612	34.3277	4.7E-09	0.101654	0.0171267	35.229	2.9E-09	37.5393	9.0E-10
rs10401969	19	19407718	0.462132	T	C	0.923616	0.997407	40.5571	1.9E-10	0.0693808	0.0105996	42.8453	5.9E-11	44.2338	2.9E-11
rs12461902	19	30265235	0.512848	G	A	0.672506	0.985963	0.468002	4.9E-01	-0.00359767	0.00604562	0.354127	5.5E-01	0.682032	4.1E-01
rs11882409	19	34019685	0.562915	C	A	0.713772	0.966519	0.0388988	8.4E-01	-0.0012178	0.00632119	0.0371151	8.5E-01	0.00856039	9.3E-01
rs17657025	19	44675801	0.688838	T	C	0.920735	1	30.3646	3.6E-08	0.0580683	0.0104071	31.1329	2.4E-08	35.4694	2.6E-09
rs62120576	19	45216443	0.699708	A	C	0.907705	0.984781	46.3222	1.0E-11	0.0670546	0.00977115	47.0941	6.8E-12	46.3757	9.8E-12
rs4803760	19	45333834	0.704848	T	C	0.203836	0.986549	172.493	2.1E-39	-0.0933589	0.00701807	176.961	2.2E-40	183.948	6.7E-42
rs111789331	19	45427125	0.707517	T	A	0.841123	0.955908	308.351	5.0E-69	-0.138004	0.00787051	307.454	7.8E-69	324.544	1.5E-72
rs1884389	20	1410582	0.0620248	C	T	0.560429	0.990862	0.0255611	8.7E-01	0.000952878	0.00568985	0.0280461	8.7E-01	0.11028	7.4E-01
rs1321453	20	6585670	0.214258	G	A	0.332006	0.979962	0.460387	5.0E-01	0.00466632	0.00604514	0.595849	4.4E-01	0.796767	3.7E-01
rs947088	20	17171373	0.411628	G	T	0.280165	0.992316	1.15388	2.8E-01	0.00688034	0.00629551	1.19442	2.7E-01	1.4897	2.2E-01
rs8116853	20	21439820	0.48109	A	G	0.902603	0.99434	0.153699	7.0E-01	-0.0035957	0.0094961	0.143376	7.0E-01	0.203555	6.5E-01
rs6142096	20	32686658	0.536502	G	A	0.481267	0.998195	0.143317	7.1E-01	-0.00223684	0.00563876	0.157363	6.9E-01	0.299725	5.8E-01
rs2902941	20	39091514	0.587859	A	G	0.644838	0.991217	33.1766	8.4E-09	0.0324565	0.0058387	30.9009	2.7E-08	30.59	3.2E-08
rs6065295	20	39626335	0.597418	C	T	0.576349	0.996403	32.6903	1.1E-08	-0.0332424	0.00568737	34.1635	5.1E-09	33.1525	8.5E-09
rs11699260	20	50813508	0.791033	G	C	0.710789	0.999421	0.0308345	8.6E-01	-0.0009416	0.00619275	0.0231188	8.8E-01	0.012859	9.1E-01
rs2836753	21	40291187	0.447396	T	C	0.362883	0.999333	0.161895	6.9E-01	0.00318291	0.00584276	0.296765	5.9E-01	0.359287	5.5E-01
rs1964926	21	42653121	0.51205	A	G	0.35393	0.992207	1.26157	2.6E-01	-0.00733608	0.00591079	1.54041	2.1E-01	2.06176	1.5E-01
rs8130074	21	46498684	0.621941	C	G	0.35124	0.996511	7.10079e-05	9.9E-01	-0.000446072	0.00590799	0.00570073	9.4E-01	0.0146939	9.0E-01
rs4820399	22	40546633	0.498151	C	T	0.4075	0.991505	0.161471	6.9E-01	0.00243117	0.00573585	0.179654	6.7E-01	0.594118	4.4E-01
rs13053342	22	48871624	0.664334	G	A	0.577345	0.990848	1.62314	2.0E-01	-0.0082865	0.00570753	2.10788	1.5E-01	1.88043	1.7E-01
