SNP	CHR	BP	GENPOS	ALLELE1	ALLELE0	A1FREQ	INFO	CHISQ_LINREG	P_LINREG	BETA	SE	CHISQ_BOLT_LMM_INF	P_BOLT_LMM_INF
rs28788874	1	1520725	0.0141684	C	T	0.584716	0.768295	0.0828687	7.7E-01	-0.00280437	0.0063954	0.192281	6.6E-01
rs72634501	1	39551488	0.669558	T	C	0.760796	0.973003	0.0266689	8.7E-01	-0.00299861	0.00659925	0.206467	6.5E-01
rs7545034	1	47659445	0.739124	T	C	0.495338	0.986554	0.873889	3.5E-01	0.00355819	0.00559559	0.40436	5.2E-01
rs7553454	1	49231261	0.759781	T	C	0.774916	0.984417	0.0966204	7.6E-01	0.00301284	0.00668062	0.203385	6.5E-01
rs1013293	1	62570321	0.915785	G	A	0.570041	0.987679	2.1577	1.4E-01	0.00921849	0.00561175	2.6985	1.0E-01
rs2422134	1	72514701	1.03261	G	C	0.494435	0.995097	9.32612	2.3E-03	-0.0149311	0.00555958	7.21277	7.2E-03
rs6690871	1	74977277	1.04309	A	G	0.592529	0.986356	1.24425	2.6E-01	0.00645616	0.00569149	1.28676	2.6E-01
rs2247536	1	77919438	1.07305	G	C	0.734373	0.984022	0.174609	6.8E-01	-0.000509244	0.0063463	0.00643888	9.4E-01
rs1536023	1	96882019	1.26526	C	A	0.779574	0.988892	8.77735	3.0E-03	0.016778	0.00674334	6.19053	1.3E-02
rs10747488	1	98299475	1.27829	C	A	0.231442	0.993887	1.64866	2.0E-01	0.00693661	0.0066174	1.0988	2.9E-01
rs920835	1	107946802	1.36667	G	A	0.707501	0.968585	2.57181	1.1E-01	-0.00844667	0.00621129	1.8493	1.7E-01
rs892511	1	110078255	1.38888	C	G	0.970541	0.964927	3.31485	6.9E-02	0.0323997	0.0167039	3.76223	5.2E-02
rs12033257	1	112318484	1.42838	A	G	0.621269	0.983831	0.596756	4.4E-01	0.00442618	0.00578271	0.585861	4.4E-01
rs4357530	1	151103153	1.65977	G	A	0.321195	0.991504	3.80987	5.1E-02	0.0106723	0.00597661	3.18866	7.4E-02
rs148261599	1	155253286	1.69959	C	G	0.796072	0.939661	1.09909	2.9E-01	-0.00617794	0.00709078	0.759101	3.8E-01
rs12565430	1	174400537	1.95129	G	A	0.890518	0.989663	5.27607	2.2E-02	0.0172858	0.00891834	3.75675	5.3E-02
rs10913418	1	177755299	1.98687	C	A	0.596517	0.989574	0.145848	7.0E-01	0.00151098	0.00569178	0.0704731	7.9E-01
rs1359940	1	177848153	1.98809	T	C	0.543011	0.978287	0.0787031	7.8E-01	-0.00148621	0.00564058	0.0694246	7.9E-01
rs9425633	1	184657251	2.05452	T	C	0.517826	0.997773	2.06526	1.5E-01	-0.00685662	0.00555812	1.52182	2.2E-01
rs10801363	1	194922207	2.13186	T	A	0.632549	0.99595	2.42369	1.2E-01	0.00733024	0.00576691	1.61566	2.0E-01
rs2494116	1	201784151	2.19723	G	A	0.451578	0.998902	0.445546	5.0E-01	-0.000741613	0.00557483	0.0176967	8.9E-01
rs2642438	1	220970028	2.44813	A	G	0.294106	1	61.1364	5.3E-15	-0.0473032	0.00610923	59.9525	9.7E-15
rs12042959	1	243533273	2.82744	A	G	0.856819	0.985729	2.7656	9.6E-02	-0.0120677	0.00796849	2.2935	1.3E-01
rs6548228	2	345889	0.00380575	T	C	0.476171	0.997111	5.71417	1.7E-02	0.0123388	0.00556586	4.91453	2.7E-02
rs2667214	2	449487	0.00560823	A	G	0.676481	0.984343	1.801	1.8E-01	-0.00390341	0.00598946	0.424729	5.1E-01
rs10176391	2	574368	0.00678655	C	G	0.98853	0.920209	0.0112894	9.2E-01	-0.00829353	0.0271565	0.0932679	7.6E-01
rs75971153	2	24689143	0.455958	T	C	0.805254	0.974205	0.541609	4.6E-01	0.00714526	0.0071015	1.01236	3.1E-01
rs75503394	2	25155419	0.457101	C	T	0.904577	0.987449	3.79514	5.1E-02	-0.0170779	0.00949192	3.23715	7.2E-02
rs10048652	2	35449306	0.577825	T	C	0.43828	0.999392	0.48281	4.9E-01	0.00354408	0.00560535	0.399762	5.3E-01
rs698838	2	44738763	0.693339	C	T	0.374379	1	0.0466927	8.3E-01	-0.00248299	0.00574035	0.187099	6.7E-01
rs4953423	2	47025672	0.736991	C	T	0.641888	0.986288	1.24887	2.6E-01	0.00823503	0.00584021	1.98827	1.6E-01
rs9636391	2	50201110	0.779779	A	G	0.161882	0.994454	1.06124	3.0E-01	0.00549377	0.00754339	0.530406	4.7E-01
rs3198123	2	55207693	0.827446	C	T	0.698619	0.993954	0.326688	5.7E-01	0.00625912	0.00607674	1.06093	3.0E-01
rs13032423	2	57992112	0.847237	G	A	0.445418	0.996747	0.000274953	9.9E-01	-0.000106822	0.00560411	0.000363333	9.8E-01
rs55767040	2	58955028	0.850031	T	C	0.699405	0.989049	1.35628	2.4E-01	0.00668264	0.00610353	1.19877	2.7E-01
rs980183	2	59311536	0.858192	G	A	0.397975	0.996406	0.0155248	9.0E-01	-0.000247586	0.0056799	0.00190008	9.7E-01
rs7557796	2	86766153	1.16162	T	C	0.352326	0.999778	0.459534	5.0E-01	-0.00543689	0.00581528	0.874097	3.5E-01
rs13023088	2	100576304	1.22131	C	T	0.849804	0.99385	2.33445	1.3E-01	0.0109939	0.00778306	1.99529	1.6E-01
rs9308868	2	104361420	1.24985	G	A	0.475626	0.997977	0.998915	3.2E-01	-0.00546661	0.00557309	0.962151	3.3E-01
rs1349512	2	105435369	1.26243	T	C	0.689875	0.999103	2.1264	1.4E-01	-0.00631511	0.00599631	1.10916	2.9E-01
rs1530559	2	135755629	1.58463	A	G	0.600655	1	24.3899	7.9E-07	0.0137036	0.00562247	5.94039	1.5E-02
rs2034604	2	143958745	1.64938	C	T	0.463265	0.997459	0.304207	5.8E-01	0.00344592	0.00557717	0.381752	5.4E-01
rs12692596	2	161265910	1.78694	C	T	0.629247	0.996301	0.180212	6.7E-01	-0.00180671	0.00573478	0.0992531	7.5E-01
rs12328675	2	165540800	1.81492	T	C	0.879667	0.99881	5.53702	1.9E-02	0.0180559	0.00851978	4.49141	3.4E-02
rs6745626	2	181436641	2.00364	C	T	0.40867	0.996845	0.0283969	8.7E-01	0.000588718	0.00565577	0.0108351	9.2E-01
rs6743255	2	205363596	2.17314	A	G	0.119726	1	0.133032	7.2E-01	0.000797051	0.00853569	0.00871955	9.3E-01
rs13000757	2	207145906	2.20108	G	T	0.495455	0.995817	1.14452	2.8E-01	-0.00262123	0.0055744	0.221112	6.4E-01
rs11692326	2	208263279	2.21189	C	T	0.769971	0.999964	0.506051	4.8E-01	-0.00164104	0.00658295	0.0621436	8.0E-01
rs12611517	2	228977034	2.47863	T	A	0.656833	0.999378	4.15984	4.1E-02	-0.0137115	0.00584673	5.49973	1.9E-02
rs12473885	2	230569590	2.5018	G	T	0.878239	0.993886	0.0211402	8.8E-01	0.00379586	0.00849749	0.199544	6.6E-01
rs13098833	3	20428568	0.395393	A	G	0.723619	0.994024	0.72756	3.9E-01	-0.0021475	0.00625241	0.11797	7.3E-01
rs754635	3	42305131	0.652861	C	G	0.112976	0.99768	1.91402	1.7E-01	0.0108654	0.00874379	1.54415	2.1E-01
rs72906474	3	47817007	0.688057	G	T	0.417152	0.973948	0.0786993	7.8E-01	0.00179792	0.00570857	0.0991935	7.5E-01
rs71326904	3	49991060	0.690403	C	T	0.749104	0.999883	1.18594	2.8E-01	-0.00495959	0.0064083	0.598971	4.4E-01
rs1371095	3	61147530	0.807508	A	G	0.581706	0.99157	0.070928	7.9E-01	0.00195431	0.00565667	0.119362	7.3E-01
rs9874646	3	62462818	0.82936	C	T	0.314446	0.963027	0.74481	3.9E-01	0.00671428	0.00609631	1.21301	2.7E-01
rs7430139	3	82504148	1.08216	A	G	0.834725	1	0.279927	6.0E-01	-0.00447654	0.00749419	0.356809	5.5E-01
rs1248859	3	85017098	1.08828	G	C	0.330982	0.996188	4.4657	3.5E-02	-0.0128341	0.00591706	4.70458	3.0E-02
rs9857105	3	93893210	1.10433	A	G	0.459987	0.997124	0.760832	3.8E-01	0.00469716	0.0055907	0.705892	4.0E-01
rs11917909	3	107864673	1.2019	G	A	0.649731	0.995989	0.0358493	8.5E-01	0.00125808	0.00582132	0.0467062	8.3E-01
rs2037001	3	131458973	1.44255	C	G	0.708224	0.979412	2.80586	9.4E-02	-0.00823171	0.00617503	1.77706	1.8E-01
rs9827662	3	135710841	1.49347	C	A	0.753959	0.999173	0.105789	7.4E-01	-0.000940762	0.00644322	0.0213184	8.8E-01
rs355786	3	153990749	1.684	G	A	0.607501	0.999005	1.2083	2.7E-01	0.00547801	0.00570329	0.922563	3.4E-01
rs1604038	3	170709193	1.7983	C	T	0.714183	0.999363	0.305561	5.8E-01	-0.0051257	0.00613777	0.697403	4.0E-01
rs9867130	3	185729753	2.0208	A	G	0.141676	0.965346	1.53445	2.2E-01	0.0100891	0.00812784	1.54084	2.1E-01
rs11736501	4	18451423	0.339653	A	C	0.680311	0.997158	0.208745	6.5E-01	-0.00390783	0.00595336	0.430871	5.1E-01
rs73244271	4	20091053	0.357316	A	G	0.887481	0.995322	4.63643	3.1E-02	-0.0164015	0.00883312	3.44779	6.3E-02
rs6849555	4	25150890	0.433804	G	C	0.799683	0.94032	0.00848369	9.3E-01	0.00382135	0.00715567	0.28519	5.9E-01
rs4623046	4	45042343	0.679347	G	A	0.332366	0.994028	0.159442	6.9E-01	0.0016835	0.00590015	0.0814144	7.8E-01
rs6829208	4	52728640	0.6941	T	C	0.726327	0.99807	0.533359	4.7E-01	-0.00209428	0.00622389	0.113226	7.4E-01
rs6815651	4	55487718	0.714225	C	T	0.450195	0.994486	2.71092	1.0E-01	-0.00501441	0.00558753	0.80538	3.7E-01
rs923994	4	67802992	0.836181	A	G	0.217161	0.992221	6.45516	1.1E-02	0.0164054	0.00673648	5.93075	1.5E-02
rs12645001	4	96018337	1.09763	G	A	0.650851	0.99796	0.512791	4.7E-01	-0.00480438	0.00582232	0.680898	4.1E-01
rs13105682	4	102702364	1.15516	T	G	0.941432	0.93989	0.295879	5.9E-01	-0.00542001	0.0122017	0.197314	6.6E-01
rs11728213	4	113309647	1.25168	G	A	0.683707	0.99931	1.68669	1.9E-01	0.00681928	0.00598093	1.29999	2.5E-01
rs1296328	4	137083193	1.44321	A	C	0.440054	0.99123	0.0216867	8.8E-01	-0.000510868	0.00564312	0.00819559	9.3E-01
rs4863516	4	140773770	1.49281	T	C	0.672111	0.999318	1.48164	2.2E-01	0.00680223	0.00590898	1.32519	2.5E-01
rs750090	4	152931436	1.59021	T	C	0.646546	0.97605	1.64229	2.0E-01	-0.00717539	0.00584785	1.50556	2.2E-01
rs13110266	4	162129844	1.69444	G	A	0.582081	0.993805	1.63404	2.0E-01	0.0071438	0.00564034	1.60416	2.1E-01
rs4597930	5	27171542	0.425308	T	C	0.717814	0.997265	2.20973	1.4E-01	0.00986013	0.00618567	2.54093	1.1E-01
rs6451675	5	43110855	0.62057	C	G	0.307391	0.990847	0.122982	7.3E-01	-0.00392483	0.00603449	0.423019	5.2E-01
rs6449674	5	62995938	0.739824	T	C	0.522519	0.996207	0.718064	4.0E-01	-0.0055816	0.00556688	1.0053	3.2E-01
rs6891856	5	63972658	0.744519	G	T	0.472539	0.983364	0.00291541	9.6E-01	0.00172652	0.00560958	0.0947294	7.6E-01
rs4072296	5	74242002	0.858799	T	C	0.460122	0.938263	0.430188	5.1E-01	-0.00479868	0.00574834	0.69688	4.0E-01
rs11740689	5	80841360	0.956164	A	C	0.681719	0.9953	0.0313984	8.6E-01	-0.000292627	0.00596535	0.00240634	9.6E-01
rs77156384	5	87709219	1.01438	A	G	0.979071	1	0.163383	6.9E-01	0.00142221	0.0194192	0.00536375	9.4E-01
rs7701355	5	88804839	1.01946	G	T	0.578489	0.999666	5.79979	1.6E-02	-0.0133924	0.00563179	5.65485	1.7E-02
rs6885199	5	92574633	1.04879	G	A	0.96218	1	3.50706	6.1E-02	-0.0263904	0.0145524	3.2887	7.0E-02
rs12186664	5	95630225	1.07202	A	T	0.684237	0.993149	0.00133425	9.7E-01	-0.000702833	0.00598343	0.0137976	9.1E-01
rs1835978	5	107265051	1.15538	T	C	0.111176	0.976322	0.942186	3.3E-01	0.00800353	0.00892752	0.803715	3.7E-01
rs459552	5	112176756	1.19663	T	A	0.232823	1	0.384692	5.4E-01	0.00425743	0.00655865	0.421373	5.2E-01
rs329120	5	133861756	1.41589	C	T	0.579716	0.996967	0.144458	7.0E-01	0.00222932	0.00563897	0.156296	6.9E-01
rs356453	5	139053563	1.4578	G	A	0.669195	0.993285	0.308712	5.8E-01	-0.00413794	0.00591168	0.489944	4.8E-01
rs2190788	5	144484261	1.52142	G	T	0.681306	0.989372	1.33231	2.5E-01	-0.00625111	0.00600969	1.08196	3.0E-01
rs7701886	5	153547409	1.6413	G	A	0.453308	0.99206	6.12982e-05	9.9E-01	0.00110539	0.00560303	0.0389212	8.4E-01
rs2287894	5	170322919	1.86356	T	A	0.272377	0.998905	2.2106	1.4E-01	-0.0103135	0.00624576	2.72671	9.9E-02
rs10947758	6	12093961	0.272682	T	C	0.64598	0.995017	0.000884926	9.8E-01	0.000127558	0.00582988	0.000478734	9.8E-01
rs9357634	6	13192190	0.290983	T	C	0.701533	0.98883	3.14661	7.6E-02	0.0117773	0.00610891	3.71673	5.4E-02
rs3806114	6	20482335	0.408974	G	A	0.330712	0.979566	0.0706383	7.9E-01	-0.00160076	0.00597241	0.0718374	7.9E-01
rs2768	6	31321856	0.512785	A	G	0.749633	0.995049	5.35709	2.1E-02	-0.00993817	0.00643529	2.38494	1.2E-01
rs2260051	6	31591918	0.515519	A	T	0.438069	0.999979	0.557807	4.6E-01	-0.00837291	0.00558951	2.24391	1.3E-01
rs57493997	6	34443523	0.547182	T	C	0.907394	0.988432	1.38611	2.4E-01	-0.0116703	0.00963135	1.46822	2.3E-01
rs35679149	6	43604167	0.672046	A	G	0.973521	1	1.41957	2.3E-01	-0.0232895	0.0173193	1.80825	1.8E-01
rs4714925	6	46304194	0.722787	A	G	0.493031	0.998125	0.0165308	9.0E-01	0.00230653	0.00556142	0.172007	6.8E-01
rs9473821	6	50356035	0.748721	T	C	0.122384	0.995677	1.57663	2.1E-01	-0.0101514	0.00849141	1.42919	2.3E-01
rs1369869	6	83366282	0.934423	C	T	0.558835	0.987317	1.51852	2.2E-01	-0.00454181	0.00562809	0.651232	4.2E-01
rs6905544	6	98411631	1.06235	A	G	0.39882	0.997318	0.281518	6.0E-01	-0.00383446	0.00568071	0.45562	5.0E-01
rs1575676	6	108861264	1.17848	C	T	0.628244	0.997454	0.261447	6.1E-01	0.00178371	0.00573872	0.0966091	7.6E-01
rs9387640	6	119508871	1.25792	C	T	0.63541	1	0.560354	4.5E-01	0.00350414	0.00578385	0.367054	5.4E-01
rs198665	6	143154886	1.51958	C	A	0.629538	0.991725	0.0995927	7.5E-01	-0.00184526	0.00578017	0.101914	7.5E-01
rs7755574	6	153364643	1.66311	G	T	0.718168	0.997121	2.67458	1.0E-01	0.00845033	0.00621229	1.85031	1.7E-01
rs118039278	6	160985526	1.7755	G	A	0.921458	0.991329	25.6965	4.0E-07	0.0583323	0.010367	31.6598	1.8E-08
rs11767176	7	1852823	0.0275939	G	A	0.788534	0.994823	0.214823	6.4E-01	-0.0056862	0.00679637	0.699989	4.0E-01
rs4307239	7	24354300	0.415589	A	G	0.540117	0.99283	4.8308	2.8E-02	-0.0130003	0.00558743	5.4136	2.0E-02
rs3807566	7	50564204	0.76671	G	T	0.560993	0.994523	0.412939	5.2E-01	0.00240203	0.00559975	0.184001	6.7E-01
rs4718966	7	70040558	0.868636	C	T	0.58496	0.992694	0.761385	3.8E-01	-0.00472997	0.00566714	0.696609	4.0E-01
rs10950289	7	71429308	0.890251	A	G	0.837436	0.9787	3.71309	5.4E-02	0.0130639	0.00759263	2.96047	8.5E-02
rs6964833	7	74101909	0.91305	T	C	0.742258	0.9996	0.672797	4.1E-01	-0.00381426	0.00635661	0.360054	5.5E-01
rs7805441	7	78121458	0.952449	C	T	0.496081	0.987826	0.267474	6.1E-01	-0.00530319	0.00560625	0.894806	3.4E-01
rs16868443	7	93206264	1.0947	G	C	0.638299	0.996209	0.191293	6.6E-01	-0.00233133	0.00577306	0.163077	6.9E-01
rs17155888	7	103416295	1.18694	T	A	0.573575	0.98913	0.0382233	8.4E-01	-0.00249697	0.0056459	0.195597	6.6E-01
rs7788008	7	112972483	1.29323	G	A	0.566171	0.997606	0.458544	5.0E-01	0.00423482	0.00560112	0.571635	4.5E-01
rs12705908	7	113422504	1.29936	A	G	0.435702	0.999217	3.84043	5.0E-02	0.0123087	0.00559836	4.83398	2.8E-02
rs1563408	7	114303189	1.30467	G	A	0.518639	0.9976	0.282444	6.0E-01	0.00144461	0.00556181	0.0674632	8.0E-01
rs2968856	7	150614934	1.67963	T	C	0.750635	0.995794	0.00220011	9.6E-01	0.0016452	0.00643669	0.0653301	8.0E-01
rs2921077	8	8304502	0.239157	G	A	0.535773	0.992952	8.23919	4.1E-03	-0.0145221	0.00560786	6.70604	9.6E-03
rs2959592	8	17002725	0.407822	T	C	0.810319	0.987439	0.022057	8.8E-01	-0.00138875	0.00712784	0.0379604	8.5E-01
rs1362910	8	30856464	0.645028	A	G	0.419326	0.991461	0.435424	5.1E-01	0.00371613	0.00562563	0.436355	5.1E-01
rs12681792	8	62054463	0.850895	C	A	0.807394	0.990908	5.98708	1.4E-02	-0.0140378	0.00708763	3.92281	4.8E-02
rs7822926	8	64701966	0.867188	A	C	0.529214	0.995395	0.556798	4.6E-01	0.00509115	0.00557955	0.832592	3.6E-01
rs2017657	8	73426371	0.974058	G	T	0.427216	1	0.0369432	8.5E-01	-0.00150126	0.00562984	0.071108	7.9E-01
rs2943611	8	76473939	1.00704	T	C	0.203996	0.993157	3.28205	7.0E-02	-0.0114069	0.00690724	2.72727	9.9E-02
rs9298280	8	77329753	1.00881	T	G	0.28787	0.987301	0.0823918	7.7E-01	-0.00223325	0.00615473	0.131661	7.2E-01
rs1180626	8	116476393	1.31509	G	A	0.224207	0.994168	1.63551	2.0E-01	0.00847639	0.00669908	1.601	2.1E-01
rs28601761	8	126500031	1.45335	C	G	0.578602	0.976659	27.0629	2.0E-07	0.0314472	0.00568784	30.5681	3.2E-08
rs10124645	9	11321119	0.255592	A	G	0.589758	0.991792	0.0208798	8.9E-01	0.000895387	0.00568962	0.0247659	8.7E-01
rs2457637	9	15533394	0.341722	T	C	0.512689	0.988377	2.68496	1.0E-01	0.00616232	0.00557822	1.22039	2.7E-01
rs6476065	9	28403813	0.542923	C	T	0.423653	0.971482	0.115045	7.3E-01	0.000605601	0.00568766	0.0113372	9.2E-01
rs12345603	9	29601893	0.557517	C	T	0.574946	0.971878	4.62529	3.2E-02	-0.0121263	0.00569854	4.52825	3.3E-02
rs868980	9	92140852	1.08916	A	G	0.76425	0.992973	0.093763	7.6E-01	-0.00195606	0.00655916	0.088934	7.7E-01
rs7873003	9	96392945	1.13399	T	C	0.32002	0.990354	0.0949618	7.6E-01	0.00341506	0.00597882	0.326262	5.7E-01
rs1852865	9	102750138	1.19624	C	T	0.434938	0.999839	0.00805649	9.3E-01	-0.00248723	0.00561705	0.196072	6.6E-01
rs7024334	9	109072075	1.25943	T	G	0.220902	0.999349	0.509661	4.8E-01	0.00623921	0.00668931	0.869956	3.5E-01
rs1252008	9	120362838	1.43341	T	C	0.568668	0.998833	0.738558	3.9E-01	0.00286615	0.00559697	0.262236	6.1E-01
rs3829849	9	129390800	1.5324	C	T	0.630841	0.998111	0.0508806	8.2E-01	0.00181301	0.00575583	0.0992171	7.5E-01
rs10733682	9	129460914	1.5336	A	G	0.474187	0.966242	0.0603939	8.1E-01	0.00221348	0.00563143	0.154495	6.9E-01
rs2267958	9	131015279	1.55043	G	A	0.485572	0.958689	1.34254	2.5E-01	-0.00526602	0.00568338	0.85852	3.5E-01
rs10159545	10	21766969	0.466662	C	G	0.649274	0.986543	0.448581	5.0E-01	-0.00756427	0.00584903	1.6725	2.0E-01
rs12762034	10	33969931	0.621029	T	C	0.922711	0.998956	1.48696	2.2E-01	-0.0137818	0.0103898	1.75954	1.8E-01
rs4595495	10	53673286	0.748363	A	G	0.5839	0.998015	0.611961	4.3E-01	-0.00196598	0.00565723	0.120768	7.3E-01
rs4746855	10	64822828	0.870307	G	A	0.596713	1	0.149089	7.0E-01	0.000131227	0.00567249	0.000535179	9.8E-01
rs12098284	10	76047464	0.999816	C	T	0.877488	0.998637	0.436142	5.1E-01	-0.00547503	0.00847528	0.417316	5.2E-01
rs1249156	10	79979737	1.04291	T	C	0.294151	0.999324	1.12616	2.9E-01	0.0070351	0.00610017	1.33001	2.5E-01
rs12245654	10	87562928	1.13739	A	C	0.927025	0.984714	0.313751	5.8E-01	-0.00715584	0.0107505	0.443062	5.1E-01
rs472576	10	99694970	1.2698	G	C	0.540757	0.96945	0.246191	6.2E-01	-0.000740912	0.00564895	0.0172027	9.0E-01
rs603424	10	102075479	1.28918	G	A	0.825941	1	33.0284	9.1E-09	-0.0511059	0.00728796	49.1733	2.3E-12
rs1129555	10	113910721	1.38375	A	G	0.276627	0.998104	30.1088	4.1E-08	0.0377254	0.00621544	36.8404	1.3E-09
rs72828935	10	126587488	1.61238	G	C	0.716644	0.993686	0.11345	7.4E-01	-0.00157704	0.00618095	0.0650993	8.0E-01
rs12778347	10	133978806	1.80077	G	T	0.423845	0.999758	3.17201	7.5E-02	-0.00807362	0.00561843	2.06493	1.5E-01
rs12802861	11	8387806	0.188896	C	T	0.713249	0.995592	0.033531	8.5E-01	-0.00413661	0.0061529	0.451991	5.0E-01
rs7942486	11	13288698	0.267633	G	T	0.432176	0.998702	0.874343	3.5E-01	-0.00325159	0.00561473	0.335378	5.6E-01
rs12791818	11	27277760	0.463075	A	G	0.918998	0.937343	1.54446	2.1E-01	0.0105438	0.0105223	1.0041	3.2E-01
rs2679059	11	43599791	0.621966	A	T	0.402209	0.990165	2.91215	8.8E-02	0.00891388	0.00570924	2.43768	1.2E-01
rs11038428	11	45404318	0.657443	G	T	0.717415	0.990678	3.21768	7.3E-02	-0.010426	0.00618786	2.83895	9.2E-02
rs35184771	11	47475189	0.665304	G	T	0.648007	0.998878	0.018478	8.9E-01	0.00220269	0.00580826	0.143818	7.0E-01
rs174528	11	61543499	0.703973	T	C	0.623488	0.995598	61.4776	4.5E-15	0.0468283	0.00574298	66.4878	3.5E-16
rs10896007	11	65245829	0.737845	T	A	0.789056	0.98525	0.382185	5.4E-01	-0.00377407	0.00686921	0.30186	5.8E-01
rs667515	11	69449076	0.766481	G	C	0.611681	0.990296	1.56602e-06	1.0E+00	0.000825438	0.00570403	0.0209414	8.8E-01
rs2605603	11	93221105	1.00432	G	A	0.520285	0.995512	3.40396	6.5E-02	0.00771963	0.00553844	1.94276	1.6E-01
rs4937870	11	112826709	1.19814	A	G	0.689164	0.983578	3.88676	4.9E-02	-0.0105718	0.0060437	3.05977	8.0E-02
rs2187986	11	115001410	1.23045	G	A	0.524604	0.965018	3.28703	7.0E-02	-0.00997307	0.00566625	3.09789	7.8E-02
rs501351	11	118917814	1.29362	T	G	0.60578	0.997555	1.04824	3.1E-01	-0.00495711	0.0056844	0.76048	3.8E-01
rs7941030	11	122522375	1.35839	T	C	0.616195	1	0.316308	5.7E-01	-0.000535762	0.00572923	0.00874484	9.3E-01
rs4366492	11	130717256	1.51227	T	C	0.47457	0.99465	2.04991	1.5E-01	-0.00811157	0.00555284	2.13393	1.4E-01
rs10894604	11	132641746	1.55638	T	G	0.652004	1	0.524103	4.7E-01	-0.0024411	0.00582703	0.1755	6.8E-01
rs11064524	12	889902	0.0208303	T	G	0.75857	1	0.195078	6.6E-01	0.00507785	0.00647349	0.615294	4.3E-01
rs7976757	12	19207948	0.354438	T	C	0.171198	0.989812	0.00441026	9.5E-01	0.000431459	0.00738945	0.00340922	9.5E-01
rs16926776	12	24001905	0.419584	C	T	0.923017	1	0.469661	4.9E-01	-0.0124882	0.0104385	1.43129	2.3E-01
rs11181001	12	41948196	0.563104	A	G	0.469095	0.977653	0.112602	7.4E-01	-0.00356227	0.00560845	0.40343	5.3E-01
rs2720296	12	50169070	0.630128	G	A	0.609583	0.950295	10.7333	1.1E-03	0.0164567	0.00584718	7.92126	4.9E-03
rs11173522	12	60953472	0.741724	C	A	0.78451	0.998242	3.95189	4.7E-02	-0.014227	0.00677082	4.41513	3.6E-02
rs317646	12	69657145	0.849888	G	A	0.275101	0.99846	0.144537	7.0E-01	0.00476092	0.0062292	0.584139	4.4E-01
rs704067	12	89726027	1.03172	G	A	0.545234	0.989595	0.322997	5.7E-01	-0.00382274	0.00562093	0.462523	5.0E-01
rs591776	12	99538895	1.16639	C	T	0.364361	0.994453	0.715093	4.0E-01	-0.00154583	0.00578846	0.0713177	7.9E-01
rs4433630	12	103650031	1.2114	T	C	0.487391	0.978156	1.61656	2.0E-01	-0.00824169	0.00559808	2.16747	1.4E-01
rs11832936	12	110549533	1.29782	A	C	0.61028	0.999756	3.14404	7.6E-02	-0.00840866	0.00571666	2.16356	1.4E-01
rs111828690	12	117576767	1.39704	C	T	0.779453	0.990204	1.78105	1.8E-01	-0.0053366	0.00676258	0.622737	4.3E-01
rs144713920	12	122485389	1.46548	C	G	0.945972	0.956209	0.644035	4.2E-01	0.0158029	0.0125553	1.58423	2.1E-01
rs12317176	12	124404718	1.4789	T	C	0.662148	0.998072	3.28059	7.0E-02	0.0101993	0.00585825	3.03111	8.2E-02
rs9579775	13	20616557	0.0139469	A	C	0.863446	0.926233	0.157294	6.9E-01	-0.00302831	0.00841393	0.12954	7.2E-01
rs4771218	13	28655311	0.212187	G	A	0.373026	0.991013	0.61483	4.3E-01	-0.0021378	0.00576728	0.137401	7.1E-01
rs9591001	13	33042870	0.304346	G	A	0.634634	0.994769	0.318618	5.7E-01	-0.00167658	0.00579684	0.0836496	7.7E-01
rs9568856	13	54064981	0.568758	G	A	0.87174	1	0.516824	4.7E-01	0.00416621	0.00831	0.251351	6.2E-01
rs6561937	13	58257667	0.585042	T	A	0.243732	0.993408	0.664866	4.1E-01	0.00250393	0.00650271	0.14827	7.0E-01
rs1413125	13	59260131	0.587755	G	T	0.574087	0.994453	0.0685461	7.9E-01	0.00323172	0.00563969	0.328365	5.7E-01
rs1441264	13	79580919	0.787841	G	A	0.406362	0.956515	0.243933	6.2E-01	-0.000166226	0.00575851	0.000833254	9.8E-01
rs61969477	13	86477950	0.835644	T	C	0.717166	0.998003	0.0244886	8.8E-01	0.00411658	0.00616386	0.446033	5.0E-01
rs1927790	13	96922191	0.93596	T	C	0.587574	0.998094	2.31076	1.3E-01	0.00697905	0.0056522	1.5246	2.2E-01
rs7335249	13	109962579	1.18904	T	C	0.587504	0.995494	1.76515	1.8E-01	-0.00724735	0.00565319	1.6435	2.0E-01
rs7141213	14	25878636	0.160923	C	T	0.4285	0.99817	0.569228	4.5E-01	-0.00461416	0.00563137	0.671362	4.1E-01
rs6576279	14	29649958	0.207571	G	C	0.190389	0.998923	2.46954	1.2E-01	-0.0105117	0.00705042	2.22288	1.4E-01
rs2143975	14	33297398	0.262161	C	G	0.467873	0.986467	0.424381	5.1E-01	0.00412056	0.00562012	0.537552	4.6E-01
rs35020117	14	73341655	0.671145	T	G	0.538264	0.933938	0.0246936	8.8E-01	0.00197116	0.00576105	0.117068	7.3E-01
rs7159565	14	79891894	0.74792	T	C	0.362674	0.984708	3.32102	6.8E-02	0.0089454	0.00580084	2.37803	1.2E-01
rs1951455	14	91512339	0.88209	T	C	0.284023	0.997245	4.94218	2.6E-02	0.0139922	0.00615868	5.16173	2.3E-02
rs2273639	14	93762162	0.916561	C	T	0.692913	0.99913	0.862576	3.5E-01	0.00581377	0.00602742	0.930365	3.3E-01
rs7161194	14	101529005	1.0886	A	G	0.336856	0.914125	1.75142	1.9E-01	-0.00718615	0.00613937	1.37008	2.4E-01
rs12148050	14	103263788	1.11638	A	G	0.348859	0.9994	0.313113	5.8E-01	-0.00339215	0.00581426	0.340378	5.6E-01
rs35443927	14	103849715	1.12404	C	T	0.630028	0.995118	4.8096	2.8E-02	-0.0100763	0.0057454	3.07583	7.9E-02
rs11070502	15	46574981	0.663836	G	A	0.422374	0.996515	0.84684	3.6E-01	-0.00537648	0.00563436	0.910557	3.4E-01
rs11631408	15	51746236	0.710161	A	G	0.457527	0.996425	1.50483	2.2E-01	0.00766687	0.00559123	1.88027	1.7E-01
rs1123294	15	58545064	0.781703	C	G	0.830499	0.986357	32.1541	1.4E-08	0.0408669	0.00742673	30.2794	3.7E-08
rs10152355	15	58671178	0.784742	C	A	0.5488	0.924121	36.8931	1.2E-09	0.0353514	0.00581595	36.9464	1.2E-09
rs4777542	15	73082366	0.987566	C	T	0.670365	0.995307	0.0322364	8.6E-01	0.000281198	0.00593787	0.00224265	9.6E-01
rs11855821	15	78008843	1.01251	G	A	0.714285	0.958126	0.000790782	9.8E-01	-2.54876e-05	0.00626201	1.65665e-05	1.0E+00
rs12914623	15	80993570	1.05801	G	C	0.732933	0.994175	0.424244	5.1E-01	-0.00418768	0.00628425	0.444059	5.1E-01
rs7168523	15	95263911	1.31585	C	T	0.355218	0.99653	4.56138	3.3E-02	0.0105401	0.00580877	3.29243	7.0E-02
rs1048786	16	336916	0.0036807	C	T	0.830944	1	0.977665	3.2E-01	0.0078748	0.00741152	1.12892	2.9E-01
rs2601773	16	4001898	0.0718473	C	A	0.503418	0.995484	6.59968	1.0E-02	-0.0129774	0.00556109	5.44568	2.0E-02
rs9934930	16	4902038	0.0862098	A	G	0.521164	0.994594	0.815177	3.7E-01	0.00447997	0.00559245	0.641721	4.2E-01
rs7187976	16	19708196	0.389763	A	G	0.820187	0.98274	0.675774	4.1E-01	0.00365266	0.00727986	0.251752	6.2E-01
rs4238585	16	20255097	0.398011	C	T	0.131986	0.96298	0.0278566	8.7E-01	0.0028775	0.00835208	0.118698	7.3E-01
rs11074452	16	20370168	0.40198	C	G	0.490495	0.995812	0.00414992	9.5E-01	-0.000226447	0.00556937	0.00165318	9.7E-01
rs200539	16	24735178	0.466016	T	C	0.268779	0.996448	3.24932	7.1E-02	-0.0114173	0.00624518	3.34224	6.8E-02
rs2650494	16	28318440	0.541911	A	G	0.581224	0.992404	6.8186	9.0E-03	0.0153564	0.00563475	7.42728	6.4E-03
rs4787483	16	29885447	0.552081	A	G	0.662227	1	0.0387283	8.4E-01	0.00351571	0.00587927	0.357585	5.5E-01
rs111886096	16	53598310	0.644304	A	G	0.86246	0.993464	4.97975	2.6E-02	0.0147935	0.0080788	3.35311	6.7E-02
rs7205986	16	53755146	0.644839	A	G	0.489911	0.988839	0.0564567	8.1E-01	-0.000587639	0.00560134	0.0110062	9.2E-01
rs5011579	16	69187318	0.855228	C	G	0.284301	0.994942	0.274462	6.0E-01	-0.00279729	0.00616935	0.205587	6.5E-01
rs12924872	16	69552215	0.858355	C	T	0.533343	0.984378	0.524271	4.7E-01	0.00444133	0.00561939	0.624666	4.3E-01
rs811054	16	72251132	0.873381	C	T	0.462745	0.985658	0.0333498	8.6E-01	0.00123239	0.00560512	0.0483419	8.3E-01
rs12926506	16	81722413	1.05397	C	T	0.829287	0.984727	0.16505	6.8E-01	0.00393974	0.00743243	0.280979	6.0E-01
rs77081114	17	1816762	0.0641667	G	A	0.83491	1	4.76247	2.9E-02	0.0161825	0.00748903	4.6692	3.1E-02
rs3026101	17	5280440	0.136672	T	C	0.696466	0.998494	0.339888	5.6E-01	-0.00402391	0.00605085	0.442247	5.1E-01
rs10491104	17	15884561	0.425342	C	T	0.468502	1	0.360867	5.5E-01	-0.0056141	0.00556837	1.01649	3.1E-01
rs9906072	17	21245687	0.471598	T	C	0.486652	0.873727	7.781	5.3E-03	0.0138689	0.00595444	5.42506	2.0E-02
rs9904602	17	34835526	0.595066	T	A	0.482527	0.99641	0.295259	5.9E-01	-0.00415864	0.00556366	0.558703	4.5E-01
rs17616799	17	46039553	0.703155	A	G	0.898335	0.994334	0.41321	5.2E-01	0.00350032	0.00920561	0.14458	7.0E-01
rs55797392	17	47055622	0.707863	G	A	0.5898	0.985453	5.95423	1.5E-02	0.0138756	0.00567893	5.96991	1.5E-02
rs7211966	17	54374611	0.801315	C	T	0.981748	0.996866	0.258355	6.1E-01	-0.00888852	0.0207206	0.184016	6.7E-01
rs17631394	17	61646000	0.886955	G	A	0.736576	0.99153	0.479099	4.9E-01	-0.00495148	0.00633324	0.61125	4.3E-01
rs2619976	17	71754545	1.06134	C	T	0.589111	0.992569	0.000170633	9.9E-01	-0.00113775	0.00567773	0.0401557	8.4E-01
rs4424946	17	78554888	1.24995	T	C	0.762136	0.998925	2.11221	1.5E-01	-0.00928338	0.00652388	2.02489	1.5E-01
rs4076427	17	79087537	1.26024	G	C	0.609838	0.985353	3.00851	8.3E-02	0.00865447	0.00571008	2.29719	1.3E-01
rs1371274	18	1837007	0.0479005	A	C	0.863583	0.995553	4.3312	3.7E-02	0.0182404	0.00807967	5.09663	2.4E-02
rs11875960	18	21071925	0.432054	A	G	0.65014	0.974621	0.305819	5.8E-01	0.000244122	0.00590028	0.00171186	9.7E-01
rs9807506	18	39493911	0.604143	C	T	0.110524	0.995331	2.3271	1.3E-01	0.0118946	0.00887694	1.79545	1.8E-01
rs4890428	18	40697340	0.611694	G	T	0.578726	0.994435	0.178994	6.7E-01	-0.00110126	0.00565148	0.037971	8.5E-01
rs7239114	18	45921214	0.66958	G	A	0.458168	0.985699	1.99136	1.6E-01	-0.00770674	0.00561447	1.88419	1.7E-01
rs72934723	18	53305311	0.747109	A	G	0.960967	0.966483	0.936756	3.3E-01	0.0121891	0.0145899	0.697972	4.0E-01
rs2187176	18	57679365	0.819838	A	G	0.310021	0.982596	1.01643	3.1E-01	-0.00585706	0.00605972	0.934229	3.3E-01
rs117758180	18	57809744	0.821562	C	T	0.976779	1	0.5182	4.7E-01	0.0202289	0.0184395	1.2035	2.7E-01
rs113268469	18	57862913	0.821729	C	T	0.982709	0.966786	0.992794	3.2E-01	-0.0212455	0.0216844	0.959921	3.3E-01
rs11668832	19	1812682	0.0683182	A	G	0.450725	0.989019	4.34312	3.7E-02	-0.0111777	0.00560624	3.9752	4.6E-02
rs72976986	19	4050424	0.142675	G	A	0.810787	0.984512	0.00948789	9.2E-01	-0.00134565	0.00716425	0.0352794	8.5E-01
rs55714539	19	18207397	0.447742	A	C	0.656441	0.982807	7.03099	8.0E-03	-0.0153684	0.00588954	6.80921	9.1E-03
rs17724992	19	18454825	0.450275	A	G	0.730231	0.991647	0.747393	3.9E-01	-0.00551108	0.00627633	0.771014	3.8E-01
rs2003476	19	18806668	0.454309	T	C	0.593108	0.986683	0.832412	3.6E-01	0.00524757	0.00567996	0.853544	3.6E-01
rs12461902	19	30265235	0.512848	G	A	0.672518	0.985963	1.1735	2.8E-01	-0.00582925	0.00597856	0.950675	3.3E-01
rs11882409	19	34019685	0.562915	C	A	0.713794	0.966519	0.00465592	9.5E-01	-0.000344502	0.00625076	0.00303751	9.6E-01
rs118147862	19	45319631	0.704351	G	A	0.954151	0.939129	46.6445	8.5E-12	-0.0891846	0.0137032	42.3583	7.6E-11
rs73045691	19	45440529	0.70845	G	A	0.696559	0.905365	36.3787	1.6E-09	0.0370661	0.00634128	34.1665	5.1E-09
rs1884389	20	1410582	0.0620248	C	T	0.560527	0.990862	0.141001	7.1E-01	-0.00214953	0.00561931	0.146325	7.0E-01
rs1321453	20	6585670	0.214258	G	A	0.332008	0.979962	0.000194304	9.9E-01	0.0014354	0.00596917	0.0578254	8.1E-01
rs947088	20	17171373	0.411628	G	T	0.280149	0.992316	0.913685	3.4E-01	0.00477681	0.00621714	0.590329	4.4E-01
rs8116853	20	21439820	0.48109	A	G	0.902611	0.99434	2.98895	8.4E-02	-0.0151746	0.00937765	2.61846	1.1E-01
rs6142096	20	32686658	0.536502	G	A	0.481245	0.998195	1.20643	2.7E-01	-0.0075023	0.00556868	1.81503	1.8E-01
rs11699260	20	50813508	0.791033	G	C	0.710792	0.999421	0.447886	5.0E-01	0.00425689	0.00611608	0.484439	4.9E-01
rs2836753	21	40291187	0.447396	T	C	0.362862	0.999333	0.668618	4.1E-01	0.00616222	0.00576718	1.14169	2.9E-01
rs1964926	21	42653121	0.51205	A	G	0.353847	0.992207	0.108396	7.4E-01	-0.00129481	0.00583448	0.0492499	8.2E-01
rs8130074	21	46498684	0.621941	C	G	0.351234	0.996511	2.23738	1.3E-01	0.00860538	0.00583238	2.17695	1.4E-01
rs4820399	22	40546633	0.498151	C	T	0.407447	0.991505	6.47581	1.1E-02	-0.0126533	0.0056626	4.99319	2.5E-02
rs738409	22	44324727	0.528836	C	G	0.783191	1	50.8741	9.8E-13	0.0463257	0.00673654	47.29	6.1E-12
rs13053342	22	48871624	0.664334	G	A	0.577411	0.990848	0.500552	4.8E-01	-0.00357731	0.00563383	0.403186	5.3E-01
