SNP	CHR	BP	GENPOS	ALLELE1	ALLELE0	A1FREQ	INFO	CHISQ_LINREG	P_LINREG	BETA	SE	CHISQ_BOLT_LMM_INF	P_BOLT_LMM_INF
rs7412983	1	2943183	0.0400826	A	C	0.815674	0.996304	0.0461426	8.3E-01	-0.00100305	0.0052912	0.0359365	8.5E-01
rs1294014	1	9325676	0.18921	C	T	0.731263	0.974098	0.949521	3.3E-01	-0.00445092	0.00468503	0.902554	3.4E-01
rs9988429	1	19824124	0.401889	C	T	0.679189	0.998214	0.479212	4.9E-01	-0.0021784	0.00438982	0.246252	6.2E-01
rs12041540	1	23262176	0.460611	G	A	0.646845	0.995392	2.83841	9.2E-02	0.00765649	0.00428796	3.1883	7.4E-02
rs10902676	1	26120367	0.493514	G	A	0.466008	0.991591	0.151186	7.0E-01	-0.00151922	0.00412586	0.135586	7.1E-01
rs4660443	1	39591779	0.669753	C	T	0.785567	0.997156	4.10297	4.3E-02	-0.00940249	0.00500178	3.53375	6.0E-02
rs2032022	1	49388622	0.760047	T	G	0.350563	0.99763	0.236592	6.3E-01	0.00254429	0.00427481	0.354243	5.5E-01
rs1013293	1	62570321	0.915785	G	A	0.569447	0.987679	0.0862829	7.7E-01	0.00229805	0.0041414	0.30791	5.8E-01
rs12755450	1	72628347	1.03293	T	C	0.795071	1	1.21238	2.7E-01	0.00454887	0.00506411	0.806865	3.7E-01
rs313710	1	86251836	1.15039	T	C	0.595168	0.991629	0.0118151	9.1E-01	-0.000490088	0.00418489	0.0137145	9.1E-01
rs7548936	1	91207757	1.21384	G	C	0.626945	0.998895	1.16965	2.8E-01	-0.00475977	0.00424429	1.25766	2.6E-01
rs4375301	1	98298371	1.27828	A	G	0.767049	0.993807	5.00673	2.5E-02	-0.0111439	0.00486313	5.25099	2.2E-02
rs1318756	1	103340623	1.32951	T	C	0.496537	0.991063	2.14765	1.4E-01	0.00679089	0.00411623	2.72179	9.9E-02
rs3108680	1	107572997	1.35724	T	C	0.650885	0.999501	15.1749	9.8E-05	0.0158625	0.00431013	13.5444	2.3E-04
rs2076586	1	112273026	1.42823	C	T	0.754423	0.980886	0.290393	5.9E-01	-0.00200546	0.00480416	0.174257	6.8E-01
rs71670897	1	119151935	1.50822	G	A	0.963351	0.976508	0.262004	6.1E-01	0.00548824	0.0110138	0.248309	6.2E-01
rs10494220	1	119572398	1.50995	C	T	0.87162	0.999593	0.246922	6.2E-01	0.00393567	0.00611715	0.413941	5.2E-01
rs905938	1	154991389	1.69836	T	C	0.735666	1	0.00185124	9.7E-01	-0.00110274	0.00464747	0.0563006	8.1E-01
rs6688053	1	163589208	1.81503	C	T	0.55873	0.988788	0.0813155	7.8E-01	-0.00185454	0.004147	0.199988	6.5E-01
rs17345893	1	170171874	1.91645	C	T	0.933683	0.998406	0.123644	7.3E-01	0.00446467	0.00822718	0.294495	5.9E-01
rs17361789	1	172122601	1.93709	T	G	0.67666	0.979392	0.746594	3.9E-01	0.00405784	0.00442119	0.842384	3.6E-01
rs6700575	1	172364712	1.93908	A	G	0.843232	0.99482	1.50562	2.2E-01	-0.00638813	0.00564323	1.28142	2.6E-01
rs12757638	1	177815769	1.98756	G	A	0.794897	0.999497	4.88217	2.7E-02	-0.0110822	0.00508495	4.74982	2.9E-02
rs12069549	1	200036139	2.16766	C	T	0.873356	0.988289	0.809583	3.7E-01	-0.00526303	0.00618828	0.723322	4.0E-01
rs56283998	1	205039295	2.25361	A	C	0.802991	0.996714	0.00198415	9.6E-01	-0.00104863	0.00514225	0.041585	8.4E-01
rs3767848	1	214173840	2.36754	G	A	0.749934	0.990604	8.77461	3.1E-03	0.0139877	0.0047471	8.68237	3.2E-03
rs7547454	1	219429385	2.43543	T	A	0.681962	0.999746	9.9134	1.6E-03	-0.0135349	0.00439562	9.48133	2.1E-03
rs12042959	1	243533273	2.82744	A	G	0.85629	0.985729	1.3827	2.4E-01	0.00735877	0.00587109	1.57099	2.1E-01
rs74495980	2	375873	0.0042135	C	G	0.962011	1	0.504588	4.8E-01	0.00921328	0.0106904	0.742746	3.9E-01
rs10185713	2	621254	0.0081413	A	G	0.793353	0.993471	1.16599	2.8E-01	0.00625632	0.00508716	1.51247	2.2E-01
rs812400	2	13073562	0.297327	G	A	0.763902	0.987822	0.979949	3.2E-01	0.00501368	0.00485575	1.06611	3.0E-01
rs1550116	2	25022598	0.45645	A	G	0.846321	1	0.0812051	7.8E-01	-0.00231635	0.00567297	0.166721	6.8E-01
rs1731260	2	26953354	0.471406	G	T	0.525426	0.997367	1.20651	2.7E-01	0.00403939	0.00410154	0.969922	3.2E-01
rs10153926	2	43189120	0.673364	G	A	0.78534	0.98004	0.151068	7.0E-01	-0.00133083	0.00503519	0.0698582	7.9E-01
rs17326656	2	48962291	0.765285	G	T	0.76239	0.991513	0.0498779	8.2E-01	0.0010179	0.00483723	0.0442809	8.3E-01
rs62141921	2	58590687	0.848728	G	A	0.840994	0.992362	0.040096	8.4E-01	0.00129886	0.00559722	0.0538493	8.2E-01
rs13428870	2	58956557	0.850032	T	G	0.698621	0.989274	1.2701	2.6E-01	-0.00458727	0.00449102	1.04332	3.1E-01
rs2195086	2	60814466	0.873878	T	G	0.835827	0.991606	0.00635732	9.4E-01	-0.00171727	0.00554224	0.0960076	7.6E-01
rs6716270	2	66201731	0.917171	T	C	0.851695	1	1.83973	1.7E-01	0.0074203	0.00576115	1.65892	2.0E-01
rs659116	2	67666133	0.937104	T	G	0.542908	0.997911	0.667949	4.1E-01	0.00427782	0.00412382	1.07608	3.0E-01
rs12621286	2	67785566	0.938314	T	C	0.712686	0.98911	1.311	2.5E-01	0.0050554	0.00455109	1.2339	2.7E-01
rs12712049	2	100208830	1.21955	A	G	0.177003	0.985519	0.701631	4.0E-01	0.00465525	0.00539877	0.743527	3.9E-01
rs11680586	2	100746207	1.22171	G	T	0.76322	0.996151	0.929247	3.4E-01	0.00342548	0.00481745	0.505603	4.8E-01
rs41465348	2	112242612	1.33908	G	T	0.817867	0.933063	2.81633	9.3E-02	0.00920745	0.00550499	2.79747	9.4E-02
rs111595567	2	114462089	1.35944	C	A	0.78451	0.997566	0.00826109	9.3E-01	-0.0014543	0.00498826	0.0849982	7.7E-01
rs10172336	2	119342963	1.39561	G	T	0.490778	0.991549	1.32648	2.5E-01	-0.00455448	0.00410681	1.2299	2.7E-01
rs114666647	2	158393301	1.76187	T	C	0.98756	1	1.92544	1.7E-01	0.0266604	0.0184739	2.08265	1.5E-01
rs7560257	2	161085348	1.7867	C	T	0.8469	0.988412	0.764165	3.8E-01	0.00313697	0.00571993	0.300772	5.8E-01
rs78343493	2	165502911	1.8149	G	A	0.879696	0.994826	8.48312	3.6E-03	0.0184955	0.00630038	8.61786	3.3E-03
rs2887185	2	181528597	2.00401	C	A	0.37741	0.997975	2.44943	1.2E-01	-0.00691641	0.00422535	2.67939	1.0E-01
rs3114926	2	187733699	2.04022	T	A	0.732724	0.996136	0.347482	5.6E-01	0.00249062	0.00463308	0.288985	5.9E-01
rs7597487	2	200717641	2.13782	G	A	0.446194	0.997798	0.702195	4.0E-01	-0.00327272	0.00412821	0.628483	4.3E-01
rs1047891	2	211540507	2.23751	C	A	0.684998	1	40.8903	1.6E-10	0.0282084	0.00441053	40.9048	1.6E-10
rs16846100	2	212278218	2.24429	C	A	0.73107	0.991398	0.00314061	9.6E-01	-8.72517e-05	0.00464862	0.000352289	9.9E-01
rs7599312	2	213413231	2.26194	G	A	0.732801	0.980994	0.691074	4.1E-01	-0.00281509	0.00467217	0.363033	5.5E-01
rs7589153	2	230549844	2.50173	A	G	0.448928	0.993474	0.57231	4.5E-01	0.00376687	0.00412823	0.832597	3.6E-01
rs72980197	2	239268619	2.66777	G	T	0.945218	1	1.06779	3.0E-01	0.00706507	0.00898324	0.618539	4.3E-01
rs4686340	3	9345218	0.248513	A	C	0.245634	0.979708	0.393633	5.3E-01	-0.00296301	0.00481627	0.378481	5.4E-01
rs2600230	3	12038629	0.296833	T	A	0.172569	0.999419	0.483791	4.9E-01	0.00322169	0.00541619	0.353818	5.5E-01
rs1962515	3	12611269	0.299386	T	C	0.402707	0.99673	0.514925	4.7E-01	-0.00316437	0.00417904	0.573352	4.5E-01
rs2455806	3	15705397	0.355658	T	A	0.685992	0.991689	0.295578	5.9E-01	0.00257667	0.00443774	0.337127	5.6E-01
rs9843488	3	33838124	0.583292	T	G	0.731846	0.986529	0.00752821	9.3E-01	0.000141944	0.00465952	0.000928007	9.8E-01
rs11928128	3	35516974	0.595221	T	C	0.862131	0.990586	1.02532	3.1E-01	-0.00532332	0.00594339	0.802226	3.7E-01
rs4683301	3	46931478	0.687602	A	T	0.402268	0.992469	0.431196	5.1E-01	0.00333233	0.00418716	0.633371	4.3E-01
rs7633840	3	48719638	0.689719	T	C	0.334743	0.949007	0.00623825	9.4E-01	-0.00179273	0.00445241	0.162122	6.9E-01
rs7613360	3	49916710	0.690238	C	T	0.605293	0.997092	2.01516	1.6E-01	0.00612908	0.0041905	2.13924	1.4E-01
rs9311841	3	62478786	0.829707	C	T	0.26662	0.989049	1.08408	3.0E-01	-0.00501801	0.0046689	1.15514	2.8E-01
rs73124286	3	64667059	0.870966	G	T	0.716972	0.955989	1.22229	2.7E-01	0.00468491	0.00465533	1.01275	3.1E-01
rs10510927	3	64750744	0.872079	A	C	0.554591	0.997963	0.176786	6.7E-01	-0.00160832	0.00412184	0.152251	7.0E-01
rs4123668	3	82629523	1.08298	T	C	0.597577	0.994471	0.143746	7.0E-01	0.00133618	0.00418493	0.101942	7.5E-01
rs9876664	3	85806313	1.08996	G	T	0.623468	0.99373	0.0175213	8.9E-01	0.00071404	0.00423767	0.0283917	8.7E-01
rs1580100	3	93980841	1.10443	T	A	0.483625	0.99821	0.0975903	7.5E-01	0.000977608	0.00410166	0.0568081	8.1E-01
rs11708733	3	128039895	1.41818	G	A	0.952761	0.983201	1.4511	2.3E-01	0.0134608	0.00974279	1.90887	1.7E-01
rs143418767	3	129105690	1.42548	G	A	0.980984	0.944053	0.0474921	8.3E-01	-0.00219085	0.0154167	0.0201951	8.9E-01
rs7624428	3	131516596	1.44298	T	A	0.733133	0.992487	0.496812	4.8E-01	-0.00447861	0.00465132	0.927113	3.4E-01
rs13071085	3	136014923	1.49397	G	A	0.874037	0.99558	11.2131	8.1E-04	0.0197415	0.00617727	10.2133	1.4E-03
rs111398337	3	138328016	1.50606	C	T	0.45512	0.996909	0.346431	5.6E-01	0.00196083	0.00411447	0.227118	6.3E-01
rs62271373	3	150066540	1.64339	T	A	0.940059	0.95946	8.68681	3.2E-03	-0.0281692	0.00878817	10.2743	1.3E-03
rs9865431	3	156351718	1.71006	T	A	0.852686	0.993895	0.0929946	7.6E-01	0.00254672	0.00579031	0.193445	6.6E-01
rs13091300	3	168927453	1.77934	C	T	0.617543	0.9977	1.48565	2.2E-01	-0.00443928	0.00420771	1.11309	2.9E-01
rs4894803	3	171800256	1.82113	A	G	0.590609	0.987681	2.92411	8.7E-02	0.00710978	0.00419525	2.87208	9.0E-02
rs12638263	3	185795855	2.0212	A	C	0.807147	0.995698	0.0162084	9.0E-01	-0.00135317	0.00520282	0.0676438	7.9E-01
rs2248422	3	187668469	2.0681	T	C	0.796757	1	0.128121	7.2E-01	0.00217832	0.00509914	0.182494	6.7E-01
rs7697256	4	848335	0.00782825	C	T	0.727459	0.999147	0.438067	5.1E-01	0.00349243	0.00460111	0.576145	4.5E-01
rs4690071	4	3086753	0.0324892	A	T	0.641783	0.991623	5.32914	2.1E-02	0.0105592	0.00429053	6.05674	1.4E-02
rs1912897	4	26006133	0.455942	A	T	0.794117	0.98817	0.696518	4.0E-01	-0.00466974	0.00509183	0.841081	3.6E-01
rs2871198	4	26292555	0.461345	C	T	0.389909	0.964896	1.03219	3.1E-01	0.0040465	0.00427368	0.896507	3.4E-01
rs13130484	4	45175691	0.679813	C	T	0.566921	0.996273	2.72991	9.8E-02	0.00691072	0.00413997	2.78645	9.5E-02
rs819266	4	56235592	0.73028	T	C	0.711982	0.998836	1.60409	2.1E-01	-0.0058621	0.00453411	1.67156	2.0E-01
rs4472161	4	78625750	0.926383	A	C	0.140863	0.990092	0.054606	8.2E-01	0.00470321	0.00590385	0.634626	4.3E-01
rs17789027	4	89181841	1.04119	A	G	0.587167	0.990075	50.5567	1.2E-12	0.0305651	0.00417567	53.5797	2.5E-13
rs904092	4	100214164	1.13019	A	G	0.176582	1	0.636455	4.2E-01	0.00552358	0.00536629	1.05948	3.0E-01
rs4525978	4	102133144	1.14847	C	T	0.266375	0.992964	0.0509729	8.2E-01	-0.000351333	0.00465227	0.00570305	9.4E-01
rs769668	4	140858717	1.49525	T	C	0.655576	0.988947	0.0978315	7.5E-01	0.00144526	0.00434646	0.110565	7.4E-01
rs7692554	4	145536336	1.5383	G	A	0.57217	0.998925	2.88499	8.9E-02	0.00645862	0.00412798	2.44796	1.2E-01
rs639744	5	3949504	0.10119	C	T	0.334391	0.993555	2.01063	1.6E-01	0.00646484	0.00436236	2.1962	1.4E-01
rs78580295	5	36269267	0.559452	A	G	0.957213	0.938349	43.128	5.1E-11	0.0674608	0.0104502	41.6728	1.1E-10
rs12658939	5	53268762	0.644749	T	C	0.887724	0.983337	7.52974	6.1E-03	-0.0178785	0.0065296	7.49705	6.2E-03
rs115865075	5	55776257	0.679598	C	T	0.987425	0.93412	0.00687004	9.3E-01	-0.00167915	0.0189587	0.0078445	9.3E-01
rs588898	5	55797382	0.680156	G	A	0.874479	0.995997	11.7628	6.0E-04	0.0201953	0.00619167	10.6387	1.1E-03
rs34696	5	66292389	0.770621	C	A	0.447786	0.986394	0.0411838	8.4E-01	0.000515932	0.00414556	0.0154888	9.0E-01
rs253407	5	74926778	0.860943	A	G	0.278516	1	0.110716	7.4E-01	-0.00171648	0.00457108	0.141006	7.1E-01
rs13167306	5	76574841	0.89346	C	T	0.679876	0.993031	3.45682	6.3E-02	-0.00714178	0.00441242	2.61975	1.1E-01
rs247916	5	87530253	1.0143	A	C	0.790168	0.984893	4.38115	3.6E-02	0.0115436	0.00506192	5.20061	2.3E-02
rs7733438	5	87986284	1.0155	T	G	0.863297	0.981904	0.0200182	8.9E-01	0.00112929	0.00601043	0.035302	8.5E-01
rs6869862	5	103886213	1.12287	T	G	0.518998	0.997607	0.129355	7.2E-01	0.000854594	0.00410412	0.0433589	8.4E-01
rs11241196	5	112535956	1.19975	G	A	0.317532	0.991452	3.66998	5.5E-02	0.00868367	0.0044143	3.86974	4.9E-02
rs12332329	5	118721694	1.27467	G	A	0.717103	0.991939	4.48337	3.4E-02	0.0101968	0.00456548	4.98834	2.6E-02
rs4705986	5	132349654	1.39065	T	G	0.936457	0.978165	0.961787	3.3E-01	0.0108521	0.00849149	1.63328	2.0E-01
rs10477191	5	142077715	1.49476	A	G	0.94996	0.911257	0.214439	6.4E-01	0.00330565	0.00983055	0.113073	7.4E-01
rs10035289	5	153095918	1.63982	A	G	0.466771	0.997256	2.96193	8.5E-02	0.0077072	0.00410057	3.53268	6.0E-02
rs2871924	5	155770918	1.66035	C	T	0.296885	0.995839	0.736858	3.9E-01	0.00360591	0.00447815	0.648384	4.2E-01
rs254800	5	172925741	1.91983	T	G	0.516573	0.99624	0.618297	4.3E-01	0.00293193	0.00409472	0.512696	4.7E-01
rs58895838	5	173269956	1.92938	A	G	0.759008	0.980237	0.740467	3.9E-01	-0.004448	0.00483098	0.847732	3.6E-01
rs244722	5	176534724	2.00012	A	C	0.491778	0.980953	1.65929	2.0E-01	0.00497146	0.00413484	1.44561	2.3E-01
rs1294447	6	6724416	0.18091	T	C	0.493581	0.983229	0.00568424	9.4E-01	-0.00137877	0.00412456	0.111744	7.4E-01
rs13207230	6	7041700	0.194689	G	A	0.467705	0.982104	0.0218339	8.8E-01	0.0012258	0.00414036	0.0876523	7.7E-01
rs4715912	6	14506240	0.314195	C	G	0.749538	0.953352	1.00268	3.2E-01	-0.00446717	0.00482801	0.856111	3.5E-01
rs4134943	6	20483407	0.409015	C	T	0.797165	1	0.73136	3.9E-01	0.00456945	0.00509234	0.80518	3.7E-01
rs2523729	6	30137387	0.505324	G	A	0.865278	1	0.887228	3.5E-01	-0.00669549	0.00598179	1.25286	2.6E-01
rs114376405	6	30770701	0.507083	G	A	0.988645	0.994696	0.698712	4.0E-01	-0.0190922	0.0193676	0.971759	3.2E-01
rs9266618	6	31346166	0.513027	C	A	0.0957785	0.921596	12.8727	3.3E-04	-0.0235127	0.00721147	10.6306	1.1E-03
rs28890929	6	32466173	0.520296	G	T	0.767519	0.646356	0.151139	7.0E-01	0.0033752	0.00596139	0.320556	5.7E-01
rs150459394	6	34185960	0.545771	A	T	0.929911	0.979787	0.352171	5.5E-01	0.00502935	0.00809058	0.386424	5.3E-01
rs6901866	6	43260660	0.66972	T	C	0.706094	0.996521	7.01124	8.1E-03	0.0118733	0.00449925	6.96405	8.3E-03
rs9381248	6	43734606	0.675407	C	T	0.878172	0.993046	0.0471595	8.3E-01	-0.00224823	0.00628718	0.12787	7.2E-01
rs9395885	6	53745477	0.782866	C	T	0.917221	0.99848	4.30174	3.8E-02	-0.0160475	0.0074319	4.66244	3.1E-02
rs2505949	6	80804414	0.920772	A	G	0.6202	0.988477	0.155359	6.9E-01	0.000860935	0.00423974	0.0412346	8.4E-01
rs2496690	6	81346504	0.922438	A	G	0.376754	0.992012	0.594343	4.4E-01	0.00311468	0.00425461	0.535929	4.6E-01
rs1322863	6	85720325	0.951167	G	A	0.93649	0.998184	0.131136	7.2E-01	-0.00300686	0.00839731	0.128218	7.2E-01
rs17448885	6	97385975	1.0576	C	G	0.658738	0.996471	0.0897616	7.6E-01	0.001297	0.00433284	0.0896061	7.6E-01
rs17297752	6	97915394	1.05968	C	A	0.730984	0.998619	0.570006	4.5E-01	0.00262904	0.00462318	0.32338	5.7E-01
rs9401452	6	98452680	1.0624	T	C	0.6062	0.998799	1.93789	1.6E-01	0.00535111	0.00419446	1.62756	2.0E-01
rs2256268	6	100599389	1.08112	C	T	0.828912	0.990083	1.4333	2.3E-01	0.00582925	0.00546989	1.13571	2.9E-01
rs12206094	6	108906200	1.17855	C	T	0.719269	0.997161	0.694315	4.0E-01	-0.00361726	0.00457066	0.626326	4.3E-01
rs4946445	6	120157197	1.26007	A	G	0.767909	0.994369	1.22359	2.7E-01	0.00640207	0.00486524	1.73154	1.9E-01
rs9375417	6	126248374	1.3252	T	C	0.495332	0.999041	0.363723	5.5E-01	-0.00194518	0.00409287	0.225872	6.3E-01
rs62437220	6	127353873	1.32766	T	A	0.95331	0.986017	3.60667	5.8E-02	0.0190147	0.00976718	3.79002	5.2E-02
rs590015	6	139824992	1.50297	G	A	0.500538	0.993146	0.0676983	7.9E-01	-0.00106492	0.00409667	0.0675724	7.9E-01
rs7453812	6	153405199	1.66319	T	G	0.0494735	0.995743	1.73617	1.9E-01	-0.0138655	0.00948034	2.13905	1.4E-01
rs622217	6	160766770	1.77463	T	C	0.517488	0.993572	0.758308	3.8E-01	0.00352661	0.00411367	0.734948	3.9E-01
rs6955431	7	20444060	0.358689	T	C	0.691796	0.986954	0.04449	8.3E-01	-0.000900816	0.00446272	0.0407449	8.4E-01
rs960589	7	25823647	0.43812	A	C	0.837367	0.976235	0.00450739	9.5E-01	-0.000278115	0.00560827	0.00245918	9.6E-01
rs12671127	7	26309246	0.44373	C	T	0.632822	0.988487	0.388755	5.3E-01	-0.00288144	0.00425966	0.457583	5.0E-01
rs2189239	7	27237453	0.453427	C	T	0.917948	0.977954	0.727642	3.9E-01	0.00720664	0.00755076	0.910928	3.4E-01
rs2715135	7	50750128	0.768412	T	G	0.360152	0.995982	0.620611	4.3E-01	0.00323574	0.00426945	0.574384	4.5E-01
rs78702390	7	68618770	0.862671	G	C	0.940062	0.983166	0.356422	5.5E-01	0.00603748	0.00870606	0.480914	4.9E-01
rs1178979	7	72856430	0.899612	T	C	0.802957	1	2.24365	1.3E-01	-0.00847243	0.00514549	2.7112	1.0E-01
rs12669521	7	77047102	0.934164	A	G	0.661643	0.98421	0.568391	4.5E-01	0.00420779	0.0043624	0.930373	3.3E-01
rs917154	7	99020806	1.15524	A	G	0.844114	0.995198	7.29375	6.9E-03	0.0154799	0.00566016	7.47959	6.2E-03
rs2470937	7	104579775	1.19833	T	A	0.548366	0.996384	1.1844	2.8E-01	0.0047399	0.00411606	1.3261	2.5E-01
rs13226446	7	116888161	1.32093	A	G	0.945831	1	0.17452	6.8E-01	-0.00263605	0.00905755	0.0847002	7.7E-01
rs17168896	7	136712058	1.48048	G	A	0.852035	0.988117	0.191836	6.6E-01	0.00194676	0.00580041	0.112644	7.4E-01
rs9969455	8	12617155	0.332045	A	G	0.621261	0.941422	6.215	1.3E-02	0.0115589	0.00435596	7.04143	8.0E-03
rs1005560	8	17371081	0.415279	T	C	0.200274	0.981644	41.6836	1.1E-10	-0.034112	0.00516517	43.616	4.0E-11
rs13249197	8	23578404	0.545604	G	T	0.772982	0.994555	0.0638972	8.0E-01	0.0012076	0.00490317	0.0606588	8.1E-01
rs11992444	8	25464690	0.565812	G	T	0.489889	1	3.50208	6.1E-02	0.00787081	0.00409315	3.69764	5.4E-02
rs13281474	8	25664334	0.57113	G	T	0.713891	0.989301	0.851329	3.6E-01	-0.00415455	0.00455495	0.831921	3.6E-01
rs1485741	8	25919020	0.575565	C	T	0.885802	0.988895	0.0209036	8.9E-01	0.000634548	0.00647598	0.00960104	9.2E-01
rs7815496	8	38321607	0.69461	C	T	0.597705	0.996532	3.42947	6.4E-02	-0.00788358	0.00417024	3.57375	5.9E-02
rs10957317	8	49888870	0.746102	A	G	0.436131	0.990627	36.4042	1.6E-09	0.0252869	0.00413595	37.3801	9.7E-10
rs62506196	8	60264465	0.832656	A	C	0.84134	0.99445	0.118084	7.3E-01	-0.00175017	0.00562083	0.0969522	7.6E-01
rs7841468	8	68195769	0.884684	T	C	0.715738	0.999146	2.48548	1.1E-01	-0.00682789	0.00453862	2.26321	1.3E-01
rs146492163	8	72386394	0.950025	G	T	0.969195	0.960969	1.22915	2.7E-01	-0.0140663	0.0121012	1.35115	2.5E-01
rs16937731	8	72531891	0.950652	C	T	0.969556	0.996682	2.94314	8.6E-02	-0.0233075	0.0119256	3.81973	5.1E-02
rs7824350	8	73452488	0.974093	A	G	0.403698	0.994411	0.762412	3.8E-01	0.00443026	0.00418961	1.11818	2.9E-01
rs144435165	8	126419938	1.45107	G	C	0.945035	0.785853	8.08271	4.5E-03	-0.0298854	0.0101189	8.72266	3.1E-03
rs10107982	8	128318755	1.49	T	C	0.72535	0.988462	0.196567	6.6E-01	-0.00154687	0.0046052	0.112826	7.4E-01
rs4925826	8	145706276	1.77929	G	A	0.53442	0.994867	46.7863	7.9E-12	0.0285786	0.00411988	48.1185	4.0E-12
rs4740619	9	15634326	0.341844	T	C	0.551259	0.999021	1.42073	2.3E-01	-0.00476949	0.00412229	1.33865	2.5E-01
rs1412234	9	28410683	0.543029	T	C	0.6721	0.991293	0.162094	6.9E-01	-0.00231654	0.00437161	0.280799	6.0E-01
rs1680490	9	29642688	0.558374	A	G	0.642017	0.991873	0.611725	4.3E-01	-0.0036657	0.00428697	0.73116	3.9E-01
rs12001634	9	94186527	1.11918	T	A	0.660667	0.996234	2.4388	1.2E-01	0.00475136	0.00433566	1.20095	2.7E-01
rs2131919	9	95283887	1.12689	A	G	0.836101	0.999136	1.00682	3.2E-01	-0.00566093	0.00553199	1.04716	3.1E-01
rs7873003	9	96392945	1.13399	T	C	0.321007	0.990354	2.46961	1.2E-01	0.00690653	0.00441006	2.45262	1.2E-01
rs56285369	9	96712312	1.1418	C	T	0.693116	0.995095	1.7127	1.9E-01	-0.00511151	0.00445474	1.3166	2.5E-01
rs12686004	9	107653426	1.24316	G	A	0.885404	1	1.30534	2.5E-01	0.00655737	0.00642224	1.04253	3.1E-01
rs10991414	9	107685589	1.24582	T	C	0.860558	0.989408	0.00210189	9.6E-01	0.000478342	0.00594276	0.00647889	9.4E-01
rs73519946	9	107868862	1.24912	A	T	0.958269	0.989128	3.42894	6.4E-02	0.020371	0.0103109	3.90331	4.8E-02
rs72607161	9	111792640	1.3053	T	C	0.706076	0.997033	1.5978	2.1E-01	-0.00618405	0.00450345	1.88563	1.7E-01
rs2799465	9	126544609	1.50625	T	C	0.864225	0.996021	1.23018	2.7E-01	-0.00570252	0.00597996	0.909364	3.4E-01
rs4382592	9	134870755	1.63189	T	G	0.300729	0.996468	0.064909	8.0E-01	-0.00108073	0.00447918	0.058215	8.1E-01
rs28647893	9	136994893	1.69152	C	T	0.505629	0.998355	0.0365888	8.5E-01	0.000458073	0.00409831	0.0124928	9.1E-01
rs12774134	10	4963327	0.105411	C	T	0.885256	1	0.315932	5.7E-01	-0.00364262	0.00641883	0.322045	5.7E-01
rs7923552	10	21687123	0.466325	G	A	0.555878	0.968501	0.948434	3.3E-01	-0.00418332	0.00419806	0.99299	3.2E-01
rs2808104	10	32112728	0.602723	C	T	0.785649	0.99976	0.335249	5.6E-01	-0.00280102	0.00498727	0.315434	5.7E-01
rs145952040	10	33461248	0.609107	T	C	0.959768	0.938566	0.368221	5.4E-01	-0.00446155	0.0107541	0.172116	6.8E-01
rs10827252	10	33672884	0.612425	A	G	0.492281	0.997479	1.42246	2.3E-01	-0.00370285	0.00410353	0.814251	3.7E-01
rs743104	10	34162510	0.623368	C	T	0.851825	0.987738	0.365084	5.5E-01	0.0037214	0.00579241	0.412758	5.2E-01
rs7070670	10	61842645	0.8423	C	T	0.672122	0.984388	0.000911459	9.8E-01	0.000279993	0.00438052	0.00408548	9.5E-01
rs7919055	10	63808475	0.859585	T	C	0.967191	0.982852	1.80988	1.8E-01	-0.0201002	0.0116037	3.00062	8.3E-02
rs2036791	10	64834352	0.870392	A	T	0.599634	0.999771	10.8357	1.0E-03	0.0144359	0.00418196	11.916	5.6E-04
rs780157	10	80904701	1.06507	A	C	0.474861	0.956984	0.417092	5.2E-01	-0.00291179	0.00418364	0.484411	4.9E-01
rs3814614	10	88128281	1.14764	A	G	0.494529	0.997451	0.21399	6.4E-01	-0.00203128	0.00410458	0.244908	6.2E-01
rs117471638	10	93158084	1.20378	G	A	0.979357	1	0.645842	4.2E-01	0.00956078	0.0144116	0.44011	5.1E-01
rs1776209	10	93810872	1.20851	A	G	0.708676	0.988042	1.03777	3.1E-01	0.0043593	0.00452331	0.928798	3.4E-01
rs71486238	10	115851703	1.41669	T	A	0.784324	0.994861	0.0532832	8.2E-01	-0.00109709	0.00499126	0.0483127	8.3E-01
rs4751824	10	122833913	1.52693	G	A	0.911446	0.998329	3.33901	6.8E-02	0.0136739	0.00721837	3.58843	5.8E-02
rs61876729	11	778857	0.0107507	A	G	0.906208	0.981631	0.740507	3.9E-01	0.00728201	0.00708215	1.05724	3.0E-01
rs12790154	11	8405148	0.189404	G	A	0.80314	0.997888	1.61585	2.0E-01	-0.00667036	0.00515143	1.67665	2.0E-01
rs1128559	11	8637191	0.189966	G	C	0.175068	0.998605	0.000429907	9.8E-01	7.61517e-05	0.0053923	0.000199439	9.9E-01
rs2403265	11	10065246	0.198625	T	C	0.502991	0.996805	2.46342	1.2E-01	0.0059741	0.004103	2.12003	1.5E-01
rs11030003	11	27455582	0.463971	C	T	0.312994	0.984085	0.258452	6.1E-01	-0.00185748	0.00444513	0.174614	6.8E-01
rs605765	11	30217503	0.478898	C	T	0.390273	0.991456	0.398495	5.3E-01	0.00247178	0.00420878	0.344912	5.6E-01
rs2679059	11	43599791	0.621966	A	T	0.402796	0.990165	0.819786	3.7E-01	0.00511829	0.00419914	1.48569	2.2E-01
rs7950696	11	47481533	0.66531	T	C	0.554095	0.999458	7.13634	7.6E-03	0.0115199	0.00411953	7.81994	5.2E-03
rs7119797	11	62166235	0.709881	C	T	0.505354	0.992172	0.10493	7.5E-01	-0.000888646	0.00411085	0.0467299	8.3E-01
rs2509962	11	62309787	0.714476	T	C	0.533104	0.974723	5.05398	2.5E-02	-0.00941381	0.00415171	5.14134	2.3E-02
rs12789028	11	65326154	0.738086	G	A	0.802636	0.99704	8.85142	2.9E-03	-0.0157783	0.00515998	9.35027	2.2E-03
rs11227413	11	65883696	0.740756	G	A	0.813673	0.996399	2.46979	1.2E-01	0.00783488	0.00526909	2.21103	1.4E-01
rs72932201	11	69175220	0.761249	A	T	0.855654	0.985031	2.1868	1.4E-01	0.00923512	0.00587267	2.47294	1.2E-01
rs11234305	11	84854732	0.937563	T	C	0.79582	0.988191	3.77385	5.2E-02	-0.0105841	0.00510752	4.29426	3.8E-02
rs3018970	11	102942989	1.11538	A	C	0.732694	0.991722	0.225318	6.4E-01	0.00276219	0.00464876	0.353047	5.5E-01
rs568038	11	111432161	1.18722	G	T	0.292876	0.997478	0.137256	7.1E-01	-0.00186632	0.00450421	0.171686	6.8E-01
rs10502172	11	113199146	1.20415	C	T	0.518831	1	0.984286	3.2E-01	-0.00295788	0.00409095	0.522771	4.7E-01
rs11216183	11	116781545	1.26169	C	A	0.907797	0.998852	0.522959	4.7E-01	0.00555096	0.00709919	0.611391	4.3E-01
rs564649	11	122012238	1.35174	G	C	0.28086	0.994823	0.236915	6.3E-01	-0.00190103	0.00457192	0.172894	6.8E-01
rs747249	11	130271647	1.49781	A	G	0.360416	0.986641	0.366588	5.4E-01	0.00327601	0.00429602	0.581509	4.5E-01
rs6590683	11	133110361	1.57589	T	C	0.498208	0.978325	0.0672881	8.0E-01	0.000890036	0.00413943	0.046231	8.3E-01
rs11611246	12	939480	0.0208836	G	T	0.789676	0.996657	0.557734	4.6E-01	-0.00405658	0.00502196	0.652487	4.2E-01
rs34322	12	12879570	0.279977	T	C	0.477215	1	0.0752553	7.8E-01	-0.000975678	0.0040954	0.0567571	8.1E-01
rs10771260	12	26253557	0.45721	A	C	0.6091	0.995844	0.670022	4.1E-01	-0.00343753	0.00420179	0.669307	4.1E-01
rs10844645	12	33737099	0.546138	C	T	0.612236	0.998433	1.36555	2.4E-01	-0.0049747	0.00420062	1.40252	2.4E-01
rs2733269	12	41866717	0.562712	A	G	0.447473	1	1.85185	1.7E-01	-0.00559441	0.00411585	1.84752	1.7E-01
rs79295634	12	47180008	0.599374	A	G	0.931814	0.995165	74.3773	6.5E-18	-0.071704	0.00814425	77.5149	1.3E-18
rs11169170	12	50223013	0.630263	C	T	0.528797	0.996913	1.93916	1.6E-01	-0.00488915	0.00411027	1.4149	2.3E-01
rs7961915	12	66425288	0.795219	A	G	0.213615	0.943584	1.80253	1.8E-01	0.00730467	0.00513786	2.02133	1.6E-01
rs704067	12	89726027	1.03172	G	A	0.546431	0.989595	1.72663	1.9E-01	0.00485603	0.00413167	1.38138	2.4E-01
rs7311622	12	98772975	1.15518	C	T	0.532843	0.989082	1.24837	2.6E-01	-0.00467563	0.00411008	1.29414	2.6E-01
rs10778609	12	108545985	1.27639	A	C	0.742874	1	0.773036	3.8E-01	0.00416709	0.00468368	0.791572	3.7E-01
rs11608693	12	122208968	1.4633	G	A	0.824705	0.882554	0.645975	4.2E-01	-0.00385738	0.00572864	0.4534	5.0E-01
rs4759364	12	123162786	1.46972	C	T	0.820077	1	0.578293	4.5E-01	-0.00308031	0.00533346	0.333556	5.6E-01
rs2049114	12	123657338	1.47171	T	C	0.206758	0.999367	2.12953	1.4E-01	-0.00709249	0.0050548	1.96874	1.6E-01
rs4765568	12	124479161	1.479	T	C	0.817636	0.993959	0.865716	3.5E-01	-0.00511275	0.00531024	0.927001	3.4E-01
rs3926666	12	124634713	1.48005	C	T	0.316244	1	2.62633	1.1E-01	0.00774037	0.00439715	3.0987	7.8E-02
rs1928496	13	31012904	0.263323	C	T	0.256087	1	1.34215	2.5E-01	-0.00538577	0.00469159	1.31782	2.5E-01
rs2475837	13	50535863	0.537065	C	T	0.887654	0.999102	0.816236	3.7E-01	0.00630726	0.0064927	0.943692	3.3E-01
rs77871802	13	50844016	0.538491	A	G	0.965634	0.994358	0.0253626	8.7E-01	0.000314619	0.0112913	0.000776395	9.8E-01
rs1379828	13	54396602	0.569676	C	T	0.203433	0.995912	0.128341	7.2E-01	-0.00159945	0.00509235	0.0986521	7.5E-01
rs1441264	13	79580919	0.787841	G	A	0.405252	0.956515	5.12338	2.4E-02	-0.00861226	0.00426044	4.08626	4.3E-02
rs1160709	13	93884256	0.892481	T	C	0.486098	0.998245	6.29777	1.2E-02	-0.0111564	0.00409856	7.40938	6.5E-03
rs664532	13	110932363	1.2151	T	C	0.427677	0.989961	1.26377	2.6E-01	0.0038594	0.00415227	0.86391	3.5E-01
rs10132280	14	25928179	0.161964	C	A	0.69686	0.989051	0.249371	6.2E-01	-0.00137406	0.00447242	0.0943893	7.6E-01
rs61986159	14	53956168	0.473642	C	T	0.766549	0.998967	0.37248	5.4E-01	0.00273987	0.00484936	0.319221	5.7E-01
rs8012185	14	58668484	0.537795	A	G	0.7232	0.991197	0.204597	6.5E-01	-0.00213358	0.00458729	0.216323	6.4E-01
rs2412107	14	65426216	0.591307	G	T	0.781613	0.991281	0.0174439	8.9E-01	-0.00102575	0.00496915	0.0426106	8.4E-01
rs2526886	14	71359064	0.651527	G	T	0.308455	0.995503	1.57342	2.1E-01	-0.00639091	0.00444372	2.06839	1.5E-01
rs10146690	14	79890456	0.747911	G	A	0.782488	0.98828	0.05133	8.2E-01	0.000160212	0.0049992	0.00102705	9.7E-01
rs7492628	14	91547136	0.882221	C	G	0.683688	0.983193	1.87128	1.7E-01	-0.00494758	0.00442987	1.24739	2.6E-01
rs7156191	14	103297847	1.11649	G	C	0.829028	0.996202	3.37109	6.6E-02	0.0103926	0.00544462	3.64343	5.6E-02
rs12441543	15	31689543	0.452834	G	A	0.713034	0.9962	0.0137884	9.1E-01	0.000882447	0.00453264	0.0379032	8.5E-01
rs12437696	15	40878474	0.62928	A	G	0.514539	0.998802	0.431252	5.1E-01	-0.00218526	0.00410451	0.283455	5.9E-01
rs11631408	15	51746236	0.710161	A	G	0.457084	0.996425	0.467321	4.9E-01	0.00259354	0.00413054	0.394251	5.3E-01
rs10851523	15	53044002	0.71725	G	C	0.71776	0.993516	0.894456	3.4E-01	-0.00458934	0.00455742	1.01406	3.1E-01
rs16976760	15	56394169	0.756417	T	G	0.787037	0.997183	2.02481	1.5E-01	0.006995	0.00501294	1.94711	1.6E-01
rs12594923	15	66991665	0.901837	T	C	0.756027	0.995986	0.248454	6.2E-01	0.00334498	0.00478575	0.488527	4.8E-01
rs12439210	15	67822172	0.914262	C	A	0.767286	0.997294	0.0128568	9.1E-01	-3.77727e-05	0.00484593	6.07577e-05	9.9E-01
rs8030477	15	73085815	0.987571	C	T	0.332619	0.996571	1.08285	3.0E-01	0.00591078	0.00436469	1.83393	1.8E-01
rs10851869	15	74331083	0.996085	T	C	0.570485	0.998308	0.268595	6.0E-01	-0.00170071	0.00414183	0.168608	6.8E-01
rs11072938	15	81021661	1.05811	C	T	0.73055	0.99862	6.50836	1.1E-02	0.0116135	0.0046131	6.33782	1.2E-02
rs66615128	15	92561941	1.21822	G	C	0.785243	0.999315	1.87466	1.7E-01	-0.00628447	0.00498412	1.58987	2.1E-01
rs13335638	16	2136624	0.0436172	T	C	0.826307	0.992856	0.393627	5.3E-01	-0.00337124	0.00543141	0.385261	5.3E-01
rs35108574	16	4370706	0.08231	A	G	0.886059	0.980242	0.0208306	8.9E-01	0.000244312	0.00649932	0.00141304	9.7E-01
rs4787649	16	24700215	0.465896	C	T	0.246069	0.995971	0.00732144	9.3E-01	0.000453537	0.00476339	0.00906552	9.2E-01
rs2650494	16	28318440	0.541911	A	G	0.582498	0.992404	0.0128479	9.1E-01	-0.000137179	0.00416014	0.00108733	9.7E-01
rs34286592	16	29820480	0.551885	C	T	0.853446	1	0.15992	6.9E-01	-0.00225479	0.00578755	0.151782	7.0E-01
rs79867441	16	29950820	0.553171	C	T	0.932235	0.992347	1.09145	3.0E-01	0.00991966	0.00817045	1.47401	2.2E-01
rs2047937	16	49864791	0.582147	C	T	0.485482	0.999762	0.17513	6.8E-01	-0.00221368	0.00410257	0.29115	5.9E-01
rs11075986	16	53805344	0.645995	C	G	0.919936	0.995968	1.1931	2.7E-01	-0.00799335	0.00754755	1.12162	2.9E-01
rs4783718	16	69547741	0.858329	T	C	0.409966	0.963133	35.4745	2.6E-09	0.0256536	0.00424173	36.5771	1.5E-09
rs35949039	16	70572605	0.860086	G	T	0.895328	0.986126	79.2333	5.5E-19	-0.0604108	0.00674199	80.2883	3.2E-19
rs2927331	16	81509452	1.04551	T	C	0.346887	0.987048	2.00751	1.6E-01	0.00616897	0.00433179	2.02811	1.5E-01
rs10492861	16	82866767	1.0911	G	T	0.714222	0.98872	0.366027	5.5E-01	0.0017604	0.00455814	0.149159	7.0E-01
rs2760744	17	2017029	0.0688816	T	C	0.706087	0.999866	1.55002	2.1E-01	0.00669175	0.00448783	2.22334	1.4E-01
rs6502766	17	3902163	0.111799	C	T	0.80529	0.994964	0.172996	6.8E-01	0.00266206	0.00517349	0.26477	6.1E-01
rs1269402	17	17361137	0.443379	T	C	0.264166	0.990324	0.637303	4.2E-01	0.00269555	0.00465342	0.335546	5.6E-01
rs7217403	17	21160085	0.471144	C	T	0.33385	0.984489	0.230576	6.3E-01	-0.00170141	0.00437186	0.151455	7.0E-01
rs4796221	17	34831963	0.595053	G	A	0.52153	1	0.120516	7.3E-01	0.000645067	0.00409583	0.0248043	8.7E-01
rs72820902	17	40441048	0.664334	C	T	0.920056	0.98229	3.04422	8.1E-02	-0.0143323	0.00761748	3.54006	6.0E-02
rs56214516	17	43836953	0.688645	A	C	0.804473	0.982696	0.513411	4.7E-01	-0.00259061	0.00520936	0.247306	6.2E-01
rs9892365	17	59491384	0.871045	A	G	0.329893	0.996856	1.25572	2.6E-01	-0.00400654	0.00436242	0.843497	3.6E-01
rs7215551	17	61664740	0.886997	G	A	0.357409	0.990187	0.915562	3.4E-01	0.00355005	0.00430482	0.680078	4.1E-01
rs3936134	17	65814382	0.947689	C	G	0.887494	1	2.6918	1.0E-01	0.010301	0.00647529	2.5307	1.1E-01
rs236544	17	68229691	0.981625	G	A	0.579438	0.996753	0.143123	7.1E-01	-0.00105873	0.00415362	0.0649701	8.0E-01
rs11869880	17	73198131	1.09799	T	C	0.785322	0.995073	0.0941794	7.6E-01	0.00142776	0.00498925	0.0818913	7.7E-01
rs3810068	18	2846499	0.0738566	T	C	0.595834	1	8.27	4.0E-03	0.0113347	0.0041629	7.41364	6.5E-03
rs1787013	18	13072979	0.384745	T	C	0.55056	0.99954	0.997242	3.2E-01	0.00452133	0.00411264	1.20863	2.7E-01
rs4310973	18	20707622	0.429126	A	G	0.212393	0.987885	4.70023	3.0E-02	0.0105287	0.00505214	4.3431	3.7E-02
rs505601	18	34280131	0.564322	G	A	0.811021	0.990705	0.193703	6.6E-01	-0.00205175	0.00524518	0.153012	7.0E-01
rs4890429	18	40697481	0.611694	T	C	0.737646	0.995191	1.33352	2.5E-01	0.00573996	0.00466997	1.51074	2.2E-01
rs74475730	18	46578171	0.687072	C	T	0.95991	0.993206	0.0610678	8.0E-01	-0.00228866	0.0104636	0.0478406	8.3E-01
rs2187176	18	57679365	0.819838	A	G	0.308896	0.982596	0.00178182	9.7E-01	0.000221117	0.00448155	0.00243438	9.6E-01
rs8097783	18	58051294	0.823036	G	A	0.926152	1	0.133076	7.2E-01	0.00304425	0.00784086	0.150742	7.0E-01
rs12979965	19	2131148	0.0753026	A	G	0.499421	0.991113	2.74817	9.7E-02	-0.00648192	0.0041169	2.47894	1.2E-01
rs10427132	19	17207156	0.420801	T	G	0.712996	0.998935	0.142962	7.1E-01	-0.00203833	0.0045162	0.203706	6.5E-01
rs91710	19	18141123	0.446267	G	A	0.56679	0.974059	0.247233	6.2E-01	-0.0024359	0.00418709	0.338449	5.6E-01
rs10403273	19	19372968	0.4621	C	G	0.837626	0.998891	0.343602	5.6E-01	0.00234065	0.00555512	0.177536	6.7E-01
rs12461902	19	30265235	0.512848	G	A	0.67121	0.985963	1.24756	2.6E-01	-0.00483179	0.00439154	1.21055	2.7E-01
rs73024215	19	33784657	0.561399	T	C	0.929714	0.961977	0.0564983	8.1E-01	0.000725858	0.00817275	0.007888	9.3E-01
rs77793940	19	34003177	0.562809	T	C	0.916644	0.969314	0.262858	6.1E-01	-0.00433135	0.00752879	0.330976	5.7E-01
rs147711004	19	45337918	0.704947	G	A	0.963968	0.951931	2.19581	1.4E-01	0.0174202	0.0112378	2.40296	1.2E-01
rs1081105	19	45412955	0.707175	A	C	0.972377	0.996729	0.153665	7.0E-01	0.0056632	0.0125286	0.204324	6.5E-01
rs12979214	19	46157719	0.718332	A	G	0.803844	0.969205	0.335647	5.6E-01	-0.002093	0.00523481	0.159859	6.9E-01
rs2303108	19	47589895	0.7442	T	C	0.283843	1	0.498986	4.8E-01	0.00334745	0.0045255	0.547136	4.6E-01
rs8103017	19	55999142	0.996663	C	G	0.705953	0.984581	0.00197592	9.6E-01	0.000406493	0.00452741	0.00806135	9.3E-01
rs805769	20	5667459	0.191037	T	C	0.5957	0.99253	5.56981	1.8E-02	-0.00961267	0.00418915	5.26545	2.2E-02
rs1884897	20	6612832	0.214572	A	G	0.37135	0.993838	0.738005	3.9E-01	-0.00326375	0.00427248	0.583543	4.4E-01
rs7453	20	25207074	0.516203	T	C	0.547955	0.998658	0.25596	6.1E-01	0.00150284	0.00411542	0.133351	7.1E-01
rs1997833	20	39690342	0.597551	T	C	0.699622	0.998963	0.041454	8.4E-01	-0.000315329	0.00445808	0.00500302	9.4E-01
rs56323232	20	41961907	0.631286	C	T	0.863634	0.984929	0.000686071	9.8E-01	0.000487547	0.0060072	0.00658704	9.4E-01
rs6066089	20	45487371	0.689692	G	C	0.697734	0.986322	0.000237992	9.9E-01	0.000849852	0.0044889	0.0358432	8.5E-01
rs6013453	20	51026284	0.791367	T	C	0.632532	0.999327	0.688	4.1E-01	0.00359741	0.00424183	0.719238	4.0E-01
rs6064557	20	56115153	0.9034	G	A	0.442951	0.999541	13.0422	3.0E-04	0.0149457	0.00410302	13.2686	2.7E-04
rs28451064	21	35593827	0.362865	G	A	0.868934	0.957975	0.171954	6.8E-01	0.00222245	0.0062022	0.128402	7.2E-01
rs2836139	21	39451403	0.432375	A	G	0.517162	0.9942	1.82761	1.8E-01	-0.00483976	0.00412281	1.37804	2.4E-01
rs849453	22	27566619	0.305237	C	G	0.190179	0.996731	0.0156813	9.0E-01	-0.000580971	0.0052244	0.0123662	9.1E-01
rs9625551	22	29140529	0.338663	G	A	0.979023	0.995212	3.90437	4.8E-02	0.028512	0.0143246	3.96178	4.7E-02
rs2413338	22	35663523	0.409716	C	T	0.369137	0.988961	3.07538	7.9E-02	-0.00720965	0.00425902	2.86556	9.0E-02
rs801597	22	47190735	0.614737	T	G	0.27544	0.998113	1.83252	1.8E-01	0.00633591	0.00457948	1.91419	1.7E-01
