SNP	CHR	BP	GENPOS	ALLELE1	ALLELE0	A1FREQ	INFO	CHISQ_LINREG	P_LINREG	BETA	SE	CHISQ_BOLT_LMM_INF	P_BOLT_LMM_INF	CHISQ_BOLT_LMM	P_BOLT_LMM
rs7412983	1	2943183	0.0400826	A	C	0.815676	0.996304	1.21123	2.7E-01	-0.00481738	0.00525922	0.839032	3.6E-01	1.41019	2.4E-01
rs1294014	1	9325676	0.18921	C	T	0.731267	0.974098	9.8522	1.7E-03	-0.0136134	0.00465673	8.54619	3.5E-03	7.35338	6.7E-03
rs9988429	1	19824124	0.401889	C	T	0.679183	0.998214	0.687412	4.1E-01	0.00375167	0.00436315	0.739348	3.9E-01	0.554867	4.6E-01
rs12041540	1	23262176	0.460611	G	A	0.646848	0.995392	0.00401128	9.5E-01	0.00261327	0.00426205	0.375951	5.4E-01	0.191578	6.6E-01
rs10902676	1	26120367	0.493514	G	A	0.466005	0.991591	6.3574	1.2E-02	-0.00984091	0.00410095	5.75841	1.6E-02	7.31955	6.8E-03
rs4660443	1	39591779	0.669753	C	T	0.785557	0.997156	6.14209	1.3E-02	-0.0124729	0.0049714	6.2947	1.2E-02	6.50718	1.1E-02
rs2032022	1	49388622	0.760047	T	G	0.350563	0.99763	0.00259668	9.6E-01	0.00143215	0.004249	0.113607	7.4E-01	0.123734	7.3E-01
rs1013293	1	62570321	0.915785	G	A	0.569453	0.987679	0.28162	6.0E-01	0.0043372	0.00411637	1.11017	2.9E-01	1.16249	2.8E-01
rs1168100	1	63124542	0.922915	T	C	0.698826	0.991115	143.567	4.4E-33	-0.0542043	0.00444539	148.679	3.4E-34	163.018	2.5E-37
rs313710	1	86251836	1.15039	T	C	0.595169	0.991629	1.64316	2.0E-01	-0.00521784	0.00415962	1.57353	2.1E-01	2.4213	1.2E-01
rs7548936	1	91207757	1.21384	G	C	0.626945	0.998895	1.5616	2.1E-01	-0.00436044	0.00421866	1.06834	3.0E-01	1.39182	2.4E-01
rs4375301	1	98298371	1.27828	A	G	0.767049	0.993807	2.42179	1.2E-01	-0.00700716	0.00483363	2.10154	1.5E-01	2.68214	1.0E-01
rs1318756	1	103340623	1.32951	T	C	0.496541	0.991063	0.109249	7.4E-01	0.00312304	0.00409137	0.582666	4.5E-01	1.63004	2.0E-01
rs3108680	1	107572997	1.35724	T	C	0.650884	0.999501	0.81163	3.7E-01	0.00398922	0.00428411	0.867072	3.5E-01	0.634873	4.3E-01
rs2076586	1	112273026	1.42823	C	T	0.754427	0.980886	1.89576	1.7E-01	0.00647471	0.00477513	1.83852	1.8E-01	1.38567	2.4E-01
rs71670897	1	119151935	1.50822	G	A	0.96335	0.976508	0.451261	5.0E-01	0.00789617	0.0109472	0.520264	4.7E-01	0.638919	4.2E-01
rs10494220	1	119572398	1.50995	C	T	0.871621	0.999593	0.00746954	9.3E-01	0.00211765	0.00608017	0.121304	7.3E-01	0.333362	5.6E-01
rs905938	1	154991389	1.69836	T	C	0.735666	1	0.0407182	8.4E-01	0.0010517	0.00461939	0.0518335	8.2E-01	0.072958	7.9E-01
rs6688053	1	163589208	1.81503	C	T	0.558728	0.988788	0.0370727	8.5E-01	0.000776552	0.00412191	0.035493	8.5E-01	0.0115367	9.1E-01
rs17345893	1	170171874	1.91645	C	T	0.933686	0.998406	1.01235	3.1E-01	-0.00568434	0.00817755	0.483186	4.9E-01	0.57609	4.5E-01
rs17361789	1	172122601	1.93709	T	G	0.67666	0.979392	0.933923	3.3E-01	-0.00364615	0.0043945	0.688416	4.1E-01	0.851486	3.6E-01
rs6700575	1	172364712	1.93908	A	G	0.843224	0.99482	0.0109089	9.2E-01	0.000117719	0.00560906	0.000440464	9.8E-01	0.00291407	9.6E-01
rs12757638	1	177815769	1.98756	G	A	0.794896	0.999497	1.81545	1.8E-01	-0.00425815	0.00505422	0.709798	4.0E-01	0.593359	4.4E-01
rs12069549	1	200036139	2.16766	C	T	0.873356	0.988289	0.0123047	9.1E-01	-0.00207488	0.00615087	0.113792	7.4E-01	0.0178936	8.9E-01
rs56283998	1	205039295	2.25361	A	C	0.802994	0.996714	2.47819	1.2E-01	-0.00865085	0.00511118	2.86467	9.1E-02	2.28542	1.3E-01
rs3767848	1	214173840	2.36754	G	A	0.749925	0.990604	0.325513	5.7E-01	0.00330901	0.00471842	0.491816	4.8E-01	0.857038	3.5E-01
rs7547454	1	219429385	2.43543	T	A	0.681956	0.999746	2.48566	1.1E-01	-0.00632189	0.00436909	2.09369	1.5E-01	1.33536	2.5E-01
rs12042959	1	243533273	2.82744	A	G	0.856295	0.985729	1.60946	2.0E-01	0.00794349	0.00583565	1.85287	1.7E-01	2.21755	1.4E-01
rs74495980	2	375873	0.0042135	C	G	0.962013	1	2.02979	1.5E-01	0.0167585	0.0106274	2.48667	1.1E-01	2.80363	9.4E-02
rs10185713	2	621254	0.0081413	A	G	0.793352	0.993471	0.000152958	9.9E-01	-0.000205374	0.0050571	0.00164927	9.7E-01	0.00254371	9.6E-01
rs812400	2	13073562	0.297327	G	A	0.763905	0.987822	1.54564	2.1E-01	0.00739692	0.00482707	2.34819	1.3E-01	1.29218	2.6E-01
rs11895352	2	20367135	0.402765	C	T	0.524637	0.997085	57.6251	3.2E-14	0.0307764	0.00408603	56.7327	5.0E-14	60.1939	8.6E-15
rs78980904	2	21121464	0.419461	T	C	0.77368	0.996537	139.06	4.3E-32	0.057368	0.00485611	139.56	3.3E-32	140.483	2.1E-32
rs1550116	2	25022598	0.45645	A	G	0.846317	1	0.628077	4.3E-01	-0.00377408	0.00563942	0.447873	5.0E-01	0.183656	6.7E-01
rs1731260	2	26953354	0.471406	G	T	0.525426	0.997367	2.32188	1.3E-01	0.00581393	0.0040773	2.03327	1.5E-01	2.38165	1.2E-01
rs10153926	2	43189120	0.673364	G	A	0.785344	0.98004	0.0358556	8.5E-01	-0.00223741	0.00500544	0.199804	6.5E-01	0.118918	7.3E-01
rs17326656	2	48962291	0.765285	G	T	0.762394	0.991513	4.18978	4.1E-02	-0.00862658	0.00480866	3.21833	7.3E-02	4.35454	3.7E-02
rs62141921	2	58590687	0.848728	G	A	0.840999	0.992362	1.60531	2.1E-01	0.00631256	0.00556418	1.28709	2.6E-01	1.28498	2.6E-01
rs13428870	2	58956557	0.850032	T	G	0.698619	0.989274	0.305101	5.8E-01	0.00268263	0.00446442	0.361071	5.5E-01	0.465698	4.9E-01
rs2195086	2	60814466	0.873878	T	G	0.83582	0.991606	4.45291	3.5E-02	-0.0102027	0.00550926	3.42957	6.4E-02	3.82211	5.1E-02
rs6716270	2	66201731	0.917171	T	C	0.851701	1	0.00598984	9.4E-01	-0.000641712	0.00572715	0.0125546	9.1E-01	0.00244704	9.6E-01
rs659116	2	67666133	0.937104	T	G	0.542915	0.997911	0.815852	3.7E-01	0.00486077	0.00409945	1.40591	2.4E-01	1.22571	2.7E-01
rs12621286	2	67785566	0.938314	T	C	0.712692	0.98911	1.67358	2.0E-01	0.0050337	0.0045242	1.23791	2.7E-01	1.55183	2.1E-01
rs12712049	2	100208830	1.21955	A	G	0.176997	0.985519	0.0541043	8.2E-01	0.00160575	0.0053669	0.0895172	7.6E-01	0.244178	6.2E-01
rs11680586	2	100746207	1.22171	G	T	0.763215	0.996151	0.400321	5.3E-01	0.00191626	0.00478899	0.160112	6.9E-01	0.0616275	8.0E-01
rs41465348	2	112242612	1.33908	G	T	0.817869	0.933063	1.40927	2.4E-01	0.00591104	0.00547247	1.1667	2.8E-01	1.08535	3.0E-01
rs111595567	2	114462089	1.35944	C	A	0.7845	0.997566	2.48343	1.2E-01	-0.00766171	0.00495877	2.38728	1.2E-01	2.55812	1.1E-01
rs10172336	2	119342963	1.39561	G	T	0.490782	0.991549	0.628698	4.3E-01	0.00288052	0.00408249	0.497843	4.8E-01	1.05008	3.1E-01
rs114666647	2	158393301	1.76187	T	C	0.987556	1	0.510165	4.8E-01	0.0158148	0.0183619	0.741815	3.9E-01	1.06246	3.0E-01
rs7560257	2	161085348	1.7867	C	T	0.846896	0.988412	0.69931	4.0E-01	-0.00495524	0.0056861	0.759453	3.8E-01	0.743785	3.9E-01
rs78343493	2	165502911	1.8149	G	A	0.879696	0.994826	40.7162	1.8E-10	0.037369	0.00626314	35.5991	2.4E-09	31.2262	2.3E-08
rs2887185	2	181528597	2.00401	C	A	0.37741	0.997975	5.2529	2.2E-02	-0.011073	0.00420042	6.94941	8.4E-03	7.88549	5.0E-03
rs3114926	2	187733699	2.04022	T	A	0.732729	0.996136	0.068455	7.9E-01	0.00170285	0.00460571	0.136697	7.1E-01	0.0115192	9.1E-01
rs7597487	2	200717641	2.13782	G	A	0.4462	0.997798	0.106601	7.4E-01	0.00130875	0.00410376	0.101706	7.5E-01	0.0335676	8.5E-01
rs16846100	2	212278218	2.24429	C	A	0.731067	0.991398	0.854179	3.6E-01	-0.00470655	0.00462117	1.03729	3.1E-01	1.10083	2.9E-01
rs7599312	2	213413231	2.26194	G	A	0.732805	0.980994	0.645244	4.2E-01	0.0038423	0.00464457	0.684373	4.1E-01	0.60331	4.4E-01
rs13429408	2	219142860	2.33572	C	A	0.437636	0.999543	1.84802	1.7E-01	0.00695172	0.00409338	2.88417	8.9E-02	1.85431	1.7E-01
rs7589153	2	230549844	2.50173	A	G	0.448934	0.993474	0.126909	7.2E-01	-0.00194338	0.00410377	0.224258	6.4E-01	0.359035	5.5E-01
rs72980197	2	239268619	2.66777	G	T	0.945215	1	1.37585	2.4E-01	0.0124197	0.00892998	1.93428	1.6E-01	1.85881	1.7E-01
rs4686340	3	9345218	0.248513	A	C	0.245634	0.979708	4.57607e-05	9.9E-01	0.000323311	0.00479381	0.00454863	9.5E-01	0.053381	8.2E-01
rs2600230	3	12038629	0.296833	T	A	0.172563	0.999419	0.339673	5.6E-01	-0.0062666	0.00539096	1.35124	2.5E-01	1.08229	3.0E-01
rs1962515	3	12611269	0.299386	T	C	0.402697	0.99673	0.0332331	8.6E-01	-0.000207559	0.00415953	0.00248998	9.6E-01	0.047125	8.3E-01
rs2455806	3	15705397	0.355658	T	A	0.685985	0.991689	0.579734	4.5E-01	-0.0044881	0.00441699	1.03246	3.1E-01	0.626813	4.3E-01
rs9843488	3	33838124	0.583292	T	G	0.731851	0.986529	0.846113	3.6E-01	-0.00429079	0.0046378	0.855956	3.5E-01	1.27957	2.6E-01
rs11928128	3	35516974	0.595221	T	C	0.862132	0.990586	0.372016	5.4E-01	-0.00275877	0.00591567	0.217482	6.4E-01	0.501644	4.8E-01
rs4683301	3	46931478	0.687602	A	T	0.40228	0.992469	7.38768	6.6E-03	-0.00982252	0.00416757	5.55494	1.8E-02	8.05629	4.5E-03
rs7633840	3	48719638	0.689719	T	C	0.334732	0.949007	0.294526	5.9E-01	0.000927924	0.00443163	0.0438427	8.3E-01	0.113046	7.4E-01
rs7613360	3	49916710	0.690238	C	T	0.605285	0.997092	1.5608	2.1E-01	-0.00447541	0.00417087	1.15136	2.8E-01	1.56169	2.1E-01
rs9311841	3	62478786	0.829707	C	T	0.266611	0.989049	0.0316972	8.6E-01	0.00109188	0.00464713	0.0552049	8.1E-01	0.0437981	8.3E-01
rs73124286	3	64667059	0.870966	G	T	0.716973	0.955989	1.58095	2.1E-01	0.00555955	0.00463363	1.43958	2.3E-01	1.34094	2.5E-01
rs10510927	3	64750744	0.872079	A	C	0.554589	0.997963	0.00633863	9.4E-01	0.00190683	0.00410253	0.216032	6.4E-01	0.187653	6.6E-01
rs4123668	3	82629523	1.08298	T	C	0.597578	0.994471	0.000608473	9.8E-01	-0.000604695	0.00416536	0.021075	8.8E-01	0.0797952	7.8E-01
rs9876664	3	85806313	1.08996	G	T	0.623459	0.99373	0.281873	6.0E-01	0.0019113	0.00421789	0.205337	6.5E-01	0.0137915	9.1E-01
rs1580100	3	93980841	1.10443	T	A	0.48363	0.99821	1.70521	1.9E-01	0.0060917	0.00408248	2.22653	1.4E-01	2.23974	1.3E-01
rs11708733	3	128039895	1.41818	G	A	0.952759	0.983201	4.04141	4.4E-02	-0.0165635	0.00969717	2.91753	8.8E-02	1.77679	1.8E-01
rs143418767	3	129105690	1.42548	G	A	0.980985	0.944053	0.828292	3.6E-01	0.0186077	0.015345	1.47046	2.3E-01	1.86644	1.7E-01
rs7624428	3	131516596	1.44298	T	A	0.73313	0.992487	0.301245	5.8E-01	0.000882198	0.00462954	0.0363125	8.5E-01	0.00446343	9.5E-01
rs13071085	3	136014923	1.49397	G	A	0.874037	0.99558	27.2297	1.8E-07	0.0322805	0.00614845	27.5644	1.5E-07	30.7397	3.0E-08
rs111398337	3	138328016	1.50606	C	T	0.455117	0.996909	0.237183	6.3E-01	0.0032742	0.00409531	0.639202	4.2E-01	1.17608	2.8E-01
rs62271373	3	150066540	1.64339	T	A	0.940057	0.95946	15.3724	8.8E-05	-0.0361911	0.00874702	17.1192	3.5E-05	18.3232	1.9E-05
rs9865431	3	156351718	1.71006	T	A	0.852687	0.993895	0.330837	5.7E-01	0.00294491	0.00576331	0.261096	6.1E-01	0.314429	5.7E-01
rs13091300	3	168927453	1.77934	C	T	0.617544	0.9977	0.313687	5.8E-01	0.00207335	0.00418812	0.245081	6.2E-01	0.401017	5.3E-01
rs4894803	3	171800256	1.82113	A	G	0.59062	0.987681	1.83405	1.8E-01	-0.00534732	0.00417566	1.63991	2.0E-01	1.87225	1.7E-01
rs12638263	3	185795855	2.0212	A	C	0.807145	0.995698	1.37408	2.4E-01	-0.00680138	0.00517854	1.72496	1.9E-01	1.60607	2.1E-01
rs2248422	3	187668469	2.0681	T	C	0.79676	1	0.178528	6.7E-01	-0.00205393	0.00507537	0.16377	6.9E-01	0.141782	7.1E-01
rs7697256	4	848335	0.00782825	C	T	0.72746	0.999147	5.61881	1.8E-02	0.0112693	0.00457723	6.06163	1.4E-02	6.34824	1.2E-02
rs4690071	4	3086753	0.0324892	A	T	0.641787	0.991623	22.3604	2.3E-06	0.0204489	0.00426827	22.9528	1.7E-06	25.4398	4.6E-07
rs1912897	4	26006133	0.455942	A	T	0.794106	0.98817	7.49203	6.2E-03	-0.0143393	0.00506524	8.01408	4.6E-03	6.70135	9.6E-03
rs2871198	4	26292555	0.461345	C	T	0.389909	0.964896	0.803097	3.7E-01	0.00491998	0.00425153	1.33917	2.5E-01	1.5584	2.1E-01
rs13130484	4	45175691	0.679813	C	T	0.566923	0.996273	0.258149	6.1E-01	-0.00169018	0.00411844	0.168423	6.8E-01	0.256515	6.1E-01
rs819266	4	56235592	0.73028	T	C	0.711983	0.998836	0.141423	7.1E-01	0.002622	0.00451059	0.337908	5.6E-01	0.50733	4.8E-01
rs4472161	4	78625750	0.926383	A	C	0.140858	0.990092	1.64825	2.0E-01	-0.00515203	0.00587325	0.769483	3.8E-01	0.789941	3.7E-01
rs9991751	4	89642436	1.0486	G	A	0.847364	0.999558	9.1899	2.4E-03	0.0176783	0.0056758	9.7012	1.8E-03	9.89181	1.7E-03
rs904092	4	100214164	1.13019	A	G	0.176585	1	3.54564	6.0E-02	-0.0102097	0.00533843	3.6576	5.6E-02	3.28468	7.0E-02
rs4525978	4	102133144	1.14847	C	T	0.266365	0.992964	0.717117	4.0E-01	0.00548279	0.00462813	1.40343	2.4E-01	1.79908	1.8E-01
rs769668	4	140858717	1.49525	T	C	0.655583	0.988947	3.76017	5.2E-02	0.0088485	0.0043239	4.18783	4.1E-02	3.64883	5.6E-02
rs7692554	4	145536336	1.5383	G	A	0.572163	0.998925	3.29649	6.9E-02	0.00693418	0.00410656	2.85124	9.1E-02	3.9135	4.8E-02
rs639744	5	3949504	0.10119	C	T	0.334393	0.993555	7.04221	8.0E-03	0.0109988	0.00434022	6.42198	1.1E-02	6.5495	1.0E-02
rs12658939	5	53268762	0.644749	T	C	0.887728	0.983337	0.486636	4.9E-01	-0.00409394	0.00649649	0.397125	5.3E-01	0.341019	5.6E-01
rs115865075	5	55776257	0.679598	C	T	0.987426	0.93412	1.38463	2.4E-01	-0.019474	0.0188626	1.06587	3.0E-01	1.67626	2.0E-01
rs588898	5	55797382	0.680156	G	A	0.874484	0.995997	12.516	4.0E-04	0.0208057	0.00616026	11.4069	7.3E-04	12.674	3.7E-04
rs34696	5	66292389	0.770621	C	A	0.447793	0.986394	1.10013	2.9E-01	0.00532086	0.0041245	1.66426	2.0E-01	2.43896	1.2E-01
rs253407	5	74926778	0.860943	A	G	0.278524	1	0.0573707	8.1E-01	-0.000261207	0.00454779	0.0032989	9.5E-01	0.00108576	9.7E-01
rs13167306	5	76574841	0.89346	C	T	0.679878	0.993031	4.07198	4.4E-02	0.00958329	0.00439002	4.76538	2.9E-02	4.74633	2.9E-02
rs247916	5	87530253	1.0143	A	C	0.790166	0.984893	0.403854	5.3E-01	0.000974445	0.00503621	0.0374376	8.5E-01	0.00249759	9.6E-01
rs7733438	5	87986284	1.0155	T	G	0.863301	0.981904	0.244348	6.2E-01	-0.00304193	0.00597995	0.258763	6.1E-01	0.456969	5.0E-01
rs6869862	5	103886213	1.12287	T	G	0.519002	0.997607	4.83209	2.8E-02	-0.00934749	0.0040833	5.24045	2.2E-02	7.39818	6.5E-03
rs11241196	5	112535956	1.19975	G	A	0.317525	0.991452	0.592791	4.4E-01	0.00316707	0.00439187	0.520015	4.7E-01	0.783419	3.8E-01
rs12332329	5	118721694	1.27467	G	A	0.717104	0.991939	3.62421	5.7E-02	0.0107992	0.0045423	5.65233	1.7E-02	5.61142	1.8E-02
rs4705986	5	132349654	1.39065	T	G	0.936459	0.978165	0.950438	3.3E-01	0.0114894	0.00844845	1.84945	1.7E-01	0.843648	3.6E-01
rs10477191	5	142077715	1.49476	A	G	0.949961	0.911257	0.0171138	9.0E-01	-0.00502789	0.00978073	0.264259	6.1E-01	0.548162	4.6E-01
rs10035289	5	153095918	1.63982	A	G	0.466786	0.997256	0.581568	4.5E-01	0.00248034	0.00407967	0.369633	5.4E-01	0.24693	6.2E-01
rs2871924	5	155770918	1.66035	C	T	0.296888	0.995839	0.886793	3.5E-01	0.00154245	0.00445533	0.119857	7.3E-01	0.160351	6.9E-01
rs254800	5	172925741	1.91983	T	G	0.516581	0.99624	0.223673	6.4E-01	-0.00272881	0.0040739	0.44867	5.0E-01	0.896203	3.4E-01
rs58895838	5	173269956	1.92938	A	G	0.759007	0.980237	0.614399	4.3E-01	0.00447047	0.00480645	0.865084	3.5E-01	0.455094	5.0E-01
rs244722	5	176534724	2.00012	A	C	0.491774	0.980953	8.00502	4.7E-03	-0.0116794	0.00411378	8.06042	4.5E-03	7.8417	5.1E-03
rs1294447	6	6724416	0.18091	T	C	0.493581	0.983229	0.471354	4.9E-01	0.00332092	0.00409949	0.656233	4.2E-01	1.06462	3.0E-01
rs13207230	6	7041700	0.194689	G	A	0.467706	0.982104	0.0329859	8.6E-01	0.00121616	0.0041152	0.0873374	7.7E-01	0.000131502	9.9E-01
rs4715912	6	14506240	0.314195	C	G	0.749538	0.953352	0.0257305	8.7E-01	0.00177486	0.00479861	0.136803	7.1E-01	0.336969	5.6E-01
rs4134943	6	20483407	0.409015	C	T	0.797164	1	1.9282	1.6E-01	0.00716414	0.00506131	2.00356	1.6E-01	2.31332	1.3E-01
rs2523729	6	30137387	0.505324	G	A	0.865283	1	26.8992	2.1E-07	0.0323714	0.0059454	29.6457	5.2E-08	31.1988	2.3E-08
rs114376405	6	30770701	0.507083	G	A	0.988645	0.994696	0.105268	7.5E-01	-0.0100891	0.0192499	0.274695	6.0E-01	0.447359	5.0E-01
rs9266618	6	31346166	0.513027	C	A	0.0957795	0.921596	8.69826	3.2E-03	-0.0218446	0.00716749	9.28873	2.3E-03	9.10107	2.6E-03
rs28890929	6	32466173	0.520296	G	T	0.767516	0.646356	0.0748173	7.8E-01	0.00124452	0.00592508	0.0441179	8.3E-01	0.0805449	7.8E-01
rs150459394	6	34185960	0.545771	A	T	0.929914	0.979787	0.156901	6.9E-01	0.00299753	0.00804138	0.138952	7.1E-01	0.336456	5.6E-01
rs6901866	6	43260660	0.66972	T	C	0.706104	0.996521	0.0748065	7.8E-01	9.09563e-05	0.00447184	0.000413708	9.8E-01	0.0058286	9.4E-01
rs9381248	6	43734606	0.675407	C	T	0.878168	0.993046	12.6043	3.8E-04	-0.0218936	0.00624855	12.2765	4.6E-04	9.8897	1.7E-03
rs9395885	6	53745477	0.782866	C	T	0.917223	0.99848	1.89921	1.7E-01	-0.012386	0.0073867	2.81165	9.4E-02	2.8614	9.1E-02
rs2505949	6	80804414	0.920772	A	G	0.620204	0.988477	2.62315	1.1E-01	0.0059886	0.00421392	2.01966	1.6E-01	3.06723	8.0E-02
rs2496690	6	81346504	0.922438	A	G	0.376754	0.992012	0.0117189	9.1E-01	-0.00137636	0.00422872	0.105936	7.4E-01	0.331562	5.6E-01
rs1322863	6	85720325	0.951167	G	A	0.936492	0.998184	0.862377	3.5E-01	-0.0101451	0.00834625	1.4775	2.2E-01	1.54586	2.1E-01
rs17448885	6	97385975	1.0576	C	G	0.658737	0.996471	0.0814689	7.8E-01	0.00118328	0.00430639	0.0755006	7.8E-01	0.273364	6.0E-01
rs17297752	6	97915394	1.05968	C	A	0.730989	0.998619	15.3738	8.8E-05	0.0164915	0.00459502	12.8808	3.3E-04	14.7346	1.2E-04
rs9401452	6	98452680	1.0624	T	C	0.606196	0.998799	0.0362675	8.5E-01	0.000107183	0.00416888	0.000661011	9.8E-01	0.00568707	9.4E-01
rs2256268	6	100599389	1.08112	C	T	0.828914	0.990083	2.87154	9.0E-02	-0.00905659	0.00543658	2.7751	9.6E-02	3.4932	6.2E-02
rs12206094	6	108906200	1.17855	C	T	0.71927	0.997161	0.0752495	7.8E-01	0.00209952	0.00454283	0.213593	6.4E-01	0.308331	5.8E-01
rs4946445	6	120157197	1.26007	A	G	0.767913	0.994369	0.766295	3.8E-01	0.00577664	0.00483561	1.42708	2.3E-01	1.01239	3.1E-01
rs9375417	6	126248374	1.3252	T	C	0.495328	0.999041	0.0529787	8.2E-01	0.00103831	0.00406796	0.0651473	8.0E-01	0.00483273	9.4E-01
rs62437220	6	127353873	1.32766	T	A	0.953312	0.986017	8.61115	3.3E-03	-0.027599	0.0097078	8.08248	4.5E-03	8.31534	3.9E-03
rs590015	6	139824992	1.50297	G	A	0.500538	0.993146	47.3045	6.1E-12	-0.0273851	0.00407177	45.2337	1.7E-11	44.1321	3.1E-11
rs7453812	6	153405199	1.66319	T	G	0.0494718	0.995743	0.211721	6.5E-01	-0.00436838	0.0094227	0.214927	6.4E-01	0.429877	5.1E-01
rs2282137	6	160468180	1.77084	G	A	0.984063	0.989502	66.1214	4.2E-16	0.132008	0.0163197	65.4295	6.0E-16	64.3517	1.0E-15
rs6955431	7	20444060	0.358689	T	C	0.69178	0.986954	2.40727	1.2E-01	0.00787849	0.00443935	3.14954	7.6E-02	5.33959	2.1E-02
rs960589	7	25823647	0.43812	A	C	0.837373	0.976235	1.27405	2.6E-01	-0.00745405	0.0055791	1.78507	1.8E-01	2.30369	1.3E-01
rs12671127	7	26309246	0.44373	C	T	0.632826	0.988487	2.99269	8.4E-02	0.00828815	0.00423749	3.82559	5.0E-02	3.33179	6.8E-02
rs2189239	7	27237453	0.453427	C	T	0.917946	0.977954	0.000913964	9.8E-01	0.000567647	0.00751132	0.00571115	9.4E-01	0.115276	7.3E-01
rs2715135	7	50750128	0.768412	T	G	0.360162	0.995982	6.06402	1.4E-02	0.0123242	0.00424712	8.42038	3.7E-03	7.78961	5.3E-03
rs78702390	7	68618770	0.862671	G	C	0.940064	0.983166	7.44845	6.3E-03	0.0250813	0.00866082	8.3865	3.8E-03	8.2335	4.1E-03
rs1178979	7	72856430	0.899612	T	C	0.80296	1	269.538	1.4E-60	0.0854765	0.00511871	278.852	1.3E-62	285.742	4.2E-64
rs12669521	7	77047102	0.934164	A	G	0.661642	0.98421	2.95534	8.6E-02	0.00865565	0.00433971	3.97812	4.6E-02	4.59618	3.2E-02
rs917154	7	99020806	1.15524	A	G	0.844107	0.995198	1.75161	1.9E-01	0.00666642	0.00563064	1.40175	2.4E-01	1.32418	2.5E-01
rs2470937	7	104579775	1.19833	T	A	0.548378	0.996384	0.738755	3.9E-01	-0.00387261	0.00409459	0.894512	3.4E-01	0.710763	4.0E-01
rs13226446	7	116888161	1.32093	A	G	0.945828	1	0.229485	6.3E-01	0.00667295	0.00901019	0.548489	4.6E-01	0.405554	5.2E-01
rs17168896	7	136712058	1.48048	G	A	0.852027	0.988117	0.166674	6.8E-01	0.00147292	0.00577012	0.0651615	8.0E-01	0.0448746	8.3E-01
rs2921064	8	8316637	0.239272	C	T	0.53783	0.987347	43.771	3.7E-11	0.0284004	0.00411077	47.7314	4.9E-12	46.4568	9.4E-12
rs10088180	8	18228116	0.434748	A	G	0.292299	0.985722	47.2546	6.2E-12	0.031246	0.00450128	48.1856	3.9E-12	56.6526	5.2E-14
rs142588427	8	19614541	0.468917	G	A	0.892594	0.95786	47.7719	4.8E-12	0.0466328	0.00670403	48.385	3.5E-12	48.7691	2.9E-12
rs76423146	8	19820480	0.47264	C	T	0.972445	0.99036	85.9511	1.8E-20	-0.116749	0.0125	87.2353	9.6E-21	86.3877	1.5E-20
rs117910839	8	19822741	0.472654	T	A	0.96878	0.96561	133.299	7.8E-31	0.138683	0.0118572	136.799	1.3E-31	142.309	8.3E-33
rs28870406	8	19835822	0.472733	C	A	0.985936	0.970573	36.7645	1.3E-09	-0.108572	0.0175267	38.3735	5.8E-10	38.171	6.5E-10
rs7815496	8	38321607	0.69461	C	T	0.597702	0.996532	7.19067	7.3E-03	-0.0110681	0.00414139	7.14258	7.5E-03	8.62274	3.3E-03
rs62506196	8	60264465	0.832656	A	C	0.841337	0.99445	0.471433	4.9E-01	-0.00321368	0.00558195	0.331462	5.6E-01	0.530861	4.7E-01
rs7841468	8	68195769	0.884684	T	C	0.715739	0.999146	3.1206	7.7E-02	-0.00682189	0.00450717	2.29088	1.3E-01	2.49437	1.1E-01
rs146492163	8	72386394	0.950025	G	T	0.969192	0.960969	13.3718	2.6E-04	-0.0425505	0.0120169	12.5379	4.0E-04	14.1236	1.7E-04
rs16937731	8	72531891	0.950652	C	T	0.969553	0.996682	0.0342123	8.5E-01	-0.00055316	0.0118425	0.00218179	9.6E-01	0.0106455	9.2E-01
rs7824350	8	73452488	0.974093	A	G	0.403692	0.994411	1.60061	2.1E-01	0.00671808	0.00416065	2.60716	1.1E-01	2.76971	9.6E-02
rs144435165	8	126419938	1.45107	G	C	0.945037	0.785853	48.1715	3.9E-12	-0.0688477	0.0100491	46.938	7.3E-12	45.7206	1.4E-11
rs2954018	8	126477153	1.45319	C	T	0.29933	0.998357	281.033	4.5E-63	0.0771111	0.00444257	301.276	1.7E-67	310.974	1.3E-69
rs10107982	8	128318755	1.49	T	C	0.725351	0.988462	8.59398	3.4E-03	-0.0131359	0.00457338	8.24986	4.1E-03	6.71655	9.6E-03
rs4740619	9	15634326	0.341844	T	C	0.551261	0.999021	1.4452	2.3E-01	0.00412845	0.0041024	1.01274	3.1E-01	0.311945	5.8E-01
rs1412234	9	28410683	0.543029	T	C	0.672099	0.991293	0.102996	7.5E-01	-0.00178925	0.00435051	0.169145	6.8E-01	0.610853	4.3E-01
rs1680490	9	29642688	0.558374	A	G	0.642012	0.991873	1.22392	2.7E-01	-0.0048016	0.0042663	1.26669	2.6E-01	1.76254	1.8E-01
rs12001634	9	94186527	1.11918	T	A	0.660665	0.996234	4.24748	3.9E-02	0.00630245	0.00431473	2.13359	1.4E-01	2.84186	9.2E-02
rs2131919	9	95283887	1.12689	A	G	0.836098	0.999136	3.14335	7.6E-02	-0.0111734	0.00550506	4.11952	4.2E-02	2.22528	1.4E-01
rs7873003	9	96392945	1.13399	T	C	0.321009	0.990354	3.52314	6.1E-02	0.00974725	0.00438869	4.93281	2.6E-02	5.14734	2.3E-02
rs56285369	9	96712312	1.1418	C	T	0.693118	0.995095	0.00283998	9.6E-01	0.000237615	0.00443323	0.0028728	9.6E-01	0.0771616	7.8E-01
rs12686004	9	107653426	1.24316	G	A	0.885408	1	55.8788	7.7E-14	0.0472621	0.00639127	54.683	1.4E-13	57.1476	4.0E-14
rs10991414	9	107685589	1.24582	T	C	0.860554	0.989408	3.8305	5.0E-02	-0.010447	0.00591399	3.12049	7.7E-02	2.74645	9.7E-02
rs73519946	9	107868862	1.24912	A	T	0.958271	0.989128	0.426595	5.1E-01	0.00695077	0.0102612	0.458849	5.0E-01	0.595446	4.4E-01
rs72607161	9	111792640	1.3053	T	C	0.706082	0.997033	7.04327	8.0E-03	0.0106568	0.00448169	5.65421	1.7E-02	5.06005	2.4E-02
rs2799465	9	126544609	1.50625	T	C	0.864225	0.996021	0.219788	6.4E-01	0.00226504	0.00595106	0.144864	7.0E-01	0.0422466	8.4E-01
rs4382592	9	134870755	1.63189	T	G	0.300732	0.996468	6.03465	1.4E-02	0.0108377	0.00445746	5.91157	1.5E-02	5.35789	2.1E-02
rs28647893	9	136994893	1.69152	C	T	0.505629	0.998355	1.77952	1.8E-01	0.00619154	0.00407849	2.30462	1.3E-01	2.81624	9.3E-02
rs12774134	10	4963327	0.105411	C	T	0.88526	1	0.324231	5.7E-01	-0.00350988	0.00638664	0.302022	5.8E-01	0.345876	5.6E-01
rs7923552	10	21687123	0.466325	G	A	0.555867	0.968501	0.849703	3.6E-01	-0.00363511	0.00417693	0.757392	3.8E-01	0.619949	4.3E-01
rs2808104	10	32112728	0.602723	C	T	0.785657	0.99976	0.0377419	8.5E-01	0.00102358	0.00496223	0.0425492	8.4E-01	0.121562	7.3E-01
rs145952040	10	33461248	0.609107	T	C	0.959765	0.938566	4.95749	2.6E-02	-0.0257513	0.0106997	5.79233	1.6E-02	5.61567	1.8E-02
rs10827252	10	33672884	0.612425	A	G	0.492282	0.997479	1.38811	2.4E-01	-0.00519789	0.0040829	1.62076	2.0E-01	2.35519	1.2E-01
rs743104	10	34162510	0.623368	C	T	0.851826	0.987738	1.70704	1.9E-01	-0.00743334	0.00576331	1.66351	2.0E-01	1.24065	2.7E-01
rs7070670	10	61842645	0.8423	C	T	0.672129	0.984388	2.70399	1.0E-01	0.00696611	0.00435851	2.55449	1.1E-01	2.26026	1.3E-01
rs7919055	10	63808475	0.859585	T	C	0.967188	0.982852	3.26416	7.1E-02	-0.0242413	0.0115448	4.40898	3.6E-02	5.49172	1.9E-02
rs2036791	10	64834352	0.870392	A	T	0.599639	0.999771	14.7929	1.2E-04	0.0149313	0.00416095	12.8769	3.3E-04	12.4448	4.2E-04
rs780157	10	80904701	1.06507	A	C	0.474862	0.956984	3.10368	7.8E-02	-0.00622815	0.0041626	2.23866	1.3E-01	2.1865	1.4E-01
rs3814614	10	88128281	1.14764	A	G	0.494534	0.997451	2.85225	9.1E-02	0.00567969	0.00408391	1.93418	1.6E-01	2.0603	1.5E-01
rs117471638	10	93158084	1.20378	G	A	0.979357	1	0.000155688	9.9E-01	-0.0023081	0.0143394	0.0259088	8.7E-01	0.0406878	8.4E-01
rs1776209	10	93810872	1.20851	A	G	0.708687	0.988042	6.0984	1.4E-02	0.0114628	0.00450059	6.48697	1.1E-02	6.55397	1.0E-02
rs71486238	10	115851703	1.41669	T	A	0.784322	0.994861	0.619428	4.3E-01	-0.00542942	0.00496619	1.19525	2.7E-01	1.31853	2.5E-01
rs4751824	10	122833913	1.52693	G	A	0.911449	0.998329	2.41407	1.2E-01	0.010437	0.00718218	2.11171	1.5E-01	1.80075	1.8E-01
rs61876729	11	778857	0.0107507	A	G	0.906207	0.981631	0.016951	9.0E-01	-0.000930192	0.00704262	0.0174452	8.9E-01	0.0430551	8.4E-01
rs12790154	11	8405148	0.189404	G	A	0.803138	0.997888	0.203688	6.5E-01	0.00180452	0.00512256	0.124093	7.2E-01	0.021737	8.8E-01
rs1128559	11	8637191	0.189966	G	C	0.17507	0.998605	0.0604181	8.1E-01	-0.0023053	0.00536222	0.184827	6.7E-01	0.418415	5.2E-01
rs2403265	11	10065246	0.198625	T	C	0.502995	0.996805	0.634917	4.3E-01	0.00476102	0.00408007	1.36165	2.4E-01	1.53859	2.1E-01
rs11030003	11	27455582	0.463971	C	T	0.312992	0.984085	7.03068	8.0E-03	0.0106429	0.00442035	5.797	1.6E-02	9.02777	2.7E-03
rs605765	11	30217503	0.478898	C	T	0.390281	0.991456	7.00564	8.1E-03	0.0109071	0.0041853	6.79144	9.2E-03	5.54951	1.8E-02
rs2679059	11	43599791	0.621966	A	T	0.4028	0.990165	1.15887	2.8E-01	0.00593414	0.0041757	2.01956	1.6E-01	3.50808	6.1E-02
rs7950696	11	47481533	0.66531	T	C	0.554089	0.999458	0.887391	3.5E-01	-0.00372583	0.00409649	0.827223	3.6E-01	0.78489	3.8E-01
rs174528	11	61543499	0.703973	T	C	0.622738	0.995598	100.477	1.2E-23	-0.0418608	0.00419895	99.3878	2.1E-23	99.4054	2.1E-23
rs2509962	11	62309787	0.714476	T	C	0.533094	0.974723	3.20812	7.3E-02	-0.00655166	0.00412853	2.51832	1.1E-01	3.12558	7.7E-02
rs12789028	11	65326154	0.738086	G	A	0.802639	0.99704	1.75452	1.9E-01	-0.00480325	0.00513122	0.876252	3.5E-01	1.70627	1.9E-01
rs11227413	11	65883696	0.740756	G	A	0.813675	0.996399	6.37691	1.2E-02	-0.0142219	0.00523971	7.36714	6.6E-03	7.36157	6.7E-03
rs11234305	11	84854732	0.937563	T	C	0.795827	0.988191	0.473481	4.9E-01	-0.00321351	0.00507906	0.400307	5.3E-01	0.156172	6.9E-01
rs3018970	11	102942989	1.11538	A	C	0.732698	0.991722	1.53702	2.2E-01	0.00605188	0.00462284	1.71381	1.9E-01	1.40456	2.4E-01
rs568038	11	111432161	1.18722	G	T	0.292879	0.997478	2.364	1.2E-01	-0.00573968	0.00447902	1.64214	2.0E-01	1.16701	2.8E-01
rs10502172	11	113199146	1.20415	C	T	0.518835	1	0.332116	5.6E-01	0.00350789	0.00406816	0.743526	3.9E-01	1.0323	3.1E-01
rs11216183	11	116781545	1.26169	C	A	0.9078	0.998852	34.3474	4.6E-09	0.039247	0.00705967	30.906	2.7E-08	31.3532	2.2E-08
rs564649	11	122012238	1.35174	G	C	0.280863	0.994823	0.157424	6.9E-01	-0.00144448	0.00454634	0.100948	7.5E-01	0.23262	6.3E-01
rs747249	11	130271647	1.49781	A	G	0.360417	0.986641	0.417592	5.2E-01	-0.00375079	0.00427209	0.770838	3.8E-01	0.403266	5.3E-01
rs6590683	11	133110361	1.57589	T	C	0.498199	0.978325	2.62544	1.1E-01	0.00628159	0.00411633	2.32873	1.3E-01	2.48455	1.1E-01
rs11611246	12	939480	0.0208836	G	T	0.789679	0.996657	0.184413	6.7E-01	-0.00156683	0.00499841	0.0982601	7.5E-01	0.0509248	8.2E-01
rs34322	12	12879570	0.279977	T	C	0.477211	1	0.0216364	8.8E-01	0.000614889	0.00407621	0.0227552	8.8E-01	0.00457181	9.5E-01
rs10771260	12	26253557	0.45721	A	C	0.609092	0.995844	0.660242	4.2E-01	-0.003441	0.00418199	0.677024	4.1E-01	1.16499	2.8E-01
rs10844645	12	33737099	0.546138	C	T	0.612236	0.998433	2.30029	1.3E-01	0.00724133	0.00418086	2.99989	8.3E-02	1.95775	1.6E-01
rs2733269	12	41866717	0.562712	A	G	0.44747	1	0.0077558	9.3E-01	0.00161926	0.00409649	0.156246	6.9E-01	0.0271625	8.7E-01
rs11169170	12	50223013	0.630263	C	T	0.528796	0.996913	0.0133451	9.1E-01	-8.73677e-05	0.00409097	0.000456088	9.8E-01	0.0461652	8.3E-01
rs3847783	12	54320692	0.682622	C	T	0.318019	0.99235	0.306669	5.8E-01	0.00346208	0.00437569	0.626012	4.3E-01	0.701124	4.0E-01
rs894738	12	54417525	0.685339	G	A	0.639703	0.990228	2.01831	1.6E-01	0.00628345	0.00425907	2.17654	1.4E-01	1.76937	1.8E-01
rs7961915	12	66425288	0.795219	A	G	0.213612	0.943584	0.124756	7.2E-01	0.00103056	0.00511376	0.040613	8.4E-01	0.0465978	8.3E-01
rs704067	12	89726027	1.03172	G	A	0.54643	0.989595	0.452697	5.0E-01	-0.00418888	0.00411226	1.03761	3.1E-01	1.0156	3.1E-01
rs7311622	12	98772975	1.15518	C	T	0.532837	0.989082	0.254288	6.1E-01	-0.00313958	0.00409074	0.589034	4.4E-01	0.169437	6.8E-01
rs10778609	12	108545985	1.27639	A	C	0.742853	1	1.23558	2.7E-01	0.00483003	0.00466141	1.07366	3.0E-01	0.731189	3.9E-01
rs11065365	12	121392040	1.45387	G	A	0.409736	0.998092	45.8492	1.3E-11	0.0287036	0.00414976	47.8442	4.6E-12	48.095	4.1E-12
rs11608693	12	122208968	1.4633	G	A	0.824703	0.882554	0.99695	3.2E-01	0.0039983	0.00570175	0.49174	4.8E-01	0.349661	5.5E-01
rs4765568	12	124479161	1.479	T	C	0.817638	0.993959	1.28922	2.6E-01	0.00618619	0.00528534	1.36994	2.4E-01	1.92489	1.7E-01
rs1928496	13	31012904	0.263323	C	T	0.256087	1	10.0584	1.5E-03	-0.0152625	0.00466885	10.6864	1.1E-03	10.4079	1.3E-03
rs2475837	13	50535863	0.537065	C	T	0.887658	0.999102	2.98421	8.4E-02	-0.0129398	0.00646128	4.01071	4.5E-02	3.47392	6.2E-02
rs77871802	13	50844016	0.538491	A	G	0.965631	0.994358	0.424099	5.1E-01	0.00869733	0.0112361	0.599163	4.4E-01	0.570579	4.5E-01
rs1379828	13	54396602	0.569676	C	T	0.20343	0.995912	1.36769	2.4E-01	0.00553116	0.00506767	1.19128	2.8E-01	1.02571	3.1E-01
rs1441264	13	79580919	0.787841	G	A	0.405243	0.956515	0.887271	3.5E-01	-0.00398555	0.00423976	0.883676	3.5E-01	0.796567	3.7E-01
rs1160709	13	93884256	0.892481	T	C	0.486099	0.998245	0.511576	4.7E-01	-0.00336863	0.00407867	0.682133	4.1E-01	0.749744	3.9E-01
rs664532	13	110932363	1.2151	T	C	0.427688	0.989961	0.0110659	9.2E-01	-0.000517785	0.00413209	0.0157022	9.0E-01	0.00576987	9.4E-01
rs10132280	14	25928179	0.161964	C	A	0.696858	0.989051	0.633205	4.3E-01	0.00395049	0.00445079	0.78782	3.7E-01	0.539343	4.6E-01
rs61986159	14	53956168	0.473642	C	T	0.766548	0.998967	0.00158099	9.7E-01	0.00107474	0.00482598	0.0495944	8.2E-01	0.0388768	8.4E-01
rs8012185	14	58668484	0.537795	A	G	0.723205	0.991197	18.2791	1.9E-05	-0.0174076	0.00456518	14.5398	1.4E-04	15.3626	8.9E-05
rs2412107	14	65426216	0.591307	G	T	0.78162	0.991281	0.0167705	9.0E-01	-0.00301958	0.00494521	0.372841	5.4E-01	0.201037	6.5E-01
rs2526886	14	71359064	0.651527	G	T	0.308449	0.995503	12.7043	3.6E-04	-0.0151761	0.00442229	11.7767	6.0E-04	11.1673	8.3E-04
rs10146690	14	79890456	0.747911	G	A	0.782491	0.98828	0.946502	3.3E-01	0.00474155	0.0049751	0.908316	3.4E-01	0.720626	4.0E-01
rs7492628	14	91547136	0.882221	C	G	0.683687	0.983193	4.30507	3.8E-02	-0.0089528	0.00440848	4.1242	4.2E-02	4.96125	2.6E-02
rs7156191	14	103297847	1.11649	G	C	0.829016	0.996202	2.90087	8.9E-02	-0.00869355	0.0054183	2.57435	1.1E-01	2.20012	1.4E-01
rs12441543	15	31689543	0.452834	G	A	0.71304	0.9962	0.0890013	7.7E-01	0.0012471	0.0045003	0.0767922	7.8E-01	0.128929	7.2E-01
rs12437696	15	40878474	0.62928	A	G	0.514543	0.998802	0.333685	5.6E-01	-0.00251852	0.00407518	0.381943	5.4E-01	0.286095	5.9E-01
rs62020665	15	43020324	0.640949	C	G	0.912249	0.939942	23.655	1.2E-06	-0.0375323	0.00741258	25.6374	4.1E-07	28.0569	1.2E-07
rs10851523	15	53044002	0.71725	G	C	0.717759	0.993516	2.35198	1.3E-01	-0.00742532	0.00452493	2.69282	1.0E-01	2.18787	1.4E-01
rs16976760	15	56394169	0.756417	T	G	0.78704	0.997183	1.94058	1.6E-01	-0.00644651	0.00497718	1.67758	2.0E-01	1.85251	1.7E-01
rs72740877	15	58728067	0.787874	G	A	0.955374	0.937073	359.126	4.4E-80	-0.194449	0.0101518	366.883	8.9E-82	372.212	6.2E-83
rs8030477	15	73085815	0.987571	C	T	0.332616	0.996571	0.415833	5.2E-01	-0.0019685	0.00433356	0.206339	6.5E-01	0.176331	6.7E-01
rs10851869	15	74331083	0.996085	T	C	0.570474	0.998308	0.253029	6.1E-01	0.00310701	0.00411224	0.57086	4.5E-01	0.694278	4.0E-01
rs11072938	15	81021661	1.05811	C	T	0.730551	0.99862	0.769316	3.8E-01	0.00493356	0.0045802	1.16025	2.8E-01	0.721109	4.0E-01
rs66615128	15	92561941	1.21822	G	C	0.785237	0.999315	1.06412	3.0E-01	0.00629116	0.00494855	1.61624	2.0E-01	1.73269	1.9E-01
rs13335638	16	2136624	0.0436172	T	C	0.8263	0.992856	0.782049	3.8E-01	0.00314503	0.00540615	0.338434	5.6E-01	0.524223	4.7E-01
rs35108574	16	4370706	0.08231	A	G	0.886062	0.980242	2.29734	1.3E-01	-0.00939129	0.00646921	2.10741	1.5E-01	2.24693	1.3E-01
rs4787649	16	24700215	0.465896	C	T	0.246065	0.995971	1.88661	1.7E-01	-0.00704301	0.00474128	2.2066	1.4E-01	2.58172	1.1E-01
rs2650494	16	28318440	0.541911	A	G	0.582495	0.992404	3.29946	6.9E-02	0.00808162	0.00414081	3.80914	5.1E-02	4.13597	4.2E-02
rs34286592	16	29820480	0.551885	C	T	0.853439	1	0.446786	5.0E-01	-0.00319272	0.0057606	0.307175	5.8E-01	0.36857	5.4E-01
rs79867441	16	29950820	0.553171	C	T	0.932238	0.992347	6.08275	1.4E-02	0.0186269	0.00813261	5.24591	2.2E-02	4.65455	3.1E-02
rs2047937	16	49864791	0.582147	C	T	0.485483	0.999762	8.27746	4.0E-03	-0.0112008	0.00408358	7.52343	6.1E-03	6.52329	1.1E-02
rs11075986	16	53805344	0.645995	C	G	0.919939	0.995968	0.398127	5.3E-01	-0.00652506	0.00751259	0.754379	3.9E-01	1.30158	2.5E-01
rs4783718	16	69547741	0.858329	T	C	0.409964	0.963133	6.0663	1.4E-02	0.00960944	0.00422199	5.18039	2.3E-02	5.88867	1.5E-02
rs2927331	16	81509452	1.04551	T	C	0.346879	0.987048	25.0035	5.7E-07	0.0209008	0.00431167	23.4981	1.3E-06	22.7107	1.9E-06
rs10492861	16	82866767	1.0911	G	T	0.714227	0.98872	0.445095	5.0E-01	-0.00248717	0.00453698	0.300522	5.8E-01	0.344814	5.6E-01
rs2760744	17	2017029	0.0688816	T	C	0.706093	0.999866	0.801647	3.7E-01	0.00443747	0.00446604	0.987248	3.2E-01	1.55892	2.1E-01
rs6502766	17	3902163	0.111799	C	T	0.805288	0.994964	2.35523	1.2E-01	-0.00749234	0.00514835	2.11786	1.5E-01	2.25017	1.3E-01
rs1269402	17	17361137	0.443379	T	C	0.264169	0.990324	0.00164526	9.7E-01	0.00135665	0.00463072	0.0858295	7.7E-01	0.0580344	8.1E-01
rs7217403	17	21160085	0.471144	C	T	0.33386	0.984489	0.0301126	8.6E-01	0.000577302	0.00435051	0.0176086	8.9E-01	0.00766347	9.3E-01
rs4796221	17	34831963	0.595053	G	A	0.521542	1	3.7265	5.4E-02	0.00749859	0.00407589	3.38465	6.6E-02	3.15367	7.6E-02
rs72820902	17	40441048	0.664334	C	T	0.920059	0.98229	13.5429	2.3E-04	-0.0273934	0.00758056	13.0584	3.0E-04	12.549	4.0E-04
rs56214516	17	43836953	0.688645	A	C	0.804476	0.982696	0.223668	6.4E-01	0.00333447	0.00518406	0.413726	5.2E-01	0.512148	4.7E-01
rs9892365	17	59491384	0.871045	A	G	0.329894	0.996856	9.56296e-05	9.9E-01	-0.000653277	0.00434117	0.0226455	8.8E-01	0.0708135	7.9E-01
rs7215551	17	61664740	0.886997	G	A	0.35741	0.990187	0.00674832	9.3E-01	-0.00130999	0.00428385	0.0935113	7.6E-01	8.39009e-09	1.0E+00
rs3936134	17	65814382	0.947689	C	G	0.887489	1	18.9352	1.4E-05	-0.0266885	0.00644374	17.1542	3.4E-05	16.63	4.5E-05
rs236544	17	68229691	0.981625	G	A	0.579444	0.996753	0.111565	7.4E-01	0.000449816	0.00413345	0.0118425	9.1E-01	0.0109324	9.2E-01
rs11869880	17	73198131	1.09799	T	C	0.785317	0.995073	6.62205	1.0E-02	0.0122417	0.00496501	6.07913	1.4E-02	5.05152	2.5E-02
rs3810068	18	2846499	0.0738566	T	C	0.595835	1	8.61968	3.3E-03	0.0103003	0.00414298	6.18126	1.3E-02	5.65314	1.7E-02
rs1787013	18	13072979	0.384745	T	C	0.550563	0.99954	0.000309827	9.9E-01	0.000802387	0.00409296	0.0384319	8.4E-01	0.0541477	8.2E-01
rs4310973	18	20707622	0.429126	A	G	0.212403	0.987885	0.61172	4.3E-01	0.00193404	0.00502779	0.147971	7.0E-01	0.2176	6.4E-01
rs505601	18	34280131	0.564322	G	A	0.81101	0.990705	0.538025	4.6E-01	-0.00445858	0.00522001	0.729542	3.9E-01	0.445338	5.0E-01
rs4890429	18	40697481	0.611694	T	C	0.73765	0.995191	3.01031	8.3E-02	0.0078216	0.00464761	2.83225	9.2E-02	2.90651	8.8E-02
rs74475730	18	46578171	0.687072	C	T	0.959907	0.993206	1.38668	2.4E-01	0.00954158	0.0104132	0.839607	3.6E-01	0.537325	4.6E-01
rs80204526	18	47066144	0.688344	C	A	0.988962	0.972466	102.598	4.1E-24	-0.204224	0.0197366	107.07	4.3E-25	114.71	9.1E-27
rs2187176	18	57679365	0.819838	A	G	0.308898	0.982596	3.77539	5.2E-02	-0.00793016	0.00446001	3.16148	7.5E-02	1.91301	1.7E-01
rs8097783	18	58051294	0.823036	G	A	0.926154	1	1.05173	3.1E-01	-0.00783298	0.00780338	1.0076	3.2E-01	0.370015	5.4E-01
rs12979965	19	2131148	0.0753026	A	G	0.499421	0.991113	0.312355	5.8E-01	-0.00182527	0.00409168	0.199	6.6E-01	0.0504636	8.2E-01
rs111279811	19	11298369	0.32323	C	T	0.972836	0.918167	43.0001	5.5E-11	0.0865993	0.0130748	43.8688	3.5E-11	38.8558	4.6E-10
rs12461902	19	30265235	0.512848	G	A	0.671201	0.985963	4.47074	3.4E-02	-0.00856861	0.00436455	3.85427	5.0E-02	4.98195	2.6E-02
rs73024215	19	33784657	0.561399	T	C	0.929713	0.961977	13.9167	1.9E-04	-0.0290109	0.00812269	12.7563	3.5E-04	16.0111	6.3E-05
rs77793940	19	34003177	0.562809	T	C	0.916647	0.969314	3.31529	6.9E-02	-0.0130589	0.00748277	3.04571	8.1E-02	1.71852	1.9E-01
rs62119267	19	45134682	0.697646	A	C	0.977336	0.962344	94.8305	2.1E-22	-0.133533	0.0139531	91.5874	1.1E-21	92.8816	5.6E-22
rs531660643	19	45251806	0.70037	G	T	0.977152	0.938932	136.344	1.7E-31	-0.16338	0.0140313	135.581	2.5E-31	147.148	7.3E-34
rs113330691	19	45295886	0.703011	G	A	0.965042	0.995257	124.312	7.2E-29	-0.123675	0.0111231	123.627	1.0E-28	125.577	3.8E-29
rs372642577	19	45432488	0.707888	C	A	0.91204	0.614237	55.3566	1.0E-13	0.0699858	0.00915498	58.4392	2.1E-14	58.4961	2.0E-14
rs8103017	19	55999142	0.996663	C	G	0.705959	0.984581	8.96012	2.8E-03	-0.0144516	0.00449969	10.315	1.3E-03	10.6697	1.1E-03
rs805769	20	5667459	0.191037	T	C	0.595692	0.99253	0.707091	4.0E-01	0.00249362	0.00416845	0.357857	5.5E-01	0.0824198	7.7E-01
rs1884897	20	6612832	0.214572	A	G	0.371346	0.993838	0.297089	5.9E-01	-0.000788351	0.00425137	0.0343859	8.5E-01	0.0279484	8.7E-01
rs7453	20	25207074	0.516203	T	C	0.547962	0.998658	3.27428	7.0E-02	-0.00614179	0.00409508	2.24939	1.3E-01	2.45129	1.2E-01
rs1997833	20	39690342	0.597551	T	C	0.699628	0.998963	6.31792	1.2E-02	-0.0114488	0.00443606	6.66081	9.9E-03	5.17142	2.3E-02
rs56323232	20	41961907	0.631286	C	T	0.863639	0.984929	0.170897	6.8E-01	-0.000247001	0.00597756	0.00170746	9.7E-01	0.0543129	8.2E-01
rs6065904	20	44534651	0.671175	G	A	0.785224	1	80.8515	2.4E-19	-0.0455492	0.00496229	84.2552	4.3E-20	94.7013	2.2E-22
rs6013453	20	51026284	0.791367	T	C	0.632527	0.999327	0.914164	3.4E-01	0.00435207	0.00422076	1.06319	3.0E-01	1.87998	1.7E-01
rs6064557	20	56115153	0.9034	G	A	0.442948	0.999541	4.13164	4.2E-02	-0.0083135	0.00408277	4.14627	4.2E-02	4.11777	4.2E-02
rs28451064	21	35593827	0.362865	G	A	0.868938	0.957975	1.61071	2.0E-01	0.00908852	0.00617365	2.16722	1.4E-01	1.92077	1.7E-01
rs2836139	21	39451403	0.432375	A	G	0.517161	0.9942	0.102125	7.5E-01	-0.000226984	0.00410371	0.00305939	9.6E-01	0.164336	6.9E-01
rs849453	22	27566619	0.305237	C	G	0.190181	0.996731	2.51779	1.1E-01	0.00858786	0.0052007	2.72676	9.9E-02	3.23999	7.2E-02
rs9625551	22	29140529	0.338663	G	A	0.979024	0.995212	0.454811	5.0E-01	0.00993506	0.0142598	0.485415	4.9E-01	0.748984	3.9E-01
rs2413338	22	35663523	0.409716	C	T	0.369137	0.988961	0.0522003	8.2E-01	-0.00105397	0.00423973	0.0617993	8.0E-01	0.443628	5.1E-01
rs801597	22	47190735	0.614737	T	G	0.275448	0.998113	0.0840704	7.7E-01	0.00124645	0.00455862	0.0747618	7.8E-01	0.00241396	9.6E-01
