SNP	CHR	BP	GENPOS	ALLELE1	ALLELE0	A1FREQ	INFO	CHISQ_LINREG	P_LINREG	BETA	SE	CHISQ_BOLT_LMM_INF	P_BOLT_LMM_INF	CHISQ_BOLT_LMM	P_BOLT_LMM
rs7412983	1	2943183	0.0400826	A	C	0.815676	0.996304	1.67326	2.0E-01	-0.00813228	0.00535693	2.30458	1.3E-01	2.13338	1.4E-01
rs1294014	1	9325676	0.18921	C	T	0.731267	0.974098	0.436438	5.1E-01	0.0033441	0.00474324	0.497059	4.8E-01	0.364392	5.5E-01
rs9988429	1	19824124	0.401889	C	T	0.679183	0.998214	0.882237	3.5E-01	-0.00413484	0.00444421	0.865621	3.5E-01	0.916453	3.4E-01
rs12041540	1	23262176	0.460611	G	A	0.646848	0.995392	0.00143763	9.7E-01	-0.0013816	0.00434123	0.101283	7.5E-01	0.180036	6.7E-01
rs10902676	1	26120367	0.493514	G	A	0.466005	0.991591	0.206925	6.5E-01	0.0011994	0.00417713	0.0824465	7.7E-01	0.0116731	9.1E-01
rs4660443	1	39591779	0.669753	C	T	0.785557	0.997156	40.9677	1.5E-10	-0.0324798	0.00506376	41.1416	1.4E-10	41.6199	1.1E-10
rs2032022	1	49388622	0.760047	T	G	0.350563	0.99763	0.970129	3.2E-01	-0.00354483	0.00432793	0.670855	4.1E-01	0.460646	5.0E-01
rs1013293	1	62570321	0.915785	G	A	0.569453	0.987679	0.0127906	9.1E-01	0.000447225	0.00419284	0.0113772	9.2E-01	0.0447849	8.3E-01
rs12755450	1	72628347	1.03293	T	C	0.795069	1	4.90504	2.7E-02	0.00830012	0.00512702	2.62083	1.1E-01	3.2689	7.1E-02
rs313710	1	86251836	1.15039	T	C	0.595169	0.991629	1.44197	2.3E-01	-0.00491962	0.0042369	1.34824	2.5E-01	1.89166	1.7E-01
rs7548936	1	91207757	1.21384	G	C	0.626945	0.998895	0.145791	7.0E-01	0.00129177	0.00429704	0.0903713	7.6E-01	0.115889	7.3E-01
rs4375301	1	98298371	1.27828	A	G	0.767049	0.993807	1.00221	3.2E-01	-0.00707589	0.00492343	2.06551	1.5E-01	2.30994	1.3E-01
rs1318756	1	103340623	1.32951	T	C	0.496541	0.991063	0.926552	3.4E-01	-0.00413211	0.00416738	0.983148	3.2E-01	0.423005	5.2E-01
rs3108680	1	107572997	1.35724	T	C	0.650884	0.999501	2.45209	1.2E-01	0.00515379	0.0043637	1.3949	2.4E-01	1.43147	2.3E-01
rs2076586	1	112273026	1.42823	C	T	0.754427	0.980886	1.27749	2.6E-01	0.00614033	0.00486385	1.59376	2.1E-01	0.655762	4.2E-01
rs71670897	1	119151935	1.50822	G	A	0.96335	0.976508	1.66858	2.0E-01	0.0175862	0.0111506	2.4874	1.1E-01	2.56792	1.1E-01
rs10494220	1	119572398	1.50995	C	T	0.871621	0.999593	3.07139	8.0E-02	-0.0115198	0.00619313	3.45994	6.3E-02	3.7239	5.4E-02
rs78132593	1	150868102	1.65903	C	A	0.782593	0.996822	70.3517	5.0E-17	0.040504	0.0050305	64.8297	8.2E-16	65.6215	5.5E-16
rs905938	1	154991389	1.69836	T	C	0.735666	1	0.000165519	9.9E-01	-0.000869434	0.00470521	0.0341441	8.5E-01	0.125626	7.2E-01
rs6688053	1	163589208	1.81503	C	T	0.558728	0.988788	2.54471	1.1E-01	0.00397672	0.00419849	0.897148	3.4E-01	0.968192	3.3E-01
rs17345893	1	170171874	1.91645	C	T	0.933686	0.998406	0.000442446	9.8E-01	-0.00183889	0.00832947	0.0487391	8.3E-01	0.0559954	8.1E-01
rs17361789	1	172122601	1.93709	T	G	0.67666	0.979392	0.169303	6.8E-01	0.00131194	0.00447614	0.0859059	7.7E-01	0.0313969	8.6E-01
rs6700575	1	172364712	1.93908	A	G	0.843224	0.99482	0.0216795	8.8E-01	0.000642156	0.00571326	0.0126332	9.1E-01	0.0477826	8.3E-01
rs12757638	1	177815769	1.98756	G	A	0.794896	0.999497	1.96588	1.6E-01	-0.00948735	0.00514811	3.3962	6.5E-02	2.38321	1.2E-01
rs12069549	1	200036139	2.16766	C	T	0.873356	0.988289	0.654269	4.2E-01	-0.00272869	0.00626514	0.189691	6.6E-01	0.0489547	8.2E-01
rs56283998	1	205039295	2.25361	A	C	0.802994	0.996714	1.6403	2.0E-01	-0.00788795	0.00520614	2.2956	1.3E-01	2.29407	1.3E-01
rs3767848	1	214173840	2.36754	G	A	0.749925	0.990604	0.243923	6.2E-01	-0.0023835	0.00480608	0.24595	6.2E-01	0.0116799	9.1E-01
rs7547454	1	219429385	2.43543	T	A	0.681956	0.999746	0.254175	6.1E-01	0.0010618	0.00445026	0.0569264	8.1E-01	0.221943	6.4E-01
rs12042959	1	243533273	2.82744	A	G	0.856295	0.985729	0.0158592	9.0E-01	0.000105616	0.00594406	0.000315714	9.9E-01	0.0100887	9.2E-01
rs74495980	2	375873	0.0042135	C	G	0.962013	1	0.00166885	9.7E-01	-0.00240711	0.0108223	0.0494715	8.2E-01	0.0303513	8.6E-01
rs10185713	2	621254	0.0081413	A	G	0.793352	0.993471	6.04389	1.4E-02	0.0122033	0.00514983	5.61523	1.8E-02	4.64265	3.1E-02
rs812400	2	13073562	0.297327	G	A	0.763905	0.987822	1.84012	1.7E-01	0.00768711	0.00491559	2.44554	1.2E-01	2.01836	1.6E-01
rs13002939	2	21120901	0.419457	A	C	0.744356	0.990004	77.342	1.4E-18	-0.0402275	0.00477906	70.8536	3.8E-17	71.6888	2.5E-17
rs12720816	2	21239667	0.419939	T	C	0.607448	0.97208	96.8408	7.5E-23	-0.04525	0.00429154	111.176	5.4E-26	113.718	1.5E-26
rs10153926	2	43189120	0.673364	G	A	0.785344	0.98004	6.65524	9.9E-03	-0.0116075	0.00509724	5.18569	2.3E-02	6.08309	1.4E-02
rs17326656	2	48962291	0.765285	G	T	0.762394	0.991513	5.67259	1.7E-02	-0.0114781	0.00489684	5.49422	1.9E-02	6.60321	1.0E-02
rs62141921	2	58590687	0.848728	G	A	0.840999	0.992362	0.405611	5.2E-01	0.005446	0.00566622	0.92378	3.4E-01	0.726235	3.9E-01
rs13428870	2	58956557	0.850032	T	G	0.698619	0.989274	0.0231822	8.8E-01	0.000120186	0.00454629	0.000698861	9.8E-01	0.0218639	8.8E-01
rs2195086	2	60814466	0.873878	T	G	0.83582	0.991606	0.0298738	8.6E-01	-0.0022925	0.0056103	0.166973	6.8E-01	0.166741	6.8E-01
rs6716270	2	66201731	0.917171	T	C	0.851701	1	5.55091	1.8E-02	-0.014028	0.00583217	5.7854	1.6E-02	5.11387	2.4E-02
rs659116	2	67666133	0.937104	T	G	0.542915	0.997911	0.847225	3.6E-01	-0.00275492	0.00417463	0.435495	5.1E-01	0.406084	5.2E-01
rs12621286	2	67785566	0.938314	T	C	0.712692	0.98911	0.00593836	9.4E-01	-0.000221188	0.00460717	0.00230491	9.6E-01	0.0062098	9.4E-01
rs12712049	2	100208830	1.21955	A	G	0.176997	0.985519	1.00667	3.2E-01	0.00604082	0.00546532	1.22169	2.7E-01	0.841388	3.6E-01
rs11680586	2	100746207	1.22171	G	T	0.763215	0.996151	3.08352	7.9E-02	0.00897545	0.00487681	3.3872	6.6E-02	3.0722	8.0E-02
rs41465348	2	112242612	1.33908	G	T	0.817869	0.933063	0.226686	6.3E-01	0.0034316	0.00557283	0.379176	5.4E-01	0.229593	6.3E-01
rs111595567	2	114462089	1.35944	C	A	0.7845	0.997566	0.154543	6.9E-01	-0.000876953	0.00504971	0.0301592	8.6E-01	0.0139873	9.1E-01
rs10172336	2	119342963	1.39561	G	T	0.490782	0.991549	1.03531	3.1E-01	-0.00460238	0.00415735	1.22555	2.7E-01	0.847823	3.6E-01
rs114666647	2	158393301	1.76187	T	C	0.987556	1	1.67435	2.0E-01	-0.0303752	0.0186986	2.63887	1.0E-01	2.13292	1.4E-01
rs7560257	2	161085348	1.7867	C	T	0.846896	0.988412	0.358978	5.5E-01	0.00168665	0.00579037	0.0848468	7.7E-01	0.0355087	8.5E-01
rs78343493	2	165502911	1.8149	G	A	0.879696	0.994826	4.36108	3.7E-02	0.0134396	0.00637799	4.44022	3.5E-02	4.63978	3.1E-02
rs2887185	2	181528597	2.00401	C	A	0.37741	0.997975	0.0955253	7.6E-01	0.00108123	0.00427744	0.0638948	8.0E-01	0.107514	7.4E-01
rs3114926	2	187733699	2.04022	T	A	0.732729	0.996136	5.75421	1.6E-02	0.00977218	0.00469017	4.34115	3.7E-02	3.94601	4.7E-02
rs7597487	2	200717641	2.13782	G	A	0.4462	0.997798	0.124239	7.2E-01	-0.00147552	0.00417901	0.124664	7.2E-01	0.272301	6.0E-01
rs16846100	2	212278218	2.24429	C	A	0.731067	0.991398	1.4181	2.3E-01	-0.00585481	0.00470591	1.54788	2.1E-01	1.37065	2.4E-01
rs7599312	2	213413231	2.26194	G	A	0.732805	0.980994	4.07256	4.4E-02	-0.00976893	0.00472974	4.26598	3.9E-02	3.17269	7.5E-02
rs13429408	2	219142860	2.33572	C	A	0.437636	0.999543	6.0168	1.4E-02	-0.0113477	0.00416845	7.41088	6.5E-03	9.86616	1.7E-03
rs7589153	2	230549844	2.50173	A	G	0.448934	0.993474	0.363927	5.5E-01	0.00333827	0.00417903	0.638105	4.2E-01	0.64011	4.2E-01
rs72980197	2	239268619	2.66777	G	T	0.945215	1	0.0696253	7.9E-01	-0.00611945	0.00909374	0.452835	5.0E-01	0.170573	6.8E-01
rs4686340	3	9345218	0.248513	A	C	0.245634	0.979708	0.166031	6.8E-01	0.00231793	0.00487504	0.22607	6.3E-01	0.230995	6.3E-01
rs2600230	3	12038629	0.296833	T	A	0.172563	0.999419	0.046497	8.3E-01	0.00201077	0.00548231	0.134524	7.1E-01	0.227	6.3E-01
rs1962515	3	12611269	0.299386	T	C	0.402697	0.99673	3.86188	4.9E-02	-0.00948177	0.00423002	5.02452	2.5E-02	5.45573	2.0E-02
rs2455806	3	15705397	0.355658	T	A	0.685985	0.991689	0.457659	5.0E-01	0.00449431	0.00449184	1.0011	3.2E-01	1.04493	3.1E-01
rs9843488	3	33838124	0.583292	T	G	0.731851	0.986529	3.51681	6.1E-02	-0.00877086	0.00471639	3.45832	6.3E-02	4.6137	3.2E-02
rs11928128	3	35516974	0.595221	T	C	0.862132	0.990586	1.21418	2.7E-01	0.00744215	0.00601591	1.53036	2.2E-01	1.21767	2.7E-01
rs4683301	3	46931478	0.687602	A	T	0.40228	0.992469	0.0315889	8.6E-01	-0.00108532	0.0042382	0.0655773	8.0E-01	0.273231	6.0E-01
rs7633840	3	48719638	0.689719	T	C	0.334732	0.949007	0.258755	6.1E-01	-0.00360162	0.00450673	0.638664	4.2E-01	0.367097	5.4E-01
rs7613360	3	49916710	0.690238	C	T	0.605285	0.997092	0.0054394	9.4E-01	-0.000992485	0.00424155	0.0547519	8.1E-01	0.170874	6.8E-01
rs9311841	3	62478786	0.829707	C	T	0.266611	0.989049	3.45391	6.3E-02	-0.00908359	0.00472588	3.69445	5.5E-02	3.59451	5.8E-02
rs73124286	3	64667059	0.870966	G	T	0.716973	0.955989	0.012938	9.1E-01	-0.000863487	0.00471215	0.0335794	8.5E-01	0.0647116	8.0E-01
rs10510927	3	64750744	0.872079	A	C	0.554589	0.997963	3.15217	7.6E-02	0.00625204	0.00417205	2.24566	1.3E-01	1.73855	1.9E-01
rs4123668	3	82629523	1.08298	T	C	0.597578	0.994471	0.461805	5.0E-01	0.00281375	0.00423594	0.441236	5.1E-01	0.176828	6.7E-01
rs9876664	3	85806313	1.08996	G	T	0.623459	0.99373	2.7824	9.5E-02	0.00723028	0.00428937	2.84134	9.2E-02	1.87991	1.7E-01
rs1580100	3	93980841	1.10443	T	A	0.48363	0.99821	0.945688	3.3E-01	-0.00476946	0.00415166	1.31976	2.5E-01	0.888299	3.5E-01
rs11708733	3	128039895	1.41818	G	A	0.952759	0.983201	1.18333	2.8E-01	-0.0124651	0.00986149	1.59774	2.1E-01	1.19882	2.7E-01
rs143418767	3	129105690	1.42548	G	A	0.980985	0.944053	2.13368	1.4E-01	-0.0241446	0.015605	2.39393	1.2E-01	1.64109	2.0E-01
rs7624428	3	131516596	1.44298	T	A	0.73313	0.992487	0.557338	4.6E-01	0.00202392	0.00470799	0.184806	6.7E-01	0.0937216	7.6E-01
rs13071085	3	136014923	1.49397	G	A	0.874037	0.99558	44.5209	2.5E-11	0.0419027	0.00625264	44.9113	2.1E-11	45.0234	1.9E-11
rs111398337	3	138328016	1.50606	C	T	0.455117	0.996909	0.0533236	8.2E-01	-0.00201579	0.0041647	0.234274	6.3E-01	0.0420768	8.4E-01
rs62271373	3	150066540	1.64339	T	A	0.940057	0.95946	2.49471	1.1E-01	-0.0160714	0.00889524	3.26433	7.1E-02	3.07436	8.0E-02
rs9865431	3	156351718	1.71006	T	A	0.852687	0.993895	1.21059	2.7E-01	0.00762758	0.00586098	1.69369	1.9E-01	1.51337	2.2E-01
rs13091300	3	168927453	1.77934	C	T	0.617544	0.9977	2.92349	8.7E-02	0.00842388	0.00425909	3.91193	4.8E-02	3.06043	8.0E-02
rs4894803	3	171800256	1.82113	A	G	0.59062	0.987681	0.826465	3.6E-01	-0.00417969	0.00424642	0.968819	3.2E-01	0.681697	4.1E-01
rs12638263	3	185795855	2.0212	A	C	0.807145	0.995698	1.72191	1.9E-01	0.00736751	0.0052663	1.95718	1.6E-01	2.22745	1.4E-01
rs2248422	3	187668469	2.0681	T	C	0.79676	1	1.33732	2.5E-01	-0.00443307	0.00516138	0.737697	3.9E-01	0.862099	3.5E-01
rs7697256	4	848335	0.00782825	C	T	0.72746	0.999147	0.00134886	9.7E-01	-0.000167399	0.00465759	0.00129176	9.7E-01	0.0173181	9.0E-01
rs4690071	4	3086753	0.0324892	A	T	0.641787	0.991623	1.08934	3.0E-01	0.00426911	0.0043432	0.966172	3.3E-01	1.30017	2.5E-01
rs1912897	4	26006133	0.455942	A	T	0.794106	0.98817	2.67925	1.0E-01	-0.00886538	0.00515417	2.95854	8.5E-02	2.69126	1.0E-01
rs2871198	4	26292555	0.461345	C	T	0.389909	0.964896	0.0252809	8.7E-01	-0.000311074	0.00432617	0.00517037	9.4E-01	0.046028	8.3E-01
rs13130484	4	45175691	0.679813	C	T	0.566923	0.996273	0.315462	5.7E-01	0.00227843	0.00419074	0.295589	5.9E-01	0.203017	6.5E-01
rs819266	4	56235592	0.73028	T	C	0.711983	0.998836	0.503473	4.8E-01	0.00305341	0.00458977	0.442575	5.1E-01	0.613895	4.3E-01
rs4472161	4	78625750	0.926383	A	C	0.140858	0.990092	3.1332	7.7E-02	-0.00977544	0.00597636	2.67546	1.0E-01	2.62504	1.1E-01
rs9991751	4	89642436	1.0486	G	A	0.847364	0.999558	0.0879437	7.7E-01	-0.00361305	0.00577545	0.391361	5.3E-01	0.374343	5.4E-01
rs904092	4	100214164	1.13019	A	G	0.176585	1	5.03642	2.5E-02	-0.0112147	0.00543215	4.26216	3.9E-02	4.66349	3.1E-02
rs4525978	4	102133144	1.14847	C	T	0.266365	0.992964	0.712669	4.0E-01	-0.00474869	0.00470938	1.01676	3.1E-01	0.414617	5.2E-01
rs769668	4	140858717	1.49525	T	C	0.655583	0.988947	0.753593	3.9E-01	-0.00410584	0.00439981	0.870835	3.5E-01	0.923598	3.4E-01
rs7692554	4	145536336	1.5383	G	A	0.572163	0.998925	0.0332742	8.6E-01	-0.000182352	0.00417865	0.00190436	9.7E-01	0.0333883	8.6E-01
rs639744	5	3949504	0.10119	C	T	0.334393	0.993555	1.29507	2.6E-01	0.00677487	0.00441657	2.35305	1.3E-01	1.56365	2.1E-01
rs12658939	5	53268762	0.644749	T	C	0.887728	0.983337	0.048364	8.3E-01	0.00218647	0.00661076	0.109392	7.4E-01	0.276863	6.0E-01
rs115865075	5	55776257	0.679598	C	T	0.987426	0.93412	0.296436	5.9E-01	-0.013772	0.0191944	0.514803	4.7E-01	0.463239	5.0E-01
rs588898	5	55797382	0.680156	G	A	0.874484	0.995997	0.346893	5.6E-01	-0.00427273	0.00626862	0.464587	5.0E-01	0.102031	7.5E-01
rs34696	5	66292389	0.770621	C	A	0.447793	0.986394	5.86451	1.5E-02	0.0111813	0.00419705	7.09734	7.7E-03	8.21282	4.2E-03
rs253407	5	74926778	0.860943	A	G	0.278524	1	0.434759	5.1E-01	-0.00423179	0.00462778	0.836186	3.6E-01	0.366172	5.5E-01
rs13167306	5	76574841	0.89346	C	T	0.679878	0.993031	0.712664	4.0E-01	-0.00250209	0.00446724	0.313709	5.8E-01	0.322073	5.7E-01
rs247916	5	87530253	1.0143	A	C	0.790166	0.984893	2.96502	8.5E-02	-0.00527348	0.0051248	1.05887	3.0E-01	1.29086	2.6E-01
rs7733438	5	87986284	1.0155	T	G	0.863301	0.981904	0.00934286	9.2E-01	0.00092931	0.00608514	0.0233228	8.8E-01	0.000186624	9.9E-01
rs6869862	5	103886213	1.12287	T	G	0.519002	0.997607	13.4441	2.5E-04	0.0141907	0.00415512	11.6638	6.4E-04	8.69687	3.2E-03
rs11241196	5	112535956	1.19975	G	A	0.317525	0.991452	0.0232874	8.8E-01	0.000992379	0.00446913	0.049307	8.2E-01	0.0511471	8.2E-01
rs12332329	5	118721694	1.27467	G	A	0.717104	0.991939	2.00742	1.6E-01	0.00638346	0.0046222	1.90728	1.7E-01	1.60598	2.1E-01
rs4705986	5	132349654	1.39065	T	G	0.936459	0.978165	1.14274	2.9E-01	0.00766	0.00859706	0.793884	3.7E-01	0.832823	3.6E-01
rs10477191	5	142077715	1.49476	A	G	0.949961	0.911257	0.27593	6.0E-01	0.00557695	0.00995277	0.313982	5.8E-01	0.312418	5.8E-01
rs10035289	5	153095918	1.63982	A	G	0.466786	0.997256	1.32265	2.5E-01	-0.0038993	0.00415144	0.882219	3.5E-01	0.951153	3.3E-01
rs2871924	5	155770918	1.66035	C	T	0.296888	0.995839	0.25254	6.2E-01	-0.000376572	0.00453371	0.00689905	9.3E-01	0.0769651	7.8E-01
rs13167071	5	156373637	1.66279	G	C	0.362025	0.993151	52.8155	3.7E-13	-0.032148	0.00431917	55.3995	9.8E-14	57.8352	2.9E-14
rs254800	5	172925741	1.91983	T	G	0.516581	0.99624	0.237648	6.3E-01	-0.00154606	0.00414556	0.139087	7.1E-01	0.259475	6.1E-01
rs58895838	5	173269956	1.92938	A	G	0.759007	0.980237	2.80265	9.4E-02	0.00749304	0.004891	2.34705	1.3E-01	1.64498	2.0E-01
rs244722	5	176534724	2.00012	A	C	0.491774	0.980953	0.366588	5.4E-01	-0.0030175	0.00418614	0.519595	4.7E-01	0.653593	4.2E-01
rs1294447	6	6724416	0.18091	T	C	0.493581	0.983229	0.0383341	8.4E-01	-0.00216882	0.0041755	0.269793	6.0E-01	0.026346	8.7E-01
rs13207230	6	7041700	0.194689	G	A	0.467706	0.982104	0.00109341	9.7E-01	-0.000312904	0.0041915	0.00557293	9.4E-01	0.212882	6.4E-01
rs4715912	6	14506240	0.314195	C	G	0.749538	0.953352	0.0175629	8.9E-01	-0.00155521	0.00488758	0.101249	7.5E-01	0.0210751	8.8E-01
rs4134943	6	20483407	0.409015	C	T	0.797164	1	0.00975858	9.2E-01	-0.000127986	0.00515515	0.000616374	9.8E-01	0.00334548	9.5E-01
rs2523729	6	30137387	0.505324	G	A	0.865283	1	9.16063	2.5E-03	0.0144227	0.00605564	5.67248	1.7E-02	6.34989	1.2E-02
rs114376405	6	30770701	0.507083	G	A	0.988645	0.994696	6.19704	1.3E-02	-0.0388244	0.0196068	3.92098	4.8E-02	5.15461	2.3E-02
rs9266618	6	31346166	0.513027	C	A	0.0957795	0.921596	0.0056463	9.4E-01	0.00401223	0.00730038	0.302052	5.8E-01	0.570784	4.5E-01
rs28890929	6	32466173	0.520296	G	T	0.767516	0.646356	0.0188498	8.9E-01	6.87735e-05	0.00603493	0.000129867	9.9E-01	0.0448739	8.3E-01
rs150459394	6	34185960	0.545771	A	T	0.929914	0.979787	1.75394	1.9E-01	-0.0116712	0.00819048	2.03054	1.5E-01	1.76111	1.8E-01
rs6901866	6	43260660	0.66972	T	C	0.706104	0.996521	2.74326	9.8E-02	0.00880622	0.00455475	3.73809	5.3E-02	2.47926	1.2E-01
rs9381248	6	43734606	0.675407	C	T	0.878168	0.993046	0.255364	6.1E-01	0.00298596	0.0063644	0.220116	6.4E-01	0.319092	5.7E-01
rs9395885	6	53745477	0.782866	C	T	0.917223	0.99848	0.0132337	9.1E-01	0.00086327	0.00752366	0.0131654	9.1E-01	0.00163958	9.7E-01
rs2505949	6	80804414	0.920772	A	G	0.620204	0.988477	0.410748	5.2E-01	0.00278519	0.00429205	0.421095	5.2E-01	0.92657	3.4E-01
rs2496690	6	81346504	0.922438	A	G	0.376754	0.992012	0.278571	6.0E-01	-0.0020517	0.00430713	0.226908	6.3E-01	0.602342	4.4E-01
rs1322863	6	85720325	0.951167	G	A	0.936492	0.998184	6.20599	1.3E-02	0.0221089	0.008501	6.76389	9.3E-03	6.82981	9.0E-03
rs17448885	6	97385975	1.0576	C	G	0.658737	0.996471	2.80077	9.4E-02	0.0071527	0.00438623	2.65924	1.0E-01	2.79909	9.4E-02
rs17297752	6	97915394	1.05968	C	A	0.730989	0.998619	3.73193	5.3E-02	0.00869729	0.00468022	3.45331	6.3E-02	4.16241	4.1E-02
rs9401452	6	98452680	1.0624	T	C	0.606196	0.998799	1.92384	1.7E-01	-0.00691381	0.00424618	2.65117	1.0E-01	3.00424	8.3E-02
rs2256268	6	100599389	1.08112	C	T	0.828914	0.990083	2.13788	1.4E-01	-0.00973186	0.00553738	3.08875	7.9E-02	3.52173	6.1E-02
rs12206094	6	108906200	1.17855	C	T	0.71927	0.997161	1.00612	3.2E-01	0.00467468	0.00462706	1.02069	3.1E-01	0.894913	3.4E-01
rs4946445	6	120157197	1.26007	A	G	0.767913	0.994369	0.0964542	7.6E-01	-0.000534302	0.00492527	0.0117683	9.1E-01	7.0873e-07	1.0E+00
rs9375417	6	126248374	1.3252	T	C	0.495328	0.999041	0.894088	3.4E-01	-0.00385938	0.00414339	0.867611	3.5E-01	1.18387	2.8E-01
rs62437220	6	127353873	1.32766	T	A	0.953312	0.986017	4.32283	3.8E-02	-0.0219594	0.00988779	4.93224	2.6E-02	6.01431	1.4E-02
rs590015	6	139824992	1.50297	G	A	0.500538	0.993146	5.32079	2.1E-02	-0.00910835	0.00414726	4.82343	2.8E-02	4.25232	3.9E-02
rs7453812	6	153405199	1.66319	T	G	0.0494718	0.995743	0.668091	4.1E-01	0.00846283	0.0095974	0.777542	3.8E-01	0.514772	4.7E-01
rs9295128	6	160751531	1.77451	G	T	0.983179	0.96499	31.549	1.9E-08	0.0901345	0.0164171	30.1432	4.0E-08	34.1718	5.0E-09
rs6955431	7	20444060	0.358689	T	C	0.69178	0.986954	2.23832	1.3E-01	0.00656303	0.00451851	2.10969	1.5E-01	2.03364	1.5E-01
rs960589	7	25823647	0.43812	A	C	0.837373	0.976235	1.05982	3.0E-01	-0.0052324	0.00567858	0.849029	3.6E-01	0.959689	3.3E-01
rs12671127	7	26309246	0.44373	C	T	0.632826	0.988487	0.808847	3.7E-01	0.00319668	0.00431305	0.549327	4.6E-01	0.412155	5.2E-01
rs2189239	7	27237453	0.453427	C	T	0.917946	0.977954	1.55164	2.1E-01	0.00913802	0.00764526	1.42863	2.3E-01	1.74712	1.9E-01
rs2715135	7	50750128	0.768412	T	G	0.360162	0.995982	1.26374	2.6E-01	-0.00554267	0.00432285	1.64399	2.0E-01	1.80122	1.8E-01
rs78702390	7	68618770	0.862671	G	C	0.940064	0.983166	0.0107641	9.2E-01	-0.00138206	0.00881526	0.0245802	8.8E-01	0.0277735	8.7E-01
rs1178979	7	72856430	0.899612	T	C	0.80296	1	32.3782	1.3E-08	0.0281113	0.00520998	29.1132	6.8E-08	28.1224	1.1E-07
rs12669521	7	77047102	0.934164	A	G	0.661642	0.98421	0.145536	7.0E-01	-0.00181436	0.00441709	0.168724	6.8E-01	0.12456	7.2E-01
rs917154	7	99020806	1.15524	A	G	0.844107	0.995198	2.9472	8.6E-02	-0.00854938	0.00573105	2.22537	1.4E-01	2.77028	9.6E-02
rs2470937	7	104579775	1.19833	T	A	0.548378	0.996384	0.338147	5.6E-01	-0.00246726	0.0041676	0.350475	5.5E-01	0.387473	5.3E-01
rs13226446	7	116888161	1.32093	A	G	0.945828	1	0.17324	6.8E-01	-0.00426389	0.00917085	0.216169	6.4E-01	0.397849	5.3E-01
rs17168896	7	136712058	1.48048	G	A	0.852027	0.988117	3.79952	5.1E-02	-0.011749	0.00587301	4.00204	4.5E-02	3.75933	5.3E-02
rs7012637	8	9173209	0.251675	G	A	0.525923	0.985021	54.9822	1.2E-13	0.0305735	0.00418155	53.4584	2.6E-13	53.857	2.2E-13
rs9969455	8	12617155	0.332045	A	G	0.621264	0.941422	0.0500722	8.2E-01	-0.00174577	0.00440847	0.156819	6.9E-01	0.0923613	7.6E-01
rs2119693	8	19720395	0.471068	G	T	0.142543	0.971581	64.9869	7.5E-16	-0.0480629	0.0060102	63.9502	1.3E-15	65.3907	6.1E-16
rs13281474	8	25664334	0.57113	G	T	0.713885	0.989301	0.765584	3.8E-01	-0.00347046	0.00460989	0.566751	4.5E-01	0.767634	3.8E-01
rs7815496	8	38321607	0.69461	C	T	0.597702	0.996532	0.206515	6.5E-01	-0.00205874	0.00422054	0.237939	6.3E-01	0.39817	5.3E-01
rs62506196	8	60264465	0.832656	A	C	0.841337	0.99445	5.08354	2.4E-02	-0.0123221	0.00568863	4.69192	3.0E-02	5.35324	2.1E-02
rs7841468	8	68195769	0.884684	T	C	0.715739	0.999146	0.592478	4.4E-01	-0.00369158	0.00459331	0.645912	4.2E-01	0.274141	6.0E-01
rs146492163	8	72386394	0.950025	G	T	0.969192	0.960969	0.00276168	9.6E-01	-0.00457807	0.0122465	0.139746	7.1E-01	0.223908	6.4E-01
rs16937731	8	72531891	0.950652	C	T	0.969553	0.996682	0.0211415	8.8E-01	-0.0028217	0.0120688	0.0546624	8.2E-01	0.00483578	9.4E-01
rs7824350	8	73452488	0.974093	A	G	0.403692	0.994411	0.341127	5.6E-01	0.00314381	0.00424017	0.549726	4.6E-01	0.418102	5.2E-01
rs144435165	8	126419938	1.45107	G	C	0.945037	0.785853	0.0200426	8.9E-01	-0.0016754	0.0102412	0.0267632	8.7E-01	0.00664135	9.4E-01
rs10107982	8	128318755	1.49	T	C	0.725351	0.988462	0.422501	5.2E-01	-0.00187528	0.00466078	0.161889	6.9E-01	0.0131472	9.1E-01
rs4740619	9	15634326	0.341844	T	C	0.551261	0.999021	1.35303	2.4E-01	0.00594345	0.00417459	2.02698	1.5E-01	1.2656	2.6E-01
rs1412234	9	28410683	0.543029	T	C	0.672099	0.991293	0.344745	5.6E-01	-0.0045851	0.00442707	1.07267	3.0E-01	0.95542	3.3E-01
rs1680490	9	29642688	0.558374	A	G	0.642012	0.991873	0.964769	3.3E-01	0.00409238	0.00434138	0.888581	3.5E-01	0.664516	4.1E-01
rs12001634	9	94186527	1.11918	T	A	0.660665	0.996234	0.105105	7.5E-01	-0.000736571	0.00439066	0.0281429	8.7E-01	0.0634387	8.0E-01
rs2131919	9	95283887	1.12689	A	G	0.836098	0.999136	0.0506943	8.2E-01	-4.99742e-05	0.00560193	7.95823e-05	9.9E-01	0.087532	7.7E-01
rs7873003	9	96392945	1.13399	T	C	0.321009	0.990354	1.25399	2.6E-01	0.00418025	0.00446592	0.876157	3.5E-01	0.942627	3.3E-01
rs56285369	9	96712312	1.1418	C	T	0.693118	0.995095	0.207684	6.5E-01	-0.0017133	0.00451125	0.144237	7.0E-01	0.108059	7.4E-01
rs12686004	9	107653426	1.24316	G	A	0.885408	1	3.03169	8.2E-02	-0.011739	0.00650374	3.25788	7.1E-02	3.34203	6.8E-02
rs10991414	9	107685589	1.24582	T	C	0.860554	0.989408	0.0933696	7.6E-01	-0.000976411	0.00601806	0.026324	8.7E-01	0.0018355	9.7E-01
rs73519946	9	107868862	1.24912	A	T	0.958271	0.989128	0.306722	5.8E-01	-0.00531349	0.0104418	0.258948	6.1E-01	0.270985	6.0E-01
rs72607161	9	111792640	1.3053	T	C	0.706082	0.997033	0.121785	7.3E-01	-0.000982741	0.00456056	0.0464347	8.3E-01	0.0517953	8.2E-01
rs2799465	9	126544609	1.50625	T	C	0.864225	0.996021	0.318133	5.7E-01	0.00697329	0.00605578	1.32598	2.5E-01	1.27957	2.6E-01
rs4382592	9	134870755	1.63189	T	G	0.300732	0.996468	0.828668	3.6E-01	-0.00425564	0.0045359	0.880244	3.5E-01	0.876639	3.5E-01
rs28647893	9	136994893	1.69152	C	T	0.505629	0.998355	0.0260525	8.7E-01	-0.000135244	0.00415026	0.0010619	9.7E-01	0.0251863	8.7E-01
rs12774134	10	4963327	0.105411	C	T	0.88526	1	0.205337	6.5E-01	-0.00435804	0.00649848	0.449736	5.0E-01	0.413689	5.2E-01
rs7923552	10	21687123	0.466325	G	A	0.555867	0.968501	0.0534285	8.2E-01	0.000176384	0.00425008	0.00172236	9.7E-01	0.0473285	8.3E-01
rs2808104	10	32112728	0.602723	C	T	0.785657	0.99976	0.01296	9.1E-01	0.00119601	0.00504913	0.0561093	8.1E-01	0.200663	6.5E-01
rs145952040	10	33461248	0.609107	T	C	0.959765	0.938566	0.259783	6.1E-01	0.00883276	0.0108871	0.658219	4.2E-01	0.427365	5.1E-01
rs10827252	10	33672884	0.612425	A	G	0.492282	0.997479	0.0882819	7.7E-01	0.00133412	0.0041544	0.103127	7.5E-01	0.0186381	8.9E-01
rs743104	10	34162510	0.623368	C	T	0.851826	0.987738	0.289255	5.9E-01	-0.00368468	0.00586424	0.3948	5.3E-01	0.0740403	7.9E-01
rs7070670	10	61842645	0.8423	C	T	0.672129	0.984388	1.50503	2.2E-01	0.0059838	0.00443484	1.82054	1.8E-01	2.01165	1.6E-01
rs7919055	10	63808475	0.859585	T	C	0.967188	0.982852	0.52678	4.7E-01	0.0064087	0.011747	0.297637	5.9E-01	0.319758	5.7E-01
rs2036791	10	64834352	0.870392	A	T	0.599639	0.999771	32.0017	1.5E-08	0.0251267	0.00423382	35.2214	2.9E-09	32.7846	1.0E-08
rs780157	10	80904701	1.06507	A	C	0.474862	0.956984	3.49929	6.1E-02	-0.00685618	0.0042355	2.62033	1.1E-01	2.83607	9.2E-02
rs3814614	10	88128281	1.14764	A	G	0.494534	0.997451	0.0599758	8.1E-01	0.00194463	0.00415542	0.219	6.4E-01	0.50092	4.8E-01
rs117471638	10	93158084	1.20378	G	A	0.979357	1	0.50752	4.8E-01	-0.0123688	0.0145905	0.718642	4.0E-01	0.84612	3.6E-01
rs1776209	10	93810872	1.20851	A	G	0.708687	0.988042	0.579829	4.5E-01	0.00322568	0.0045794	0.496164	4.8E-01	0.54963	4.6E-01
rs34820178	10	113901194	1.38373	C	T	0.75407	0.994882	59.0285	1.6E-14	0.0386775	0.00482186	64.3408	1.0E-15	67.3616	2.3E-16
rs4751824	10	122833913	1.52693	G	A	0.911449	0.998329	0.00180963	9.7E-01	-0.00124379	0.00730796	0.0289671	8.6E-01	0.059333	8.1E-01
rs61876729	11	778857	0.0107507	A	G	0.906207	0.981631	0.849809	3.6E-01	0.00471713	0.00716898	0.432954	5.1E-01	0.292647	5.9E-01
rs12790154	11	8405148	0.189404	G	A	0.803138	0.997888	3.18517	7.4E-02	-0.00791779	0.00521447	2.30562	1.3E-01	2.51488	1.1E-01
rs1128559	11	8637191	0.189966	G	C	0.17507	0.998605	0.144957	7.0E-01	-0.00258619	0.00545843	0.224484	6.4E-01	0.352348	5.5E-01
rs2403265	11	10065246	0.198625	T	C	0.502995	0.996805	32.4624	1.2E-08	0.0222107	0.00415328	28.5985	8.9E-08	28.3802	1.0E-07
rs11030003	11	27455582	0.463971	C	T	0.312992	0.984085	1.9046	1.7E-01	0.00716331	0.00449966	2.53435	1.1E-01	3.32049	6.8E-02
rs605765	11	30217503	0.478898	C	T	0.390281	0.991456	0.00734388	9.3E-01	-0.000378493	0.00426039	0.00789254	9.3E-01	0.0651656	8.0E-01
rs2679059	11	43599791	0.621966	A	T	0.4028	0.990165	1.82648	1.8E-01	0.00660016	0.00425062	2.41104	1.2E-01	3.81789	5.1E-02
rs7950696	11	47481533	0.66531	T	C	0.554089	0.999458	0.328557	5.7E-01	0.00341125	0.00416999	0.6692	4.1E-01	0.668693	4.1E-01
rs7119797	11	62166235	0.709881	C	T	0.50535	0.992172	0.594985	4.4E-01	0.00439136	0.00416128	1.11364	2.9E-01	1.56935	2.1E-01
rs2509962	11	62309787	0.714476	T	C	0.533094	0.974723	6.76882	9.3E-03	-0.0108619	0.00420261	6.67995	9.8E-03	6.15036	1.3E-02
rs12789028	11	65326154	0.738086	G	A	0.802639	0.99704	4.68251	3.0E-02	0.0107214	0.00522328	4.2132	4.0E-02	3.40673	6.5E-02
rs11227413	11	65883696	0.740756	G	A	0.813675	0.996399	0.461808	5.0E-01	-0.00233706	0.00533372	0.19199	6.6E-01	0.217128	6.4E-01
rs72932201	11	69175220	0.761249	A	T	0.85565	0.985031	4.53478	3.3E-02	-0.010362	0.00594466	3.03833	8.1E-02	2.64741	1.0E-01
rs11234305	11	84854732	0.937563	T	C	0.795827	0.988191	0.274767	6.0E-01	-0.00394217	0.00517019	0.581377	4.5E-01	0.478194	4.9E-01
rs3018970	11	102942989	1.11538	A	C	0.732698	0.991722	0.173893	6.8E-01	0.00213983	0.00470579	0.206774	6.5E-01	0.186327	6.7E-01
rs568038	11	111432161	1.18722	G	T	0.292879	0.997478	1.91912	1.7E-01	0.00466105	0.00455938	1.0451	3.1E-01	1.25767	2.6E-01
rs10502172	11	113199146	1.20415	C	T	0.518835	1	0.0986804	7.5E-01	-0.000943657	0.00414115	0.0519262	8.2E-01	0.0452546	8.3E-01
rs11216183	11	116781545	1.26169	C	A	0.9078	0.998852	2.43042	1.2E-01	0.0117269	0.00718634	2.66286	1.0E-01	2.79273	9.5E-02
rs564649	11	122012238	1.35174	G	C	0.280863	0.994823	0.186037	6.7E-01	0.0021328	0.00462791	0.212388	6.4E-01	0.0254603	8.7E-01
rs747249	11	130271647	1.49781	A	G	0.360417	0.986641	0.846753	3.6E-01	-0.00325961	0.00434875	0.561827	4.5E-01	0.232097	6.3E-01
rs6590683	11	133110361	1.57589	T	C	0.498199	0.978325	0.198496	6.6E-01	-0.000561078	0.00419019	0.0179299	8.9E-01	0.00342858	9.5E-01
rs11611246	12	939480	0.0208836	G	T	0.789679	0.996657	0.52895	4.7E-01	0.00233022	0.00508753	0.209788	6.5E-01	0.261181	6.1E-01
rs34322	12	12879570	0.279977	T	C	0.477211	1	0.815388	3.7E-01	-0.00448607	0.00414889	1.16915	2.8E-01	1.19695	2.7E-01
rs10771260	12	26253557	0.45721	A	C	0.609092	0.995844	2.19357	1.4E-01	0.00525494	0.00425655	1.52412	2.2E-01	1.59634	2.1E-01
rs10844645	12	33737099	0.546138	C	T	0.612236	0.998433	0.977058	3.2E-01	0.00335081	0.0042554	0.62004	4.3E-01	0.491601	4.8E-01
rs2733269	12	41866717	0.562712	A	G	0.44747	1	0.562854	4.5E-01	0.00285092	0.00416953	0.467514	4.9E-01	0.174376	6.8E-01
rs11169170	12	50223013	0.630263	C	T	0.528796	0.996913	1.34038	2.5E-01	-0.00502662	0.00416391	1.4573	2.3E-01	1.60799	2.0E-01
rs3847783	12	54320692	0.682622	C	T	0.318019	0.99235	0.034029	8.5E-01	-0.00105312	0.0044537	0.0559128	8.1E-01	0.00120941	9.7E-01
rs894738	12	54417525	0.685339	G	A	0.639703	0.990228	6.53531	1.1E-02	0.00970982	0.00433501	5.01698	2.5E-02	4.93614	2.6E-02
rs7961915	12	66425288	0.795219	A	G	0.213612	0.943584	0.00515482	9.4E-01	0.00161504	0.00520494	0.0962794	7.6E-01	0.000876896	9.8E-01
rs704067	12	89726027	1.03172	G	A	0.54643	0.989595	0.559161	4.5E-01	0.00343701	0.00418558	0.674295	4.1E-01	1.03712	3.1E-01
rs7311622	12	98772975	1.15518	C	T	0.532837	0.989082	0.16109	6.9E-01	0.00226617	0.00416367	0.296232	5.9E-01	0.390193	5.3E-01
rs10778609	12	108545985	1.27639	A	C	0.742853	1	7.17363	7.4E-03	-0.0123315	0.00474452	6.75537	9.3E-03	6.71419	9.6E-03
rs11608693	12	122208968	1.4633	G	A	0.824703	0.882554	0.00183293	9.7E-01	0.00128693	0.0058034	0.0491747	8.2E-01	0.0056003	9.4E-01
rs4759364	12	123162786	1.46972	C	T	0.820074	1	0.863599	3.5E-01	0.00548087	0.00540307	1.029	3.1E-01	1.12818	2.9E-01
rs2049114	12	123657338	1.47171	T	C	0.206764	0.999367	0.306571	5.8E-01	0.00111992	0.00512064	0.0478326	8.3E-01	0.1627	6.9E-01
rs4765568	12	124479161	1.479	T	C	0.817638	0.993959	2.00586	1.6E-01	0.00828981	0.00537957	2.37462	1.2E-01	3.96675	4.6E-02
rs3926666	12	124634713	1.48005	C	T	0.316242	1	0.492183	4.8E-01	0.00255809	0.00445457	0.329776	5.7E-01	0.238837	6.3E-01
rs1928496	13	31012904	0.263323	C	T	0.256087	1	0.0185845	8.9E-01	0.00204787	0.00475043	0.185839	6.7E-01	0.194976	6.6E-01
rs2475837	13	50535863	0.537065	C	T	0.887658	0.999102	0.00789498	9.3E-01	0.00245919	0.00657418	0.139927	7.1E-01	0.137579	7.1E-01
rs77871802	13	50844016	0.538491	A	G	0.965631	0.994358	0.185392	6.7E-01	0.00666981	0.0114324	0.340372	5.6E-01	0.270283	6.0E-01
rs1379828	13	54396602	0.569676	C	T	0.20343	0.995912	4.04384	4.4E-02	0.0108086	0.00515622	4.39419	3.6E-02	4.80278	2.8E-02
rs1441264	13	79580919	0.787841	G	A	0.405243	0.956515	2.63102	1.0E-01	-0.00475994	0.00431384	1.21752	2.7E-01	1.24436	2.6E-01
rs1160709	13	93884256	0.892481	T	C	0.486099	0.998245	1.06044	3.0E-01	0.00394145	0.00414994	0.902044	3.4E-01	0.839312	3.6E-01
rs664532	13	110932363	1.2151	T	C	0.427688	0.989961	4.10671	4.3E-02	-0.00909544	0.00420429	4.68017	3.1E-02	5.52941	1.9E-02
rs10132280	14	25928179	0.161964	C	A	0.696858	0.989051	1.22588	2.7E-01	0.00703124	0.00452759	2.41173	1.2E-01	1.51069	2.2E-01
rs61986159	14	53956168	0.473642	C	T	0.766548	0.998967	0.798514	3.7E-01	-0.00618187	0.00490926	1.58565	2.1E-01	1.75936	1.8E-01
rs8012185	14	58668484	0.537795	A	G	0.723205	0.991197	11.3357	7.6E-04	0.0135172	0.00464396	8.47227	3.6E-03	10.2385	1.4E-03
rs2412107	14	65426216	0.591307	G	T	0.78162	0.991281	0.591389	4.4E-01	-0.00293542	0.00503054	0.340496	5.6E-01	0.384322	5.4E-01
rs2526886	14	71359064	0.651527	G	T	0.308449	0.995503	0.641205	4.2E-01	0.00224168	0.0044986	0.248308	6.2E-01	0.588596	4.4E-01
rs10146690	14	79890456	0.747911	G	A	0.782491	0.98828	0.287525	5.9E-01	-0.0048793	0.00506095	0.929504	3.3E-01	1.07231	3.0E-01
rs7492628	14	91547136	0.882221	C	G	0.683687	0.983193	0.823599	3.6E-01	0.0049414	0.00448455	1.21412	2.7E-01	0.876962	3.5E-01
rs7156191	14	103297847	1.11649	G	C	0.829016	0.996202	1.43151	2.3E-01	-0.0053193	0.00551179	0.931371	3.3E-01	1.01782	3.1E-01
rs12441543	15	31689543	0.452834	G	A	0.71304	0.9962	0.0254123	8.7E-01	-0.000259303	0.00458533	0.00319798	9.5E-01	0.0535418	8.2E-01
rs12437696	15	40878474	0.62928	A	G	0.514543	0.998802	0.012782	9.1E-01	0.00103736	0.00415217	0.0624179	8.0E-01	0.00470752	9.5E-01
rs148470008	15	42664157	0.639986	A	G	0.980676	0.986804	38.4238	5.7E-10	-0.0909611	0.0151656	35.9741	2.0E-09	37.2767	1.0E-09
rs11631408	15	51746236	0.710161	A	G	0.457077	0.996425	0.208094	6.5E-01	0.0015454	0.00417855	0.136783	7.1E-01	0.0170014	9.0E-01
rs10851523	15	53044002	0.71725	G	C	0.717759	0.993516	0.158286	6.9E-01	0.00166532	0.00461042	0.130471	7.2E-01	0.249119	6.2E-01
rs16976760	15	56394169	0.756417	T	G	0.78704	0.997183	1.00901	3.2E-01	-0.00568151	0.00507122	1.25517	2.6E-01	0.798474	3.7E-01
rs10152355	15	58671178	0.784742	C	A	0.549955	0.924121	267.399	4.2E-60	0.0704068	0.00433036	264.351	1.9E-59	264.231	2.1E-59
rs12594923	15	66991665	0.901837	T	C	0.756035	0.995986	0.159042	6.9E-01	-0.000393632	0.00484139	0.00661062	9.4E-01	0.00501076	9.4E-01
rs12439210	15	67822172	0.914262	C	A	0.767285	0.997294	0.912343	3.4E-01	-0.00317901	0.00490226	0.420523	5.2E-01	0.216459	6.4E-01
rs8030477	15	73085815	0.987571	C	T	0.332616	0.996571	0.818011	3.7E-01	-0.0032684	0.00441543	0.547927	4.6E-01	0.532113	4.7E-01
rs10851869	15	74331083	0.996085	T	C	0.570474	0.998308	0.107089	7.4E-01	0.00157344	0.00418993	0.141021	7.1E-01	0.195227	6.6E-01
rs11072938	15	81021661	1.05811	C	T	0.730551	0.99862	3.67543	5.5E-02	-0.00870648	0.00466673	3.48064	6.2E-02	4.51945	3.4E-02
rs66615128	15	92561941	1.21822	G	C	0.785237	0.999315	0.00567422	9.4E-01	-0.000424583	0.00504204	0.00709107	9.3E-01	0.06472	8.0E-01
rs13335638	16	2136624	0.0436172	T	C	0.8263	0.992856	0.0734297	7.9E-01	-0.000126798	0.00549967	0.000531555	9.8E-01	0.00154333	9.7E-01
rs35108574	16	4370706	0.08231	A	G	0.886062	0.980242	4.39861	3.6E-02	-0.0122348	0.00658112	3.45615	6.3E-02	3.61098	5.7E-02
rs4787649	16	24700215	0.465896	C	T	0.246065	0.995971	0.157681	6.9E-01	-0.00105117	0.0048233	0.0474961	8.3E-01	0.0163212	9.0E-01
rs2650494	16	28318440	0.541911	A	G	0.582495	0.992404	8.08755	4.5E-03	0.011427	0.00421244	7.3586	6.7E-03	9.12653	2.5E-03
rs34286592	16	29820480	0.551885	C	T	0.853439	1	0.548108	4.6E-01	0.00351179	0.00586026	0.359107	5.5E-01	0.341941	5.6E-01
rs79867441	16	29950820	0.553171	C	T	0.932238	0.992347	0.891942	3.4E-01	-0.00371457	0.0082733	0.201586	6.5E-01	0.319915	5.7E-01
rs2047937	16	49864791	0.582147	C	T	0.485483	0.999762	1.27523	2.6E-01	-0.00395512	0.00415423	0.906439	3.4E-01	0.976557	3.2E-01
rs11075986	16	53805344	0.645995	C	G	0.919939	0.995968	1.14887	2.8E-01	0.00742292	0.00764255	0.943352	3.3E-01	0.260198	6.1E-01
rs4783718	16	69547741	0.858329	T	C	0.409964	0.963133	5.73857	1.7E-02	0.0107866	0.00429502	6.30725	1.2E-02	6.87157	8.8E-03
rs2927331	16	81509452	1.04551	T	C	0.346879	0.987048	3.03814	8.1E-02	0.0071055	0.00438626	2.62422	1.1E-01	2.51079	1.1E-01
rs10492861	16	82866767	1.0911	G	T	0.714227	0.98872	1.67849	2.0E-01	-0.00719291	0.00461547	2.42872	1.2E-01	2.22575	1.4E-01
rs2760744	17	2017029	0.0688816	T	C	0.706093	0.999866	0.297228	5.9E-01	-0.00266451	0.00454348	0.343918	5.6E-01	0.15414	6.9E-01
rs6502766	17	3902163	0.111799	C	T	0.805288	0.994964	1.45378	2.3E-01	-0.00766335	0.00523763	2.14076	1.4E-01	1.96936	1.6E-01
rs1269402	17	17361137	0.443379	T	C	0.264169	0.990324	2.83144	9.2E-02	-0.00980356	0.00471102	4.33049	3.7E-02	4.8434	2.8E-02
rs7217403	17	21160085	0.471144	C	T	0.33386	0.984489	1.763	1.8E-01	0.00543458	0.00442595	1.50771	2.2E-01	1.6422	2.0E-01
rs4796221	17	34831963	0.595053	G	A	0.521542	1	6.55305	1.0E-02	0.00902324	0.00414657	4.73529	3.0E-02	4.60112	3.2E-02
rs72820902	17	40441048	0.664334	C	T	0.920059	0.98229	0.308094	5.8E-01	-0.00753651	0.00771202	0.955003	3.3E-01	0.809043	3.7E-01
rs56214516	17	43836953	0.688645	A	C	0.804476	0.982696	0.566894	4.5E-01	-0.00391275	0.00527396	0.550416	4.6E-01	0.617255	4.3E-01
rs9892365	17	59491384	0.871045	A	G	0.329894	0.996856	0.350067	5.5E-01	-0.00230571	0.00441645	0.27256	6.0E-01	0.224616	6.4E-01
rs7215551	17	61664740	0.886997	G	A	0.35741	0.990187	11.2785	7.8E-04	-0.0137984	0.00435814	10.0243	1.5E-03	8.37944	3.8E-03
rs3936134	17	65814382	0.947689	C	G	0.887489	1	1.10527	2.9E-01	-0.00601581	0.00655548	0.84213	3.6E-01	0.61398	4.3E-01
rs236544	17	68229691	0.981625	G	A	0.579444	0.996753	0.515551	4.7E-01	-0.00294497	0.00420512	0.49046	4.8E-01	0.832962	3.6E-01
rs11869880	17	73198131	1.09799	T	C	0.785317	0.995073	0.87854	3.5E-01	0.00490903	0.0050511	0.944538	3.3E-01	0.38677	5.3E-01
rs3810068	18	2846499	0.0738566	T	C	0.595835	1	5.62681	1.8E-02	-0.00819176	0.00421403	3.77884	5.2E-02	3.81105	5.1E-02
rs1787013	18	13072979	0.384745	T	C	0.550563	0.99954	0.185946	6.7E-01	0.00274762	0.00416316	0.43558	5.1E-01	0.563923	4.5E-01
rs4310973	18	20707622	0.429126	A	G	0.212403	0.987885	0.509585	4.8E-01	-0.00182744	0.00511401	0.127691	7.2E-01	0.321595	5.7E-01
rs505601	18	34280131	0.564322	G	A	0.81101	0.990705	2.19453	1.4E-01	-0.00755872	0.00530954	2.02667	1.5E-01	1.73695	1.9E-01
rs4890429	18	40697481	0.611694	T	C	0.73765	0.995191	1.84385	1.7E-01	0.00611539	0.00472731	1.67347	2.0E-01	1.13301	2.9E-01
rs74475730	18	46578171	0.687072	C	T	0.959907	0.993206	2.12663	1.4E-01	0.014928	0.0105917	1.98642	1.6E-01	2.31198	1.3E-01
rs2187176	18	57679365	0.819838	A	G	0.308898	0.982596	0.0278961	8.7E-01	0.000756821	0.0045365	0.0278319	8.7E-01	0.0903745	7.6E-01
rs8097783	18	58051294	0.823036	G	A	0.926154	1	0.0464139	8.3E-01	0.00205648	0.00793721	0.0671292	8.0E-01	0.213773	6.4E-01
rs12979965	19	2131148	0.0753026	A	G	0.499421	0.991113	1.36213	2.4E-01	-0.00454044	0.00416103	1.19067	2.8E-01	1.02131	3.1E-01
rs10427132	19	17207156	0.420801	T	G	0.713001	0.998935	0.21146	6.5E-01	-0.000547396	0.00456463	0.0143811	9.0E-01	0.0631455	8.0E-01
rs91710	19	18141123	0.446267	G	A	0.566796	0.974059	0.503436	4.8E-01	0.00428681	0.00423199	1.02608	3.1E-01	1.01874	3.1E-01
rs10403273	19	19372968	0.4621	C	G	0.837623	0.998891	1.4616	2.3E-01	-0.00534953	0.00561466	0.907787	3.4E-01	0.608614	4.4E-01
rs12461902	19	30265235	0.512848	G	A	0.671201	0.985963	0.402117	5.3E-01	0.00224425	0.00443853	0.255661	6.1E-01	0.175315	6.8E-01
rs73024215	19	33784657	0.561399	T	C	0.929713	0.961977	1.17926	2.8E-01	-0.0118343	0.00826037	2.05252	1.5E-01	2.05002	1.5E-01
rs77793940	19	34003177	0.562809	T	C	0.916647	0.969314	0.165568	6.8E-01	0.00273766	0.0076096	0.12943	7.2E-01	0.367964	5.4E-01
rs62115552	19	44610355	0.688364	A	G	0.959945	1	46.8777	7.6E-12	-0.0758112	0.010776	49.4938	2.0E-12	51.2806	8.0E-13
rs112027066	19	45129089	0.697512	C	T	0.981371	0.962142	44.4619	2.6E-11	-0.0974881	0.0155733	39.1871	3.9E-10	39.5497	3.2E-10
rs73048351	19	45160086	0.697689	C	A	0.989801	0.91554	109.761	1.1E-25	-0.227352	0.0215667	111.13	5.5E-26	110.902	6.2E-26
rs62120576	19	45216443	0.699708	A	C	0.906876	0.984781	80.2998	3.2E-19	-0.0657729	0.0071693	84.1668	4.5E-20	80.2174	3.4E-19
rs146275714	19	45365447	0.706222	G	A	0.978922	0.88022	33.488	7.2E-09	0.0876944	0.0153502	32.6372	1.1E-08	31.076	2.5E-08
rs201269048	19	45574113	0.710921	T	G	0.948631	0.903577	47.7641	4.8E-12	-0.0703334	0.00986374	50.844	1.0E-12	50.0649	1.5E-12
rs8103017	19	55999142	0.996663	C	G	0.705959	0.984581	11.9195	5.6E-04	-0.0148265	0.00457596	10.4982	1.2E-03	9.5475	2.0E-03
rs805769	20	5667459	0.191037	T	C	0.595692	0.99253	0.842804	3.6E-01	-0.00196562	0.00424037	0.214878	6.4E-01	0.318106	5.7E-01
rs1884897	20	6612832	0.214572	A	G	0.371346	0.993838	0.332325	5.6E-01	-0.00194706	0.00432472	0.202695	6.5E-01	0.0658383	8.0E-01
rs7453	20	25207074	0.516203	T	C	0.547962	0.998658	0.281771	6.0E-01	0.000670586	0.00416573	0.0259135	8.7E-01	0.316375	5.7E-01
rs1997833	20	39690342	0.597551	T	C	0.699628	0.998963	0.00285368	9.6E-01	0.000375529	0.00451259	0.00692526	9.3E-01	0.064985	8.0E-01
rs56323232	20	41961907	0.631286	C	T	0.863639	0.984929	1.22657	2.7E-01	-0.0034404	0.00608069	0.320119	5.7E-01	0.323579	5.7E-01
rs6017718	20	44610737	0.671395	T	G	0.737035	0.992796	69.6808	7.0E-17	-0.0388614	0.00473411	67.3846	2.2E-16	65.5592	5.6E-16
rs6064557	20	56115153	0.9034	G	A	0.442948	0.999541	0.202054	6.5E-01	0.00142127	0.00415321	0.117108	7.3E-01	0.144191	7.0E-01
rs28451064	21	35593827	0.362865	G	A	0.868938	0.957975	0.186494	6.7E-01	-0.00459468	0.00627934	0.535405	4.6E-01	1.15415	2.8E-01
rs2836139	21	39451403	0.432375	A	G	0.517161	0.9942	6.54799	1.1E-02	-0.00961781	0.00417397	5.3095	2.1E-02	5.83575	1.6E-02
rs849453	22	27566619	0.305237	C	G	0.190181	0.996731	0.121882	7.3E-01	-0.000730882	0.00528945	0.019093	8.9E-01	0.0118068	9.1E-01
rs9625551	22	29140529	0.338663	G	A	0.979024	0.995212	0.512326	4.7E-01	0.0121247	0.0145032	0.698903	4.0E-01	0.370457	5.4E-01
rs2413338	22	35663523	0.409716	C	T	0.369137	0.988961	0.76357	3.8E-01	0.00375755	0.00431209	0.759336	3.8E-01	0.479413	4.9E-01
rs738409	22	44324727	0.528836	C	G	0.783443	1	124.563	6.3E-29	-0.0553533	0.00502982	121.11	3.6E-28	128.705	7.9E-30
rs801597	22	47190735	0.614737	T	G	0.275448	0.998113	0.0127442	9.1E-01	0.000412309	0.00463642	0.00790822	9.3E-01	0.0245622	8.8E-01
