SNP	CHR	BP	GENPOS	ALLELE1	ALLELE0	A1FREQ	INFO	CHISQ_LINREG	P_LINREG	BETA	SE	CHISQ_BOLT_LMM_INF	P_BOLT_LMM_INF	CHISQ_BOLT_LMM	P_BOLT_LMM
rs7412983	1	2943183	0.0400826	A	C	0.815676	0.996304	1.72966	1.9E-01	-0.00705254	0.00527215	1.78943	1.8E-01	1.69695	1.9E-01
rs1294014	1	9325676	0.18921	C	T	0.731267	0.974098	2.60011	1.1E-01	-0.00803043	0.00466818	2.95926	8.5E-02	2.87201	9.0E-02
rs9988429	1	19824124	0.401889	C	T	0.679183	0.998214	0.606457	4.4E-01	0.00484578	0.00437388	1.22742	2.7E-01	1.3724	2.4E-01
rs12041540	1	23262176	0.460611	G	A	0.646848	0.995392	1.73463	1.9E-01	-0.00523182	0.00427252	1.49947	2.2E-01	0.970398	3.2E-01
rs10902676	1	26120367	0.493514	G	A	0.466005	0.991591	1.34674	2.5E-01	-0.00479998	0.00411103	1.36326	2.4E-01	1.44027	2.3E-01
rs4660443	1	39591779	0.669753	C	T	0.785557	0.997156	9.03253	2.7E-03	0.0157901	0.00498362	10.0388	1.5E-03	11.0223	9.0E-04
rs2032022	1	49388622	0.760047	T	G	0.350563	0.99763	0.00817579	9.3E-01	-3.22601e-05	0.00425944	5.73623e-05	9.9E-01	7.91333e-05	9.9E-01
rs12117661	1	55487346	0.808955	C	G	0.754062	0.987273	96.363	9.6E-23	0.0472994	0.00477644	98.0626	4.1E-23	96.961	7.1E-23
rs624698	1	62900811	0.92277	A	G	0.582759	0.969721	39.3812	3.5E-10	0.0264148	0.00419856	39.5815	3.1E-10	42.2452	8.1E-11
rs12755450	1	72628347	1.03293	T	C	0.795069	1	1.07293	3.0E-01	-0.00742347	0.00504588	2.16441	1.4E-01	2.18498	1.4E-01
rs313710	1	86251836	1.15039	T	C	0.595169	0.991629	1.44488	2.3E-01	-0.00420063	0.00416985	1.01482	3.1E-01	0.995193	3.2E-01
rs7548936	1	91207757	1.21384	G	C	0.626945	0.998895	2.11198	1.5E-01	-0.0060727	0.00422903	2.06196	1.5E-01	1.86813	1.7E-01
rs4375301	1	98298371	1.27828	A	G	0.767049	0.993807	0.459395	5.0E-01	0.00345948	0.00484551	0.509732	4.8E-01	0.375505	5.4E-01
rs1318756	1	103340623	1.32951	T	C	0.496541	0.991063	2.09849	1.5E-01	-0.00507339	0.00410142	1.53013	2.2E-01	1.28543	2.6E-01
rs3108680	1	107572997	1.35724	T	C	0.650884	0.999501	3.46672	6.3E-02	-0.00770828	0.00429464	3.22153	7.3E-02	2.95492	8.6E-02
rs4970824	1	109715950	1.38587	G	A	0.92768	0.973386	86.1537	1.7E-20	0.0733197	0.00797338	84.5584	3.7E-20	85.7678	2.0E-20
rs6667814	1	109815746	1.38706	A	G	0.958763	0.987316	84.2234	4.4E-20	0.0944513	0.0103326	83.5598	6.2E-20	85.1188	2.8E-20
rs71670897	1	119151935	1.50822	G	A	0.96335	0.976508	0.155853	6.9E-01	-0.00184945	0.0109742	0.0284016	8.7E-01	0.0039554	9.5E-01
rs905938	1	154991389	1.69836	T	C	0.735666	1	2.33128	1.3E-01	0.00607372	0.00463074	1.72032	1.9E-01	3.31083	6.9E-02
rs6688053	1	163589208	1.81503	C	T	0.558728	0.988788	0.290319	5.9E-01	-0.0023599	0.00413205	0.32618	5.7E-01	0.491105	4.8E-01
rs17345893	1	170171874	1.91645	C	T	0.933686	0.998406	4.5647	3.3E-02	0.0170934	0.00819765	4.34789	3.7E-02	4.27101	3.9E-02
rs17361789	1	172122601	1.93709	T	G	0.67666	0.979392	0.109969	7.4E-01	-0.00180658	0.0044053	0.168176	6.8E-01	0.134959	7.1E-01
rs6700575	1	172364712	1.93908	A	G	0.843224	0.99482	1.56675	2.1E-01	-0.00678295	0.00562284	1.45521	2.3E-01	1.04474	3.1E-01
rs12757638	1	177815769	1.98756	G	A	0.794896	0.999497	5.09416	2.4E-02	0.0117384	0.00506664	5.36754	2.1E-02	5.73651	1.7E-02
rs12069549	1	200036139	2.16766	C	T	0.873356	0.988289	0.152667	7.0E-01	0.00242209	0.00616599	0.154304	6.9E-01	0.178906	6.7E-01
rs56283998	1	205039295	2.25361	A	C	0.802994	0.996714	0.55696	4.6E-01	-0.00513998	0.00512375	1.00635	3.2E-01	0.76461	3.8E-01
rs3767848	1	214173840	2.36754	G	A	0.749925	0.990604	8.36898	3.8E-03	0.0134873	0.00473002	8.13063	4.4E-03	7.20497	7.3E-03
rs7547454	1	219429385	2.43543	T	A	0.681956	0.999746	0.414669	5.2E-01	-0.0033827	0.00437983	0.596502	4.4E-01	0.581886	4.5E-01
rs661955	1	234842856	2.62186	G	C	0.480469	0.978806	64.6816	8.8E-16	-0.0329005	0.00412713	63.5491	1.6E-15	65.4257	6.0E-16
rs12042959	1	243533273	2.82744	A	G	0.856295	0.985729	0.647077	4.2E-01	0.00498224	0.00584999	0.725336	3.9E-01	0.589928	4.4E-01
rs74495980	2	375873	0.0042135	C	G	0.962013	1	5.58563	1.8E-02	-0.0228051	0.0106579	4.57847	3.2E-02	4.85799	2.8E-02
rs10185713	2	621254	0.0081413	A	G	0.793352	0.993471	0.852996	3.6E-01	-0.00503828	0.00507163	0.986893	3.2E-01	1.36151	2.4E-01
rs812400	2	13073562	0.297327	G	A	0.763905	0.987822	2.62189	1.1E-01	-0.00813565	0.00484095	2.82439	9.3E-02	1.87241	1.7E-01
rs11673889	2	21104631	0.419072	G	C	0.739354	0.972648	84.0748	4.8E-20	0.0432878	0.00471501	84.2878	4.3E-20	89.7636	2.7E-21
rs144545816	2	21413077	0.420543	G	A	0.716429	0.993104	134.506	4.2E-31	-0.0537061	0.00454885	139.394	3.6E-32	145.261	1.9E-33
rs10153926	2	43189120	0.673364	G	A	0.785344	0.98004	0.94186	3.3E-01	0.00586626	0.00501983	1.36567	2.4E-01	1.55523	2.1E-01
rs17326656	2	48962291	0.765285	G	T	0.762394	0.991513	0.0743395	7.9E-01	-0.0012135	0.00482248	0.0633196	8.0E-01	0.109954	7.4E-01
rs62141921	2	58590687	0.848728	G	A	0.840999	0.992362	0.00186637	9.7E-01	0.000773972	0.00558017	0.0192378	8.9E-01	0.0476915	8.3E-01
rs13428870	2	58956557	0.850032	T	G	0.698619	0.989274	3.12203	7.7E-02	0.00707709	0.00447725	2.49855	1.1E-01	2.81995	9.3E-02
rs2195086	2	60814466	0.873878	T	G	0.83582	0.991606	0.195488	6.6E-01	0.002388	0.0055251	0.186805	6.7E-01	0.287876	5.9E-01
rs6716270	2	66201731	0.917171	T	C	0.851701	1	0.0227624	8.8E-01	2.9714e-05	0.00574361	2.67642e-05	1.0E+00	0.00400612	9.5E-01
rs659116	2	67666133	0.937104	T	G	0.542915	0.997911	3.11746	7.7E-02	0.00784358	0.00411123	3.63985	5.6E-02	2.5764	1.1E-01
rs12621286	2	67785566	0.938314	T	C	0.712692	0.98911	0.201564	6.5E-01	-0.0030282	0.00453721	0.445441	5.0E-01	0.707839	4.0E-01
rs12712049	2	100208830	1.21955	A	G	0.176997	0.985519	1.19602	2.7E-01	-0.00639932	0.00538233	1.4136	2.3E-01	1.53632	2.2E-01
rs11680586	2	100746207	1.22171	G	T	0.763215	0.996151	2.31327	1.3E-01	-0.00667811	0.00480275	1.93342	1.6E-01	2.41957	1.2E-01
rs41465348	2	112242612	1.33908	G	T	0.817869	0.933063	0.755614	3.8E-01	0.00405463	0.0054882	0.545813	4.6E-01	0.375185	5.4E-01
rs111595567	2	114462089	1.35944	C	A	0.7845	0.997566	4.77487	2.9E-02	-0.0104874	0.00497302	4.44727	3.5E-02	4.80032	2.8E-02
rs10172336	2	119342963	1.39561	G	T	0.490782	0.991549	0.478919	4.9E-01	0.0034356	0.00409422	0.704147	4.0E-01	1.14713	2.8E-01
rs114666647	2	158393301	1.76187	T	C	0.987556	1	0.256362	6.1E-01	-0.00635449	0.0184146	0.119079	7.3E-01	0.214364	6.4E-01
rs7560257	2	161085348	1.7867	C	T	0.846896	0.988412	4.37639	3.6E-02	0.0115516	0.00570244	4.10359	4.3E-02	4.685	3.0E-02
rs78343493	2	165502911	1.8149	G	A	0.879696	0.994826	2.40284	1.2E-01	0.00844127	0.00628114	1.80609	1.8E-01	1.02914	3.1E-01
rs2887185	2	181528597	2.00401	C	A	0.37741	0.997975	0.152555	7.0E-01	0.00166801	0.00421249	0.156791	6.9E-01	0.027311	8.7E-01
rs3114926	2	187733699	2.04022	T	A	0.732729	0.996136	0.375113	5.4E-01	0.00315225	0.00461895	0.465751	4.9E-01	0.339591	5.6E-01
rs7597487	2	200717641	2.13782	G	A	0.4462	0.997798	0.193292	6.6E-01	0.00176117	0.00411555	0.183125	6.7E-01	0.221537	6.4E-01
rs16846100	2	212278218	2.24429	C	A	0.731067	0.991398	1.98092	1.6E-01	-0.00619268	0.00463445	1.7855	1.8E-01	1.35106	2.5E-01
rs7599312	2	213413231	2.26194	G	A	0.732805	0.980994	1.07398	3.0E-01	0.00416612	0.00465792	0.79998	3.7E-01	0.59948	4.4E-01
rs13429408	2	219142860	2.33572	C	A	0.437636	0.999543	11.6733	6.3E-04	0.0152641	0.00410515	13.8257	2.0E-04	17.2861	3.2E-05
rs7589153	2	230549844	2.50173	A	G	0.448934	0.993474	0.965027	3.3E-01	-0.00300824	0.00411557	0.534276	4.6E-01	0.391668	5.3E-01
rs72980197	2	239268619	2.66777	G	T	0.945215	1	3.81672	5.1E-02	0.0183639	0.00895564	4.20472	4.0E-02	3.15471	7.6E-02
rs4686340	3	9345218	0.248513	A	C	0.245634	0.979708	0.30926	5.8E-01	-0.00315694	0.00480444	0.431766	5.1E-01	0.407504	5.2E-01
rs2600230	3	12038629	0.296833	T	A	0.172563	0.999419	0.0355544	8.5E-01	0.00131665	0.00540292	0.0593862	8.1E-01	0.183704	6.7E-01
rs1962515	3	12611269	0.299386	T	C	0.402697	0.99673	9.25528	2.3E-03	0.0132128	0.00416876	10.0457	1.5E-03	10.271	1.4E-03
rs2455806	3	15705397	0.355658	T	A	0.685985	0.991689	0.790748	3.7E-01	0.00441888	0.00442678	0.996435	3.2E-01	0.821672	3.6E-01
rs9843488	3	33838124	0.583292	T	G	0.731851	0.986529	0.923656	3.4E-01	0.0059021	0.00464808	1.61237	2.0E-01	1.92995	1.6E-01
rs11928128	3	35516974	0.595221	T	C	0.862132	0.990586	2.3003	1.3E-01	-0.00881362	0.00592879	2.20992	1.4E-01	2.24798	1.3E-01
rs4683301	3	46931478	0.687602	A	T	0.40228	0.992469	0.537207	4.6E-01	-0.00191345	0.00417681	0.209866	6.5E-01	0.153817	6.9E-01
rs7633840	3	48719638	0.689719	T	C	0.334732	0.949007	6.33294	1.2E-02	0.0107549	0.00444146	5.86353	1.5E-02	5.61331	1.8E-02
rs7613360	3	49916710	0.690238	C	T	0.605285	0.997092	2.01609	1.6E-01	0.00542216	0.00418012	1.68255	1.9E-01	2.43809	1.2E-01
rs9311841	3	62478786	0.829707	C	T	0.266611	0.989049	3.27891	7.0E-02	0.00763102	0.00465744	2.68455	1.0E-01	2.75385	9.7E-02
rs73124286	3	64667059	0.870966	G	T	0.716973	0.955989	1.11155	2.9E-01	-0.00447537	0.00464391	0.928734	3.4E-01	1.31913	2.5E-01
rs10510927	3	64750744	0.872079	A	C	0.554589	0.997963	0.475726	4.9E-01	-0.00288533	0.00411163	0.49245	4.8E-01	0.597242	4.4E-01
rs4123668	3	82629523	1.08298	T	C	0.597578	0.994471	0.158142	6.9E-01	-0.00141187	0.0041746	0.114382	7.4E-01	0.0691976	7.9E-01
rs9876664	3	85806313	1.08996	G	T	0.623459	0.99373	1.59061	2.1E-01	-0.00528465	0.00422724	1.56285	2.1E-01	1.45341	2.3E-01
rs1580100	3	93980841	1.10443	T	A	0.48363	0.99821	1.40376	2.4E-01	-0.00399976	0.00409153	0.955643	3.3E-01	1.16949	2.8E-01
rs11708733	3	128039895	1.41818	G	A	0.952759	0.983201	3.1167	7.7E-02	-0.0181087	0.00971867	3.47184	6.2E-02	3.50229	6.1E-02
rs143418767	3	129105690	1.42548	G	A	0.980985	0.944053	12.2836	4.6E-04	0.0546944	0.015379	12.6482	3.8E-04	11.4074	7.3E-04
rs7624428	3	131516596	1.44298	T	A	0.73313	0.992487	0.189497	6.6E-01	0.00219915	0.0046398	0.224652	6.4E-01	0.422654	5.2E-01
rs13071085	3	136014923	1.49397	G	A	0.874037	0.99558	0.782073	3.8E-01	0.00550208	0.00616209	0.797256	3.7E-01	0.485375	4.9E-01
rs111398337	3	138328016	1.50606	C	T	0.455117	0.996909	0.389118	5.3E-01	0.00198471	0.00410439	0.233828	6.3E-01	0.31428	5.8E-01
rs62271373	3	150066540	1.64339	T	A	0.940057	0.95946	0.0142806	9.0E-01	-0.00102894	0.00876641	0.0137764	9.1E-01	0.0138785	9.1E-01
rs9865431	3	156351718	1.71006	T	A	0.852687	0.993895	8.25323	4.1E-03	-0.016705	0.00577609	8.36416	3.8E-03	8.68153	3.2E-03
rs13091300	3	168927453	1.77934	C	T	0.617544	0.9977	0.165904	6.8E-01	-0.00118754	0.0041974	0.080045	7.8E-01	0.0534859	8.2E-01
rs4894803	3	171800256	1.82113	A	G	0.59062	0.987681	2.97201	8.5E-02	-0.00788471	0.00418492	3.54974	6.0E-02	5.30506	2.1E-02
rs12638263	3	185795855	2.0212	A	C	0.807145	0.995698	1.68439	1.9E-01	0.00468219	0.00519003	0.813876	3.7E-01	0.864146	3.5E-01
rs2248422	3	187668469	2.0681	T	C	0.79676	1	0.14476	7.0E-01	-0.00288784	0.00508663	0.322319	5.7E-01	0.373248	5.4E-01
rs7697256	4	848335	0.00782825	C	T	0.72746	0.999147	0.235112	6.3E-01	-0.00225751	0.00458921	0.241982	6.2E-01	0.0965351	7.6E-01
rs4690071	4	3086753	0.0324892	A	T	0.641787	0.991623	0.0576399	8.1E-01	-0.000807962	0.00427943	0.0356459	8.5E-01	0.121627	7.3E-01
rs1912897	4	26006133	0.455942	A	T	0.794106	0.98817	0.690079	4.1E-01	0.00417103	0.00507849	0.674553	4.1E-01	0.380884	5.4E-01
rs2871198	4	26292555	0.461345	C	T	0.389909	0.964896	0.0206405	8.9E-01	-0.000251339	0.00426265	0.00347664	9.5E-01	0.0294277	8.6E-01
rs13130484	4	45175691	0.679813	C	T	0.566923	0.996273	1.22828	2.7E-01	-0.00504843	0.00412921	1.49478	2.2E-01	1.01733	3.1E-01
rs819266	4	56235592	0.73028	T	C	0.711983	0.998836	0.286246	5.9E-01	0.00274664	0.00452238	0.368866	5.4E-01	0.108556	7.4E-01
rs4472161	4	78625750	0.926383	A	C	0.140858	0.990092	2.85896	9.1E-02	0.0116118	0.00588862	3.88844	4.9E-02	3.14201	7.6E-02
rs9991751	4	89642436	1.0486	G	A	0.847364	0.999558	0.0604523	8.1E-01	-0.00319955	0.00569065	0.316121	5.7E-01	0.406816	5.2E-01
rs904092	4	100214164	1.13019	A	G	0.176585	1	2.79184	9.5E-02	0.0104144	0.00535239	3.78595	5.2E-02	3.37803	6.6E-02
rs4525978	4	102133144	1.14847	C	T	0.266365	0.992964	3.19806	7.4E-02	0.00843588	0.00464024	3.30507	6.9E-02	2.96345	8.5E-02
rs769668	4	140858717	1.49525	T	C	0.655583	0.988947	0.00377444	9.5E-01	0.000652195	0.00433521	0.0226326	8.8E-01	0.0403352	8.4E-01
rs7692554	4	145536336	1.5383	G	A	0.572163	0.998925	3.00928	8.3E-02	0.00734835	0.0041173	3.18533	7.4E-02	3.31274	6.9E-02
rs639744	5	3949504	0.10119	C	T	0.334393	0.993555	0.289602	5.9E-01	-0.00251803	0.00435033	0.335027	5.6E-01	0.105129	7.5E-01
rs12658939	5	53268762	0.644749	T	C	0.887728	0.983337	0.18446	6.7E-01	-0.00186771	0.00651161	0.08227	7.7E-01	0.00187513	9.7E-01
rs115865075	5	55776257	0.679598	C	T	0.987426	0.93412	0.48361	4.9E-01	-0.0153812	0.0189065	0.661843	4.2E-01	0.639525	4.2E-01
rs588898	5	55797382	0.680156	G	A	0.874484	0.995997	0.0945088	7.6E-01	0.00143789	0.0061746	0.0542293	8.2E-01	0.0684556	7.9E-01
rs34696	5	66292389	0.770621	C	A	0.447793	0.986394	0.067392	8.0E-01	-0.000136839	0.0041341	0.00109561	9.7E-01	0.0389437	8.4E-01
rs253407	5	74926778	0.860943	A	G	0.278524	1	59.7737	1.1E-14	0.0352324	0.00455837	59.7398	1.1E-14	63.7622	1.4E-15
rs13167306	5	76574841	0.89346	C	T	0.679878	0.993031	1.50903	2.2E-01	0.00641706	0.00440024	2.12677	1.4E-01	1.26444	2.6E-01
rs247916	5	87530253	1.0143	A	C	0.790166	0.984893	0.117187	7.3E-01	0.00223511	0.00504793	0.196052	6.6E-01	0.380993	5.4E-01
rs7733438	5	87986284	1.0155	T	G	0.863301	0.981904	0.0488768	8.3E-01	-0.000710194	0.00599387	0.0140391	9.1E-01	0.0753885	7.8E-01
rs6869862	5	103886213	1.12287	T	G	0.519002	0.997607	3.68323	5.5E-02	-0.00778985	0.0040928	3.62256	5.7E-02	3.2446	7.2E-02
rs11241196	5	112535956	1.19975	G	A	0.317525	0.991452	0.00038514	9.8E-01	-0.000500669	0.0044021	0.0129354	9.1E-01	0.0136254	9.1E-01
rs12332329	5	118721694	1.27467	G	A	0.717104	0.991939	1.09524	3.0E-01	-0.00347119	0.00455288	0.581281	4.5E-01	0.383958	5.4E-01
rs4705986	5	132349654	1.39065	T	G	0.936459	0.978165	3.95648	4.7E-02	-0.013868	0.00846812	2.68198	1.0E-01	2.16084	1.4E-01
rs10477191	5	142077715	1.49476	A	G	0.949961	0.911257	0.258632	6.1E-01	-0.00565632	0.0098035	0.332894	5.6E-01	0.600651	4.4E-01
rs10035289	5	153095918	1.63982	A	G	0.466786	0.997256	1.31275	2.5E-01	-0.00487587	0.00408917	1.42179	2.3E-01	1.22403	2.7E-01
rs2871924	5	155770918	1.66035	C	T	0.296888	0.995839	0.365184	5.5E-01	0.0024323	0.00446571	0.296658	5.9E-01	0.449016	5.0E-01
rs254800	5	172925741	1.91983	T	G	0.516581	0.99624	1.22304	2.7E-01	0.00474855	0.00408339	1.35233	2.4E-01	1.31574	2.5E-01
rs58895838	5	173269956	1.92938	A	G	0.759007	0.980237	1.91897	1.7E-01	-0.00552137	0.00481764	1.31349	2.5E-01	1.33695	2.5E-01
rs244722	5	176534724	2.00012	A	C	0.491774	0.980953	0.327425	5.7E-01	-0.00337724	0.00412336	0.670844	4.1E-01	1.32334	2.5E-01
rs1294447	6	6724416	0.18091	T	C	0.493581	0.983229	1.04288	3.1E-01	0.00309191	0.00411099	0.565666	4.5E-01	0.71554	4.0E-01
rs13207230	6	7041700	0.194689	G	A	0.467706	0.982104	1.36724	2.4E-01	-0.00432402	0.00412674	1.0979	2.9E-01	0.765752	3.8E-01
rs4715912	6	14506240	0.314195	C	G	0.749538	0.953352	0.0019893	9.6E-01	-0.00108813	0.00481206	0.051133	8.2E-01	0.0263501	8.7E-01
rs4134943	6	20483407	0.409015	C	T	0.797164	1	1.66702	2.0E-01	-0.00648387	0.0050755	1.63196	2.0E-01	1.80049	1.8E-01
rs2523729	6	30137387	0.505324	G	A	0.865283	1	1.72144	1.9E-01	0.00602808	0.00596207	1.02226	3.1E-01	0.391086	5.3E-01
rs114376405	6	30770701	0.507083	G	A	0.988645	0.994696	1.35245	2.4E-01	-0.0235576	0.0193039	1.48926	2.2E-01	1.6895	1.9E-01
rs9266618	6	31346166	0.513027	C	A	0.0957795	0.921596	3.1612	7.5E-02	-0.0114466	0.00718758	2.53622	1.1E-01	2.70386	1.0E-01
rs28890929	6	32466173	0.520296	G	T	0.767516	0.646356	3.38812	6.6E-02	0.0115848	0.00594169	3.8015	5.1E-02	2.32057	1.3E-01
rs150459394	6	34185960	0.545771	A	T	0.929914	0.979787	1.51877	2.2E-01	0.0094367	0.00806393	1.36945	2.4E-01	1.29027	2.6E-01
rs6901866	6	43260660	0.66972	T	C	0.706104	0.996521	0.00209858	9.6E-01	-0.000353048	0.00448438	0.00619817	9.4E-01	0.00449757	9.5E-01
rs9381248	6	43734606	0.675407	C	T	0.878168	0.993046	0.561236	4.5E-01	-0.00410413	0.00626607	0.428994	5.1E-01	0.526463	4.7E-01
rs9395885	6	53745477	0.782866	C	T	0.917223	0.99848	2.66793	1.0E-01	0.0125901	0.00740741	2.88885	8.9E-02	2.3449	1.3E-01
rs2505949	6	80804414	0.920772	A	G	0.620204	0.988477	0.144671	7.0E-01	-0.00163982	0.00422574	0.150587	7.0E-01	0.437148	5.1E-01
rs2496690	6	81346504	0.922438	A	G	0.376754	0.992012	0.762789	3.8E-01	0.00316945	0.00424058	0.55862	4.5E-01	0.306608	5.8E-01
rs1322863	6	85720325	0.951167	G	A	0.936492	0.998184	12.9339	3.2E-04	-0.0307072	0.00836965	13.4607	2.4E-04	14.6484	1.3E-04
rs17448885	6	97385975	1.0576	C	G	0.658737	0.996471	0.0879528	7.7E-01	-0.00127396	0.00431846	0.0870275	7.7E-01	0.168973	6.8E-01
rs17297752	6	97915394	1.05968	C	A	0.730989	0.998619	1.18073e-06	1.0E+00	-0.000667942	0.00460791	0.0210121	8.8E-01	0.166263	6.8E-01
rs9401452	6	98452680	1.0624	T	C	0.606196	0.998799	1.71642	1.9E-01	-0.0060124	0.00418057	2.06835	1.5E-01	1.57245	2.1E-01
rs2256268	6	100599389	1.08112	C	T	0.828914	0.990083	3.27612	7.0E-02	-0.00961044	0.00545182	3.10744	7.8E-02	3.81315	5.1E-02
rs12206094	6	108906200	1.17855	C	T	0.71927	0.997161	0.000355962	9.8E-01	-0.000122146	0.00455557	0.000718906	9.8E-01	0.0197078	8.9E-01
rs4946445	6	120157197	1.26007	A	G	0.767913	0.994369	0.0065534	9.4E-01	0.000515081	0.00484917	0.0112828	9.2E-01	0.0188759	8.9E-01
rs9375417	6	126248374	1.3252	T	C	0.495328	0.999041	0.889263	3.5E-01	0.00464465	0.00407937	1.29634	2.5E-01	1.67589	2.0E-01
rs62437220	6	127353873	1.32766	T	A	0.953312	0.986017	0.422727	5.2E-01	0.00527452	0.00973502	0.293557	5.9E-01	0.382521	5.4E-01
rs590015	6	139824992	1.50297	G	A	0.500538	0.993146	0.0164218	9.0E-01	-0.000739821	0.00408319	0.0328288	8.6E-01	0.00239877	9.6E-01
rs7453812	6	153405199	1.66319	T	G	0.0494718	0.995743	2.61718	1.1E-01	0.0150139	0.00944912	2.52466	1.1E-01	2.50586	1.1E-01
rs998075	6	160468278	1.77084	A	G	0.533909	0.994008	41.4136	1.2E-10	0.0259266	0.00410523	39.8856	2.7E-10	39.3602	3.5E-10
rs622217	6	160766770	1.77463	T	C	0.517483	0.993572	0.0174392	8.9E-01	0.000170161	0.00410002	0.00172245	9.7E-01	3.05516e-05	1.0E+00
rs6955431	7	20444060	0.358689	T	C	0.69178	0.986954	0.00499933	9.4E-01	0.00161799	0.00445079	0.132153	7.2E-01	0.606742	4.4E-01
rs960589	7	25823647	0.43812	A	C	0.837373	0.976235	0.00894216	9.2E-01	0.000851328	0.00559348	0.0231649	8.8E-01	0.110533	7.4E-01
rs12671127	7	26309246	0.44373	C	T	0.632826	0.988487	0.609131	4.4E-01	-0.00266792	0.00424841	0.394359	5.3E-01	0.546925	4.6E-01
rs2189239	7	27237453	0.453427	C	T	0.917946	0.977954	2.60922	1.1E-01	-0.0104196	0.00753068	1.9144	1.7E-01	2.23755	1.3E-01
rs17725246	7	44581986	0.698744	T	C	0.817254	0.999146	26.3534	2.8E-07	-0.0280063	0.00527157	28.2248	1.1E-07	31.2811	2.2E-08
rs78702390	7	68618770	0.862671	G	C	0.940064	0.983166	0.0315917	8.6E-01	-0.00111204	0.00868315	0.0164015	9.0E-01	0.0061962	9.4E-01
rs1178979	7	72856430	0.899612	T	C	0.80296	1	0.0765597	7.8E-01	0.000980792	0.0051319	0.0365256	8.5E-01	6.33871e-05	9.9E-01
rs12669521	7	77047102	0.934164	A	G	0.661642	0.98421	0.150384	7.0E-01	-0.00135509	0.0043509	0.0970022	7.6E-01	0.00636665	9.4E-01
rs917154	7	99020806	1.15524	A	G	0.844107	0.995198	1.10266	2.9E-01	-0.00562406	0.00564516	0.992539	3.2E-01	0.560449	4.5E-01
rs2470937	7	104579775	1.19833	T	A	0.548378	0.996384	0.155993	6.9E-01	0.00211703	0.00410515	0.265947	6.1E-01	0.57163	4.5E-01
rs13226446	7	116888161	1.32093	A	G	0.945828	1	0.108085	7.4E-01	-0.00275575	0.00903341	0.0930628	7.6E-01	0.00601308	9.4E-01
rs17168896	7	136712058	1.48048	G	A	0.852027	0.988117	0.352131	5.5E-01	0.00317396	0.00578499	0.301021	5.8E-01	0.0223088	8.8E-01
rs2169387	8	9181395	0.251786	A	G	0.100012	0.988224	72.3373	1.8E-17	-0.0586722	0.00684875	73.3908	1.1E-17	76.3018	2.4E-18
rs9969455	8	12617155	0.332045	A	G	0.621264	0.941422	0.472381	4.9E-01	0.00320983	0.00434404	0.545978	4.6E-01	0.580393	4.5E-01
rs13702	8	19824492	0.472663	T	C	0.712147	1	11.6112	6.6E-04	-0.0149994	0.00451628	11.0302	9.0E-04	8.81618	3.0E-03
rs13249197	8	23578404	0.545604	G	T	0.772981	0.994555	0.00548008	9.4E-01	-0.000441244	0.00488982	0.00814276	9.3E-01	0.0066086	9.4E-01
rs11992444	8	25464690	0.565812	G	T	0.489889	1	11.5551	6.8E-04	-0.0130614	0.00408198	10.2385	1.4E-03	9.97653	1.6E-03
rs13281474	8	25664334	0.57113	G	T	0.713885	0.989301	0.0546632	8.2E-01	0.00105357	0.00454252	0.0537942	8.2E-01	0.0161568	9.0E-01
rs1485741	8	25919020	0.575565	C	T	0.885806	0.988895	0.455345	5.0E-01	-0.00542744	0.0064584	0.706221	4.0E-01	0.776069	3.8E-01
rs7815496	8	38321607	0.69461	C	T	0.597702	0.996532	0.913012	3.4E-01	-0.00396925	0.00415886	0.910897	3.4E-01	0.536105	4.6E-01
rs55704109	8	59323247	0.819013	G	A	0.506918	0.919152	23.5403	1.2E-06	0.0196048	0.00426101	21.169	4.2E-06	25.3657	4.7E-07
rs7841468	8	68195769	0.884684	T	C	0.715739	0.999146	0.0313208	8.6E-01	0.00033735	0.00452618	0.00555518	9.4E-01	0.000151273	9.9E-01
rs146492163	8	72386394	0.950025	G	T	0.969192	0.960969	0.0820553	7.7E-01	-0.00562853	0.0120676	0.217546	6.4E-01	0.154914	6.9E-01
rs16937731	8	72531891	0.950652	C	T	0.969553	0.996682	2.43019	1.2E-01	0.0187446	0.0118925	2.48433	1.1E-01	1.90268	1.7E-01
rs7824350	8	73452488	0.974093	A	G	0.403692	0.994411	0.554613	4.6E-01	-0.00365064	0.0041782	0.763414	3.8E-01	0.722607	4.0E-01
rs144435165	8	126419938	1.45107	G	C	0.945037	0.785853	1.49083	2.2E-01	-0.0145164	0.0100915	2.06923	1.5E-01	3.02963	8.2E-02
rs10107982	8	128318755	1.49	T	C	0.725351	0.988462	6.41711	1.1E-02	-0.0117197	0.00459267	6.51179	1.1E-02	7.40444	6.5E-03
rs4740619	9	15634326	0.341844	T	C	0.551261	0.999021	0.00617005	9.4E-01	-0.000774048	0.00411168	0.0354403	8.5E-01	0.0202159	8.9E-01
rs1412234	9	28410683	0.543029	T	C	0.672099	0.991293	4.69795	3.0E-02	0.00916787	0.00436035	4.42072	3.6E-02	3.89499	4.8E-02
rs1680490	9	29642688	0.558374	A	G	0.642012	0.991873	0.886409	3.5E-01	-0.00421755	0.00427595	0.97287	3.2E-01	1.24381	2.6E-01
rs12001634	9	94186527	1.11918	T	A	0.660665	0.996234	0.889309	3.5E-01	0.00305774	0.00432449	0.499953	4.8E-01	0.570245	4.5E-01
rs2131919	9	95283887	1.12689	A	G	0.836098	0.999136	0.259909	6.1E-01	-0.00421234	0.00551751	0.582856	4.5E-01	0.881276	3.5E-01
rs7873003	9	96392945	1.13399	T	C	0.321009	0.990354	0.0181915	8.9E-01	0.000644285	0.00439862	0.0214548	8.8E-01	0.0938044	7.6E-01
rs56285369	9	96712312	1.1418	C	T	0.693118	0.995095	0.31387	5.8E-01	0.00309109	0.00444326	0.483971	4.9E-01	0.433669	5.1E-01
rs12686004	9	107653426	1.24316	G	A	0.885408	1	30.2488	3.8E-08	0.035473	0.00640572	30.6661	3.1E-08	32.169	1.4E-08
rs10991414	9	107685589	1.24582	T	C	0.860554	0.989408	1.76832	1.8E-01	0.00801774	0.00592737	1.8297	1.8E-01	1.34139	2.5E-01
rs73519946	9	107868862	1.24912	A	T	0.958271	0.989128	1.45233	2.3E-01	0.0132219	0.0102844	1.65284	2.0E-01	1.52025	2.2E-01
rs72607161	9	111792640	1.3053	T	C	0.706082	0.997033	0.00474877	9.5E-01	-1.68547e-05	0.00449183	1.40798e-05	1.0E+00	0.0415933	8.4E-01
rs2799465	9	126544609	1.50625	T	C	0.864225	0.996021	0.230342	6.3E-01	0.00323185	0.00596452	0.293597	5.9E-01	0.0954258	7.6E-01
rs4382592	9	134870755	1.63189	T	G	0.300732	0.996468	1.80627	1.8E-01	0.00515233	0.00446754	1.33005	2.5E-01	1.7564	1.9E-01
rs28647893	9	136994893	1.69152	C	T	0.505629	0.998355	0.0477698	8.3E-01	0.000596808	0.00408772	0.0213161	8.8E-01	0.0516128	8.2E-01
rs12774134	10	4963327	0.105411	C	T	0.88526	1	0.00223809	9.6E-01	3.37657e-05	0.00640276	2.78111e-05	1.0E+00	0.00041347	9.8E-01
rs7923552	10	21687123	0.466325	G	A	0.555867	0.968501	2.04255	1.5E-01	0.00566357	0.00418748	1.82926	1.8E-01	2.40969	1.2E-01
rs2808104	10	32112728	0.602723	C	T	0.785657	0.99976	0.265387	6.1E-01	0.00283081	0.00497476	0.323801	5.7E-01	0.162928	6.9E-01
rs145952040	10	33461248	0.609107	T	C	0.959765	0.938566	0.280958	6.0E-01	-0.00358344	0.0107267	0.111601	7.4E-01	0.134916	7.1E-01
rs10827252	10	33672884	0.612425	A	G	0.492282	0.997479	0.0499312	8.2E-01	0.00203483	0.0040932	0.247131	6.2E-01	0.293459	5.9E-01
rs743104	10	34162510	0.623368	C	T	0.851826	0.987738	0.929962	3.3E-01	-0.00637169	0.00577786	1.21612	2.7E-01	1.46989	2.3E-01
rs7070670	10	61842645	0.8423	C	T	0.672129	0.984388	2.02607	1.5E-01	-0.0064304	0.00436951	2.16576	1.4E-01	2.78206	9.5E-02
rs7919055	10	63808475	0.859585	T	C	0.967188	0.982852	0.136153	7.1E-01	0.00284429	0.011574	0.0603926	8.1E-01	0.0788997	7.8E-01
rs2036791	10	64834352	0.870392	A	T	0.599639	0.999771	0.13478	7.1E-01	-0.00262248	0.00417146	0.395229	5.3E-01	0.326824	5.7E-01
rs780157	10	80904701	1.06507	A	C	0.474862	0.956984	1.7264	1.9E-01	0.00545568	0.00417311	1.70914	1.9E-01	2.04674	1.5E-01
rs3814614	10	88128281	1.14764	A	G	0.494534	0.997451	2.48396	1.2E-01	-0.00546277	0.00409422	1.78026	1.8E-01	1.19376	2.7E-01
rs117471638	10	93158084	1.20378	G	A	0.979357	1	0.116184	7.3E-01	0.00287164	0.0143756	0.0399034	8.4E-01	0.194328	6.6E-01
rs1776209	10	93810872	1.20851	A	G	0.708687	0.988042	9.32382	2.3E-03	-0.013751	0.00451195	9.28842	2.3E-03	9.94941	1.6E-03
rs71486238	10	115851703	1.41669	T	A	0.784322	0.994861	2.93123	8.7E-02	0.00868151	0.00497873	3.04057	8.1E-02	3.06275	8.0E-02
rs4751824	10	122833913	1.52693	G	A	0.911449	0.998329	4.70204	3.0E-02	0.0163997	0.00720031	5.18762	2.3E-02	4.42413	3.5E-02
rs61876729	11	778857	0.0107507	A	G	0.906207	0.981631	0.0514024	8.2E-01	-0.000763814	0.00706204	0.0116981	9.1E-01	0.00176488	9.7E-01
rs12790154	11	8405148	0.189404	G	A	0.803138	0.997888	0.0701021	7.9E-01	-0.00281082	0.00513669	0.299434	5.8E-01	0.155094	6.9E-01
rs1128559	11	8637191	0.189966	G	C	0.17507	0.998605	0.0153491	9.0E-01	-4.38468e-05	0.00537701	6.64958e-05	9.9E-01	0.000102308	9.9E-01
rs2403265	11	10065246	0.198625	T	C	0.502995	0.996805	0.192315	6.6E-01	0.00144937	0.00409133	0.125496	7.2E-01	0.24879	6.2E-01
rs11030003	11	27455582	0.463971	C	T	0.312992	0.984085	5.77164	1.6E-02	-0.00928854	0.00443255	4.39125	3.6E-02	4.13098	4.2E-02
rs605765	11	30217503	0.478898	C	T	0.390281	0.991456	0.510097	4.8E-01	0.00265028	0.00419685	0.398782	5.3E-01	0.143707	7.0E-01
rs2679059	11	43599791	0.621966	A	T	0.4028	0.990165	3.03854	8.1E-02	-0.00709948	0.00418722	2.87476	9.0E-02	3.11753	7.7E-02
rs7950696	11	47481533	0.66531	T	C	0.554089	0.999458	2.33948	1.3E-01	-0.00634757	0.00410779	2.3878	1.2E-01	2.83051	9.2E-02
rs174528	11	61543499	0.703973	T	C	0.622738	0.995598	156.891	5.4E-36	0.0531633	0.00421054	159.422	1.5E-36	169.86	7.9E-39
rs2509962	11	62309787	0.714476	T	C	0.533094	0.974723	1.48818	2.2E-01	0.00466271	0.00413992	1.26851	2.6E-01	0.836751	3.6E-01
rs12789028	11	65326154	0.738086	G	A	0.802639	0.99704	1.84115	1.7E-01	0.00687578	0.00514537	1.78571	1.8E-01	1.85539	1.7E-01
rs11227413	11	65883696	0.740756	G	A	0.813675	0.996399	0.144777	7.0E-01	0.00151628	0.00525417	0.083282	7.7E-01	0.0983078	7.5E-01
rs11234305	11	84854732	0.937563	T	C	0.795827	0.988191	0.0625652	8.0E-01	0.00194558	0.00509307	0.145927	7.0E-01	0.265056	6.1E-01
rs3018970	11	102942989	1.11538	A	C	0.732698	0.991722	2.2182	1.4E-01	-0.00633635	0.0046356	1.86839	1.7E-01	1.68214	1.9E-01
rs568038	11	111432161	1.18722	G	T	0.292879	0.997478	1.08941	3.0E-01	-0.00455389	0.00449137	1.02803	3.1E-01	1.18445	2.8E-01
rs10502172	11	113199146	1.20415	C	T	0.518835	1	0.702953	4.0E-01	-0.00133967	0.00407938	0.107846	7.4E-01	0.00169082	9.7E-01
rs11216183	11	116781545	1.26169	C	A	0.9078	0.998852	2.17399	1.4E-01	0.00955331	0.00707915	1.82115	1.8E-01	1.60158	2.1E-01
rs564649	11	122012238	1.35174	G	C	0.280863	0.994823	0.40887	5.2E-01	-0.00215042	0.00455888	0.222499	6.4E-01	0.144235	7.0E-01
rs747249	11	130271647	1.49781	A	G	0.360417	0.986641	0.17785	6.7E-01	-0.00262117	0.00428388	0.374382	5.4E-01	0.900416	3.4E-01
rs6590683	11	133110361	1.57589	T	C	0.498199	0.978325	0.031175	8.6E-01	-0.000636494	0.00412769	0.023778	8.8E-01	0.000481457	9.8E-01
rs11611246	12	939480	0.0208836	G	T	0.789679	0.996657	1.24936	2.6E-01	0.00459543	0.00501141	0.840876	3.6E-01	0.626887	4.3E-01
rs34322	12	12879570	0.279977	T	C	0.477211	1	1.58396	2.1E-01	-0.00478113	0.00408681	1.36865	2.4E-01	2.23305	1.4E-01
rs10771260	12	26253557	0.45721	A	C	0.609092	0.995844	0.602088	4.4E-01	0.00284883	0.00419286	0.46165	5.0E-01	0.522786	4.7E-01
rs10844645	12	33737099	0.546138	C	T	0.612236	0.998433	0.425196	5.1E-01	0.00122409	0.00419173	0.0852781	7.7E-01	0.29226	5.9E-01
rs2733269	12	41866717	0.562712	A	G	0.44747	1	0.491944	4.8E-01	-0.00225863	0.00410714	0.30242	5.8E-01	0.554761	4.6E-01
rs11169170	12	50223013	0.630263	C	T	0.528796	0.996913	2.03456	1.5E-01	0.00632736	0.00410161	2.37978	1.2E-01	3.24928	7.1E-02
rs3847783	12	54320692	0.682622	C	T	0.318019	0.99235	0.841412	3.6E-01	-0.00363538	0.00438706	0.686678	4.1E-01	0.862674	3.5E-01
rs894738	12	54417525	0.685339	G	A	0.639703	0.990228	1.29994	2.5E-01	-0.00503491	0.00427015	1.39026	2.4E-01	1.86736	1.7E-01
rs7961915	12	66425288	0.795219	A	G	0.213612	0.943584	0.0604804	8.1E-01	0.00113101	0.00512705	0.0486627	8.3E-01	0.10206	7.5E-01
rs704067	12	89726027	1.03172	G	A	0.54643	0.989595	0.0046945	9.5E-01	-0.000318563	0.00412295	0.00597	9.4E-01	0.121326	7.3E-01
rs7311622	12	98772975	1.15518	C	T	0.532837	0.989082	2.34767	1.3E-01	-0.00591132	0.00410137	2.07735	1.5E-01	1.85861	1.7E-01
rs10778609	12	108545985	1.27639	A	C	0.742853	1	0.00371325	9.5E-01	0.00104235	0.00467352	0.0497442	8.2E-01	0.0143872	9.0E-01
rs11608693	12	122208968	1.4633	G	A	0.824703	0.882554	0.130048	7.2E-01	-0.00205402	0.00571657	0.129103	7.2E-01	0.0362734	8.5E-01
rs4759364	12	123162786	1.46972	C	T	0.820074	1	5.81768	1.6E-02	-0.0128192	0.00532223	5.80145	1.6E-02	5.74469	1.7E-02
rs2049114	12	123657338	1.47171	T	C	0.206764	0.999367	0.00158727	9.7E-01	2.51197e-07	0.00504402	2.48014e-09	1.0E+00	0.0998518	7.5E-01
rs4765568	12	124479161	1.479	T	C	0.817638	0.993959	0.310983	5.8E-01	0.0028463	0.00529908	0.288509	5.9E-01	0.230778	6.3E-01
rs3926666	12	124634713	1.48005	C	T	0.316242	1	4.48151	3.4E-02	0.00975868	0.00438791	4.94613	2.6E-02	4.38706	3.6E-02
rs1928496	13	31012904	0.263323	C	T	0.256087	1	2.8456	9.2E-02	-0.00766573	0.00467988	2.6831	1.0E-01	3.33289	6.8E-02
rs2475837	13	50535863	0.537065	C	T	0.887658	0.999102	1.21387	2.7E-01	-0.00813122	0.00647655	1.57625	2.1E-01	2.2342	1.3E-01
rs77871802	13	50844016	0.538491	A	G	0.965631	0.994358	0.391921	5.3E-01	-0.00917647	0.0112626	0.663856	4.2E-01	0.697281	4.0E-01
rs1379828	13	54396602	0.569676	C	T	0.20343	0.995912	0.697693	4.0E-01	-0.00374067	0.00507964	0.542292	4.6E-01	0.532194	4.7E-01
rs1441264	13	79580919	0.787841	G	A	0.405243	0.956515	4.28842	3.8E-02	0.00873011	0.00424978	4.21994	4.0E-02	4.32173	3.8E-02
rs1160709	13	93884256	0.892481	T	C	0.486099	0.998245	0.0362273	8.5E-01	0.000125959	0.00408831	0.00094922	9.8E-01	0.0191246	8.9E-01
rs664532	13	110932363	1.2151	T	C	0.427688	0.989961	2.97553	8.5E-02	0.00751261	0.00414186	3.28997	7.0E-02	4.72476	3.0E-02
rs10132280	14	25928179	0.161964	C	A	0.696858	0.989051	2.91683	8.8E-02	-0.00710893	0.00446101	2.53946	1.1E-01	2.87851	9.0E-02
rs61986159	14	53956168	0.473642	C	T	0.766548	0.998967	0.0082518	9.3E-01	0.000569971	0.00483706	0.0138849	9.1E-01	0.0824715	7.7E-01
rs8012185	14	58668484	0.537795	A	G	0.723205	0.991197	0.741734	3.9E-01	-0.00349674	0.00457566	0.58401	4.4E-01	0.672005	4.1E-01
rs2412107	14	65426216	0.591307	G	T	0.78162	0.991281	0.246221	6.2E-01	0.00186291	0.00495656	0.141262	7.1E-01	0.505346	4.8E-01
rs2526886	14	71359064	0.651527	G	T	0.308449	0.995503	1.00915	3.2E-01	-0.00574236	0.00443245	1.6784	2.0E-01	1.73126	1.9E-01
rs10146690	14	79890456	0.747911	G	A	0.782491	0.98828	3.65275	5.6E-02	0.0092872	0.00498653	3.46876	6.3E-02	3.47718	6.2E-02
rs7492628	14	91547136	0.882221	C	G	0.683687	0.983193	0.334222	5.6E-01	0.00228233	0.0044186	0.266801	6.1E-01	0.250181	6.2E-01
rs7156191	14	103297847	1.11649	G	C	0.829016	0.996202	0.903204	3.4E-01	0.00619841	0.00543074	1.30269	2.5E-01	1.36542	2.4E-01
rs12441543	15	31689543	0.452834	G	A	0.71304	0.9962	0.0078258	9.3E-01	0.000396518	0.0045215	0.00769059	9.3E-01	0.0792543	7.8E-01
rs12437696	15	40878474	0.62928	A	G	0.514543	0.998802	2.0608	1.5E-01	-0.00484914	0.00409437	1.40267	2.4E-01	1.57349	2.1E-01
rs11631408	15	51746236	0.710161	A	G	0.457077	0.996425	5.14418	2.3E-02	0.00915112	0.00412039	4.93256	2.6E-02	5.62007	1.8E-02
rs10851523	15	53044002	0.71725	G	C	0.717759	0.993516	0.230476	6.3E-01	-0.0023259	0.00454624	0.261744	6.1E-01	0.220723	6.4E-01
rs16976760	15	56394169	0.756417	T	G	0.78704	0.997183	0.146391	7.0E-01	0.00196834	0.00500063	0.154936	6.9E-01	0.0159875	9.0E-01
rs12594923	15	66991665	0.901837	T	C	0.756035	0.995986	0.087153	7.7E-01	-0.000562003	0.00477399	0.0138584	9.1E-01	0.111228	7.4E-01
rs12439210	15	67822172	0.914262	C	A	0.767285	0.997294	0.911803	3.4E-01	0.00500629	0.00483403	1.07254	3.0E-01	0.998331	3.2E-01
rs8030477	15	73085815	0.987571	C	T	0.332616	0.996571	0.105145	7.5E-01	0.00296987	0.00435397	0.465269	5.0E-01	0.484749	4.9E-01
rs10851869	15	74331083	0.996085	T	C	0.570474	0.998308	1.8073	1.8E-01	0.00585069	0.00413161	2.00528	1.6E-01	1.68989	1.9E-01
rs11072938	15	81021661	1.05811	C	T	0.730551	0.99862	0.0197389	8.9E-01	0.000390605	0.00460177	0.00720486	9.3E-01	0.000244066	9.9E-01
rs66615128	15	92561941	1.21822	G	C	0.785237	0.999315	0.343976	5.6E-01	0.00416773	0.00497186	0.702688	4.0E-01	1.17265	2.8E-01
rs13335638	16	2136624	0.0436172	T	C	0.8263	0.992856	0.141215	7.1E-01	-0.00125819	0.0054186	0.0539162	8.2E-01	0.00307876	9.6E-01
rs35108574	16	4370706	0.08231	A	G	0.886062	0.980242	0.0572834	8.1E-01	0.00188758	0.0064841	0.084744	7.7E-01	0.00271735	9.6E-01
rs4787649	16	24700215	0.465896	C	T	0.246065	0.995971	3.13864	7.6E-02	0.00801303	0.0047522	2.84318	9.2E-02	2.09298	1.5E-01
rs2650494	16	28318440	0.541911	A	G	0.582495	0.992404	1.19715	2.7E-01	-0.00463924	0.00415034	1.24947	2.6E-01	1.65728	2.0E-01
rs34286592	16	29820480	0.551885	C	T	0.853439	1	0.326318	5.7E-01	0.00350843	0.00577386	0.369225	5.4E-01	0.366352	5.4E-01
rs79867441	16	29950820	0.553171	C	T	0.932238	0.992347	4.96967	2.6E-02	0.0176438	0.00815133	4.68516	3.0E-02	4.47374	3.4E-02
rs2047937	16	49864791	0.582147	C	T	0.485483	0.999762	0.598353	4.4E-01	-0.0031347	0.00409298	0.58656	4.4E-01	0.554289	4.6E-01
rs11075986	16	53805344	0.645995	C	G	0.919939	0.995968	0.298559	5.8E-01	-0.00512534	0.00752988	0.463307	5.0E-01	0.107358	7.4E-01
rs4783718	16	69547741	0.858329	T	C	0.409964	0.963133	0.14511	7.0E-01	0.0014344	0.00423171	0.114897	7.3E-01	0.0751102	7.8E-01
rs2927331	16	81509452	1.04551	T	C	0.346879	0.987048	3.61068	5.7E-02	-0.00785077	0.0043216	3.30016	6.9E-02	3.39407	6.5E-02
rs10492861	16	82866767	1.0911	G	T	0.714227	0.98872	2.69783	1.0E-01	0.00773725	0.00454743	2.89495	8.9E-02	3.48455	6.2E-02
rs2760744	17	2017029	0.0688816	T	C	0.706093	0.999866	8.95534	2.8E-03	0.0128549	0.00447626	8.24721	4.1E-03	7.81783	5.2E-03
rs6502766	17	3902163	0.111799	C	T	0.805288	0.994964	0.0569362	8.1E-01	-0.000129988	0.00516014	0.000634577	9.8E-01	0.00748334	9.3E-01
rs1269402	17	17361137	0.443379	T	C	0.264169	0.990324	1.9945	1.6E-01	-0.00634614	0.00464132	1.86954	1.7E-01	1.51669	2.2E-01
rs7217403	17	21160085	0.471144	C	T	0.33386	0.984489	0.014432	9.0E-01	-0.000647334	0.00436047	0.022039	8.8E-01	0.108438	7.4E-01
rs4796221	17	34831963	0.595053	G	A	0.521542	1	0.00949935	9.2E-01	-0.000291208	0.00408522	0.00508131	9.4E-01	0.0351077	8.5E-01
rs72820902	17	40441048	0.664334	C	T	0.920059	0.98229	1.07124	3.0E-01	-0.00965785	0.00759792	1.61574	2.0E-01	1.08265	3.0E-01
rs56214516	17	43836953	0.688645	A	C	0.804476	0.982696	2.94928	8.6E-02	-0.00849546	0.00519593	2.67329	1.0E-01	2.37222	1.2E-01
rs9892365	17	59491384	0.871045	A	G	0.329894	0.996856	0.727355	3.9E-01	0.00364503	0.00435111	0.701782	4.0E-01	1.05157	3.1E-01
rs7215551	17	61664740	0.886997	G	A	0.35741	0.990187	1.54772	2.1E-01	0.00582962	0.00429366	1.84343	1.7E-01	2.13152	1.4E-01
rs3936134	17	65814382	0.947689	C	G	0.887489	1	0.61363	4.3E-01	-0.00551517	0.00645849	0.729216	3.9E-01	1.6447	2.0E-01
rs236544	17	68229691	0.981625	G	A	0.579444	0.996753	1.1772	2.8E-01	0.00486454	0.00414291	1.37871	2.4E-01	1.52394	2.2E-01
rs11869880	17	73198131	1.09799	T	C	0.785317	0.995073	2.77573	9.6E-02	-0.00730018	0.00497637	2.152	1.4E-01	1.53756	2.1E-01
rs3810068	18	2846499	0.0738566	T	C	0.595835	1	9.48927	2.1E-03	0.011835	0.00415236	8.12361	4.4E-03	8.95506	2.8E-03
rs1787013	18	13072979	0.384745	T	C	0.550563	0.99954	0.455824	5.0E-01	-0.00279228	0.00410222	0.463318	5.0E-01	0.405293	5.2E-01
rs4310973	18	20707622	0.429126	A	G	0.212403	0.987885	0.00582511	9.4E-01	0.000882795	0.00503916	0.0306904	8.6E-01	0.0149508	9.0E-01
rs505601	18	34280131	0.564322	G	A	0.81101	0.990705	0.747632	3.9E-01	-0.00472829	0.00523182	0.816775	3.7E-01	0.626987	4.3E-01
rs4890429	18	40697481	0.611694	T	C	0.73765	0.995191	0.293171	5.9E-01	0.00239197	0.00465812	0.263689	6.1E-01	0.367986	5.4E-01
rs74475730	18	46578171	0.687072	C	T	0.959907	0.993206	0.329954	5.7E-01	-0.00803125	0.0104367	0.592159	4.4E-01	0.731774	3.9E-01
rs2187176	18	57679365	0.819838	A	G	0.308898	0.982596	0.007528	9.3E-01	0.000809917	0.00447011	0.032828	8.6E-01	0.218512	6.4E-01
rs8097783	18	58051294	0.823036	G	A	0.926154	1	3.08967	7.9E-02	-0.0127608	0.00782104	2.66212	1.0E-01	3.33212	6.8E-02
rs12979965	19	2131148	0.0753026	A	G	0.499421	0.991113	1.66852	2.0E-01	0.00608626	0.00409283	2.21133	1.4E-01	2.49953	1.1E-01
rs10427132	19	17207156	0.420801	T	G	0.713001	0.998935	2.03509	1.5E-01	0.00526421	0.00448982	1.3747	2.4E-01	1.71624	1.9E-01
rs91710	19	18141123	0.446267	G	A	0.566796	0.974059	0.946892	3.3E-01	0.00345662	0.00416263	0.689554	4.1E-01	0.548748	4.6E-01
rs10403273	19	19372968	0.4621	C	G	0.837623	0.998891	0.955302	3.3E-01	-0.00571315	0.00552264	1.07018	3.0E-01	0.936885	3.3E-01
rs12461902	19	30265235	0.512848	G	A	0.671201	0.985963	1.07646	3.0E-01	-0.00374305	0.00436578	0.735068	3.9E-01	0.524878	4.7E-01
rs73024215	19	33784657	0.561399	T	C	0.929713	0.961977	0.974439	3.2E-01	0.00692682	0.00812498	0.726813	3.9E-01	1.00971	3.1E-01
rs77793940	19	34003177	0.562809	T	C	0.916647	0.969314	1.98925	1.6E-01	-0.011323	0.00748487	2.2885	1.3E-01	1.97853	1.6E-01
rs62116588	19	44446097	0.68736	C	G	0.976367	0.933368	56.5046	5.6E-14	0.104346	0.0138895	56.4393	5.8E-14	59.7525	1.1E-14
rs28550459	19	45037783	0.693461	T	A	0.964694	0.862461	64.5718	9.3E-16	0.0952401	0.0118732	64.3433	1.0E-15	67.4783	2.1E-16
rs73048351	19	45160086	0.697689	C	A	0.989801	0.91554	139.576	3.3E-32	0.256415	0.0212132	146.109	1.2E-33	147.856	5.1E-34
rs139326841	19	45269725	0.701551	T	C	0.978975	0.821408	35.5299	2.5E-09	-0.0928863	0.0156297	35.3186	2.8E-09	38.3698	5.9E-10
rs3745150	19	45385759	0.706836	G	C	0.606976	0.977556	123.159	1.3E-28	-0.0463932	0.00421738	121.01	3.8E-28	122.765	1.6E-28
rs146390218	19	45478352	0.709104	A	G	0.973617	0.966351	334.529	9.9E-75	0.238868	0.0129094	342.378	1.9E-76	352.402	1.3E-78
rs141651018	19	46042665	0.717068	C	T	0.969906	0.964852	83.722	5.7E-20	0.112425	0.0121142	86.1253	1.7E-20	88.8369	4.3E-21
rs805769	20	5667459	0.191037	T	C	0.595692	0.99253	0.0389721	8.4E-01	0.00145868	0.00417768	0.121913	7.3E-01	0.001116	9.7E-01
rs1884897	20	6612832	0.214572	A	G	0.371346	0.993838	0.204041	6.5E-01	0.00182539	0.00426078	0.183541	6.7E-01	0.114827	7.3E-01
rs7453	20	25207074	0.516203	T	C	0.547962	0.998658	5.08617	2.4E-02	-0.00931518	0.00410415	5.15153	2.3E-02	7.18988	7.3E-03
rs1883711	20	39179822	0.589931	G	C	0.9688	0.961651	56.2202	6.5E-14	-0.0881611	0.0119981	53.9924	2.0E-13	57.0393	4.3E-14
rs6066089	20	45487371	0.689692	G	C	0.69774	0.986322	2.66863	1.0E-01	0.00896827	0.00447661	4.01346	4.5E-02	3.97952	4.6E-02
rs6013453	20	51026284	0.791367	T	C	0.632527	0.999327	0.712746	4.0E-01	-0.00322686	0.0042301	0.581914	4.5E-01	0.419078	5.2E-01
rs6064557	20	56115153	0.9034	G	A	0.442948	0.999541	0.323323	5.7E-01	0.0027013	0.00409181	0.435827	5.1E-01	0.564455	4.5E-01
rs28451064	21	35593827	0.362865	G	A	0.868938	0.957975	5.71311	1.7E-02	0.0152883	0.0061869	6.1062	1.3E-02	6.26719	1.2E-02
rs2836139	21	39451403	0.432375	A	G	0.517161	0.9942	1.61901	2.0E-01	0.00619918	0.00411252	2.27223	1.3E-01	3.06818	8.0E-02
rs849453	22	27566619	0.305237	C	G	0.190181	0.996731	0.0223493	8.8E-01	-0.00105057	0.00521237	0.0406236	8.4E-01	0.0785315	7.8E-01
rs9625551	22	29140529	0.338663	G	A	0.979024	0.995212	0.000447827	9.8E-01	0.00175646	0.0142918	0.0151044	9.0E-01	0.0303981	8.6E-01
rs2413338	22	35663523	0.409716	C	T	0.369137	0.988961	0.202791	6.5E-01	0.00218278	0.00424924	0.263874	6.1E-01	0.397375	5.3E-01
rs801597	22	47190735	0.614737	T	G	0.275448	0.998113	0.00430524	9.5E-01	-0.000855913	0.00456886	0.0350949	8.5E-01	0.0243231	8.8E-01
