SNP	CHR	BP	GENPOS	ALLELE1	ALLELE0	A1FREQ	INFO	CHISQ_LINREG	P_LINREG	BETA	SE	CHISQ_BOLT_LMM_INF	P_BOLT_LMM_INF	CHISQ_BOLT_LMM	P_BOLT_LMM
rs7412983	1	2943183	0.0400826	A	C	0.815676	0.996304	2.25524	1.3E-01	-0.00807029	0.00530948	2.31033	1.3E-01	2.29066	1.3E-01
rs1294014	1	9325676	0.18921	C	T	0.731267	0.974098	3.50911	6.1E-02	-0.0091114	0.00470123	3.75619	5.3E-02	3.64718	5.6E-02
rs9988429	1	19824124	0.401889	C	T	0.679183	0.998214	0.806749	3.7E-01	0.00537423	0.00440484	1.48858	2.2E-01	1.65848	2.0E-01
rs12041540	1	23262176	0.460611	G	A	0.646848	0.995392	1.26993	2.6E-01	-0.00439821	0.00430277	1.04485	3.1E-01	0.658553	4.2E-01
rs10902676	1	26120367	0.493514	G	A	0.466005	0.991591	1.74874	1.9E-01	-0.00549619	0.00414013	1.76236	1.8E-01	1.7927	1.8E-01
rs4660443	1	39591779	0.669753	C	T	0.785557	0.997156	5.99978	1.4E-02	0.0131234	0.00501891	6.83718	8.9E-03	7.59023	5.9E-03
rs2032022	1	49388622	0.760047	T	G	0.350563	0.99763	0.00480697	9.4E-01	0.0006788	0.0042896	0.0250409	8.7E-01	0.0450661	8.3E-01
rs12117661	1	55487346	0.808955	C	G	0.754062	0.987273	93.8727	3.4E-22	0.0469831	0.00481026	95.3997	1.6E-22	94.7576	2.2E-22
rs624698	1	62900811	0.92277	A	G	0.582759	0.969721	46.7916	7.9E-12	0.0290327	0.00422829	47.1462	6.6E-12	50.4805	1.2E-12
rs12755450	1	72628347	1.03293	T	C	0.795069	1	0.454808	5.0E-01	-0.00546842	0.0050816	1.15803	2.8E-01	1.16451	2.8E-01
rs313710	1	86251836	1.15039	T	C	0.595169	0.991629	1.89109	1.7E-01	-0.00491724	0.00419937	1.37111	2.4E-01	1.34455	2.5E-01
rs7548936	1	91207757	1.21384	G	C	0.626945	0.998895	3.65798	5.6E-02	-0.00798732	0.00425898	3.51716	6.1E-02	3.24854	7.1E-02
rs4375301	1	98298371	1.27828	A	G	0.767049	0.993807	0.147682	7.0E-01	0.00206508	0.00487982	0.179088	6.7E-01	0.0861664	7.7E-01
rs1318756	1	103340623	1.32951	T	C	0.496541	0.991063	1.85689	1.7E-01	-0.00469855	0.00413046	1.29399	2.6E-01	1.10953	2.9E-01
rs3108680	1	107572997	1.35724	T	C	0.650884	0.999501	2.40858	1.2E-01	-0.00635235	0.00432505	2.15719	1.4E-01	2.07359	1.5E-01
rs4970824	1	109715950	1.38587	G	A	0.92768	0.973386	86.4653	1.4E-20	0.0741293	0.00802983	85.225	2.7E-20	86.6545	1.3E-20
rs79868705	1	109815074	1.38704	G	A	0.958753	0.986899	83.6072	6.0E-20	0.0949843	0.0104076	83.2914	7.1E-20	84.2053	4.5E-20
rs71670897	1	119151935	1.50822	G	A	0.96335	0.976508	0.107736	7.4E-01	-0.00140549	0.0110519	0.0161728	9.0E-01	0.00125569	9.7E-01
rs905938	1	154991389	1.69836	T	C	0.735666	1	2.25774	1.3E-01	0.00614161	0.00466353	1.73434	1.9E-01	3.31331	6.9E-02
rs6688053	1	163589208	1.81503	C	T	0.558728	0.988788	0.182552	6.7E-01	-0.00177045	0.0041613	0.181013	6.7E-01	0.318643	5.7E-01
rs17345893	1	170171874	1.91645	C	T	0.933686	0.998406	3.79227	5.1E-02	0.0158665	0.00825569	3.69363	5.5E-02	3.5786	5.9E-02
rs17361789	1	172122601	1.93709	T	G	0.67666	0.979392	0.167408	6.8E-01	-0.00222878	0.00443649	0.252382	6.2E-01	0.187271	6.7E-01
rs6700575	1	172364712	1.93908	A	G	0.843224	0.99482	1.46084	2.3E-01	-0.00663352	0.00566265	1.3723	2.4E-01	1.08075	3.0E-01
rs12757638	1	177815769	1.98756	G	A	0.794896	0.999497	4.369	3.7E-02	0.0110603	0.00510251	4.69856	3.0E-02	4.82922	2.8E-02
rs12069549	1	200036139	2.16766	C	T	0.873356	0.988289	0.070097	7.9E-01	0.00153971	0.00620964	0.0614818	8.0E-01	0.0693001	7.9E-01
rs56283998	1	205039295	2.25361	A	C	0.802994	0.996714	1.64009	2.0E-01	-0.00782901	0.00516002	2.30203	1.3E-01	1.8853	1.7E-01
rs3767848	1	214173840	2.36754	G	A	0.749925	0.990604	8.52995	3.5E-03	0.013801	0.0047635	8.39402	3.8E-03	7.27072	7.0E-03
rs7547454	1	219429385	2.43543	T	A	0.681956	0.999746	0.525235	4.7E-01	-0.00385386	0.00441084	0.763397	3.8E-01	0.803951	3.7E-01
rs661955	1	234842856	2.62186	G	C	0.480469	0.978806	62.9136	2.2E-15	-0.0326366	0.00415635	61.6574	4.1E-15	63.9841	1.3E-15
rs12042959	1	243533273	2.82744	A	G	0.856295	0.985729	0.975052	3.2E-01	0.0061242	0.00589141	1.08059	3.0E-01	0.831586	3.6E-01
rs74495980	2	375873	0.0042135	C	G	0.962013	1	4.92033	2.7E-02	-0.0215637	0.0107328	4.03665	4.5E-02	4.2227	4.0E-02
rs10185713	2	621254	0.0081413	A	G	0.793352	0.993471	0.923905	3.4E-01	-0.00530117	0.00510727	1.07737	3.0E-01	1.35205	2.4E-01
rs812400	2	13073562	0.297327	G	A	0.763905	0.987822	2.10239	1.5E-01	-0.00734043	0.00487496	2.26726	1.3E-01	1.48141	2.2E-01
rs11673889	2	21104631	0.419072	G	C	0.739354	0.972648	72.5259	1.6E-17	0.0403669	0.00474815	72.2775	1.9E-17	76.7352	2.0E-18
rs1731260	2	26953354	0.471406	G	T	0.525426	0.997367	1.96558	1.6E-01	0.00530122	0.00411775	1.65742	2.0E-01	1.49117	2.2E-01
rs10153926	2	43189120	0.673364	G	A	0.785344	0.98004	0.945794	3.3E-01	0.00579735	0.0050551	1.31522	2.5E-01	1.51438	2.2E-01
rs17326656	2	48962291	0.765285	G	T	0.762394	0.991513	0.354464	5.5E-01	-0.00279152	0.00485636	0.330415	5.7E-01	0.448814	5.0E-01
rs62141921	2	58590687	0.848728	G	A	0.840999	0.992362	0.0820793	7.7E-01	0.00198944	0.00561939	0.125338	7.2E-01	0.185582	6.7E-01
rs13428870	2	58956557	0.850032	T	G	0.698619	0.989274	2.48223	1.2E-01	0.00633593	0.00450871	1.97477	1.6E-01	2.2436	1.3E-01
rs2195086	2	60814466	0.873878	T	G	0.83582	0.991606	0.0412214	8.4E-01	0.00131804	0.00556392	0.0561172	8.1E-01	0.0775667	7.8E-01
rs6716270	2	66201731	0.917171	T	C	0.851701	1	0.0142413	9.1E-01	-0.000149437	0.00578397	0.000667519	9.8E-01	0.00254121	9.6E-01
rs659116	2	67666133	0.937104	T	G	0.542915	0.997911	3.33483	6.8E-02	0.0081072	0.00414012	3.83456	5.0E-02	2.79054	9.5E-02
rs12621286	2	67785566	0.938314	T	C	0.712692	0.98911	0.131989	7.2E-01	-0.00259692	0.00456909	0.32304	5.7E-01	0.563767	4.5E-01
rs12712049	2	100208830	1.21955	A	G	0.176997	0.985519	0.698501	4.0E-01	-0.00492239	0.00542015	0.824763	3.6E-01	0.925951	3.4E-01
rs11680586	2	100746207	1.22171	G	T	0.763215	0.996151	1.63802	2.0E-01	-0.00565807	0.0048365	1.36859	2.4E-01	1.74058	1.9E-01
rs41465348	2	112242612	1.33908	G	T	0.817869	0.933063	1.15397	2.8E-01	0.00524403	0.00552676	0.900304	3.4E-01	0.765368	3.8E-01
rs111595567	2	114462089	1.35944	C	A	0.7845	0.997566	5.18732	2.3E-02	-0.011002	0.00500797	4.82635	2.8E-02	5.09286	2.4E-02
rs10172336	2	119342963	1.39561	G	T	0.490782	0.991549	0.506461	4.8E-01	0.00350498	0.00412299	0.722681	4.0E-01	1.14293	2.9E-01
rs114666647	2	158393301	1.76187	T	C	0.987556	1	0.242202	6.2E-01	-0.00575124	0.018544	0.0961864	7.6E-01	0.167233	6.8E-01
rs7560257	2	161085348	1.7867	C	T	0.846896	0.988412	2.69402	1.0E-01	0.0091584	0.00574251	2.54352	1.1E-01	2.9324	8.7E-02
rs78343493	2	165502911	1.8149	G	A	0.879696	0.994826	6.48095	1.1E-02	0.0145978	0.00632528	5.32616	2.1E-02	4.11702	4.2E-02
rs2887185	2	181528597	2.00401	C	A	0.37741	0.997975	0.0568466	8.1E-01	0.00100632	0.00424209	0.0562744	8.1E-01	0.000136661	9.9E-01
rs3114926	2	187733699	2.04022	T	A	0.732729	0.996136	0.317614	5.7E-01	0.00296774	0.00465141	0.407083	5.2E-01	0.292591	5.9E-01
rs7597487	2	200717641	2.13782	G	A	0.4462	0.997798	0.183773	6.7E-01	0.00173075	0.00414447	0.174393	6.8E-01	0.213547	6.4E-01
rs16846100	2	212278218	2.24429	C	A	0.731067	0.991398	2.82399	9.3E-02	-0.00752946	0.00466701	2.60285	1.1E-01	2.04725	1.5E-01
rs7599312	2	213413231	2.26194	G	A	0.732805	0.980994	1.13398	2.9E-01	0.00443839	0.00469065	0.895332	3.4E-01	0.791427	3.7E-01
rs13429408	2	219142860	2.33572	C	A	0.437636	0.999543	12.0434	5.2E-04	0.0156081	0.00413399	14.2548	1.6E-04	17.7792	2.5E-05
rs7589153	2	230549844	2.50173	A	G	0.448934	0.993474	1.2389	2.7E-01	-0.00359873	0.00414449	0.753974	3.9E-01	0.591803	4.4E-01
rs72980197	2	239268619	2.66777	G	T	0.945215	1	4.06015	4.4E-02	0.0191389	0.00901857	4.5036	3.4E-02	3.32859	6.8E-02
rs4686340	3	9345218	0.248513	A	C	0.245634	0.979708	0.11606	7.3E-01	-0.00209643	0.00483835	0.187744	6.6E-01	0.19185	6.6E-01
rs2600230	3	12038629	0.296833	T	A	0.172563	0.999419	0.00394433	9.5E-01	-0.000106836	0.00544105	0.000385543	9.8E-01	0.0443287	8.3E-01
rs1962515	3	12611269	0.299386	T	C	0.402697	0.99673	9.03092	2.7E-03	0.0131245	0.00419818	9.77342	1.8E-03	9.95094	1.6E-03
rs2455806	3	15705397	0.355658	T	A	0.685985	0.991689	1.26602	2.6E-01	0.00542029	0.00445803	1.47829	2.2E-01	1.32516	2.5E-01
rs9843488	3	33838124	0.583292	T	G	0.731851	0.986529	0.825548	3.6E-01	0.00566577	0.00468089	1.46508	2.3E-01	1.82475	1.8E-01
rs11928128	3	35516974	0.595221	T	C	0.862132	0.990586	2.72774	9.9E-02	-0.00962411	0.00597063	2.59825	1.1E-01	2.61646	1.1E-01
rs4683301	3	46931478	0.687602	A	T	0.40228	0.992469	1.48227	2.2E-01	-0.00396366	0.0042063	0.887959	3.5E-01	0.720109	4.0E-01
rs7633840	3	48719638	0.689719	T	C	0.334732	0.949007	5.91271	1.5E-02	0.010457	0.00447281	5.46582	1.9E-02	5.13202	2.3E-02
rs7613360	3	49916710	0.690238	C	T	0.605285	0.997092	1.59448	2.1E-01	0.00490435	0.00420962	1.3573	2.4E-01	1.87676	1.7E-01
rs9311841	3	62478786	0.829707	C	T	0.266611	0.989049	3.14473	7.6E-02	0.00763234	0.00469031	2.64796	1.0E-01	2.78397	9.5E-02
rs73124286	3	64667059	0.870966	G	T	0.716973	0.955989	0.605501	4.4E-01	-0.00330537	0.00467669	0.499533	4.8E-01	0.79211	3.7E-01
rs10510927	3	64750744	0.872079	A	C	0.554589	0.997963	0.59801	4.4E-01	-0.00321239	0.00414065	0.601894	4.4E-01	0.754728	3.8E-01
rs4123668	3	82629523	1.08298	T	C	0.597578	0.994471	0.19529	6.6E-01	-0.00162336	0.00420406	0.149105	7.0E-01	0.104366	7.5E-01
rs9876664	3	85806313	1.08996	G	T	0.623459	0.99373	1.06976	3.0E-01	-0.00429046	0.00425708	1.01574	3.1E-01	0.953708	3.3E-01
rs1580100	3	93980841	1.10443	T	A	0.48363	0.99821	0.913366	3.4E-01	-0.00318649	0.00412041	0.59806	4.4E-01	0.852578	3.6E-01
rs11708733	3	128039895	1.41818	G	A	0.952759	0.983201	3.09142	7.9E-02	-0.0178381	0.00978727	3.32179	6.8E-02	3.37046	6.6E-02
rs143418767	3	129105690	1.42548	G	A	0.980985	0.944053	10.495	1.2E-03	0.0516817	0.0154875	11.1355	8.5E-04	9.9768	1.6E-03
rs7624428	3	131516596	1.44298	T	A	0.73313	0.992487	0.0551571	8.1E-01	0.00130323	0.00467255	0.077792	7.8E-01	0.134119	7.1E-01
rs13071085	3	136014923	1.49397	G	A	0.874037	0.99558	1.85064	1.7E-01	0.00848814	0.00620558	1.87094	1.7E-01	1.31245	2.5E-01
rs111398337	3	138328016	1.50606	C	T	0.455117	0.996909	0.554979	4.6E-01	0.00259173	0.00413336	0.393163	5.3E-01	0.442827	5.1E-01
rs62271373	3	150066540	1.64339	T	A	0.940057	0.95946	0.30846	5.8E-01	-0.00505291	0.00882829	0.327589	5.7E-01	0.357469	5.5E-01
rs9865431	3	156351718	1.71006	T	A	0.852687	0.993895	8.04966	4.6E-03	-0.0165994	0.00581686	8.14338	4.3E-03	8.51889	3.5E-03
rs13091300	3	168927453	1.77934	C	T	0.617544	0.9977	0.0308619	8.6E-01	-0.000269396	0.00422703	0.00406175	9.5E-01	0.000572521	9.8E-01
rs4894803	3	171800256	1.82113	A	G	0.59062	0.987681	3.38759	6.6E-02	-0.00840755	0.00421446	3.97975	4.6E-02	6.02615	1.4E-02
rs12638263	3	185795855	2.0212	A	C	0.807145	0.995698	1.27739	2.6E-01	0.00391189	0.00522666	0.560177	4.5E-01	0.605415	4.4E-01
rs2248422	3	187668469	2.0681	T	C	0.79676	1	0.389976	5.3E-01	-0.00425066	0.00512253	0.688565	4.1E-01	0.83076	3.6E-01
rs7697256	4	848335	0.00782825	C	T	0.72746	0.999147	0.0302678	8.6E-01	-0.000879186	0.00462129	0.0361939	8.5E-01	0.000215767	9.9E-01
rs4690071	4	3086753	0.0324892	A	T	0.641787	0.991623	0.0753208	7.8E-01	0.00133107	0.00430935	0.0954066	7.6E-01	0.0268108	8.7E-01
rs1912897	4	26006133	0.455942	A	T	0.794106	0.98817	0.325435	5.7E-01	0.00279535	0.005114	0.29878	5.8E-01	0.132238	7.2E-01
rs2871198	4	26292555	0.461345	C	T	0.389909	0.964896	0.0187516	8.9E-01	-0.000279466	0.00429245	0.00423886	9.5E-01	0.0466491	8.3E-01
rs13130484	4	45175691	0.679813	C	T	0.566923	0.996273	1.57397	2.1E-01	-0.00556573	0.00415808	1.79167	1.8E-01	1.27775	2.6E-01
rs819266	4	56235592	0.73028	T	C	0.711983	0.998836	0.323422	5.7E-01	0.00289325	0.004554	0.403634	5.3E-01	0.116094	7.3E-01
rs4472161	4	78625750	0.926383	A	C	0.140858	0.990092	2.87494	9.0E-02	0.0116336	0.00592978	3.84901	5.0E-02	3.02115	8.2E-02
rs9991751	4	89642436	1.0486	G	A	0.847364	0.999558	0.0131752	9.1E-01	-0.000993866	0.00573043	0.0300803	8.6E-01	0.0631608	8.0E-01
rs904092	4	100214164	1.13019	A	G	0.176585	1	2.54317	1.1E-01	0.00988964	0.00538981	3.36678	6.7E-02	3.24473	7.2E-02
rs4525978	4	102133144	1.14847	C	T	0.266365	0.992964	3.67163	5.5E-02	0.00909292	0.00467267	3.78683	5.2E-02	3.39986	6.5E-02
rs769668	4	140858717	1.49525	T	C	0.655583	0.988947	0.135792	7.1E-01	0.00188407	0.00436551	0.186261	6.7E-01	0.18865	6.6E-01
rs7692554	4	145536336	1.5383	G	A	0.572163	0.998925	3.10638	7.8E-02	0.00755143	0.00414608	3.31729	6.9E-02	3.44323	6.4E-02
rs639744	5	3949504	0.10119	C	T	0.334393	0.993555	0.00684959	9.3E-01	-0.000582712	0.00438062	0.0176944	8.9E-01	0.00558495	9.4E-01
rs12658939	5	53268762	0.644749	T	C	0.887728	0.983337	0.111009	7.4E-01	-0.00126907	0.00655696	0.03746	8.5E-01	0.00100249	9.7E-01
rs115865075	5	55776257	0.679598	C	T	0.987426	0.93412	0.87938	3.5E-01	-0.0195637	0.0190382	1.05597	3.0E-01	1.00186	3.2E-01
rs588898	5	55797382	0.680156	G	A	0.874484	0.995997	0.330575	5.7E-01	0.00315158	0.0062176	0.256927	6.1E-01	5.25474e-05	9.9E-01
rs34696	5	66292389	0.770621	C	A	0.447793	0.986394	0.0167054	9.0E-01	0.000253014	0.00416289	0.00369402	9.5E-01	0.00716477	9.3E-01
rs253407	5	74926778	0.860943	A	G	0.278524	1	54.1958	1.8E-13	0.0337787	0.00459012	54.155	1.9E-13	57.5322	3.3E-14
rs13167306	5	76574841	0.89346	C	T	0.679878	0.993031	1.76033	1.8E-01	0.00674748	0.00443088	2.31901	1.3E-01	1.29181	2.6E-01
rs247916	5	87530253	1.0143	A	C	0.790166	0.984893	0.186363	6.7E-01	0.00254302	0.00508309	0.250291	6.2E-01	0.419042	5.2E-01
rs7733438	5	87986284	1.0155	T	G	0.863301	0.981904	0.100338	7.5E-01	-0.00146501	0.00603561	0.0589168	8.1E-01	0.150191	7.0E-01
rs6869862	5	103886213	1.12287	T	G	0.519002	0.997607	4.9761	2.6E-02	-0.00903822	0.00412131	4.80946	2.8E-02	4.34638	3.7E-02
rs11241196	5	112535956	1.19975	G	A	0.317525	0.991452	0.00721883	9.3E-01	-0.000219785	0.00443276	0.00245838	9.6E-01	0.0503797	8.2E-01
rs12332329	5	118721694	1.27467	G	A	0.717104	0.991939	0.458458	5.0E-01	-0.00182433	0.00458458	0.158346	6.9E-01	0.0475189	8.3E-01
rs4705986	5	132349654	1.39065	T	G	0.936459	0.978165	2.59965	1.1E-01	-0.0107344	0.00852709	1.58471	2.1E-01	1.21044	2.7E-01
rs10477191	5	142077715	1.49476	A	G	0.949961	0.911257	0.370328	5.4E-01	-0.00684346	0.00987177	0.480575	4.9E-01	0.836154	3.6E-01
rs10035289	5	153095918	1.63982	A	G	0.466786	0.997256	0.793203	3.7E-01	-0.00381715	0.00411765	0.85937	3.5E-01	0.682918	4.1E-01
rs2871924	5	155770918	1.66035	C	T	0.296888	0.995839	0.134108	7.1E-01	0.0013236	0.00449681	0.0866377	7.7E-01	0.208265	6.5E-01
rs10062458	5	156367092	1.66277	T	C	0.348223	0.985353	41.3829	1.3E-10	-0.028066	0.0043415	41.7909	1.0E-10	41.6814	1.1E-10
rs254800	5	172925741	1.91983	T	G	0.516581	0.99624	1.09503	3.0E-01	0.00448177	0.00411182	1.18804	2.8E-01	1.04692	3.1E-01
rs58895838	5	173269956	1.92938	A	G	0.759007	0.980237	2.55536	1.1E-01	-0.00667029	0.00485119	1.89057	1.7E-01	1.87646	1.7E-01
rs244722	5	176534724	2.00012	A	C	0.491774	0.980953	0.72233	4.0E-01	-0.00442131	0.00415207	1.13389	2.9E-01	2.02948	1.5E-01
rs1294447	6	6724416	0.18091	T	C	0.493581	0.983229	1.08472	3.0E-01	0.00335064	0.00413965	0.65513	4.2E-01	0.768928	3.8E-01
rs13207230	6	7041700	0.194689	G	A	0.467706	0.982104	1.88563	1.7E-01	-0.00524637	0.00415551	1.59393	2.1E-01	1.15646	2.8E-01
rs4715912	6	14506240	0.314195	C	G	0.749538	0.953352	0.00153902	9.7E-01	-0.000596248	0.00484561	0.015141	9.0E-01	0.0022988	9.6E-01
rs4134943	6	20483407	0.409015	C	T	0.797164	1	0.803635	3.7E-01	-0.00459768	0.0051109	0.809251	3.7E-01	0.963553	3.3E-01
rs2523729	6	30137387	0.505324	G	A	0.865283	1	1.26172	2.6E-01	0.00529828	0.00600365	0.778825	3.8E-01	0.210483	6.5E-01
rs114376405	6	30770701	0.507083	G	A	0.988645	0.994696	1.33229	2.5E-01	-0.0246463	0.0194385	1.6076	2.0E-01	1.90226	1.7E-01
rs9266618	6	31346166	0.513027	C	A	0.0957795	0.921596	4.44042	3.5E-02	-0.0142849	0.0072377	3.8954	4.8E-02	3.85384	5.0E-02
rs28890929	6	32466173	0.520296	G	T	0.767516	0.646356	3.4861	6.2E-02	0.0117781	0.00598312	3.87522	4.9E-02	2.27454	1.3E-01
rs150459394	6	34185960	0.545771	A	T	0.929914	0.979787	0.655715	4.2E-01	0.00591789	0.00812016	0.531135	4.7E-01	0.511862	4.7E-01
rs6901866	6	43260660	0.66972	T	C	0.706104	0.996521	0.00510573	9.4E-01	-0.00051251	0.00451565	0.0128815	9.1E-01	0.024681	8.8E-01
rs9381248	6	43734606	0.675407	C	T	0.878168	0.993046	1.14479	2.8E-01	-0.00618857	0.00630976	0.961954	3.3E-01	1.18707	2.8E-01
rs9395885	6	53745477	0.782866	C	T	0.917223	0.99848	2.62341	1.1E-01	0.0123029	0.00745906	2.72048	9.9E-02	2.26876	1.3E-01
rs2505949	6	80804414	0.920772	A	G	0.620204	0.988477	0.096935	7.6E-01	-0.00149497	0.0042552	0.123432	7.3E-01	0.377051	5.4E-01
rs2496690	6	81346504	0.922438	A	G	0.376754	0.992012	0.684805	4.1E-01	0.00306949	0.00427015	0.516708	4.7E-01	0.255673	6.1E-01
rs1322863	6	85720325	0.951167	G	A	0.936492	0.998184	14.2216	1.6E-04	-0.0322308	0.00842801	14.6249	1.3E-04	16.1902	5.7E-05
rs17448885	6	97385975	1.0576	C	G	0.658737	0.996471	0.0490235	8.2E-01	-0.00101843	0.00434857	0.0548493	8.1E-01	0.0999065	7.5E-01
rs17297752	6	97915394	1.05968	C	A	0.730989	0.998619	0.0322359	8.6E-01	0.000195619	0.00464004	0.00177737	9.7E-01	0.0441355	8.3E-01
rs9401452	6	98452680	1.0624	T	C	0.606196	0.998799	0.900858	3.4E-01	-0.00450432	0.00420972	1.14486	2.8E-01	0.809903	3.7E-01
rs2256268	6	100599389	1.08112	C	T	0.828914	0.990083	4.71396	3.0E-02	-0.0115825	0.00548984	4.45128	3.5E-02	5.577	1.8E-02
rs12206094	6	108906200	1.17855	C	T	0.71927	0.997161	0.00650413	9.4E-01	-0.000446616	0.00458733	0.00947868	9.2E-01	0.0336596	8.5E-01
rs4946445	6	120157197	1.26007	A	G	0.767913	0.994369	0.0116463	9.1E-01	0.000599141	0.00488298	0.0150552	9.0E-01	0.0204461	8.9E-01
rs9375417	6	126248374	1.3252	T	C	0.495328	0.999041	0.729683	3.9E-01	0.00427676	0.00410781	1.08395	3.0E-01	1.40941	2.4E-01
rs62437220	6	127353873	1.32766	T	A	0.953312	0.986017	0.0833473	7.7E-01	0.00181747	0.0098029	0.0343738	8.5E-01	0.06436	8.0E-01
rs590015	6	139824992	1.50297	G	A	0.500538	0.993146	0.600175	4.4E-01	-0.00335112	0.00411166	0.664272	4.2E-01	0.36669	5.4E-01
rs7453812	6	153405199	1.66319	T	G	0.0494718	0.995743	1.55009	2.1E-01	0.0115877	0.00951501	1.48312	2.2E-01	1.34766	2.5E-01
rs998075	6	160468278	1.77084	A	G	0.533909	0.994008	45.6016	1.4E-11	0.0273597	0.00413386	43.8038	3.6E-11	42.973	5.6E-11
rs622217	6	160766770	1.77463	T	C	0.517483	0.993572	0.220418	6.4E-01	-0.00242374	0.00412861	0.344639	5.6E-01	0.355002	5.5E-01
rs6955431	7	20444060	0.358689	T	C	0.69178	0.986954	0.0407344	8.4E-01	0.00266953	0.004482	0.354753	5.5E-01	0.949792	3.3E-01
rs960589	7	25823647	0.43812	A	C	0.837373	0.976235	0.0213174	8.8E-01	-0.000487466	0.00563269	0.00748956	9.3E-01	0.00761991	9.3E-01
rs12671127	7	26309246	0.44373	C	T	0.632826	0.988487	0.407672	5.2E-01	-0.002082	0.0042782	0.236832	6.3E-01	0.33932	5.6E-01
rs2189239	7	27237453	0.453427	C	T	0.917946	0.977954	2.60698	1.1E-01	-0.0106722	0.00758348	1.98049	1.6E-01	2.27385	1.3E-01
rs17725246	7	44581986	0.698744	T	C	0.817254	0.999146	27.3643	1.7E-07	-0.0285895	0.00530853	29.0045	7.2E-08	31.7665	1.7E-08
rs78702390	7	68618770	0.862671	G	C	0.940064	0.983166	0.0325141	8.6E-01	0.00225982	0.00874402	0.0667919	8.0E-01	0.104823	7.5E-01
rs1178979	7	72856430	0.899612	T	C	0.80296	1	4.55739	3.3E-02	0.0107229	0.00516788	4.3053	3.8E-02	3.69666	5.5E-02
rs12669521	7	77047102	0.934164	A	G	0.661642	0.98421	0.0360863	8.5E-01	-0.000520277	0.0043814	0.0141008	9.1E-01	0.0111547	9.2E-01
rs917154	7	99020806	1.15524	A	G	0.844107	0.995198	0.841156	3.6E-01	-0.00480284	0.00568473	0.7138	4.0E-01	0.31631	5.7E-01
rs2470937	7	104579775	1.19833	T	A	0.548378	0.996384	0.0300685	8.6E-01	0.0011254	0.00413393	0.0741122	7.9E-01	0.274894	6.0E-01
rs13226446	7	116888161	1.32093	A	G	0.945828	1	0.138386	7.1E-01	-0.00314106	0.00909674	0.119228	7.3E-01	0.0194635	8.9E-01
rs17168896	7	136712058	1.48048	G	A	0.852027	0.988117	0.646305	4.2E-01	0.00446011	0.00582555	0.586162	4.4E-01	0.113152	7.4E-01
rs2169387	8	9181395	0.251786	A	G	0.100012	0.988224	64.8147	8.2E-16	-0.0559089	0.00689674	65.7166	5.2E-16	68.0989	1.6E-16
rs9969455	8	12617155	0.332045	A	G	0.621264	0.941422	0.96532	3.3E-01	0.00448086	0.00437448	1.04923	3.1E-01	1.19526	2.7E-01
rs13702	8	19824492	0.472663	T	C	0.712147	1	0.327569	5.7E-01	-0.00239146	0.00454792	0.276504	6.0E-01	0.0132941	9.1E-01
rs13249197	8	23578404	0.545604	G	T	0.772981	0.994555	0.00769721	9.3E-01	-0.000198711	0.00492408	0.00162852	9.7E-01	5.97625e-06	1.0E+00
rs11992444	8	25464690	0.565812	G	T	0.489889	1	9.15808	2.5E-03	-0.0116473	0.00411059	8.02871	4.6E-03	7.70371	5.5E-03
rs13281474	8	25664334	0.57113	G	T	0.713885	0.989301	0.0245839	8.8E-01	0.000728751	0.00457435	0.0253805	8.7E-01	0.00707131	9.3E-01
rs1485741	8	25919020	0.575565	C	T	0.885806	0.988895	0.975075	3.2E-01	-0.00733488	0.00650365	1.27196	2.6E-01	1.27436	2.6E-01
rs7815496	8	38321607	0.69461	C	T	0.597702	0.996532	1.7621	1.8E-01	-0.00543475	0.004188	1.68402	1.9E-01	1.16756	2.8E-01
rs55704109	8	59323247	0.819013	G	A	0.506918	0.919152	23.8264	1.1E-06	0.0200542	0.00429087	21.8435	3.0E-06	26.7438	2.3E-07
rs7841468	8	68195769	0.884684	T	C	0.715739	0.999146	4.21013e-06	1.0E+00	-0.000336865	0.0045579	0.00546239	9.4E-01	0.0164274	9.0E-01
rs146492163	8	72386394	0.950025	G	T	0.969192	0.960969	0.510592	4.7E-01	-0.01043	0.0121521	0.736662	3.9E-01	0.610645	4.3E-01
rs16937731	8	72531891	0.950652	C	T	0.969553	0.996682	2.00452	1.6E-01	0.0172114	0.0119758	2.0655	1.5E-01	1.43028	2.3E-01
rs7824350	8	73452488	0.974093	A	G	0.403692	0.994411	0.0927594	7.6E-01	-0.001744	0.00420748	0.17181	6.8E-01	0.157033	6.9E-01
rs144435165	8	126419938	1.45107	G	C	0.945037	0.785853	3.67848	5.5E-02	-0.0216927	0.0101622	4.55672	3.3E-02	5.99638	1.4E-02
rs10107982	8	128318755	1.49	T	C	0.725351	0.988462	5.76058	1.6E-02	-0.0111227	0.00462485	5.78392	1.6E-02	6.6636	9.8E-03
rs4740619	9	15634326	0.341844	T	C	0.551261	0.999021	9.63551e-05	9.9E-01	-0.000325186	0.00414044	0.00616839	9.4E-01	0.000361204	9.8E-01
rs1412234	9	28410683	0.543029	T	C	0.672099	0.991293	3.77086	5.2E-02	0.00835746	0.00439085	3.62285	5.7E-02	3.27251	7.0E-02
rs1680490	9	29642688	0.558374	A	G	0.642012	0.991873	0.949364	3.3E-01	-0.00436125	0.00430586	1.0259	3.1E-01	1.23337	2.7E-01
rs12001634	9	94186527	1.11918	T	A	0.660665	0.996234	1.26343	2.6E-01	0.00380438	0.00435474	0.763206	3.8E-01	0.802173	3.7E-01
rs2131919	9	95283887	1.12689	A	G	0.836098	0.999136	0.600152	4.4E-01	-0.00572141	0.00555611	1.06039	3.0E-01	1.44019	2.3E-01
rs7873003	9	96392945	1.13399	T	C	0.321009	0.990354	0.0393826	8.4E-01	0.00092595	0.00442939	0.0437006	8.3E-01	0.0962809	7.6E-01
rs56285369	9	96712312	1.1418	C	T	0.693118	0.995095	0.366135	5.5E-01	0.00337834	0.00447434	0.570098	4.5E-01	0.455599	5.0E-01
rs12686004	9	107653426	1.24316	G	A	0.885408	1	27.1936	1.8E-07	0.033768	0.00645053	27.4043	1.7E-07	28.8713	7.7E-08
rs10991414	9	107685589	1.24582	T	C	0.860554	0.989408	1.29101	2.6E-01	0.0068521	0.00596883	1.31786	2.5E-01	0.949453	3.3E-01
rs73519946	9	107868862	1.24912	A	T	0.958271	0.989128	1.3112	2.5E-01	0.0126584	0.0103563	1.49398	2.2E-01	1.49822	2.2E-01
rs72607161	9	111792640	1.3053	T	C	0.706082	0.997033	0.0829933	7.7E-01	0.00095331	0.00452325	0.0444189	8.3E-01	4.55036e-06	1.0E+00
rs2799465	9	126544609	1.50625	T	C	0.864225	0.996021	0.153378	7.0E-01	0.00247709	0.00600624	0.170089	6.8E-01	0.0269088	8.7E-01
rs4382592	9	134870755	1.63189	T	G	0.300732	0.996468	2.1227	1.5E-01	0.00584016	0.00449879	1.68522	1.9E-01	2.15125	1.4E-01
rs28647893	9	136994893	1.69152	C	T	0.505629	0.998355	0.0068272	9.3E-01	-0.000589049	0.00411631	0.020478	8.9E-01	0.00714083	9.3E-01
rs12774134	10	4963327	0.105411	C	T	0.88526	1	0.0330887	8.6E-01	0.000965525	0.0064475	0.0224256	8.8E-01	0.0412817	8.4E-01
rs7923552	10	21687123	0.466325	G	A	0.555867	0.968501	1.15261	2.8E-01	0.00412918	0.00421674	0.958903	3.3E-01	1.38453	2.4E-01
rs2808104	10	32112728	0.602723	C	T	0.785657	0.99976	0.425702	5.1E-01	0.00352561	0.00500952	0.495309	4.8E-01	0.391202	5.3E-01
rs145952040	10	33461248	0.609107	T	C	0.959765	0.938566	0.584708	4.4E-01	-0.00617414	0.0108017	0.326716	5.7E-01	0.413336	5.2E-01
rs10827252	10	33672884	0.612425	A	G	0.492282	0.997479	0.00819394	9.3E-01	0.00143723	0.00412181	0.121584	7.3E-01	0.183247	6.7E-01
rs743104	10	34162510	0.623368	C	T	0.851826	0.987738	1.13585	2.9E-01	-0.00689072	0.00581823	1.40264	2.4E-01	1.78766	1.8E-01
rs7070670	10	61842645	0.8423	C	T	0.672129	0.984388	1.35282	2.4E-01	-0.00538076	0.00440005	1.49545	2.2E-01	1.88568	1.7E-01
rs7919055	10	63808475	0.859585	T	C	0.967188	0.982852	0.088358	7.7E-01	0.00229028	0.0116548	0.0386159	8.4E-01	0.03839	8.4E-01
rs2036791	10	64834352	0.870392	A	T	0.599639	0.999771	0.079689	7.8E-01	5.64635e-06	0.00420061	1.80681e-06	1.0E+00	0.008775	9.3E-01
rs780157	10	80904701	1.06507	A	C	0.474862	0.956984	0.838976	3.6E-01	0.00382809	0.00420227	0.829842	3.6E-01	1.08285	3.0E-01
rs3814614	10	88128281	1.14764	A	G	0.494534	0.997451	2.23551	1.3E-01	-0.00534881	0.00412283	1.68316	1.9E-01	1.23618	2.7E-01
rs117471638	10	93158084	1.20378	G	A	0.979357	1	0.0768108	7.8E-01	0.00239968	0.014476	0.0274794	8.7E-01	0.161807	6.9E-01
rs1776209	10	93810872	1.20851	A	G	0.708687	0.988042	6.87008	8.8E-03	-0.01178	0.00454348	6.72222	9.5E-03	7.38861	6.6E-03
rs71486238	10	115851703	1.41669	T	A	0.784322	0.994861	2.93746	8.7E-02	0.00865214	0.00501352	2.97826	8.4E-02	2.90281	8.8E-02
rs4751824	10	122833913	1.52693	G	A	0.911449	0.998329	3.49876	6.1E-02	0.0142834	0.00725063	3.88074	4.9E-02	3.19459	7.4E-02
rs61876729	11	778857	0.0107507	A	G	0.906207	0.981631	0.00789618	9.3E-01	0.00147896	0.00711182	0.0432467	8.4E-01	0.0846017	7.7E-01
rs12790154	11	8405148	0.189404	G	A	0.803138	0.997888	0.0387922	8.4E-01	-0.0024085	0.0051729	0.216783	6.4E-01	0.0980292	7.5E-01
rs1128559	11	8637191	0.189966	G	C	0.17507	0.998605	0.00266516	9.6E-01	-0.000427525	0.00541491	0.00623362	9.4E-01	0.0085988	9.3E-01
rs2403265	11	10065246	0.198625	T	C	0.502995	0.996805	0.0795526	7.8E-01	0.000976917	0.00412016	0.0562195	8.1E-01	0.155562	6.9E-01
rs11030003	11	27455582	0.463971	C	T	0.312992	0.984085	3.32197	6.8E-02	-0.00689906	0.00446379	2.38876	1.2E-01	2.20055	1.4E-01
rs605765	11	30217503	0.478898	C	T	0.390281	0.991456	1.06652	3.0E-01	0.00407675	0.00422643	0.930424	3.3E-01	0.541332	4.6E-01
rs2679059	11	43599791	0.621966	A	T	0.4028	0.990165	2.34856	1.3E-01	-0.00618963	0.00421673	2.15466	1.4E-01	2.27393	1.3E-01
rs7950696	11	47481533	0.66531	T	C	0.554089	0.999458	1.4832	2.2E-01	-0.00519111	0.00413674	1.57472	2.1E-01	1.92827	1.6E-01
rs174528	11	61543499	0.703973	T	C	0.622738	0.995598	115.152	7.3E-27	0.0459082	0.00424021	117.221	2.6E-27	124.312	7.2E-29
rs2509962	11	62309787	0.714476	T	C	0.533094	0.974723	1.00341	3.2E-01	0.0039068	0.0041691	0.878126	3.5E-01	0.512172	4.7E-01
rs12789028	11	65326154	0.738086	G	A	0.802639	0.99704	1.15478	2.8E-01	0.00557472	0.00518164	1.15747	2.8E-01	1.19371	2.7E-01
rs11227413	11	65883696	0.740756	G	A	0.813675	0.996399	0.00258838	9.6E-01	-0.000629162	0.0052912	0.0141389	9.1E-01	0.00818743	9.3E-01
rs11234305	11	84854732	0.937563	T	C	0.795827	0.988191	2.1853e-06	1.0E+00	0.000706318	0.00512897	0.0189644	8.9E-01	0.0503595	8.2E-01
rs3018970	11	102942989	1.11538	A	C	0.732698	0.991722	1.43344	2.3E-01	-0.00497492	0.00466827	1.13569	2.9E-01	1.02945	3.1E-01
rs568038	11	111432161	1.18722	G	T	0.292879	0.997478	1.27798	2.6E-01	-0.00490896	0.00452303	1.17793	2.8E-01	1.399	2.4E-01
rs10502172	11	113199146	1.20415	C	T	0.518835	1	0.554124	4.6E-01	-0.00105107	0.00410813	0.0654603	8.0E-01	0.00988699	9.2E-01
rs11216183	11	116781545	1.26169	C	A	0.9078	0.998852	2.88835	8.9E-02	0.0110746	0.00712904	2.4132	1.2E-01	2.2987	1.3E-01
rs564649	11	122012238	1.35174	G	C	0.280863	0.994823	0.150856	7.0E-01	-0.00119185	0.00459102	0.0673945	8.0E-01	0.02403	8.8E-01
rs747249	11	130271647	1.49781	A	G	0.360417	0.986641	0.0187866	8.9E-01	-0.00148354	0.00431407	0.118256	7.3E-01	0.531573	4.7E-01
rs6590683	11	133110361	1.57589	T	C	0.498199	0.978325	0.00445042	9.5E-01	-0.00030923	0.00415678	0.00553411	9.4E-01	0.00708566	9.3E-01
rs11611246	12	939480	0.0208836	G	T	0.789679	0.996657	0.997795	3.2E-01	0.00415384	0.0050464	0.67754	4.1E-01	0.502371	4.8E-01
rs34322	12	12879570	0.279977	T	C	0.477211	1	1.47339	2.2E-01	-0.00469761	0.00411535	1.30299	2.5E-01	2.04692	1.5E-01
rs10771260	12	26253557	0.45721	A	C	0.609092	0.995844	0.165435	6.8E-01	0.00133448	0.00422214	0.0998988	7.5E-01	0.120779	7.3E-01
rs10844645	12	33737099	0.546138	C	T	0.612236	0.998433	0.692879	4.1E-01	0.00213521	0.004221	0.255888	6.1E-01	0.541339	4.6E-01
rs2733269	12	41866717	0.562712	A	G	0.44747	1	0.515953	4.7E-01	-0.00239155	0.00413583	0.334376	5.6E-01	0.72481	3.9E-01
rs11169170	12	50223013	0.630263	C	T	0.528796	0.996913	2.15828	1.4E-01	0.00651838	0.00413025	2.49073	1.1E-01	3.26937	7.1E-02
rs3847783	12	54320692	0.682622	C	T	0.318019	0.99235	0.68054	4.1E-01	-0.00319324	0.0044177	0.522482	4.7E-01	0.715715	4.0E-01
rs894738	12	54417525	0.685339	G	A	0.639703	0.990228	0.737324	3.9E-01	-0.00376564	0.00429997	0.766915	3.8E-01	1.04298	3.1E-01
rs7961915	12	66425288	0.795219	A	G	0.213612	0.943584	0.0757034	7.8E-01	0.00124795	0.00516286	0.0584268	8.1E-01	0.112202	7.4E-01
rs704067	12	89726027	1.03172	G	A	0.54643	0.989595	0.0182333	8.9E-01	-0.000674429	0.00415175	0.0263883	8.7E-01	0.190668	6.6E-01
rs7311622	12	98772975	1.15518	C	T	0.532837	0.989082	1.8322	1.8E-01	-0.00535011	0.00413001	1.67812	2.0E-01	1.56396	2.1E-01
rs10778609	12	108545985	1.27639	A	C	0.742853	1	0.0182481	8.9E-01	0.00185891	0.00470616	0.15602	6.9E-01	0.105404	7.5E-01
rs11608693	12	122208968	1.4633	G	A	0.824703	0.882554	0.0117213	9.1E-01	-0.00073199	0.00575649	0.0161694	9.0E-01	7.43671e-05	9.9E-01
rs4759364	12	123162786	1.46972	C	T	0.820074	1	3.22126	7.3E-02	-0.00944086	0.00535939	3.10307	7.8E-02	3.06525	8.0E-02
rs2049114	12	123657338	1.47171	T	C	0.206764	0.999367	0.367096	5.4E-01	-0.00281003	0.00507924	0.306072	5.8E-01	0.735394	3.9E-01
rs4765568	12	124479161	1.479	T	C	0.817638	0.993959	1.01399	3.1E-01	0.00532778	0.00533608	0.996891	3.2E-01	0.857383	3.5E-01
rs3926666	12	124634713	1.48005	C	T	0.316242	1	6.93146	8.5E-03	0.012129	0.00441856	7.53506	6.1E-03	6.73067	9.5E-03
rs1928496	13	31012904	0.263323	C	T	0.256087	1	4.3582	3.7E-02	-0.00978507	0.0047125	4.31147	3.8E-02	5.19651	2.3E-02
rs2475837	13	50535863	0.537065	C	T	0.887658	0.999102	1.48548	2.2E-01	-0.00894357	0.00652168	1.88063	1.7E-01	2.56785	1.1E-01
rs77871802	13	50844016	0.538491	A	G	0.965631	0.994358	0.25353	6.1E-01	-0.00767459	0.0113411	0.457932	5.0E-01	0.416604	5.2E-01
rs1379828	13	54396602	0.569676	C	T	0.20343	0.995912	0.417632	5.2E-01	-0.00282768	0.00511504	0.305607	5.8E-01	0.323193	5.7E-01
rs1441264	13	79580919	0.787841	G	A	0.405243	0.956515	3.2185	7.3E-02	0.00752939	0.00427939	3.09568	7.9E-02	3.15245	7.6E-02
rs1160709	13	93884256	0.892481	T	C	0.486099	0.998245	0.015092	9.0E-01	-0.00113325	0.0041168	0.0757758	7.8E-01	0.0200931	8.9E-01
rs664532	13	110932363	1.2151	T	C	0.427688	0.989961	2.68792	1.0E-01	0.00724231	0.00417072	3.01531	8.2E-02	4.36925	3.7E-02
rs10132280	14	25928179	0.161964	C	A	0.696858	0.989051	1.63152	2.0E-01	-0.00537935	0.00449205	1.43407	2.3E-01	1.59208	2.1E-01
rs61986159	14	53956168	0.473642	C	T	0.766548	0.998967	0.00847058	9.3E-01	-0.000266152	0.00487072	0.00298588	9.6E-01	0.0176202	8.9E-01
rs8012185	14	58668484	0.537795	A	G	0.723205	0.991197	0.967074	3.3E-01	-0.00392346	0.0046075	0.725115	3.9E-01	0.899253	3.4E-01
rs2412107	14	65426216	0.591307	G	T	0.78162	0.991281	0.102411	7.5E-01	0.000928501	0.00499105	0.0346083	8.5E-01	0.245292	6.2E-01
rs2526886	14	71359064	0.651527	G	T	0.308449	0.995503	1.62407	2.0E-01	-0.00678785	0.00446329	2.31288	1.3E-01	2.33207	1.3E-01
rs10146690	14	79890456	0.747911	G	A	0.782491	0.98828	2.74305	9.8E-02	0.00813716	0.00502123	2.62619	1.1E-01	2.7193	9.9E-02
rs7492628	14	91547136	0.882221	C	G	0.683687	0.983193	0.0903368	7.6E-01	0.00105933	0.00444935	0.0566849	8.1E-01	0.033004	8.6E-01
rs7156191	14	103297847	1.11649	G	C	0.829016	0.996202	0.481884	4.9E-01	0.00473029	0.00546853	0.748228	3.9E-01	0.740874	3.9E-01
rs12441543	15	31689543	0.452834	G	A	0.71304	0.9962	0.00212106	9.6E-01	0.000226379	0.00455337	0.00247175	9.6E-01	0.0780717	7.8E-01
rs12437696	15	40878474	0.62928	A	G	0.514543	0.998802	0.746164	3.9E-01	-0.00266115	0.00412323	0.416548	5.2E-01	0.521429	4.7E-01
rs11631408	15	51746236	0.710161	A	G	0.457077	0.996425	5.41327	2.0E-02	0.00950859	0.00414943	5.25117	2.2E-02	5.76333	1.6E-02
rs10851523	15	53044002	0.71725	G	C	0.717759	0.993516	0.156759	6.9E-01	-0.00197613	0.00457829	0.186306	6.7E-01	0.124611	7.2E-01
rs16976760	15	56394169	0.756417	T	G	0.78704	0.997183	0.00818198	9.3E-01	0.000539104	0.00503587	0.0114603	9.1E-01	0.0275217	8.7E-01
rs12594923	15	66991665	0.901837	T	C	0.756035	0.995986	0.0986662	7.5E-01	-0.000755767	0.00480764	0.0247122	8.8E-01	0.111362	7.4E-01
rs12439210	15	67822172	0.914262	C	A	0.767285	0.997294	1.8632	1.7E-01	0.00700737	0.0048681	2.07201	1.5E-01	1.98576	1.6E-01
rs8030477	15	73085815	0.987571	C	T	0.332616	0.996571	0.0861391	7.7E-01	0.00263619	0.00438466	0.361479	5.5E-01	0.383125	5.4E-01
rs10851869	15	74331083	0.996085	T	C	0.570474	0.998308	1.65978	2.0E-01	0.00560067	0.00416073	1.81193	1.8E-01	1.56112	2.1E-01
rs11072938	15	81021661	1.05811	C	T	0.730551	0.99862	0.0481404	8.3E-01	0.000825155	0.00463421	0.0317044	8.6E-01	0.0212812	8.8E-01
rs66615128	15	92561941	1.21822	G	C	0.785237	0.999315	0.911195	3.4E-01	0.00603684	0.0050069	1.45372	2.3E-01	2.12979	1.4E-01
rs13335638	16	2136624	0.0436172	T	C	0.8263	0.992856	0.0514747	8.2E-01	-0.000623649	0.00545639	0.0130638	9.1E-01	0.00320337	9.5E-01
rs35108574	16	4370706	0.08231	A	G	0.886062	0.980242	0.00409159	9.5E-01	0.000754905	0.00652932	0.0133675	9.1E-01	0.0167216	9.0E-01
rs4787649	16	24700215	0.465896	C	T	0.246065	0.995971	2.50598	1.1E-01	0.00712986	0.00478534	2.21991	1.4E-01	1.40944	2.4E-01
rs2650494	16	28318440	0.541911	A	G	0.582495	0.992404	0.968486	3.3E-01	-0.00414339	0.00417929	0.982897	3.2E-01	1.38221	2.4E-01
rs34286592	16	29820480	0.551885	C	T	0.853439	1	0.193116	6.6E-01	0.00295437	0.00581413	0.258203	6.1E-01	0.257336	6.1E-01
rs79867441	16	29950820	0.553171	C	T	0.932238	0.992347	5.79636	1.6E-02	0.0189752	0.00820818	5.34414	2.1E-02	5.20699	2.2E-02
rs2047937	16	49864791	0.582147	C	T	0.485483	0.999762	0.830806	3.6E-01	-0.00374284	0.00412153	0.824681	3.6E-01	0.821477	3.6E-01
rs11075986	16	53805344	0.645995	C	G	0.919939	0.995968	0.151992	7.0E-01	-0.00404313	0.0075824	0.284329	5.9E-01	0.0381594	8.5E-01
rs4783718	16	69547741	0.858329	T	C	0.409964	0.963133	0.875473	3.5E-01	0.00368425	0.00426122	0.747533	3.9E-01	0.590494	4.4E-01
rs2927331	16	81509452	1.04551	T	C	0.346879	0.987048	1.71259	1.9E-01	-0.00536782	0.00435174	1.52149	2.2E-01	1.51223	2.2E-01
rs10492861	16	82866767	1.0911	G	T	0.714227	0.98872	2.00999	1.6E-01	0.00686439	0.00457914	2.24717	1.3E-01	2.73608	9.8E-02
rs2760744	17	2017029	0.0688816	T	C	0.706093	0.999866	8.47316	3.6E-03	0.0125462	0.00450752	7.74732	5.4E-03	7.58813	5.9E-03
rs6502766	17	3902163	0.111799	C	T	0.805288	0.994964	0.196103	6.6E-01	-0.00121711	0.00519617	0.0548649	8.1E-01	0.0156121	9.0E-01
rs1269402	17	17361137	0.443379	T	C	0.264169	0.990324	1.88758	1.7E-01	-0.00609946	0.00467373	1.70316	1.9E-01	1.43023	2.3E-01
rs7217403	17	21160085	0.471144	C	T	0.33386	0.984489	0.00649267	9.4E-01	0.00017817	0.00439092	0.00164648	9.7E-01	0.0197372	8.9E-01
rs4796221	17	34831963	0.595053	G	A	0.521542	1	0.0949395	7.6E-01	0.000640459	0.00411375	0.0242386	8.8E-01	0.00308205	9.6E-01
rs72820902	17	40441048	0.664334	C	T	0.920059	0.98229	2.14006	1.4E-01	-0.0127562	0.00765097	2.77976	9.5E-02	2.10581	1.5E-01
rs56214516	17	43836953	0.688645	A	C	0.804476	0.982696	4.16621	4.1E-02	-0.0103589	0.00523221	3.91972	4.8E-02	3.53629	6.0E-02
rs9892365	17	59491384	0.871045	A	G	0.329894	0.996856	1.05361	3.0E-01	0.00435449	0.00438149	0.987715	3.2E-01	1.34027	2.5E-01
rs7215551	17	61664740	0.886997	G	A	0.35741	0.990187	1.49122	2.2E-01	0.00564887	0.00432364	1.70696	1.9E-01	2.06016	1.5E-01
rs3936134	17	65814382	0.947689	C	G	0.887489	1	1.44238	2.3E-01	-0.00807477	0.00650359	1.54154	2.1E-01	2.71163	1.0E-01
rs236544	17	68229691	0.981625	G	A	0.579444	0.996753	1.55154	2.1E-01	0.00553114	0.00417184	1.75782	1.8E-01	1.94109	1.6E-01
rs11869880	17	73198131	1.09799	T	C	0.785317	0.995073	1.65998	2.0E-01	-0.00556654	0.00501112	1.23396	2.7E-01	0.813572	3.7E-01
rs3810068	18	2846499	0.0738566	T	C	0.595835	1	10.4588	1.2E-03	0.0124801	0.0041813	8.90873	2.8E-03	10.0526	1.5E-03
rs1787013	18	13072979	0.384745	T	C	0.550563	0.99954	0.570381	4.5E-01	-0.00314847	0.00413082	0.580932	4.5E-01	0.543627	4.6E-01
rs4310973	18	20707622	0.429126	A	G	0.212403	0.987885	0.0400041	8.4E-01	-0.000621189	0.00507429	0.0149864	9.0E-01	0.021474	8.8E-01
rs505601	18	34280131	0.564322	G	A	0.81101	0.990705	1.18115	2.8E-01	-0.00592259	0.0052683	1.26381	2.6E-01	0.986156	3.2E-01
rs4890429	18	40697481	0.611694	T	C	0.73765	0.995191	0.863683	3.5E-01	0.00427679	0.0046906	0.83134	3.6E-01	1.06691	3.0E-01
rs74475730	18	46578171	0.687072	C	T	0.959907	0.993206	0.311926	5.8E-01	-0.00779527	0.0105095	0.550174	4.6E-01	0.687034	4.1E-01
rs2187176	18	57679365	0.819838	A	G	0.308898	0.982596	0.0204755	8.9E-01	-0.000185792	0.00450127	0.00170366	9.7E-01	0.0586831	8.1E-01
rs8097783	18	58051294	0.823036	G	A	0.926154	1	2.52587	1.1E-01	-0.0116311	0.00787557	2.18112	1.4E-01	2.73252	9.8E-02
rs12979965	19	2131148	0.0753026	A	G	0.499421	0.991113	1.72196	1.9E-01	0.00616722	0.00412245	2.23804	1.3E-01	2.58779	1.1E-01
rs10427132	19	17207156	0.420801	T	G	0.713001	0.998935	1.5179	2.2E-01	0.00437709	0.00452231	0.936807	3.3E-01	1.19739	2.7E-01
rs91710	19	18141123	0.446267	G	A	0.566796	0.974059	0.531157	4.7E-01	0.00248881	0.00419276	0.352358	5.5E-01	0.212513	6.4E-01
rs10403273	19	19372968	0.4621	C	G	0.837623	0.998891	0.453899	5.0E-01	-0.00407409	0.00556261	0.536419	4.6E-01	0.528211	4.7E-01
rs12461902	19	30265235	0.512848	G	A	0.671201	0.985963	1.83354	1.8E-01	-0.00517776	0.00439738	1.38643	2.4E-01	1.08913	3.0E-01
rs73024215	19	33784657	0.561399	T	C	0.929713	0.961977	0.4331	5.1E-01	0.00453819	0.00818378	0.307509	5.8E-01	0.471142	4.9E-01
rs77793940	19	34003177	0.562809	T	C	0.916647	0.969314	2.27992	1.3E-01	-0.0121655	0.00753904	2.60393	1.1E-01	2.36713	1.2E-01
rs62116588	19	44446097	0.68736	C	G	0.976367	0.933368	54.2282	1.8E-13	0.103417	0.01399	54.6451	1.4E-13	57.9953	2.6E-14
rs28550459	19	45037783	0.693461	T	A	0.964694	0.862461	65.5786	5.6E-16	0.0963342	0.0119591	64.8875	7.9E-16	67.7648	1.8E-16
rs73048351	19	45160086	0.697689	C	A	0.989801	0.91554	132.329	1.3E-30	0.251413	0.0213667	138.452	5.8E-32	140.606	2.0E-32
rs139326841	19	45269725	0.701551	T	C	0.978975	0.821408	36.1688	1.8E-09	-0.0942276	0.0157428	35.8256	2.2E-09	38.0554	6.9E-10
rs3745150	19	45385759	0.706836	G	C	0.606976	0.977556	123.278	1.2E-28	-0.0467776	0.0042479	121.263	3.3E-28	121.948	2.4E-28
rs146390218	19	45478352	0.709104	A	G	0.973617	0.966351	319.507	1.9E-71	0.235236	0.0130028	327.289	3.7E-73	335.58	5.9E-75
rs141651018	19	46042665	0.717068	C	T	0.969906	0.964852	80.6511	2.7E-19	0.110701	0.0122019	82.3083	1.2E-19	84.9456	3.1E-20
rs805769	20	5667459	0.191037	T	C	0.595692	0.99253	0.00179858	9.7E-01	0.00036512	0.00420672	0.00753325	9.3E-01	0.0492613	8.2E-01
rs1884897	20	6612832	0.214572	A	G	0.371346	0.993838	0.325968	5.7E-01	0.00241913	0.00429041	0.317922	5.7E-01	0.246639	6.2E-01
rs7453	20	25207074	0.516203	T	C	0.547962	0.998658	5.23598	2.2E-02	-0.00946751	0.00413268	5.24817	2.2E-02	7.39015	6.6E-03
rs2207132	20	39142516	0.589709	G	A	0.966875	1	53.8578	2.2E-13	-0.0829126	0.0114974	52.0049	5.5E-13	54.2492	1.8E-13
rs1997833	20	39690342	0.597551	T	C	0.699628	0.998963	17.3118	3.2E-05	-0.0189829	0.00447678	17.9802	2.2E-05	21.0286	4.5E-06
rs6066089	20	45487371	0.689692	G	C	0.69774	0.986322	2.84604	9.2E-02	0.00932746	0.00450773	4.28165	3.9E-02	4.42066	3.6E-02
rs6013453	20	51026284	0.791367	T	C	0.632527	0.999327	0.235133	6.3E-01	-0.00160742	0.00425951	0.142409	7.1E-01	0.0704473	7.9E-01
rs6064557	20	56115153	0.9034	G	A	0.442948	0.999541	0.0689791	7.9E-01	0.00141558	0.00412025	0.118038	7.3E-01	0.193476	6.6E-01
rs28451064	21	35593827	0.362865	G	A	0.868938	0.957975	5.58273	1.8E-02	0.0152492	0.00623	5.99122	1.4E-02	6.21147	1.3E-02
rs2836139	21	39451403	0.432375	A	G	0.517161	0.9942	2.36203	1.2E-01	0.00709473	0.00414117	2.93512	8.7E-02	3.75879	5.3E-02
rs849453	22	27566619	0.305237	C	G	0.190181	0.996731	0.000606478	9.8E-01	-0.000460196	0.00524856	0.00768786	9.3E-01	0.0327906	8.6E-01
rs9625551	22	29140529	0.338663	G	A	0.979024	0.995212	0.0276843	8.7E-01	-0.00111732	0.0143911	0.00602797	9.4E-01	0.000263532	9.9E-01
rs2413338	22	35663523	0.409716	C	T	0.369137	0.988961	0.277738	6.0E-01	0.0024879	0.00427875	0.338091	5.6E-01	0.519597	4.7E-01
rs801597	22	47190735	0.614737	T	G	0.275448	0.998113	0.00203784	9.6E-01	-0.000719758	0.00460058	0.0244764	8.8E-01	0.0252511	8.7E-01
