SNP	CHR	BP	GENPOS	ALLELE1	ALLELE0	A1FREQ	INFO	CHISQ_LINREG	P_LINREG	BETA	SE	CHISQ_BOLT_LMM_INF	P_BOLT_LMM_INF	CHISQ_BOLT_LMM	P_BOLT_LMM
rs7412983	1	2943183	0.0400826	A	C	0.815676	0.996304	5.62163	1.8E-02	-0.0130557	0.00532814	6.00414	1.4E-02	5.90548	1.5E-02
rs1294014	1	9325676	0.18921	C	T	0.731267	0.974098	5.08366	2.4E-02	-0.0104513	0.00471775	4.90765	2.7E-02	4.6899	3.0E-02
rs9988429	1	19824124	0.401889	C	T	0.679183	0.998214	0.691447	4.1E-01	0.00521519	0.00442032	1.39198	2.4E-01	1.50081	2.2E-01
rs12041540	1	23262176	0.460611	G	A	0.646848	0.995392	0.663027	4.2E-01	-0.00328374	0.00431789	0.578354	4.5E-01	0.377807	5.4E-01
rs10902676	1	26120367	0.493514	G	A	0.466005	0.991591	1.72916	1.9E-01	-0.00562462	0.00415468	1.83279	1.8E-01	1.86305	1.7E-01
rs4660443	1	39591779	0.669753	C	T	0.785557	0.997156	0.0858093	7.7E-01	0.00224847	0.00503654	0.199302	6.6E-01	0.319218	5.7E-01
rs2032022	1	49388622	0.760047	T	G	0.350563	0.99763	0.0122004	9.1E-01	0.000200487	0.00430467	0.00216916	9.6E-01	0.0517136	8.2E-01
rs12117661	1	55487346	0.808955	C	G	0.754062	0.987273	102.446	4.4E-24	0.0492635	0.00482716	104.152	1.9E-24	104.442	1.6E-24
rs624698	1	62900811	0.92277	A	G	0.582759	0.969721	67.7353	1.9E-16	0.0350496	0.00424315	68.2325	1.5E-16	73.6374	9.4E-18
rs12755450	1	72628347	1.03293	T	C	0.795069	1	0.0139039	9.1E-01	-0.00220965	0.00509946	0.187757	6.6E-01	0.234911	6.3E-01
rs313710	1	86251836	1.15039	T	C	0.595169	0.991629	3.17231	7.5E-02	-0.00655058	0.00421413	2.41626	1.2E-01	2.50726	1.1E-01
rs7548936	1	91207757	1.21384	G	C	0.626945	0.998895	5.24971	2.2E-02	-0.00957234	0.00427394	5.01626	2.5E-02	4.4883	3.4E-02
rs4375301	1	98298371	1.27828	A	G	0.767049	0.993807	0.00315883	9.6E-01	-0.000488548	0.00489696	0.00995318	9.2E-01	0.124765	7.2E-01
rs1318756	1	103340623	1.32951	T	C	0.496541	0.991063	2.02329	1.5E-01	-0.00498537	0.00414498	1.44661	2.3E-01	1.0045	3.2E-01
rs3108680	1	107572997	1.35724	T	C	0.650884	0.999501	2.86222	9.1E-02	-0.00738927	0.00434024	2.89851	8.9E-02	2.53674	1.1E-01
rs4970829	1	109757295	1.38629	G	A	0.927892	1	125.034	5.0E-29	0.088786	0.00796336	124.307	7.2E-29	124.806	5.6E-29
rs2076586	1	112273026	1.42823	C	T	0.754427	0.980886	0.860691	3.5E-01	-0.00467502	0.0048377	0.933876	3.3E-01	0.925011	3.4E-01
rs71670897	1	119151935	1.50822	G	A	0.96335	0.976508	0.00964277	9.2E-01	0.00375489	0.0110907	0.114624	7.3E-01	0.170272	6.8E-01
rs905938	1	154991389	1.69836	T	C	0.735666	1	1.38796	2.4E-01	0.00451252	0.00467992	0.92974	3.3E-01	2.23565	1.3E-01
rs6688053	1	163589208	1.81503	C	T	0.558728	0.988788	0.0663156	8.0E-01	0.000433074	0.00417592	0.0107552	9.2E-01	0.00548842	9.4E-01
rs17345893	1	170171874	1.91645	C	T	0.933686	0.998406	1.95413	1.6E-01	0.0112002	0.0082847	1.82767	1.8E-01	1.68478	1.9E-01
rs17361789	1	172122601	1.93709	T	G	0.67666	0.979392	2.99847e-05	1.0E+00	-0.000712652	0.00445208	0.025623	8.7E-01	0.00232095	9.6E-01
rs6700575	1	172364712	1.93908	A	G	0.843224	0.99482	0.950222	3.3E-01	-0.00502735	0.00568255	0.782694	3.8E-01	0.610636	4.3E-01
rs12757638	1	177815769	1.98756	G	A	0.794896	0.999497	3.66188	5.6E-02	0.00966285	0.00512044	3.5612	5.9E-02	3.45024	6.3E-02
rs12069549	1	200036139	2.16766	C	T	0.873356	0.988289	0.000532707	9.8E-01	0.000275787	0.00623146	0.0019587	9.6E-01	0.00383458	9.5E-01
rs56283998	1	205039295	2.25361	A	C	0.802994	0.996714	3.1812	7.4E-02	-0.0106181	0.00517816	4.20477	4.0E-02	3.69003	5.5E-02
rs3767848	1	214173840	2.36754	G	A	0.749925	0.990604	7.7968	5.2E-03	0.0131861	0.00478024	7.60903	5.8E-03	7.07403	7.8E-03
rs7547454	1	219429385	2.43543	T	A	0.681956	0.999746	0.503237	4.8E-01	-0.00423944	0.00442634	0.917333	3.4E-01	1.00999	3.1E-01
rs661955	1	234842856	2.62186	G	C	0.480469	0.978806	60.3743	7.8E-15	-0.0319464	0.00417095	58.6642	1.9E-14	62.5328	2.6E-15
rs12042959	1	243533273	2.82744	A	G	0.856295	0.985729	1.39488	2.4E-01	0.00719414	0.00591211	1.48072	2.2E-01	1.20163	2.7E-01
rs74495980	2	375873	0.0042135	C	G	0.962013	1	4.27079	3.9E-02	-0.0210404	0.0107694	3.81702	5.1E-02	3.80314	5.1E-02
rs10185713	2	621254	0.0081413	A	G	0.793352	0.993471	0.188789	6.6E-01	-0.00270426	0.00512469	0.278459	6.0E-01	0.374367	5.4E-01
rs812400	2	13073562	0.297327	G	A	0.763905	0.987822	1.55504	2.1E-01	-0.00606642	0.00489159	1.53803	2.1E-01	1.01447	3.1E-01
rs143590503	2	21107494	0.419183	T	G	0.848008	0.94877	44.0615	3.2E-11	0.0396547	0.00589303	45.2806	1.7E-11	47.8713	4.6E-12
rs1731260	2	26953354	0.471406	G	T	0.525426	0.997367	1.43108	2.3E-01	0.00434391	0.00413179	1.10531	2.9E-01	0.750131	3.9E-01
rs10153926	2	43189120	0.673364	G	A	0.785344	0.98004	0.253269	6.1E-01	0.00367945	0.00507234	0.526198	4.7E-01	0.645547	4.2E-01
rs17326656	2	48962291	0.765285	G	T	0.762394	0.991513	1.38531	2.4E-01	-0.00556771	0.00487293	1.30549	2.5E-01	1.52838	2.2E-01
rs62141921	2	58590687	0.848728	G	A	0.840999	0.992362	0.422917	5.2E-01	0.0043727	0.00563855	0.601401	4.4E-01	0.671942	4.1E-01
rs13428870	2	58956557	0.850032	T	G	0.698619	0.989274	1.83086	1.8E-01	0.00559847	0.00452409	1.53136	2.2E-01	1.92155	1.7E-01
rs2195086	2	60814466	0.873878	T	G	0.83582	0.991606	0.00223962	9.6E-01	-0.000501933	0.0055829	0.00808297	9.3E-01	0.011388	9.2E-01
rs6716270	2	66201731	0.917171	T	C	0.851701	1	0.308051	5.8E-01	-0.00410125	0.0058037	0.49937	4.8E-01	0.616825	4.3E-01
rs659116	2	67666133	0.937104	T	G	0.542915	0.997911	2.0237	1.5E-01	0.00675598	0.00415424	2.6448	1.0E-01	2.05485	1.5E-01
rs12621286	2	67785566	0.938314	T	C	0.712692	0.98911	0.000981926	9.8E-01	-0.00117253	0.00458467	0.0654082	8.0E-01	0.235443	6.3E-01
rs12712049	2	100208830	1.21955	A	G	0.176997	0.985519	0.502101	4.8E-01	-0.00411176	0.00543864	0.571579	4.5E-01	0.703155	4.0E-01
rs11680586	2	100746207	1.22171	G	T	0.763215	0.996151	0.386891	5.3E-01	-0.00239354	0.004853	0.243255	6.2E-01	0.384799	5.4E-01
rs41465348	2	112242612	1.33908	G	T	0.817869	0.933063	1.35273	2.4E-01	0.00588934	0.00554561	1.12781	2.9E-01	0.943412	3.3E-01
rs111595567	2	114462089	1.35944	C	A	0.7845	0.997566	5.38994	2.0E-02	-0.0119412	0.00502505	5.64694	1.7E-02	5.44709	2.0E-02
rs10172336	2	119342963	1.39561	G	T	0.490782	0.991549	0.362373	5.5E-01	0.00299664	0.00413705	0.524673	4.7E-01	0.893697	3.4E-01
rs114666647	2	158393301	1.76187	T	C	0.987556	1	0.885728	3.5E-01	-0.0156306	0.0186073	0.705647	4.0E-01	0.684432	4.1E-01
rs7560257	2	161085348	1.7867	C	T	0.846896	0.988412	3.30112	6.9E-02	0.00974831	0.0057621	2.86219	9.1E-02	3.28361	7.0E-02
rs78343493	2	165502911	1.8149	G	A	0.879696	0.994826	15.1092	1.0E-04	0.0231795	0.00634685	13.338	2.6E-04	10.8482	9.9E-04
rs2887185	2	181528597	2.00401	C	A	0.37741	0.997975	0.00459556	9.5E-01	0.000333107	0.00425656	0.00612423	9.4E-01	0.0241513	8.8E-01
rs3114926	2	187733699	2.04022	T	A	0.732729	0.996136	1.18369	2.8E-01	0.00517489	0.00466727	1.22935	2.7E-01	1.03499	3.1E-01
rs7597487	2	200717641	2.13782	G	A	0.4462	0.997798	0.200935	6.5E-01	0.00187515	0.00415861	0.203318	6.5E-01	0.320112	5.7E-01
rs16846100	2	212278218	2.24429	C	A	0.731067	0.991398	5.03119	2.5E-02	-0.0101485	0.00468293	4.69639	3.0E-02	4.20257	4.0E-02
rs7599312	2	213413231	2.26194	G	A	0.732805	0.980994	0.0613386	8.0E-01	0.000692252	0.00470665	0.0216324	8.8E-01	0.0118292	9.1E-01
rs13429408	2	219142860	2.33572	C	A	0.437636	0.999543	8.94549	2.8E-03	0.0133788	0.00414809	10.4025	1.3E-03	12.7071	3.6E-04
rs7589153	2	230549844	2.50173	A	G	0.448934	0.993474	0.816707	3.7E-01	-0.00249366	0.00415862	0.359563	5.5E-01	0.213139	6.4E-01
rs72980197	2	239268619	2.66777	G	T	0.945215	1	5.09285	2.4E-02	0.0208072	0.00904933	5.2868	2.1E-02	3.87498	4.9E-02
rs4686340	3	9345218	0.248513	A	C	0.245634	0.979708	0.0219029	8.8E-01	0.000384444	0.00485595	0.00626784	9.4E-01	0.00349069	9.5E-01
rs2600230	3	12038629	0.296833	T	A	0.172563	0.999419	0.00285257	9.6E-01	0.000579478	0.00546085	0.0112604	9.2E-01	0.142035	7.1E-01
rs1962515	3	12611269	0.299386	T	C	0.402697	0.99673	7.75848	5.3E-03	0.0120187	0.00421345	8.13651	4.3E-03	8.07161	4.5E-03
rs2455806	3	15705397	0.355658	T	A	0.685985	0.991689	4.27391	3.9E-02	0.0100849	0.00447425	5.08049	2.4E-02	5.17315	2.3E-02
rs9843488	3	33838124	0.583292	T	G	0.731851	0.986529	0.185529	6.7E-01	0.00351163	0.00469792	0.558735	4.5E-01	0.583403	4.4E-01
rs11928128	3	35516974	0.595221	T	C	0.862132	0.990586	2.96384	8.5E-02	-0.00973232	0.00599235	2.63778	1.0E-01	2.9418	8.6E-02
rs4683301	3	46931478	0.687602	A	T	0.40228	0.992469	3.50199	6.1E-02	-0.0066569	0.0042216	2.48651	1.1E-01	2.54636	1.1E-01
rs7633840	3	48719638	0.689719	T	C	0.334732	0.949007	5.39316	2.0E-02	0.00962378	0.00448908	4.59597	3.2E-02	4.64577	3.1E-02
rs7613360	3	49916710	0.690238	C	T	0.605285	0.997092	0.874123	3.5E-01	0.00326699	0.00422494	0.597936	4.4E-01	0.955466	3.3E-01
rs9311841	3	62478786	0.829707	C	T	0.266611	0.989049	1.71041	1.9E-01	0.00540943	0.00470737	1.32052	2.5E-01	1.47186	2.3E-01
rs73124286	3	64667059	0.870966	G	T	0.716973	0.955989	0.203825	6.5E-01	-0.00196727	0.0046937	0.17567	6.8E-01	0.372638	5.4E-01
rs10510927	3	64750744	0.872079	A	C	0.554589	0.997963	0.210873	6.5E-01	-0.00221908	0.00415571	0.285138	5.9E-01	0.490116	4.8E-01
rs4123668	3	82629523	1.08298	T	C	0.597578	0.994471	0.0312299	8.6E-01	-0.000479726	0.00421936	0.0129269	9.1E-01	0.017652	8.9E-01
rs9876664	3	85806313	1.08996	G	T	0.623459	0.99373	0.336333	5.6E-01	-0.00232695	0.00427257	0.296616	5.9E-01	0.340772	5.6E-01
rs1580100	3	93980841	1.10443	T	A	0.48363	0.99821	0.748056	3.9E-01	-0.00305774	0.0041354	0.546721	4.6E-01	0.749035	3.9E-01
rs11708733	3	128039895	1.41818	G	A	0.952759	0.983201	4.10209	4.3E-02	-0.0209762	0.00982288	4.56012	3.3E-02	4.3915	3.6E-02
rs143418767	3	129105690	1.42548	G	A	0.980985	0.944053	8.03738	4.6E-03	0.0457844	0.0155439	8.67592	3.2E-03	7.73105	5.4E-03
rs7624428	3	131516596	1.44298	T	A	0.73313	0.992487	0.012942	9.1E-01	0.000611904	0.00468955	0.0170257	9.0E-01	0.0134499	9.1E-01
rs13071085	3	136014923	1.49397	G	A	0.874037	0.99558	13.6293	2.2E-04	0.023238	0.00622816	13.9212	1.9E-04	11.9986	5.3E-04
rs111398337	3	138328016	1.50606	C	T	0.455117	0.996909	0.797218	3.7E-01	0.00305824	0.0041484	0.543481	4.6E-01	0.589393	4.4E-01
rs62271373	3	150066540	1.64339	T	A	0.940057	0.95946	1.4482	2.3E-01	-0.0112143	0.00886041	1.60189	2.1E-01	1.7388	1.9E-01
rs9865431	3	156351718	1.71006	T	A	0.852687	0.993895	5.96126	1.5E-02	-0.0141295	0.00583803	5.85759	1.6E-02	6.29621	1.2E-02
rs13091300	3	168927453	1.77934	C	T	0.617544	0.9977	0.331448	5.6E-01	0.00328407	0.00424241	0.59924	4.4E-01	0.630988	4.3E-01
rs4894803	3	171800256	1.82113	A	G	0.59062	0.987681	4.46589	3.5E-02	-0.00971044	0.00422979	5.27035	2.2E-02	8.12909	4.4E-03
rs12638263	3	185795855	2.0212	A	C	0.807145	0.995698	1.10345	2.9E-01	0.00367718	0.00524567	0.49139	4.8E-01	0.482262	4.9E-01
rs2248422	3	187668469	2.0681	T	C	0.79676	1	0.910757	3.4E-01	-0.00557316	0.00514116	1.17511	2.8E-01	1.38035	2.4E-01
rs7697256	4	848335	0.00782825	C	T	0.72746	0.999147	0.00089859	9.8E-01	-0.000396386	0.00463798	0.0073043	9.3E-01	0.00290469	9.6E-01
rs4690071	4	3086753	0.0324892	A	T	0.641787	0.991623	0.521315	4.7E-01	0.00316868	0.00432492	0.536787	4.6E-01	0.537759	4.6E-01
rs1912897	4	26006133	0.455942	A	T	0.794106	0.98817	0.0722105	7.9E-01	-0.00192068	0.00513247	0.140042	7.1E-01	0.245024	6.2E-01
rs2871198	4	26292555	0.461345	C	T	0.389909	0.964896	0.0484546	8.3E-01	-0.000563778	0.00430795	0.0171268	9.0E-01	0.0339232	8.5E-01
rs13130484	4	45175691	0.679813	C	T	0.566923	0.996273	1.64802	2.0E-01	-0.00556614	0.0041731	1.77906	1.8E-01	1.57812	2.1E-01
rs819266	4	56235592	0.73028	T	C	0.711983	0.998836	0.456491	5.0E-01	0.00329219	0.00457045	0.518861	4.7E-01	0.180635	6.7E-01
rs4472161	4	78625750	0.926383	A	C	0.140858	0.990092	1.53755	2.1E-01	0.00907927	0.0059512	2.32751	1.3E-01	1.78022	1.8E-01
rs9991751	4	89642436	1.0486	G	A	0.847364	0.999558	0.149227	7.0E-01	-1.71922e-05	0.00575113	8.93622e-06	1.0E+00	0.0376476	8.5E-01
rs904092	4	100214164	1.13019	A	G	0.176585	1	2.0019	1.6E-01	0.00891639	0.00540928	2.71706	9.9E-02	2.79196	9.5E-02
rs4525978	4	102133144	1.14847	C	T	0.266365	0.992964	3.02365	8.2E-02	0.00804913	0.00468955	2.94602	8.6E-02	2.85367	9.1E-02
rs769668	4	140858717	1.49525	T	C	0.655583	0.988947	0.231863	6.3E-01	0.00228444	0.00438128	0.271866	6.0E-01	0.191165	6.6E-01
rs7692554	4	145536336	1.5383	G	A	0.572163	0.998925	1.82098	1.8E-01	0.00592046	0.00416106	2.02443	1.5E-01	2.27426	1.3E-01
rs639744	5	3949504	0.10119	C	T	0.334393	0.993555	0.432327	5.1E-01	0.00311263	0.00439591	0.501369	4.8E-01	0.570253	4.5E-01
rs12658939	5	53268762	0.644749	T	C	0.887728	0.983337	0.00820884	9.3E-01	0.000613184	0.00657984	0.00868464	9.3E-01	0.163997	6.9E-01
rs115865075	5	55776257	0.679598	C	T	0.987426	0.93412	2.41654	1.2E-01	-0.0314902	0.0191046	2.71691	9.9E-02	2.55797	1.1E-01
rs588898	5	55797382	0.680156	G	A	0.874484	0.995997	0.804459	3.7E-01	0.00468578	0.0062393	0.564018	4.5E-01	0.0605111	8.1E-01
rs34696	5	66292389	0.770621	C	A	0.447793	0.986394	0.330073	5.7E-01	0.00332385	0.00417742	0.63309	4.3E-01	0.44579	5.0E-01
rs253407	5	74926778	0.860943	A	G	0.278524	1	53.2054	3.0E-13	0.033427	0.00460613	52.665	4.0E-13	56.4969	5.6E-14
rs13167306	5	76574841	0.89346	C	T	0.679878	0.993031	1.18001	2.8E-01	0.00579101	0.00444634	1.6963	1.9E-01	0.83922	3.6E-01
rs247916	5	87530253	1.0143	A	C	0.790166	0.984893	0.135429	7.1E-01	0.00308716	0.00510082	0.366302	5.5E-01	0.587661	4.4E-01
rs7733438	5	87986284	1.0155	T	G	0.863301	0.981904	0.507163	4.8E-01	-0.00391671	0.00605667	0.418191	5.2E-01	0.713554	4.0E-01
rs6869862	5	103886213	1.12287	T	G	0.519002	0.997607	3.24075	7.2E-02	-0.00756005	0.00413569	3.3416	6.8E-02	3.3845	6.6E-02
rs11241196	5	112535956	1.19975	G	A	0.317525	0.991452	0.0240997	8.8E-01	-0.00113492	0.00444822	0.0650963	8.0E-01	0.00110416	9.7E-01
rs12332329	5	118721694	1.27467	G	A	0.717104	0.991939	0.0431998	8.4E-01	0.000371549	0.00460058	0.00652239	9.4E-01	0.0955691	7.6E-01
rs4705986	5	132349654	1.39065	T	G	0.936459	0.978165	1.38969	2.4E-01	-0.00718365	0.00855684	0.704796	4.0E-01	0.631992	4.3E-01
rs10477191	5	142077715	1.49476	A	G	0.949961	0.911257	0.29069	5.9E-01	-0.00598769	0.00990621	0.365346	5.5E-01	0.6888	4.1E-01
rs10035289	5	153095918	1.63982	A	G	0.466786	0.997256	1.20782	2.7E-01	-0.00434748	0.00413201	1.10701	2.9E-01	1.14502	2.8E-01
rs2871924	5	155770918	1.66035	C	T	0.296888	0.995839	0.014616	9.0E-01	0.000585152	0.0045125	0.0168153	9.0E-01	0.0541001	8.2E-01
rs254800	5	172925741	1.91983	T	G	0.516581	0.99624	0.677684	4.1E-01	0.00360607	0.00412617	0.763791	3.8E-01	0.556856	4.6E-01
rs58895838	5	173269956	1.92938	A	G	0.759007	0.980237	2.18562	1.4E-01	-0.00634408	0.00486811	1.6983	1.9E-01	1.72973	1.9E-01
rs244722	5	176534724	2.00012	A	C	0.491774	0.980953	2.26139	1.3E-01	-0.00730038	0.00416656	3.06998	8.0E-02	4.50181	3.4E-02
rs1294447	6	6724416	0.18091	T	C	0.493581	0.983229	2.23718	1.3E-01	0.00493357	0.00415372	1.41074	2.3E-01	1.65913	2.0E-01
rs13207230	6	7041700	0.194689	G	A	0.467706	0.982104	3.27715	7.0E-02	-0.0072302	0.00416964	3.0068	8.3E-02	2.40258	1.2E-01
rs4715912	6	14506240	0.314195	C	G	0.749538	0.953352	0.0015376	9.7E-01	-0.000927772	0.00486209	0.0364114	8.5E-01	0.00110509	9.7E-01
rs4134943	6	20483407	0.409015	C	T	0.797164	1	0.624295	4.3E-01	-0.00429831	0.00512827	0.702511	4.0E-01	0.858621	3.5E-01
rs2523729	6	30137387	0.505324	G	A	0.865283	1	1.3729	2.4E-01	0.00500138	0.00602405	0.689291	4.1E-01	0.147611	7.0E-01
rs114376405	6	30770701	0.507083	G	A	0.988645	0.994696	2.56138	1.1E-01	-0.0324063	0.0195046	2.76049	9.7E-02	3.37406	6.6E-02
rs9266618	6	31346166	0.513027	C	A	0.0957795	0.921596	2.83005	9.3E-02	-0.0101017	0.0072623	1.93483	1.6E-01	1.48144	2.2E-01
rs28890929	6	32466173	0.520296	G	T	0.767516	0.646356	5.24072	2.2E-02	0.0147349	0.00600346	6.02407	1.4E-02	3.78228	5.2E-02
rs150459394	6	34185960	0.545771	A	T	0.929914	0.979787	0.0147427	9.0E-01	9.51847e-05	0.00814776	0.000136476	9.9E-01	3.05121e-06	1.0E+00
rs6901866	6	43260660	0.66972	T	C	0.706104	0.996521	0.0400966	8.4E-01	0.00110003	0.004531	0.0589411	8.1E-01	0.0139779	9.1E-01
rs9381248	6	43734606	0.675407	C	T	0.878168	0.993046	1.2116	2.7E-01	-0.00630375	0.00633121	0.991344	3.2E-01	1.02761	3.1E-01
rs9395885	6	53745477	0.782866	C	T	0.917223	0.99848	1.73154	1.9E-01	0.0102062	0.00748442	1.85957	1.7E-01	1.37236	2.4E-01
rs2505949	6	80804414	0.920772	A	G	0.620204	0.988477	0.117288	7.3E-01	-0.00185425	0.00426967	0.188602	6.6E-01	0.409655	5.2E-01
rs2496690	6	81346504	0.922438	A	G	0.376754	0.992012	0.72515	3.9E-01	0.00326762	0.00428467	0.581606	4.5E-01	0.232501	6.3E-01
rs1322863	6	85720325	0.951167	G	A	0.936492	0.998184	12.5193	4.0E-04	-0.0300205	0.00845666	12.6019	3.9E-04	14.287	1.6E-04
rs17448885	6	97385975	1.0576	C	G	0.658737	0.996471	0.135579	7.1E-01	0.00126559	0.00436335	0.0841284	7.7E-01	0.0867508	7.7E-01
rs17297752	6	97915394	1.05968	C	A	0.730989	0.998619	0.446858	5.0E-01	0.00229787	0.00465581	0.243591	6.2E-01	0.0542852	8.2E-01
rs9401452	6	98452680	1.0624	T	C	0.606196	0.998799	0.815361	3.7E-01	-0.00453976	0.00422403	1.15508	2.8E-01	0.780602	3.8E-01
rs2256268	6	100599389	1.08112	C	T	0.828914	0.990083	7.67703	5.6E-03	-0.0152325	0.0055085	7.64675	5.7E-03	9.16833	2.5E-03
rs12206094	6	108906200	1.17855	C	T	0.71927	0.997161	0.0703714	7.9E-01	0.00141049	0.00460293	0.0939016	7.6E-01	0.0456226	8.3E-01
rs4946445	6	120157197	1.26007	A	G	0.767913	0.994369	0.0238345	8.8E-01	0.00118809	0.00489958	0.0588006	8.1E-01	0.0521787	8.2E-01
rs9375417	6	126248374	1.3252	T	C	0.495328	0.999041	0.328495	5.7E-01	0.00310963	0.00412178	0.56918	4.5E-01	0.645641	4.2E-01
rs62437220	6	127353873	1.32766	T	A	0.953312	0.986017	0.0865627	7.7E-01	-0.00444142	0.00983622	0.203886	6.5E-01	0.133817	7.1E-01
rs590015	6	139824992	1.50297	G	A	0.500538	0.993146	4.40862	3.6E-02	-0.00873192	0.00412563	4.47959	3.4E-02	3.65885	5.6E-02
rs7453812	6	153405199	1.66319	T	G	0.0494718	0.995743	0.431652	5.1E-01	0.00620753	0.00954735	0.422739	5.2E-01	0.212418	6.4E-01
rs998075	6	160468278	1.77084	A	G	0.533909	0.994008	54.1278	1.9E-13	0.0299798	0.00414791	52.2396	4.9E-13	51.6171	6.7E-13
rs622217	6	160766770	1.77463	T	C	0.517483	0.993572	3.96295	4.7E-02	-0.00902379	0.00414264	4.74485	2.9E-02	5.09738	2.4E-02
rs6955431	7	20444060	0.358689	T	C	0.69178	0.986954	0.314517	5.7E-01	0.00424708	0.00449828	0.891431	3.5E-01	1.74418	1.9E-01
rs960589	7	25823647	0.43812	A	C	0.837373	0.976235	0.936045	3.3E-01	-0.00491406	0.00565316	0.755613	3.8E-01	0.477137	4.9E-01
rs12671127	7	26309246	0.44373	C	T	0.632826	0.988487	0.0211208	8.8E-01	-0.000199727	0.00429374	0.00216373	9.6E-01	0.0241351	8.8E-01
rs2189239	7	27237453	0.453427	C	T	0.917946	0.977954	1.68799	1.9E-01	-0.00835288	0.00761103	1.20444	2.7E-01	1.38691	2.4E-01
rs2072183	7	44579180	0.698676	G	C	0.777481	1	23.3866	1.3E-06	-0.0242425	0.00495837	23.9044	1.0E-06	25.2234	5.1E-07
rs2715135	7	50750128	0.768412	T	G	0.360162	0.995982	0.0169184	9.0E-01	0.00110893	0.00430349	0.0663995	8.0E-01	0.000428922	9.8E-01
rs78702390	7	68618770	0.862671	G	C	0.940064	0.983166	0.418137	5.2E-01	0.00623126	0.00877579	0.504173	4.8E-01	0.55074	4.6E-01
rs1178979	7	72856430	0.899612	T	C	0.80296	1	14.6194	1.3E-04	0.0190271	0.00518665	13.4577	2.4E-04	12.58	3.9E-04
rs12669521	7	77047102	0.934164	A	G	0.661642	0.98421	0.00284232	9.6E-01	0.000424607	0.00439732	0.00932394	9.2E-01	0.0843448	7.7E-01
rs917154	7	99020806	1.15524	A	G	0.844107	0.995198	1.95103	1.6E-01	-0.0071561	0.00570539	1.57319	2.1E-01	0.888717	3.5E-01
rs2470937	7	104579775	1.19833	T	A	0.548378	0.996384	0.265755	6.1E-01	-0.00178555	0.00414894	0.185211	6.7E-01	0.0295756	8.6E-01
rs13226446	7	116888161	1.32093	A	G	0.945828	1	0.224039	6.4E-01	-0.00440912	0.00912979	0.233229	6.3E-01	0.0570109	8.1E-01
rs17168896	7	136712058	1.48048	G	A	0.852027	0.988117	0.830613	3.6E-01	0.00502347	0.00584671	0.738216	3.9E-01	0.245702	6.2E-01
rs9969455	8	12617155	0.332045	A	G	0.621264	0.941422	1.41806	2.3E-01	0.00516163	0.00438985	1.38253	2.4E-01	1.67672	2.0E-01
rs286	8	19815256	0.4726	A	T	0.914119	0.995062	18.8535	1.4E-05	0.0339915	0.00736481	21.3019	3.9E-06	23.7707	1.1E-06
rs11992444	8	25464690	0.565812	G	T	0.489889	1	6.36019	1.2E-02	-0.0095914	0.00412503	5.40642	2.0E-02	5.03596	2.5E-02
rs1485741	8	25919020	0.575565	C	T	0.885806	0.988895	0.722212	4.0E-01	-0.00681837	0.00652651	1.09144	3.0E-01	1.08178	3.0E-01
rs7815496	8	38321607	0.69461	C	T	0.597702	0.996532	4.03389	4.5E-02	-0.00806957	0.00420272	3.68673	5.5E-02	3.05553	8.0E-02
rs55704109	8	59323247	0.819013	G	A	0.506918	0.919152	28.7774	8.1E-08	0.0220998	0.00430594	26.3415	2.9E-07	32.3947	1.3E-08
rs7841468	8	68195769	0.884684	T	C	0.715739	0.999146	0.327733	5.7E-01	-0.00298346	0.00457391	0.425464	5.1E-01	0.393291	5.3E-01
rs146492163	8	72386394	0.950025	G	T	0.969192	0.960969	1.19736	2.7E-01	-0.0159123	0.0121948	1.70261	1.9E-01	1.44233	2.3E-01
rs16937731	8	72531891	0.950652	C	T	0.969553	0.996682	0.976317	3.2E-01	0.0121726	0.0120179	1.02591	3.1E-01	0.563924	4.5E-01
rs7824350	8	73452488	0.974093	A	G	0.403692	0.994411	0.161247	6.9E-01	0.00152407	0.00422226	0.130293	7.2E-01	0.158222	6.9E-01
rs144435165	8	126419938	1.45107	G	C	0.945037	0.785853	7.43215	6.4E-03	-0.0311792	0.0101979	9.34775	2.2E-03	10.8171	1.0E-03
rs10107982	8	128318755	1.49	T	C	0.725351	0.988462	7.06913	7.8E-03	-0.0120842	0.0046411	6.77947	9.2E-03	7.68239	5.6E-03
rs4740619	9	15634326	0.341844	T	C	0.551261	0.999021	0.119041	7.3E-01	0.00137186	0.00415555	0.108984	7.4E-01	0.164568	6.8E-01
rs1412234	9	28410683	0.543029	T	C	0.672099	0.991293	3.48926	6.2E-02	0.00766033	0.00440688	3.02157	8.2E-02	2.6372	1.0E-01
rs1680490	9	29642688	0.558374	A	G	0.642012	0.991873	0.626484	4.3E-01	-0.00377972	0.00432157	0.764956	3.8E-01	1.03978	3.1E-01
rs12001634	9	94186527	1.11918	T	A	0.660665	0.996234	1.71749	1.9E-01	0.00479	0.00437063	1.20111	2.7E-01	1.15289	2.8E-01
rs2131919	9	95283887	1.12689	A	G	0.836098	0.999136	0.662044	4.2E-01	-0.00563896	0.00557638	1.02257	3.1E-01	1.11989	2.9E-01
rs7873003	9	96392945	1.13399	T	C	0.321009	0.990354	0.800188	3.7E-01	0.00383988	0.00444555	0.746079	3.9E-01	0.916611	3.4E-01
rs56285369	9	96712312	1.1418	C	T	0.693118	0.995095	0.510221	4.8E-01	0.004084	0.00449067	0.827084	3.6E-01	0.73121	3.9E-01
rs12686004	9	107653426	1.24316	G	A	0.885408	1	16.0035	6.3E-05	0.0258904	0.00647407	15.9927	6.4E-05	17.1009	3.5E-05
rs10991414	9	107685589	1.24582	T	C	0.860554	0.989408	0.131111	7.2E-01	0.00234847	0.00599061	0.153683	7.0E-01	0.0262843	8.7E-01
rs73519946	9	107868862	1.24912	A	T	0.958271	0.989128	0.446528	5.0E-01	0.00786167	0.0103941	0.572076	4.5E-01	0.538338	4.6E-01
rs72607161	9	111792640	1.3053	T	C	0.706082	0.997033	0.484429	4.9E-01	0.00286724	0.00453975	0.398901	5.3E-01	0.176055	6.7E-01
rs2799465	9	126544609	1.50625	T	C	0.864225	0.996021	0.178344	6.7E-01	0.00361866	0.00602816	0.360352	5.5E-01	0.0932925	7.6E-01
rs4382592	9	134870755	1.63189	T	G	0.300732	0.996468	1.89782	1.7E-01	0.00552724	0.00451521	1.49851	2.2E-01	1.85903	1.7E-01
rs28647893	9	136994893	1.69152	C	T	0.505629	0.998355	0.254495	6.1E-01	-0.00257713	0.00413133	0.389128	5.3E-01	0.269415	6.0E-01
rs12774134	10	4963327	0.105411	C	T	0.88526	1	0.0507441	8.2E-01	0.000692294	0.00647057	0.0114471	9.1E-01	0.0597786	8.1E-01
rs7923552	10	21687123	0.466325	G	A	0.555867	0.968501	0.409615	5.2E-01	0.00238114	0.00423183	0.316603	5.7E-01	0.521227	4.7E-01
rs2808104	10	32112728	0.602723	C	T	0.785657	0.99976	0.602898	4.4E-01	0.00449166	0.00502745	0.798212	3.7E-01	0.643643	4.2E-01
rs145952040	10	33461248	0.609107	T	C	0.959765	0.938566	0.859631	3.5E-01	-0.00723338	0.0108403	0.445245	5.0E-01	0.575765	4.5E-01
rs10827252	10	33672884	0.612425	A	G	0.492282	0.997479	0.00405022	9.5E-01	0.000838346	0.00413655	0.0410743	8.4E-01	0.0448725	8.3E-01
rs743104	10	34162510	0.623368	C	T	0.851826	0.987738	1.10936	2.9E-01	-0.0070055	0.00583905	1.43944	2.3E-01	1.71199	1.9E-01
rs7070670	10	61842645	0.8423	C	T	0.672129	0.984388	0.621137	4.3E-01	-0.00353437	0.00441579	0.64063	4.2E-01	0.93649	3.3E-01
rs7919055	10	63808475	0.859585	T	C	0.967188	0.982852	0.0410905	8.4E-01	0.00112039	0.0116965	0.00917535	9.2E-01	0.00602353	9.4E-01
rs2036791	10	64834352	0.870392	A	T	0.599639	0.999771	3.50406	6.1E-02	0.0068314	0.00421564	2.62599	1.1E-01	3.01544	8.2E-02
rs780157	10	80904701	1.06507	A	C	0.474862	0.956984	0.008908	9.2E-01	-0.000175046	0.00421731	0.00172279	9.7E-01	0.00579136	9.4E-01
rs3814614	10	88128281	1.14764	A	G	0.494534	0.997451	1.32052	2.5E-01	-0.0039153	0.00413758	0.895445	3.4E-01	0.52871	4.7E-01
rs117471638	10	93158084	1.20378	G	A	0.979357	1	0.0459615	8.3E-01	0.0011486	0.0145278	0.00625076	9.4E-01	0.0723126	7.9E-01
rs1776209	10	93810872	1.20851	A	G	0.708687	0.988042	4.84874	2.8E-02	-0.00990125	0.00455973	4.71522	3.0E-02	5.37498	2.0E-02
rs71486238	10	115851703	1.41669	T	A	0.784322	0.994861	2.12829	1.4E-01	0.00734214	0.00503145	2.12941	1.4E-01	2.04446	1.5E-01
rs4751824	10	122833913	1.52693	G	A	0.911449	0.998329	1.52872	2.2E-01	0.00941034	0.00727657	1.67247	2.0E-01	1.14352	2.8E-01
rs61876729	11	778857	0.0107507	A	G	0.906207	0.981631	0.803072	3.7E-01	0.0066986	0.00713729	0.880849	3.5E-01	0.980483	3.2E-01
rs12790154	11	8405148	0.189404	G	A	0.803138	0.997888	0.179735	6.7E-01	-0.00312025	0.00519142	0.36125	5.5E-01	0.234719	6.3E-01
rs1128559	11	8637191	0.189966	G	C	0.17507	0.998605	0.00636841	9.4E-01	-0.000308665	0.0054343	0.00322618	9.5E-01	0.0115501	9.1E-01
rs2403265	11	10065246	0.198625	T	C	0.502995	0.996805	4.20845	4.0E-02	0.00803204	0.00413492	3.77327	5.2E-02	4.97354	2.6E-02
rs11030003	11	27455582	0.463971	C	T	0.312992	0.984085	0.656696	4.2E-01	-0.00217691	0.00447977	0.23614	6.3E-01	0.104252	7.5E-01
rs605765	11	30217503	0.478898	C	T	0.390281	0.991456	1.32803	2.5E-01	0.00468592	0.00424156	1.2205	2.7E-01	0.634996	4.3E-01
rs2679059	11	43599791	0.621966	A	T	0.4028	0.990165	2.48039	1.2E-01	-0.00615541	0.00423183	2.11572	1.5E-01	2.02728	1.5E-01
rs7950696	11	47481533	0.66531	T	C	0.554089	0.999458	0.64215	4.2E-01	-0.0031441	0.00415156	0.573547	4.5E-01	0.863982	3.5E-01
rs174528	11	61543499	0.703973	T	C	0.622738	0.995598	75.512	3.6E-18	0.0372347	0.0042554	76.5622	2.1E-18	81.5547	1.7E-19
rs2509962	11	62309787	0.714476	T	C	0.533094	0.974723	0.207061	6.5E-01	0.0016907	0.00418403	0.163283	6.9E-01	0.0350427	8.5E-01
rs12789028	11	65326154	0.738086	G	A	0.802639	0.99704	1.69147	1.9E-01	0.00665565	0.0052002	1.6381	2.0E-01	1.63258	2.0E-01
rs11227413	11	65883696	0.740756	G	A	0.813675	0.996399	0.824958	3.6E-01	-0.00459609	0.00531015	0.749143	3.9E-01	0.835182	3.6E-01
rs11234305	11	84854732	0.937563	T	C	0.795827	0.988191	0.0679595	7.9E-01	-0.000909004	0.00514734	0.0311865	8.6E-01	0.00206689	9.6E-01
rs3018970	11	102942989	1.11538	A	C	0.732698	0.991722	0.309282	5.8E-01	-0.00178414	0.00468499	0.145024	7.0E-01	0.214758	6.4E-01
rs568038	11	111432161	1.18722	G	T	0.292879	0.997478	0.600376	4.4E-01	-0.00363813	0.00453923	0.64238	4.2E-01	0.828685	3.6E-01
rs10502172	11	113199146	1.20415	C	T	0.518835	1	1.05149	3.1E-01	-0.00209558	0.00412285	0.258353	6.1E-01	0.0192981	8.9E-01
rs11216183	11	116781545	1.26169	C	A	0.9078	0.998852	6.52159	1.1E-02	0.0172608	0.00715457	5.82043	1.6E-02	5.4975	1.9E-02
rs564649	11	122012238	1.35174	G	C	0.280863	0.994823	0.00068938	9.8E-01	0.000529035	0.00460746	0.013184	9.1E-01	0.0551165	8.1E-01
rs11220466	11	126258862	1.4244	G	A	0.85478	0.989161	48.3732	3.5E-12	-0.0417169	0.00588484	50.2521	1.4E-12	46.7239	8.2E-12
rs747249	11	130271647	1.49781	A	G	0.360417	0.986641	0.133241	7.2E-01	-0.00226335	0.00432952	0.273291	6.0E-01	0.714366	4.0E-01
rs11611246	12	939480	0.0208836	G	T	0.789679	0.996657	1.3217	2.5E-01	0.00479108	0.00506411	0.895076	3.4E-01	0.747541	3.9E-01
rs34322	12	12879570	0.279977	T	C	0.477211	1	1.64513	2.0E-01	-0.00506422	0.00412979	1.50373	2.2E-01	2.23045	1.4E-01
rs10771260	12	26253557	0.45721	A	C	0.609092	0.995844	0.0339388	8.5E-01	0.000109582	0.00423696	0.000668913	9.8E-01	0.0013539	9.7E-01
rs10844645	12	33737099	0.546138	C	T	0.612236	0.998433	1.80066	1.8E-01	0.00406636	0.00423581	0.92159	3.4E-01	1.35015	2.5E-01
rs2733269	12	41866717	0.562712	A	G	0.44747	1	0.245964	6.2E-01	-0.00141946	0.00415034	0.116972	7.3E-01	0.393065	5.3E-01
rs11169170	12	50223013	0.630263	C	T	0.528796	0.996913	0.876926	3.5E-01	0.00430526	0.00414474	1.07895	3.0E-01	1.67935	2.0E-01
rs3847783	12	54320692	0.682622	C	T	0.318019	0.99235	0.623485	4.3E-01	-0.00368323	0.0044332	0.690276	4.1E-01	0.888795	3.5E-01
rs894738	12	54417525	0.685339	G	A	0.639703	0.990228	0.0850922	7.7E-01	-0.0016344	0.00431505	0.143464	7.0E-01	0.27797	6.0E-01
rs7961915	12	66425288	0.795219	A	G	0.213612	0.943584	0.0595972	8.1E-01	0.00132408	0.00518097	0.0653137	8.0E-01	0.0813175	7.8E-01
rs704067	12	89726027	1.03172	G	A	0.54643	0.989595	0.0165519	9.0E-01	0.000450137	0.00416631	0.0116731	9.1E-01	0.00926748	9.2E-01
rs7311622	12	98772975	1.15518	C	T	0.532837	0.989082	0.975674	3.2E-01	-0.00376024	0.00414451	0.823162	3.6E-01	0.729136	3.9E-01
rs10778609	12	108545985	1.27639	A	C	0.742853	1	0.0813908	7.8E-01	-0.000113147	0.00472267	0.000574003	9.8E-01	0.00367055	9.5E-01
rs11608693	12	122208968	1.4633	G	A	0.824703	0.882554	0.00708962	9.3E-01	0.000611042	0.00577669	0.0111888	9.2E-01	0.0213829	8.8E-01
rs4759364	12	123162786	1.46972	C	T	0.820074	1	0.842947	3.6E-01	-0.00440758	0.0053782	0.671625	4.1E-01	0.726453	3.9E-01
rs2049114	12	123657338	1.47171	T	C	0.206764	0.999367	1.19787	2.7E-01	-0.00577322	0.00509707	1.28291	2.6E-01	1.89191	1.7E-01
rs4765568	12	124479161	1.479	T	C	0.817638	0.993959	3.30774	6.9E-02	0.00993598	0.00535481	3.44297	6.4E-02	3.46589	6.3E-02
rs3926666	12	124634713	1.48005	C	T	0.316242	1	11.9968	5.3E-04	0.0157429	0.00443406	12.6057	3.8E-04	11.3072	7.7E-04
rs1928496	13	31012904	0.263323	C	T	0.256087	1	5.65215	1.7E-02	-0.0110148	0.00472942	5.42422	2.0E-02	6.16701	1.3E-02
rs2475837	13	50535863	0.537065	C	T	0.887658	0.999102	2.00808	1.6E-01	-0.00981949	0.0065451	2.25084	1.3E-01	3.10205	7.8E-02
rs77871802	13	50844016	0.538491	A	G	0.965631	0.994358	0.032555	8.6E-01	-0.00311594	0.0113818	0.0749469	7.8E-01	0.0478407	8.3E-01
rs1379828	13	54396602	0.569676	C	T	0.20343	0.995912	0.0632695	8.0E-01	-0.000631828	0.00513341	0.0151491	9.0E-01	0.0270614	8.7E-01
rs1441264	13	79580919	0.787841	G	A	0.405243	0.956515	1.92534	1.7E-01	0.00628445	0.00429476	2.1412	1.4E-01	2.1239	1.5E-01
rs1160709	13	93884256	0.892481	T	C	0.486099	0.998245	0.0264175	8.7E-01	-0.00144371	0.00413159	0.122103	7.3E-01	0.0254398	8.7E-01
rs664532	13	110932363	1.2151	T	C	0.427688	0.989961	1.60118	2.1E-01	0.00572661	0.0041857	1.8718	1.7E-01	2.67675	1.0E-01
rs9577874	13	114518789	1.29081	G	A	0.637502	0.985281	27.3003	1.7E-07	-0.0225564	0.00433645	27.0564	2.0E-07	27.9249	1.3E-07
rs10132280	14	25928179	0.161964	C	A	0.696858	0.989051	0.0450784	8.3E-01	-0.00032327	0.0045082	0.0051419	9.4E-01	0.0112023	9.2E-01
rs61986159	14	53956168	0.473642	C	T	0.766548	0.998967	0.225219	6.4E-01	-0.00251778	0.00488823	0.265297	6.1E-01	0.0962307	7.6E-01
rs8012185	14	58668484	0.537795	A	G	0.723205	0.991197	0.0483305	8.3E-01	-0.000741756	0.00462407	0.025732	8.7E-01	0.021776	8.8E-01
rs2412107	14	65426216	0.591307	G	T	0.78162	0.991281	0.155192	6.9E-01	0.00146873	0.00500899	0.0859775	7.7E-01	0.276018	6.0E-01
rs2526886	14	71359064	0.651527	G	T	0.308449	0.995503	2.17094	1.4E-01	-0.00802687	0.00447934	3.21118	7.3E-02	3.16474	7.5E-02
rs10146690	14	79890456	0.747911	G	A	0.782491	0.98828	1.69311	1.9E-01	0.00576141	0.00503928	1.30714	2.5E-01	1.28588	2.6E-01
rs7492628	14	91547136	0.882221	C	G	0.683687	0.983193	0.0652995	8.0E-01	0.00102208	0.00446534	0.052391	8.2E-01	0.0168441	9.0E-01
rs7156191	14	103297847	1.11649	G	C	0.829016	0.996202	0.00726807	9.3E-01	0.00170267	0.00548819	0.0962503	7.6E-01	0.0985309	7.5E-01
rs12441543	15	31689543	0.452834	G	A	0.71304	0.9962	0.00284338	9.6E-01	-0.000285608	0.00456949	0.00390664	9.5E-01	0.0658244	8.0E-01
rs12437696	15	40878474	0.62928	A	G	0.514543	0.998802	0.158496	6.9E-01	-0.000600695	0.00413783	0.0210747	8.8E-01	0.0691869	7.9E-01
rs11631408	15	51746236	0.710161	A	G	0.457077	0.996425	5.93372	1.5E-02	0.00984592	0.00416412	5.59069	1.8E-02	5.869	1.5E-02
rs10851523	15	53044002	0.71725	G	C	0.717759	0.993516	0.117085	7.3E-01	-0.00202425	0.0045945	0.194111	6.6E-01	0.14144	7.1E-01
rs16976760	15	56394169	0.756417	T	G	0.78704	0.997183	0.0867823	7.7E-01	-0.00162933	0.00505371	0.103944	7.5E-01	0.319614	5.7E-01
rs12594923	15	66991665	0.901837	T	C	0.756035	0.995986	0.281644	6.0E-01	-0.00148547	0.00482467	0.0947964	7.6E-01	0.177033	6.7E-01
rs12439210	15	67822172	0.914262	C	A	0.767285	0.997294	3.33959	6.8E-02	0.00953357	0.00488534	3.80822	5.1E-02	3.73919	5.3E-02
rs8030477	15	73085815	0.987571	C	T	0.332616	0.996571	0.000558734	9.8E-01	0.00163165	0.00440019	0.137502	7.1E-01	0.128854	7.2E-01
rs10851869	15	74331083	0.996085	T	C	0.570474	0.998308	1.7706	1.8E-01	0.00594298	0.00417546	2.02581	1.5E-01	2.00743	1.6E-01
rs11072938	15	81021661	1.05811	C	T	0.730551	0.99862	0.101512	7.5E-01	-0.00169215	0.00465062	0.132391	7.2E-01	0.117864	7.3E-01
rs66615128	15	92561941	1.21822	G	C	0.785237	0.999315	1.52474	2.2E-01	0.00738203	0.00502463	2.15846	1.4E-01	2.99778	8.3E-02
rs13335638	16	2136624	0.0436172	T	C	0.8263	0.992856	0.0067243	9.3E-01	0.00113515	0.0054754	0.0429805	8.4E-01	0.179259	6.7E-01
rs35108574	16	4370706	0.08231	A	G	0.886062	0.980242	0.486214	4.9E-01	-0.00370187	0.00655208	0.319216	5.7E-01	0.646112	4.2E-01
rs4787649	16	24700215	0.465896	C	T	0.246065	0.995971	1.85971	1.7E-01	0.00631021	0.00480202	1.72679	1.9E-01	0.988423	3.2E-01
rs2650494	16	28318440	0.541911	A	G	0.582495	0.992404	0.029773	8.6E-01	-0.000603988	0.00419385	0.020741	8.9E-01	0.0840786	7.7E-01
rs34286592	16	29820480	0.551885	C	T	0.853439	1	0.350021	5.5E-01	0.0038254	0.00583439	0.429894	5.1E-01	0.429496	5.1E-01
rs79867441	16	29950820	0.553171	C	T	0.932238	0.992347	6.37623	1.2E-02	0.020404	0.00823679	6.13642	1.3E-02	6.02717	1.4E-02
rs2047937	16	49864791	0.582147	C	T	0.485483	0.999762	1.85401	1.7E-01	-0.00551442	0.00413589	1.77771	1.8E-01	1.63616	2.0E-01
rs11075986	16	53805344	0.645995	C	G	0.919939	0.995968	0.0234868	8.8E-01	-0.00267904	0.00760882	0.123972	7.2E-01	0.0134954	9.1E-01
rs4783718	16	69547741	0.858329	T	C	0.409964	0.963133	2.93918	8.6E-02	0.00706614	0.00427607	2.7307	9.8E-02	2.47918	1.2E-01
rs2927331	16	81509452	1.04551	T	C	0.346879	0.987048	0.0808801	7.8E-01	-0.000916374	0.0043669	0.044035	8.3E-01	0.0269242	8.7E-01
rs10492861	16	82866767	1.0911	G	T	0.714227	0.98872	1.50353	2.2E-01	0.00587471	0.0045951	1.63449	2.0E-01	2.35976	1.2E-01
rs2760744	17	2017029	0.0688816	T	C	0.706093	0.999866	5.37337	2.0E-02	0.00973023	0.00452362	4.62673	3.1E-02	4.65984	3.1E-02
rs6502766	17	3902163	0.111799	C	T	0.805288	0.994964	0.610887	4.3E-01	-0.00317845	0.00521473	0.371508	5.4E-01	0.22973	6.3E-01
rs1269402	17	17361137	0.443379	T	C	0.264169	0.990324	2.69097	1.0E-01	-0.00761601	0.00469043	2.63651	1.0E-01	2.4355	1.2E-01
rs7217403	17	21160085	0.471144	C	T	0.33386	0.984489	0.0497346	8.2E-01	0.000613472	0.0044066	0.0193813	8.9E-01	0.000957738	9.8E-01
rs4796221	17	34831963	0.595053	G	A	0.521542	1	1.17653	2.8E-01	0.00336519	0.00412844	0.664427	4.2E-01	0.421494	5.2E-01
rs72820902	17	40441048	0.664334	C	T	0.920059	0.98229	3.51803	6.1E-02	-0.0168551	0.0076783	4.81873	2.8E-02	3.47358	6.2E-02
rs56214516	17	43836953	0.688645	A	C	0.804476	0.982696	5.49329	1.9E-02	-0.0121993	0.0052509	5.39765	2.0E-02	5.05017	2.5E-02
rs9892365	17	59491384	0.871045	A	G	0.329894	0.996856	1.36628	2.4E-01	0.00508134	0.00439714	1.33542	2.5E-01	1.87201	1.7E-01
rs7215551	17	61664740	0.886997	G	A	0.35741	0.990187	0.0687791	7.9E-01	0.00186285	0.00433908	0.184314	6.7E-01	0.262134	6.1E-01
rs3936134	17	65814382	0.947689	C	G	0.887489	1	4.5203	3.3E-02	-0.0136202	0.00652682	4.35477	3.7E-02	6.17504	1.3E-02
rs236544	17	68229691	0.981625	G	A	0.579444	0.996753	1.43171	2.3E-01	0.00537282	0.00418674	1.64684	2.0E-01	1.82496	1.8E-01
rs11869880	17	73198131	1.09799	T	C	0.785317	0.995073	1.02913	3.1E-01	-0.00421068	0.00502902	0.701031	4.0E-01	0.510946	4.7E-01
rs3810068	18	2846499	0.0738566	T	C	0.595835	1	11.0383	8.9E-04	0.0131342	0.00419647	9.79573	1.7E-03	11.3141	7.7E-04
rs1787013	18	13072979	0.384745	T	C	0.550563	0.99954	0.543794	4.6E-01	-0.00285793	0.0041458	0.475213	4.9E-01	0.517269	4.7E-01
rs4310973	18	20707622	0.429126	A	G	0.212403	0.987885	0.404663	5.2E-01	-0.00243098	0.00509269	0.22786	6.3E-01	0.326234	5.7E-01
rs505601	18	34280131	0.564322	G	A	0.81101	0.990705	2.61878	1.1E-01	-0.00868223	0.0052874	2.69636	1.0E-01	2.34564	1.3E-01
rs4890429	18	40697481	0.611694	T	C	0.73765	0.995191	3.01464	8.3E-02	0.00815896	0.0047076	3.00379	8.3E-02	3.38428	6.6E-02
rs74475730	18	46578171	0.687072	C	T	0.959907	0.993206	0.113799	7.4E-01	-0.00571585	0.0105476	0.293667	5.9E-01	0.405473	5.2E-01
rs2187176	18	57679365	0.819838	A	G	0.308898	0.982596	0.205711	6.5E-01	-0.00154511	0.00451759	0.116978	7.3E-01	0.0207502	8.9E-01
rs8097783	18	58051294	0.823036	G	A	0.926154	1	1.36248	2.4E-01	-0.00822755	0.00790412	1.08351	3.0E-01	1.21488	2.7E-01
rs12979965	19	2131148	0.0753026	A	G	0.499421	0.991113	0.482146	4.9E-01	0.00367199	0.00413877	0.787153	3.7E-01	1.02116	3.1E-01
rs79915079	19	11229066	0.319635	G	A	0.974031	0.995135	48.6504	3.1E-12	0.0928263	0.0129709	51.2158	8.3E-13	54.5659	1.5E-13
rs91710	19	18141123	0.446267	G	A	0.566796	0.974059	0.139538	7.1E-01	0.00141986	0.00420935	0.113779	7.4E-01	0.0653578	8.0E-01
rs10403273	19	19372968	0.4621	C	G	0.837623	0.998891	0.217205	6.4E-01	-0.00251603	0.00558463	0.202976	6.5E-01	0.206357	6.5E-01
rs12461902	19	30265235	0.512848	G	A	0.671201	0.985963	2.24307	1.3E-01	-0.00615894	0.00441478	1.94623	1.6E-01	1.833	1.8E-01
rs73024215	19	33784657	0.561399	T	C	0.929713	0.961977	0.21148	6.5E-01	-0.00513536	0.00821618	0.390663	5.3E-01	0.270072	6.0E-01
rs77793940	19	34003177	0.562809	T	C	0.916647	0.969314	2.41154	1.2E-01	-0.0127636	0.00756889	2.84371	9.2E-02	2.39756	1.2E-01
rs62115478	19	44543760	0.688013	A	G	0.970669	0.945735	69.7381	6.8E-17	0.105646	0.0125863	70.4542	4.7E-17	75.1346	4.4E-18
rs142751148	19	45100982	0.69683	G	T	0.973604	0.950645	120.638	4.6E-28	0.145027	0.0131843	120.999	3.8E-28	122.154	2.1E-28
rs113330691	19	45295886	0.703011	G	A	0.965042	0.995257	351.812	1.7E-78	0.211403	0.0112511	353.046	9.2E-79	358.896	4.9E-80
rs10406338	19	45326217	0.704664	T	C	0.676448	0.996027	328.21	2.4E-73	-0.0803934	0.00441165	332.077	3.4E-74	344.832	5.7E-77
rs375972689	19	45360488	0.706111	T	G	0.989457	0.979945	76.6904	2.0E-18	-0.175895	0.0203951	74.3803	6.4E-18	76.1465	2.6E-18
rs12979214	19	46157719	0.718332	A	G	0.803842	0.969205	3.77436	5.2E-02	0.0105222	0.00526264	3.99768	4.6E-02	3.37695	6.6E-02
rs8103017	19	55999142	0.996663	C	G	0.705959	0.984581	0.574167	4.5E-01	0.00292248	0.00455148	0.412285	5.2E-01	0.582569	4.5E-01
rs805769	20	5667459	0.191037	T	C	0.595692	0.99253	0.385332	5.3E-01	-0.00162023	0.00422171	0.147291	7.0E-01	0.649263	4.2E-01
rs1884897	20	6612832	0.214572	A	G	0.371346	0.993838	0.208865	6.5E-01	0.00220701	0.00430569	0.262738	6.1E-01	0.337261	5.6E-01
rs7453	20	25207074	0.516203	T	C	0.547962	0.998658	3.05857	8.0E-02	-0.00755778	0.0041474	3.32075	6.8E-02	4.76968	2.9E-02
rs2207132	20	39142516	0.589709	G	A	0.966875	1	64.1326	1.2E-15	-0.0905016	0.0115383	61.5215	4.4E-15	63.3963	1.7E-15
rs1997833	20	39690342	0.597551	T	C	0.699628	0.998963	17.8767	2.4E-05	-0.0193236	0.00449273	18.4992	1.7E-05	21.4026	3.7E-06
rs6066089	20	45487371	0.689692	G	C	0.69774	0.986322	2.98798	8.4E-02	0.00961417	0.00452379	4.51668	3.4E-02	4.96063	2.6E-02
rs6013453	20	51026284	0.791367	T	C	0.632527	0.999327	0.127223	7.2E-01	-0.00103673	0.00427468	0.0588202	8.1E-01	0.00907267	9.2E-01
rs6064557	20	56115153	0.9034	G	A	0.442948	0.999541	0.00868411	9.3E-01	0.000502642	0.00413493	0.0147768	9.0E-01	0.0434341	8.3E-01
rs28451064	21	35593827	0.362865	G	A	0.868938	0.957975	5.26833	2.2E-02	0.0144462	0.00625253	5.3382	2.1E-02	5.54914	1.8E-02
rs2836139	21	39451403	0.432375	A	G	0.517161	0.9942	1.00085	3.2E-01	0.00501055	0.00415615	1.45341	2.3E-01	1.89449	1.7E-01
rs849453	22	27566619	0.305237	C	G	0.190181	0.996731	0.0607154	8.1E-01	-0.00150945	0.00526727	0.082123	7.7E-01	0.169696	6.8E-01
rs9625551	22	29140529	0.338663	G	A	0.979024	0.995212	0.0222333	8.8E-01	-0.000308015	0.0144423	0.000454849	9.8E-01	0.0107607	9.2E-01
rs2413338	22	35663523	0.409716	C	T	0.369137	0.988961	0.693116	4.1E-01	0.00364624	0.004294	0.72105	4.0E-01	0.878853	3.5E-01
rs801597	22	47190735	0.614737	T	G	0.275448	0.998113	0.0616895	8.0E-01	-0.00154447	0.00461698	0.111904	7.4E-01	0.0075363	9.3E-01
