SNP	CHR	BP	GENPOS	ALLELE1	ALLELE0	A1FREQ	INFO	CHISQ_LINREG	P_LINREG	BETA	SE	CHISQ_BOLT_LMM_INF	P_BOLT_LMM_INF	CHISQ_BOLT_LMM	P_BOLT_LMM
rs7412983	1	2943183	0.0400826	A	C	0.815676	0.996304	4.014	4.5E-02	0.0101532	0.00517294	3.85243	5.0E-02	4.34943	3.7E-02
rs1294014	1	9325676	0.18921	C	T	0.731267	0.974098	12.1477	4.9E-04	0.013986	0.00458033	9.32377	2.3E-03	8.48415	3.6E-03
rs9988429	1	19824124	0.401889	C	T	0.679183	0.998214	0.710107	4.0E-01	-0.0036565	0.00429156	0.725938	3.9E-01	0.448505	5.0E-01
rs12041540	1	23262176	0.460611	G	A	0.646848	0.995392	2.32031	1.3E-01	-0.00775913	0.00419212	3.42577	6.4E-02	2.77088	9.6E-02
rs10902676	1	26120367	0.493514	G	A	0.466005	0.991591	4.065	4.4E-02	0.00763007	0.00403366	3.57815	5.9E-02	5.72092	1.7E-02
rs4660443	1	39591779	0.669753	C	T	0.785557	0.997156	45.8751	1.3E-11	0.0336281	0.00488984	47.2951	6.1E-12	48.6792	3.0E-12
rs2032022	1	49388622	0.760047	T	G	0.350563	0.99763	0.451922	5.0E-01	0.00142595	0.00417928	0.116413	7.3E-01	0.031964	8.6E-01
rs1013293	1	62570321	0.915785	G	A	0.569453	0.987679	4.62567	3.1E-02	-0.00983135	0.00404883	5.89614	1.5E-02	5.45399	2.0E-02
rs12755450	1	72628347	1.03293	T	C	0.795069	1	8.08146	4.5E-03	-0.0140524	0.00495092	8.05623	4.5E-03	7.56353	6.0E-03
rs313710	1	86251836	1.15039	T	C	0.595169	0.991629	2.65502	1.0E-01	0.00619304	0.00409138	2.29123	1.3E-01	2.91124	8.8E-02
rs7548936	1	91207757	1.21384	G	C	0.626945	0.998895	5.42889	2.0E-02	0.00866169	0.00414945	4.35737	3.7E-02	5.08228	2.4E-02
rs4375301	1	98298371	1.27828	A	G	0.767049	0.993807	8.29164	4.0E-03	0.0138488	0.00475432	8.4849	3.6E-03	10.0794	1.5E-03
rs1318756	1	103340623	1.32951	T	C	0.496541	0.991063	0.0197914	8.9E-01	-0.00156735	0.00402424	0.151692	7.0E-01	0.805267	3.7E-01
rs3108680	1	107572997	1.35724	T	C	0.650884	0.999501	0.00694629	9.3E-01	-0.000377548	0.00421382	0.00802771	9.3E-01	0.144666	7.0E-01
rs2076586	1	112273026	1.42823	C	T	0.754427	0.980886	9.19412	2.4E-03	-0.0140074	0.00469679	8.8943	2.9E-03	6.53022	1.1E-02
rs71670897	1	119151935	1.50822	G	A	0.96335	0.976508	1.85659	1.7E-01	-0.0149066	0.0107676	1.91652	1.7E-01	2.27161	1.3E-01
rs10494220	1	119572398	1.50995	C	T	0.871621	0.999593	0.508339	4.8E-01	0.00198151	0.00598041	0.109781	7.4E-01	0.0106618	9.2E-01
rs905938	1	154991389	1.69836	T	C	0.735666	1	0.32756	5.7E-01	0.00229024	0.0045436	0.254075	6.1E-01	0.0677385	7.9E-01
rs6688053	1	163589208	1.81503	C	T	0.558728	0.988788	0.50468	4.8E-01	-0.00331554	0.00405429	0.668774	4.1E-01	0.448455	5.0E-01
rs17345893	1	170171874	1.91645	C	T	0.933686	0.998406	3.48964	6.2E-02	0.0134225	0.00804338	2.78479	9.5E-02	2.7691	9.6E-02
rs17361789	1	172122601	1.93709	T	G	0.67666	0.979392	0.0403759	8.4E-01	-0.000655193	0.00432239	0.0229768	8.8E-01	0.0560946	8.1E-01
rs6700575	1	172364712	1.93908	A	G	0.843224	0.99482	0.000901257	9.8E-01	-0.000175156	0.00551703	0.00100795	9.7E-01	0.0774897	7.8E-01
rs12757638	1	177815769	1.98756	G	A	0.794896	0.999497	4.72025	3.0E-02	0.00980452	0.00497129	3.88969	4.9E-02	3.31678	6.9E-02
rs12069549	1	200036139	2.16766	C	T	0.873356	0.988289	0.417369	5.2E-01	0.00547371	0.00604995	0.818578	3.7E-01	0.308604	5.8E-01
rs56283998	1	205039295	2.25361	A	C	0.802994	0.996714	5.15894	2.3E-02	0.0108178	0.00502732	4.63029	3.1E-02	4.08445	4.3E-02
rs3767848	1	214173840	2.36754	G	A	0.749925	0.990604	0.00379636	9.5E-01	-0.00110667	0.004641	0.0568606	8.1E-01	0.110766	7.4E-01
rs7547454	1	219429385	2.43543	T	A	0.681956	0.999746	2.04192	1.5E-01	0.00686136	0.00429741	2.54922	1.1E-01	2.40103	1.2E-01
rs4631704	1	230293530	2.53595	C	T	0.391683	0.985874	36.5626	1.5E-09	-0.0260107	0.00412745	39.7136	2.9E-10	41.849	9.9E-11
rs12042959	1	243533273	2.82744	A	G	0.856295	0.985729	1.71833	1.9E-01	-0.00799894	0.0057399	1.94203	1.6E-01	1.94626	1.6E-01
rs74495980	2	375873	0.0042135	C	G	0.962013	1	4.14852	4.2E-02	-0.0202706	0.0104537	3.76006	5.2E-02	4.03935	4.4E-02
rs10185713	2	621254	0.0081413	A	G	0.793352	0.993471	0.711233	4.0E-01	-0.00457706	0.00497444	0.846611	3.6E-01	0.667823	4.1E-01
rs812400	2	13073562	0.297327	G	A	0.763905	0.987822	2.73721	9.8E-02	-0.00881563	0.00474818	3.44709	6.3E-02	3.33282	6.8E-02
rs78980904	2	21121464	0.419461	T	C	0.77368	0.996537	211.392	6.8E-48	-0.0702184	0.00477675	216.091	6.4E-49	215.447	8.9E-49
rs1550116	2	25022598	0.45645	A	G	0.846317	1	2.75093	9.7E-02	0.00946298	0.00554725	2.91005	8.8E-02	2.61936	1.1E-01
rs1731260	2	26953354	0.471406	G	T	0.525426	0.997367	0.00243766	9.6E-01	0.000599842	0.00401066	0.0223688	8.8E-01	0.0407006	8.4E-01
rs10153926	2	43189120	0.673364	G	A	0.785344	0.98004	0.187822	6.6E-01	0.00335439	0.00492364	0.464146	5.0E-01	0.283535	5.9E-01
rs17326656	2	48962291	0.765285	G	T	0.762394	0.991513	8.4348	3.7E-03	0.0128968	0.00473007	7.43406	6.4E-03	10.211	1.4E-03
rs62141921	2	58590687	0.848728	G	A	0.840999	0.992362	3.42909	6.4E-02	-0.00968075	0.00547324	3.12844	7.7E-02	2.60394	1.1E-01
rs13428870	2	58956557	0.850032	T	G	0.698619	0.989274	0.379975	5.4E-01	0.00170942	0.00439145	0.151525	7.0E-01	0.192273	6.6E-01
rs2195086	2	60814466	0.873878	T	G	0.83582	0.991606	5.07493	2.4E-02	0.0110636	0.00541922	4.1679	4.1E-02	4.77661	2.9E-02
rs6716270	2	66201731	0.917171	T	C	0.851701	1	1.4312	2.3E-01	0.0074708	0.00563355	1.75861	1.8E-01	1.3665	2.4E-01
rs659116	2	67666133	0.937104	T	G	0.542915	0.997911	0.00857021	9.3E-01	-0.000304477	0.00403245	0.00570126	9.4E-01	0.00302633	9.6E-01
rs12621286	2	67785566	0.938314	T	C	0.712692	0.98911	2.19074	1.4E-01	-0.00593851	0.00445026	1.78067	1.8E-01	2.34309	1.3E-01
rs12712049	2	100208830	1.21955	A	G	0.176997	0.985519	0.769868	3.8E-01	-0.00492634	0.00527919	0.87079	3.5E-01	0.956738	3.3E-01
rs11680586	2	100746207	1.22171	G	T	0.763215	0.996151	4.50082	3.4E-02	-0.00929558	0.00471072	3.89385	4.8E-02	3.69089	5.5E-02
rs41465348	2	112242612	1.33908	G	T	0.817869	0.933063	1.25659	2.6E-01	-0.00548556	0.00538303	1.03846	3.1E-01	0.832325	3.6E-01
rs111595567	2	114462089	1.35944	C	A	0.7845	0.997566	0.977586	3.2E-01	0.00571391	0.00487773	1.37225	2.4E-01	1.80808	1.8E-01
rs10172336	2	119342963	1.39561	G	T	0.490782	0.991549	0.372707	5.4E-01	-0.00211422	0.00401576	0.27718	6.0E-01	0.660507	4.2E-01
rs114666647	2	158393301	1.76187	T	C	0.987556	1	0.0673963	8.0E-01	-0.00648244	0.0180618	0.128812	7.2E-01	0.565446	4.5E-01
rs7560257	2	161085348	1.7867	C	T	0.846896	0.988412	1.61846	2.0E-01	0.00720631	0.00559317	1.66001	2.0E-01	1.43265	2.3E-01
rs78343493	2	165502911	1.8149	G	A	0.879696	0.994826	53.5607	2.5E-13	-0.0430691	0.00616077	48.872	2.7E-12	44.4025	2.7E-11
rs2887185	2	181528597	2.00401	C	A	0.37741	0.997975	5.83161	1.6E-02	0.0111383	0.00413177	7.26717	7.0E-03	7.62411	5.8E-03
rs3114926	2	187733699	2.04022	T	A	0.732729	0.996136	0.0843106	7.7E-01	-0.00138776	0.00453044	0.093831	7.6E-01	0.000150888	9.9E-01
rs7597487	2	200717641	2.13782	G	A	0.4462	0.997798	0.117156	7.3E-01	0.00162763	0.00403669	0.162579	6.9E-01	0.246256	6.2E-01
rs16846100	2	212278218	2.24429	C	A	0.731067	0.991398	2.84951	9.1E-02	0.0076325	0.00454564	2.81931	9.3E-02	3.16994	7.5E-02
rs7599312	2	213413231	2.26194	G	A	0.732805	0.980994	0.207921	6.5E-01	0.00215411	0.00456866	0.222309	6.4E-01	0.123334	7.3E-01
rs13429408	2	219142860	2.33572	C	A	0.437636	0.999543	0.0657817	8.0E-01	-0.00130262	0.00402648	0.10466	7.5E-01	0.000151437	9.9E-01
rs7589153	2	230549844	2.50173	A	G	0.448934	0.993474	0.0832938	7.7E-01	0.0013886	0.0040367	0.118332	7.3E-01	0.0834364	7.7E-01
rs72980197	2	239268619	2.66777	G	T	0.945215	1	1.57356	2.1E-01	-0.0111537	0.00878403	1.61233	2.0E-01	1.06422	3.0E-01
rs4686340	3	9345218	0.248513	A	C	0.245634	0.979708	1.74239	1.9E-01	-0.00669695	0.00471371	2.0185	1.6E-01	1.78604	1.8E-01
rs2600230	3	12038629	0.296833	T	A	0.172563	0.999419	0.529092	4.7E-01	0.0063226	0.00530088	1.42264	2.3E-01	1.05081	3.1E-01
rs1962515	3	12611269	0.299386	T	C	0.402697	0.99673	0.321	5.7E-01	0.00219297	0.00409002	0.287484	5.9E-01	0.53611	4.6E-01
rs2455806	3	15705397	0.355658	T	A	0.685985	0.991689	2.85777	9.1E-02	-0.00702925	0.00434318	2.6194	1.1E-01	4.11456	4.3E-02
rs9843488	3	33838124	0.583292	T	G	0.731851	0.986529	2.47375	1.2E-01	0.00712616	0.0045603	2.44188	1.2E-01	3.04833	8.1E-02
rs11928128	3	35516974	0.595221	T	C	0.862132	0.990586	1.04097	3.1E-01	0.00496923	0.00581682	0.729806	3.9E-01	1.33923	2.5E-01
rs4683301	3	46931478	0.687602	A	T	0.40228	0.992469	15.2767	9.3E-05	0.0150089	0.00409793	13.4144	2.5E-04	15.871	6.8E-05
rs7633840	3	48719638	0.689719	T	C	0.334732	0.949007	0.135905	7.1E-01	0.00316969	0.00435758	0.529107	4.7E-01	0.274106	6.0E-01
rs7613360	3	49916710	0.690238	C	T	0.605285	0.997092	6.36329	1.2E-02	0.00977985	0.00410117	5.68654	1.7E-02	6.58111	1.0E-02
rs9311841	3	62478786	0.829707	C	T	0.266611	0.989049	2.03054	1.5E-01	0.00647265	0.00456948	2.00646	1.6E-01	2.08942	1.5E-01
rs73124286	3	64667059	0.870966	G	T	0.716973	0.955989	3.42402	6.4E-02	-0.00741396	0.00455621	2.64785	1.0E-01	2.97688	8.4E-02
rs10510927	3	64750744	0.872079	A	C	0.554589	0.997963	0.002576	9.6E-01	-0.000562528	0.00403397	0.0194456	8.9E-01	0.0106063	9.2E-01
rs4123668	3	82629523	1.08298	T	C	0.597578	0.994471	0.0294733	8.6E-01	-0.000579927	0.00409576	0.0200484	8.9E-01	2.07951e-05	1.0E+00
rs9876664	3	85806313	1.08996	G	T	0.623459	0.99373	1.38009	2.4E-01	-0.0046676	0.00414741	1.26658	2.6E-01	0.999505	3.2E-01
rs1580100	3	93980841	1.10443	T	A	0.48363	0.99821	2.37605	1.2E-01	-0.00567888	0.00401426	2.00131	1.6E-01	2.19085	1.4E-01
rs11708733	3	128039895	1.41818	G	A	0.952759	0.983201	0.964349	3.3E-01	0.00799961	0.00953513	0.703857	4.0E-01	0.380981	5.4E-01
rs143418767	3	129105690	1.42548	G	A	0.980985	0.944053	0.122002	7.3E-01	0.000967162	0.0150885	0.00410869	9.5E-01	0.0837851	7.7E-01
rs7624428	3	131516596	1.44298	T	A	0.73313	0.992487	0.214689	6.4E-01	0.00328064	0.00455218	0.519372	4.7E-01	0.907988	3.4E-01
rs13071085	3	136014923	1.49397	G	A	0.874037	0.99558	59.2699	1.4E-14	-0.0473762	0.00604571	61.408	4.6E-15	64.5139	9.6E-16
rs111398337	3	138328016	1.50606	C	T	0.455117	0.996909	0.787863	3.7E-01	-0.00422636	0.00402687	1.10153	2.9E-01	1.83013	1.8E-01
rs62271373	3	150066540	1.64339	T	A	0.940057	0.95946	24.4625	7.6E-07	0.0439767	0.00860085	26.1434	3.2E-07	31.2301	2.3E-08
rs9865431	3	156351718	1.71006	T	A	0.852687	0.993895	1.85354	1.7E-01	-0.00739929	0.00566701	1.7048	1.9E-01	2.28276	1.3E-01
rs13091300	3	168927453	1.77934	C	T	0.617544	0.9977	3.60677	5.8E-02	-0.00797652	0.00411813	3.75169	5.3E-02	3.92405	4.8E-02
rs4894803	3	171800256	1.82113	A	G	0.59062	0.987681	2.55547	1.1E-01	0.00635367	0.00410589	2.39461	1.2E-01	3.11318	7.8E-02
rs12638263	3	185795855	2.0212	A	C	0.807145	0.995698	3.7977	5.1E-02	0.00982877	0.00509201	3.7258	5.4E-02	3.3214	6.8E-02
rs2248422	3	187668469	2.0681	T	C	0.79676	1	2.76257	9.6E-02	0.0079728	0.00499056	2.55225	1.1E-01	2.66931	1.0E-01
rs7697256	4	848335	0.00782825	C	T	0.72746	0.999147	7.71753	5.5E-03	-0.0124777	0.00450137	7.68383	5.6E-03	7.44791	6.4E-03
rs4690071	4	3086753	0.0324892	A	T	0.641787	0.991623	23.0384	1.6E-06	-0.0196268	0.00419752	21.8632	2.9E-06	23.8188	1.1E-06
rs1912897	4	26006133	0.455942	A	T	0.794106	0.98817	17.3564	3.1E-05	0.0216827	0.00498129	18.9472	1.3E-05	16.9078	3.9E-05
rs2871198	4	26292555	0.461345	C	T	0.389909	0.964896	0.713847	4.0E-01	-0.00420693	0.00418105	1.01242	3.1E-01	1.14691	2.8E-01
rs13130484	4	45175691	0.679813	C	T	0.566923	0.996273	0.660868	4.2E-01	0.0024214	0.00405017	0.357427	5.5E-01	0.451019	5.0E-01
rs819266	4	56235592	0.73028	T	C	0.711983	0.998836	0.436873	5.1E-01	-0.0030819	0.00443582	0.482713	4.9E-01	0.386403	5.3E-01
rs4472161	4	78625750	0.926383	A	C	0.140858	0.990092	2.43268	1.2E-01	0.00787923	0.0057759	1.86092	1.7E-01	1.74294	1.9E-01
rs9991751	4	89642436	1.0486	G	A	0.847364	0.999558	13.3338	2.6E-04	-0.0205082	0.00558172	13.4995	2.4E-04	13.489	2.4E-04
rs904092	4	100214164	1.13019	A	G	0.176585	1	1.61053	2.0E-01	0.00811319	0.00524994	2.38822	1.2E-01	2.09857	1.5E-01
rs4525978	4	102133144	1.14847	C	T	0.266365	0.992964	3.07522e-06	1.0E+00	-0.000627476	0.00455142	0.0190064	8.9E-01	0.13676	7.1E-01
rs769668	4	140858717	1.49525	T	C	0.655583	0.988947	6.082	1.4E-02	-0.010503	0.00425223	6.10085	1.4E-02	5.99728	1.4E-02
rs7692554	4	145536336	1.5383	G	A	0.572163	0.998925	1.12548	2.9E-01	-0.00388285	0.00403849	0.924408	3.4E-01	1.80088	1.8E-01
rs639744	5	3949504	0.10119	C	T	0.334393	0.993555	9.39487	2.2E-03	-0.0137139	0.00426838	10.3227	1.3E-03	9.03535	2.6E-03
rs12658939	5	53268762	0.644749	T	C	0.887728	0.983337	0.0819517	7.7E-01	-0.00220933	0.00638894	0.119582	7.3E-01	0.153757	6.9E-01
rs115865075	5	55776257	0.679598	C	T	0.987426	0.93412	3.62392	5.7E-02	0.031061	0.0185504	2.80367	9.4E-02	3.8231	5.1E-02
rs588898	5	55797382	0.680156	G	A	0.874484	0.995997	17.7817	2.5E-05	-0.0240939	0.00605828	15.8166	7.0E-05	17.7261	2.6E-05
rs34696	5	66292389	0.770621	C	A	0.447793	0.986394	3.55297	5.9E-02	-0.00802347	0.00405623	3.91273	4.8E-02	4.80986	2.8E-02
rs253407	5	74926778	0.860943	A	G	0.278524	1	3.32831	6.8E-02	0.00773908	0.0044725	2.99418	8.4E-02	3.05884	8.0E-02
rs13167306	5	76574841	0.89346	C	T	0.679878	0.993031	1.36694	2.4E-01	-0.00492511	0.00431734	1.30137	2.5E-01	1.28065	2.6E-01
rs247916	5	87530253	1.0143	A	C	0.790166	0.984893	0.688336	4.1E-01	-0.00304509	0.00495284	0.378	5.4E-01	0.498805	4.8E-01
rs7733438	5	87986284	1.0155	T	G	0.863301	0.981904	1.5219	2.2E-01	0.00774015	0.00588096	1.73222	1.9E-01	2.00293	1.6E-01
rs6869862	5	103886213	1.12287	T	G	0.519002	0.997607	3.72126	5.4E-02	0.00796608	0.0040157	3.9352	4.7E-02	4.94942	2.6E-02
rs11241196	5	112535956	1.19975	G	A	0.317525	0.991452	0.318105	5.7E-01	-0.00257562	0.00431917	0.355601	5.5E-01	0.610301	4.3E-01
rs12332329	5	118721694	1.27467	G	A	0.717104	0.991939	7.74364	5.4E-03	-0.0136361	0.00446711	9.31814	2.3E-03	9.14443	2.5E-03
rs4705986	5	132349654	1.39065	T	G	0.936459	0.978165	5.77951	1.6E-02	-0.0218548	0.00830859	6.91894	8.5E-03	6.41762	1.1E-02
rs10477191	5	142077715	1.49476	A	G	0.949961	0.911257	0.183367	6.7E-01	0.00743527	0.00961882	0.597518	4.4E-01	0.531012	4.7E-01
rs10035289	5	153095918	1.63982	A	G	0.466786	0.997256	2.22997	1.4E-01	-0.0058485	0.00401214	2.1249	1.4E-01	1.77396	1.8E-01
rs2871924	5	155770918	1.66035	C	T	0.296888	0.995839	0.0952475	7.6E-01	0.00277091	0.00438158	0.399929	5.3E-01	0.468309	4.9E-01
rs254800	5	172925741	1.91983	T	G	0.516581	0.99624	0.108107	7.4E-01	0.00201198	0.00400646	0.252188	6.2E-01	0.510034	4.8E-01
rs58895838	5	173269956	1.92938	A	G	0.759007	0.980237	0.0414318	8.4E-01	-0.00059796	0.00472688	0.0160027	9.0E-01	1.98813e-07	1.0E+00
rs244722	5	176534724	2.00012	A	C	0.491774	0.980953	14.9405	1.1E-04	0.0156786	0.00404568	15.0187	1.1E-04	15.9693	6.4E-05
rs1294447	6	6724416	0.18091	T	C	0.493581	0.983229	0.451089	5.0E-01	-0.0029251	0.00403208	0.526287	4.7E-01	1.02369	3.1E-01
rs13207230	6	7041700	0.194689	G	A	0.467706	0.982104	0.331486	5.6E-01	0.00246308	0.00404752	0.370319	5.4E-01	0.537973	4.6E-01
rs4715912	6	14506240	0.314195	C	G	0.749538	0.953352	0.577768	4.5E-01	-0.00375502	0.00471969	0.632989	4.3E-01	0.817687	3.7E-01
rs4134943	6	20483407	0.409015	C	T	0.797164	1	5.84403	1.6E-02	-0.0114165	0.00497808	5.25944	2.2E-02	5.56348	1.8E-02
rs2523729	6	30137387	0.505324	G	A	0.865283	1	1.95294	1.6E-01	-0.00896938	0.00584763	2.35269	1.3E-01	3.08216	7.9E-02
rs114376405	6	30770701	0.507083	G	A	0.988645	0.994696	0.584485	4.4E-01	0.0280101	0.0189333	2.18865	1.4E-01	2.61733	1.1E-01
rs9266618	6	31346166	0.513027	C	A	0.0957795	0.921596	4.69165	3.0E-02	0.0152546	0.00704962	4.68241	3.0E-02	4.96961	2.6E-02
rs28890929	6	32466173	0.520296	G	T	0.767516	0.646356	1.12957	2.9E-01	-0.00560684	0.00582764	0.925658	3.4E-01	1.17347	2.8E-01
rs150459394	6	34185960	0.545771	A	T	0.929914	0.979787	3.74406	5.3E-02	0.0156286	0.00790914	3.90462	4.8E-02	3.26503	7.1E-02
rs6901866	6	43260660	0.66972	T	C	0.706104	0.996521	0.0299105	8.6E-01	-0.000465163	0.0043983	0.0111851	9.2E-01	8.49499e-05	9.9E-01
rs9381248	6	43734606	0.675407	C	T	0.878168	0.993046	9.78417	1.8E-03	0.0187631	0.00614579	9.32082	2.3E-03	8.3035	4.0E-03
rs9395885	6	53745477	0.782866	C	T	0.917223	0.99848	2.32573	1.3E-01	0.0131029	0.00726523	3.25262	7.1E-02	3.16168	7.5E-02
rs2505949	6	80804414	0.920772	A	G	0.620204	0.988477	1.05775	3.0E-01	-0.00320982	0.00414462	0.599781	4.4E-01	1.0604	3.0E-01
rs2496690	6	81346504	0.922438	A	G	0.376754	0.992012	0.311217	5.8E-01	0.00246408	0.00415918	0.350988	5.5E-01	0.607851	4.4E-01
rs1322863	6	85720325	0.951167	G	A	0.936492	0.998184	0.318458	5.7E-01	0.00604891	0.008209	0.542968	4.6E-01	0.505348	4.8E-01
rs17448885	6	97385975	1.0576	C	G	0.658737	0.996471	1.48521	2.2E-01	-0.00427704	0.00423557	1.01968	3.1E-01	1.60592	2.1E-01
rs17297752	6	97915394	1.05968	C	A	0.730989	0.998619	18.685	1.5E-05	-0.0179661	0.00451946	15.8029	7.0E-05	17.3546	3.1E-05
rs9401452	6	98452680	1.0624	T	C	0.606196	0.998799	0.908363	3.4E-01	-0.00339111	0.00410033	0.683987	4.1E-01	0.677853	4.1E-01
rs2256268	6	100599389	1.08112	C	T	0.828914	0.990083	3.72811	5.4E-02	0.010276	0.00534718	3.69321	5.5E-02	4.72702	3.0E-02
rs12206094	6	108906200	1.17855	C	T	0.71927	0.997161	2.11043	1.5E-01	-0.00837096	0.00446812	3.50994	6.1E-02	3.82531	5.0E-02
rs4946445	6	120157197	1.26007	A	G	0.767913	0.994369	1.28123	2.6E-01	-0.00698331	0.00475609	2.15587	1.4E-01	1.46792	2.3E-01
rs9375417	6	126248374	1.3252	T	C	0.495328	0.999041	1.2497	2.6E-01	0.00354733	0.00400106	0.786055	3.8E-01	1.13771	2.9E-01
rs62437220	6	127353873	1.32766	T	A	0.953312	0.986017	14.4349	1.5E-04	0.0367096	0.00954815	14.7816	1.2E-04	15.6557	7.6E-05
rs2908519	6	139824373	1.50295	T	G	0.348226	0.994382	28.4924	9.4E-08	0.0209732	0.00419151	25.0373	5.6E-07	23.2242	1.4E-06
rs7453812	6	153405199	1.66319	T	G	0.0494718	0.995743	5.59051	1.8E-02	0.0211087	0.00926774	5.18772	2.3E-02	5.99267	1.4E-02
rs2282137	6	160468180	1.77084	G	A	0.984063	0.989502	56.7879	4.9E-14	-0.121281	0.0160514	57.0898	4.2E-14	55.9603	7.4E-14
rs6955431	7	20444060	0.358689	T	C	0.69178	0.986954	5.86511	1.5E-02	-0.0108371	0.00436652	6.15969	1.3E-02	8.86482	2.9E-03
rs960589	7	25823647	0.43812	A	C	0.837373	0.976235	4.70531	3.0E-02	0.0121404	0.00548757	4.89444	2.7E-02	4.80039	2.8E-02
rs12671127	7	26309246	0.44373	C	T	0.632826	0.988487	6.23666	1.3E-02	-0.0104756	0.00416797	6.31694	1.2E-02	5.60703	1.8E-02
rs2189239	7	27237453	0.453427	C	T	0.917946	0.977954	1.42964	2.3E-01	-0.00854224	0.0073881	1.33684	2.5E-01	1.92529	1.7E-01
rs2715135	7	50750128	0.768412	T	G	0.360162	0.995982	3.36566	6.7E-02	-0.00925769	0.00417744	4.91116	2.7E-02	4.89595	2.7E-02
rs78702390	7	68618770	0.862671	G	C	0.940064	0.983166	11.8628	5.7E-04	-0.0301243	0.00851874	12.505	4.1E-04	12.6706	3.7E-04
rs1178979	7	72856430	0.899612	T	C	0.80296	1	182.281	1.5E-41	-0.0690473	0.00503473	188.079	8.3E-43	192.202	1.1E-43
rs12669521	7	77047102	0.934164	A	G	0.661642	0.98421	3.74297	5.3E-02	-0.00884071	0.00426852	4.28964	3.8E-02	5.31493	2.1E-02
rs917154	7	99020806	1.15524	A	G	0.844107	0.995198	1.42487	2.3E-01	-0.007358	0.00553827	1.76511	1.8E-01	1.98106	1.6E-01
rs2470937	7	104579775	1.19833	T	A	0.548378	0.996384	5.32542	2.1E-02	0.00959193	0.00402742	5.67229	1.7E-02	5.80756	1.6E-02
rs13226446	7	116888161	1.32093	A	G	0.945828	1	0.0556458	8.1E-01	0.00114384	0.00886237	0.0166582	9.0E-01	0.00285606	9.6E-01
rs12154627	7	130422934	1.4017	T	C	0.50585	0.97487	40.5352	1.9E-10	-0.0263577	0.00405201	42.313	7.8E-11	46.9518	7.3E-12
rs17168896	7	136712058	1.48048	G	A	0.852027	0.988117	0.216055	6.4E-01	-0.00196175	0.00567546	0.119477	7.3E-01	0.0428064	8.4E-01
rs330096	8	9171595	0.251664	G	C	0.758049	0.971568	44.4451	2.6E-11	0.0319551	0.00474251	45.4007	1.6E-11	46.0755	1.1E-11
rs13277738	8	18241507	0.434993	C	T	0.850402	0.99455	51.9855	5.6E-13	0.0400612	0.00561051	50.985	9.3E-13	53.8116	2.2E-13
rs62496677	8	19636940	0.469846	A	C	0.808002	0.995456	101.165	8.5E-24	-0.0494894	0.00507648	95.0385	1.9E-22	101.242	8.1E-24
rs74441678	8	19863114	0.472815	A	G	0.984436	0.957587	94.6701	2.2E-22	0.163636	0.0165408	97.869	4.5E-23	98.3424	3.5E-23
rs147649176	8	19941197	0.473738	C	A	0.984873	0.966297	47.7721	4.8E-12	0.118788	0.0166529	50.8818	9.8E-13	53.724	2.3E-13
rs7815496	8	38321607	0.69461	C	T	0.597702	0.996532	16.7916	4.2E-05	0.0158833	0.00407168	15.2172	9.6E-05	15.1216	1.0E-04
rs62506196	8	60264465	0.832656	A	C	0.841337	0.99445	2.46997	1.2E-01	0.0084405	0.00548799	2.36543	1.2E-01	3.64049	5.6E-02
rs7841468	8	68195769	0.884684	T	C	0.715739	0.999146	3.44799	6.3E-02	0.00698491	0.0044313	2.48462	1.1E-01	2.41612	1.2E-01
rs146492163	8	72386394	0.950025	G	T	0.969192	0.960969	12.8442	3.4E-04	0.0409015	0.0118146	11.9851	5.4E-04	13.3441	2.6E-04
rs16937731	8	72531891	0.950652	C	T	0.969553	0.996682	1.02466	3.1E-01	0.0124648	0.0116432	1.14611	2.8E-01	1.05622	3.0E-01
rs7824350	8	73452488	0.974093	A	G	0.403692	0.994411	9.03093	2.7E-03	-0.0140509	0.00409061	11.7987	5.9E-04	10.2036	1.4E-03
rs144435165	8	126419938	1.45107	G	C	0.945037	0.785853	46.7765	8.0E-12	0.0686003	0.00987994	48.2107	3.8E-12	47.1644	6.5E-12
rs2954018	8	126477153	1.45319	C	T	0.29933	0.998357	238.338	9.1E-54	-0.0690761	0.00436779	250.11	2.5E-56	261.532	8.0E-59
rs10107982	8	128318755	1.49	T	C	0.725351	0.988462	4.77945	2.9E-02	0.00975277	0.00449639	4.70466	3.0E-02	3.44245	6.4E-02
rs4740619	9	15634326	0.341844	T	C	0.551261	0.999021	3.89624	4.8E-02	-0.00846295	0.00403501	4.399	3.6E-02	3.64803	5.6E-02
rs1412234	9	28410683	0.543029	T	C	0.672099	0.991293	0.912791	3.4E-01	0.00444188	0.00427905	1.07755	3.0E-01	1.58684	2.1E-01
rs1680490	9	29642688	0.558374	A	G	0.642012	0.991873	0.376463	5.4E-01	0.00254857	0.00419622	0.368872	5.4E-01	0.421518	5.2E-01
rs12001634	9	94186527	1.11918	T	A	0.660665	0.996234	4.85016	2.8E-02	-0.0082161	0.00424386	3.74808	5.3E-02	4.88053	2.7E-02
rs2131919	9	95283887	1.12689	A	G	0.836098	0.999136	3.85779	5.0E-02	0.0112446	0.00541463	4.31271	3.8E-02	2.4967	1.1E-01
rs7873003	9	96392945	1.13399	T	C	0.321009	0.990354	7.16319	7.4E-03	-0.0124025	0.0043166	8.25531	4.1E-03	8.92774	2.8E-03
rs56285369	9	96712312	1.1418	C	T	0.693118	0.995095	0.0425828	8.4E-01	6.40814e-05	0.00436041	0.000215978	9.9E-01	0.00866929	9.3E-01
rs12686004	9	107653426	1.24316	G	A	0.885408	1	0.00425001	9.5E-01	0.000128894	0.00628628	0.000420415	9.8E-01	3.95325e-06	1.0E+00
rs10991414	9	107685589	1.24582	T	C	0.860554	0.989408	7.34076	6.7E-03	0.0156231	0.00581684	7.21372	7.2E-03	7.46788	6.3E-03
rs73519946	9	107868862	1.24912	A	T	0.958271	0.989128	0.48684	4.9E-01	0.00720772	0.0100926	0.51002	4.8E-01	0.340284	5.6E-01
rs72607161	9	111792640	1.3053	T	C	0.706082	0.997033	5.33124	2.1E-02	-0.00935645	0.00440807	4.50531	3.4E-02	4.47776	3.4E-02
rs2799465	9	126544609	1.50625	T	C	0.864225	0.996021	0.00736614	9.3E-01	-0.000424186	0.0058533	0.00525182	9.4E-01	0.127469	7.2E-01
rs4382592	9	134870755	1.63189	T	G	0.300732	0.996468	4.33073	3.7E-02	-0.00953271	0.00438424	4.72764	3.0E-02	3.49218	6.2E-02
rs28647893	9	136994893	1.69152	C	T	0.505629	0.998355	0.0358866	8.5E-01	-0.00163094	0.0040115	0.165295	6.8E-01	0.180222	6.7E-01
rs12774134	10	4963327	0.105411	C	T	0.88526	1	0.00676736	9.3E-01	0.000130343	0.00628235	0.000430457	9.8E-01	0.00708415	9.3E-01
rs7923552	10	21687123	0.466325	G	A	0.555867	0.968501	3.60579	5.8E-02	0.00773832	0.00410873	3.54714	6.0E-02	3.64944	5.6E-02
rs2808104	10	32112728	0.602723	C	T	0.785657	0.99976	0.277483	6.0E-01	-0.00262142	0.0048812	0.288416	5.9E-01	0.719984	4.0E-01
rs145952040	10	33461248	0.609107	T	C	0.959765	0.938566	7.0406	8.0E-03	0.0294194	0.010525	7.81313	5.2E-03	8.32209	3.9E-03
rs10827252	10	33672884	0.612425	A	G	0.492282	0.997479	2.65241	1.0E-01	0.00696828	0.00401622	3.01034	8.3E-02	3.98667	4.6E-02
rs743104	10	34162510	0.623368	C	T	0.851826	0.987738	1.17956	2.8E-01	0.0059535	0.0056692	1.10281	2.9E-01	1.07575	3.0E-01
rs7070670	10	61842645	0.8423	C	T	0.672129	0.984388	5.24074	2.2E-02	-0.00979479	0.00428734	5.21934	2.2E-02	5.00859	2.5E-02
rs7919055	10	63808475	0.859585	T	C	0.967188	0.982852	3.3658	6.7E-02	0.0228732	0.0113563	4.05678	4.4E-02	5.05366	2.5E-02
rs2036791	10	64834352	0.870392	A	T	0.599639	0.999771	17.3053	3.2E-05	-0.0159597	0.00409301	15.2042	9.6E-05	15.615	7.8E-05
rs780157	10	80904701	1.06507	A	C	0.474862	0.956984	9.77083	1.8E-03	0.0116475	0.00409463	8.09157	4.4E-03	7.51673	6.1E-03
rs3814614	10	88128281	1.14764	A	G	0.494534	0.997451	6.64767	9.9E-03	-0.00944597	0.00401722	5.52894	1.9E-02	5.91033	1.5E-02
rs117471638	10	93158084	1.20378	G	A	0.979357	1	0.504677	4.8E-01	0.0122665	0.0141052	0.756281	3.8E-01	0.95835	3.3E-01
rs1776209	10	93810872	1.20851	A	G	0.708687	0.988042	8.89658	2.9E-03	-0.0139558	0.00442709	9.93735	1.6E-03	9.0032	2.7E-03
rs71486238	10	115851703	1.41669	T	A	0.784322	0.994861	0.649629	4.2E-01	0.00539817	0.00488509	1.22109	2.7E-01	1.53267	2.2E-01
rs4751824	10	122833913	1.52693	G	A	0.911449	0.998329	0.72343	4.0E-01	0.00675312	0.0070649	0.913687	3.4E-01	1.12427	2.9E-01
rs61876729	11	778857	0.0107507	A	G	0.906207	0.981631	3.53398	6.0E-02	-0.0121989	0.00692603	3.10223	7.8E-02	3.38224	6.6E-02
rs12790154	11	8405148	0.189404	G	A	0.803138	0.997888	0.0191575	8.9E-01	2.26453e-05	0.00503776	2.0206e-05	1.0E+00	0.122212	7.3E-01
rs1128559	11	8637191	0.189966	G	C	0.17507	0.998605	0.0599176	8.1E-01	-0.000404396	0.00527345	0.00588064	9.4E-01	0.018072	8.9E-01
rs2403265	11	10065246	0.198625	T	C	0.502995	0.996805	5.44117	2.0E-02	-0.0108834	0.00401253	7.35682	6.7E-03	8.03713	4.6E-03
rs11030003	11	27455582	0.463971	C	T	0.312992	0.984085	23.378	1.3E-06	-0.0201288	0.00434718	21.4398	3.7E-06	26.6521	2.4E-07
rs605765	11	30217503	0.478898	C	T	0.390281	0.991456	9.00882	2.7E-03	-0.0126024	0.00411602	9.37459	2.2E-03	7.93252	4.9E-03
rs2679059	11	43599791	0.621966	A	T	0.4028	0.990165	3.26944	7.1E-02	-0.00879963	0.00410658	4.59166	3.2E-02	5.99936	1.4E-02
rs7950696	11	47481533	0.66531	T	C	0.554089	0.999458	1.16166	2.8E-01	-0.00437871	0.00402868	1.18132	2.8E-01	1.45303	2.3E-01
rs174528	11	61543499	0.703973	T	C	0.622738	0.995598	102.742	3.8E-24	0.041847	0.00412944	102.694	3.9E-24	104.68	1.4E-24
rs2509962	11	62309787	0.714476	T	C	0.533094	0.974723	5.05125	2.5E-02	0.00827001	0.00406019	4.14878	4.2E-02	4.75674	2.9E-02
rs12789028	11	65326154	0.738086	G	A	0.802639	0.99704	3.54096	6.0E-02	0.0075464	0.00504628	2.23634	1.3E-01	3.03802	8.1E-02
rs11227413	11	65883696	0.740756	G	A	0.813675	0.996399	11.4521	7.1E-04	0.0168451	0.00515297	10.6864	1.1E-03	11.1884	8.2E-04
rs11234305	11	84854732	0.937563	T	C	0.795827	0.988191	2.07155	1.5E-01	0.00738265	0.00499498	2.18452	1.4E-01	2.13022	1.4E-01
rs3018970	11	102942989	1.11538	A	C	0.732698	0.991722	3.43687	6.4E-02	-0.00903442	0.00454632	3.94894	4.7E-02	3.10988	7.8E-02
rs568038	11	111432161	1.18722	G	T	0.292879	0.997478	0.1286	7.2E-01	0.00113247	0.00440487	0.0660975	8.0E-01	0.0642158	8.0E-01
rs10502172	11	113199146	1.20415	C	T	0.518835	1	0.00630165	9.4E-01	-0.00134027	0.00400081	0.112225	7.4E-01	0.0905917	7.6E-01
rs141584077	11	116523304	1.2596	A	T	0.921624	0.881057	105.671	8.7E-25	0.0810553	0.00793243	104.412	1.6E-24	104.018	2.0E-24
rs747249	11	130271647	1.49781	A	G	0.360417	0.986641	0.224511	6.4E-01	0.00282571	0.00420137	0.452348	5.0E-01	0.214932	6.4E-01
rs6590683	11	133110361	1.57589	T	C	0.498199	0.978325	1.36588	2.4E-01	-0.00421568	0.00404819	1.08446	3.0E-01	1.1959	2.7E-01
rs11611246	12	939480	0.0208836	G	T	0.789679	0.996657	0.402723	5.3E-01	0.00245715	0.00491507	0.249923	6.2E-01	0.354634	5.5E-01
rs34322	12	12879570	0.279977	T	C	0.477211	1	0.179418	6.7E-01	-0.00161626	0.00400824	0.162598	6.9E-01	0.0955921	7.6E-01
rs10771260	12	26253557	0.45721	A	C	0.609092	0.995844	5.41555	2.0E-02	0.0097953	0.00411226	5.67381	1.7E-02	6.85154	8.9E-03
rs10844645	12	33737099	0.546138	C	T	0.612236	0.998433	3.6341	5.7E-02	-0.00862013	0.00411115	4.39645	3.6E-02	3.2764	7.0E-02
rs2733269	12	41866717	0.562712	A	G	0.44747	1	0.0171488	9.0E-01	-0.00132727	0.00402819	0.108568	7.4E-01	0.008817	9.3E-01
rs11169170	12	50223013	0.630263	C	T	0.528796	0.996913	1.45081	2.3E-01	0.00488569	0.00402276	1.47504	2.2E-01	0.89253	3.4E-01
rs3847783	12	54320692	0.682622	C	T	0.318019	0.99235	0.957905	3.3E-01	-0.00412279	0.00430272	0.91811	3.4E-01	1.05039	3.1E-01
rs894738	12	54417525	0.685339	G	A	0.639703	0.990228	4.0311	4.5E-02	-0.00869096	0.00418806	4.30636	3.8E-02	4.81471	2.8E-02
rs7961915	12	66425288	0.795219	A	G	0.213612	0.943584	0.271229	6.0E-01	-0.00203476	0.00502849	0.163738	6.9E-01	0.173665	6.8E-01
rs704067	12	89726027	1.03172	G	A	0.54643	0.989595	0.0971579	7.6E-01	-0.000321885	0.00404369	0.00633644	9.4E-01	0.0561228	8.1E-01
rs7311622	12	98772975	1.15518	C	T	0.532837	0.989082	0.432934	5.1E-01	-0.00173813	0.00402253	0.18671	6.7E-01	0.355189	5.5E-01
rs10778609	12	108545985	1.27639	A	C	0.742853	1	0.0833312	7.7E-01	-0.00104456	0.00458368	0.0519325	8.2E-01	0.0393834	8.4E-01
rs11608693	12	122208968	1.4633	G	A	0.824703	0.882554	2.58513	1.1E-01	-0.00790514	0.00560667	1.98796	1.6E-01	1.2531	2.6E-01
rs4759364	12	123162786	1.46972	C	T	0.820074	1	25.2224	5.1E-07	-0.0287192	0.00521991	30.2704	3.8E-08	30.5657	3.2E-08
rs2049114	12	123657338	1.47171	T	C	0.206764	0.999367	19.7329	8.9E-06	0.0211731	0.00494705	18.3179	1.9E-05	19.672	9.2E-06
rs4765568	12	124479161	1.479	T	C	0.817638	0.993959	10.9157	9.5E-04	-0.0178996	0.00519721	11.8617	5.7E-04	14.9935	1.1E-04
rs3926666	12	124634713	1.48005	C	T	0.316242	1	12.2867	4.6E-04	-0.0157353	0.00430356	13.3689	2.6E-04	12.8523	3.4E-04
rs1928496	13	31012904	0.263323	C	T	0.256087	1	9.13472	2.5E-03	0.014521	0.00459154	10.0017	1.6E-03	8.97486	2.7E-03
rs2475837	13	50535863	0.537065	C	T	0.887658	0.999102	1.74672	1.9E-01	0.00885972	0.00635429	1.94404	1.6E-01	1.92164	1.7E-01
rs77871802	13	50844016	0.538491	A	G	0.965631	0.994358	1.43917	2.3E-01	-0.0165579	0.01105	2.24537	1.3E-01	2.7062	1.0E-01
rs1379828	13	54396602	0.569676	C	T	0.20343	0.995912	1.66023	2.0E-01	-0.00602786	0.00498375	1.4629	2.3E-01	1.62247	2.0E-01
rs1441264	13	79580919	0.787841	G	A	0.405243	0.956515	2.68882	1.0E-01	0.00678113	0.00416956	2.64499	1.0E-01	2.41088	1.2E-01
rs1160709	13	93884256	0.892481	T	C	0.486099	0.998245	1.38928	2.4E-01	0.00500186	0.00401114	1.555	2.1E-01	1.71647	1.9E-01
rs664532	13	110932363	1.2151	T	C	0.427688	0.989961	2.17324	1.4E-01	0.0058699	0.00406367	2.08653	1.5E-01	2.13077	1.4E-01
rs10132280	14	25928179	0.161964	C	A	0.696858	0.989051	12.9678	3.2E-04	-0.0157718	0.00437771	12.9799	3.1E-04	11.425	7.2E-04
rs61986159	14	53956168	0.473642	C	T	0.766548	0.998967	1.74651	1.9E-01	0.00573773	0.00474674	1.46113	2.3E-01	1.72603	1.9E-01
rs8012185	14	58668484	0.537795	A	G	0.723205	0.991197	8.13202	4.3E-03	0.0117047	0.00449022	6.79494	9.1E-03	7.02689	8.0E-03
rs2412107	14	65426216	0.591307	G	T	0.78162	0.991281	0.126973	7.2E-01	0.00316454	0.00486401	0.423285	5.2E-01	0.268876	6.0E-01
rs2526886	14	71359064	0.651527	G	T	0.308449	0.995503	11.2194	8.1E-04	0.0144275	0.00434968	11.0019	9.1E-04	10.0977	1.5E-03
rs10146690	14	79890456	0.747911	G	A	0.782491	0.98828	0.300371	5.8E-01	0.00307059	0.00489341	0.393749	5.3E-01	0.380163	5.4E-01
rs7492628	14	91547136	0.882221	C	G	0.683687	0.983193	5.25153	2.2E-02	0.0096552	0.00433609	4.95821	2.6E-02	6.10334	1.3E-02
rs7156191	14	103297847	1.11649	G	C	0.829016	0.996202	7.48295	6.2E-03	0.0141613	0.00532933	7.06091	7.9E-03	7.0831	7.8E-03
rs12441543	15	31689543	0.452834	G	A	0.71304	0.9962	0.16827	6.8E-01	-0.00166937	0.00443284	0.141821	7.1E-01	0.294921	5.9E-01
rs12437696	15	40878474	0.62928	A	G	0.514543	0.998802	0.774522	3.8E-01	-0.00340125	0.00401409	0.717962	4.0E-01	0.678655	4.1E-01
rs62020665	15	43020324	0.640949	C	G	0.912249	0.939942	31.7539	1.7E-08	0.0430738	0.00730146	34.8021	3.6E-09	36.2803	1.7E-09
rs10851523	15	53044002	0.71725	G	C	0.717759	0.993516	0.00121717	9.7E-01	0.00138415	0.0044571	0.0964408	7.6E-01	0.087807	7.7E-01
rs16976760	15	56394169	0.756417	T	G	0.78704	0.997183	4.62718	3.1E-02	0.0108407	0.00490258	4.88947	2.7E-02	4.35513	3.7E-02
rs10152355	15	58671178	0.784742	C	A	0.549955	0.924121	170.171	6.8E-39	-0.0552756	0.00418635	174.339	8.3E-40	186.713	1.7E-42
rs12594923	15	66991665	0.901837	T	C	0.756035	0.995986	1.88299	1.7E-01	0.00636623	0.00468039	1.85012	1.7E-01	1.36612	2.4E-01
rs12439210	15	67822172	0.914262	C	A	0.767285	0.997294	4.97113	2.6E-02	-0.0110484	0.00473924	5.43481	2.0E-02	6.93474	8.5E-03
rs8030477	15	73085815	0.987571	C	T	0.332616	0.996571	2.41812	1.2E-01	0.00673792	0.0042686	2.49162	1.1E-01	2.09226	1.5E-01
rs10851869	15	74331083	0.996085	T	C	0.570474	0.998308	1.01751e-06	1.0E+00	-0.00108413	0.0040506	0.0716352	7.9E-01	0.0772027	7.8E-01
rs11072938	15	81021661	1.05811	C	T	0.730551	0.99862	0.131398	7.2E-01	-0.00207637	0.00451154	0.211816	6.5E-01	0.0285713	8.7E-01
rs66615128	15	92561941	1.21822	G	C	0.785237	0.999315	2.70003	1.0E-01	-0.00865348	0.00487437	3.1517	7.6E-02	4.0909	4.3E-02
rs13335638	16	2136624	0.0436172	T	C	0.8263	0.992856	3.48068	6.2E-02	-0.00819524	0.00530859	2.38323	1.2E-01	3.14595	7.6E-02
rs35108574	16	4370706	0.08231	A	G	0.886062	0.980242	3.33469	6.8E-02	0.0101042	0.00635246	2.53	1.1E-01	3.04621	8.1E-02
rs4787649	16	24700215	0.465896	C	T	0.246065	0.995971	3.15489	7.6E-02	0.00795421	0.00465572	2.91891	8.8E-02	3.29359	7.0E-02
rs2650494	16	28318440	0.541911	A	G	0.582495	0.992404	7.71068	5.5E-03	-0.0125704	0.00406608	9.55761	2.0E-03	9.15378	2.5E-03
rs34286592	16	29820480	0.551885	C	T	0.853439	1	1.32272	2.5E-01	0.00588839	0.00565664	1.08362	3.0E-01	1.45868	2.3E-01
rs79867441	16	29950820	0.553171	C	T	0.932238	0.992347	8.0939	4.4E-03	-0.0211498	0.00798584	7.01411	8.1E-03	6.62873	1.0E-02
rs2047937	16	49864791	0.582147	C	T	0.485483	0.999762	5.69165	1.7E-02	0.00912093	0.00400989	5.17385	2.3E-02	4.82874	2.8E-02
rs11075986	16	53805344	0.645995	C	G	0.919939	0.995968	0.0625476	8.0E-01	0.00326546	0.00737701	0.195942	6.6E-01	0.495319	4.8E-01
rs1800776	16	56995234	0.730202	C	A	0.922461	0.993969	35.9906	2.0E-09	0.0432055	0.00750794	33.1159	8.7E-09	37.1521	1.1E-09
rs73591961	16	67801309	0.850294	G	A	0.90056	0.997652	44.6614	2.3E-11	-0.045578	0.00669984	46.2788	1.0E-11	47.7719	4.8E-12
rs4783718	16	69547741	0.858329	T	C	0.409964	0.963133	9.05256	2.6E-03	-0.0119478	0.00414579	8.30538	4.0E-03	8.84084	2.9E-03
rs9746731	16	81492643	1.04521	A	G	0.410933	0.975045	23.9259	1.0E-06	-0.0206152	0.00410738	25.191	5.2E-07	23.4195	1.3E-06
rs10492861	16	82866767	1.0911	G	T	0.714227	0.98872	1.65475	2.0E-01	0.00495221	0.00445511	1.23561	2.7E-01	1.36269	2.4E-01
rs2760744	17	2017029	0.0688816	T	C	0.706093	0.999866	0.0441304	8.3E-01	0.000882962	0.00439212	0.0404143	8.4E-01	2.16911e-05	1.0E+00
rs6502766	17	3902163	0.111799	C	T	0.805288	0.994964	6.67182	9.8E-03	0.0126151	0.00506314	6.20783	1.3E-02	5.59505	1.8E-02
rs1269402	17	17361137	0.443379	T	C	0.264169	0.990324	0.124224	7.2E-01	-0.00312837	0.00455408	0.471885	4.9E-01	0.500081	4.8E-01
rs7217403	17	21160085	0.471144	C	T	0.33386	0.984489	0.236728	6.3E-01	-0.00155481	0.0042785	0.13206	7.2E-01	0.121018	7.3E-01
rs4796221	17	34831963	0.595053	G	A	0.521542	1	4.66455	3.1E-02	-0.00798194	0.00400843	3.96523	4.6E-02	3.44904	6.3E-02
rs72820902	17	40441048	0.664334	C	T	0.920059	0.98229	13.7815	2.1E-04	0.0280492	0.0074551	14.1558	1.7E-04	13.4671	2.4E-04
rs56214516	17	43836953	0.688645	A	C	0.804476	0.982696	0.0306386	8.6E-01	0.00135189	0.00509826	0.070313	7.9E-01	0.0523604	8.2E-01
rs9892365	17	59491384	0.871045	A	G	0.329894	0.996856	0.0444111	8.3E-01	0.00141582	0.00426932	0.109976	7.4E-01	0.161112	6.9E-01
rs7215551	17	61664740	0.886997	G	A	0.35741	0.990187	1.75894	1.8E-01	0.00640841	0.00421295	2.31381	1.3E-01	1.64902	2.0E-01
rs3936134	17	65814382	0.947689	C	G	0.887489	1	29.8757	4.6E-08	0.0322184	0.00633709	25.8481	3.7E-07	23.9659	9.8E-07
rs236544	17	68229691	0.981625	G	A	0.579444	0.996753	0.363972	5.5E-01	0.00319122	0.00406504	0.616289	4.3E-01	0.89758	3.4E-01
rs11869880	17	73198131	1.09799	T	C	0.785317	0.995073	9.43822	2.1E-03	-0.014628	0.00488283	8.97485	2.7E-03	8.12547	4.4E-03
rs3810068	18	2846499	0.0738566	T	C	0.595835	1	4.26581	3.9E-02	-0.00764076	0.00407612	3.51382	6.1E-02	2.88369	8.9E-02
rs1787013	18	13072979	0.384745	T	C	0.550563	0.99954	0.618691	4.3E-01	0.00224757	0.00402691	0.311519	5.8E-01	0.265938	6.1E-01
rs4310973	18	20707622	0.429126	A	G	0.212403	0.987885	0.592661	4.4E-01	0.0052203	0.00494665	1.1137	2.9E-01	1.35242	2.4E-01
rs505601	18	34280131	0.564322	G	A	0.81101	0.990705	3.42398	6.4E-02	0.00999662	0.00513577	3.78875	5.2E-02	2.84398	9.2E-02
rs4890429	18	40697481	0.611694	T	C	0.73765	0.995191	7.81406	5.2E-03	-0.0133898	0.0045726	8.57471	3.4E-03	8.47128	3.6E-03
rs74475730	18	46578171	0.687072	C	T	0.959907	0.993206	0.295157	5.9E-01	-0.0042009	0.0102451	0.168133	6.8E-01	0.103316	7.5E-01
rs2187176	18	57679365	0.819838	A	G	0.308898	0.982596	3.84324	5.0E-02	0.00794489	0.00438804	3.2782	7.0E-02	2.20048	1.4E-01
rs8097783	18	58051294	0.823036	G	A	0.926154	1	0.23965	6.2E-01	-0.00397263	0.00767745	0.267745	6.0E-01	0.83863	3.6E-01
rs12979965	19	2131148	0.0753026	A	G	0.499421	0.991113	0.318247	5.7E-01	0.00196907	0.00402515	0.239308	6.2E-01	0.269238	6.0E-01
rs547387498	19	8362261	0.273906	G	C	0.969088	0.711917	64.4594	9.9E-16	-0.109486	0.0136806	64.048	1.2E-15	61.6117	4.2E-15
rs10403273	19	19372968	0.4621	C	G	0.837623	0.998891	0.712752	4.0E-01	-0.00462807	0.00543131	0.726092	3.9E-01	1.10302	2.9E-01
rs12461902	19	30265235	0.512848	G	A	0.671201	0.985963	3.24213	7.2E-02	0.0079581	0.00429358	3.43542	6.4E-02	4.12554	4.2E-02
rs73024215	19	33784657	0.561399	T	C	0.929713	0.961977	28.5874	9.0E-08	0.0407856	0.00799061	26.0527	3.3E-07	28.441	9.7E-08
rs77793940	19	34003177	0.562809	T	C	0.916647	0.969314	0.696163	4.0E-01	0.00592113	0.00736109	0.64703	4.2E-01	0.130501	7.2E-01
rs112450640	19	45296364	0.703043	G	A	0.980494	0.986145	97.7081	4.8E-23	0.145026	0.0145846	98.8778	2.7E-23	101.308	7.9E-24
rs118147862	19	45319631	0.704351	G	A	0.954234	0.939129	130.967	2.5E-30	0.112105	0.00989011	128.484	8.8E-30	134.72	3.8E-31
rs147711004	19	45337918	0.704947	G	A	0.963965	0.951931	21.4432	3.6E-06	-0.0532787	0.0109869	23.5157	1.2E-06	21.9886	2.7E-06
rs12979214	19	46157719	0.718332	A	G	0.803842	0.969205	0.0511083	8.2E-01	-0.00160875	0.00511816	0.0987989	7.5E-01	0.057687	8.1E-01
rs431001	19	54813266	0.957116	G	A	0.674132	0.993878	39.9958	2.5E-10	-0.026901	0.00428487	39.4149	3.4E-10	43.1596	5.0E-11
rs8103017	19	55999142	0.996663	C	G	0.705959	0.984581	14.6748	1.3E-04	0.017596	0.00442652	15.8016	7.0E-05	14.6927	1.3E-04
rs805769	20	5667459	0.191037	T	C	0.595692	0.99253	0.16457	6.8E-01	0.00218014	0.00410024	0.282716	5.9E-01	0.436762	5.1E-01
rs1884897	20	6612832	0.214572	A	G	0.371346	0.993838	0.0358444	8.5E-01	-0.00224554	0.00418181	0.288346	5.9E-01	0.401834	5.3E-01
rs7453	20	25207074	0.516203	T	C	0.547962	0.998658	0.364386	5.5E-01	0.00178296	0.00402807	0.195924	6.6E-01	0.277664	6.0E-01
rs1997833	20	39690342	0.597551	T	C	0.699628	0.998963	2.17866	1.4E-01	0.00677468	0.00436347	2.41054	1.2E-01	1.52498	2.2E-01
rs56323232	20	41961907	0.631286	C	T	0.863639	0.984929	1.29197	2.6E-01	-0.00526206	0.00587975	0.800931	3.7E-01	1.47572	2.2E-01
rs6066089	20	45487371	0.689692	G	C	0.69774	0.986322	0.349378	5.5E-01	-0.00343139	0.00439363	0.609947	4.3E-01	1.47241	2.2E-01
rs6013453	20	51026284	0.791367	T	C	0.632527	0.999327	2.28688	1.3E-01	-0.00699175	0.00415169	2.8361	9.2E-02	3.41398	6.5E-02
rs6064557	20	56115153	0.9034	G	A	0.442948	0.999541	6.07262	1.4E-02	0.0105317	0.00401596	6.87734	8.7E-03	6.95852	8.3E-03
rs28451064	21	35593827	0.362865	G	A	0.868938	0.957975	0.0127623	9.1E-01	-0.00122825	0.00607311	0.0409026	8.4E-01	0.0673883	8.0E-01
rs2836139	21	39451403	0.432375	A	G	0.517161	0.9942	0.10732	7.4E-01	0.00302485	0.00403688	0.561457	4.5E-01	1.3081	2.5E-01
rs849453	22	27566619	0.305237	C	G	0.190181	0.996731	1.00236	3.2E-01	-0.0054045	0.00511535	1.11625	2.9E-01	1.27938	2.6E-01
rs9625551	22	29140529	0.338663	G	A	0.979024	0.995212	0.0803926	7.8E-01	-0.00414301	0.0140258	0.0872522	7.7E-01	0.133981	7.1E-01
rs2413338	22	35663523	0.409716	C	T	0.369137	0.988961	0.0627935	8.0E-01	-0.000647128	0.00417015	0.0240812	8.8E-01	0.0067867	9.3E-01
rs801597	22	47190735	0.614737	T	G	0.275448	0.998113	0.0695143	7.9E-01	0.00117302	0.00448381	0.0684409	7.9E-01	0.511977	4.7E-01
