SNP	CHR	BP	GENPOS	ALLELE1	ALLELE0	A1FREQ	INFO	CHISQ_LINREG	P_LINREG	BETA	SE	CHISQ_BOLT_LMM_INF	P_BOLT_LMM_INF	CHISQ_BOLT_LMM	P_BOLT_LMM
rs7412983	1	2943183	0.0400826	A	C	0.815676	0.996304	0.957212	3.3E-01	0.00487178	0.00510903	0.909282	3.4E-01	1.10672	2.9E-01
rs1294014	1	9325676	0.18921	C	T	0.731267	0.974098	7.60318	5.8E-03	0.0104874	0.00452374	5.37457	2.0E-02	5.41629	2.0E-02
rs9988429	1	19824124	0.401889	C	T	0.679183	0.998214	0.807666	3.7E-01	-0.00362509	0.00423854	0.731485	3.9E-01	0.510897	4.7E-01
rs12041540	1	23262176	0.460611	G	A	0.646848	0.995392	1.22884	2.7E-01	-0.00639068	0.00414033	2.38246	1.2E-01	2.26234	1.3E-01
rs10902676	1	26120367	0.493514	G	A	0.466005	0.991591	5.43878	2.0E-02	0.00911293	0.00398383	5.23257	2.2E-02	6.92354	8.5E-03
rs4660443	1	39591779	0.669753	C	T	0.785557	0.997156	31.5857	1.9E-08	0.0276325	0.00482942	32.7378	1.1E-08	34.3989	4.5E-09
rs2032022	1	49388622	0.760047	T	G	0.350563	0.99763	0.0489772	8.2E-01	-0.00220372	0.00412765	0.285042	5.9E-01	0.47246	4.9E-01
rs11591147	1	55505647	0.809828	G	T	0.982542	1	52.4666	4.4E-13	0.109936	0.0150744	53.1862	3.0E-13	52.965	3.4E-13
rs7534572	1	62999675	0.922881	C	G	0.352516	0.999944	315.235	1.6E-70	0.0755499	0.0041349	333.839	1.4E-74	345.765	3.5E-77
rs12755450	1	72628347	1.03293	T	C	0.795069	1	7.03214	8.0E-03	-0.0137685	0.00488975	7.92866	4.9E-03	7.9782	4.7E-03
rs313710	1	86251836	1.15039	T	C	0.595169	0.991629	2.15757	1.4E-01	0.00562626	0.00404083	1.93865	1.6E-01	2.51166	1.1E-01
rs7548936	1	91207757	1.21384	G	C	0.626945	0.998895	4.87927	2.7E-02	0.00776275	0.00409818	3.58797	5.8E-02	4.08332	4.3E-02
rs4375301	1	98298371	1.27828	A	G	0.767049	0.993807	6.11004	1.3E-02	0.0119856	0.00469558	6.51537	1.1E-02	7.39763	6.5E-03
rs1318756	1	103340623	1.32951	T	C	0.496541	0.991063	0.593593	4.4E-01	-0.00456931	0.00397452	1.3217	2.5E-01	3.04061	8.1E-02
rs3108680	1	107572997	1.35724	T	C	0.650884	0.999501	5.75122	1.6E-02	-0.00997552	0.00416176	5.74537	1.7E-02	4.67781	3.1E-02
rs2076586	1	112273026	1.42823	C	T	0.754427	0.980886	7.08805	7.8E-03	-0.0123501	0.00463876	7.08822	7.8E-03	6.14296	1.3E-02
rs71670897	1	119151935	1.50822	G	A	0.96335	0.976508	0.0309384	8.6E-01	-0.00186721	0.0106346	0.030828	8.6E-01	0.0137594	9.1E-01
rs10494220	1	119572398	1.50995	C	T	0.871621	0.999593	1.09921	2.9E-01	0.00365636	0.00590652	0.383207	5.4E-01	0.338207	5.6E-01
rs905938	1	154991389	1.69836	T	C	0.735666	1	0.233058	6.3E-01	0.00123438	0.00448746	0.0756646	7.8E-01	0.129052	7.2E-01
rs6688053	1	163589208	1.81503	C	T	0.558728	0.988788	0.508713	4.8E-01	-0.00398445	0.0040042	0.990161	3.2E-01	0.498018	4.8E-01
rs17345893	1	170171874	1.91645	C	T	0.933686	0.998406	3.62892	5.7E-02	0.0117411	0.007944	2.18445	1.4E-01	2.32534	1.3E-01
rs17361789	1	172122601	1.93709	T	G	0.67666	0.979392	0.319446	5.7E-01	0.00247683	0.00426899	0.336621	5.6E-01	0.144432	7.0E-01
rs6700575	1	172364712	1.93908	A	G	0.843224	0.99482	0.0301764	8.6E-01	-0.000699542	0.00544887	0.0164822	9.0E-01	0.00687864	9.3E-01
rs12757638	1	177815769	1.98756	G	A	0.794896	0.999497	4.31963	3.8E-02	0.00808038	0.00490987	2.70847	1.0E-01	3.68169	5.5E-02
rs12069549	1	200036139	2.16766	C	T	0.873356	0.988289	1.48342	2.2E-01	0.00844123	0.0059752	1.99575	1.6E-01	1.09142	3.0E-01
rs56283998	1	205039295	2.25361	A	C	0.802994	0.996714	7.90119	4.9E-03	0.0137382	0.00496521	7.65573	5.7E-03	7.00344	8.1E-03
rs3767848	1	214173840	2.36754	G	A	0.749925	0.990604	0.0133625	9.1E-01	-0.00154317	0.00458366	0.113346	7.4E-01	0.301349	5.8E-01
rs7547454	1	219429385	2.43543	T	A	0.681956	0.999746	1.40708	2.4E-01	0.00575165	0.00424431	1.83642	1.8E-01	2.01457	1.6E-01
rs4631704	1	230293530	2.53595	C	T	0.391683	0.985874	69.2819	8.5E-17	-0.0356696	0.00407645	76.5651	2.1E-18	80.0226	3.7E-19
rs12042959	1	243533273	2.82744	A	G	0.856295	0.985729	2.08777	1.5E-01	-0.00840558	0.00566898	2.1985	1.4E-01	2.09081	1.5E-01
rs74495980	2	375873	0.0042135	C	G	0.962013	1	2.2074	1.4E-01	-0.0150972	0.0103205	2.13987	1.4E-01	2.22999	1.4E-01
rs10185713	2	621254	0.0081413	A	G	0.793352	0.993471	0.358093	5.5E-01	-0.00275759	0.00491109	0.315286	5.7E-01	0.204581	6.5E-01
rs812400	2	13073562	0.297327	G	A	0.763905	0.987822	2.71699	9.9E-02	-0.00897152	0.00468771	3.66278	5.6E-02	3.02282	8.2E-02
rs57871280	2	21104795	0.419078	C	T	0.765407	0.971721	40.9352	1.6E-10	0.0300909	0.00473493	40.3871	2.1E-10	42.5143	7.0E-11
rs1731260	2	26953354	0.471406	G	T	0.525426	0.997367	0.770009	3.8E-01	-0.00330914	0.00395958	0.698445	4.0E-01	0.862001	3.5E-01
rs10153926	2	43189120	0.673364	G	A	0.785344	0.98004	0.389507	5.3E-01	0.0041775	0.00486093	0.738575	3.9E-01	0.578071	4.5E-01
rs17326656	2	48962291	0.765285	G	T	0.762394	0.991513	7.86594	5.0E-03	0.0119149	0.00466982	6.51002	1.1E-02	8.60504	3.4E-03
rs62141921	2	58590687	0.848728	G	A	0.840999	0.992362	6.01871	1.4E-02	-0.012442	0.00540354	5.30182	2.1E-02	4.58951	3.2E-02
rs13428870	2	58956557	0.850032	T	G	0.698619	0.989274	0.265302	6.1E-01	0.00113535	0.00433552	0.068577	7.9E-01	0.081543	7.8E-01
rs2195086	2	60814466	0.873878	T	G	0.83582	0.991606	6.18534	1.3E-02	0.0117167	0.0053502	4.79593	2.9E-02	5.65825	1.7E-02
rs6716270	2	66201731	0.917171	T	C	0.851701	1	0.897988	3.4E-01	0.0059833	0.0055618	1.15731	2.8E-01	0.767168	3.8E-01
rs659116	2	67666133	0.937104	T	G	0.542915	0.997911	0.0326008	8.6E-01	-0.00185203	0.0039811	0.216416	6.4E-01	0.176582	6.7E-01
rs12621286	2	67785566	0.938314	T	C	0.712692	0.98911	1.38467	2.4E-01	-0.00477849	0.00439358	1.18289	2.8E-01	1.89407	1.7E-01
rs12712049	2	100208830	1.21955	A	G	0.176997	0.985519	1.05088	3.1E-01	-0.00605535	0.00521195	1.34982	2.5E-01	1.5156	2.2E-01
rs11680586	2	100746207	1.22171	G	T	0.763215	0.996151	4.37916	3.6E-02	-0.00880213	0.00465072	3.58207	5.8E-02	3.39459	6.5E-02
rs41465348	2	112242612	1.33908	G	T	0.817869	0.933063	2.39339	1.2E-01	-0.00829982	0.00531447	2.43903	1.2E-01	2.52118	1.1E-01
rs111595567	2	114462089	1.35944	C	A	0.7845	0.997566	1.00007	3.2E-01	0.00546847	0.0048156	1.28953	2.6E-01	1.16411	2.8E-01
rs10172336	2	119342963	1.39561	G	T	0.490782	0.991549	0.0232799	8.8E-01	4.63174e-05	0.00396462	0.000136485	9.9E-01	0.0451633	8.3E-01
rs114666647	2	158393301	1.76187	T	C	0.987556	1	0.146772	7.0E-01	-0.00735491	0.0178317	0.170124	6.8E-01	0.693533	4.0E-01
rs7560257	2	161085348	1.7867	C	T	0.846896	0.988412	10.4959	1.2E-03	0.017964	0.00552193	10.5834	1.1E-03	9.93681	1.6E-03
rs78343493	2	165502911	1.8149	G	A	0.879696	0.994826	72.95	1.3E-17	-0.0494921	0.00608231	66.2117	4.1E-16	65.0974	7.1E-16
rs2887185	2	181528597	2.00401	C	A	0.37741	0.997975	5.54259	1.9E-02	0.0107342	0.00407914	6.9247	8.5E-03	7.25846	7.1E-03
rs3114926	2	187733699	2.04022	T	A	0.732729	0.996136	0.00450754	9.5E-01	-0.000577536	0.00447274	0.0166729	9.0E-01	0.00316609	9.6E-01
rs7597487	2	200717641	2.13782	G	A	0.4462	0.997798	0.00150947	9.7E-01	0.00039524	0.00398528	0.00983567	9.2E-01	0.011773	9.1E-01
rs16846100	2	212278218	2.24429	C	A	0.731067	0.991398	3.08128	7.9E-02	0.00848642	0.00448775	3.57596	5.9E-02	4.23544	4.0E-02
rs7599312	2	213413231	2.26194	G	A	0.732805	0.980994	0.000197883	9.9E-01	-0.000627513	0.00451048	0.0193553	8.9E-01	0.093755	7.6E-01
rs13429408	2	219142860	2.33572	C	A	0.437636	0.999543	0.598187	4.4E-01	-0.00389337	0.0039752	0.959255	3.3E-01	0.355724	5.5E-01
rs10439362	2	227026736	2.44239	T	C	0.683138	0.996547	107.512	3.4E-25	-0.0449635	0.00425145	111.852	3.8E-26	116.91	3.0E-27
rs7589153	2	230549844	2.50173	A	G	0.448934	0.993474	0.0246967	8.8E-01	0.00106523	0.00398529	0.0714447	7.9E-01	0.26665	6.1E-01
rs72980197	2	239268619	2.66777	G	T	0.945215	1	0.646262	4.2E-01	-0.00790132	0.00867216	0.830128	3.6E-01	0.647069	4.2E-01
rs4686340	3	9345218	0.248513	A	C	0.245634	0.979708	0.678966	4.1E-01	-0.00468347	0.004658	1.01097	3.1E-01	0.910833	3.4E-01
rs2600230	3	12038629	0.296833	T	A	0.172563	0.999419	1.97985	1.6E-01	0.00933146	0.00523823	3.17344	7.5E-02	3.03727	8.1E-02
rs1962515	3	12611269	0.299386	T	C	0.402697	0.99673	1.5297	2.2E-01	0.00526486	0.00404169	1.69687	1.9E-01	1.68612	1.9E-01
rs2455806	3	15705397	0.355658	T	A	0.685985	0.991689	0.0238721	8.8E-01	0.00153565	0.00429185	0.128025	7.2E-01	0.0238173	8.8E-01
rs9843488	3	33838124	0.583292	T	G	0.731851	0.986529	4.14422	4.2E-02	0.00947842	0.0045064	4.42397	3.5E-02	4.97848	2.6E-02
rs11928128	3	35516974	0.595221	T	C	0.862132	0.990586	0.383591	5.4E-01	0.00261656	0.00574807	0.207213	6.5E-01	0.633588	4.3E-01
rs4683301	3	46931478	0.687602	A	T	0.40228	0.992469	13.5466	2.3E-04	0.0141019	0.0040495	12.1271	5.0E-04	15.0236	1.1E-04
rs7633840	3	48719638	0.689719	T	C	0.334732	0.949007	0.519931	4.7E-01	0.00417182	0.00430608	0.938615	3.3E-01	0.490447	4.8E-01
rs7613360	3	49916710	0.690238	C	T	0.605285	0.997092	2.78664	9.5E-02	0.00614401	0.0040527	2.29834	1.3E-01	2.88852	8.9E-02
rs9311841	3	62478786	0.829707	C	T	0.266611	0.989049	1.19118	2.8E-01	0.00410794	0.00451547	0.827639	3.6E-01	0.791828	3.7E-01
rs73124286	3	64667059	0.870966	G	T	0.716973	0.955989	3.16579	7.5E-02	-0.00738577	0.00450236	2.69099	1.0E-01	2.2014	1.4E-01
rs10510927	3	64750744	0.872079	A	C	0.554589	0.997963	0.319459	5.7E-01	-0.00315028	0.0039863	0.624536	4.3E-01	0.539164	4.6E-01
rs4123668	3	82629523	1.08298	T	C	0.597578	0.994471	0.00189547	9.7E-01	0.000362204	0.00404735	0.00800877	9.3E-01	0.247321	6.2E-01
rs9876664	3	85806313	1.08996	G	T	0.623459	0.99373	3.2386	7.2E-02	-0.00783764	0.00409839	3.65715	5.6E-02	3.40802	6.5E-02
rs1580100	3	93980841	1.10443	T	A	0.48363	0.99821	4.32749	3.8E-02	-0.00819799	0.00396682	4.27101	3.9E-02	3.70981	5.4E-02
rs11708733	3	128039895	1.41818	G	A	0.952759	0.983201	1.39048	2.4E-01	0.00820901	0.00942244	0.759023	3.8E-01	0.304149	5.8E-01
rs143418767	3	129105690	1.42548	G	A	0.980985	0.944053	1.40263	2.4E-01	0.00981324	0.0149102	0.433169	5.1E-01	0.109488	7.4E-01
rs7624428	3	131516596	1.44298	T	A	0.73313	0.992487	0.301199	5.8E-01	0.00394984	0.00449838	0.770989	3.8E-01	1.71196	1.9E-01
rs13071085	3	136014923	1.49397	G	A	0.874037	0.99558	41.7579	1.0E-10	-0.0394501	0.00597426	43.6041	4.0E-11	49.7109	1.8E-12
rs111398337	3	138328016	1.50606	C	T	0.455117	0.996909	0.0126518	9.1E-01	-0.0015936	0.00397928	0.160379	6.9E-01	0.272505	6.0E-01
rs62271373	3	150066540	1.64339	T	A	0.940057	0.95946	23.1431	1.5E-06	0.043573	0.0084992	26.2832	2.9E-07	30.8647	2.8E-08
rs9865431	3	156351718	1.71006	T	A	0.852687	0.993895	1.0455	3.1E-01	-0.00603457	0.00560003	1.16121	2.8E-01	1.31192	2.5E-01
rs13091300	3	168927453	1.77934	C	T	0.617544	0.9977	3.03086	8.2E-02	-0.00671235	0.00406946	2.72067	9.9E-02	2.93816	8.7E-02
rs4894803	3	171800256	1.82113	A	G	0.59062	0.987681	2.91059	8.8E-02	0.00669157	0.00405736	2.72	9.9E-02	3.32888	6.8E-02
rs12638263	3	185795855	2.0212	A	C	0.807145	0.995698	1.2314	2.7E-01	0.0053932	0.00503183	1.14879	2.8E-01	1.02453	3.1E-01
rs2248422	3	187668469	2.0681	T	C	0.79676	1	2.05936	1.5E-01	0.00694434	0.00493158	1.98285	1.6E-01	1.50245	2.2E-01
rs7697256	4	848335	0.00782825	C	T	0.72746	0.999147	7.80739	5.2E-03	-0.0122263	0.00444746	7.55734	6.0E-03	7.32733	6.8E-03
rs4690071	4	3086753	0.0324892	A	T	0.641787	0.991623	31.3416	2.2E-08	-0.0227571	0.00414726	30.11	4.1E-08	33.9428	5.7E-09
rs1912897	4	26006133	0.455942	A	T	0.794106	0.98817	11.9693	5.4E-04	0.0179837	0.00492163	13.3517	2.6E-04	12.1048	5.0E-04
rs2871198	4	26292555	0.461345	C	T	0.389909	0.964896	0.511953	4.7E-01	-0.00354742	0.00413099	0.737425	3.9E-01	0.996884	3.2E-01
rs13130484	4	45175691	0.679813	C	T	0.566923	0.996273	0.223076	6.4E-01	0.00080607	0.00400167	0.0405753	8.4E-01	0.0461825	8.3E-01
rs819266	4	56235592	0.73028	T	C	0.711983	0.998836	0.0538245	8.2E-01	-0.00156069	0.0043827	0.126808	7.2E-01	0.33253	5.6E-01
rs4472161	4	78625750	0.926383	A	C	0.140858	0.990092	1.59107	2.1E-01	0.00603592	0.00570673	1.1187	2.9E-01	1.28888	2.6E-01
rs28716151	4	87799931	1.02887	A	G	0.631552	0.995654	57.9917	2.6E-14	0.031872	0.00411967	59.8541	1.0E-14	65.7569	5.1E-16
rs9991751	4	89642436	1.0486	G	A	0.847364	0.999558	11.219	8.1E-04	-0.0196018	0.00551488	12.6334	3.8E-04	12.6271	3.8E-04
rs904092	4	100214164	1.13019	A	G	0.176585	1	3.60733	5.8E-02	0.0111614	0.00518707	4.63012	3.1E-02	3.10675	7.8E-02
rs4525978	4	102133144	1.14847	C	T	0.266365	0.992964	0.259899	6.1E-01	-0.00285175	0.00449691	0.402155	5.3E-01	0.802361	3.7E-01
rs769668	4	140858717	1.49525	T	C	0.655583	0.988947	6.95609	8.4E-03	-0.0107678	0.00420131	6.56878	1.0E-02	6.726	9.5E-03
rs7692554	4	145536336	1.5383	G	A	0.572163	0.998925	0.53461	4.6E-01	-0.00283573	0.00399013	0.505075	4.8E-01	1.11117	2.9E-01
rs639744	5	3949504	0.10119	C	T	0.334393	0.993555	13.3673	2.6E-04	-0.0151598	0.00421778	12.9187	3.3E-04	10.9982	9.1E-04
rs12658939	5	53268762	0.644749	T	C	0.887728	0.983337	0.0134868	9.1E-01	0.000136811	0.00631321	0.000469616	9.8E-01	0.0365524	8.5E-01
rs115865075	5	55776257	0.679598	C	T	0.987426	0.93412	3.55491	5.9E-02	0.0301189	0.0183305	2.6998	1.0E-01	2.89649	8.9E-02
rs588898	5	55797382	0.680156	G	A	0.874484	0.995997	17.6065	2.7E-05	-0.0245111	0.00598647	16.7643	4.2E-05	21.0542	4.5E-06
rs34696	5	66292389	0.770621	C	A	0.447793	0.986394	2.77877	9.6E-02	-0.00667754	0.00400814	2.77553	9.6E-02	3.95207	4.7E-02
rs10940157	5	67516306	0.78664	G	A	0.798263	0.993724	22.6173	2.0E-06	-0.025063	0.00492865	25.859	3.7E-07	27.6714	1.4E-07
rs253407	5	74926778	0.860943	A	G	0.278524	1	8.15875	4.3E-03	0.0119857	0.00441949	7.35501	6.7E-03	6.64013	1.0E-02
rs13167306	5	76574841	0.89346	C	T	0.679878	0.993031	1.32968	2.5E-01	-0.00488865	0.00426617	1.31311	2.5E-01	1.74013	1.9E-01
rs247916	5	87530253	1.0143	A	C	0.790166	0.984893	0.190488	6.6E-01	-0.000743597	0.00489413	0.0230847	8.8E-01	0.00434546	9.5E-01
rs7733438	5	87986284	1.0155	T	G	0.863301	0.981904	0.556189	4.6E-01	0.00543724	0.00581124	0.875425	3.5E-01	1.09945	2.9E-01
rs6869862	5	103886213	1.12287	T	G	0.519002	0.997607	2.4472	1.2E-01	0.00619714	0.0039681	2.43903	1.2E-01	3.1045	7.8E-02
rs11241196	5	112535956	1.19975	G	A	0.317525	0.991452	1.15598	2.8E-01	-0.00469407	0.00426797	1.20964	2.7E-01	1.83729	1.8E-01
rs12332329	5	118721694	1.27467	G	A	0.717104	0.991939	9.83159	1.7E-03	-0.0152603	0.00441416	11.9518	5.5E-04	12.2687	4.6E-04
rs4705986	5	132349654	1.39065	T	G	0.936459	0.978165	8.92425	2.8E-03	-0.0265975	0.0082101	10.4951	1.2E-03	9.12328	2.5E-03
rs10477191	5	142077715	1.49476	A	G	0.949961	0.911257	0.0806887	7.8E-01	0.00185449	0.0095048	0.0380683	8.5E-01	0.0536454	8.2E-01
rs10035289	5	153095918	1.63982	A	G	0.466786	0.997256	2.12564	1.4E-01	-0.00578921	0.00396458	2.13228	1.4E-01	1.80267	1.8E-01
rs2871924	5	155770918	1.66035	C	T	0.296888	0.995839	0.813588	3.7E-01	0.00580708	0.00432964	1.79892	1.8E-01	1.20571	2.7E-01
rs254800	5	172925741	1.91983	T	G	0.516581	0.99624	0.995802	3.2E-01	0.00488579	0.00395897	1.52302	2.2E-01	2.3958	1.2E-01
rs58895838	5	173269956	1.92938	A	G	0.759007	0.980237	0.681423	4.1E-01	-0.00383659	0.00467085	0.67468	4.1E-01	0.363966	5.5E-01
rs244722	5	176534724	2.00012	A	C	0.491774	0.980953	8.601	3.4E-03	0.0110169	0.00399772	7.59434	5.9E-03	7.22522	7.2E-03
rs1294447	6	6724416	0.18091	T	C	0.493581	0.983229	0.500204	4.8E-01	-0.0035841	0.0039792	0.811275	3.7E-01	1.2948	2.6E-01
rs13207230	6	7041700	0.194689	G	A	0.467706	0.982104	0.0274229	8.7E-01	0.000495394	0.00399444	0.0153812	9.0E-01	0.159684	6.9E-01
rs4715912	6	14506240	0.314195	C	G	0.749538	0.953352	0.543713	4.6E-01	-0.00472046	0.0046578	1.02709	3.1E-01	1.30911	2.5E-01
rs4134943	6	20483407	0.409015	C	T	0.797164	1	5.09762	2.4E-02	-0.0105243	0.0049128	4.58912	3.2E-02	4.79628	2.9E-02
rs2523729	6	30137387	0.505324	G	A	0.865283	1	11.8566	5.7E-04	-0.0218364	0.00577094	14.3175	1.5E-04	16.5217	4.8E-05
rs114376405	6	30770701	0.507083	G	A	0.988645	0.994696	0.0452825	8.3E-01	0.0113398	0.018685	0.368317	5.4E-01	0.809384	3.7E-01
rs9266618	6	31346166	0.513027	C	A	0.0957795	0.921596	7.23143	7.2E-03	0.0205955	0.00695717	8.76355	3.1E-03	9.547	2.0E-03
rs28890929	6	32466173	0.520296	G	T	0.767516	0.646356	0.139034	7.1E-01	-0.00156143	0.00575121	0.0737101	7.9E-01	0.264349	6.1E-01
rs150459394	6	34185960	0.545771	A	T	0.929914	0.979787	2.83001	9.3E-02	0.0142388	0.00780542	3.32777	6.8E-02	2.68633	1.0E-01
rs6901866	6	43260660	0.66972	T	C	0.706104	0.996521	0.144883	7.0E-01	-0.000889152	0.00434062	0.0419613	8.4E-01	0.00128912	9.7E-01
rs9381248	6	43734606	0.675407	C	T	0.878168	0.993046	10.035	1.5E-03	0.0191388	0.0060652	9.95729	1.6E-03	9.433	2.1E-03
rs9395885	6	53745477	0.782866	C	T	0.917223	0.99848	2.06535	1.5E-01	0.0125611	0.00716995	3.06918	8.0E-02	2.83413	9.2E-02
rs2505949	6	80804414	0.920772	A	G	0.620204	0.988477	3.26392	7.1E-02	-0.00596409	0.00409027	2.12611	1.4E-01	2.9349	8.7E-02
rs2496690	6	81346504	0.922438	A	G	0.376754	0.992012	0.254944	6.1E-01	0.00256387	0.00410464	0.390161	5.3E-01	0.546039	4.6E-01
rs1322863	6	85720325	0.951167	G	A	0.936492	0.998184	0.156026	6.9E-01	0.00337584	0.00810134	0.17364	6.8E-01	0.284858	5.9E-01
rs17448885	6	97385975	1.0576	C	G	0.658737	0.996471	0.517559	4.7E-01	-0.00217564	0.00418002	0.270904	6.0E-01	0.781446	3.8E-01
rs17297752	6	97915394	1.05968	C	A	0.730989	0.998619	12.9107	3.3E-04	-0.0151581	0.00446019	11.55	6.8E-04	12.941	3.2E-04
rs9401452	6	98452680	1.0624	T	C	0.606196	0.998799	2.86855	9.0E-02	-0.00620881	0.00404655	2.35422	1.2E-01	2.22399	1.4E-01
rs2256268	6	100599389	1.08112	C	T	0.828914	0.990083	5.07998	2.4E-02	0.0119027	0.00527705	5.08751	2.4E-02	5.92713	1.5E-02
rs12206094	6	108906200	1.17855	C	T	0.71927	0.997161	0.0770217	7.8E-01	-0.00282553	0.00440953	0.410597	5.2E-01	0.600073	4.4E-01
rs4946445	6	120157197	1.26007	A	G	0.767913	0.994369	1.64205	2.0E-01	-0.00705771	0.00469372	2.26097	1.3E-01	1.45915	2.3E-01
rs9375417	6	126248374	1.3252	T	C	0.495328	0.999041	0.819599	3.7E-01	0.00220828	0.00394859	0.31277	5.8E-01	0.674547	4.1E-01
rs62437220	6	127353873	1.32766	T	A	0.953312	0.986017	15.5157	8.2E-05	0.036732	0.00942294	15.1956	9.7E-05	17.1177	3.5E-05
rs590015	6	139824992	1.50297	G	A	0.500538	0.993146	49.7634	1.7E-12	0.0274668	0.00395229	48.297	3.7E-12	47.0588	6.9E-12
rs7453812	6	153405199	1.66319	T	G	0.0494718	0.995743	3.95209	4.7E-02	0.018491	0.0091462	4.08734	4.3E-02	5.66805	1.7E-02
rs9365100	6	160248806	1.76828	G	A	0.984083	0.969721	101.38	7.6E-24	-0.164118	0.0160201	104.95	1.3E-24	107.188	4.0E-25
rs6955431	7	20444060	0.358689	T	C	0.69178	0.986954	7.04838	7.9E-03	-0.011456	0.00431326	7.05429	7.9E-03	8.73728	3.1E-03
rs960589	7	25823647	0.43812	A	C	0.837373	0.976235	3.50552	6.1E-02	0.0111299	0.00542063	4.21585	4.0E-02	5.09674	2.4E-02
rs12671127	7	26309246	0.44373	C	T	0.632826	0.988487	4.83896	2.8E-02	-0.00940615	0.00411713	5.21958	2.2E-02	4.69212	3.0E-02
rs2189239	7	27237453	0.453427	C	T	0.917946	0.977954	0.695789	4.0E-01	-0.00494715	0.00729797	0.459521	5.0E-01	0.727947	3.9E-01
rs2715135	7	50750128	0.768412	T	G	0.360162	0.995982	5.22327	2.2E-02	-0.0113865	0.00412648	7.61413	5.8E-03	6.21421	1.3E-02
rs78702390	7	68618770	0.862671	G	C	0.940064	0.983166	11.9917	5.3E-04	-0.0310767	0.00841482	13.639	2.2E-04	13.7635	2.1E-04
rs1178979	7	72856430	0.899612	T	C	0.80296	1	356.54	1.6E-79	-0.0957787	0.00497332	370.89	1.2E-82	374.861	1.6E-83
rs12669521	7	77047102	0.934164	A	G	0.661642	0.98421	3.68216	5.5E-02	-0.00888467	0.00421645	4.44007	3.5E-02	4.43607	3.5E-02
rs917154	7	99020806	1.15524	A	G	0.844107	0.995198	2.42936	1.2E-01	-0.00917676	0.00547071	2.81379	9.3E-02	2.55498	1.1E-01
rs2470937	7	104579775	1.19833	T	A	0.548378	0.996384	2.981	8.4E-02	0.00752193	0.00397829	3.57492	5.9E-02	4.49326	3.4E-02
rs13226446	7	116888161	1.32093	A	G	0.945828	1	0.00155187	9.7E-01	-0.00189166	0.00875426	0.0466927	8.3E-01	0.13321	7.2E-01
rs12154627	7	130422934	1.4017	T	C	0.50585	0.97487	31.0732	2.5E-08	-0.0228443	0.00400258	32.5742	1.1E-08	38.7181	4.9E-10
rs17168896	7	136712058	1.48048	G	A	0.852027	0.988117	0.183048	6.7E-01	-0.00182832	0.00560622	0.106357	7.4E-01	0.146746	7.0E-01
rs2980478	8	8088230	0.237388	T	C	0.527115	0.963758	49.4049	2.1E-12	-0.0294615	0.00403684	53.263	2.9E-13	51.5671	6.9E-13
rs13277738	8	18241507	0.434993	C	T	0.850402	0.99455	46.1436	1.1E-11	0.0376164	0.00554182	46.0735	1.1E-11	53.3183	2.8E-13
rs10085966	8	19576448	0.468197	C	T	0.519733	0.981569	53.823	2.2E-13	-0.0283083	0.00398542	50.4523	1.2E-12	53.2293	3.0E-13
rs276	8	19814289	0.472524	T	C	0.981376	0.964355	126.041	3.0E-29	0.168402	0.0148908	127.896	1.2E-29	129.981	4.1E-30
rs75835816	8	19885513	0.473283	G	C	0.98327	0.972561	164.568	1.1E-37	0.197395	0.0156052	160.005	1.1E-36	168.789	1.4E-38
rs7815496	8	38321607	0.69461	C	T	0.597702	0.996532	11.8173	5.9E-04	0.0133561	0.00402182	11.0284	9.0E-04	12.2198	4.7E-04
rs62506196	8	60264465	0.832656	A	C	0.841337	0.99445	2.633	1.0E-01	0.00884721	0.00542079	2.66371	1.0E-01	3.28255	7.0E-02
rs7841468	8	68195769	0.884684	T	C	0.715739	0.999146	3.45812	6.3E-02	0.00651168	0.00437704	2.21322	1.4E-01	2.17129	1.4E-01
rs146492163	8	72386394	0.950025	G	T	0.969192	0.960969	17.1332	3.5E-05	0.0459769	0.0116699	15.5219	8.2E-05	16.9829	3.8E-05
rs16937731	8	72531891	0.950652	C	T	0.969553	0.996682	0.0444691	8.3E-01	0.00480153	0.0115006	0.174308	6.8E-01	0.294624	5.9E-01
rs7824350	8	73452488	0.974093	A	G	0.403692	0.994411	6.77499	9.2E-03	-0.0123205	0.00404052	9.2979	2.3E-03	9.11218	2.5E-03
rs144435165	8	126419938	1.45107	G	C	0.945037	0.785853	53.6294	2.4E-13	0.0712574	0.00975897	53.3153	2.8E-13	49.7566	1.7E-12
rs2954018	8	126477153	1.45319	C	T	0.29933	0.998357	230.216	5.3E-52	-0.0679217	0.00431431	247.853	7.6E-56	261.1	9.9E-59
rs10107982	8	128318755	1.49	T	C	0.725351	0.988462	1.41893	2.3E-01	0.00466505	0.00444133	1.10328	2.9E-01	0.354736	5.5E-01
rs4740619	9	15634326	0.341844	T	C	0.551261	0.999021	2.17251	1.4E-01	-0.00640884	0.00398708	2.58374	1.1E-01	1.98601	1.6E-01
rs1412234	9	28410683	0.543029	T	C	0.672099	0.991293	4.02552	4.5E-02	0.00863955	0.00422823	4.17509	4.1E-02	4.23382	4.0E-02
rs1680490	9	29642688	0.558374	A	G	0.642012	0.991873	0.132171	7.2E-01	0.00114861	0.00414638	0.0767369	7.8E-01	0.27464	6.0E-01
rs12001634	9	94186527	1.11918	T	A	0.660665	0.996234	3.20632	7.3E-02	-0.00596422	0.00419345	2.02285	1.5E-01	2.35776	1.2E-01
rs2131919	9	95283887	1.12689	A	G	0.836098	0.999136	3.6498	5.6E-02	0.0109896	0.00535032	4.21898	4.0E-02	3.52948	6.0E-02
rs7873003	9	96392945	1.13399	T	C	0.321009	0.990354	4.28381	3.8E-02	-0.00952653	0.00426533	4.98844	2.6E-02	4.76397	2.9E-02
rs56285369	9	96712312	1.1418	C	T	0.693118	0.995095	8.4699e-05	9.9E-01	-0.000696428	0.00430862	0.0261262	8.7E-01	0.0356694	8.5E-01
rs12686004	9	107653426	1.24316	G	A	0.885408	1	2.66038	1.0E-01	-0.00978975	0.00621161	2.4839	1.2E-01	2.54167	1.1E-01
rs10991414	9	107685589	1.24582	T	C	0.860554	0.989408	5.36537	2.1E-02	0.0131585	0.00574775	5.24101	2.2E-02	4.48982	3.4E-02
rs73519946	9	107868862	1.24912	A	T	0.958271	0.989128	0.111284	7.4E-01	0.00291793	0.00997276	0.085609	7.7E-01	0.0210733	8.8E-01
rs72607161	9	111792640	1.3053	T	C	0.706082	0.997033	5.49025	1.9E-02	-0.00915299	0.00435572	4.41578	3.6E-02	4.55239	3.3E-02
rs2799465	9	126544609	1.50625	T	C	0.864225	0.996021	0.00104114	9.7E-01	0.00101122	0.00578378	0.0305678	8.6E-01	0.214002	6.4E-01
rs4382592	9	134870755	1.63189	T	G	0.300732	0.996468	3.30379	6.9E-02	-0.00865426	0.00433217	3.99071	4.6E-02	3.24912	7.1E-02
rs28647893	9	136994893	1.69152	C	T	0.505629	0.998355	0.140888	7.1E-01	0.000543874	0.00396385	0.0188262	8.9E-01	0.0153085	9.0E-01
rs12774134	10	4963327	0.105411	C	T	0.88526	1	0.00966923	9.2E-01	0.000537811	0.00620643	0.00750889	9.3E-01	0.0438742	8.3E-01
rs7923552	10	21687123	0.466325	G	A	0.555867	0.968501	6.03477	1.4E-02	0.009727	0.00405907	5.74254	1.7E-02	6.45035	1.1E-02
rs2808104	10	32112728	0.602723	C	T	0.785657	0.99976	0.33455	5.6E-01	-0.00316579	0.00482222	0.430992	5.1E-01	1.02849	3.1E-01
rs145952040	10	33461248	0.609107	T	C	0.959765	0.938566	4.7264	3.0E-02	0.0233482	0.0103978	5.04227	2.5E-02	4.58121	3.2E-02
rs10827252	10	33672884	0.612425	A	G	0.492282	0.997479	1.65612	2.0E-01	0.005703	0.00396769	2.066	1.5E-01	2.3641	1.2E-01
rs743104	10	34162510	0.623368	C	T	0.851826	0.987738	1.25362	2.6E-01	0.0058799	0.00560069	1.10219	2.9E-01	1.2285	2.7E-01
rs7070670	10	61842645	0.8423	C	T	0.672129	0.984388	6.1293	1.3E-02	-0.0100107	0.00423553	5.58621	1.8E-02	6.55246	1.0E-02
rs7919055	10	63808475	0.859585	T	C	0.967188	0.982852	2.71389	9.9E-02	0.0202707	0.0112191	3.26454	7.1E-02	4.68752	3.0E-02
rs2036791	10	64834352	0.870392	A	T	0.599639	0.999771	42.1754	8.3E-11	-0.0252922	0.00404355	39.1244	4.0E-10	37.9825	7.1E-10
rs780157	10	80904701	1.06507	A	C	0.474862	0.956984	11.902	5.6E-04	0.0127085	0.00404515	9.87009	1.7E-03	9.78163	1.8E-03
rs3814614	10	88128281	1.14764	A	G	0.494534	0.997451	4.44847	3.5E-02	-0.00662832	0.00396867	2.78943	9.5E-02	3.41851	6.4E-02
rs117471638	10	93158084	1.20378	G	A	0.979357	1	0.489479	4.8E-01	0.0102079	0.0139348	0.536624	4.6E-01	0.898107	3.4E-01
rs1776209	10	93810872	1.20851	A	G	0.708687	0.988042	14.6517	1.3E-04	-0.0175079	0.0043736	16.0247	6.3E-05	14.6143	1.3E-04
rs71486238	10	115851703	1.41669	T	A	0.784322	0.994861	0.716925	4.0E-01	0.00603861	0.00482606	1.56563	2.1E-01	1.67133	2.0E-01
rs4751824	10	122833913	1.52693	G	A	0.911449	0.998329	0.318297	5.7E-01	0.00478944	0.00697952	0.470889	4.9E-01	0.765961	3.8E-01
rs61876729	11	778857	0.0107507	A	G	0.906207	0.981631	0.273555	6.0E-01	-0.00248304	0.00684205	0.131703	7.2E-01	0.0967624	7.6E-01
rs12790154	11	8405148	0.189404	G	A	0.803138	0.997888	0.0952943	7.6E-01	-0.00198372	0.00497667	0.158885	6.9E-01	0.000196645	9.9E-01
rs1128559	11	8637191	0.189966	G	C	0.17507	0.998605	0.109019	7.4E-01	0.00258689	0.0052095	0.246583	6.2E-01	0.402269	5.3E-01
rs2403265	11	10065246	0.198625	T	C	0.502995	0.996805	0.539686	4.6E-01	-0.00473448	0.00396387	1.42661	2.3E-01	1.25951	2.6E-01
rs2303975	11	14276999	0.27789	G	A	0.888237	0.995866	20.6067	5.6E-06	-0.0295722	0.00630706	21.9843	2.7E-06	24.2652	8.4E-07
rs11030003	11	27455582	0.463971	C	T	0.312992	0.984085	21.3143	3.9E-06	-0.0187294	0.00429446	19.0209	1.3E-05	23.2838	1.4E-06
rs605765	11	30217503	0.478898	C	T	0.390281	0.991456	6.30681	1.2E-02	-0.0105836	0.00406611	6.77501	9.2E-03	6.87852	8.7E-03
rs2679059	11	43599791	0.621966	A	T	0.4028	0.990165	4.06886	4.4E-02	-0.0100613	0.00405678	6.15101	1.3E-02	6.87898	8.7E-03
rs7950696	11	47481533	0.66531	T	C	0.554089	0.999458	0.301048	5.8E-01	-0.00230221	0.00397983	0.334628	5.6E-01	0.663815	4.2E-01
rs11230796	11	61529267	0.703345	T	G	0.757822	0.978914	31.1624	2.4E-08	0.0260835	0.00466692	31.2373	2.3E-08	38.7044	4.9E-10
rs174565	11	61591636	0.70404	C	G	0.872229	0.998534	148.366	3.9E-34	0.0735779	0.00594161	153.351	3.2E-35	154.625	1.7E-35
rs11227413	11	65883696	0.740756	G	A	0.813675	0.996399	17.0847	3.6E-05	0.020532	0.00509049	16.2684	5.5E-05	16.1676	5.8E-05
rs11234305	11	84854732	0.937563	T	C	0.795827	0.988191	1.70141	1.9E-01	0.00642617	0.00493441	1.69603	1.9E-01	1.39795	2.4E-01
rs3018970	11	102942989	1.11538	A	C	0.732698	0.991722	5.66881	1.7E-02	-0.0111201	0.00449119	6.13045	1.3E-02	4.95137	2.6E-02
rs568038	11	111432161	1.18722	G	T	0.292879	0.997478	0.93449	3.3E-01	0.00387165	0.00435146	0.791631	3.7E-01	0.544109	4.6E-01
rs10502172	11	113199146	1.20415	C	T	0.518835	1	1.46489	2.3E-01	-0.00514283	0.0039523	1.69318	1.9E-01	1.28417	2.6E-01
rs11216183	11	116781545	1.26169	C	A	0.9078	0.998852	17.8779	2.4E-05	-0.0267537	0.00685862	15.2157	9.6E-05	16.4206	5.1E-05
rs564649	11	122012238	1.35174	G	C	0.280863	0.994823	0.309577	5.8E-01	-0.00174944	0.00441687	0.15688	6.9E-01	0.0482	8.3E-01
rs747249	11	130271647	1.49781	A	G	0.360417	0.986641	0.0614201	8.0E-01	-0.000243714	0.00415043	0.00344807	9.5E-01	0.00936745	9.2E-01
rs6590683	11	133110361	1.57589	T	C	0.498199	0.978325	1.86369	1.7E-01	-0.00482205	0.0039991	1.45391	2.3E-01	1.87519	1.7E-01
rs11611246	12	939480	0.0208836	G	T	0.789679	0.996657	0.584657	4.4E-01	0.00276872	0.00485746	0.324893	5.7E-01	0.408597	5.2E-01
rs34322	12	12879570	0.279977	T	C	0.477211	1	0.0725422	7.9E-01	-0.000207124	0.00396127	0.00273397	9.6E-01	0.0837422	7.7E-01
rs10771260	12	26253557	0.45721	A	C	0.609092	0.995844	4.09937	4.3E-02	0.00828259	0.00406406	4.15347	4.2E-02	4.67859	3.1E-02
rs10844645	12	33737099	0.546138	C	T	0.612236	0.998433	3.93693	4.7E-02	-0.00959859	0.00406296	5.58122	1.8E-02	4.16452	4.1E-02
rs2733269	12	41866717	0.562712	A	G	0.44747	1	0.080616	7.8E-01	-0.00170627	0.00398098	0.183704	6.7E-01	0.0360219	8.5E-01
rs11169170	12	50223013	0.630263	C	T	0.528796	0.996913	0.0330435	8.6E-01	0.000707367	0.00397561	0.0316579	8.6E-01	1.29484e-05	1.0E+00
rs3847783	12	54320692	0.682622	C	T	0.318019	0.99235	1.82088	1.8E-01	-0.00618987	0.0042523	2.11893	1.5E-01	1.98648	1.6E-01
rs894738	12	54417525	0.685339	G	A	0.639703	0.990228	7.43465	6.4E-03	-0.0119723	0.00413897	8.36702	3.8E-03	8.09702	4.4E-03
rs7961915	12	66425288	0.795219	A	G	0.213612	0.943584	0.015891	9.0E-01	1.00228e-06	0.00496956	4.06765e-08	1.0E+00	0.0293631	8.6E-01
rs704067	12	89726027	1.03172	G	A	0.54643	0.989595	0.46482	5.0E-01	0.00410448	0.0039963	1.05487	3.0E-01	0.951824	3.3E-01
rs7311622	12	98772975	1.15518	C	T	0.532837	0.989082	1.05373	3.0E-01	-0.00261759	0.00397538	0.433556	5.1E-01	1.04215	3.1E-01
rs10778609	12	108545985	1.27639	A	C	0.742853	1	1.16261	2.8E-01	-0.00426188	0.00452996	0.885142	3.5E-01	0.524119	4.7E-01
rs11608693	12	122208968	1.4633	G	A	0.824703	0.882554	1.94017	1.6E-01	-0.00605276	0.00554096	1.19326	2.7E-01	0.619164	4.3E-01
rs4759364	12	123162786	1.46972	C	T	0.820074	1	17.5566	2.8E-05	-0.0244891	0.00515874	22.5352	2.1E-06	22.8267	1.8E-06
rs2049114	12	123657338	1.47171	T	C	0.206764	0.999367	21.3494	3.8E-06	0.0214668	0.00488907	19.2789	1.1E-05	20.1267	7.2E-06
rs4765568	12	124479161	1.479	T	C	0.817638	0.993959	7.28723	6.9E-03	-0.0147821	0.0051363	8.2827	4.0E-03	10.6503	1.1E-03
rs3926666	12	124634713	1.48005	C	T	0.316242	1	6.6769	9.8E-03	-0.0117392	0.00425312	7.61832	5.8E-03	6.16838	1.3E-02
rs1928496	13	31012904	0.263323	C	T	0.256087	1	13.1623	2.9E-04	0.0175875	0.00453748	15.0237	1.1E-04	13.8752	2.0E-04
rs2475837	13	50535863	0.537065	C	T	0.887658	0.999102	2.25029	1.3E-01	0.0101493	0.00627947	2.6123	1.1E-01	2.71221	1.0E-01
rs77871802	13	50844016	0.538491	A	G	0.965631	0.994358	0.897085	3.4E-01	-0.0120647	0.0109199	1.22067	2.7E-01	1.33363	2.5E-01
rs1379828	13	54396602	0.569676	C	T	0.20343	0.995912	4.40254	3.6E-02	-0.00971463	0.00492508	3.89069	4.9E-02	4.11415	4.3E-02
rs1441264	13	79580919	0.787841	G	A	0.405243	0.956515	5.57039	1.8E-02	0.00990827	0.00412046	5.78234	1.6E-02	4.60471	3.2E-02
rs1160709	13	93884256	0.892481	T	C	0.486099	0.998245	3.20014	7.4E-02	0.00730224	0.00396391	3.39363	6.5E-02	3.86855	4.9E-02
rs664532	13	110932363	1.2151	T	C	0.427688	0.989961	0.907108	3.4E-01	0.00393034	0.00401582	0.95788	3.3E-01	1.22478	2.7E-01
rs10132280	14	25928179	0.161964	C	A	0.696858	0.989051	8.57035	3.4E-03	-0.0127633	0.004326	8.70468	3.2E-03	7.81825	5.2E-03
rs61986159	14	53956168	0.473642	C	T	0.766548	0.998967	1.01656	3.1E-01	0.00427826	0.00469067	0.831887	3.6E-01	1.40488	2.4E-01
rs8012185	14	58668484	0.537795	A	G	0.723205	0.991197	11.3786	7.4E-04	0.0132127	0.00443718	8.86677	2.9E-03	9.60393	1.9E-03
rs2412107	14	65426216	0.591307	G	T	0.78162	0.991281	0.451829	5.0E-01	0.00503308	0.00480655	1.09648	3.0E-01	1.02015	3.1E-01
rs2526886	14	71359064	0.651527	G	T	0.308449	0.995503	12.7606	3.5E-04	0.0140565	0.0042983	10.6946	1.1E-03	8.89826	2.9E-03
rs10146690	14	79890456	0.747911	G	A	0.782491	0.98828	0.710818	4.0E-01	0.00452381	0.00483561	0.875196	3.5E-01	0.683368	4.1E-01
rs7492628	14	91547136	0.882221	C	G	0.683687	0.983193	6.26062	1.2E-02	0.0105066	0.00428488	6.01243	1.4E-02	8.52764	3.5E-03
rs7156191	14	103297847	1.11649	G	C	0.829016	0.996202	3.19221	7.4E-02	0.00941619	0.00526638	3.19688	7.4E-02	2.94625	8.6E-02
rs12441543	15	31689543	0.452834	G	A	0.71304	0.9962	0.0195413	8.9E-01	-0.000850619	0.0043832	0.0376606	8.5E-01	0.161556	6.9E-01
rs12437696	15	40878474	0.62928	A	G	0.514543	0.998802	3.27897	7.0E-02	-0.00624302	0.00396914	2.47399	1.2E-01	2.68063	1.0E-01
rs148470008	15	42664157	0.639986	A	G	0.980676	0.986804	51.3842	7.6E-13	0.103444	0.0144971	50.9153	9.6E-13	51.31	7.9E-13
rs11631408	15	51746236	0.710161	A	G	0.457077	0.996425	2.98645	8.4E-02	-0.00667734	0.00399435	2.79456	9.5E-02	2.16901	1.4E-01
rs10851523	15	53044002	0.71725	G	C	0.717759	0.993516	0.50781	4.8E-01	0.00369497	0.00440719	0.70291	4.0E-01	0.340194	5.6E-01
rs16976760	15	56394169	0.756417	T	G	0.78704	0.997183	4.9218	2.7E-02	0.0105452	0.00484767	4.73197	3.0E-02	4.76676	2.9E-02
rs12594923	15	66991665	0.901837	T	C	0.756035	0.995986	2.11532	1.5E-01	0.00604087	0.00462797	1.7038	1.9E-01	1.27359	2.6E-01
rs12439210	15	67822172	0.914262	C	A	0.767285	0.997294	3.52726	6.0E-02	-0.00900298	0.00468617	3.69094	5.5E-02	4.82875	2.8E-02
rs8030477	15	73085815	0.987571	C	T	0.332616	0.996571	0.334876	5.6E-01	0.00319462	0.00422079	0.572864	4.5E-01	0.649852	4.2E-01
rs10851869	15	74331083	0.996085	T	C	0.570474	0.998308	0.00122407	9.7E-01	-0.000941746	0.00400523	0.0552856	8.1E-01	0.175937	6.7E-01
rs11072938	15	81021661	1.05811	C	T	0.730551	0.99862	0.0758894	7.8E-01	-0.00238152	0.00446102	0.284998	5.9E-01	0.0460143	8.3E-01
rs66615128	15	92561941	1.21822	G	C	0.785237	0.999315	5.35174	2.1E-02	-0.0122601	0.00481978	6.47045	1.1E-02	6.97825	8.3E-03
rs13335638	16	2136624	0.0436172	T	C	0.8263	0.992856	1.48095	2.2E-01	-0.00504133	0.00525438	0.92055	3.4E-01	1.02121	3.1E-01
rs35108574	16	4370706	0.08231	A	G	0.886062	0.980242	4.67581	3.1E-02	0.0125284	0.00628759	3.97027	4.6E-02	4.08075	4.3E-02
rs4787649	16	24700215	0.465896	C	T	0.246065	0.995971	5.41452	2.0E-02	0.0107009	0.00460818	5.3924	2.0E-02	5.96769	1.5E-02
rs2650494	16	28318440	0.541911	A	G	0.582495	0.992404	3.88281	4.9E-02	-0.00882665	0.00402456	4.81011	2.8E-02	5.0929	2.4E-02
rs34286592	16	29820480	0.551885	C	T	0.853439	1	1.02187	3.1E-01	0.00430895	0.00559888	0.592299	4.4E-01	0.986924	3.2E-01
rs79867441	16	29950820	0.553171	C	T	0.932238	0.992347	2.09227	1.5E-01	-0.0101384	0.0079043	1.64519	2.0E-01	1.3958	2.4E-01
rs2047937	16	49864791	0.582147	C	T	0.485483	0.999762	6.22631	1.3E-02	0.00923387	0.00396894	5.41275	2.0E-02	4.84155	2.8E-02
rs11075986	16	53805344	0.645995	C	G	0.919939	0.995968	0.218919	6.4E-01	-0.00145694	0.00730168	0.0398141	8.4E-01	0.00023547	9.9E-01
rs4783718	16	69547741	0.858329	T	C	0.409964	0.963133	18.8235	1.4E-05	-0.0165045	0.00410346	16.1771	5.8E-05	15.9514	6.5E-05
rs2927331	16	81509452	1.04551	T	C	0.346879	0.987048	34.7483	3.8E-09	-0.0239771	0.00419063	32.7369	1.1E-08	31.3585	2.1E-08
rs10492861	16	82866767	1.0911	G	T	0.714227	0.98872	2.64929	1.0E-01	0.00622412	0.00440961	1.9923	1.6E-01	2.25478	1.3E-01
rs2760744	17	2017029	0.0688816	T	C	0.706093	0.999866	0.170203	6.8E-01	0.00184426	0.00434059	0.18053	6.7E-01	0.00013324	9.9E-01
rs6502766	17	3902163	0.111799	C	T	0.805288	0.994964	2.10072	1.5E-01	0.0073099	0.00500374	2.1342	1.4E-01	2.23473	1.3E-01
rs1269402	17	17361137	0.443379	T	C	0.264169	0.990324	0.283095	5.9E-01	-0.00396049	0.00450064	0.77437	3.8E-01	0.936649	3.3E-01
rs7217403	17	21160085	0.471144	C	T	0.33386	0.984489	1.74121	1.9E-01	-0.00510689	0.0042283	1.45875	2.3E-01	1.25878	2.6E-01
rs4796221	17	34831963	0.595053	G	A	0.521542	1	7.83943	5.1E-03	-0.0108485	0.0039614	7.49969	6.2E-03	8.42125	3.7E-03
rs72820902	17	40441048	0.664334	C	T	0.920059	0.98229	16.1574	5.8E-05	0.0288517	0.00736762	15.3352	9.0E-05	14.4561	1.4E-04
rs56214516	17	43836953	0.688645	A	C	0.804476	0.982696	0.407822	5.2E-01	0.00295297	0.00503844	0.3435	5.6E-01	0.242863	6.2E-01
rs9892365	17	59491384	0.871045	A	G	0.329894	0.996856	0.0445807	8.3E-01	0.00144602	0.00421922	0.117459	7.3E-01	0.187786	6.6E-01
rs7215551	17	61664740	0.886997	G	A	0.35741	0.990187	0.211093	6.5E-01	0.00350142	0.00416352	0.70724	4.0E-01	0.29733	5.9E-01
rs3936134	17	65814382	0.947689	C	G	0.887489	1	27.0834	1.9E-07	0.0300894	0.00626274	23.0834	1.6E-06	20.8171	5.1E-06
rs236544	17	68229691	0.981625	G	A	0.579444	0.996753	0.149978	7.0E-01	-0.000686401	0.00401734	0.029193	8.6E-01	0.0701464	7.9E-01
rs11869880	17	73198131	1.09799	T	C	0.785317	0.995073	14.6296	1.3E-04	-0.0172202	0.00482554	12.7346	3.6E-04	10.4152	1.2E-03
rs3810068	18	2846499	0.0738566	T	C	0.595835	1	2.86292	9.1E-02	-0.00579657	0.00402824	2.07068	1.5E-01	1.71541	1.9E-01
rs1787013	18	13072979	0.384745	T	C	0.550563	0.99954	0.0281389	8.7E-01	-0.00039962	0.0039796	0.0100836	9.2E-01	0.00378864	9.5E-01
rs4310973	18	20707622	0.429126	A	G	0.212403	0.987885	0.237561	6.3E-01	0.00404269	0.00488854	0.683885	4.1E-01	0.636447	4.3E-01
rs505601	18	34280131	0.564322	G	A	0.81101	0.990705	1.714	1.9E-01	0.00684506	0.00507544	1.81889	1.8E-01	1.14831	2.8E-01
rs4890429	18	40697481	0.611694	T	C	0.73765	0.995191	7.78846	5.3E-03	-0.0126522	0.00451889	7.83913	5.1E-03	7.1682	7.4E-03
rs74475730	18	46578171	0.687072	C	T	0.959907	0.993206	0.72323	4.0E-01	-0.00668508	0.0101248	0.435957	5.1E-01	0.432679	5.1E-01
rs2187176	18	57679365	0.819838	A	G	0.308898	0.982596	5.72955	1.7E-02	0.00952401	0.00433649	4.8235	2.8E-02	3.74838	5.3E-02
rs8097783	18	58051294	0.823036	G	A	0.926154	1	0.00846218	9.3E-01	-0.000512564	0.00758727	0.00456379	9.5E-01	0.0857597	7.7E-01
rs12979965	19	2131148	0.0753026	A	G	0.499421	0.991113	0.615829	4.3E-01	0.00315272	0.00397041	0.63052	4.3E-01	0.261845	6.1E-01
rs11670971	19	7185576	0.22936	C	T	0.237464	0.988898	22.1461	2.5E-06	-0.0215196	0.00466915	21.2419	4.0E-06	21.6834	3.2E-06
rs547387498	19	8362261	0.273906	G	C	0.969088	0.711917	64.3831	1.0E-15	-0.10778	0.0134945	63.7914	1.4E-15	62.2657	3.0E-15
rs10403273	19	19372968	0.4621	C	G	0.837623	0.998891	0.989617	3.2E-01	-0.00551699	0.00535745	1.06045	3.0E-01	1.20421	2.7E-01
rs12461902	19	30265235	0.512848	G	A	0.671201	0.985963	7.7601	5.3E-03	0.0117465	0.00423519	7.69252	5.5E-03	9.30082	2.3E-03
rs73024215	19	33784657	0.561399	T	C	0.929713	0.961977	17.6642	2.6E-05	0.0313238	0.00788195	15.7937	7.1E-05	21.0157	4.6E-06
rs77793940	19	34003177	0.562809	T	C	0.916647	0.969314	1.78726	1.8E-01	0.0091029	0.00726099	1.57169	2.1E-01	0.694605	4.0E-01
rs62115552	19	44610355	0.688364	A	G	0.959945	1	42.0688	8.8E-11	0.0631233	0.0102823	37.6873	8.3E-10	40.8677	1.6E-10
rs73048351	19	45160086	0.697689	C	A	0.989801	0.91554	86.2841	1.6E-20	0.192992	0.0205787	87.952	6.7E-21	92.0132	8.6E-22
rs11881756	19	45220896	0.699851	T	C	0.886255	1	114.827	8.6E-27	0.066411	0.0062165	114.127	1.2E-26	122.963	1.4E-28
rs28399637	19	45324138	0.704609	G	A	0.684145	1	136.274	1.7E-31	-0.0510044	0.0042504	143.997	3.6E-33	147.509	6.1E-34
rs8106813	19	45431658	0.70783	A	G	0.504947	0.868977	285.621	4.5E-64	0.0742464	0.00424211	306.328	1.4E-68	310.903	1.4E-69
rs8103017	19	55999142	0.996663	C	G	0.705959	0.984581	20.2227	6.9E-06	0.0209565	0.00436633	23.036	1.6E-06	22.3243	2.3E-06
rs805769	20	5667459	0.191037	T	C	0.595692	0.99253	0.089618	7.6E-01	0.00224688	0.00405207	0.307471	5.8E-01	0.73957	3.9E-01
rs1884897	20	6612832	0.214572	A	G	0.371346	0.993838	0.0357994	8.5E-01	-0.00107094	0.00413268	0.0671532	8.0E-01	0.164121	6.9E-01
rs7453	20	25207074	0.516203	T	C	0.547962	0.998658	0.0598637	8.1E-01	-8.30792e-06	0.00398075	4.35568e-06	1.0E+00	8.26159e-06	1.0E+00
rs1997833	20	39690342	0.597551	T	C	0.699628	0.998963	0.634952	4.3E-01	0.00356156	0.0043122	0.682155	4.1E-01	0.154603	6.9E-01
rs56323232	20	41961907	0.631286	C	T	0.863639	0.984929	1.59537	2.1E-01	-0.00561751	0.00581067	0.93462	3.3E-01	1.8281	1.8E-01
rs6065904	20	44534651	0.671175	G	A	0.785224	1	70.6109	4.4E-17	0.0418119	0.00482375	75.1332	4.4E-18	82.9906	8.2E-20
rs6013453	20	51026284	0.791367	T	C	0.632527	0.999327	4.09808	4.3E-02	-0.00899149	0.00410292	4.80262	2.8E-02	5.82828	1.6E-02
rs6064557	20	56115153	0.9034	G	A	0.442948	0.999541	5.01504	2.5E-02	0.00937582	0.00396878	5.58091	1.8E-02	5.51389	1.9E-02
rs28451064	21	35593827	0.362865	G	A	0.868938	0.957975	0.0418536	8.4E-01	-0.00192827	0.00600174	0.103224	7.5E-01	0.109699	7.4E-01
rs2836139	21	39451403	0.432375	A	G	0.517161	0.9942	0.177305	6.7E-01	0.000650832	0.00398944	0.0266141	8.7E-01	0.392656	5.3E-01
rs849453	22	27566619	0.305237	C	G	0.190181	0.996731	2.47665	1.2E-01	-0.0085309	0.00505579	2.84715	9.2E-02	2.84599	9.2E-02
rs9625551	22	29140529	0.338663	G	A	0.979024	0.995212	0.0563295	8.1E-01	0.00405585	0.0138625	0.0856013	7.7E-01	0.118907	7.3E-01
rs2413338	22	35663523	0.409716	C	T	0.369137	0.988961	0.248516	6.2E-01	-0.00183304	0.0041216	0.197794	6.6E-01	0.0120593	9.1E-01
rs801597	22	47190735	0.614737	T	G	0.275448	0.998113	0.0508584	8.2E-01	-0.00127598	0.00443161	0.0829014	7.7E-01	0.137898	7.1E-01
