SNP	CHR	BP	GENPOS	ALLELE1	ALLELE0	A1FREQ	INFO	CHISQ_LINREG	P_LINREG	BETA	SE	CHISQ_BOLT_LMM_INF	P_BOLT_LMM_INF	CHISQ_BOLT_LMM	P_BOLT_LMM
rs7412983	1	2943183	0.0400826	A	C	0.815676	0.996304	4.50151	3.4E-02	-0.0110682	0.00507376	4.75874	2.9E-02	5.63285	1.8E-02
rs1294014	1	9325676	0.18921	C	T	0.731267	0.974098	11.4616	7.1E-04	-0.0127641	0.00449251	8.07236	4.5E-03	7.95418	4.8E-03
rs9988429	1	19824124	0.401889	C	T	0.679183	0.998214	0.150361	7.0E-01	0.00187015	0.00420928	0.197396	6.6E-01	0.0498531	8.2E-01
rs12041540	1	23262176	0.460611	G	A	0.646848	0.995392	2.33583	1.3E-01	0.00712729	0.00411174	3.00467	8.3E-02	2.38286	1.2E-01
rs10902676	1	26120367	0.493514	G	A	0.466005	0.991591	4.08664	4.3E-02	-0.00777454	0.00395632	3.86159	4.9E-02	6.50162	1.1E-02
rs4660443	1	39591779	0.669753	C	T	0.785557	0.997156	51.3495	7.7E-13	-0.0351091	0.00479608	53.5878	2.5E-13	55.2677	1.1E-13
rs2032022	1	49388622	0.760047	T	G	0.350563	0.99763	0.00062477	9.8E-01	0.00137075	0.00409915	0.111822	7.4E-01	0.22293	6.4E-01
rs1013293	1	62570321	0.915785	G	A	0.569453	0.987679	4.39714	3.6E-02	0.00961241	0.0039712	5.85897	1.5E-02	5.93611	1.5E-02
rs12755450	1	72628347	1.03293	T	C	0.795069	1	11.8601	5.7E-04	0.0159935	0.004856	10.8475	9.9E-04	10.9788	9.2E-04
rs313710	1	86251836	1.15039	T	C	0.595169	0.991629	2.90773	8.8E-02	-0.00603037	0.00401293	2.25821	1.3E-01	3.03159	8.2E-02
rs7548936	1	91207757	1.21384	G	C	0.626945	0.998895	7.06745	7.8E-03	-0.00957022	0.00406989	5.5294	1.9E-02	6.41093	1.1E-02
rs4375301	1	98298371	1.27828	A	G	0.767049	0.993807	6.08247	1.4E-02	-0.0123483	0.00466317	7.01221	8.1E-03	8.97938	2.7E-03
rs1318756	1	103340623	1.32951	T	C	0.496541	0.991063	0.133522	7.1E-01	0.00286073	0.00394708	0.525293	4.7E-01	1.65637	2.0E-01
rs3108680	1	107572997	1.35724	T	C	0.650884	0.999501	0.404407	5.2E-01	0.00226561	0.00413303	0.300494	5.8E-01	0.0540739	8.2E-01
rs2076586	1	112273026	1.42823	C	T	0.754427	0.980886	6.99234	8.2E-03	0.0118929	0.00460674	6.66479	9.8E-03	4.85878	2.8E-02
rs71670897	1	119151935	1.50822	G	A	0.96335	0.976508	0.706929	4.0E-01	0.00902142	0.0105612	0.729666	3.9E-01	0.89819	3.4E-01
rs10494220	1	119572398	1.50995	C	T	0.871621	0.999593	0.254704	6.1E-01	-0.000260276	0.00586575	0.00196889	9.6E-01	0.00398252	9.5E-01
rs905938	1	154991389	1.69836	T	C	0.735666	1	0.070972	7.9E-01	-0.00119059	0.00445648	0.0713737	7.9E-01	0.00107382	9.7E-01
rs6688053	1	163589208	1.81503	C	T	0.558728	0.988788	1.41042	2.3E-01	0.00467401	0.00397655	1.38155	2.4E-01	0.86006	3.5E-01
rs17345893	1	170171874	1.91645	C	T	0.933686	0.998406	2.73002	9.8E-02	-0.011735	0.00788916	2.2126	1.4E-01	1.82862	1.8E-01
rs17361789	1	172122601	1.93709	T	G	0.67666	0.979392	0.0209955	8.8E-01	-0.00149856	0.00423952	0.124943	7.2E-01	0.0384416	8.4E-01
rs6700575	1	172364712	1.93908	A	G	0.843224	0.99482	0.00591054	9.4E-01	0.000682647	0.00541125	0.0159146	9.0E-01	0.123819	7.2E-01
rs12757638	1	177815769	1.98756	G	A	0.794896	0.999497	3.3402	6.8E-02	-0.00819487	0.00487598	2.82463	9.3E-02	2.41394	1.2E-01
rs12069549	1	200036139	2.16766	C	T	0.873356	0.988289	1.28139	2.6E-01	-0.00753224	0.00593396	1.61124	2.0E-01	0.773251	3.8E-01
rs56283998	1	205039295	2.25361	A	C	0.802994	0.996714	10.4848	1.2E-03	-0.0158404	0.00493094	10.3199	1.3E-03	9.45149	2.1E-03
rs3767848	1	214173840	2.36754	G	A	0.749925	0.990604	0.291099	5.9E-01	0.00309751	0.00455202	0.463037	5.0E-01	0.884944	3.5E-01
rs7547454	1	219429385	2.43543	T	A	0.681956	0.999746	1.74235	1.9E-01	-0.0066301	0.00421501	2.47425	1.2E-01	2.6683	1.0E-01
rs7543050	1	230278291	2.53573	C	G	0.20057	0.991591	63.7373	1.4E-15	0.0403835	0.00490426	67.8049	1.8E-16	71.6661	2.5E-17
rs12042959	1	243533273	2.82744	A	G	0.856295	0.985729	2.50736	1.1E-01	0.00895844	0.00562985	2.53204	1.1E-01	2.29501	1.3E-01
rs74495980	2	375873	0.0042135	C	G	0.962013	1	2.6819	1.0E-01	0.0154943	0.0102513	2.28446	1.3E-01	2.47504	1.2E-01
rs10185713	2	621254	0.0081413	A	G	0.793352	0.993471	0.753031	3.9E-01	0.00400119	0.00487816	0.67277	4.1E-01	0.47431	4.9E-01
rs812400	2	13073562	0.297327	G	A	0.763905	0.987822	2.55573	1.1E-01	0.00820826	0.00465628	3.1076	7.8E-02	3.2318	7.2E-02
rs1550116	2	25022598	0.45645	A	G	0.846317	1	3.48369	6.2E-02	-0.0107459	0.00543987	3.9022	4.8E-02	3.35008	6.7E-02
rs1731260	2	26953354	0.471406	G	T	0.525426	0.997367	0.0873075	7.7E-01	0.000805635	0.00393303	0.0419588	8.4E-01	0.049865	8.2E-01
rs10153926	2	43189120	0.673364	G	A	0.785344	0.98004	0.588238	4.4E-01	-0.004717	0.00482834	0.954414	3.3E-01	0.762049	3.8E-01
rs17326656	2	48962291	0.765285	G	T	0.762394	0.991513	13.4074	2.5E-04	-0.0162121	0.00463851	12.2158	4.7E-04	16.1683	5.8E-05
rs62141921	2	58590687	0.848728	G	A	0.840999	0.992362	3.19837	7.4E-02	0.00966514	0.0053673	3.24268	7.2E-02	2.63002	1.0E-01
rs13428870	2	58956557	0.850032	T	G	0.698619	0.989274	0.994624	3.2E-01	-0.00306661	0.00430645	0.507083	4.8E-01	0.723399	4.0E-01
rs2195086	2	60814466	0.873878	T	G	0.83582	0.991606	5.14781	2.3E-02	-0.0116961	0.00531433	4.84382	2.8E-02	5.86735	1.5E-02
rs6716270	2	66201731	0.917171	T	C	0.851701	1	2.16622	1.4E-01	-0.00895775	0.0055245	2.62912	1.0E-01	1.92085	1.7E-01
rs659116	2	67666133	0.937104	T	G	0.542915	0.997911	0.0911965	7.6E-01	0.0022588	0.0039544	0.326282	5.7E-01	0.149991	7.0E-01
rs12621286	2	67785566	0.938314	T	C	0.712692	0.98911	1.56009	2.1E-01	0.00473759	0.00436412	1.17847	2.8E-01	1.4649	2.3E-01
rs12712049	2	100208830	1.21955	A	G	0.176997	0.985519	2.72049	9.9E-02	0.00881065	0.00517701	2.8964	8.9E-02	3.07064	8.0E-02
rs11680586	2	100746207	1.22171	G	T	0.763215	0.996151	5.03067	2.5E-02	0.00966846	0.00461954	4.38044	3.6E-02	4.22907	4.0E-02
rs41465348	2	112242612	1.33908	G	T	0.817869	0.933063	1.16812	2.8E-01	0.00575885	0.00527884	1.19013	2.8E-01	0.908408	3.4E-01
rs111595567	2	114462089	1.35944	C	A	0.7845	0.997566	1.00625	3.2E-01	-0.00643256	0.00478331	1.80847	1.8E-01	2.07952	1.5E-01
rs10172336	2	119342963	1.39561	G	T	0.490782	0.991549	2.93705e-05	1.0E+00	-0.000496347	0.00393803	0.0158859	9.0E-01	0.0431598	8.4E-01
rs114666647	2	158393301	1.76187	T	C	0.987556	1	0.000101324	9.9E-01	0.00171368	0.0177122	0.00936081	9.2E-01	0.240981	6.2E-01
rs7560257	2	161085348	1.7867	C	T	0.846896	0.988412	2.91209	8.8E-02	-0.00996599	0.0054849	3.30144	6.9E-02	2.57265	1.1E-01
rs78343493	2	165502911	1.8149	G	A	0.879696	0.994826	72.3506	1.8E-17	0.0489795	0.00604153	65.7257	5.2E-16	60.5565	7.1E-15
rs2887185	2	181528597	2.00401	C	A	0.37741	0.997975	3.93817	4.7E-02	-0.00889078	0.00405179	4.81488	2.8E-02	5.28738	2.1E-02
rs3114926	2	187733699	2.04022	T	A	0.732729	0.996136	0.455117	5.0E-01	0.00260317	0.00444275	0.343323	5.6E-01	0.0510662	8.2E-01
rs7597487	2	200717641	2.13782	G	A	0.4462	0.997798	0.150168	7.0E-01	-0.00171711	0.00395855	0.188157	6.6E-01	0.373453	5.4E-01
rs16846100	2	212278218	2.24429	C	A	0.731067	0.991398	2.56963	1.1E-01	-0.00742944	0.00445766	2.77779	9.6E-02	3.24219	7.2E-02
rs7599312	2	213413231	2.26194	G	A	0.732805	0.980994	0.0276705	8.7E-01	-0.000516241	0.00448023	0.0132771	9.1E-01	0.0143299	9.0E-01
rs13429408	2	219142860	2.33572	C	A	0.437636	0.999543	0.00323884	9.5E-01	0.000657608	0.00394854	0.0277371	8.7E-01	0.0531608	8.2E-01
rs1399627	2	227083411	2.44246	A	G	0.347126	0.995082	122.3	2.0E-28	-0.0463029	0.00412493	126.004	3.1E-29	131.299	2.1E-30
rs7589153	2	230549844	2.50173	A	G	0.448934	0.993474	0.167566	6.8E-01	-0.00154932	0.00395857	0.153182	7.0E-01	0.147997	7.0E-01
rs72980197	2	239268619	2.66777	G	T	0.945215	1	2.39772	1.2E-01	0.0129689	0.00861401	2.26669	1.3E-01	1.79449	1.8E-01
rs4686340	3	9345218	0.248513	A	C	0.245634	0.979708	3.60691	5.8E-02	0.0090952	0.00462504	3.86717	4.9E-02	3.3496	6.7E-02
rs2600230	3	12038629	0.296833	T	A	0.172563	0.999419	0.972262	3.2E-01	-0.00681612	0.00520117	1.7174	1.9E-01	0.978896	3.2E-01
rs1962515	3	12611269	0.299386	T	C	0.402697	0.99673	0.57025	4.5E-01	-0.00313794	0.00401309	0.611409	4.3E-01	0.715189	4.0E-01
rs2455806	3	15705397	0.355658	T	A	0.685985	0.991689	3.86823	4.9E-02	0.00805628	0.00426148	3.57394	5.9E-02	5.55225	1.8E-02
rs9843488	3	33838124	0.583292	T	G	0.731851	0.986529	2.2625	1.3E-01	-0.00614492	0.00447452	1.88599	1.7E-01	2.92596	8.7E-02
rs11928128	3	35516974	0.595221	T	C	0.862132	0.990586	1.3327	2.5E-01	-0.00531857	0.0057074	0.868388	3.5E-01	1.7639	1.8E-01
rs4683301	3	46931478	0.687602	A	T	0.40228	0.992469	14.0433	1.8E-04	-0.0142749	0.00402085	12.604	3.8E-04	15.4042	8.7E-05
rs7633840	3	48719638	0.689719	T	C	0.334732	0.949007	0.0195474	8.9E-01	-0.00219663	0.00427561	0.263948	6.1E-01	0.10013	7.5E-01
rs7613360	3	49916710	0.690238	C	T	0.605285	0.997092	4.89443	2.7E-02	-0.00869983	0.00402403	4.67411	3.1E-02	5.60179	1.8E-02
rs9311841	3	62478786	0.829707	C	T	0.266611	0.989049	2.19705	1.4E-01	-0.00631543	0.00448352	1.98411	1.6E-01	2.11281	1.5E-01
rs73124286	3	64667059	0.870966	G	T	0.716973	0.955989	2.61546	1.1E-01	0.00581634	0.0044705	1.69273	1.9E-01	1.58797	2.1E-01
rs10510927	3	64750744	0.872079	A	C	0.554589	0.997963	0.0313998	8.6E-01	0.00139504	0.00395809	0.124223	7.2E-01	0.0136614	9.1E-01
rs4123668	3	82629523	1.08298	T	C	0.597578	0.994471	0.021902	8.8E-01	0.000734647	0.00401871	0.0334183	8.5E-01	0.00147172	9.7E-01
rs9876664	3	85806313	1.08996	G	T	0.623459	0.99373	3.13413	7.7E-02	0.00704581	0.0040694	2.99779	8.3E-02	2.47394	1.2E-01
rs1580100	3	93980841	1.10443	T	A	0.48363	0.99821	1.35795	2.4E-01	0.00434635	0.00393875	1.21768	2.7E-01	1.21298	2.7E-01
rs11708733	3	128039895	1.41818	G	A	0.952759	0.983201	0.820038	3.7E-01	-0.00732098	0.00935577	0.612322	4.3E-01	0.34508	5.6E-01
rs143418767	3	129105690	1.42548	G	A	0.980985	0.944053	0.466215	4.9E-01	-0.00429284	0.0148047	0.0840793	7.7E-01	0.00742034	9.3E-01
rs7624428	3	131516596	1.44298	T	A	0.73313	0.992487	0.546307	4.6E-01	-0.00470672	0.00446655	1.11044	2.9E-01	1.74475	1.9E-01
rs13071085	3	136014923	1.49397	G	A	0.874037	0.99558	62.1741	3.1E-15	0.0476246	0.00593199	64.4558	9.9E-16	67.6894	1.9E-16
rs111398337	3	138328016	1.50606	C	T	0.455117	0.996909	1.73471	1.9E-01	0.00549646	0.00395113	1.93519	1.6E-01	2.55828	1.1E-01
rs62271373	3	150066540	1.64339	T	A	0.940057	0.95946	30.3598	3.6E-08	-0.0490683	0.00843907	33.8075	6.1E-09	41.1996	1.4E-10
rs9865431	3	156351718	1.71006	T	A	0.852687	0.993895	0.555415	4.6E-01	0.00415424	0.00556041	0.558173	4.5E-01	0.709725	4.0E-01
rs13091300	3	168927453	1.77934	C	T	0.617544	0.9977	3.19935	7.4E-02	0.00784971	0.00404067	3.77399	5.2E-02	4.13242	4.2E-02
rs4894803	3	171800256	1.82113	A	G	0.59062	0.987681	2.95838	8.5E-02	-0.00662546	0.00402865	2.70466	1.0E-01	3.82768	5.0E-02
rs12638263	3	185795855	2.0212	A	C	0.807145	0.995698	3.57426	5.9E-02	-0.00938624	0.00499623	3.52939	6.0E-02	3.71513	5.4E-02
rs2248422	3	187668469	2.0681	T	C	0.79676	1	3.67644	5.5E-02	-0.00931574	0.00489669	3.61935	5.7E-02	3.91995	4.8E-02
rs7697256	4	848335	0.00782825	C	T	0.72746	0.999147	8.68935	3.2E-03	0.0125911	0.00441614	8.12912	4.4E-03	8.31394	3.9E-03
rs4690071	4	3086753	0.0324892	A	T	0.641787	0.991623	28.2528	1.1E-07	0.0212554	0.00411805	26.6413	2.4E-07	28.8983	7.6E-08
rs4450871	4	4990298	0.0879764	A	G	0.556162	1	16.1761	5.8E-05	0.0158408	0.00395653	16.0297	6.2E-05	16.9261	3.9E-05
rs1912897	4	26006133	0.455942	A	T	0.794106	0.98817	18.8358	1.4E-05	-0.0224104	0.00488698	21.0289	4.5E-06	19.3538	1.1E-05
rs2871198	4	26292555	0.461345	C	T	0.389909	0.964896	1.1892	2.8E-01	0.00479424	0.0041019	1.36606	2.4E-01	1.49698	2.2E-01
rs13130484	4	45175691	0.679813	C	T	0.566923	0.996273	1.0713	3.0E-01	-0.00333181	0.00397349	0.703098	4.0E-01	0.727962	3.9E-01
rs819266	4	56235592	0.73028	T	C	0.711983	0.998836	0.679103	4.1E-01	0.00360528	0.00435184	0.686328	4.1E-01	0.522389	4.7E-01
rs4472161	4	78625750	0.926383	A	C	0.140858	0.990092	1.47699	2.2E-01	-0.00581112	0.00566655	1.05168	3.1E-01	1.31536	2.5E-01
rs9991751	4	89642436	1.0486	G	A	0.847364	0.999558	12.7502	3.6E-04	0.0195737	0.00547605	12.7765	3.5E-04	13.2452	2.7E-04
rs904092	4	100214164	1.13019	A	G	0.176585	1	2.24916	1.3E-01	-0.00921547	0.00515055	3.20132	7.4E-02	2.51642	1.1E-01
rs4525978	4	102133144	1.14847	C	T	0.266365	0.992964	0.475965	4.9E-01	0.00343883	0.00446525	0.593103	4.4E-01	0.848929	3.6E-01
rs769668	4	140858717	1.49525	T	C	0.655583	0.988947	5.14267	2.3E-02	0.00924981	0.00417172	4.91626	2.7E-02	5.14257	2.3E-02
rs7692554	4	145536336	1.5383	G	A	0.572163	0.998925	0.710748	4.0E-01	0.00349932	0.00396203	0.780066	3.8E-01	1.68221	1.9E-01
rs639744	5	3949504	0.10119	C	T	0.334393	0.993555	12.1223	5.0E-04	0.0153861	0.00418801	13.4972	2.4E-04	11.4842	7.0E-04
rs12658939	5	53268762	0.644749	T	C	0.887728	0.983337	0.0825769	7.7E-01	0.00289949	0.00626864	0.213942	6.4E-01	0.234189	6.3E-01
rs115865075	5	55776257	0.679598	C	T	0.987426	0.93412	4.94307	2.6E-02	-0.0370139	0.0182011	4.13557	4.2E-02	5.55732	1.8E-02
rs588898	5	55797382	0.680156	G	A	0.874484	0.995997	12.6419	3.8E-04	0.020002	0.00594421	11.3229	7.7E-04	13.2123	2.8E-04
rs34696	5	66292389	0.770621	C	A	0.447793	0.986394	5.73233	1.7E-02	0.0102331	0.00397985	6.61126	1.0E-02	8.53392	3.5E-03
rs253407	5	74926778	0.860943	A	G	0.278524	1	3.38213	6.6E-02	-0.00770269	0.00438829	3.08102	7.9E-02	3.05564	8.0E-02
rs13167306	5	76574841	0.89346	C	T	0.679878	0.993031	2.1932	1.4E-01	0.00660142	0.00423605	2.42858	1.2E-01	1.99646	1.6E-01
rs247916	5	87530253	1.0143	A	C	0.790166	0.984893	0.971557	3.2E-01	0.00499232	0.00485958	1.05538	3.0E-01	0.984629	3.2E-01
rs7733438	5	87986284	1.0155	T	G	0.863301	0.981904	2.34481	1.3E-01	-0.00960152	0.00577022	2.76882	9.6E-02	3.01282	8.3E-02
rs6869862	5	103886213	1.12287	T	G	0.519002	0.997607	4.11015	4.3E-02	-0.00829188	0.00394009	4.42888	3.5E-02	5.80934	1.6E-02
rs11241196	5	112535956	1.19975	G	A	0.317525	0.991452	0.104351	7.5E-01	0.00146141	0.00423785	0.11892	7.3E-01	0.283901	5.9E-01
rs12332329	5	118721694	1.27467	G	A	0.717104	0.991939	10.8453	9.9E-04	0.0156709	0.004383	12.7834	3.5E-04	13.0499	3.0E-04
rs4705986	5	132349654	1.39065	T	G	0.936459	0.978165	6.6747	9.8E-03	0.023218	0.00815215	8.11155	4.4E-03	7.46869	6.3E-03
rs10477191	5	142077715	1.49476	A	G	0.949961	0.911257	0.312663	5.8E-01	-0.00792468	0.0094377	0.705068	4.0E-01	0.830351	3.6E-01
rs10035289	5	153095918	1.63982	A	G	0.466786	0.997256	2.74685	9.7E-02	0.00679273	0.00393659	2.97747	8.4E-02	2.63573	1.0E-01
rs2871924	5	155770918	1.66035	C	T	0.296888	0.995839	0.359855	5.5E-01	-0.00360298	0.00429908	0.702381	4.0E-01	0.768989	3.8E-01
rs254800	5	172925741	1.91983	T	G	0.516581	0.99624	0.306705	5.8E-01	-0.00266551	0.00393102	0.45978	5.0E-01	0.957983	3.3E-01
rs58895838	5	173269956	1.92938	A	G	0.759007	0.980237	0.122491	7.3E-01	-0.00182511	0.00463788	0.154859	6.9E-01	0.336558	5.6E-01
rs244722	5	176534724	2.00012	A	C	0.491774	0.980953	15.6786	7.5E-05	-0.01578	0.0039695	15.803	7.0E-05	16.7326	4.3E-05
rs1294447	6	6724416	0.18091	T	C	0.493581	0.983229	1.02633	3.1E-01	0.00348341	0.00395478	0.775826	3.8E-01	1.30631	2.5E-01
rs13207230	6	7041700	0.194689	G	A	0.467706	0.982104	0.344346	5.6E-01	-0.00281125	0.00396993	0.501456	4.8E-01	0.659752	4.2E-01
rs4715912	6	14506240	0.314195	C	G	0.749538	0.953352	0.136423	7.1E-01	0.00154202	0.00462921	0.110959	7.4E-01	0.337037	5.6E-01
rs4134943	6	20483407	0.409015	C	T	0.797164	1	6.91215	8.6E-03	0.0122692	0.00488265	6.31422	1.2E-02	6.45934	1.1E-02
rs2523729	6	30137387	0.505324	G	A	0.865283	1	2.81319	9.3E-02	0.00972648	0.00573553	2.87584	9.0E-02	3.42722	6.4E-02
rs114376405	6	30770701	0.507083	G	A	0.988645	0.994696	0.999936	3.2E-01	-0.0306967	0.0185704	2.73239	9.8E-02	3.79436	5.1E-02
rs9266618	6	31346166	0.513027	C	A	0.0957795	0.921596	8.02118	4.6E-03	-0.0187457	0.00691447	7.35	6.7E-03	7.93745	4.8E-03
rs28890929	6	32466173	0.520296	G	T	0.767516	0.646356	0.285162	5.9E-01	0.00302539	0.00571592	0.280151	6.0E-01	0.429822	5.1E-01
rs150459394	6	34185960	0.545771	A	T	0.929914	0.979787	9.24958	2.4E-03	-0.0246222	0.00775752	10.0742	1.5E-03	8.94995	2.8E-03
rs6901866	6	43260660	0.66972	T	C	0.706104	0.996521	0.00717736	9.3E-01	0.000586117	0.00431398	0.0184592	8.9E-01	0.00993233	9.2E-01
rs9381248	6	43734606	0.675407	C	T	0.878168	0.993046	9.8871	1.7E-03	-0.018444	0.00602797	9.36197	2.2E-03	8.62964	3.3E-03
rs9395885	6	53745477	0.782866	C	T	0.917223	0.99848	2.50878	1.1E-01	-0.0137455	0.00712595	3.72078	5.4E-02	3.98205	4.6E-02
rs2505949	6	80804414	0.920772	A	G	0.620204	0.988477	0.902705	3.4E-01	0.0023017	0.00406517	0.320583	5.7E-01	0.736873	3.9E-01
rs2496690	6	81346504	0.922438	A	G	0.376754	0.992012	0.00749275	9.3E-01	-9.17118e-05	0.00407945	0.000505415	9.8E-01	0.0082693	9.3E-01
rs1322863	6	85720325	0.951167	G	A	0.936492	0.998184	0.141663	7.1E-01	-0.00292722	0.00805162	0.132174	7.2E-01	0.237576	6.3E-01
rs17448885	6	97385975	1.0576	C	G	0.658737	0.996471	1.3704	2.4E-01	0.00388865	0.00415437	0.87617	3.5E-01	1.32601	2.5E-01
rs17297752	6	97915394	1.05968	C	A	0.730989	0.998619	16.8574	4.0E-05	0.016908	0.00443282	14.5487	1.4E-04	16.7567	4.2E-05
rs9401452	6	98452680	1.0624	T	C	0.606196	0.998799	2.22526	1.4E-01	0.00545505	0.00402172	1.83982	1.7E-01	1.8818	1.7E-01
rs2256268	6	100599389	1.08112	C	T	0.828914	0.990083	7.89043	5.0E-03	-0.0147715	0.00524467	7.93251	4.9E-03	10.0635	1.5E-03
rs12206094	6	108906200	1.17855	C	T	0.71927	0.997161	0.253492	6.1E-01	0.00408598	0.00438247	0.86927	3.5E-01	1.07638	3.0E-01
rs4946445	6	120157197	1.26007	A	G	0.767913	0.994369	1.36153	2.4E-01	0.00734933	0.00466491	2.48204	1.2E-01	1.64868	2.0E-01
rs9375417	6	126248374	1.3252	T	C	0.495328	0.999041	0.772854	3.8E-01	-0.00280134	0.00392436	0.509558	4.8E-01	0.820157	3.7E-01
rs62437220	6	127353873	1.32766	T	A	0.953312	0.986017	17.7631	2.5E-05	-0.0400796	0.00936511	18.3156	1.9E-05	20.3972	6.3E-06
rs9495498	6	139813283	1.50282	C	T	0.502054	0.997212	37.3042	1.0E-09	-0.0231838	0.00392428	34.902	3.5E-09	36.6943	1.4E-09
rs7453812	6	153405199	1.66319	T	G	0.0494718	0.995743	4.00413	4.5E-02	-0.0181198	0.00909007	3.97351	4.6E-02	5.14022	2.3E-02
rs144078421	6	160424890	1.76937	G	A	0.983745	0.986977	58.2581	2.3E-14	0.120544	0.0156134	59.6063	1.2E-14	60.1214	8.9E-15
rs6955431	7	20444060	0.358689	T	C	0.69178	0.986954	4.67788	3.1E-02	0.00933283	0.00428379	4.74647	2.9E-02	7.14469	7.5E-03
rs960589	7	25823647	0.43812	A	C	0.837373	0.976235	6.27097	1.2E-02	-0.0135777	0.00538359	6.3607	1.2E-02	6.73563	9.5E-03
rs12671127	7	26309246	0.44373	C	T	0.632826	0.988487	7.3032	6.9E-03	0.0108462	0.004089	7.03598	8.0E-03	6.08319	1.4E-02
rs2189239	7	27237453	0.453427	C	T	0.917946	0.977954	0.746522	3.9E-01	0.0059404	0.00724811	0.67171	4.1E-01	1.15922	2.8E-01
rs2715135	7	50750128	0.768412	T	G	0.360162	0.995982	3.57959	5.8E-02	0.00950268	0.00409829	5.37635	2.0E-02	4.58492	3.2E-02
rs78702390	7	68618770	0.862671	G	C	0.940064	0.983166	10.6415	1.1E-03	0.0277337	0.00835733	11.0124	9.1E-04	10.8906	9.7E-04
rs1178979	7	72856430	0.899612	T	C	0.80296	1	300.351	2.8E-67	0.0865059	0.00493934	306.729	1.1E-68	310.684	1.5E-69
rs12669521	7	77047102	0.934164	A	G	0.661642	0.98421	3.43363	6.4E-02	0.00796639	0.00418764	3.61897	5.7E-02	5.01994	2.5E-02
rs917154	7	99020806	1.15524	A	G	0.844107	0.995198	0.161517	6.9E-01	0.00337342	0.00543333	0.385486	5.3E-01	0.533532	4.7E-01
rs2470937	7	104579775	1.19833	T	A	0.548378	0.996384	4.64287	3.1E-02	-0.00909897	0.00395111	5.30331	2.1E-02	5.63284	1.8E-02
rs13226446	7	116888161	1.32093	A	G	0.945828	1	0.00359841	9.5E-01	0.00170108	0.00869445	0.0382796	8.4E-01	0.219435	6.4E-01
rs12154627	7	130422934	1.4017	T	C	0.50585	0.97487	55.0239	1.2E-13	0.0292378	0.00397524	54.096	1.9E-13	59.6841	1.1E-14
rs17168896	7	136712058	1.48048	G	A	0.852027	0.988117	0.521623	4.7E-01	0.00309505	0.00556792	0.308993	5.8E-01	0.148084	7.0E-01
rs62493791	8	9168897	0.251645	T	G	0.758863	0.977591	52.0473	5.4E-13	0.0344055	0.0046252	55.3343	1.0E-13	58.4543	2.1E-14
rs34906420	8	9194558	0.251904	G	A	0.886122	0.993971	39.7409	2.9E-10	-0.0375027	0.00617906	36.8366	1.3E-09	41.715	1.1E-10
rs4921913	8	18272377	0.43529	C	T	0.220871	0.999648	65.4189	6.1E-16	0.0380348	0.00472413	64.8213	8.2E-16	68.3582	1.4E-16
rs1021435	8	19577267	0.468237	A	G	0.437899	0.978312	57.7516	3.0E-14	0.0294754	0.00399525	54.4292	1.6E-13	56.0467	7.1E-14
rs285	8	19815189	0.4726	C	T	0.530191	0.98619	278.219	1.8E-62	0.0661594	0.00395454	279.893	7.9E-63	291.884	1.9E-65
rs7815496	8	38321607	0.69461	C	T	0.597702	0.996532	15.3021	9.2E-05	-0.0150662	0.00399077	14.2527	1.6E-04	14.2436	1.6E-04
rs62506196	8	60264465	0.832656	A	C	0.841337	0.99445	3.35108	6.7E-02	-0.00980494	0.00537894	3.32274	6.8E-02	4.61808	3.2E-02
rs7841468	8	68195769	0.884684	T	C	0.715739	0.999146	5.6177	1.8E-02	-0.00880735	0.00434325	4.11208	4.3E-02	4.14087	4.2E-02
rs146492163	8	72386394	0.950025	G	T	0.969192	0.960969	13.4627	2.4E-04	-0.0419086	0.0115798	13.0979	3.0E-04	14.3543	1.5E-04
rs16937731	8	72531891	0.950652	C	T	0.969553	0.996682	0.634252	4.3E-01	-0.00991654	0.0114118	0.755111	3.8E-01	0.698949	4.0E-01
rs7824350	8	73452488	0.974093	A	G	0.403692	0.994411	9.81423	1.7E-03	0.0143932	0.00400933	12.8875	3.3E-04	11.5104	6.9E-04
rs144435165	8	126419938	1.45107	G	C	0.945037	0.785853	57.0841	4.2E-14	-0.0755814	0.00968363	60.9192	5.9E-15	60.6947	6.7E-15
rs2954018	8	126477153	1.45319	C	T	0.29933	0.998357	263.654	2.7E-59	0.071341	0.004281	277.707	2.4E-62	293.202	1.0E-65
rs10107982	8	128318755	1.49	T	C	0.725351	0.988462	3.94767	4.7E-02	-0.00826808	0.00440705	3.51977	6.1E-02	2.4322	1.2E-01
rs4740619	9	15634326	0.341844	T	C	0.551261	0.999021	1.8408	1.7E-01	0.00620774	0.00395926	2.45833	1.2E-01	1.95729	1.6E-01
rs1412234	9	28410683	0.543029	T	C	0.672099	0.991293	0.373123	5.4E-01	-0.00333533	0.00419872	0.631022	4.3E-01	0.720911	4.0E-01
rs1680490	9	29642688	0.558374	A	G	0.642012	0.991873	0.450711	5.0E-01	-0.00307318	0.00411744	0.557083	4.6E-01	0.723089	4.0E-01
rs12001634	9	94186527	1.11918	T	A	0.660665	0.996234	4.8937	2.7E-02	0.0083792	0.00416419	4.04897	4.4E-02	4.99565	2.5E-02
rs2131919	9	95283887	1.12689	A	G	0.836098	0.999136	5.27583	2.2E-02	-0.0128663	0.00531298	5.86446	1.5E-02	4.08175	4.3E-02
rs7873003	9	96392945	1.13399	T	C	0.321009	0.990354	4.94571	2.6E-02	0.00970174	0.00423556	5.24658	2.2E-02	5.09358	2.4E-02
rs56285369	9	96712312	1.1418	C	T	0.693118	0.995095	0.0896456	7.6E-01	-0.000105469	0.00427855	0.000607654	9.8E-01	0.0122636	9.1E-01
rs12686004	9	107653426	1.24316	G	A	0.885408	1	2.4335	1.2E-01	0.00936517	0.00616827	2.30518	1.3E-01	3.0401	8.1E-02
rs10991414	9	107685589	1.24582	T	C	0.860554	0.989408	7.39165	6.6E-03	-0.0154761	0.00570764	7.35209	6.7E-03	7.51222	6.1E-03
rs73519946	9	107868862	1.24912	A	T	0.958271	0.989128	0.00655158	9.4E-01	0.00116807	0.00990316	0.013912	9.1E-01	0.158618	6.9E-01
rs72607161	9	111792640	1.3053	T	C	0.706082	0.997033	4.82321	2.8E-02	0.00894172	0.00432532	4.27372	3.9E-02	4.65736	3.1E-02
rs2799465	9	126544609	1.50625	T	C	0.864225	0.996021	0.0456659	8.3E-01	-0.000845292	0.00574342	0.0216607	8.8E-01	0.487804	4.8E-01
rs4382592	9	134870755	1.63189	T	G	0.300732	0.996468	3.75767	5.3E-02	0.00864891	0.00430193	4.04199	4.4E-02	3.16874	7.5E-02
rs28647893	9	136994893	1.69152	C	T	0.505629	0.998355	0.203814	6.5E-01	-0.00124117	0.00393619	0.0994281	7.5E-01	0.0389543	8.4E-01
rs12774134	10	4963327	0.105411	C	T	0.88526	1	0.327337	5.7E-01	0.00271046	0.00616321	0.193406	6.6E-01	0.15618	6.9E-01
rs7923552	10	21687123	0.466325	G	A	0.555867	0.968501	3.05789	8.0E-02	-0.00680641	0.00403081	2.85136	9.1E-02	2.8038	9.4E-02
rs2808104	10	32112728	0.602723	C	T	0.785657	0.99976	0.0744072	7.9E-01	0.00184799	0.00478864	0.148928	7.0E-01	0.354878	5.5E-01
rs145952040	10	33461248	0.609107	T	C	0.959765	0.938566	4.96918	2.6E-02	-0.0233793	0.0103254	5.12683	2.4E-02	5.12268	2.4E-02
rs10827252	10	33672884	0.612425	A	G	0.492282	0.997479	2.54254	1.1E-01	-0.00671209	0.00394006	2.90208	8.8E-02	4.34842	3.7E-02
rs743104	10	34162510	0.623368	C	T	0.851826	0.987738	1.85598	1.7E-01	-0.00740145	0.00556169	1.77101	1.8E-01	1.83358	1.8E-01
rs7070670	10	61842645	0.8423	C	T	0.672129	0.984388	4.32412	3.8E-02	0.00903077	0.00420603	4.61004	3.2E-02	4.64329	3.1E-02
rs7919055	10	63808475	0.859585	T	C	0.967188	0.982852	4.535	3.3E-02	-0.0253455	0.0111409	5.17557	2.3E-02	5.76265	1.6E-02
rs2036791	10	64834352	0.870392	A	T	0.599639	0.999771	31.3853	2.1E-08	0.021406	0.00401539	28.4195	9.8E-08	28.5031	9.4E-08
rs780157	10	80904701	1.06507	A	C	0.474862	0.956984	11.2296	8.1E-04	-0.0121935	0.00401698	9.21418	2.4E-03	8.6443	3.3E-03
rs3814614	10	88128281	1.14764	A	G	0.494534	0.997451	6.19383	1.3E-02	0.00899451	0.00394104	5.20876	2.2E-02	6.10985	1.3E-02
rs117471638	10	93158084	1.20378	G	A	0.979357	1	0.548884	4.6E-01	-0.0123901	0.0138377	0.801718	3.7E-01	0.898456	3.4E-01
rs1776209	10	93810872	1.20851	A	G	0.708687	0.988042	9.78127	1.8E-03	0.0141487	0.00434314	10.6127	1.1E-03	9.34442	2.2E-03
rs71486238	10	115851703	1.41669	T	A	0.784322	0.994861	0.00482752	9.4E-01	-0.00196129	0.00479245	0.167482	6.8E-01	0.20439	6.5E-01
rs4751824	10	122833913	1.52693	G	A	0.911449	0.998329	0.738071	3.9E-01	-0.007112	0.00693092	1.05294	3.0E-01	1.39623	2.4E-01
rs61876729	11	778857	0.0107507	A	G	0.906207	0.981631	5.75722	1.6E-02	0.0152925	0.00679284	5.06817	2.4E-02	5.61082	1.8E-02
rs12790154	11	8405148	0.189404	G	A	0.803138	0.997888	0.0573862	8.1E-01	0.00218807	0.00494088	0.196115	6.6E-01	0.00159672	9.7E-01
rs1128559	11	8637191	0.189966	G	C	0.17507	0.998605	0.140855	7.1E-01	-0.00316974	0.00517204	0.375598	5.4E-01	0.625021	4.3E-01
rs2403265	11	10065246	0.198625	T	C	0.502995	0.996805	7.81746	5.2E-03	0.0121423	0.00393537	9.51985	2.0E-03	10.5072	1.2E-03
rs731274	11	14273677	0.277886	G	A	0.888134	0.995031	27.4543	1.6E-07	0.0327542	0.00626162	27.3627	1.7E-07	31.2506	2.3E-08
rs11030003	11	27455582	0.463971	C	T	0.312992	0.984085	23.9189	1.0E-06	0.0205397	0.00426358	23.2081	1.5E-06	29.8948	4.6E-08
rs605765	11	30217503	0.478898	C	T	0.390281	0.991456	7.02458	8.0E-03	0.0109197	0.00403686	7.31705	6.8E-03	6.37939	1.2E-02
rs2679059	11	43599791	0.621966	A	T	0.4028	0.990165	4.35023	3.7E-02	0.0100948	0.00402761	6.28207	1.2E-02	7.39381	6.5E-03
rs7950696	11	47481533	0.66531	T	C	0.554089	0.999458	2.11137	1.5E-01	0.00602839	0.00395121	2.32779	1.3E-01	2.93091	8.7E-02
rs198476	11	61525730	0.703236	G	A	0.517734	0.990354	24.4095	7.8E-07	0.0175988	0.00395127	19.8377	8.4E-06	22.6547	1.9E-06
rs4564341	11	61573540	0.704001	C	T	0.9275	0.991114	118.247	1.5E-27	-0.0830046	0.00759687	119.381	8.6E-28	119.829	6.9E-28
rs11234305	11	84854732	0.937563	T	C	0.795827	0.988191	2.54458	1.1E-01	-0.00821561	0.00489893	2.8124	9.4E-02	2.64249	1.0E-01
rs3018970	11	102942989	1.11538	A	C	0.732698	0.991722	3.83939	5.0E-02	0.0098208	0.00445889	4.8511	2.8E-02	3.46534	6.3E-02
rs568038	11	111432161	1.18722	G	T	0.292879	0.997478	0.0901703	7.6E-01	-0.00144034	0.00432017	0.111156	7.4E-01	0.0457075	8.3E-01
rs10502172	11	113199146	1.20415	C	T	0.518835	1	0.0103611	9.2E-01	0.000680419	0.00392388	0.0300692	8.6E-01	0.0399807	8.4E-01
rs139524394	11	116624922	1.26038	C	T	0.99053	0.941813	87.7097	7.6E-21	-0.201017	0.0208952	92.5496	6.6E-22	95.5657	1.4E-22
rs747249	11	130271647	1.49781	A	G	0.360417	0.986641	0.00104355	9.7E-01	-0.000573919	0.00412058	0.0193992	8.9E-01	0.0094217	9.2E-01
rs6590683	11	133110361	1.57589	T	C	0.498199	0.978325	0.606308	4.4E-01	0.00279868	0.00397034	0.49688	4.8E-01	0.545545	4.6E-01
rs11611246	12	939480	0.0208836	G	T	0.789679	0.996657	0.476273	4.9E-01	-0.00304023	0.0048219	0.397536	5.3E-01	0.515028	4.7E-01
rs34322	12	12879570	0.279977	T	C	0.477211	1	0.00594218	9.4E-01	-0.000116139	0.00393226	0.000872315	9.8E-01	0.0150416	9.0E-01
rs10771260	12	26253557	0.45721	A	C	0.609092	0.995844	3.89897	4.8E-02	-0.00843259	0.00403431	4.36902	3.7E-02	5.34956	2.1E-02
rs10844645	12	33737099	0.546138	C	T	0.612236	0.998433	5.31285	2.1E-02	0.00997973	0.00403321	6.12258	1.3E-02	4.84086	2.8E-02
rs2733269	12	41866717	0.562712	A	G	0.44747	1	0.255962	6.1E-01	0.0027715	0.00395183	0.491851	4.8E-01	0.204665	6.5E-01
rs11169170	12	50223013	0.630263	C	T	0.528796	0.996913	1.70308	1.9E-01	-0.00495176	0.0039465	1.57433	2.1E-01	1.08151	3.0E-01
rs3847783	12	54320692	0.682622	C	T	0.318019	0.99235	0.760628	3.8E-01	0.00328607	0.00422116	0.606023	4.4E-01	0.59347	4.4E-01
rs894738	12	54417525	0.685339	G	A	0.639703	0.990228	8.48819	3.6E-03	0.0119891	0.00410867	8.51471	3.5E-03	8.93058	2.8E-03
rs7961915	12	66425288	0.795219	A	G	0.213612	0.943584	0.75629	3.8E-01	0.00394607	0.00493317	0.63985	4.2E-01	0.648676	4.2E-01
rs704067	12	89726027	1.03172	G	A	0.54643	0.989595	0.00370532	9.5E-01	-0.000558211	0.00396704	0.0197999	8.9E-01	0.00478808	9.4E-01
rs7311622	12	98772975	1.15518	C	T	0.532837	0.989082	0.115703	7.3E-01	0.00024556	0.00394628	0.00387204	9.5E-01	0.123308	7.3E-01
rs10778609	12	108545985	1.27639	A	C	0.742853	1	0.0754161	7.8E-01	0.000820895	0.00449679	0.0333249	8.6E-01	0.00111053	9.7E-01
rs11608693	12	122208968	1.4633	G	A	0.824703	0.882554	2.31241	1.3E-01	0.00743681	0.00550039	1.82804	1.8E-01	1.11658	2.9E-01
rs4759364	12	123162786	1.46972	C	T	0.820074	1	29.3884	5.9E-08	0.0304063	0.00512096	35.2553	2.9E-09	35.3172	2.8E-09
rs2049114	12	123657338	1.47171	T	C	0.206764	0.999367	18.8878	1.4E-05	-0.0208364	0.00485328	18.4322	1.8E-05	20.3478	6.5E-06
rs4765568	12	124479161	1.479	T	C	0.817638	0.993959	13.8723	2.0E-04	0.0198406	0.00509869	15.1423	1.0E-04	18.7109	1.5E-05
rs3926666	12	124634713	1.48005	C	T	0.316242	1	19.0445	1.3E-05	0.0190011	0.00422198	20.2548	6.8E-06	19.339	1.1E-05
rs1928496	13	31012904	0.263323	C	T	0.256087	1	10.1364	1.5E-03	-0.0149057	0.00450608	10.9423	9.4E-04	9.8366	1.7E-03
rs2475837	13	50535863	0.537065	C	T	0.887658	0.999102	1.95085	1.6E-01	-0.00874458	0.00623601	1.96636	1.6E-01	2.09925	1.5E-01
rs77871802	13	50844016	0.538491	A	G	0.965631	0.994358	2.3303	1.3E-01	0.0197781	0.0108443	3.32632	6.8E-02	3.69124	5.5E-02
rs1379828	13	54396602	0.569676	C	T	0.20343	0.995912	2.7066	1.0E-01	0.00798482	0.00489099	2.66524	1.0E-01	3.11146	7.8E-02
rs1441264	13	79580919	0.787841	G	A	0.405243	0.956515	4.5904	3.2E-02	-0.00826395	0.00409195	4.07864	4.3E-02	4.03399	4.5E-02
rs1160709	13	93884256	0.892481	T	C	0.486099	0.998245	1.11609	2.9E-01	-0.00461912	0.00393648	1.3769	2.4E-01	1.58774	2.1E-01
rs664532	13	110932363	1.2151	T	C	0.427688	0.989961	1.69441	1.9E-01	-0.00524071	0.00398803	1.72688	1.9E-01	1.72811	1.9E-01
rs10132280	14	25928179	0.161964	C	A	0.696858	0.989051	8.7909	3.0E-03	0.0133035	0.00429572	9.59097	2.0E-03	8.21894	4.1E-03
rs61986159	14	53956168	0.473642	C	T	0.766548	0.998967	0.775817	3.8E-01	-0.00408729	0.00465784	0.770021	3.8E-01	0.754946	3.8E-01
rs8012185	14	58668484	0.537795	A	G	0.723205	0.991197	4.45813	3.5E-02	-0.00857818	0.00440612	3.79034	5.2E-02	3.75229	5.3E-02
rs2412107	14	65426216	0.591307	G	T	0.78162	0.991281	1.04617	3.1E-01	-0.00602863	0.00477291	1.59541	2.1E-01	1.20085	2.7E-01
rs2526886	14	71359064	0.651527	G	T	0.308449	0.995503	9.0847	2.6E-03	-0.0128343	0.00426821	9.04174	2.6E-03	8.12001	4.4E-03
rs10146690	14	79890456	0.747911	G	A	0.782491	0.98828	0.620513	4.3E-01	-0.00479457	0.00480176	0.997005	3.2E-01	0.84177	3.6E-01
rs7492628	14	91547136	0.882221	C	G	0.683687	0.983193	7.61131	5.8E-03	-0.0112639	0.00425488	7.00818	8.1E-03	8.99888	2.7E-03
rs7156191	14	103297847	1.11649	G	C	0.829016	0.996202	7.74553	5.4E-03	-0.0141762	0.00522952	7.34849	6.7E-03	6.95635	8.4E-03
rs12441543	15	31689543	0.452834	G	A	0.71304	0.9962	0.0507834	8.2E-01	-0.00090213	0.00435049	0.0429993	8.4E-01	0.00850438	9.3E-01
rs12437696	15	40878474	0.62928	A	G	0.514543	0.998802	3.48354	6.2E-02	0.00738663	0.00393952	3.51566	6.1E-02	2.83807	9.2E-02
rs28364406	15	42679423	0.640004	C	T	0.981859	0.986947	46.8011	7.9E-12	-0.0978262	0.0148394	43.4585	4.3E-11	41.9984	9.1E-11
rs10851523	15	53044002	0.71725	G	C	0.717759	0.993516	0.00781811	9.3E-01	-0.00152789	0.0043743	0.122003	7.3E-01	0.0298878	8.6E-01
rs16976760	15	56394169	0.756417	T	G	0.78704	0.997183	7.35692	6.7E-03	-0.0133126	0.00481149	7.65535	5.7E-03	6.54275	1.1E-02
rs10152355	15	58671178	0.784742	C	A	0.549955	0.924121	128.051	1.1E-29	0.0471061	0.00410858	131.453	2.0E-30	142.205	8.8E-33
rs12594923	15	66991665	0.901837	T	C	0.756035	0.995986	2.09711	1.5E-01	-0.0059526	0.00459343	1.67934	2.0E-01	1.24583	2.6E-01
rs12439210	15	67822172	0.914262	C	A	0.767285	0.997294	5.71713	1.7E-02	0.0121034	0.00465119	6.7715	9.3E-03	8.53248	3.5E-03
rs8030477	15	73085815	0.987571	C	T	0.332616	0.996571	1.71021	1.9E-01	-0.00527767	0.00418929	1.5871	2.1E-01	1.48727	2.2E-01
rs10851869	15	74331083	0.996085	T	C	0.570474	0.998308	0.000343375	9.9E-01	0.000938474	0.00397534	0.0557308	8.1E-01	0.11304	7.4E-01
rs11072938	15	81021661	1.05811	C	T	0.730551	0.99862	0.276544	6.0E-01	0.00289045	0.00442773	0.426156	5.1E-01	0.103793	7.5E-01
rs66615128	15	92561941	1.21822	G	C	0.785237	0.999315	4.86073	2.7E-02	0.0112282	0.00478381	5.50896	1.9E-02	6.86112	8.8E-03
rs13335638	16	2136624	0.0436172	T	C	0.8263	0.992856	3.86465	4.9E-02	0.00912306	0.00520954	3.06678	8.0E-02	4.10271	4.3E-02
rs35108574	16	4370706	0.08231	A	G	0.886062	0.980242	4.79674	2.9E-02	-0.0116214	0.00623393	3.47529	6.2E-02	3.85433	5.0E-02
rs4787649	16	24700215	0.465896	C	T	0.246065	0.995971	2.8566	9.1E-02	-0.00720974	0.00456885	2.49015	1.1E-01	3.31976	6.8E-02
rs2650494	16	28318440	0.541911	A	G	0.582495	0.992404	8.42653	3.7E-03	0.0125865	0.00399021	9.94982	1.6E-03	10.7396	1.0E-03
rs34286592	16	29820480	0.551885	C	T	0.853439	1	0.191166	6.6E-01	-0.00183313	0.0055511	0.109051	7.4E-01	0.293424	5.9E-01
rs79867441	16	29950820	0.553171	C	T	0.932238	0.992347	6.63284	1.0E-02	0.0195481	0.00783684	6.22194	1.3E-02	5.90186	1.5E-02
rs2047937	16	49864791	0.582147	C	T	0.485483	0.999762	5.79366	1.6E-02	-0.00890214	0.00393507	5.11781	2.4E-02	4.80393	2.8E-02
rs11075986	16	53805344	0.645995	C	G	0.919939	0.995968	0.00852433	9.3E-01	-0.00113709	0.00723936	0.0246711	8.8E-01	0.234296	6.3E-01
rs4783718	16	69547741	0.858329	T	C	0.409964	0.963133	16.0862	6.1E-05	0.0154161	0.00406844	14.358	1.5E-04	15.2068	9.6E-05
rs9921731	16	81490692	1.04519	G	C	0.393263	0.997107	25.1597	5.3E-07	0.0210448	0.0040187	27.4233	1.6E-07	27.2958	1.7E-07
rs10492861	16	82866767	1.0911	G	T	0.714227	0.98872	2.22266	1.4E-01	-0.00613898	0.00437198	1.97168	1.6E-01	2.07024	1.5E-01
rs2760744	17	2017029	0.0688816	T	C	0.706093	0.999866	0.00248611	9.6E-01	-0.000418588	0.00430939	0.00943499	9.2E-01	0.0691789	7.9E-01
rs6502766	17	3902163	0.111799	C	T	0.805288	0.994964	4.86534	2.7E-02	-0.0108517	0.00496777	4.77166	2.9E-02	4.66279	3.1E-02
rs1269402	17	17361137	0.443379	T	C	0.264169	0.990324	0.0601392	8.1E-01	9.21148e-05	0.0044683	0.000424986	9.8E-01	0.00194667	9.6E-01
rs7217403	17	21160085	0.471144	C	T	0.33386	0.984489	1.3179	2.5E-01	0.00392416	0.00419791	0.873829	3.5E-01	0.749206	3.9E-01
rs4796221	17	34831963	0.595053	G	A	0.521542	1	7.42855	6.4E-03	0.00959692	0.00393293	5.95432	1.5E-02	5.83965	1.6E-02
rs72820902	17	40441048	0.664334	C	T	0.920059	0.98229	16.247	5.6E-05	-0.0305217	0.00731467	17.4112	3.0E-05	15.886	6.7E-05
rs56214516	17	43836953	0.688645	A	C	0.804476	0.982696	2.71948	9.9E-02	-0.00950195	0.00500223	3.60826	5.7E-02	3.146	7.6E-02
rs9892365	17	59491384	0.871045	A	G	0.329894	0.996856	0.183985	6.7E-01	0.00126754	0.0041889	0.0915642	7.6E-01	0.123276	7.3E-01
rs7215551	17	61664740	0.886997	G	A	0.35741	0.990187	3.40451	6.5E-02	-0.00825738	0.00413359	3.99051	4.6E-02	2.8507	9.1E-02
rs3936134	17	65814382	0.947689	C	G	0.887489	1	32.8023	1.0E-08	-0.0330207	0.00621772	28.2039	1.1E-07	25.9236	3.6E-07
rs236544	17	68229691	0.981625	G	A	0.579444	0.996753	0.0797504	7.8E-01	0.000598121	0.00398846	0.0224888	8.8E-01	0.011561	9.1E-01
rs11869880	17	73198131	1.09799	T	C	0.785317	0.995073	11.6088	6.6E-04	0.0159296	0.00479085	11.0556	8.8E-04	9.65528	1.9E-03
rs3810068	18	2846499	0.0738566	T	C	0.595835	1	5.62819	1.8E-02	0.00885036	0.00400008	4.89536	2.7E-02	4.50136	3.4E-02
rs1787013	18	13072979	0.384745	T	C	0.550563	0.99954	0.0447617	8.3E-01	0.000182976	0.00395178	0.00214388	9.6E-01	0.0335816	8.5E-01
rs4310973	18	20707622	0.429126	A	G	0.212403	0.987885	0.820208	3.7E-01	-0.00528377	0.00485437	1.18474	2.8E-01	1.39667	2.4E-01
rs505601	18	34280131	0.564322	G	A	0.81101	0.990705	3.32725	6.8E-02	-0.00949834	0.00503996	3.55174	5.9E-02	2.50005	1.1E-01
rs4890429	18	40697481	0.611694	T	C	0.73765	0.995191	8.66966	3.2E-03	0.0137211	0.0044873	9.34991	2.2E-03	9.35398	2.2E-03
rs74475730	18	46578171	0.687072	C	T	0.959907	0.993206	0.417544	5.2E-01	0.00466032	0.010054	0.21486	6.4E-01	0.212928	6.4E-01
rs2187176	18	57679365	0.819838	A	G	0.308898	0.982596	3.44031	6.4E-02	-0.00713008	0.00430618	2.7416	9.8E-02	1.31829	2.5E-01
rs8097783	18	58051294	0.823036	G	A	0.926154	1	0.0884737	7.7E-01	0.00271771	0.00753423	0.130115	7.2E-01	0.600016	4.4E-01
rs12979965	19	2131148	0.0753026	A	G	0.499421	0.991113	0.703524	4.0E-01	-0.00323563	0.00394901	0.671341	4.1E-01	0.522269	4.7E-01
rs547387498	19	8362261	0.273906	G	C	0.969088	0.711917	84.9745	3.0E-20	0.123965	0.0134218	85.3064	2.6E-20	85.051	2.9E-20
rs10403273	19	19372968	0.4621	C	G	0.837623	0.998891	1.76016	1.8E-01	0.00760007	0.00532856	2.0343	1.5E-01	2.14409	1.4E-01
rs12461902	19	30265235	0.512848	G	A	0.671201	0.985963	4.63175	3.1E-02	-0.00916998	0.00421236	4.73899	2.9E-02	5.08107	2.4E-02
rs73024215	19	33784657	0.561399	T	C	0.929713	0.961977	25.168	5.3E-07	-0.0387271	0.00783945	24.4039	7.8E-07	27.7183	1.4E-07
rs77793940	19	34003177	0.562809	T	C	0.916647	0.969314	0.6155	4.3E-01	-0.00596822	0.00722184	0.682957	4.1E-01	0.106567	7.4E-01
rs62117160	19	45232161	0.700034	G	A	0.95457	1	100.572	1.1E-23	-0.095451	0.00943506	102.346	4.7E-24	107.48	3.5E-25
rs112450640	19	45296364	0.703043	G	A	0.980494	0.986145	124.426	6.8E-29	-0.160667	0.0143087	126.082	3.0E-29	134.292	4.7E-31
rs147711004	19	45337918	0.704947	G	A	0.963965	0.951931	4.58	3.2E-02	0.0250145	0.0107791	5.38544	2.0E-02	4.64742	3.1E-02
rs12979214	19	46157719	0.718332	A	G	0.803842	0.969205	0.607016	4.4E-01	0.00486045	0.00502134	0.936944	3.3E-01	0.622355	4.3E-01
rs8103017	19	55999142	0.996663	C	G	0.705959	0.984581	15.1942	9.7E-05	-0.0178201	0.00434279	16.8377	4.1E-05	16.0095	6.3E-05
rs805769	20	5667459	0.191037	T	C	0.595692	0.99253	1.61477	2.0E-01	-0.00489652	0.00402323	1.48124	2.2E-01	2.37586	1.2E-01
rs1884897	20	6612832	0.214572	A	G	0.371346	0.993838	0.29179	5.9E-01	0.00384088	0.00410326	0.876202	3.5E-01	1.17627	2.8E-01
rs7453	20	25207074	0.516203	T	C	0.547962	0.998658	0.211736	6.5E-01	-0.00170826	0.00395241	0.186803	6.7E-01	0.27064	6.0E-01
rs1997833	20	39690342	0.597551	T	C	0.699628	0.998963	4.9236	2.6E-02	-0.00956738	0.00428151	4.99335	2.5E-02	3.54472	6.0E-02
rs56323232	20	41961907	0.631286	C	T	0.863639	0.984929	0.393922	5.3E-01	0.00312939	0.0057693	0.29422	5.9E-01	0.518884	4.7E-01
rs6065904	20	44534651	0.671175	G	A	0.785224	1	104.161	1.9E-24	-0.0497863	0.00478941	108.058	2.6E-25	113.027	2.1E-26
rs6013453	20	51026284	0.791367	T	C	0.632527	0.999327	4.807	2.8E-02	0.00988136	0.00407371	5.88374	1.5E-02	6.45575	1.1E-02
rs6064557	20	56115153	0.9034	G	A	0.442948	0.999541	7.32443	6.8E-03	-0.0112523	0.00394053	8.15406	4.3E-03	8.13283	4.3E-03
rs28451064	21	35593827	0.362865	G	A	0.868938	0.957975	0.000270437	9.9E-01	-0.00021694	0.0059599	0.00132496	9.7E-01	5.09016e-06	1.0E+00
rs2836139	21	39451403	0.432375	A	G	0.517161	0.9942	0.00654467	9.4E-01	-0.00166599	0.00396163	0.176847	6.7E-01	0.80027	3.7E-01
rs849453	22	27566619	0.305237	C	G	0.190181	0.996731	1.72428	1.9E-01	0.00735167	0.00502008	2.14462	1.4E-01	2.41738	1.2E-01
rs9625551	22	29140529	0.338663	G	A	0.979024	0.995212	0.0105413	9.2E-01	0.000369951	0.0137646	0.000722374	9.8E-01	0.00798324	9.3E-01
rs2413338	22	35663523	0.409716	C	T	0.369137	0.988961	0.106263	7.4E-01	0.00089069	0.00409249	0.0473672	8.3E-01	0.000270308	9.9E-01
rs801597	22	47190735	0.614737	T	G	0.275448	0.998113	0.0916121	7.6E-01	0.00158636	0.00440031	0.129967	7.2E-01	0.0103885	9.2E-01
