SNP	CHR	BP	GENPOS	ALLELE1	ALLELE0	A1FREQ	INFO	CHISQ_LINREG	P_LINREG	BETA	SE	CHISQ_BOLT_LMM_INF	P_BOLT_LMM_INF	CHISQ_BOLT_LMM	P_BOLT_LMM
rs7412983	1	2943183	0.0400826	A	C	0.815676	0.996304	0.525895	4.7E-01	-0.00397761	0.00518705	0.588037	4.4E-01	0.451945	5.0E-01
rs1294014	1	9325676	0.18921	C	T	0.731267	0.974098	0.615772	4.3E-01	0.00282636	0.00459282	0.378699	5.4E-01	0.44073	5.1E-01
rs9988429	1	19824124	0.401889	C	T	0.679183	0.998214	0.0749441	7.8E-01	-0.000876753	0.00430327	0.0415104	8.4E-01	0.0160083	9.0E-01
rs12041540	1	23262176	0.460611	G	A	0.646848	0.995392	2.26232	1.3E-01	-0.00765693	0.00420356	3.31799	6.9E-02	3.38667	6.6E-02
rs10902676	1	26120367	0.493514	G	A	0.466005	0.991591	1.93427	1.6E-01	0.00569052	0.00404467	1.97943	1.6E-01	1.88303	1.7E-01
rs4660443	1	39591779	0.669753	C	T	0.785557	0.997156	10.8858	9.7E-04	0.0166051	0.00490318	11.4691	7.1E-04	12.6834	3.7E-04
rs2032022	1	49388622	0.760047	T	G	0.350563	0.99763	0.0922603	7.6E-01	-0.0021324	0.00419068	0.258922	6.1E-01	0.103869	7.5E-01
rs1013293	1	62570321	0.915785	G	A	0.569453	0.987679	0.0499103	8.2E-01	-0.00159911	0.00405987	0.155143	6.9E-01	0.602699	4.4E-01
rs12755450	1	72628347	1.03293	T	C	0.795069	1	5.29212	2.1E-02	-0.0121819	0.00496443	6.02131	1.4E-02	7.35557	6.7E-03
rs313710	1	86251836	1.15039	T	C	0.595169	0.991629	1.92967	1.6E-01	0.00586494	0.00410254	2.04372	1.5E-01	2.79918	9.4E-02
rs7548936	1	91207757	1.21384	G	C	0.626945	0.998895	0.0037358	9.5E-01	-0.000926438	0.00416077	0.0495776	8.2E-01	0.107668	7.4E-01
rs4375301	1	98298371	1.27828	A	G	0.767049	0.993807	4.08915	4.3E-02	0.0101816	0.00476729	4.56126	3.3E-02	4.51933	3.4E-02
rs1318756	1	103340623	1.32951	T	C	0.496541	0.991063	1.89292	1.7E-01	-0.00616871	0.00403522	2.33698	1.3E-01	2.47856	1.2E-01
rs3108680	1	107572997	1.35724	T	C	0.650884	0.999501	20.0705	7.5E-06	-0.0184027	0.00422532	18.9689	1.3E-05	18.8724	1.4E-05
rs4970829	1	109757295	1.38629	G	A	0.927892	1	84.2182	4.4E-20	0.0705854	0.00775249	82.8985	8.6E-20	82.2276	1.2E-19
rs2076586	1	112273026	1.42823	C	T	0.754427	0.980886	2.67205	1.0E-01	-0.00812639	0.0047096	2.97733	8.4E-02	3.61829	5.7E-02
rs71670897	1	119151935	1.50822	G	A	0.96335	0.976508	0.934058	3.3E-01	0.0121335	0.010797	1.26289	2.6E-01	1.03494	3.1E-01
rs905938	1	154991389	1.69836	T	C	0.735666	1	1.24745	2.6E-01	0.00524143	0.00455599	1.32353	2.5E-01	2.18528	1.4E-01
rs6688053	1	163589208	1.81503	C	T	0.558728	0.988788	2.53068	1.1E-01	-0.0072021	0.00406535	3.13851	7.6E-02	2.46105	1.2E-01
rs17345893	1	170171874	1.91645	C	T	0.933686	0.998406	1.72871	1.9E-01	0.00853256	0.00806532	1.11922	2.9E-01	1.55751	2.1E-01
rs17361789	1	172122601	1.93709	T	G	0.67666	0.979392	0.548839	4.6E-01	0.00258216	0.00433419	0.354936	5.5E-01	0.384115	5.4E-01
rs6700575	1	172364712	1.93908	A	G	0.843224	0.99482	0.12661	7.2E-01	-0.00169248	0.00553208	0.0935989	7.6E-01	0.138576	7.1E-01
rs12757638	1	177815769	1.98756	G	A	0.794896	0.999497	4.46477	3.5E-02	0.00971278	0.00498485	3.79649	5.1E-02	5.00473	2.5E-02
rs12069549	1	200036139	2.16766	C	T	0.873356	0.988289	4.96093	2.6E-02	0.0140362	0.00606646	5.35336	2.1E-02	4.0812	4.3E-02
rs56283998	1	205039295	2.25361	A	C	0.802994	0.996714	0.868023	3.5E-01	0.00504689	0.00504104	1.00232	3.2E-01	1.30505	2.5E-01
rs3767848	1	214173840	2.36754	G	A	0.749925	0.990604	0.0159669	9.0E-01	-0.000418046	0.00465366	0.00806969	9.3E-01	0.0358329	8.5E-01
rs7547454	1	219429385	2.43543	T	A	0.681956	0.999746	0.379252	5.4E-01	0.00188197	0.00430913	0.190741	6.6E-01	0.257065	6.1E-01
rs12042959	1	243533273	2.82744	A	G	0.856295	0.985729	1.25071	2.6E-01	-0.00713562	0.00575556	1.53705	2.2E-01	1.65785	2.0E-01
rs74495980	2	375873	0.0042135	C	G	0.962013	1	1.05775	3.0E-01	-0.0103337	0.010486	0.971149	3.2E-01	1.11359	2.9E-01
rs10185713	2	621254	0.0081413	A	G	0.793352	0.993471	0.947136	3.3E-01	-0.0053716	0.00498985	1.15887	2.8E-01	0.818674	3.7E-01
rs812400	2	13073562	0.297327	G	A	0.763905	0.987822	2.04233	1.5E-01	-0.00799122	0.00476288	2.81505	9.3E-02	1.67658	2.0E-01
rs11673889	2	21104631	0.419072	G	C	0.739354	0.972648	61.0685	5.5E-15	0.0363737	0.00463898	61.4794	4.5E-15	71.2547	3.1E-17
rs1731260	2	26953354	0.471406	G	T	0.525426	0.997367	0.0157166	9.0E-01	-0.000730948	0.00402308	0.0330109	8.6E-01	0.0613856	8.0E-01
rs4665378	2	27548038	0.473329	A	C	0.600842	0.998401	70.6572	4.3E-17	-0.0353878	0.00409711	74.6024	5.8E-18	77.4457	1.4E-18
rs10153926	2	43189120	0.673364	G	A	0.785344	0.98004	1.11651	2.9E-01	0.00589349	0.00493888	1.42393	2.3E-01	1.09052	3.0E-01
rs17326656	2	48962291	0.765285	G	T	0.762394	0.991513	1.37601	2.4E-01	0.00453307	0.00474471	0.912781	3.4E-01	1.039	3.1E-01
rs62141921	2	58590687	0.848728	G	A	0.840999	0.992362	0.234381	6.3E-01	-0.00293235	0.00549019	0.285272	5.9E-01	0.111763	7.4E-01
rs13428870	2	58956557	0.850032	T	G	0.698619	0.989274	0.13665	7.1E-01	0.000873622	0.00440505	0.039332	8.4E-01	0.055638	8.1E-01
rs2195086	2	60814466	0.873878	T	G	0.83582	0.991606	1.42975	2.3E-01	0.00682271	0.005436	1.57527	2.1E-01	1.83155	1.8E-01
rs6716270	2	66201731	0.917171	T	C	0.851701	1	0.19673	6.6E-01	0.00292307	0.00565099	0.267565	6.0E-01	0.0473762	8.3E-01
rs659116	2	67666133	0.937104	T	G	0.542915	0.997911	0.000552778	9.8E-01	-0.000758831	0.00404494	0.0351939	8.5E-01	0.0862671	7.7E-01
rs12621286	2	67785566	0.938314	T	C	0.712692	0.98911	0.258698	6.1E-01	-0.00217457	0.00446404	0.237295	6.3E-01	0.545801	4.6E-01
rs12712049	2	100208830	1.21955	A	G	0.176997	0.985519	2.30742	1.3E-01	-0.0092877	0.00529553	3.07607	7.9E-02	3.55179	5.9E-02
rs11680586	2	100746207	1.22171	G	T	0.763215	0.996151	2.66141	1.0E-01	-0.00649354	0.0047253	1.88845	1.7E-01	2.07847	1.5E-01
rs41465348	2	112242612	1.33908	G	T	0.817869	0.933063	1.08821	3.0E-01	-0.00659635	0.0053997	1.49234	2.2E-01	2.41351	1.2E-01
rs111595567	2	114462089	1.35944	C	A	0.7845	0.997566	0.00422382	9.5E-01	0.000775535	0.00489283	0.0251237	8.7E-01	0.0639331	8.0E-01
rs10172336	2	119342963	1.39561	G	T	0.490782	0.991549	0.00753932	9.3E-01	0.00116264	0.0040282	0.0833051	7.7E-01	0.0920703	7.6E-01
rs114666647	2	158393301	1.76187	T	C	0.987556	1	6.79993	9.1E-03	-0.0471883	0.0181177	6.78365	9.2E-03	7.33352	6.8E-03
rs7560257	2	161085348	1.7867	C	T	0.846896	0.988412	6.24784	1.2E-02	0.0150915	0.00561048	7.23544	7.1E-03	6.91283	8.6E-03
rs78343493	2	165502911	1.8149	G	A	0.879696	0.994826	16.7072	4.4E-05	-0.0244269	0.00617985	15.6235	7.7E-05	16.1709	5.8E-05
rs2887185	2	181528597	2.00401	C	A	0.37741	0.997975	3.61712	5.7E-02	0.00903274	0.00414456	4.74988	2.9E-02	4.63526	3.1E-02
rs3114926	2	187733699	2.04022	T	A	0.732729	0.996136	0.0038657	9.5E-01	-0.000261627	0.00454447	0.00331435	9.5E-01	0.0452131	8.3E-01
rs7597487	2	200717641	2.13782	G	A	0.4462	0.997798	0.00499546	9.4E-01	0.00034475	0.00404918	0.00724894	9.3E-01	0.0688929	7.9E-01
rs16846100	2	212278218	2.24429	C	A	0.731067	0.991398	0.0289935	8.6E-01	-0.000144541	0.00455971	0.00100486	9.7E-01	0.00242779	9.6E-01
rs7599312	2	213413231	2.26194	G	A	0.732805	0.980994	0.242913	6.2E-01	-0.00290054	0.00458281	0.400584	5.3E-01	0.466789	4.9E-01
rs13429408	2	219142860	2.33572	C	A	0.437636	0.999543	0.220951	6.4E-01	-0.00201945	0.00403895	0.249994	6.2E-01	0.0358267	8.5E-01
rs7589153	2	230549844	2.50173	A	G	0.448934	0.993474	0.0169154	9.0E-01	0.00148346	0.0040492	0.134218	7.1E-01	0.470044	4.9E-01
rs72980197	2	239268619	2.66777	G	T	0.945215	1	0.0584916	8.1E-01	0.00175277	0.00881122	0.0395708	8.4E-01	9.7818e-05	9.9E-01
rs4686340	3	9345218	0.248513	A	C	0.245634	0.979708	0.146817	7.0E-01	0.00113821	0.00472784	0.0579588	8.1E-01	7.49745e-09	1.0E+00
rs2600230	3	12038629	0.296833	T	A	0.172563	0.999419	8.59879	3.4E-03	0.0169446	0.00531677	10.1571	1.4E-03	10.2244	1.4E-03
rs1962515	3	12611269	0.299386	T	C	0.402697	0.99673	2.2216	1.4E-01	0.00665727	0.00410229	2.63354	1.0E-01	2.64911	1.0E-01
rs2455806	3	15705397	0.355658	T	A	0.685985	0.991689	2.44563	1.2E-01	0.00755698	0.0043562	3.0094	8.3E-02	1.56644	2.1E-01
rs9843488	3	33838124	0.583292	T	G	0.731851	0.986529	1.78911	1.8E-01	0.00660068	0.00457397	2.08253	1.5E-01	2.33534	1.3E-01
rs11928128	3	35516974	0.595221	T	C	0.862132	0.990586	0.164431	6.9E-01	-0.00338561	0.00583426	0.336745	5.6E-01	0.122805	7.3E-01
rs4683301	3	46931478	0.687602	A	T	0.40228	0.992469	0.652097	4.2E-01	0.00363148	0.00411022	0.780614	3.8E-01	0.905939	3.4E-01
rs7633840	3	48719638	0.689719	T	C	0.334732	0.949007	1.22757	2.7E-01	0.00530215	0.00437065	1.47168	2.3E-01	1.29864	2.5E-01
rs7613360	3	49916710	0.690238	C	T	0.605285	0.997092	0.25841	6.1E-01	-0.00305768	0.00411347	0.552545	4.6E-01	0.242787	6.2E-01
rs9311841	3	62478786	0.829707	C	T	0.266611	0.989049	0.0740252	7.9E-01	0.000247662	0.00458318	0.00292002	9.6E-01	0.00848736	9.3E-01
rs73124286	3	64667059	0.870966	G	T	0.716973	0.955989	1.41036	2.3E-01	-0.00422482	0.00456987	0.854691	3.6E-01	0.761154	3.8E-01
rs10510927	3	64750744	0.872079	A	C	0.554589	0.997963	2.44814	1.2E-01	-0.00750078	0.00404607	3.43673	6.4E-02	3.02439	8.2E-02
rs4123668	3	82629523	1.08298	T	C	0.597578	0.994471	0.655131	4.2E-01	0.0041249	0.00410804	1.00822	3.2E-01	1.68156	1.9E-01
rs9876664	3	85806313	1.08996	G	T	0.623459	0.99373	1.34395	2.5E-01	-0.00549231	0.00415985	1.74323	1.9E-01	1.36685	2.4E-01
rs1580100	3	93980841	1.10443	T	A	0.48363	0.99821	2.45249	1.2E-01	-0.00609558	0.0040263	2.29202	1.3E-01	1.82203	1.8E-01
rs11708733	3	128039895	1.41818	G	A	0.952759	0.983201	0.00202141	9.6E-01	-0.00152878	0.00956372	0.0255527	8.7E-01	0.147076	7.0E-01
rs143418767	3	129105690	1.42548	G	A	0.980985	0.944053	4.44209	3.5E-02	0.0294141	0.0151338	3.7776	5.2E-02	2.77418	9.6E-02
rs7624428	3	131516596	1.44298	T	A	0.73313	0.992487	0.132901	7.2E-01	0.00403598	0.00456583	0.781372	3.8E-01	1.36799	2.4E-01
rs13071085	3	136014923	1.49397	G	A	0.874037	0.99558	0.0146602	9.0E-01	0.000914794	0.00606384	0.0227589	8.8E-01	0.0409212	8.4E-01
rs111398337	3	138328016	1.50606	C	T	0.455117	0.996909	0.482163	4.9E-01	0.00215104	0.00403895	0.283634	5.9E-01	0.254268	6.1E-01
rs62271373	3	150066540	1.64339	T	A	0.940057	0.95946	4.91316	2.7E-02	0.02111	0.00862665	5.98813	1.4E-02	6.40961	1.1E-02
rs9865431	3	156351718	1.71006	T	A	0.852687	0.993895	4.71639	3.0E-02	-0.0137435	0.005684	5.84638	1.6E-02	6.64004	1.0E-02
rs13091300	3	168927453	1.77934	C	T	0.617544	0.9977	0.011253	9.2E-01	0.00053948	0.00413048	0.0170589	9.0E-01	0.0020211	9.6E-01
rs4894803	3	171800256	1.82113	A	G	0.59062	0.987681	0.672237	4.1E-01	-0.00383528	0.0041182	0.86732	3.5E-01	1.46795	2.3E-01
rs12638263	3	185795855	2.0212	A	C	0.807145	0.995698	1.07394	3.0E-01	-0.00623663	0.00510728	1.49115	2.2E-01	1.44361	2.3E-01
rs2248422	3	187668469	2.0681	T	C	0.79676	1	0.83714	3.6E-01	0.00377225	0.00500553	0.56794	4.5E-01	0.389297	5.3E-01
rs7697256	4	848335	0.00782825	C	T	0.72746	0.999147	0.921285	3.4E-01	-0.00405738	0.00451565	0.807328	3.7E-01	0.71573	4.0E-01
rs4690071	4	3086753	0.0324892	A	T	0.641787	0.991623	20.9949	4.6E-06	-0.0189299	0.00421084	20.2096	6.9E-06	22.2437	2.4E-06
rs1912897	4	26006133	0.455942	A	T	0.794106	0.98817	5.15144	2.3E-02	0.01155	0.00499709	5.34234	2.1E-02	5.15641	2.3E-02
rs2871198	4	26292555	0.461345	C	T	0.389909	0.964896	4.35635	3.7E-02	-0.00925246	0.00419432	4.86621	2.7E-02	4.66596	3.1E-02
rs13130484	4	45175691	0.679813	C	T	0.566923	0.996273	0.264995	6.1E-01	0.00187734	0.00406303	0.213495	6.4E-01	0.210851	6.5E-01
rs819266	4	56235592	0.73028	T	C	0.711983	0.998836	0.104564	7.5E-01	0.00116731	0.0044499	0.0688136	7.9E-01	0.0165416	9.0E-01
rs4472161	4	78625750	0.926383	A	C	0.140858	0.990092	3.49194	6.2E-02	0.010108	0.00579423	3.04325	8.1E-02	2.30075	1.3E-01
rs9991751	4	89642436	1.0486	G	A	0.847364	0.999558	0.977998	3.2E-01	-0.00739379	0.00559944	1.74359	1.9E-01	2.50745	1.1E-01
rs904092	4	100214164	1.13019	A	G	0.176585	1	7.3832	6.6E-03	0.0143557	0.0052666	7.42998	6.4E-03	6.64542	9.9E-03
rs4525978	4	102133144	1.14847	C	T	0.266365	0.992964	0.15816	6.9E-01	-0.00243493	0.00456586	0.284399	5.9E-01	0.395575	5.3E-01
rs769668	4	140858717	1.49525	T	C	0.655583	0.988947	3.44938	6.3E-02	-0.00827648	0.00426572	3.76449	5.2E-02	3.21624	7.3E-02
rs7692554	4	145536336	1.5383	G	A	0.572163	0.998925	0.281478	6.0E-01	-0.00163219	0.00405131	0.162313	6.9E-01	0.326927	5.7E-01
rs639744	5	3949504	0.10119	C	T	0.334393	0.993555	2.96015	8.5E-02	-0.00747461	0.00428297	3.0457	8.1E-02	2.69621	1.0E-01
rs12658939	5	53268762	0.644749	T	C	0.887728	0.983337	0.0114823	9.1E-01	0.00158663	0.00641078	0.0612532	8.0E-01	0.212208	6.5E-01
rs115865075	5	55776257	0.679598	C	T	0.987426	0.93412	0.401387	5.3E-01	0.0115085	0.0186138	0.382267	5.4E-01	0.471511	4.9E-01
rs588898	5	55797382	0.680156	G	A	0.874484	0.995997	13.8343	2.0E-04	-0.0229637	0.00607899	14.2699	1.6E-04	17.4055	3.0E-05
rs34696	5	66292389	0.770621	C	A	0.447793	0.986394	0.362264	5.5E-01	-0.00294221	0.00407009	0.522563	4.7E-01	0.920257	3.4E-01
rs7710706	5	74343769	0.860085	G	A	0.639532	0.992025	43.2312	4.9E-11	-0.0274671	0.00420137	42.7408	6.2E-11	47.5448	5.4E-12
rs13167306	5	76574841	0.89346	C	T	0.679878	0.993031	0.509676	4.8E-01	-0.00341114	0.0043321	0.620016	4.3E-01	0.99337	3.2E-01
rs247916	5	87530253	1.0143	A	C	0.790166	0.984893	0.653124	4.2E-01	-0.00355752	0.00496977	0.512417	4.7E-01	0.0346158	8.5E-01
rs7733438	5	87986284	1.0155	T	G	0.863301	0.981904	0.412431	5.2E-01	-0.00399063	0.00590106	0.457322	5.0E-01	0.445922	5.0E-01
rs6869862	5	103886213	1.12287	T	G	0.519002	0.997607	1.13286	2.9E-01	0.00440707	0.00402943	1.19623	2.7E-01	1.85881	1.7E-01
rs11241196	5	112535956	1.19975	G	A	0.317525	0.991452	1.40272	2.4E-01	-0.00561279	0.00433394	1.67723	2.0E-01	2.13297	1.4E-01
rs12332329	5	118721694	1.27467	G	A	0.717104	0.991939	13.7272	2.1E-04	-0.0173153	0.00448238	14.9225	1.1E-04	16.6805	4.4E-05
rs4705986	5	132349654	1.39065	T	G	0.936459	0.978165	8.09391	4.4E-03	-0.0237504	0.00833699	8.11565	4.4E-03	6.17254	1.3E-02
rs10477191	5	142077715	1.49476	A	G	0.949961	0.911257	0.356101	5.5E-01	-0.00448197	0.0096517	0.21564	6.4E-01	0.118514	7.3E-01
rs10035289	5	153095918	1.63982	A	G	0.466786	0.997256	2.79573	9.5E-02	-0.00721984	0.00402585	3.21617	7.3E-02	3.03374	8.2E-02
rs2871924	5	155770918	1.66035	C	T	0.296888	0.995839	0.127327	7.2E-01	-0.00085438	0.00439656	0.0377639	8.5E-01	0.342675	5.6E-01
rs254800	5	172925741	1.91983	T	G	0.516581	0.99624	3.57837	5.9E-02	0.00794462	0.00402016	3.90535	4.8E-02	4.54204	3.3E-02
rs58895838	5	173269956	1.92938	A	G	0.759007	0.980237	0.288958	5.9E-01	-0.00171852	0.00474304	0.131279	7.2E-01	0.0211221	8.8E-01
rs244722	5	176534724	2.00012	A	C	0.491774	0.980953	3.09676	7.8E-02	0.00588433	0.00405951	2.1011	1.5E-01	1.50629	2.2E-01
rs1294447	6	6724416	0.18091	T	C	0.493581	0.983229	0.214534	6.4E-01	-0.00249776	0.00404436	0.381418	5.4E-01	0.43428	5.1E-01
rs13207230	6	7041700	0.194689	G	A	0.467706	0.982104	1.83196	1.8E-01	-0.00534285	0.00405985	1.73191	1.9E-01	1.21206	2.7E-01
rs4715912	6	14506240	0.314195	C	G	0.749538	0.953352	0.0603567	8.1E-01	-0.0025497	0.00473407	0.290073	5.9E-01	0.415988	5.2E-01
rs4134943	6	20483407	0.409015	C	T	0.797164	1	6.81433	9.0E-03	-0.0129986	0.00499324	6.77682	9.2E-03	6.37673	1.2E-02
rs4711092	6	25684405	0.491796	T	C	0.454079	1	31.6787	1.8E-08	0.0226439	0.0040278	31.6057	1.9E-08	28.1171	1.1E-07
rs1611320	6	29902373	0.503831	A	G	0.439083	0.926598	69.0164	9.8E-17	0.0348017	0.00418857	69.0351	9.7E-17	70.0709	5.7E-17
rs9270222	6	32556644	0.520348	A	G	0.330168	0.891194	60.4211	7.7E-15	0.035763	0.00449365	63.3387	1.7E-15	60.8273	6.2E-15
rs150459394	6	34185960	0.545771	A	T	0.929914	0.979787	1.17289	2.8E-01	0.00898819	0.00793323	1.28364	2.6E-01	0.747283	3.9E-01
rs6901866	6	43260660	0.66972	T	C	0.706104	0.996521	0.00598221	9.4E-01	0.000175806	0.0044117	0.00158802	9.7E-01	3.1145e-05	1.0E+00
rs9381248	6	43734606	0.675407	C	T	0.878168	0.993046	5.52768	1.9E-02	0.0155288	0.00616451	6.34566	1.2E-02	5.79977	1.6E-02
rs9395885	6	53745477	0.782866	C	T	0.917223	0.99848	1.07417	3.0E-01	0.00832669	0.00728736	1.30558	2.5E-01	0.844431	3.6E-01
rs2505949	6	80804414	0.920772	A	G	0.620204	0.988477	2.23941	1.3E-01	-0.00635449	0.00415725	2.33641	1.3E-01	2.45007	1.2E-01
rs2496690	6	81346504	0.922438	A	G	0.376754	0.992012	0.0152975	9.0E-01	0.000195237	0.00417185	0.0021901	9.6E-01	0.00235816	9.6E-01
rs1322863	6	85720325	0.951167	G	A	0.936492	0.998184	4.0456	4.4E-02	-0.0161581	0.008234	3.85085	5.0E-02	3.6785	5.5E-02
rs17448885	6	97385975	1.0576	C	G	0.658737	0.996471	0.0461497	8.3E-01	0.00160722	0.00424847	0.143116	7.1E-01	1.20574e-05	1.0E+00
rs17297752	6	97915394	1.05968	C	A	0.730989	0.998619	4.02474	4.5E-02	-0.00858209	0.00453322	3.58403	5.8E-02	5.43289	2.0E-02
rs9401452	6	98452680	1.0624	T	C	0.606196	0.998799	2.7811	9.5E-02	-0.00671898	0.00411282	2.66887	1.0E-01	2.71465	9.9E-02
rs2256268	6	100599389	1.08112	C	T	0.828914	0.990083	0.388362	5.3E-01	-0.00244452	0.00536346	0.207728	6.5E-01	0.224302	6.4E-01
rs12206094	6	108906200	1.17855	C	T	0.71927	0.997161	0.372549	5.4E-01	0.00233445	0.00448173	0.271316	6.0E-01	0.0328242	8.6E-01
rs4946445	6	120157197	1.26007	A	G	0.767913	0.994369	0.165458	6.8E-01	-0.00258056	0.00477058	0.292608	5.9E-01	0.153407	7.0E-01
rs9375417	6	126248374	1.3252	T	C	0.495328	0.999041	1.85803	1.7E-01	0.00487838	0.00401325	1.47761	2.2E-01	1.99755	1.6E-01
rs62437220	6	127353873	1.32766	T	A	0.953312	0.986017	3.93376	4.7E-02	0.0170689	0.00957724	3.17636	7.5E-02	3.92826	4.7E-02
rs590015	6	139824992	1.50297	G	A	0.500538	0.993146	15.9853	6.4E-05	0.0157489	0.00401701	15.3708	8.8E-05	16.0388	6.2E-05
rs7453812	6	153405199	1.66319	T	G	0.0494718	0.995743	3.84694	5.0E-02	0.0177434	0.00929597	3.6432	5.6E-02	4.56516	3.3E-02
rs2282137	6	160468180	1.77084	G	A	0.984063	0.989502	56.7101	5.1E-14	-0.120478	0.0161003	55.9951	7.3E-14	56.5592	5.5E-14
rs562660689	6	160703358	1.77413	A	G	0.843981	0.995196	39.12	4.0E-10	-0.0372976	0.00553093	45.4743	1.5E-11	46.2603	1.0E-11
rs6955431	7	20444060	0.358689	T	C	0.69178	0.986954	1.13258	2.9E-01	-0.00372754	0.00437872	0.724687	3.9E-01	0.332338	5.6E-01
rs960589	7	25823647	0.43812	A	C	0.837373	0.976235	0.0408431	8.4E-01	0.00209887	0.00550291	0.145474	7.0E-01	0.375405	5.4E-01
rs12671127	7	26309246	0.44373	C	T	0.632826	0.988487	1.78138	1.8E-01	-0.00596624	0.00417962	2.03764	1.5E-01	2.00786	1.6E-01
rs2189239	7	27237453	0.453427	C	T	0.917946	0.977954	0.24964	6.2E-01	-0.00161019	0.00740874	0.0472349	8.3E-01	0.196546	6.6E-01
rs17725246	7	44581986	0.698744	T	C	0.817254	0.999146	24.7251	6.6E-07	-0.026807	0.00518621	26.7176	2.4E-07	28.1761	1.1E-07
rs78702390	7	68618770	0.862671	G	C	0.940064	0.983166	3.02277	8.2E-02	-0.0146819	0.00854254	2.95386	8.6E-02	3.27303	7.0E-02
rs1178979	7	72856430	0.899612	T	C	0.80296	1	348.54	8.8E-78	-0.0952729	0.0050488	356.092	2.0E-79	363.538	4.8E-81
rs12669521	7	77047102	0.934164	A	G	0.661642	0.98421	1.75094	1.9E-01	-0.00565491	0.00428044	1.74531	1.9E-01	1.40945	2.4E-01
rs917154	7	99020806	1.15524	A	G	0.844107	0.995198	8.90112	2.8E-03	-0.0162981	0.00555375	8.61198	3.3E-03	6.64541	9.9E-03
rs2470937	7	104579775	1.19833	T	A	0.548378	0.996384	1.33342	2.5E-01	0.00480853	0.00403867	1.41758	2.3E-01	1.85373	1.7E-01
rs13226446	7	116888161	1.32093	A	G	0.945828	1	0.0922716	7.6E-01	-0.00372943	0.00888714	0.1761	6.7E-01	0.0138791	9.1E-01
rs17168896	7	136712058	1.48048	G	A	0.852027	0.988117	0.1179	7.3E-01	0.00240154	0.00569132	0.178055	6.7E-01	0.0642711	8.0E-01
rs2980478	8	8088230	0.237388	T	C	0.527115	0.963758	64.6773	8.8E-16	-0.033114	0.00410409	65.101	7.1E-16	66.4449	3.6E-16
rs62496677	8	19636940	0.469846	A	C	0.808002	0.995456	57.0384	4.3E-14	-0.0374039	0.00509786	53.8341	2.2E-13	53.5733	2.5E-13
rs66462329	8	19912060	0.473335	G	A	0.717662	0.996492	173.448	1.3E-39	-0.0588184	0.00446059	173.877	1.1E-39	177.958	1.4E-40
rs7815496	8	38321607	0.69461	C	T	0.597702	0.996532	0.580847	4.5E-01	0.00362369	0.00408882	0.785428	3.8E-01	1.65212	2.0E-01
rs62506196	8	60264465	0.832656	A	C	0.841337	0.99445	0.199248	6.6E-01	-0.00118172	0.0055111	0.0459785	8.3E-01	0.132749	7.2E-01
rs7841468	8	68195769	0.884684	T	C	0.715739	0.999146	0.559238	4.5E-01	0.00188356	0.00444996	0.179162	6.7E-01	0.279904	6.0E-01
rs146492163	8	72386394	0.950025	G	T	0.969192	0.960969	5.43173	2.0E-02	0.0257394	0.0118643	4.70662	3.0E-02	5.01011	2.5E-02
rs16937731	8	72531891	0.950652	C	T	0.969553	0.996682	0.0115283	9.1E-01	0.00504241	0.0116922	0.185987	6.7E-01	0.195726	6.6E-01
rs7824350	8	73452488	0.974093	A	G	0.403692	0.994411	0.0605814	8.1E-01	-0.00243116	0.00410784	0.350269	5.5E-01	0.398228	5.3E-01
rs144435165	8	126419938	1.45107	G	C	0.945037	0.785853	16.2732	5.5E-05	0.038762	0.00992155	15.2635	9.4E-05	14.4687	1.4E-04
rs10107982	8	128318755	1.49	T	C	0.725351	0.988462	0.264175	6.1E-01	0.00229465	0.00451533	0.258257	6.1E-01	0.000781691	9.8E-01
rs675849	9	15298666	0.337659	T	C	0.139355	0.996826	30.3921	3.5E-08	0.0308285	0.00580968	28.1579	1.1E-07	30.5177	3.3E-08
rs4740619	9	15634326	0.341844	T	C	0.551261	0.999021	0.0527554	8.2E-01	0.000299877	0.0040471	0.00549034	9.4E-01	0.112973	7.4E-01
rs1412234	9	28410683	0.543029	T	C	0.672099	0.991293	6.3131	1.2E-02	0.0111727	0.00429187	6.77676	9.2E-03	6.66054	9.9E-03
rs1680490	9	29642688	0.558374	A	G	0.642012	0.991873	4.80681e-05	9.9E-01	0.000624413	0.00420879	0.0220105	8.8E-01	0.0349405	8.5E-01
rs12001634	9	94186527	1.11918	T	A	0.660665	0.996234	2.44218	1.2E-01	-0.00572555	0.00425657	1.80931	1.8E-01	2.32233	1.3E-01
rs2131919	9	95283887	1.12689	A	G	0.836098	0.999136	2.23231	1.4E-01	0.0079805	0.00543085	2.15936	1.4E-01	1.79561	1.8E-01
rs7873003	9	96392945	1.13399	T	C	0.321009	0.990354	1.16924	2.8E-01	-0.00492836	0.00432953	1.29575	2.5E-01	0.818684	3.7E-01
rs56285369	9	96712312	1.1418	C	T	0.693118	0.995095	0.863305	3.5E-01	0.00418254	0.00437347	0.914592	3.4E-01	1.41975	2.3E-01
rs12686004	9	107653426	1.24316	G	A	0.885408	1	9.82038	1.7E-03	-0.0196287	0.00630511	9.69162	1.9E-03	10.9053	9.6E-04
rs10991414	9	107685589	1.24582	T	C	0.860554	0.989408	5.08225	2.4E-02	0.0123132	0.00583427	4.45417	3.5E-02	3.46253	6.3E-02
rs73519946	9	107868862	1.24912	A	T	0.958271	0.989128	0.204868	6.5E-01	0.00383529	0.0101229	0.143545	7.0E-01	0.00279471	9.6E-01
rs72607161	9	111792640	1.3053	T	C	0.706082	0.997033	2.07861	1.5E-01	-0.00578784	0.00442128	1.71371	1.9E-01	1.69917	1.9E-01
rs2799465	9	126544609	1.50625	T	C	0.864225	0.996021	0.23668	6.3E-01	0.00349035	0.00587084	0.353458	5.5E-01	0.428304	5.1E-01
rs4382592	9	134870755	1.63189	T	G	0.300732	0.996468	0.786171	3.8E-01	-0.00490248	0.00439737	1.24293	2.6E-01	1.15344	2.8E-01
rs7857390	9	136128546	1.66194	A	G	0.416484	0.985267	51.2044	8.3E-13	-0.0278481	0.00410109	46.1099	1.1E-11	44.5091	2.5E-11
rs12774134	10	4963327	0.105411	C	T	0.88526	1	0.0248554	8.7E-01	-0.000110962	0.0063008	0.00031014	9.9E-01	0.00224498	9.6E-01
rs7923552	10	21687123	0.466325	G	A	0.555867	0.968501	3.72193	5.4E-02	0.00726775	0.0041208	3.11056	7.8E-02	3.81664	5.1E-02
rs2808104	10	32112728	0.602723	C	T	0.785657	0.99976	0.00166074	9.7E-01	-0.00037422	0.00489554	0.00584321	9.4E-01	0.116794	7.3E-01
rs145952040	10	33461248	0.609107	T	C	0.959765	0.938566	2.07459	1.5E-01	0.0166928	0.0105559	2.50072	1.1E-01	2.38044	1.2E-01
rs10827252	10	33672884	0.612425	A	G	0.492282	0.997479	3.90087	4.8E-02	0.00863547	0.00402802	4.59609	3.2E-02	6.01476	1.4E-02
rs743104	10	34162510	0.623368	C	T	0.851826	0.987738	0.59385	4.4E-01	0.00310181	0.00568585	0.297603	5.9E-01	0.462471	5.0E-01
rs7070670	10	61842645	0.8423	C	T	0.672129	0.984388	3.15382	7.6E-02	-0.00720025	0.00429993	2.80396	9.4E-02	3.65512	5.6E-02
rs7919055	10	63808475	0.859585	T	C	0.967188	0.982852	0.625068	4.3E-01	0.0122894	0.0113897	1.16424	2.8E-01	1.14362	2.8E-01
rs2036791	10	64834352	0.870392	A	T	0.599639	0.999771	26.2937	2.9E-07	-0.0217452	0.00410503	28.0604	1.2E-07	25.4461	4.5E-07
rs780157	10	80904701	1.06507	A	C	0.474862	0.956984	3.76657	5.2E-02	0.00690336	0.00410666	2.82581	9.3E-02	3.45484	6.3E-02
rs3814614	10	88128281	1.14764	A	G	0.494534	0.997451	2.90428	8.8E-02	-0.00516396	0.00402902	1.64273	2.0E-01	2.2919	1.3E-01
rs117471638	10	93158084	1.20378	G	A	0.979357	1	1.14463	2.8E-01	0.0155333	0.0141467	1.20565	2.7E-01	1.69799	1.9E-01
rs1776209	10	93810872	1.20851	A	G	0.708687	0.988042	19.1594	1.2E-05	-0.0194229	0.0044401	19.1356	1.2E-05	21.3694	3.8E-06
rs71486238	10	115851703	1.41669	T	A	0.784322	0.994861	3.10849	7.8E-02	0.0100028	0.00489945	4.16817	4.1E-02	4.79787	2.8E-02
rs4751824	10	122833913	1.52693	G	A	0.911449	0.998329	0.0353866	8.5E-01	-0.00126511	0.00708565	0.0318786	8.6E-01	0.0844999	7.7E-01
rs61876729	11	778857	0.0107507	A	G	0.906207	0.981631	0.223019	6.4E-01	-0.00284311	0.00694907	0.167392	6.8E-01	0.0217621	8.8E-01
rs12790154	11	8405148	0.189404	G	A	0.803138	0.997888	0.658421	4.2E-01	-0.00517691	0.00505452	1.04901	3.1E-01	0.492296	4.8E-01
rs1128559	11	8637191	0.189966	G	C	0.17507	0.998605	0.0122776	9.1E-01	0.000824473	0.00529099	0.0242817	8.8E-01	0.111239	7.4E-01
rs2403265	11	10065246	0.198625	T	C	0.502995	0.996805	0.146839	7.0E-01	0.00039852	0.00402587	0.00979897	9.2E-01	0.0446423	8.3E-01
rs11030003	11	27455582	0.463971	C	T	0.312992	0.984085	3.80662	5.1E-02	-0.00723326	0.00436164	2.75023	9.7E-02	3.75543	5.3E-02
rs605765	11	30217503	0.478898	C	T	0.390281	0.991456	3.512	6.1E-02	-0.00774709	0.00412971	3.51916	6.1E-02	5.60213	1.8E-02
rs2679059	11	43599791	0.621966	A	T	0.4028	0.990165	9.42122	2.1E-03	-0.0136104	0.00412023	10.9118	9.6E-04	10.8919	9.7E-04
rs7950696	11	47481533	0.66531	T	C	0.554089	0.999458	0.944805	3.3E-01	-0.00453043	0.00404208	1.25623	2.6E-01	2.39323	1.2E-01
rs2269928	11	61537529	0.703886	T	G	0.773907	0.962155	42.1153	8.6E-11	0.031823	0.00489762	42.2196	8.2E-11	43.3833	4.5E-11
rs2072114	11	61605215	0.704106	A	G	0.877235	1	104.815	1.3E-24	0.0628125	0.00611346	105.564	9.2E-25	107.227	4.0E-25
rs12789028	11	65326154	0.738086	G	A	0.802639	0.99704	7.09256	7.7E-03	0.0123381	0.00506306	5.93838	1.5E-02	7.85088	5.1E-03
rs11234305	11	84854732	0.937563	T	C	0.795827	0.988191	0.1044	7.5E-01	0.00221172	0.0050116	0.194765	6.6E-01	0.16158	6.9E-01
rs3018970	11	102942989	1.11538	A	C	0.732698	0.991722	2.90724	8.8E-02	-0.00801258	0.00456144	3.08561	7.9E-02	2.33275	1.3E-01
rs568038	11	111432161	1.18722	G	T	0.292879	0.997478	0.549438	4.6E-01	0.00319855	0.00441952	0.523788	4.7E-01	0.171104	6.8E-01
rs10502172	11	113199146	1.20415	C	T	0.518835	1	2.65688	1.0E-01	-0.00584465	0.00401412	2.12	1.5E-01	1.16746	2.8E-01
rs11216183	11	116781545	1.26169	C	A	0.9078	0.998852	12.8788	3.3E-04	-0.0241787	0.0069659	12.0479	5.2E-04	14.5955	1.3E-04
rs564649	11	122012238	1.35174	G	C	0.280863	0.994823	0.0153572	9.0E-01	0.000807868	0.00448595	0.0324318	8.6E-01	0.110151	7.4E-01
rs747249	11	130271647	1.49781	A	G	0.360417	0.986641	1.23187	2.7E-01	-0.00500699	0.00421535	1.41087	2.3E-01	1.67808	2.0E-01
rs6590683	11	133110361	1.57589	T	C	0.498199	0.978325	0.85832	3.5E-01	-0.00329628	0.00406165	0.658629	4.2E-01	0.741046	3.9E-01
rs11611246	12	939480	0.0208836	G	T	0.789679	0.996657	2.27914	1.3E-01	0.00725046	0.00493114	2.16191	1.4E-01	1.95416	1.6E-01
rs34322	12	12879570	0.279977	T	C	0.477211	1	0.220739	6.4E-01	-0.00149395	0.00402135	0.138016	7.1E-01	0.455278	5.0E-01
rs10771260	12	26253557	0.45721	A	C	0.609092	0.995844	2.34442	1.3E-01	0.00633887	0.0041257	2.36063	1.2E-01	2.72359	9.9E-02
rs10844645	12	33737099	0.546138	C	T	0.612236	0.998433	0.198578	6.6E-01	-0.00342648	0.00412459	0.690138	4.1E-01	0.328978	5.7E-01
rs2733269	12	41866717	0.562712	A	G	0.44747	1	0.00767976	9.3E-01	-0.000304602	0.00404136	0.00568081	9.4E-01	0.0229734	8.8E-01
rs11169170	12	50223013	0.630263	C	T	0.528796	0.996913	0.294269	5.9E-01	0.00248464	0.00403591	0.379004	5.4E-01	0.580102	4.5E-01
rs3847783	12	54320692	0.682622	C	T	0.318019	0.99235	0.70925	4.0E-01	-0.00424209	0.00431679	0.965691	3.3E-01	0.794154	3.7E-01
rs894738	12	54417525	0.685339	G	A	0.639703	0.990228	6.4564	1.1E-02	-0.0103584	0.00420175	6.07752	1.4E-02	6.81632	9.0E-03
rs7961915	12	66425288	0.795219	A	G	0.213612	0.943584	0.521975	4.7E-01	-0.00375911	0.00504493	0.555212	4.6E-01	0.900291	3.4E-01
rs704067	12	89726027	1.03172	G	A	0.54643	0.989595	0.918942	3.4E-01	0.00471843	0.00405692	1.3527	2.4E-01	1.18022	2.8E-01
rs7311622	12	98772975	1.15518	C	T	0.532837	0.989082	1.00348	3.2E-01	-0.00270924	0.00403568	0.450673	5.0E-01	1.10786	2.9E-01
rs10778609	12	108545985	1.27639	A	C	0.742853	1	0.538139	4.6E-01	-0.00280716	0.00459867	0.372623	5.4E-01	0.316201	5.7E-01
rs11608693	12	122208968	1.4633	G	A	0.824703	0.882554	0.0417148	8.4E-01	-0.00164322	0.00562501	0.0853389	7.7E-01	0.0433897	8.3E-01
rs4759364	12	123162786	1.46972	C	T	0.820074	1	7.87997	5.0E-03	-0.0165873	0.00523698	10.0321	1.5E-03	9.90292	1.7E-03
rs2049114	12	123657338	1.47171	T	C	0.206764	0.999367	12.6855	3.7E-04	0.0175884	0.00496323	12.5581	3.9E-04	11.9503	5.5E-04
rs4765568	12	124479161	1.479	T	C	0.817638	0.993959	0.405994	5.2E-01	-0.00305985	0.0052142	0.344369	5.6E-01	0.501943	4.8E-01
rs3926666	12	124634713	1.48005	C	T	0.316242	1	0.0233377	8.8E-01	0.00027883	0.00431763	0.00417049	9.5E-01	0.0608805	8.1E-01
rs1928496	13	31012904	0.263323	C	T	0.256087	1	0.180419	6.7E-01	0.0015841	0.00460605	0.118279	7.3E-01	0.0807742	7.8E-01
rs2475837	13	50535863	0.537065	C	T	0.887658	0.999102	1.41019	2.4E-01	0.0074014	0.00637437	1.3482	2.5E-01	0.950005	3.3E-01
rs77871802	13	50844016	0.538491	A	G	0.965631	0.994358	0.365449	5.5E-01	-0.00976175	0.0110849	0.775515	3.8E-01	0.959	3.3E-01
rs1379828	13	54396602	0.569676	C	T	0.20343	0.995912	3.45303	6.3E-02	-0.00888339	0.0049995	3.15721	7.6E-02	2.9152	8.8E-02
rs1441264	13	79580919	0.787841	G	A	0.405243	0.956515	8.43836	3.7E-03	0.0115817	0.00418273	7.66693	5.6E-03	7.05885	7.9E-03
rs1160709	13	93884256	0.892481	T	C	0.486099	0.998245	0.635686	4.3E-01	0.00348999	0.00402381	0.752271	3.9E-01	0.692183	4.1E-01
rs664532	13	110932363	1.2151	T	C	0.427688	0.989961	1.65633	2.0E-01	0.00566509	0.00407651	1.93124	1.6E-01	2.33471	1.3E-01
rs10132280	14	25928179	0.161964	C	A	0.696858	0.989051	2.45603	1.2E-01	-0.00747372	0.00439118	2.89675	8.9E-02	3.06568	8.0E-02
rs61986159	14	53956168	0.473642	C	T	0.766548	0.998967	0.144627	7.0E-01	-0.00138469	0.00476135	0.0845757	7.7E-01	0.0609782	8.0E-01
rs8012185	14	58668484	0.537795	A	G	0.723205	0.991197	13.6938	2.2E-04	0.0159958	0.00450404	12.6126	3.8E-04	14.1814	1.7E-04
rs2412107	14	65426216	0.591307	G	T	0.78162	0.991281	0.490042	4.8E-01	0.00420109	0.00487898	0.741423	3.9E-01	1.10915	2.9E-01
rs2526886	14	71359064	0.651527	G	T	0.308449	0.995503	6.40851	1.1E-02	0.0103065	0.00436307	5.5801	1.8E-02	5.55054	1.8E-02
rs10146690	14	79890456	0.747911	G	A	0.782491	0.98828	0.939711	3.3E-01	0.00549074	0.00490848	1.25132	2.6E-01	1.20296	2.7E-01
rs7492628	14	91547136	0.882221	C	G	0.683687	0.983193	6.46147	1.1E-02	0.0105103	0.00434944	5.83934	1.6E-02	6.21249	1.3E-02
rs7156191	14	103297847	1.11649	G	C	0.829016	0.996202	0.000596716	9.8E-01	1.41326e-05	0.00534574	6.98927e-06	1.0E+00	0.00279765	9.6E-01
rs12441543	15	31689543	0.452834	G	A	0.71304	0.9962	0.101123	7.5E-01	-0.00168907	0.00444983	0.144081	7.0E-01	0.48176	4.9E-01
rs12437696	15	40878474	0.62928	A	G	0.514543	0.998802	0.889809	3.5E-01	-0.00264149	0.00402947	0.429737	5.1E-01	0.573425	4.5E-01
rs149492745	15	43099550	0.641031	C	T	0.977626	0.916905	60.265	8.3E-15	0.108727	0.0142108	58.538	2.0E-14	58.2646	2.3E-14
rs10851523	15	53044002	0.71725	G	C	0.717759	0.993516	0.00038206	9.8E-01	0.000350425	0.00447418	0.00613428	9.4E-01	0.00302881	9.6E-01
rs16976760	15	56394169	0.756417	T	G	0.78704	0.997183	0.815278	3.7E-01	0.00409903	0.00492136	0.693731	4.0E-01	0.802501	3.7E-01
rs12594923	15	66991665	0.901837	T	C	0.756035	0.995986	1.29491	2.6E-01	0.00471923	0.00469832	1.00892	3.2E-01	0.693388	4.1E-01
rs12439210	15	67822172	0.914262	C	A	0.767285	0.997294	0.253635	6.1E-01	0.00238284	0.0047574	0.250872	6.2E-01	0.0150919	9.0E-01
rs8030477	15	73085815	0.987571	C	T	0.332616	0.996571	0.1676	6.8E-01	0.00208791	0.00428495	0.237427	6.3E-01	0.299357	5.8E-01
rs10851869	15	74331083	0.996085	T	C	0.570474	0.998308	0.34628	5.6E-01	0.00230763	0.00406612	0.322086	5.7E-01	0.353618	5.5E-01
rs11072938	15	81021661	1.05811	C	T	0.730551	0.99862	0.849933	3.6E-01	-0.00561414	0.00452883	1.53672	2.2E-01	1.09867	2.9E-01
rs66615128	15	92561941	1.21822	G	C	0.785237	0.999315	0.906334	3.4E-01	-0.00453519	0.00489305	0.859076	3.5E-01	0.189028	6.6E-01
rs13335638	16	2136624	0.0436172	T	C	0.8263	0.992856	0.00403092	9.5E-01	0.000250587	0.00532864	0.00221148	9.6E-01	0.00393384	9.5E-01
rs35108574	16	4370706	0.08231	A	G	0.886062	0.980242	0.499027	4.8E-01	0.00457228	0.00637645	0.51417	4.7E-01	0.338883	5.6E-01
rs4787649	16	24700215	0.465896	C	T	0.246065	0.995971	4.10477	4.3E-02	0.00907841	0.0046733	3.77374	5.2E-02	4.25032	3.9E-02
rs2650494	16	28318440	0.541911	A	G	0.582495	0.992404	0.130758	7.2E-01	-0.00159137	0.00408144	0.152026	7.0E-01	0.28669	5.9E-01
rs34286592	16	29820480	0.551885	C	T	0.853439	1	0.767673	3.8E-01	0.00435401	0.005678	0.588014	4.4E-01	0.638596	4.2E-01
rs79867441	16	29950820	0.553171	C	T	0.932238	0.992347	2.74082e-05	1.0E+00	-0.00145887	0.008016	0.0331222	8.6E-01	0.026251	8.7E-01
rs2047937	16	49864791	0.582147	C	T	0.485483	0.999762	3.3993	6.5E-02	0.00695048	0.00402503	2.98188	8.4E-02	3.06884	8.0E-02
rs11075986	16	53805344	0.645995	C	G	0.919939	0.995968	2.16101	1.4E-01	-0.0102147	0.00740487	1.90291	1.7E-01	1.56689	2.1E-01
rs59238099	16	56651160	0.724071	A	T	0.899869	0.984436	27.5277	1.5E-07	0.035803	0.00673684	28.2441	1.1E-07	26.5612	2.6E-07
rs4783718	16	69547741	0.858329	T	C	0.409964	0.963133	9.83566	1.7E-03	-0.0130327	0.00416145	9.80803	1.7E-03	9.62732	1.9E-03
rs2927331	16	81509452	1.04551	T	C	0.346879	0.987048	24.6059	7.0E-07	-0.0210074	0.00424985	24.4342	7.7E-07	22.7269	1.9E-06
rs10492861	16	82866767	1.0911	G	T	0.714227	0.98872	2.47355	1.2E-01	0.00762699	0.00447193	2.90881	8.8E-02	3.17774	7.5E-02
rs2760744	17	2017029	0.0688816	T	C	0.706093	0.999866	0.893014	3.4E-01	0.00393672	0.00440491	0.798722	3.7E-01	0.491315	4.8E-01
rs6502766	17	3902163	0.111799	C	T	0.805288	0.994964	0.338895	5.6E-01	-0.00170496	0.00507788	0.112736	7.4E-01	0.0523221	8.2E-01
rs1269402	17	17361137	0.443379	T	C	0.264169	0.990324	2.50365	1.1E-01	-0.00777251	0.00456734	2.89598	8.9E-02	2.81056	9.4E-02
rs7217403	17	21160085	0.471144	C	T	0.33386	0.984489	0.0145708	9.0E-01	0.000771085	0.00429096	0.0322921	8.6E-01	0.0270811	8.7E-01
rs4796221	17	34831963	0.595053	G	A	0.521542	1	0.962268	3.3E-01	-0.00371481	0.0040201	0.853885	3.6E-01	1.17174	2.8E-01
rs72820902	17	40441048	0.664334	C	T	0.920059	0.98229	1.9729	1.6E-01	0.009946	0.0074768	1.76956	1.8E-01	2.56394	1.1E-01
rs56214516	17	43836953	0.688645	A	C	0.804476	0.982696	1.0054	3.2E-01	-0.00587924	0.00511311	1.32213	2.5E-01	1.38365	2.4E-01
rs9892365	17	59491384	0.871045	A	G	0.329894	0.996856	1.78732	1.8E-01	0.0061659	0.00428175	2.07372	1.5E-01	2.69581	1.0E-01
rs7215551	17	61664740	0.886997	G	A	0.35741	0.990187	0.566841	4.5E-01	0.00499379	0.00422522	1.39689	2.4E-01	1.01016	3.1E-01
rs3936134	17	65814382	0.947689	C	G	0.887489	1	7.04832	7.9E-03	0.0169062	0.00635554	7.076	7.8E-03	4.41401	3.6E-02
rs236544	17	68229691	0.981625	G	A	0.579444	0.996753	0.20867	6.5E-01	-0.00135191	0.00407687	0.109962	7.4E-01	0.0643502	8.0E-01
rs11869880	17	73198131	1.09799	T	C	0.785317	0.995073	15.5623	8.0E-05	-0.0188214	0.00489705	14.7719	1.2E-04	12.9988	3.1E-04
rs3810068	18	2846499	0.0738566	T	C	0.595835	1	0.212537	6.4E-01	0.00156047	0.00408751	0.145745	7.0E-01	0.349645	5.5E-01
rs1787013	18	13072979	0.384745	T	C	0.550563	0.99954	2.20524	1.4E-01	-0.00654251	0.00403816	2.62496	1.1E-01	3.1219	7.7E-02
rs4310973	18	20707622	0.429126	A	G	0.212403	0.987885	0.366192	5.5E-01	-0.00204281	0.00496046	0.169595	6.8E-01	0.45241	5.0E-01
rs505601	18	34280131	0.564322	G	A	0.81101	0.990705	0.00545735	9.4E-01	-0.00083132	0.00515012	0.0260557	8.7E-01	0.0266905	8.7E-01
rs4890429	18	40697481	0.611694	T	C	0.73765	0.995191	0.128865	7.2E-01	-0.00156416	0.00458537	0.116362	7.3E-01	0.0617601	8.0E-01
rs74475730	18	46578171	0.687072	C	T	0.959907	0.993206	0.810005	3.7E-01	-0.00999225	0.0102737	0.945956	3.3E-01	1.15568	2.8E-01
rs2187176	18	57679365	0.819838	A	G	0.308898	0.982596	4.78898	2.9E-02	0.00944561	0.00440029	4.60783	3.2E-02	4.88099	2.7E-02
rs8097783	18	58051294	0.823036	G	A	0.926154	1	0.222478	6.4E-01	0.00509516	0.0076989	0.437985	5.1E-01	0.219181	6.4E-01
rs12979965	19	2131148	0.0753026	A	G	0.499421	0.991113	4.08941	4.3E-02	0.00857223	0.00402898	4.52686	3.3E-02	3.32693	6.8E-02
rs10427132	19	17207156	0.420801	T	G	0.713001	0.998935	3.53421	6.0E-02	0.00869993	0.00441977	3.87464	4.9E-02	4.32102	3.8E-02
rs91710	19	18141123	0.446267	G	A	0.566796	0.974059	0.380917	5.4E-01	-0.00303628	0.00409769	0.549043	4.6E-01	0.534297	4.6E-01
rs10403273	19	19372968	0.4621	C	G	0.837623	0.998891	2.43474	1.2E-01	-0.00832983	0.00543648	2.34767	1.3E-01	2.44778	1.2E-01
rs12461902	19	30265235	0.512848	G	A	0.671201	0.985963	1.75891	1.8E-01	0.00541605	0.00429767	1.58818	2.1E-01	2.19231	1.4E-01
rs73024215	19	33784657	0.561399	T	C	0.929713	0.961977	4.56742	3.3E-02	0.0169666	0.00799821	4.49992	3.4E-02	7.20961	7.3E-03
rs77793940	19	34003177	0.562809	T	C	0.916647	0.969314	0.020093	8.9E-01	-0.00197803	0.0073681	0.07207	7.9E-01	0.248046	6.2E-01
rs62116588	19	44446097	0.68736	C	G	0.976367	0.933368	43.0479	5.3E-11	0.0890595	0.0136728	42.4274	7.3E-11	43.0902	5.2E-11
rs55840997	19	44480979	0.687479	G	A	0.981586	1	21.104	4.4E-06	0.0686345	0.0149423	21.0985	4.4E-06	23.2207	1.4E-06
rs73048351	19	45160086	0.697689	C	A	0.989801	0.91554	114.805	8.7E-27	0.228425	0.0208822	119.656	7.5E-28	124.213	7.6E-29
rs11881756	19	45220896	0.699851	T	C	0.886255	1	243.097	8.3E-55	0.0991813	0.0063082	247.2	1.1E-55	263.021	3.8E-59
rs139326841	19	45269725	0.701551	T	C	0.978975	0.821408	25.4126	4.6E-07	-0.0766456	0.0153858	24.8161	6.3E-07	29.059	7.0E-08
rs2075649	19	45395330	0.707004	A	G	0.611082	0.998574	69.5103	7.6E-17	-0.0349921	0.00411418	72.3392	1.8E-17	78.0065	1.0E-18
rs146390218	19	45478352	0.709104	A	G	0.973617	0.966351	298.667	6.4E-67	0.219237	0.012708	297.628	1.1E-66	309.76	2.5E-69
rs8103017	19	55999142	0.996663	C	G	0.705959	0.984581	9.33129	2.3E-03	0.0135438	0.00443073	9.34397	2.2E-03	9.01739	2.7E-03
rs805769	20	5667459	0.191037	T	C	0.595692	0.99253	0.434735	5.1E-01	-0.00237607	0.00411276	0.333774	5.6E-01	0.163153	6.9E-01
rs1884897	20	6612832	0.214572	A	G	0.371346	0.993838	0.590419	4.4E-01	0.0020378	0.00419458	0.236018	6.3E-01	0.376562	5.4E-01
rs2618568	20	17843968	0.423696	C	A	0.383462	0.989119	41.3034	1.3E-10	0.0269441	0.00415148	42.1231	8.6E-11	43.4993	4.2E-11
rs7453	20	25207074	0.516203	T	C	0.547962	0.998658	0.388648	5.3E-01	-0.00269007	0.00404037	0.443285	5.1E-01	0.565212	4.5E-01
rs1997833	20	39690342	0.597551	T	C	0.699628	0.998963	2.92495	8.7E-02	-0.00799311	0.00437679	3.33518	6.8E-02	4.55357	3.3E-02
rs56323232	20	41961907	0.631286	C	T	0.863639	0.984929	0.309147	5.8E-01	-0.00339255	0.0058977	0.330893	5.7E-01	0.600523	4.4E-01
rs6066089	20	45487371	0.689692	G	C	0.69774	0.986322	0.00552173	9.4E-01	0.000165042	0.00440705	0.00140246	9.7E-01	5.23068e-06	1.0E+00
rs6013453	20	51026284	0.791367	T	C	0.632527	0.999327	2.58885	1.1E-01	-0.00663031	0.00416437	2.53495	1.1E-01	3.1048	7.8E-02
rs6064557	20	56115153	0.9034	G	A	0.442948	0.999541	3.40347	6.5E-02	0.00806799	0.00402823	4.01147	4.5E-02	4.68274	3.0E-02
rs28451064	21	35593827	0.362865	G	A	0.868938	0.957975	0.0837109	7.7E-01	0.00227443	0.00609105	0.139432	7.1E-01	0.179583	6.7E-01
rs2836139	21	39451403	0.432375	A	G	0.517161	0.9942	2.21991	1.4E-01	0.00690981	0.00404881	2.91258	8.8E-02	4.40059	3.6E-02
rs849453	22	27566619	0.305237	C	G	0.190181	0.996731	2.84089	9.2E-02	-0.00969859	0.00513071	3.57325	5.9E-02	3.15885	7.6E-02
rs9625551	22	29140529	0.338663	G	A	0.979024	0.995212	0.0482524	8.3E-01	-6.53436e-05	0.0140679	2.15748e-05	1.0E+00	0.0132274	9.1E-01
rs2413338	22	35663523	0.409716	C	T	0.369137	0.988961	1.10139	2.9E-01	0.0043744	0.00418267	1.09378	3.0E-01	1.45589	2.3E-01
rs801597	22	47190735	0.614737	T	G	0.275448	0.998113	0.0322285	8.6E-01	-0.00184718	0.00449728	0.168701	6.8E-01	0.00146092	9.7E-01
