SNP	CHR	BP	GENPOS	ALLELE1	ALLELE0	A1FREQ	INFO	CHISQ_LINREG	P_LINREG	BETA	SE	CHISQ_BOLT_LMM_INF	P_BOLT_LMM_INF	CHISQ_BOLT_LMM	P_BOLT_LMM
rs7412983	1	2943183	0.0400826	A	C	0.815676	0.996304	0.000164444	9.9E-01	-1.76983e-05	0.00502613	1.23992e-05	1.0E+00	0.0652984	8.0E-01
rs1294014	1	9325676	0.18921	C	T	0.731267	0.974098	3.35744	6.7E-02	0.00652475	0.00445034	2.14952	1.4E-01	2.39212	1.2E-01
rs9988429	1	19824124	0.401889	C	T	0.679183	0.998214	0.00168656	9.7E-01	0.00083284	0.00416977	0.0398931	8.4E-01	0.0915494	7.6E-01
rs12041540	1	23262176	0.460611	G	A	0.646848	0.995392	3.93789	4.7E-02	-0.00883329	0.00407315	4.70309	3.0E-02	3.63916	5.6E-02
rs10902676	1	26120367	0.493514	G	A	0.466005	0.991591	4.7225	3.0E-02	0.00833192	0.00391919	4.51957	3.4E-02	6.11894	1.3E-02
rs4660443	1	39591779	0.669753	C	T	0.785557	0.997156	37.9227	7.4E-10	0.0306935	0.00475107	41.7361	1.0E-10	42.7777	6.1E-11
rs2032022	1	49388622	0.760047	T	G	0.350563	0.99763	0.372661	5.4E-01	-0.00363301	0.00406068	0.800455	3.7E-01	0.98555	3.2E-01
rs12117661	1	55487346	0.808955	C	G	0.754062	0.987273	50.0226	1.5E-12	0.0318028	0.00455355	48.7786	2.9E-12	48.0744	4.1E-12
rs12755450	1	72628347	1.03293	T	C	0.795069	1	15.4403	8.5E-05	-0.0196663	0.00481042	16.7139	4.3E-05	17.8682	2.4E-05
rs313710	1	86251836	1.15039	T	C	0.595169	0.991629	3.23985	7.2E-02	0.00696155	0.00397527	3.06676	8.0E-02	3.40037	6.5E-02
rs7548936	1	91207757	1.21384	G	C	0.626945	0.998895	4.72084	3.0E-02	0.00785763	0.00403169	3.79847	5.1E-02	4.22233	4.0E-02
rs4375301	1	98298371	1.27828	A	G	0.767049	0.993807	4.17689	4.1E-02	0.010491	0.0046194	5.15776	2.3E-02	5.38327	2.0E-02
rs1318756	1	103340623	1.32951	T	C	0.496541	0.991063	1.01261	3.1E-01	-0.00483863	0.00391003	1.53138	2.2E-01	2.62152	1.1E-01
rs3108680	1	107572997	1.35724	T	C	0.650884	0.999501	19.844	8.4E-06	-0.0177296	0.00409424	18.7522	1.5E-05	17.7369	2.5E-05
rs2076586	1	112273026	1.42823	C	T	0.754427	0.980886	5.4605	1.9E-02	-0.0109666	0.0045635	5.77493	1.6E-02	5.64874	1.7E-02
rs71670897	1	119151935	1.50822	G	A	0.96335	0.976508	1.01814	3.1E-01	0.0116596	0.0104621	1.24204	2.7E-01	1.53574	2.2E-01
rs10494220	1	119572398	1.50995	C	T	0.871621	0.999593	0.0677792	7.9E-01	-0.000546897	0.00581069	0.0088584	9.3E-01	0.00292657	9.6E-01
rs905938	1	154991389	1.69836	T	C	0.735666	1	0.745705	3.9E-01	0.00371315	0.00441465	0.707442	4.0E-01	0.839933	3.6E-01
rs6688053	1	163589208	1.81503	C	T	0.558728	0.988788	2.66219	1.0E-01	-0.00684189	0.00393923	3.01669	8.2E-02	2.11683	1.5E-01
rs17345893	1	170171874	1.91645	C	T	0.933686	0.998406	3.4029	6.5E-02	0.0122525	0.00781511	2.45799	1.2E-01	2.37171	1.2E-01
rs17361789	1	172122601	1.93709	T	G	0.67666	0.979392	0.0115155	9.1E-01	0.00120412	0.00419973	0.0822047	7.7E-01	0.0774743	7.8E-01
rs6700575	1	172364712	1.93908	A	G	0.843224	0.99482	0.100334	7.5E-01	-0.00162137	0.00536046	0.0914875	7.6E-01	0.0034267	9.5E-01
rs12757638	1	177815769	1.98756	G	A	0.794896	0.999497	5.99937	1.4E-02	0.0116127	0.00483021	5.78004	1.6E-02	5.90476	1.5E-02
rs12069549	1	200036139	2.16766	C	T	0.873356	0.988289	5.22489	2.2E-02	0.0138478	0.00587826	5.54963	1.8E-02	4.24785	3.9E-02
rs56283998	1	205039295	2.25361	A	C	0.802994	0.996714	11.3074	7.7E-04	0.0163326	0.00488465	11.18	8.3E-04	11.0088	9.1E-04
rs3767848	1	214173840	2.36754	G	A	0.749925	0.990604	0.158423	6.9E-01	0.000947646	0.0045093	0.0441647	8.3E-01	0.004828	9.4E-01
rs7547454	1	219429385	2.43543	T	A	0.681956	0.999746	1.01324	3.1E-01	0.00434183	0.00417545	1.08128	3.0E-01	1.34806	2.5E-01
rs2642438	1	220970028	2.44813	A	G	0.296164	1	97.8066	4.6E-23	-0.042756	0.00426284	100.6	1.1E-23	107.063	4.3E-25
rs11122400	1	230280259	2.53575	C	G	0.53727	1	56.5323	5.5E-14	-0.0308157	0.00390104	62.3998	2.8E-15	66.3047	3.9E-16
rs12042959	1	243533273	2.82744	A	G	0.856295	0.985729	4.37978	3.6E-02	-0.0116765	0.00557701	4.38353	3.6E-02	4.87131	2.7E-02
rs74495980	2	375873	0.0042135	C	G	0.962013	1	3.35393	6.7E-02	-0.0167018	0.0101591	2.70279	1.0E-01	2.51092	1.1E-01
rs10185713	2	621254	0.0081413	A	G	0.793352	0.993471	0.350519	5.5E-01	-0.0027583	0.00483429	0.32555	5.7E-01	0.0956936	7.6E-01
rs812400	2	13073562	0.297327	G	A	0.763905	0.987822	4.77675	2.9E-02	-0.0110259	0.0046144	5.70954	1.7E-02	4.23351	4.0E-02
rs11673889	2	21104631	0.419072	G	C	0.739354	0.972648	47.1784	6.5E-12	0.0306588	0.00449436	46.5345	9.0E-12	53.2992	2.9E-13
rs1731260	2	26953354	0.471406	G	T	0.525426	0.997367	0.182647	6.7E-01	-0.00174298	0.00389766	0.199976	6.5E-01	0.215831	6.4E-01
rs10153926	2	43189120	0.673364	G	A	0.785344	0.98004	2.51306	1.1E-01	0.00848942	0.00478491	3.14781	7.6E-02	2.55195	1.1E-01
rs17326656	2	48962291	0.765285	G	T	0.762394	0.991513	6.06435	1.4E-02	0.0106258	0.00459679	5.34329	2.1E-02	6.9425	8.4E-03
rs62141921	2	58590687	0.848728	G	A	0.840999	0.992362	1.76506	1.8E-01	-0.00710629	0.00531903	1.78493	1.8E-01	1.04266	3.1E-01
rs13428870	2	58956557	0.850032	T	G	0.698619	0.989274	2.23759	1.3E-01	0.00511328	0.00426772	1.43551	2.3E-01	2.27304	1.3E-01
rs2195086	2	60814466	0.873878	T	G	0.83582	0.991606	3.08565	7.9E-02	0.00987226	0.00526654	3.51385	6.1E-02	4.03638	4.5E-02
rs6716270	2	66201731	0.917171	T	C	0.851701	1	1.12083	2.9E-01	0.00605372	0.00547482	1.22266	2.7E-01	0.814779	3.7E-01
rs659116	2	67666133	0.937104	T	G	0.542915	0.997911	0.00140681	9.7E-01	-0.000833889	0.00391884	0.0452796	8.3E-01	0.137966	7.1E-01
rs12621286	2	67785566	0.938314	T	C	0.712692	0.98911	1.38576	2.4E-01	-0.00498715	0.00432488	1.32971	2.5E-01	1.85084	1.7E-01
rs12712049	2	100208830	1.21955	A	G	0.176997	0.985519	7.01422	8.1E-03	-0.0143997	0.00513045	7.87764	5.0E-03	7.98785	4.7E-03
rs11680586	2	100746207	1.22171	G	T	0.763215	0.996151	8.99245	2.7E-03	-0.0127822	0.00457799	7.79586	5.2E-03	7.13433	7.6E-03
rs41465348	2	112242612	1.33908	G	T	0.817869	0.933063	2.80596	9.4E-02	-0.00999616	0.00523136	3.65121	5.6E-02	3.95024	4.7E-02
rs111595567	2	114462089	1.35944	C	A	0.7845	0.997566	0.000236783	9.9E-01	0.00108042	0.00474029	0.0519487	8.2E-01	0.0146491	9.0E-01
rs10172336	2	119342963	1.39561	G	T	0.490782	0.991549	0.0420531	8.4E-01	0.00219864	0.00390262	0.317393	5.7E-01	0.116065	7.3E-01
rs114666647	2	158393301	1.76187	T	C	0.987556	1	2.4596	1.2E-01	-0.0283535	0.0175529	2.60926	1.1E-01	3.38252	6.6E-02
rs7560257	2	161085348	1.7867	C	T	0.846896	0.988412	8.98751	2.7E-03	0.0165706	0.00543558	9.29366	2.3E-03	8.88718	2.9E-03
rs78343493	2	165502911	1.8149	G	A	0.879696	0.994826	43.0723	5.3E-11	-0.0379175	0.00598719	40.1082	2.4E-10	40.0095	2.5E-10
rs2887185	2	181528597	2.00401	C	A	0.37741	0.997975	3.53248	6.0E-02	0.00863604	0.00401535	4.62575	3.1E-02	4.30477	3.8E-02
rs3114926	2	187733699	2.04022	T	A	0.732729	0.996136	0.140129	7.1E-01	-0.000995915	0.00440279	0.0511668	8.2E-01	0.00805416	9.3E-01
rs7597487	2	200717641	2.13782	G	A	0.4462	0.997798	0.0440313	8.3E-01	0.000783096	0.00392295	0.0398478	8.4E-01	0.11695	7.3E-01
rs16846100	2	212278218	2.24429	C	A	0.731067	0.991398	0.754455	3.9E-01	0.00480262	0.00441757	1.18193	2.8E-01	1.53137	2.2E-01
rs7599312	2	213413231	2.26194	G	A	0.732805	0.980994	0.0181448	8.9E-01	-0.00158092	0.00443994	0.126785	7.2E-01	0.617528	4.3E-01
rs13429408	2	219142860	2.33572	C	A	0.437636	0.999543	0.00859571	9.3E-01	-0.000630324	0.00391303	0.0259478	8.7E-01	0.151937	7.0E-01
rs1399627	2	227083411	2.44246	A	G	0.347126	0.995082	116.808	3.2E-27	0.046042	0.00408783	126.859	2.0E-29	129.257	6.0E-30
rs7589153	2	230549844	2.50173	A	G	0.448934	0.993474	0.00985668	9.2E-01	0.00115094	0.00392297	0.0860753	7.7E-01	0.201819	6.5E-01
rs72980197	2	239268619	2.66777	G	T	0.945215	1	0.213753	6.4E-01	-0.00348757	0.00853654	0.16691	6.8E-01	0.305695	5.8E-01
rs4686340	3	9345218	0.248513	A	C	0.245634	0.979708	0.70334	4.0E-01	-0.00461781	0.004583	1.01525	3.1E-01	0.958808	3.3E-01
rs2600230	3	12038629	0.296833	T	A	0.172563	0.999419	4.12056	4.2E-02	0.0116341	0.00515389	5.09561	2.4E-02	4.72447	3.0E-02
rs1962515	3	12611269	0.299386	T	C	0.402697	0.99673	2.87778	9.0E-02	0.00798054	0.00397661	4.02752	4.5E-02	4.12338	4.2E-02
rs2455806	3	15705397	0.355658	T	A	0.685985	0.991689	0.102236	7.5E-01	-0.000707405	0.00422274	0.0280638	8.7E-01	0.32261	5.7E-01
rs9843488	3	33838124	0.583292	T	G	0.731851	0.986529	3.94247	4.7E-02	0.00899686	0.00443384	4.11739	4.2E-02	4.96397	2.6E-02
rs11928128	3	35516974	0.595221	T	C	0.862132	0.990586	0.0218349	8.8E-01	-3.12397e-06	0.00565552	3.05118e-07	1.0E+00	0.0711152	7.9E-01
rs4683301	3	46931478	0.687602	A	T	0.40228	0.992469	3.3801	6.6E-02	0.00778037	0.0039843	3.81327	5.1E-02	5.26573	2.2E-02
rs7633840	3	48719638	0.689719	T	C	0.334732	0.949007	1.7348	1.9E-01	0.00605176	0.00423674	2.04032	1.5E-01	1.28956	2.6E-01
rs7613360	3	49916710	0.690238	C	T	0.605285	0.997092	1.86975	1.7E-01	0.00483924	0.00398745	1.47287	2.2E-01	2.40027	1.2E-01
rs9311841	3	62478786	0.829707	C	T	0.266611	0.989049	2.49021	1.1E-01	0.00554389	0.00444277	1.55712	2.1E-01	1.28151	2.6E-01
rs73124286	3	64667059	0.870966	G	T	0.716973	0.955989	2.05126	1.5E-01	-0.00487075	0.00442986	1.20896	2.7E-01	0.944055	3.3E-01
rs10510927	3	64750744	0.872079	A	C	0.554589	0.997963	1.44962	2.3E-01	-0.00558111	0.00392211	2.02488	1.5E-01	1.60094	2.1E-01
rs4123668	3	82629523	1.08298	T	C	0.597578	0.994471	0.296662	5.9E-01	0.00227515	0.00398218	0.326421	5.7E-01	0.924254	3.4E-01
rs9876664	3	85806313	1.08996	G	T	0.623459	0.99373	6.76448	9.3E-03	-0.0105693	0.0040324	6.87006	8.8E-03	5.96587	1.5E-02
rs1580100	3	93980841	1.10443	T	A	0.48363	0.99821	1.52385	2.2E-01	-0.00466008	0.00390294	1.42561	2.3E-01	1.21294	2.7E-01
rs11708733	3	128039895	1.41818	G	A	0.952759	0.983201	0.392701	5.3E-01	-0.00723282	0.00927072	0.608679	4.4E-01	1.12584	2.9E-01
rs143418767	3	129105690	1.42548	G	A	0.980985	0.944053	4.92437	2.6E-02	0.0273604	0.0146701	3.47836	6.2E-02	2.38847	1.2E-01
rs7624428	3	131516596	1.44298	T	A	0.73313	0.992487	0.380965	5.4E-01	0.00492797	0.00442595	1.23972	2.7E-01	1.73477	1.9E-01
rs13071085	3	136014923	1.49397	G	A	0.874037	0.99558	17.2334	3.3E-05	-0.0243649	0.00587807	17.1814	3.4E-05	20.4525	6.1E-06
rs111398337	3	138328016	1.50606	C	T	0.455117	0.996909	0.543357	4.6E-01	-0.00352522	0.00391521	0.810702	3.7E-01	0.956594	3.3E-01
rs62271373	3	150066540	1.64339	T	A	0.940057	0.95946	19.1776	1.2E-05	0.0399129	0.00836235	22.7808	1.8E-06	25.6594	4.1E-07
rs9865431	3	156351718	1.71006	T	A	0.852687	0.993895	5.01946	2.5E-02	-0.0139713	0.00550986	6.4297	1.1E-02	6.22358	1.3E-02
rs13091300	3	168927453	1.77934	C	T	0.617544	0.9977	0.703426	4.0E-01	-0.00345199	0.00400394	0.743301	3.9E-01	1.08641	3.0E-01
rs4894803	3	171800256	1.82113	A	G	0.59062	0.987681	0.716383	4.0E-01	0.00228173	0.00399203	0.326694	5.7E-01	0.430815	5.1E-01
rs12638263	3	185795855	2.0212	A	C	0.807145	0.995698	0.0420096	8.4E-01	-0.00200345	0.00495081	0.163758	6.9E-01	0.0815084	7.8E-01
rs2248422	3	187668469	2.0681	T	C	0.79676	1	1.95343	1.6E-01	0.00628124	0.00485217	1.67578	2.0E-01	2.29019	1.3E-01
rs7697256	4	848335	0.00782825	C	T	0.72746	0.999147	6.10487	1.3E-02	-0.0104122	0.00437636	5.66054	1.7E-02	5.52501	1.9E-02
rs4690071	4	3086753	0.0324892	A	T	0.641787	0.991623	35.9642	2.0E-09	-0.0240129	0.00408096	34.6229	4.0E-09	36.0538	1.9E-09
rs1912897	4	26006133	0.455942	A	T	0.794106	0.98817	10.2161	1.4E-03	0.0161987	0.00484296	11.1876	8.2E-04	9.96642	1.6E-03
rs2871198	4	26292555	0.461345	C	T	0.389909	0.964896	1.16213	2.8E-01	-0.0040886	0.00406495	1.01167	3.1E-01	0.981733	3.2E-01
rs13130484	4	45175691	0.679813	C	T	0.566923	0.996273	1.29582	2.5E-01	0.00397567	0.0039377	1.01938	3.1E-01	0.812711	3.7E-01
rs819266	4	56235592	0.73028	T	C	0.711983	0.998836	1.42442	2.3E-01	-0.00538461	0.00431264	1.55891	2.1E-01	2.28619	1.3E-01
rs4472161	4	78625750	0.926383	A	C	0.140858	0.990092	2.13859	1.4E-01	0.00768446	0.00561551	1.87262	1.7E-01	1.94424	1.6E-01
rs9991751	4	89642436	1.0486	G	A	0.847364	0.999558	2.41267	1.2E-01	-0.00975252	0.00542672	3.22968	7.2E-02	3.99095	4.6E-02
rs904092	4	100214164	1.13019	A	G	0.176585	1	5.9223	1.5E-02	0.0130273	0.00510415	6.51425	1.1E-02	4.2959	3.8E-02
rs4525978	4	102133144	1.14847	C	T	0.266365	0.992964	1.19248	2.7E-01	-0.0048018	0.00442502	1.17754	2.8E-01	1.61722	2.0E-01
rs769668	4	140858717	1.49525	T	C	0.655583	0.988947	3.70319	5.4E-02	-0.00755224	0.00413414	3.33719	6.8E-02	3.41284	6.5E-02
rs7692554	4	145536336	1.5383	G	A	0.572163	0.998925	0.751968	3.9E-01	-0.00364759	0.00392634	0.863049	3.5E-01	1.40783	2.4E-01
rs639744	5	3949504	0.10119	C	T	0.334393	0.993555	6.17804	1.3E-02	-0.0105523	0.00415109	6.46204	1.1E-02	4.71278	3.0E-02
rs12658939	5	53268762	0.644749	T	C	0.887728	0.983337	0.458219	5.0E-01	-0.0042854	0.00621339	0.475693	4.9E-01	0.519995	4.7E-01
rs115865075	5	55776257	0.679598	C	T	0.987426	0.93412	2.09641	1.5E-01	0.0247729	0.0180406	1.8856	1.7E-01	2.40282	1.2E-01
rs588898	5	55797382	0.680156	G	A	0.874484	0.995997	10.286	1.3E-03	-0.0198257	0.00589182	11.3229	7.7E-04	15.2384	9.5E-05
rs34696	5	66292389	0.770621	C	A	0.447793	0.986394	2.28034	1.3E-01	-0.00636454	0.00394477	2.6031	1.1E-01	4.23038	4.0E-02
rs253407	5	74926778	0.860943	A	G	0.278524	1	32.3878	1.3E-08	0.0244234	0.00434961	31.5291	2.0E-08	32.2858	1.3E-08
rs13167306	5	76574841	0.89346	C	T	0.679878	0.993031	1.63336	2.0E-01	-0.00561226	0.00419871	1.78666	1.8E-01	2.06217	1.5E-01
rs247916	5	87530253	1.0143	A	C	0.790166	0.984893	0.942194	3.3E-01	-0.00492749	0.00481674	1.04651	3.1E-01	0.634589	4.3E-01
rs7733438	5	87986284	1.0155	T	G	0.863301	0.981904	1.38881	2.4E-01	0.00720658	0.00571936	1.58768	2.1E-01	1.56685	2.1E-01
rs6869862	5	103886213	1.12287	T	G	0.519002	0.997607	1.41565	2.3E-01	0.00467482	0.00390536	1.43288	2.3E-01	2.2863	1.3E-01
rs11241196	5	112535956	1.19975	G	A	0.317525	0.991452	0.0291565	8.6E-01	-0.000994316	0.00420049	0.0560336	8.1E-01	0.14604	7.0E-01
rs12332329	5	118721694	1.27467	G	A	0.717104	0.991939	13.2582	2.7E-04	-0.0164049	0.00434436	14.2593	1.6E-04	16.3402	5.3E-05
rs4705986	5	132349654	1.39065	T	G	0.936459	0.978165	11.3757	7.4E-04	-0.0280071	0.00808029	12.0138	5.3E-04	9.81052	1.7E-03
rs10477191	5	142077715	1.49476	A	G	0.949961	0.911257	0.000686242	9.8E-01	0.000601326	0.00935451	0.00413217	9.5E-01	0.000549813	9.8E-01
rs10035289	5	153095918	1.63982	A	G	0.466786	0.997256	5.32755	2.1E-02	-0.00960581	0.00390189	6.06062	1.4E-02	5.74107	1.7E-02
rs2871924	5	155770918	1.66035	C	T	0.296888	0.995839	0.612483	4.3E-01	0.00423233	0.00426118	0.986502	3.2E-01	0.459679	5.0E-01
rs254800	5	172925741	1.91983	T	G	0.516581	0.99624	2.48438	1.1E-01	0.00652138	0.00389637	2.80129	9.4E-02	3.96653	4.6E-02
rs58895838	5	173269956	1.92938	A	G	0.759007	0.980237	0.0411519	8.4E-01	-0.000432538	0.004597	0.00885319	9.3E-01	0.010272	9.2E-01
rs244722	5	176534724	2.00012	A	C	0.491774	0.980953	8.3928	3.8E-03	0.0103639	0.00393451	6.93844	8.4E-03	7.20105	7.3E-03
rs1294447	6	6724416	0.18091	T	C	0.493581	0.983229	0.283017	5.9E-01	-0.00239534	0.00391959	0.373468	5.4E-01	0.479926	4.9E-01
rs13207230	6	7041700	0.194689	G	A	0.467706	0.982104	1.45898	2.3E-01	-0.0043664	0.00393461	1.23153	2.7E-01	0.770963	3.8E-01
rs4715912	6	14506240	0.314195	C	G	0.749538	0.953352	0.0636686	8.0E-01	0.000202253	0.00458802	0.00194329	9.6E-01	0.0750205	7.8E-01
rs4134943	6	20483407	0.409015	C	T	0.797164	1	10.0892	1.5E-03	-0.0146679	0.0048392	9.1873	2.4E-03	9.87984	1.7E-03
rs2523729	6	30137387	0.505324	G	A	0.865283	1	13.2082	2.8E-04	-0.0218949	0.00568449	14.8356	1.2E-04	17.1417	3.5E-05
rs114376405	6	30770701	0.507083	G	A	0.988645	0.994696	0.0396748	8.4E-01	0.00954721	0.0184051	0.269076	6.0E-01	0.553104	4.6E-01
rs9266618	6	31346166	0.513027	C	A	0.0957795	0.921596	10.6805	1.1E-03	0.0234052	0.00685295	11.6647	6.4E-04	12.593	3.9E-04
rs28890929	6	32466173	0.520296	G	T	0.767516	0.646356	2.58076	1.1E-01	0.00960773	0.00566506	2.87629	9.0E-02	1.97171	1.6E-01
rs150459394	6	34185960	0.545771	A	T	0.929914	0.979787	8.49808	3.6E-03	0.0232499	0.0076885	9.14447	2.5E-03	7.88123	5.0E-03
rs6901866	6	43260660	0.66972	T	C	0.706104	0.996521	0.176826	6.7E-01	-0.00214127	0.0042756	0.250813	6.2E-01	0.186169	6.7E-01
rs9381248	6	43734606	0.675407	C	T	0.878168	0.993046	4.18602	4.1E-02	0.0126683	0.00597434	4.49635	3.4E-02	3.57196	5.9E-02
rs9395885	6	53745477	0.782866	C	T	0.917223	0.99848	4.77118	2.9E-02	0.0175994	0.00706254	6.20977	1.3E-02	5.4955	1.9E-02
rs2505949	6	80804414	0.920772	A	G	0.620204	0.988477	2.155	1.4E-01	-0.00532514	0.004029	1.7469	1.9E-01	2.27876	1.3E-01
rs2496690	6	81346504	0.922438	A	G	0.376754	0.992012	0.173268	6.8E-01	0.000721817	0.00404315	0.0318724	8.6E-01	0.099514	7.5E-01
rs1322863	6	85720325	0.951167	G	A	0.936492	0.998184	0.610775	4.3E-01	-0.00705701	0.00797998	0.782056	3.8E-01	0.559553	4.5E-01
rs17448885	6	97385975	1.0576	C	G	0.658737	0.996471	0.210651	6.5E-01	-0.000974548	0.0041174	0.0560221	8.1E-01	0.343066	5.6E-01
rs17297752	6	97915394	1.05968	C	A	0.730989	0.998619	9.54174	2.0E-03	-0.0134081	0.00439337	9.31401	2.3E-03	13.1291	2.9E-04
rs9401452	6	98452680	1.0624	T	C	0.606196	0.998799	7.44459	6.4E-03	-0.0108012	0.00398594	7.34323	6.7E-03	6.93705	8.4E-03
rs2256268	6	100599389	1.08112	C	T	0.828914	0.990083	0.344946	5.6E-01	0.00292898	0.005198	0.317513	5.7E-01	0.462249	5.0E-01
rs12206094	6	108906200	1.17855	C	T	0.71927	0.997161	0.170486	6.8E-01	0.000866541	0.00434347	0.0398019	8.4E-01	0.00634536	9.4E-01
rs4946445	6	120157197	1.26007	A	G	0.767913	0.994369	1.24683	2.6E-01	-0.0058696	0.00462341	1.61173	2.0E-01	0.885579	3.5E-01
rs9375417	6	126248374	1.3252	T	C	0.495328	0.999041	1.52722	2.2E-01	0.00476787	0.00388944	1.50271	2.2E-01	2.26338	1.3E-01
rs62437220	6	127353873	1.32766	T	A	0.953312	0.986017	8.99795	2.7E-03	0.0268393	0.00928178	8.36142	3.8E-03	9.98056	1.6E-03
rs590015	6	139824992	1.50297	G	A	0.500538	0.993146	35.3926	2.7E-09	0.0229111	0.00389308	34.6343	4.0E-09	33.3527	7.7E-09
rs7453812	6	153405199	1.66319	T	G	0.0494718	0.995743	2.73269	9.8E-02	0.0151643	0.00900919	2.83316	9.2E-02	4.27922	3.9E-02
rs111226116	6	160534940	1.77103	C	T	0.983829	0.990996	49.2241	2.3E-12	-0.108972	0.0154882	49.5025	2.0E-12	49.0976	2.4E-12
rs6955431	7	20444060	0.358689	T	C	0.69178	0.986954	0.71819	4.0E-01	-0.0021042	0.00424409	0.245813	6.2E-01	0.193603	6.6E-01
rs960589	7	25823647	0.43812	A	C	0.837373	0.976235	1.93224	1.6E-01	0.00792563	0.00533371	2.20805	1.4E-01	3.09529	7.9E-02
rs12671127	7	26309246	0.44373	C	T	0.632826	0.988487	3.53227	6.0E-02	-0.0073467	0.00405111	3.2888	7.0E-02	2.76027	9.7E-02
rs2189239	7	27237453	0.453427	C	T	0.917946	0.977954	0.0357236	8.5E-01	0.000590688	0.00718094	0.00676633	9.3E-01	0.0517441	8.2E-01
rs2715135	7	50750128	0.768412	T	G	0.360162	0.995982	2.36461	1.2E-01	-0.0079111	0.00406031	3.79625	5.1E-02	2.99776	8.3E-02
rs78702390	7	68618770	0.862671	G	C	0.940064	0.983166	6.75431	9.4E-03	-0.0208992	0.00827988	6.37107	1.2E-02	6.82095	9.0E-03
rs1178979	7	72856430	0.899612	T	C	0.80296	1	444.339	1.2E-98	-0.104092	0.00489356	452.46	2.1E-100	453.531	1.2E-100
rs12669521	7	77047102	0.934164	A	G	0.661642	0.98421	4.23862	4.0E-02	-0.00829461	0.00414883	3.99705	4.6E-02	4.26406	3.9E-02
rs917154	7	99020806	1.15524	A	G	0.844107	0.995198	3.06114	8.0E-02	-0.010127	0.00538298	3.53927	6.0E-02	3.22026	7.3E-02
rs2470937	7	104579775	1.19833	T	A	0.548378	0.996384	2.60378	1.1E-01	0.00703451	0.00391449	3.22936	7.2E-02	3.83909	5.0E-02
rs13226446	7	116888161	1.32093	A	G	0.945828	1	0.0298025	8.6E-01	-0.00295131	0.00861388	0.11739	7.3E-01	0.12713	7.2E-01
rs12154627	7	130422934	1.4017	T	C	0.50585	0.97487	32.1915	1.4E-08	-0.0215918	0.0039384	30.0564	4.2E-08	35.781	2.2E-09
rs17168896	7	136712058	1.48048	G	A	0.852027	0.988117	0.0543991	8.2E-01	-0.000446107	0.00551632	0.00654	9.4E-01	0.0552483	8.1E-01
rs2979172	8	8310508	0.239232	G	C	0.523134	0.993945	52.5435	4.2E-13	-0.0283065	0.00391294	52.3316	4.7E-13	53.3447	2.8E-13
rs7831332	8	19585227	0.468479	T	C	0.310497	0.991435	33.3193	7.8E-09	-0.0245845	0.00421746	33.9796	5.6E-09	36.6271	1.4E-09
rs7011846	8	19785656	0.472099	G	A	0.973773	0.953458	128.135	1.0E-29	0.143555	0.0124958	131.979	1.5E-30	133.438	7.3E-31
rs12545984	8	19847259	0.472763	C	T	0.832173	0.998221	54.419	1.6E-13	-0.0380417	0.00521091	53.2956	2.9E-13	54.0797	1.9E-13
rs7815496	8	38321607	0.69461	C	T	0.597702	0.996532	3.71368	5.4E-02	0.00816722	0.00395919	4.25534	3.9E-02	5.55827	1.8E-02
rs62506196	8	60264465	0.832656	A	C	0.841337	0.99445	1.6818	1.9E-01	0.00843389	0.00533638	2.49782	1.1E-01	2.72752	9.9E-02
rs7841468	8	68195769	0.884684	T	C	0.715739	0.999146	3.88985	4.9E-02	0.00685671	0.00430888	2.53222	1.1E-01	2.20444	1.4E-01
rs146492163	8	72386394	0.950025	G	T	0.969192	0.960969	7.73674	5.4E-03	0.0302588	0.0114882	6.93746	8.4E-03	7.7531	5.4E-03
rs16937731	8	72531891	0.950652	C	T	0.969553	0.996682	0.107046	7.4E-01	0.00689741	0.0113215	0.371161	5.4E-01	0.600584	4.4E-01
rs7824350	8	73452488	0.974093	A	G	0.403692	0.994411	4.31663	3.8E-02	-0.0100587	0.00397761	6.39494	1.1E-02	5.30257	2.1E-02
rs144435165	8	126419938	1.45107	G	C	0.945037	0.785853	38.9099	4.4E-10	0.0602911	0.009607	39.3849	3.5E-10	38.0988	6.7E-10
rs4871603	8	126480367	1.4532	C	T	0.345606	0.998879	132.589	1.1E-30	-0.0492295	0.0040924	144.709	2.5E-33	153.438	3.1E-35
rs10107982	8	128318755	1.49	T	C	0.725351	0.988462	0.234055	6.3E-01	0.00148409	0.00437218	0.115219	7.3E-01	0.00666767	9.3E-01
rs4740619	9	15634326	0.341844	T	C	0.551261	0.999021	1.28024	2.6E-01	-0.00547287	0.00392355	1.94568	1.6E-01	1.33378	2.5E-01
rs1412234	9	28410683	0.543029	T	C	0.672099	0.991293	5.18819	2.3E-02	0.0100403	0.00416085	5.82277	1.6E-02	4.79326	2.9E-02
rs1680490	9	29642688	0.558374	A	G	0.642012	0.991873	0.00393662	9.5E-01	0.000162742	0.00408031	0.00159079	9.7E-01	0.0418488	8.4E-01
rs12001634	9	94186527	1.11918	T	A	0.660665	0.996234	3.83677	5.0E-02	-0.00757079	0.00412663	3.36582	6.7E-02	4.13406	4.2E-02
rs2131919	9	95283887	1.12689	A	G	0.836098	0.999136	7.6454	5.7E-03	0.0142537	0.00526507	7.32903	6.8E-03	6.43975	1.1E-02
rs7873003	9	96392945	1.13399	T	C	0.321009	0.990354	2.66583	1.0E-01	-0.00669376	0.00419737	2.54324	1.1E-01	1.98438	1.6E-01
rs56285369	9	96712312	1.1418	C	T	0.693118	0.995095	1.17064	2.8E-01	0.00405812	0.00423997	0.916061	3.4E-01	1.09249	3.0E-01
rs12686004	9	107653426	1.24316	G	A	0.885408	1	1.87383	1.7E-01	-0.0082589	0.00611264	1.82552	1.8E-01	2.15081	1.4E-01
rs10991414	9	107685589	1.24582	T	C	0.860554	0.989408	5.36712	2.1E-02	0.0127033	0.00565617	5.04411	2.5E-02	3.77162	5.2E-02
rs73519946	9	107868862	1.24912	A	T	0.958271	0.989128	0.185172	6.7E-01	0.00339343	0.00981385	0.119563	7.3E-01	0.0304107	8.6E-01
rs72607161	9	111792640	1.3053	T	C	0.706082	0.997033	3.60825	5.7E-02	-0.00816901	0.00428631	3.63221	5.7E-02	4.28397	3.8E-02
rs2799465	9	126544609	1.50625	T	C	0.864225	0.996021	0.2218	6.4E-01	0.00324428	0.00569162	0.324912	5.7E-01	0.672613	4.1E-01
rs4382592	9	134870755	1.63189	T	G	0.300732	0.996468	1.72444	1.9E-01	-0.00660899	0.00426314	2.40332	1.2E-01	1.87819	1.7E-01
rs28647893	9	136994893	1.69152	C	T	0.505629	0.998355	1.25955	2.6E-01	0.00373825	0.00390069	0.918449	3.4E-01	1.02682	3.1E-01
rs12774134	10	4963327	0.105411	C	T	0.88526	1	0.016798	9.0E-01	0.000390652	0.00610696	0.00409196	9.5E-01	0.146251	7.0E-01
rs7923552	10	21687123	0.466325	G	A	0.555867	0.968501	3.13145	7.7E-02	0.00645612	0.00399402	2.6129	1.1E-01	2.95732	8.5E-02
rs2808104	10	32112728	0.602723	C	T	0.785657	0.99976	0.128361	7.2E-01	-0.00223031	0.00474493	0.220939	6.4E-01	0.560969	4.5E-01
rs145952040	10	33461248	0.609107	T	C	0.959765	0.938566	0.991503	3.2E-01	0.0110304	0.0102311	1.16234	2.8E-01	0.944401	3.3E-01
rs10827252	10	33672884	0.612425	A	G	0.492282	0.997479	1.12898	2.9E-01	0.00496046	0.0039041	1.61437	2.0E-01	2.68285	1.0E-01
rs743104	10	34162510	0.623368	C	T	0.851826	0.987738	1.25639	2.6E-01	0.00537883	0.00551093	0.952635	3.3E-01	1.07129	3.0E-01
rs7070670	10	61842645	0.8423	C	T	0.672129	0.984388	5.80695	1.6E-02	-0.00993387	0.00416764	5.6814	1.7E-02	6.87021	8.8E-03
rs7919055	10	63808475	0.859585	T	C	0.967188	0.982852	3.23826	7.2E-02	0.0216713	0.0110393	3.85383	5.0E-02	3.8017	5.1E-02
rs2036791	10	64834352	0.870392	A	T	0.599639	0.999771	54.5999	1.5E-13	-0.0295862	0.00397874	55.2952	1.0E-13	54.3366	1.7E-13
rs780157	10	80904701	1.06507	A	C	0.474862	0.956984	8.55998	3.4E-03	0.0104904	0.00398032	6.94621	8.4E-03	7.48037	6.2E-03
rs3814614	10	88128281	1.14764	A	G	0.494534	0.997451	4.77105	2.9E-02	-0.00727106	0.00390507	3.46688	6.3E-02	4.38069	3.6E-02
rs117471638	10	93158084	1.20378	G	A	0.979357	1	4.10685	4.3E-02	0.0272231	0.0137114	3.94193	4.7E-02	4.94781	2.6E-02
rs1776209	10	93810872	1.20851	A	G	0.708687	0.988042	20.6749	5.4E-06	-0.0199257	0.0043035	21.4381	3.7E-06	22.1044	2.6E-06
rs34820178	10	113901194	1.38373	C	T	0.75407	0.994882	82.4755	1.1E-19	-0.0413926	0.00453135	83.443	6.6E-20	88.851	4.3E-21
rs4751824	10	122833913	1.52693	G	A	0.911449	0.998329	1.35122	2.5E-01	0.0095126	0.00686766	1.91858	1.7E-01	2.33929	1.3E-01
rs61876729	11	778857	0.0107507	A	G	0.906207	0.981631	3.67323	5.5E-02	-0.012192	0.00673245	3.27945	7.0E-02	2.88856	8.9E-02
rs12790154	11	8405148	0.189404	G	A	0.803138	0.997888	1.21773	2.7E-01	-0.00668034	0.00489695	1.86099	1.7E-01	1.12771	2.9E-01
rs1128559	11	8637191	0.189966	G	C	0.17507	0.998605	0.727072	3.9E-01	0.00495897	0.00512606	0.935871	3.3E-01	1.1032	2.9E-01
rs2403265	11	10065246	0.198625	T	C	0.502995	0.996805	0.702713	4.0E-01	-0.00444806	0.00390038	1.30055	2.5E-01	1.21094	2.7E-01
rs11030003	11	27455582	0.463971	C	T	0.312992	0.984085	12.9995	3.1E-04	-0.0140867	0.00422567	11.1128	8.6E-04	12.9406	3.2E-04
rs605765	11	30217503	0.478898	C	T	0.390281	0.991456	5.03211	2.5E-02	-0.00900983	0.00400097	5.0711	2.4E-02	6.27338	1.2E-02
rs2679059	11	43599791	0.621966	A	T	0.4028	0.990165	10.6122	1.1E-03	-0.0141553	0.0039918	12.5748	3.9E-04	14.0979	1.7E-04
rs7950696	11	47481533	0.66531	T	C	0.554089	0.999458	5.22394	2.2E-02	-0.00932784	0.00391608	5.67362	1.7E-02	7.71717	5.5E-03
rs198457	11	61471678	0.70287	C	T	0.811856	0.983863	33.0075	9.2E-09	-0.0290198	0.0050165	33.4648	7.3E-09	37.8526	7.6E-10
rs2253398	11	63858227	0.730591	G	T	0.0540991	0.988054	37.6675	8.4E-10	-0.0565806	0.00863781	42.907	5.7E-11	39.6668	3.0E-10
rs575976	11	75437630	0.831823	A	G	0.814914	0.991992	31.5166	2.0E-08	0.0266839	0.005045	27.9754	1.2E-07	26.0189	3.4E-07
rs3018970	11	102942989	1.11538	A	C	0.732698	0.991722	5.33868	2.1E-02	-0.0109836	0.00441925	6.17724	1.3E-02	5.29566	2.1E-02
rs568038	11	111432161	1.18722	G	T	0.292879	0.997478	0.352462	5.5E-01	0.00258524	0.00428175	0.364552	5.5E-01	0.123141	7.3E-01
rs10502172	11	113199146	1.20415	C	T	0.518835	1	1.60981	2.0E-01	-0.00472842	0.00388899	1.47828	2.2E-01	1.05974	3.0E-01
rs3016353	11	116527282	1.25983	C	T	0.719054	0.973739	172.994	1.6E-39	0.0575637	0.00438996	171.94	2.8E-39	174.404	8.1E-40
rs747249	11	130271647	1.49781	A	G	0.360417	0.986641	1.459	2.3E-01	-0.00488424	0.00408394	1.43032	2.3E-01	1.2383	2.7E-01
rs6590683	11	133110361	1.57589	T	C	0.498199	0.978325	1.56949	2.1E-01	-0.00460969	0.00393504	1.37228	2.4E-01	1.38818	2.4E-01
rs11611246	12	939480	0.0208836	G	T	0.789679	0.996657	2.25951	1.3E-01	0.00693803	0.00477973	2.107	1.5E-01	2.41881	1.2E-01
rs34322	12	12879570	0.279977	T	C	0.477211	1	0.8015	3.7E-01	-0.00220381	0.00389788	0.319662	5.7E-01	0.540778	4.6E-01
rs10771260	12	26253557	0.45721	A	C	0.609092	0.995844	4.37073	3.7E-02	0.00828148	0.00399903	4.28852	3.8E-02	5.00054	2.5E-02
rs10844645	12	33737099	0.546138	C	T	0.612236	0.998433	1.82593	1.8E-01	-0.00675959	0.00399795	2.85869	9.1E-02	2.06099	1.5E-01
rs2733269	12	41866717	0.562712	A	G	0.44747	1	0.412636	5.2E-01	-0.00207045	0.00391727	0.279359	6.0E-01	0.0668997	8.0E-01
rs11169170	12	50223013	0.630263	C	T	0.528796	0.996913	1.03448	3.1E-01	0.00410656	0.00391199	1.10194	2.9E-01	1.17241	2.8E-01
rs3847783	12	54320692	0.682622	C	T	0.318019	0.99235	0.530986	4.7E-01	-0.00314078	0.00418425	0.563428	4.5E-01	0.558467	4.5E-01
rs894738	12	54417525	0.685339	G	A	0.639703	0.990228	14.3539	1.5E-04	-0.0154803	0.00407274	14.4472	1.4E-04	13.765	2.1E-04
rs7961915	12	66425288	0.795219	A	G	0.213612	0.943584	1.13116	2.9E-01	-0.00510861	0.00489004	1.0914	3.0E-01	0.753997	3.9E-01
rs704067	12	89726027	1.03172	G	A	0.54643	0.989595	0.294299	5.9E-01	0.00266503	0.00393235	0.459303	5.0E-01	0.32216	5.7E-01
rs7311622	12	98772975	1.15518	C	T	0.532837	0.989082	1.02642	3.1E-01	-0.0020409	0.00391177	0.272205	6.0E-01	0.856862	3.5E-01
rs10778609	12	108545985	1.27639	A	C	0.742853	1	0.202527	6.5E-01	-0.00131452	0.00445747	0.0869671	7.7E-01	0.0301783	8.6E-01
rs11608693	12	122208968	1.4633	G	A	0.824703	0.882554	0.999501	3.2E-01	-0.00522822	0.0054523	0.919493	3.4E-01	0.242977	6.2E-01
rs4759364	12	123162786	1.46972	C	T	0.820074	1	19.9881	7.8E-06	-0.0246776	0.00507618	23.6336	1.2E-06	23.6214	1.2E-06
rs2049114	12	123657338	1.47171	T	C	0.206764	0.999367	15.1824	9.8E-05	0.0187838	0.00481084	15.245	9.4E-05	14.6917	1.3E-04
rs4765568	12	124479161	1.479	T	C	0.817638	0.993959	4.0084	4.5E-02	-0.0108786	0.00505411	4.63298	3.1E-02	5.69917	1.7E-02
rs3926666	12	124634713	1.48005	C	T	0.316242	1	2.41125	1.2E-01	-0.00710395	0.00418506	2.88135	9.0E-02	2.3801	1.2E-01
rs1928496	13	31012904	0.263323	C	T	0.256087	1	3.38066	6.6E-02	0.00822509	0.00446575	3.39228	6.6E-02	2.98927	8.4E-02
rs2475837	13	50535863	0.537065	C	T	0.887658	0.999102	0.418696	5.2E-01	0.00331808	0.00618021	0.288249	5.9E-01	0.224084	6.4E-01
rs77871802	13	50844016	0.538491	A	G	0.965631	0.994358	1.80974	1.8E-01	-0.0177875	0.0107473	2.73926	9.8E-02	3.07576	7.9E-02
rs1379828	13	54396602	0.569676	C	T	0.20343	0.995912	3.93986	4.7E-02	-0.00964983	0.00484722	3.96327	4.7E-02	3.54104	6.0E-02
rs1441264	13	79580919	0.787841	G	A	0.405243	0.956515	11.5059	6.9E-04	0.0132197	0.00405533	10.6265	1.1E-03	10.3265	1.3E-03
rs1160709	13	93884256	0.892481	T	C	0.486099	0.998245	0.854943	3.6E-01	0.00422281	0.00390125	1.17164	2.8E-01	1.05876	3.0E-01
rs664532	13	110932363	1.2151	T	C	0.427688	0.989961	2.89209	8.9E-02	0.00693994	0.00395234	3.08321	7.9E-02	4.1911	4.1E-02
rs10132280	14	25928179	0.161964	C	A	0.696858	0.989051	5.7731	1.6E-02	-0.0111576	0.00425712	6.86923	8.8E-03	6.53779	1.1E-02
rs61986159	14	53956168	0.473642	C	T	0.766548	0.998967	0.00138039	9.7E-01	0.000942513	0.00461599	0.0416912	8.4E-01	0.102812	7.5E-01
rs8012185	14	58668484	0.537795	A	G	0.723205	0.991197	5.90602	1.5E-02	0.0103386	0.00436654	5.60596	1.8E-02	5.85231	1.6E-02
rs2412107	14	65426216	0.591307	G	T	0.78162	0.991281	4.13722	4.2E-02	0.0098104	0.00473003	4.30176	3.8E-02	4.31814	3.8E-02
rs2526886	14	71359064	0.651527	G	T	0.308449	0.995503	7.24617	7.1E-03	0.0104162	0.00422987	6.06412	1.4E-02	5.15767	2.3E-02
rs10146690	14	79890456	0.747911	G	A	0.782491	0.98828	4.2005	4.0E-02	0.0108526	0.00475862	5.20122	2.3E-02	5.3867	2.0E-02
rs7492628	14	91547136	0.882221	C	G	0.683687	0.983193	11.8546	5.8E-04	0.0138442	0.00421666	10.7795	1.0E-03	13.2293	2.8E-04
rs7156191	14	103297847	1.11649	G	C	0.829016	0.996202	2.53761	1.1E-01	0.008494	0.00518254	2.68621	1.0E-01	2.71108	1.0E-01
rs12441543	15	31689543	0.452834	G	A	0.71304	0.9962	0.470432	4.9E-01	0.00286601	0.00431356	0.441452	5.1E-01	0.118887	7.3E-01
rs12437696	15	40878474	0.62928	A	G	0.514543	0.998802	6.08689	1.4E-02	-0.00827448	0.00390607	4.48747	3.4E-02	4.3506	3.7E-02
rs147082941	15	42438962	0.639699	G	A	0.983329	0.946666	58.1892	2.4E-14	0.119027	0.0156708	57.6914	3.1E-14	61.1477	5.3E-15
rs10851523	15	53044002	0.71725	G	C	0.717759	0.993516	0.122716	7.3E-01	-0.00147389	0.00433716	0.115483	7.3E-01	0.311082	5.8E-01
rs16976760	15	56394169	0.756417	T	G	0.78704	0.997183	5.40336	2.0E-02	0.0104729	0.00477065	4.81927	2.8E-02	4.15266	4.2E-02
rs12594923	15	66991665	0.901837	T	C	0.756035	0.995986	0.884308	3.5E-01	0.00355044	0.00455444	0.60771	4.4E-01	0.142487	7.1E-01
rs12439210	15	67822172	0.914262	C	A	0.767285	0.997294	1.07894	3.0E-01	-0.00504667	0.00461171	1.19753	2.7E-01	2.29123	1.3E-01
rs8030477	15	73085815	0.987571	C	T	0.332616	0.996571	0.525442	4.7E-01	0.00415938	0.00415373	1.00272	3.2E-01	1.35321	2.4E-01
rs10851869	15	74331083	0.996085	T	C	0.570474	0.998308	0.601629	4.4E-01	0.00349666	0.0039416	0.786979	3.8E-01	0.344586	5.6E-01
rs11072938	15	81021661	1.05811	C	T	0.730551	0.99862	1.20376	2.7E-01	-0.00619471	0.00439014	1.99107	1.6E-01	1.25203	2.6E-01
rs66615128	15	92561941	1.21822	G	C	0.785237	0.999315	5.36508	2.1E-02	-0.0109825	0.0047432	5.36115	2.1E-02	4.56575	3.3E-02
rs13335638	16	2136624	0.0436172	T	C	0.8263	0.992856	0.59694	4.4E-01	-0.00362319	0.00516987	0.49116	4.8E-01	0.594436	4.4E-01
rs35108574	16	4370706	0.08231	A	G	0.886062	0.980242	2.33284	1.3E-01	0.00858117	0.00618646	1.92401	1.7E-01	1.42813	2.3E-01
rs4985128	16	15072433	0.321147	C	T	0.750424	0.816329	36.6979	1.4E-09	0.0306875	0.00499578	37.7324	8.1E-10	41.6415	1.1E-10
rs4787649	16	24700215	0.465896	C	T	0.246065	0.995971	6.7441	9.4E-03	0.0112251	0.00453406	6.12923	1.3E-02	6.76265	9.3E-03
rs2650494	16	28318440	0.541911	A	G	0.582495	0.992404	3.7712	5.2E-02	-0.0079862	0.00395983	4.0675	4.4E-02	4.97305	2.6E-02
rs34286592	16	29820480	0.551885	C	T	0.853439	1	1.17814	2.8E-01	0.00558757	0.00550883	1.02879	3.1E-01	1.47543	2.2E-01
rs79867441	16	29950820	0.553171	C	T	0.932238	0.992347	0.884481	3.5E-01	-0.00807067	0.00777717	1.0769	3.0E-01	0.820924	3.6E-01
rs2047937	16	49864791	0.582147	C	T	0.485483	0.999762	4.16693	4.1E-02	0.00756434	0.00390511	3.75212	5.3E-02	3.22924	7.2E-02
rs11075986	16	53805344	0.645995	C	G	0.919939	0.995968	1.85404	1.7E-01	-0.00939435	0.00718424	1.7099	1.9E-01	1.00173	3.2E-01
rs4783718	16	69547741	0.858329	T	C	0.409964	0.963133	23.967	9.8E-07	-0.0189215	0.00403746	21.9632	2.8E-06	22.7766	1.8E-06
rs2927331	16	81509452	1.04551	T	C	0.346879	0.987048	39.8076	2.8E-10	-0.0258527	0.00412323	39.3132	3.6E-10	37.1205	1.1E-09
rs10492861	16	82866767	1.0911	G	T	0.714227	0.98872	5.05791	2.5E-02	0.0104606	0.00433869	5.8129	1.6E-02	6.49493	1.1E-02
rs2760744	17	2017029	0.0688816	T	C	0.706093	0.999866	0.372595	5.4E-01	0.00278206	0.00427119	0.424261	5.1E-01	0.102962	7.5E-01
rs6502766	17	3902163	0.111799	C	T	0.805288	0.994964	0.111987	7.4E-01	0.00249492	0.00492374	0.256757	6.1E-01	0.443786	5.1E-01
rs1269402	17	17361137	0.443379	T	C	0.264169	0.990324	1.57944	2.1E-01	-0.00618438	0.00442869	1.95003	1.6E-01	1.93633	1.6E-01
rs7217403	17	21160085	0.471144	C	T	0.33386	0.984489	3.72442	5.4E-02	-0.00711852	0.00416071	2.92716	8.7E-02	2.81571	9.3E-02
rs4796221	17	34831963	0.595053	G	A	0.521542	1	6.26366	1.2E-02	-0.00935642	0.00389807	5.7613	1.6E-02	6.07689	1.4E-02
rs72820902	17	40441048	0.664334	C	T	0.920059	0.98229	7.14344	7.5E-03	0.0184905	0.00724984	6.50491	1.1E-02	6.73398	9.5E-03
rs56214516	17	43836953	0.688645	A	C	0.804476	0.982696	0.321694	5.7E-01	0.00336913	0.00495789	0.461786	5.0E-01	0.42264	5.2E-01
rs9892365	17	59491384	0.871045	A	G	0.329894	0.996856	0.0177851	8.9E-01	0.00111778	0.00415177	0.0724851	7.9E-01	0.199357	6.6E-01
rs7215551	17	61664740	0.886997	G	A	0.35741	0.990187	2.41115	1.2E-01	0.00803675	0.00409696	3.84803	5.0E-02	2.39782	1.2E-01
rs3936134	17	65814382	0.947689	C	G	0.887489	1	21.0777	4.4E-06	0.0269312	0.00616261	19.0978	1.2E-05	15.2359	9.5E-05
rs236544	17	68229691	0.981625	G	A	0.579444	0.996753	0.446621	5.0E-01	-0.00209435	0.00395311	0.280686	6.0E-01	0.0560887	8.1E-01
rs11869880	17	73198131	1.09799	T	C	0.785317	0.995073	21.7148	3.2E-06	-0.0208993	0.00474839	19.3718	1.1E-05	15.9346	6.6E-05
rs3810068	18	2846499	0.0738566	T	C	0.595835	1	0.00516545	9.4E-01	-0.000640693	0.00396318	0.0261344	8.7E-01	0.000178743	9.9E-01
rs1787013	18	13072979	0.384745	T	C	0.550563	0.99954	0.380996	5.4E-01	-0.00317867	0.00391533	0.659102	4.2E-01	0.836125	3.6E-01
rs4310973	18	20707622	0.429126	A	G	0.212403	0.987885	0.0251155	8.7E-01	0.00169911	0.00480959	0.124804	7.2E-01	0.137291	7.1E-01
rs505601	18	34280131	0.564322	G	A	0.81101	0.990705	0.586047	4.4E-01	0.0029666	0.00499347	0.352951	5.5E-01	0.209245	6.5E-01
rs4890429	18	40697481	0.611694	T	C	0.73765	0.995191	4.56581	3.3E-02	-0.00905669	0.00444591	4.14972	4.2E-02	4.13787	4.2E-02
rs74475730	18	46578171	0.687072	C	T	0.959907	0.993206	0.676864	4.1E-01	-0.0079117	0.00996123	0.630832	4.3E-01	0.698798	4.0E-01
rs80204526	18	47066144	0.688344	C	A	0.988962	0.972466	37.1625	1.1E-09	-0.11527	0.01888	37.2758	1.0E-09	37.0445	1.2E-09
rs2187176	18	57679365	0.819838	A	G	0.308898	0.982596	6.33249	1.2E-02	0.0101964	0.00426645	5.71167	1.7E-02	5.51919	1.9E-02
rs8097783	18	58051294	0.823036	G	A	0.926154	1	0.0361401	8.5E-01	0.00204363	0.00746472	0.0749512	7.8E-01	0.00847808	9.3E-01
rs12979965	19	2131148	0.0753026	A	G	0.499421	0.991113	2.13178	1.4E-01	0.00658608	0.00390372	2.8464	9.2E-02	2.108	1.5E-01
rs140493437	19	10951384	0.317967	G	A	0.806495	0.993644	24.5125	7.4E-07	0.0252957	0.0049348	26.2756	3.0E-07	29.4843	5.6E-08
rs10427132	19	17207156	0.420801	T	G	0.713001	0.998935	5.34352	2.1E-02	0.00980034	0.00428236	5.2374	2.2E-02	4.21388	4.0E-02
rs10403273	19	19372968	0.4621	C	G	0.837623	0.998891	2.56957	1.1E-01	-0.00905856	0.00526746	2.95744	8.5E-02	2.72029	9.9E-02
rs12461902	19	30265235	0.512848	G	A	0.671201	0.985963	3.02433	8.2E-02	0.00693857	0.00416406	2.77656	9.6E-02	3.66688	5.6E-02
rs73024215	19	33784657	0.561399	T	C	0.929713	0.961977	11.3429	7.6E-04	0.0255937	0.00774956	10.9072	9.6E-04	14.6207	1.3E-04
rs77793940	19	34003177	0.562809	T	C	0.916647	0.969314	0.0588189	8.1E-01	0.00117571	0.00713903	0.0271218	8.7E-01	0.0452685	8.3E-01
rs62116588	19	44446097	0.68736	C	G	0.976367	0.933368	47.0742	6.8E-12	0.0876517	0.0132477	43.7763	3.7E-11	44.9815	2.0E-11
rs142751148	19	45100982	0.69683	G	T	0.973604	0.950645	93.186	4.8E-22	0.123526	0.0124355	98.6712	3.0E-23	110.358	8.2E-26
rs73048351	19	45160086	0.697689	C	A	0.989801	0.91554	118.463	1.4E-27	0.224499	0.020233	123.115	1.3E-28	127.708	1.3E-29
rs140824606	19	45311084	0.70382	G	A	0.975244	0.867871	12.4073	4.3E-04	-0.0499432	0.0134056	13.8796	1.9E-04	16.8183	4.1E-05
rs2075649	19	45395330	0.707004	A	G	0.611082	0.998574	115.665	5.6E-27	-0.0438158	0.00398627	120.817	4.2E-28	131.996	1.5E-30
rs146390218	19	45478352	0.709104	A	G	0.973617	0.966351	277.482	2.7E-62	0.206784	0.0123129	282.042	2.7E-63	294.532	5.1E-66
rs181765708	19	45880690	0.715179	C	T	0.983649	0.92116	159.197	1.7E-36	0.200716	0.015927	158.817	2.1E-36	161.325	5.8E-37
rs8103017	19	55999142	0.996663	C	G	0.705959	0.984581	12.9955	3.1E-04	0.0159279	0.00429299	13.7657	2.1E-04	13.5777	2.3E-04
rs805769	20	5667459	0.191037	T	C	0.595692	0.99253	1.15845	2.8E-01	0.00449885	0.00398729	1.27306	2.6E-01	1.89709	1.7E-01
rs1884897	20	6612832	0.214572	A	G	0.371346	0.993838	0.00465502	9.5E-01	-0.00126972	0.00406661	0.0974886	7.5E-01	0.182585	6.7E-01
rs7453	20	25207074	0.516203	T	C	0.547962	0.998658	0.0138693	9.1E-01	0.000697218	0.00391711	0.0316815	8.6E-01	0.0182591	8.9E-01
rs1997833	20	39690342	0.597551	T	C	0.699628	0.998963	0.147989	7.0E-01	0.000844982	0.00424326	0.0396548	8.4E-01	0.0293914	8.6E-01
rs56323232	20	41961907	0.631286	C	T	0.863639	0.984929	0.342344	5.6E-01	-0.00365978	0.00571777	0.40969	5.2E-01	0.638002	4.2E-01
rs538978364	20	44512996	0.670763	C	T	0.790858	0.747249	63.3036	1.8E-15	0.0451579	0.00556333	65.8868	4.8E-16	71.989	2.2E-17
rs62215621	20	44761854	0.672544	C	T	0.848771	0.999576	31.3656	2.1E-08	0.0305714	0.00544962	31.4702	2.0E-08	30.8278	2.8E-08
rs6013453	20	51026284	0.791367	T	C	0.632527	0.999327	8.66081	3.3E-03	-0.0131466	0.00403732	10.6032	1.1E-03	10.4617	1.2E-03
rs6064557	20	56115153	0.9034	G	A	0.442948	0.999541	6.76856	9.3E-03	0.0109551	0.00390533	7.86902	5.0E-03	8.62544	3.3E-03
rs28451064	21	35593827	0.362865	G	A	0.868938	0.957975	0.713116	4.0E-01	0.00549206	0.00590619	0.864681	3.5E-01	0.936101	3.3E-01
rs2836139	21	39451403	0.432375	A	G	0.517161	0.9942	0.429664	5.1E-01	0.00380747	0.00392593	0.940564	3.3E-01	1.74735	1.9E-01
rs849453	22	27566619	0.305237	C	G	0.190181	0.996731	3.52166	6.1E-02	-0.0110344	0.00497569	4.91805	2.7E-02	4.48218	3.4E-02
rs9625551	22	29140529	0.338663	G	A	0.979024	0.995212	0.000176821	9.9E-01	0.00291257	0.0136429	0.0455766	8.3E-01	0.062325	8.0E-01
rs2413338	22	35663523	0.409716	C	T	0.369137	0.988961	0.0574198	8.1E-01	0.000608907	0.0040563	0.0225342	8.8E-01	0.291502	5.9E-01
rs801597	22	47190735	0.614737	T	G	0.275448	0.998113	0.351211	5.5E-01	-0.00386763	0.0043614	0.786392	3.8E-01	0.252935	6.2E-01
