SNP	CHR	BP	GENPOS	ALLELE1	ALLELE0	A1FREQ	INFO	CHISQ_LINREG	P_LINREG	BETA	SE	CHISQ_BOLT_LMM_INF	P_BOLT_LMM_INF	CHISQ_BOLT_LMM	P_BOLT_LMM
rs7412983	1	2943183	0.0400826	A	C	0.815676	0.996304	4.72666	3.0E-02	-0.01095	0.00517572	4.47593	3.4E-02	4.62852	3.1E-02
rs1294014	1	9325676	0.18921	C	T	0.731267	0.974098	3.12876	7.7E-02	-0.00818844	0.00458279	3.19259	7.4E-02	2.35702	1.2E-01
rs9988429	1	19824124	0.401889	C	T	0.679183	0.998214	0.403817	5.3E-01	0.00387718	0.00429387	0.815331	3.7E-01	0.738325	3.9E-01
rs12041540	1	23262176	0.460611	G	A	0.646848	0.995392	1.12368	2.9E-01	-0.00363346	0.00419437	0.750425	3.9E-01	0.489787	4.8E-01
rs10902676	1	26120367	0.493514	G	A	0.466005	0.991591	0.355831	5.5E-01	-0.0022679	0.00403583	0.315779	5.7E-01	0.369432	5.4E-01
rs4660443	1	39591779	0.669753	C	T	0.785557	0.997156	0.312753	5.8E-01	0.00323692	0.00489246	0.437732	5.1E-01	0.636464	4.2E-01
rs2032022	1	49388622	0.760047	T	G	0.350563	0.99763	0.430771	5.1E-01	-0.00197617	0.00418153	0.223347	6.4E-01	0.1238	7.2E-01
rs12117661	1	55487346	0.808955	C	G	0.754062	0.987273	94.8449	2.1E-22	0.0461048	0.00468907	96.6761	8.2E-23	98.8024	2.8E-23
rs624698	1	62900811	0.92277	A	G	0.582759	0.969721	115.412	6.4E-27	0.0442835	0.00412176	115.43	6.3E-27	121.513	3.0E-28
rs12755450	1	72628347	1.03293	T	C	0.795069	1	1.49753	2.2E-01	-0.00808102	0.00495358	2.6613	1.0E-01	2.87523	9.0E-02
rs313710	1	86251836	1.15039	T	C	0.595169	0.991629	0.118465	7.3E-01	-0.000856522	0.00409358	0.0437795	8.3E-01	0.11503	7.3E-01
rs7548936	1	91207757	1.21384	G	C	0.626945	0.998895	1.1192	2.9E-01	-0.00435224	0.00415168	1.09895	2.9E-01	0.774779	3.8E-01
rs4375301	1	98298371	1.27828	A	G	0.767049	0.993807	0.526247	4.7E-01	0.00339863	0.00475688	0.510464	4.7E-01	0.189517	6.6E-01
rs1318756	1	103340623	1.32951	T	C	0.496541	0.991063	2.9306	8.7E-02	-0.00628774	0.0040264	2.43868	1.2E-01	1.2151	2.7E-01
rs3108680	1	107572997	1.35724	T	C	0.650884	0.999501	17.0325	3.7E-05	-0.0176191	0.00421608	17.4642	2.9E-05	14.6891	1.3E-04
rs4970829	1	109757295	1.38629	G	A	0.927892	1	73.2676	1.1E-17	0.0660444	0.00773555	72.8935	1.4E-17	72.3643	1.8E-17
rs2076586	1	112273026	1.42823	C	T	0.754427	0.980886	0.277208	6.0E-01	-0.00266918	0.00469931	0.322617	5.7E-01	0.517104	4.7E-01
rs71670897	1	119151935	1.50822	G	A	0.96335	0.976508	1.21675	2.7E-01	0.0146775	0.0107734	1.85608	1.7E-01	1.72699	1.9E-01
rs905938	1	154991389	1.69836	T	C	0.735666	1	0.41084	5.2E-01	0.0023515	0.00454604	0.267561	6.0E-01	0.885947	3.5E-01
rs6688053	1	163589208	1.81503	C	T	0.558728	0.988788	0.385339	5.3E-01	-0.00282168	0.00405647	0.48386	4.9E-01	0.840839	3.6E-01
rs17345893	1	170171874	1.91645	C	T	0.933686	0.998406	0.910531	3.4E-01	0.00729006	0.0080477	0.820577	3.7E-01	0.677314	4.1E-01
rs17361789	1	172122601	1.93709	T	G	0.67666	0.979392	0.144361	7.0E-01	0.0015678	0.00432472	0.131422	7.2E-01	0.148441	7.0E-01
rs6700575	1	172364712	1.93908	A	G	0.843224	0.99482	0.395264	5.3E-01	-0.00333521	0.00551999	0.365064	5.5E-01	0.248136	6.2E-01
rs12757638	1	177815769	1.98756	G	A	0.794896	0.999497	3.13916	7.6E-02	0.00937472	0.00497396	3.55231	5.9E-02	4.76297	2.9E-02
rs12069549	1	200036139	2.16766	C	T	0.873356	0.988289	0.864517	3.5E-01	0.00550963	0.0060532	0.828467	3.6E-01	1.12352	2.9E-01
rs56283998	1	205039295	2.25361	A	C	0.802994	0.996714	0.00267386	9.6E-01	-0.00079457	0.00503003	0.0249531	8.7E-01	0.000107117	9.9E-01
rs3767848	1	214173840	2.36754	G	A	0.749925	0.990604	3.58548	5.8E-02	0.00832512	0.0046435	3.21433	7.3E-02	3.38758	6.6E-02
rs7547454	1	219429385	2.43543	T	A	0.681956	0.999746	0.177051	6.7E-01	-0.00224371	0.00429972	0.272304	6.0E-01	0.0920129	7.6E-01
rs12042959	1	243533273	2.82744	A	G	0.856295	0.985729	0.118742	7.3E-01	0.00230211	0.00574298	0.160686	6.9E-01	0.137248	7.1E-01
rs74495980	2	375873	0.0042135	C	G	0.962013	1	0.80032	3.7E-01	-0.00845194	0.0104617	0.652692	4.2E-01	0.752462	3.9E-01
rs10185713	2	621254	0.0081413	A	G	0.793352	0.993471	0.293181	5.9E-01	-0.00300835	0.00497826	0.365174	5.5E-01	0.491314	4.8E-01
rs812400	2	13073562	0.297327	G	A	0.763905	0.987822	1.10156	2.9E-01	-0.0045663	0.00475183	0.923436	3.4E-01	0.835034	3.6E-01
rs907866	2	20371380	0.402795	G	A	0.556795	0.994027	42.8774	5.8E-11	0.0263579	0.00404811	42.3955	7.5E-11	45.417	1.6E-11
rs13002939	2	21120901	0.419457	A	C	0.744356	0.990004	37.6773	8.3E-10	-0.0291925	0.00461984	39.929	2.6E-10	43.9054	3.4E-11
rs7571647	2	21476634	0.421231	A	G	0.103758	0.975506	152.671	4.5E-35	-0.0823638	0.00664888	153.453	3.0E-35	161.407	5.6E-37
rs10153926	2	43189120	0.673364	G	A	0.785344	0.98004	0.474678	4.9E-01	0.00389839	0.00492742	0.625938	4.3E-01	0.454364	5.0E-01
rs17326656	2	48962291	0.765285	G	T	0.762394	0.991513	0.383028	5.4E-01	-0.002692	0.0047337	0.323406	5.7E-01	0.62203	4.3E-01
rs62141921	2	58590687	0.848728	G	A	0.840999	0.992362	0.301234	5.8E-01	0.00319111	0.00547744	0.339413	5.6E-01	0.390622	5.3E-01
rs13428870	2	58956557	0.850032	T	G	0.698619	0.989274	2.88177	9.0E-02	0.00703097	0.00439482	2.55946	1.1E-01	3.10402	7.8E-02
rs2195086	2	60814466	0.873878	T	G	0.83582	0.991606	0.102361	7.5E-01	-0.00141293	0.00542338	0.0678736	7.9E-01	0.0306563	8.6E-01
rs6716270	2	66201731	0.917171	T	C	0.851701	1	0.0113885	9.2E-01	-0.000173098	0.00563787	0.000942663	9.8E-01	0.0678563	7.9E-01
rs659116	2	67666133	0.937104	T	G	0.542915	0.997911	0.359046	5.5E-01	0.00335753	0.00403555	0.692207	4.1E-01	0.390944	5.3E-01
rs12621286	2	67785566	0.938314	T	C	0.712692	0.98911	0.257494	6.1E-01	0.00132319	0.00445368	0.0882682	7.7E-01	0.0208012	8.9E-01
rs12712049	2	100208830	1.21955	A	G	0.176997	0.985519	3.67676	5.5E-02	-0.0104352	0.00528324	3.90121	4.8E-02	4.27615	3.9E-02
rs11680586	2	100746207	1.22171	G	T	0.763215	0.996151	1.86746	1.7E-01	-0.0059103	0.00471433	1.57173	2.1E-01	1.85734	1.7E-01
rs41465348	2	112242612	1.33908	G	T	0.817869	0.933063	0.0284129	8.7E-01	-0.000279991	0.00538716	0.00270127	9.6E-01	0.0100423	9.2E-01
rs111595567	2	114462089	1.35944	C	A	0.7845	0.997566	2.75747	9.7E-02	-0.00835648	0.00488147	2.93053	8.7E-02	2.80844	9.4E-02
rs10172336	2	119342963	1.39561	G	T	0.490782	0.991549	0.856322	3.5E-01	0.00402842	0.00401884	1.00477	3.2E-01	1.46872	2.3E-01
rs114666647	2	158393301	1.76187	T	C	0.987556	1	2.71085	1.0E-01	-0.0292475	0.0180756	2.61813	1.1E-01	2.36416	1.2E-01
rs7560257	2	161085348	1.7867	C	T	0.846896	0.988412	8.69143	3.2E-03	0.0160833	0.00559746	8.25603	4.1E-03	8.64755	3.3E-03
rs78343493	2	165502911	1.8149	G	A	0.879696	0.994826	2.15127	1.4E-01	0.00822568	0.0061655	1.77994	1.8E-01	0.503962	4.8E-01
rs2887185	2	181528597	2.00401	C	A	0.37741	0.997975	0.0636657	8.0E-01	-0.00123084	0.00413494	0.0886069	7.7E-01	0.265672	6.1E-01
rs3114926	2	187733699	2.04022	T	A	0.732729	0.996136	0.399033	5.3E-01	0.00332635	0.00453392	0.538257	4.6E-01	0.233727	6.3E-01
rs7597487	2	200717641	2.13782	G	A	0.4462	0.997798	0.224807	6.4E-01	0.00202941	0.00403979	0.252361	6.2E-01	0.362449	5.5E-01
rs16846100	2	212278218	2.24429	C	A	0.731067	0.991398	3.048	8.1E-02	-0.00737987	0.00454913	2.63173	1.0E-01	2.60284	1.1E-01
rs7599312	2	213413231	2.26194	G	A	0.732805	0.980994	0.440749	5.1E-01	-0.00350097	0.00457217	0.586318	4.4E-01	0.919882	3.4E-01
rs13429408	2	219142860	2.33572	C	A	0.437636	0.999543	1.60547	2.1E-01	0.00578395	0.00402957	2.0603	1.5E-01	2.86085	9.1E-02
rs7589153	2	230549844	2.50173	A	G	0.448934	0.993474	0.0211306	8.8E-01	0.000414927	0.0040398	0.0105493	9.2E-01	0.135093	7.1E-01
rs72980197	2	239268619	2.66777	G	T	0.945215	1	2.92519	8.7E-02	0.0157421	0.00879077	3.20679	7.3E-02	2.39728	1.2E-01
rs4686340	3	9345218	0.248513	A	C	0.245634	0.979708	0.00674758	9.3E-01	-0.000542572	0.00471548	0.0132393	9.1E-01	0.00637308	9.4E-01
rs2600230	3	12038629	0.296833	T	A	0.172563	0.999419	4.44228	3.5E-02	0.0102005	0.00530287	3.70017	5.4E-02	5.05339	2.5E-02
rs1962515	3	12611269	0.299386	T	C	0.402697	0.99673	4.27888	3.9E-02	0.00881972	0.00409156	4.64656	3.1E-02	3.89503	4.8E-02
rs2455806	3	15705397	0.355658	T	A	0.685985	0.991689	1.55677	2.1E-01	0.00599575	0.00434481	1.90434	1.7E-01	1.45982	2.3E-01
rs9843488	3	33838124	0.583292	T	G	0.731851	0.986529	0.0391863	8.4E-01	0.0015041	0.00456201	0.108703	7.4E-01	0.0705252	7.9E-01
rs11928128	3	35516974	0.595221	T	C	0.862132	0.990586	1.15909	2.8E-01	-0.00582724	0.005819	1.00283	3.2E-01	1.44497	2.3E-01
rs4683301	3	46931478	0.687602	A	T	0.40228	0.992469	2.36886	1.2E-01	-0.00492817	0.00409947	1.44516	2.3E-01	2.34222	1.3E-01
rs7633840	3	48719638	0.689719	T	C	0.334732	0.949007	5.50325	1.9E-02	0.00898858	0.00435921	4.25173	3.9E-02	4.75915	2.9E-02
rs7613360	3	49916710	0.690238	C	T	0.605285	0.997092	0.0181246	8.9E-01	-0.00121617	0.00410271	0.0878709	7.7E-01	0.00803036	9.3E-01
rs9311841	3	62478786	0.829707	C	T	0.266611	0.989049	0.715214	4.0E-01	0.00297258	0.00457119	0.422872	5.2E-01	0.531992	4.7E-01
rs73124286	3	64667059	0.870966	G	T	0.716973	0.955989	0.509758	4.8E-01	-0.00269013	0.00455792	0.348349	5.6E-01	0.478815	4.9E-01
rs10510927	3	64750744	0.872079	A	C	0.554589	0.997963	0.64781	4.2E-01	-0.00333592	0.00403549	0.683341	4.1E-01	0.875933	3.5E-01
rs4123668	3	82629523	1.08298	T	C	0.597578	0.994471	0.749853	3.9E-01	0.00376892	0.00409729	0.846137	3.6E-01	0.910684	3.4E-01
rs9876664	3	85806313	1.08996	G	T	0.623459	0.99373	1.30896	2.5E-01	-0.00518671	0.00414897	1.5628	2.1E-01	2.02078	1.6E-01
rs1580100	3	93980841	1.10443	T	A	0.48363	0.99821	0.518373	4.7E-01	-0.00219928	0.00401577	0.299934	5.8E-01	0.210183	6.5E-01
rs11708733	3	128039895	1.41818	G	A	0.952759	0.983201	6.88437	8.7E-03	-0.0257034	0.00953871	7.26107	7.0E-03	7.44474	6.4E-03
rs143418767	3	129105690	1.42548	G	A	0.980985	0.944053	12.0812	5.1E-04	0.0528938	0.0150942	12.2797	4.6E-04	10.8933	9.7E-04
rs7624428	3	131516596	1.44298	T	A	0.73313	0.992487	1.55306	2.1E-01	0.00575867	0.00455389	1.59912	2.1E-01	1.42338	2.3E-01
rs13071085	3	136014923	1.49397	G	A	0.874037	0.99558	25.4913	4.4E-07	0.0310374	0.00604798	26.3359	2.9E-07	24.2361	8.5E-07
rs111398337	3	138328016	1.50606	C	T	0.455117	0.996909	0.120578	7.3E-01	0.00124158	0.00402839	0.0949922	7.6E-01	0.23088	6.3E-01
rs62271373	3	150066540	1.64339	T	A	0.940057	0.95946	0.482698	4.9E-01	-0.00583902	0.00860408	0.460544	5.0E-01	0.520222	4.7E-01
rs9865431	3	156351718	1.71006	T	A	0.852687	0.993895	4.23841	4.0E-02	-0.012267	0.00566914	4.6821	3.0E-02	5.37284	2.0E-02
rs13091300	3	168927453	1.77934	C	T	0.617544	0.9977	1.13933	2.9E-01	0.00471642	0.00411968	1.31068	2.5E-01	1.22043	2.7E-01
rs4894803	3	171800256	1.82113	A	G	0.59062	0.987681	4.1801	4.1E-02	-0.00909652	0.00410743	4.90469	2.7E-02	7.01694	8.1E-03
rs12638263	3	185795855	2.0212	A	C	0.807145	0.995698	0.0343487	8.5E-01	-0.000449097	0.00509392	0.00777276	9.3E-01	0.00599947	9.4E-01
rs2248422	3	187668469	2.0681	T	C	0.79676	1	0.0966616	7.6E-01	0.0014959	0.00499243	0.0897798	7.6E-01	0.0338575	8.5E-01
rs7697256	4	848335	0.00782825	C	T	0.72746	0.999147	0.145072	7.0E-01	-0.00144045	0.00450477	0.102247	7.5E-01	0.0732025	7.9E-01
rs4690071	4	3086753	0.0324892	A	T	0.641787	0.991623	0.818622	3.7E-01	-0.00340838	0.0042007	0.658343	4.2E-01	0.827166	3.6E-01
rs1912897	4	26006133	0.455942	A	T	0.794106	0.98817	0.319456	5.7E-01	-0.00346456	0.00498506	0.483009	4.9E-01	0.50051	4.8E-01
rs2871198	4	26292555	0.461345	C	T	0.389909	0.964896	0.327668	5.7E-01	-0.00139206	0.00418422	0.110685	7.4E-01	0.0965689	7.6E-01
rs13130484	4	45175691	0.679813	C	T	0.566923	0.996273	0.0233269	8.8E-01	-0.000667436	0.00405324	0.0271153	8.7E-01	0.0642828	8.0E-01
rs819266	4	56235592	0.73028	T	C	0.711983	0.998836	0.557628	4.6E-01	0.00340306	0.00443918	0.587671	4.4E-01	0.312645	5.8E-01
rs4472161	4	78625750	0.926383	A	C	0.140858	0.990092	0.226895	6.3E-01	0.00476304	0.00578027	0.679003	4.1E-01	0.530172	4.7E-01
rs9991751	4	89642436	1.0486	G	A	0.847364	0.999558	0.385988	5.3E-01	0.00149497	0.00558595	0.0716263	7.9E-01	0.0190569	8.9E-01
rs904092	4	100214164	1.13019	A	G	0.176585	1	2.75677	9.7E-02	0.00931357	0.00525391	3.14244	7.6E-02	2.4956	1.1E-01
rs4525978	4	102133144	1.14847	C	T	0.266365	0.992964	0.291847	5.9E-01	0.00289002	0.00455486	0.40258	5.3E-01	0.510345	4.7E-01
rs769668	4	140858717	1.49525	T	C	0.655583	0.988947	0.00842926	9.3E-01	-1.73948e-05	0.00425544	1.6709e-05	1.0E+00	0.00267246	9.6E-01
rs7692554	4	145536336	1.5383	G	A	0.572163	0.998925	1.1036	2.9E-01	0.00389239	0.00404155	0.927549	3.4E-01	1.20577	2.7E-01
rs639744	5	3949504	0.10119	C	T	0.334393	0.993555	0.184923	6.7E-01	0.00201315	0.00426972	0.222306	6.4E-01	0.602305	4.4E-01
rs12658939	5	53268762	0.644749	T	C	0.887728	0.983337	0.0569468	8.1E-01	-0.000267268	0.00639096	0.00174889	9.7E-01	0.0709954	7.9E-01
rs115865075	5	55776257	0.679598	C	T	0.987426	0.93412	0.199474	6.6E-01	-0.00868467	0.0185562	0.219043	6.4E-01	0.477798	4.9E-01
rs588898	5	55797382	0.680156	G	A	0.874484	0.995997	0.112908	7.4E-01	0.00028686	0.00606019	0.00224061	9.6E-01	0.117668	7.3E-01
rs34696	5	66292389	0.770621	C	A	0.447793	0.986394	0.170566	6.8E-01	0.00263474	0.0040575	0.421657	5.2E-01	0.209506	6.5E-01
rs253407	5	74926778	0.860943	A	G	0.278524	1	49.0802	2.5E-12	0.0314183	0.00447391	49.3164	2.2E-12	53.1452	3.1E-13
rs13167306	5	76574841	0.89346	C	T	0.679878	0.993031	0.105666	7.5E-01	0.00209031	0.0043187	0.23427	6.3E-01	0.000333287	9.9E-01
rs247916	5	87530253	1.0143	A	C	0.790166	0.984893	0.0674639	8.0E-01	-0.00112013	0.0049544	0.0511161	8.2E-01	4.59466e-05	9.9E-01
rs7733438	5	87986284	1.0155	T	G	0.863301	0.981904	0.386141	5.3E-01	-0.00338587	0.00588281	0.331261	5.6E-01	0.437523	5.1E-01
rs6869862	5	103886213	1.12287	T	G	0.519002	0.997607	0.254999	6.1E-01	-0.00261813	0.00401697	0.424801	5.1E-01	0.739183	3.9E-01
rs11241196	5	112535956	1.19975	G	A	0.317525	0.991452	0.267055	6.1E-01	-0.00235911	0.00432053	0.29814	5.9E-01	0.350968	5.5E-01
rs12332329	5	118721694	1.27467	G	A	0.717104	0.991939	1.41658	2.3E-01	-0.00401245	0.00446852	0.806293	3.7E-01	0.954784	3.3E-01
rs4705986	5	132349654	1.39065	T	G	0.936459	0.978165	4.42935	3.5E-02	-0.0141145	0.00831121	2.88406	8.9E-02	3.2008	7.4E-02
rs10477191	5	142077715	1.49476	A	G	0.949961	0.911257	0.00839314	9.3E-01	-0.00340784	0.00962185	0.125442	7.2E-01	0.315769	5.7E-01
rs10035289	5	153095918	1.63982	A	G	0.466786	0.997256	3.53434	6.0E-02	-0.0079662	0.0040134	3.93982	4.7E-02	4.49991	3.4E-02
rs2871924	5	155770918	1.66035	C	T	0.296888	0.995839	0.518633	4.7E-01	0.00243006	0.00438296	0.307396	5.8E-01	0.211137	6.5E-01
rs254800	5	172925741	1.91983	T	G	0.516581	0.99624	1.38197	2.4E-01	0.00459648	0.00400773	1.31539	2.5E-01	1.08666	3.0E-01
rs58895838	5	173269956	1.92938	A	G	0.759007	0.980237	0.0887794	7.7E-01	0.00250515	0.00472837	0.280701	6.0E-01	0.271107	6.0E-01
rs244722	5	176534724	2.00012	A	C	0.491774	0.980953	0.72841	3.9E-01	-0.00472541	0.00404696	1.3634	2.4E-01	1.8132	1.8E-01
rs1294447	6	6724416	0.18091	T	C	0.493581	0.983229	2.02573	1.5E-01	0.00484707	0.00403592	1.44236	2.3E-01	1.90223	1.7E-01
rs13207230	6	7041700	0.194689	G	A	0.467706	0.982104	2.21325	1.4E-01	-0.00539632	0.00405138	1.77415	1.8E-01	2.09551	1.5E-01
rs4715912	6	14506240	0.314195	C	G	0.749538	0.953352	0.00465147	9.5E-01	-0.000955833	0.00472419	0.0409364	8.4E-01	0.0801808	7.8E-01
rs4134943	6	20483407	0.409015	C	T	0.797164	1	4.20987	4.0E-02	-0.0102491	0.00498282	4.23082	4.0E-02	4.14572	4.2E-02
rs2523729	6	30137387	0.505324	G	A	0.865283	1	1.59659	2.1E-01	0.00601	0.0058532	1.0543	3.0E-01	0.669839	4.1E-01
rs114376405	6	30770701	0.507083	G	A	0.988645	0.994696	2.30816	1.3E-01	-0.0325136	0.0189514	2.9434	8.6E-02	2.62039	1.1E-01
rs9266618	6	31346166	0.513027	C	A	0.0957795	0.921596	0.190648	6.6E-01	0.0053888	0.00705633	0.583211	4.5E-01	0.552203	4.6E-01
rs28890929	6	32466173	0.520296	G	T	0.767516	0.646356	7.45457	6.3E-03	0.0163191	0.00583319	7.82671	5.1E-03	6.5832	1.0E-02
rs150459394	6	34185960	0.545771	A	T	0.929914	0.979787	4.01777	4.5E-02	0.0158278	0.00791668	3.99721	4.6E-02	3.90161	4.8E-02
rs6901866	6	43260660	0.66972	T	C	0.706104	0.996521	0.0998995	7.5E-01	0.00110542	0.00440249	0.0630463	8.0E-01	0.0640984	8.0E-01
rs9381248	6	43734606	0.675407	C	T	0.878168	0.993046	0.781681	3.8E-01	-0.0043464	0.00615165	0.499203	4.8E-01	0.278296	6.0E-01
rs9395885	6	53745477	0.782866	C	T	0.917223	0.99848	0.657575	4.2E-01	0.00555712	0.00727215	0.583949	4.4E-01	0.189962	6.6E-01
rs2505949	6	80804414	0.920772	A	G	0.620204	0.988477	0.113766	7.4E-01	-0.00184938	0.00414857	0.198726	6.6E-01	0.3294	5.7E-01
rs2496690	6	81346504	0.922438	A	G	0.376754	0.992012	0.241807	6.2E-01	0.000741556	0.00416314	0.0317282	8.6E-01	0.023959	8.8E-01
rs1322863	6	85720325	0.951167	G	A	0.936492	0.998184	9.65147	1.9E-03	-0.0271179	0.00821681	10.8919	9.7E-04	11.2338	8.0E-04
rs17448885	6	97385975	1.0576	C	G	0.658737	0.996471	0.456543	5.0E-01	0.00277169	0.0042396	0.427403	5.1E-01	0.315347	5.7E-01
rs17297752	6	97915394	1.05968	C	A	0.730989	0.998619	1.10618	2.9E-01	0.00356227	0.00452376	0.620091	4.3E-01	0.229181	6.3E-01
rs9401452	6	98452680	1.0624	T	C	0.606196	0.998799	6.64415	9.9E-03	-0.0114667	0.00410423	7.80575	5.2E-03	6.81433	9.0E-03
rs2256268	6	100599389	1.08112	C	T	0.828914	0.990083	4.22751	4.0E-02	-0.0109281	0.00535227	4.16881	4.1E-02	5.22261	2.2E-02
rs12206094	6	108906200	1.17855	C	T	0.71927	0.997161	1.79555	1.8E-01	0.00628546	0.00447238	1.97514	1.6E-01	1.05202	3.1E-01
rs4946445	6	120157197	1.26007	A	G	0.767913	0.994369	0.0983478	7.5E-01	0.00254852	0.00476062	0.286583	5.9E-01	0.403956	5.3E-01
rs9375417	6	126248374	1.3252	T	C	0.495328	0.999041	0.415314	5.2E-01	0.00368476	0.00400487	0.846527	3.6E-01	0.692601	4.1E-01
rs62437220	6	127353873	1.32766	T	A	0.953312	0.986017	0.00768429	9.3E-01	-0.0021606	0.00955725	0.0511073	8.2E-01	0.00123549	9.7E-01
rs590015	6	139824992	1.50297	G	A	0.500538	0.993146	2.64683	1.0E-01	-0.00642799	0.00400862	2.57134	1.1E-01	2.1473	1.4E-01
rs7453812	6	153405199	1.66319	T	G	0.0494718	0.995743	2.20805	1.4E-01	0.0134902	0.00927657	2.11478	1.5E-01	1.94377	1.6E-01
rs998075	6	160468278	1.77084	A	G	0.533909	0.994008	43.1938	5.0E-11	0.0263017	0.00403027	42.5891	6.8E-11	44.5006	2.5E-11
rs622217	6	160766770	1.77463	T	C	0.517483	0.993572	0.609167	4.4E-01	0.00224247	0.00402515	0.310376	5.8E-01	0.212079	6.5E-01
rs13226702	7	1019249	0.0110566	G	A	0.799961	0.99343	59.4718	1.2E-14	0.0396193	0.00502127	62.2567	3.0E-15	65.022	7.4E-16
rs6955431	7	20444060	0.358689	T	C	0.69178	0.986954	0.101938	7.5E-01	0.00314401	0.00436865	0.517934	4.7E-01	1.99381	1.6E-01
rs960589	7	25823647	0.43812	A	C	0.837373	0.976235	0.241693	6.2E-01	-0.00259969	0.00549024	0.224212	6.4E-01	0.0800176	7.8E-01
rs12671127	7	26309246	0.44373	C	T	0.632826	0.988487	0.0612077	8.0E-01	-0.000548354	0.00417	0.0172922	9.0E-01	0.076722	7.8E-01
rs2189239	7	27237453	0.453427	C	T	0.917946	0.977954	0.434736	5.1E-01	-0.00298861	0.00739169	0.163474	6.9E-01	0.208321	6.5E-01
rs2072183	7	44579180	0.698676	G	C	0.777481	1	31.8273	1.7E-08	-0.0272851	0.00481547	32.105	1.5E-08	33.3459	7.7E-09
rs2715135	7	50750128	0.768412	T	G	0.360162	0.995982	0.00754831	9.3E-01	0.000653393	0.00417947	0.0244402	8.8E-01	3.99329e-05	9.9E-01
rs78702390	7	68618770	0.862671	G	C	0.940064	0.983166	0.106458	7.4E-01	0.00364363	0.00852288	0.182767	6.7E-01	0.290397	5.9E-01
rs1178979	7	72856430	0.899612	T	C	0.80296	1	12.0715	5.1E-04	-0.0178911	0.00503718	12.6153	3.8E-04	14.1711	1.7E-04
rs12669521	7	77047102	0.934164	A	G	0.661642	0.98421	0.0813977	7.8E-01	-0.000472265	0.00427059	0.0122291	9.1E-01	0.0623978	8.0E-01
rs917154	7	99020806	1.15524	A	G	0.844107	0.995198	2.29115	1.3E-01	-0.00850843	0.00554096	2.35792	1.2E-01	1.57771	2.1E-01
rs2470937	7	104579775	1.19833	T	A	0.548378	0.996384	0.0931366	7.6E-01	-0.000916728	0.00402938	0.0517613	8.2E-01	0.001098	9.7E-01
rs13226446	7	116888161	1.32093	A	G	0.945828	1	0.297297	5.9E-01	-0.0049654	0.00886668	0.313607	5.8E-01	0.196466	6.6E-01
rs17168896	7	136712058	1.48048	G	A	0.852027	0.988117	0.0127744	9.1E-01	0.000207232	0.00567822	0.00133195	9.7E-01	0.0024354	9.6E-01
rs9969455	8	12617155	0.332045	A	G	0.621264	0.941422	0.0780459	7.8E-01	0.00142378	0.00426369	0.11151	7.4E-01	0.10767	7.4E-01
rs13702	8	19824492	0.472663	T	C	0.712147	1	0.993597	3.2E-01	0.00476451	0.00443274	1.1553	2.8E-01	2.15782	1.4E-01
rs13249197	8	23578404	0.545604	G	T	0.772981	0.994555	0.206426	6.5E-01	-0.00347653	0.00479937	0.524715	4.7E-01	0.662585	4.2E-01
rs11992444	8	25464690	0.565812	G	T	0.489889	1	10.1931	1.4E-03	-0.0121538	0.00400648	9.20228	2.4E-03	8.75435	3.1E-03
rs13281474	8	25664334	0.57113	G	T	0.713885	0.989301	0.000936599	9.8E-01	-0.000243654	0.00445849	0.00298654	9.6E-01	0.0920245	7.6E-01
rs1485741	8	25919020	0.575565	C	T	0.885806	0.988895	0.000241174	9.9E-01	-0.00115691	0.00633894	0.0333095	8.6E-01	0.0959615	7.6E-01
rs7815496	8	38321607	0.69461	C	T	0.597702	0.996532	4.56029	3.3E-02	-0.00830969	0.00408193	4.14418	4.2E-02	3.88927	4.9E-02
rs55704109	8	59323247	0.819013	G	A	0.506918	0.919152	32.5169	1.2E-08	0.0223022	0.00418219	28.4374	9.7E-08	32.5051	1.2E-08
rs7841468	8	68195769	0.884684	T	C	0.715739	0.999146	0.532995	4.7E-01	-0.00378163	0.00444246	0.724623	3.9E-01	0.515147	4.7E-01
rs146492163	8	72386394	0.950025	G	T	0.969192	0.960969	1.18744	2.8E-01	-0.0154342	0.0118443	1.69804	1.9E-01	1.63877	2.0E-01
rs16937731	8	72531891	0.950652	C	T	0.969553	0.996682	0.237162	6.3E-01	0.00633486	0.0116725	0.294542	5.9E-01	0.129131	7.2E-01
rs7824350	8	73452488	0.974093	A	G	0.403692	0.994411	0.0358105	8.5E-01	0.000961597	0.00410091	0.0549825	8.1E-01	0.0906625	7.6E-01
rs144435165	8	126419938	1.45107	G	C	0.945037	0.785853	2.22943	1.4E-01	-0.0168473	0.00990483	2.89313	8.9E-02	3.43607	6.4E-02
rs10107982	8	128318755	1.49	T	C	0.725351	0.988462	9.86112	1.7E-03	-0.0139208	0.00450772	9.53707	2.0E-03	10.2408	1.4E-03
rs4740619	9	15634326	0.341844	T	C	0.551261	0.999021	0.600626	4.4E-01	0.00250021	0.00403648	0.383659	5.4E-01	0.210618	6.5E-01
rs1412234	9	28410683	0.543029	T	C	0.672099	0.991293	5.60645	1.8E-02	0.00944409	0.00428061	4.86752	2.7E-02	3.77806	5.2E-02
rs1680490	9	29642688	0.558374	A	G	0.642012	0.991873	1.45017	2.3E-01	-0.0052176	0.00419775	1.54493	2.1E-01	2.62067	1.1E-01
rs12001634	9	94186527	1.11918	T	A	0.660665	0.996234	0.783462	3.8E-01	0.00249292	0.00424541	0.344808	5.6E-01	0.36473	5.5E-01
rs2131919	9	95283887	1.12689	A	G	0.836098	0.999136	0.239814	6.2E-01	0.00162857	0.00541661	0.0903982	7.6E-01	0.28399	5.9E-01
rs7873003	9	96392945	1.13399	T	C	0.321009	0.990354	2.59395	1.1E-01	0.00757926	0.00431818	3.08072	7.9E-02	3.52813	6.0E-02
rs56285369	9	96712312	1.1418	C	T	0.693118	0.995095	1.26529	2.6E-01	0.0053496	0.004362	1.50408	2.2E-01	2.04047	1.5E-01
rs12686004	9	107653426	1.24316	G	A	0.885408	1	14.7296	1.2E-04	0.0237647	0.00628858	14.281	1.6E-04	14.3415	1.5E-04
rs10991414	9	107685589	1.24582	T	C	0.860554	0.989408	0.014194	9.1E-01	0.00114853	0.00581897	0.0389579	8.4E-01	0.000905057	9.8E-01
rs73519946	9	107868862	1.24912	A	T	0.958271	0.989128	0.00399446	9.5E-01	0.000966655	0.0100963	0.00916679	9.2E-01	0.00107684	9.7E-01
rs72607161	9	111792640	1.3053	T	C	0.706082	0.997033	0.489119	4.8E-01	0.00239745	0.00440968	0.295587	5.9E-01	0.217986	6.4E-01
rs2799465	9	126544609	1.50625	T	C	0.864225	0.996021	0.992586	3.2E-01	0.00735263	0.00585544	1.57676	2.1E-01	0.970539	3.2E-01
rs4382592	9	134870755	1.63189	T	G	0.300732	0.996468	1.89767	1.7E-01	0.00524544	0.00438584	1.4304	2.3E-01	1.27114	2.6E-01
rs28647893	9	136994893	1.69152	C	T	0.505629	0.998355	1.64681	2.0E-01	0.00477082	0.00401296	1.41337	2.3E-01	1.6102	2.0E-01
rs12774134	10	4963327	0.105411	C	T	0.88526	1	0.00543655	9.4E-01	-0.00158778	0.00628432	0.0638356	8.0E-01	0.0398541	8.4E-01
rs7923552	10	21687123	0.466325	G	A	0.555867	0.968501	1.85804	1.7E-01	0.00534982	0.00411001	1.69431	1.9E-01	2.84433	9.2E-02
rs2808104	10	32112728	0.602723	C	T	0.785657	0.99976	0.0174466	8.9E-01	0.0011842	0.00488273	0.0588199	8.1E-01	0.0056036	9.4E-01
rs145952040	10	33461248	0.609107	T	C	0.959765	0.938566	0.114288	7.4E-01	-0.00206126	0.0105283	0.0383312	8.4E-01	0.149682	7.0E-01
rs10827252	10	33672884	0.612425	A	G	0.492282	0.997479	0.0895727	7.6E-01	0.0020398	0.00401748	0.25779	6.1E-01	0.136338	7.1E-01
rs743104	10	34162510	0.623368	C	T	0.851826	0.987738	0.0395338	8.4E-01	-0.0021245	0.00567097	0.140346	7.1E-01	0.0496738	8.2E-01
rs7070670	10	61842645	0.8423	C	T	0.672129	0.984388	0.826423	3.6E-01	-0.00370045	0.00428868	0.744494	3.9E-01	1.36149	2.4E-01
rs7919055	10	63808475	0.859585	T	C	0.967188	0.982852	0.00630597	9.4E-01	-0.00247809	0.0113599	0.0475872	8.3E-01	0.0606331	8.1E-01
rs2036791	10	64834352	0.870392	A	T	0.599639	0.999771	0.334	5.6E-01	-0.00328206	0.00409429	0.642594	4.2E-01	0.548234	4.6E-01
rs780157	10	80904701	1.06507	A	C	0.474862	0.956984	0.00143016	9.7E-01	0.000565808	0.00409591	0.0190826	8.9E-01	0.0171485	9.0E-01
rs3814614	10	88128281	1.14764	A	G	0.494534	0.997451	0.118474	7.3E-01	-0.000750648	0.00401848	0.0348939	8.5E-01	0.0303576	8.6E-01
rs117471638	10	93158084	1.20378	G	A	0.979357	1	0.377173	5.4E-01	0.00548554	0.0141097	0.151149	7.0E-01	0.363374	5.5E-01
rs1776209	10	93810872	1.20851	A	G	0.708687	0.988042	6.84477	8.9E-03	-0.011451	0.00442848	6.6862	9.7E-03	7.02058	8.1E-03
rs71486238	10	115851703	1.41669	T	A	0.784322	0.994861	0.57789	4.5E-01	0.00369404	0.00488662	0.57146	4.5E-01	0.578423	4.5E-01
rs4751824	10	122833913	1.52693	G	A	0.911449	0.998329	2.13631	1.4E-01	0.00989996	0.00706711	1.96238	1.6E-01	1.3709	2.4E-01
rs61876729	11	778857	0.0107507	A	G	0.906207	0.981631	0.0488938	8.2E-01	-0.00154471	0.00693195	0.0496573	8.2E-01	0.00442895	9.5E-01
rs12790154	11	8405148	0.189404	G	A	0.803138	0.997888	1.22356	2.7E-01	-0.00651424	0.00504206	1.66921	2.0E-01	1.14551	2.8E-01
rs1128559	11	8637191	0.189966	G	C	0.17507	0.998605	0.148608	7.0E-01	0.00139694	0.00527795	0.0700522	7.9E-01	0.0706525	7.9E-01
rs2403265	11	10065246	0.198625	T	C	0.502995	0.996805	9.39368	2.2E-03	0.0120649	0.00401596	9.0254	2.7E-03	10.7048	1.1E-03
rs11030003	11	27455582	0.463971	C	T	0.312992	0.984085	0.32741	5.7E-01	-0.00159723	0.00435089	0.134765	7.1E-01	0.00879348	9.3E-01
rs605765	11	30217503	0.478898	C	T	0.390281	0.991456	0.366636	5.4E-01	0.00233723	0.00411953	0.32189	5.7E-01	0.0208203	8.9E-01
rs2679059	11	43599791	0.621966	A	T	0.4028	0.990165	4.55156	3.3E-02	-0.00823045	0.00411008	4.01001	4.5E-02	3.02985	8.2E-02
rs7950696	11	47481533	0.66531	T	C	0.554089	0.999458	3.25209	7.1E-02	-0.00682477	0.00403212	2.8649	9.1E-02	4.27126	3.9E-02
rs149804	11	61538606	0.703939	A	G	0.600029	0.960379	42.0955	8.7E-11	-0.0269571	0.00417358	41.7185	1.1E-10	43.0054	5.5E-11
rs12789028	11	65326154	0.738086	G	A	0.802639	0.99704	3.9619	4.7E-02	0.0101089	0.00505059	4.00612	4.5E-02	3.92231	4.8E-02
rs11227413	11	65883696	0.740756	G	A	0.813675	0.996399	0.241392	6.2E-01	-0.00304085	0.00515737	0.347642	5.6E-01	0.430447	5.1E-01
rs11234305	11	84854732	0.937563	T	C	0.795827	0.988191	0.00470894	9.5E-01	0.000713644	0.00499925	0.0203776	8.9E-01	0.151042	7.0E-01
rs3018970	11	102942989	1.11538	A	C	0.732698	0.991722	0.345234	5.6E-01	-0.00235912	0.0045502	0.268806	6.0E-01	0.349488	5.5E-01
rs568038	11	111432161	1.18722	G	T	0.292879	0.997478	0.0855762	7.7E-01	-0.00109509	0.00440863	0.0617012	8.0E-01	0.0546452	8.2E-01
rs10502172	11	113199146	1.20415	C	T	0.518835	1	2.13814	1.4E-01	-0.00394539	0.00400423	0.970825	3.2E-01	0.536046	4.6E-01
rs11216183	11	116781545	1.26169	C	A	0.9078	0.998852	4.51411	3.4E-02	0.0134832	0.00694873	3.76507	5.2E-02	3.17709	7.5E-02
rs564649	11	122012238	1.35174	G	C	0.280863	0.994823	1.35302	2.4E-01	-0.00374406	0.0044749	0.700035	4.0E-01	0.493876	4.8E-01
rs747249	11	130271647	1.49781	A	G	0.360417	0.986641	3.94124	4.7E-02	-0.0088749	0.00420496	4.45454	3.5E-02	4.38727	3.6E-02
rs6590683	11	133110361	1.57589	T	C	0.498199	0.978325	0.0021823	9.6E-01	0.000468714	0.00405165	0.013383	9.1E-01	0.042594	8.4E-01
rs11611246	12	939480	0.0208836	G	T	0.789679	0.996657	2.44289	1.2E-01	0.00706926	0.00491838	2.06587	1.5E-01	2.50868	1.1E-01
rs34322	12	12879570	0.279977	T	C	0.477211	1	0.376388	5.4E-01	-0.00201732	0.00401094	0.252964	6.1E-01	0.601213	4.4E-01
rs10771260	12	26253557	0.45721	A	C	0.609092	0.995844	0.580555	4.5E-01	0.0026653	0.00411503	0.419515	5.2E-01	0.249261	6.2E-01
rs10844645	12	33737099	0.546138	C	T	0.612236	0.998433	0.67401	4.1E-01	0.00194126	0.00411392	0.222668	6.4E-01	0.231983	6.3E-01
rs2733269	12	41866717	0.562712	A	G	0.44747	1	0.0132456	9.1E-01	0.000535094	0.0040309	0.017622	8.9E-01	0.0298327	8.6E-01
rs11169170	12	50223013	0.630263	C	T	0.528796	0.996913	0.043804	8.3E-01	0.00110972	0.00402547	0.0759966	7.8E-01	0.616245	4.3E-01
rs3847783	12	54320692	0.682622	C	T	0.318019	0.99235	0.292611	5.9E-01	-0.00245884	0.00430562	0.326127	5.7E-01	0.241029	6.2E-01
rs894738	12	54417525	0.685339	G	A	0.639703	0.990228	0.859878	3.5E-01	-0.00400076	0.00419088	0.911329	3.4E-01	1.38661	2.4E-01
rs7961915	12	66425288	0.795219	A	G	0.213612	0.943584	0.104823	7.5E-01	-0.00166233	0.00503188	0.109138	7.4E-01	0.158154	6.9E-01
rs704067	12	89726027	1.03172	G	A	0.54643	0.989595	0.632031	4.3E-01	0.00288282	0.00404642	0.507567	4.8E-01	0.435343	5.1E-01
rs7311622	12	98772975	1.15518	C	T	0.532837	0.989082	1.22496	2.7E-01	-0.00388749	0.00402524	0.932728	3.3E-01	0.936205	3.3E-01
rs10778609	12	108545985	1.27639	A	C	0.742853	1	1.04978	3.1E-01	-0.00397241	0.00458677	0.750056	3.9E-01	1.22535	2.7E-01
rs12824150	12	121220031	1.45342	G	C	0.610281	0.992648	18.3552	1.8E-05	-0.0175444	0.00412135	18.1216	2.1E-05	18.3341	1.9E-05
rs4759364	12	123162786	1.46972	C	T	0.820074	1	3.08577	7.9E-02	-0.008556	0.00522343	2.68306	1.0E-01	3.07344	8.0E-02
rs1928496	13	31012904	0.263323	C	T	0.256087	1	1.47298	2.2E-01	-0.00545246	0.00459364	1.40887	2.4E-01	1.83809	1.8E-01
rs2475837	13	50535863	0.537065	C	T	0.887658	0.999102	1.07723	3.0E-01	-0.00747641	0.0063572	1.3831	2.4E-01	2.10216	1.5E-01
rs77871802	13	50844016	0.538491	A	G	0.965631	0.994358	0.238751	6.3E-01	-0.00601808	0.0110551	0.296343	5.9E-01	0.555372	4.6E-01
rs1379828	13	54396602	0.569676	C	T	0.20343	0.995912	0.271879	6.0E-01	-0.00212944	0.00498604	0.182398	6.7E-01	0.262679	6.1E-01
rs1441264	13	79580919	0.787841	G	A	0.405243	0.956515	6.42516	1.1E-02	0.0108741	0.00417146	6.79534	9.1E-03	7.01637	8.1E-03
rs1160709	13	93884256	0.892481	T	C	0.486099	0.998245	0.106432	7.4E-01	0.000742489	0.00401297	0.0342332	8.5E-01	0.0211867	8.8E-01
rs664532	13	110932363	1.2151	T	C	0.427688	0.989961	2.10648	1.5E-01	0.00620033	0.00406553	2.32592	1.3E-01	3.3188	6.8E-02
rs10132280	14	25928179	0.161964	C	A	0.696858	0.989051	0.509276	4.8E-01	-0.00251594	0.00437903	0.330099	5.7E-01	0.57569	4.5E-01
rs61986159	14	53956168	0.473642	C	T	0.766548	0.998967	0.0727886	7.9E-01	-0.00115074	0.00474817	0.0587358	8.1E-01	0.00603482	9.4E-01
rs8012185	14	58668484	0.537795	A	G	0.723205	0.991197	0.0067295	9.3E-01	0.000157973	0.00449157	0.001237	9.7E-01	0.019835	8.9E-01
rs2412107	14	65426216	0.591307	G	T	0.78162	0.991281	1.83042	1.8E-01	0.00545265	0.00486547	1.25593	2.6E-01	2.10581	1.5E-01
rs2526886	14	71359064	0.651527	G	T	0.308449	0.995503	0.783909	3.8E-01	-0.00501628	0.00435099	1.32919	2.5E-01	1.10378	2.9E-01
rs10146690	14	79890456	0.747911	G	A	0.782491	0.98828	3.99544	4.6E-02	0.00911941	0.00489489	3.47095	6.2E-02	3.0967	7.8E-02
rs7492628	14	91547136	0.882221	C	G	0.683687	0.983193	0.917801	3.4E-01	0.00417462	0.0043374	0.926348	3.4E-01	0.653531	4.2E-01
rs7156191	14	103297847	1.11649	G	C	0.829016	0.996202	0.631828	4.3E-01	-0.00303957	0.00533094	0.325101	5.7E-01	0.556332	4.6E-01
rs12441543	15	31689543	0.452834	G	A	0.71304	0.9962	0.166247	6.8E-01	0.00152089	0.00443086	0.11782	7.3E-01	0.00912219	9.2E-01
rs12437696	15	40878474	0.62928	A	G	0.514543	0.998802	6.84367	8.9E-03	-0.00936363	0.0040123	5.44631	2.0E-02	6.47269	1.1E-02
rs11631408	15	51746236	0.710161	A	G	0.457077	0.996425	5.63338	1.8E-02	0.00900889	0.00403779	4.97801	2.6E-02	5.88099	1.5E-02
rs10851523	15	53044002	0.71725	G	C	0.717759	0.993516	1.92316	1.7E-01	-0.00676736	0.00445511	2.30739	1.3E-01	2.30364	1.3E-01
rs16976760	15	56394169	0.756417	T	G	0.78704	0.997183	0.0907134	7.6E-01	-0.00186409	0.00490039	0.144702	7.0E-01	0.323282	5.7E-01
rs12594923	15	66991665	0.901837	T	C	0.756035	0.995986	1.6811	1.9E-01	-0.00534257	0.00467829	1.30414	2.5E-01	1.66904	2.0E-01
rs12439210	15	67822172	0.914262	C	A	0.767285	0.997294	0.729296	3.9E-01	0.00461454	0.00473712	0.948917	3.3E-01	0.717311	4.0E-01
rs8030477	15	73085815	0.987571	C	T	0.332616	0.996571	0.0415887	8.4E-01	0.000682558	0.00426669	0.0255916	8.7E-01	0.00978975	9.2E-01
rs10851869	15	74331083	0.996085	T	C	0.570474	0.998308	2.71857	9.9E-02	0.00753	0.00404879	3.45891	6.3E-02	3.37243	6.6E-02
rs11072938	15	81021661	1.05811	C	T	0.730551	0.99862	0.611697	4.3E-01	-0.00388056	0.00450953	0.740502	3.9E-01	0.870087	3.5E-01
rs66615128	15	92561941	1.21822	G	C	0.785237	0.999315	0.281117	6.0E-01	-0.0014718	0.00487219	0.0912535	7.6E-01	0.000890741	9.8E-01
rs13335638	16	2136624	0.0436172	T	C	0.8263	0.992856	0.501037	4.8E-01	0.00347652	0.00531645	0.427607	5.1E-01	0.840477	3.6E-01
rs35108574	16	4370706	0.08231	A	G	0.886062	0.980242	0.582278	4.5E-01	-0.00412272	0.00636187	0.419951	5.2E-01	0.63296	4.3E-01
rs4787649	16	24700215	0.465896	C	T	0.246065	0.995971	2.23812	1.3E-01	0.00667673	0.00466261	2.05054	1.5E-01	1.64266	2.0E-01
rs2650494	16	28318440	0.541911	A	G	0.582495	0.992404	0.819927	3.7E-01	0.00397721	0.0040721	0.953938	3.3E-01	1.14905	2.8E-01
rs34286592	16	29820480	0.551885	C	T	0.853439	1	0.668938	4.1E-01	0.00431713	0.00566502	0.580748	4.5E-01	0.540715	4.6E-01
rs79867441	16	29950820	0.553171	C	T	0.932238	0.992347	3.93071	4.7E-02	0.0148558	0.00799767	3.45036	6.3E-02	3.54687	6.0E-02
rs2047937	16	49864791	0.582147	C	T	0.485483	0.999762	1.65558	2.0E-01	-0.00519734	0.00401583	1.67499	2.0E-01	1.11273	2.9E-01
rs11075986	16	53805344	0.645995	C	G	0.919939	0.995968	0.875787	3.5E-01	-0.00832514	0.00738793	1.26981	2.6E-01	0.944837	3.3E-01
rs9938160	16	56984590	0.729847	T	C	0.693854	0.921023	42.0958	8.7E-11	0.0297128	0.00452704	43.0782	5.3E-11	44.1523	3.0E-11
rs4783718	16	69547741	0.858329	T	C	0.409964	0.963133	0.0601599	8.1E-01	-0.00100927	0.00415193	0.0590895	8.1E-01	0.00345043	9.5E-01
rs2927331	16	81509452	1.04551	T	C	0.346879	0.987048	0.472732	4.9E-01	-0.00291278	0.00424013	0.471907	4.9E-01	0.492114	4.8E-01
rs10492861	16	82866767	1.0911	G	T	0.714227	0.98872	2.37205	1.2E-01	0.00742866	0.0044617	2.77216	9.6E-02	3.4912	6.2E-02
rs2760744	17	2017029	0.0688816	T	C	0.706093	0.999866	2.74799	9.7E-02	0.00697636	0.00439338	2.52151	1.1E-01	2.04707	1.5E-01
rs6502766	17	3902163	0.111799	C	T	0.805288	0.994964	1.20402	2.7E-01	-0.00445213	0.00506459	0.772764	3.8E-01	0.44661	5.0E-01
rs1269402	17	17361137	0.443379	T	C	0.264169	0.990324	4.05449	4.4E-02	-0.00900103	0.00455538	3.90423	4.8E-02	4.45095	3.5E-02
rs7217403	17	21160085	0.471144	C	T	0.33386	0.984489	0.445615	5.0E-01	-0.00292893	0.00427973	0.468366	4.9E-01	0.678272	4.1E-01
rs4796221	17	34831963	0.595053	G	A	0.521542	1	1.57068	2.1E-01	0.00418604	0.00400958	1.08996	3.0E-01	0.729932	3.9E-01
rs72820902	17	40441048	0.664334	C	T	0.920059	0.98229	3.26152	7.1E-02	-0.0151759	0.00745723	4.14145	4.2E-02	2.48404	1.2E-01
rs56214516	17	43836953	0.688645	A	C	0.804476	0.982696	0.0132901	9.1E-01	0.00127365	0.00509972	0.062375	8.0E-01	0.0804071	7.8E-01
rs9892365	17	59491384	0.871045	A	G	0.329894	0.996856	0.150578	7.0E-01	0.00168984	0.00427054	0.156576	6.9E-01	0.212684	6.4E-01
rs7215551	17	61664740	0.886997	G	A	0.35741	0.990187	0.0406154	8.4E-01	0.00130655	0.00421415	0.0961242	7.6E-01	0.107013	7.4E-01
rs3936134	17	65814382	0.947689	C	G	0.887489	1	1.67177	2.0E-01	-0.00777442	0.0063389	1.50421	2.2E-01	3.27047	7.1E-02
rs236544	17	68229691	0.981625	G	A	0.579444	0.996753	0.000987351	9.7E-01	-0.00021329	0.0040662	0.00275147	9.6E-01	0.00588053	9.4E-01
rs11869880	17	73198131	1.09799	T	C	0.785317	0.995073	4.47482	3.4E-02	-0.00961396	0.00488423	3.87447	4.9E-02	3.36997	6.6E-02
rs3810068	18	2846499	0.0738566	T	C	0.595835	1	8.94564	2.8E-03	0.0109125	0.00407568	7.16883	7.4E-03	7.96069	4.8E-03
rs1787013	18	13072979	0.384745	T	C	0.550563	0.99954	1.25292	2.6E-01	-0.00412595	0.00402647	1.05002	3.1E-01	1.03746	3.1E-01
rs4310973	18	20707622	0.429126	A	G	0.212403	0.987885	0.049954	8.2E-01	0.00148542	0.00494611	0.0901923	7.6E-01	0.0369593	8.5E-01
rs505601	18	34280131	0.564322	G	A	0.81101	0.990705	0.970537	3.2E-01	-0.00569376	0.00513521	1.22937	2.7E-01	0.967267	3.3E-01
rs4890429	18	40697481	0.611694	T	C	0.73765	0.995191	2.75407	9.7E-02	0.0077585	0.0045721	2.87954	9.0E-02	3.29286	7.0E-02
rs74475730	18	46578171	0.687072	C	T	0.959907	0.993206	0.0265819	8.7E-01	-0.000567309	0.010244	0.00306691	9.6E-01	0.0128554	9.1E-01
rs80204526	18	47066144	0.688344	C	A	0.988962	0.972466	57.9558	2.7E-14	-0.151511	0.0194159	60.8935	6.0E-15	59.7213	1.1E-14
rs2187176	18	57679365	0.819838	A	G	0.308898	0.982596	0.020195	8.9E-01	-0.000120835	0.00438756	0.000758468	9.8E-01	0.354663	5.5E-01
rs8097783	18	58051294	0.823036	G	A	0.926154	1	0.888283	3.5E-01	-0.00600918	0.00767661	0.61276	4.3E-01	0.736082	3.9E-01
rs12979965	19	2131148	0.0753026	A	G	0.499421	0.991113	0.193195	6.6E-01	0.00253904	0.00402379	0.39817	5.3E-01	0.445515	5.0E-01
rs10427132	19	17207156	0.420801	T	G	0.713001	0.998935	6.08657	1.4E-02	0.00936653	0.00441408	4.50274	3.4E-02	5.24211	2.2E-02
rs91710	19	18141123	0.446267	G	A	0.566796	0.974059	1.09344	3.0E-01	0.00380169	0.00409241	0.862971	3.5E-01	0.68159	4.1E-01
rs10403273	19	19372968	0.4621	C	G	0.837623	0.998891	4.40121	3.6E-02	-0.0115353	0.00542948	4.51381	3.4E-02	4.03214	4.5E-02
rs12461902	19	30265235	0.512848	G	A	0.671201	0.985963	0.346705	5.6E-01	-0.00231443	0.00429213	0.290764	5.9E-01	0.423403	5.2E-01
rs73024215	19	33784657	0.561399	T	C	0.929713	0.961977	1.92755	1.7E-01	-0.0116039	0.00798792	2.11029	1.5E-01	1.74538	1.9E-01
rs77793940	19	34003177	0.562809	T	C	0.916647	0.969314	2.41439	1.2E-01	-0.0117649	0.00735861	2.55615	1.1E-01	1.47599	2.2E-01
rs62115552	19	44610355	0.688364	A	G	0.959945	1	57.7453	3.0E-14	0.0791476	0.0104206	57.6888	3.1E-14	59.5973	1.2E-14
rs73048351	19	45160086	0.697689	C	A	0.989801	0.91554	60.6683	6.8E-15	0.16938	0.0208553	65.961	4.6E-16	68.0567	1.6E-16
rs62120576	19	45216443	0.699708	A	C	0.906876	0.984781	52.6029	4.1E-13	0.0508278	0.00693283	53.7502	2.3E-13	56.8792	4.6E-14
rs139326841	19	45269725	0.701551	T	C	0.978975	0.821408	32.3698	1.3E-08	-0.0871338	0.015366	32.1552	1.4E-08	36.7832	1.3E-09
rs3745150	19	45385759	0.706836	G	C	0.606976	0.977556	126.663	2.2E-29	-0.0467463	0.00414624	127.112	1.8E-29	133.724	6.3E-31
rs141651018	19	46042665	0.717068	C	T	0.969906	0.964852	50.2382	1.4E-12	0.0862544	0.0119099	52.4502	4.4E-13	52.6993	3.9E-13
rs805769	20	5667459	0.191037	T	C	0.595692	0.99253	0.323202	5.7E-01	0.00271396	0.00410059	0.438041	5.1E-01	0.102462	7.5E-01
rs1884897	20	6612832	0.214572	A	G	0.371346	0.993838	0.130503	7.2E-01	-0.00111026	0.00418216	0.0704775	7.9E-01	2.43046e-05	1.0E+00
rs7453	20	25207074	0.516203	T	C	0.547962	0.998658	3.04259	8.1E-02	-0.0066468	0.00402841	2.72243	9.9E-02	4.02252	4.5E-02
rs2207132	20	39142516	0.589709	G	A	0.966875	1	61.7522	3.9E-15	-0.0855941	0.0112073	58.3291	2.2E-14	62.8925	2.2E-15
rs1997833	20	39690342	0.597551	T	C	0.699628	0.998963	11.721	6.2E-04	-0.0155662	0.00436384	12.7241	3.6E-04	13.4816	2.4E-04
rs79833227	20	44446643	0.670547	C	A	0.818975	0.99598	59.198	1.4E-14	0.0403156	0.00520739	59.9386	9.8E-15	67.5929	2.0E-16
rs6064557	20	56115153	0.9034	G	A	0.442948	0.999541	1.33193	2.5E-01	0.0047049	0.0040163	1.3723	2.4E-01	1.97953	1.6E-01
rs28451064	21	35593827	0.362865	G	A	0.868938	0.957975	5.24445	2.2E-02	0.0145442	0.00607319	5.73519	1.7E-02	5.48755	1.9E-02
rs2836139	21	39451403	0.432375	A	G	0.517161	0.9942	0.412854	5.2E-01	0.00299743	0.00403694	0.551308	4.6E-01	0.997324	3.2E-01
rs849453	22	27566619	0.305237	C	G	0.190181	0.996731	0.594267	4.4E-01	-0.00441673	0.00511629	0.74523	3.9E-01	0.725298	3.9E-01
rs9625551	22	29140529	0.338663	G	A	0.979024	0.995212	0.606469	4.4E-01	0.01369	0.0140284	0.952334	3.3E-01	0.729186	3.9E-01
rs2413338	22	35663523	0.409716	C	T	0.369137	0.988961	0.815502	3.7E-01	0.00371512	0.00417092	0.793383	3.7E-01	0.696483	4.0E-01
rs801597	22	47190735	0.614737	T	G	0.275448	0.998113	0.513431	4.7E-01	-0.00403732	0.00448464	0.810458	3.7E-01	0.528998	4.7E-01
