SNP	CHR	BP	GENPOS	ALLELE1	ALLELE0	A1FREQ	INFO	CHISQ_LINREG	P_LINREG	BETA	SE	CHISQ_BOLT_LMM_INF	P_BOLT_LMM_INF	CHISQ_BOLT_LMM	P_BOLT_LMM
rs1294014	1	9325676	0.18921	C	T	0.732088	0.974098	6.69403	9.7E-03	0.0138152	0.00639889	4.66126	3.1E-02	5.35788	2.1E-02
rs10753554	1	23619009	0.461644	T	C	0.260317	0.989627	3.54755	6.0E-02	-0.010603	0.00639274	2.75097	9.7E-02	2.72704	9.9E-02
rs114165349	1	27021913	0.501665	G	C	0.976643	0.985643	30.2323	3.8E-08	0.103604	0.0185874	31.0679	2.5E-08	32.1994	1.4E-08
rs67916282	1	39602755	0.669771	T	A	0.785035	0.997025	28.6943	8.5E-08	0.0376272	0.006811	30.5198	3.3E-08	33.5197	7.1E-09
rs657452	1	49589847	0.760469	A	G	0.390779	0.988645	0.743519	3.9E-01	-0.00646073	0.00572618	1.27302	2.6E-01	1.16231	2.8E-01
rs624698	1	62900811	0.92277	A	G	0.58261	0.969721	87.4837	8.5E-21	-0.0549482	0.00573727	91.7269	1.0E-21	93.9824	3.2E-22
rs9436299	1	65892888	0.967508	C	A	0.325082	0.970882	0.49986	4.8E-01	0.00658345	0.00604941	1.18435	2.8E-01	1.04965	3.1E-01
rs1526480	1	91209986	1.21385	T	C	0.625038	1	7.17725	7.4E-03	0.0154499	0.00578296	7.13756	7.5E-03	6.48977	1.1E-02
rs4375301	1	98298371	1.27828	A	G	0.767662	0.993807	6.40425	1.1E-02	0.0169761	0.00664034	6.53576	1.1E-02	8.15726	4.3E-03
rs3108680	1	107572997	1.35724	T	C	0.652386	0.999501	0.0172468	9.0E-01	-0.000972427	0.0058975	0.027188	8.7E-01	0.027513	8.7E-01
rs2076586	1	112273026	1.42823	C	T	0.753838	0.980886	4.51996	3.4E-02	-0.0142824	0.00654821	4.75728	2.9E-02	2.46637	1.2E-01
rs115499511	1	119322589	1.50902	T	C	0.963678	0.975965	1.50918	2.2E-01	-0.0177476	0.0150758	1.38586	2.4E-01	1.36906	2.4E-01
rs10494220	1	119572398	1.50995	C	T	0.872599	0.999593	2.0635	1.5E-01	0.0104966	0.00835406	1.57872	2.1E-01	1.33937	2.5E-01
rs114056923	1	154868744	1.69777	T	C	0.966966	1	0.757751	3.8E-01	-0.0133018	0.0156714	0.720454	4.0E-01	0.404434	5.2E-01
rs17345893	1	170171874	1.91645	C	T	0.933651	0.998406	0.805136	3.7E-01	0.00796241	0.0112135	0.504201	4.8E-01	0.581968	4.5E-01
rs1953096	1	170318770	1.91758	G	A	0.762782	0.999479	0.138194	7.1E-01	0.00281888	0.00658455	0.183274	6.7E-01	0.27273	6.0E-01
rs6697844	1	172308238	1.93873	C	T	0.56798	0.996349	2.05621	1.5E-01	0.00887306	0.00561825	2.49428	1.1E-01	2.90158	8.8E-02
rs633715	1	177852580	1.98813	T	C	0.789275	1	1.83136	1.8E-01	0.00676854	0.00685616	0.974604	3.2E-01	0.597323	4.4E-01
rs11807331	1	196427811	2.14315	T	C	0.684298	0.996378	8.32744	3.9E-03	-0.0173324	0.00600676	8.32597	3.9E-03	9.26734	2.3E-03
rs11240351	1	205044339	2.25371	A	G	0.594795	0.998205	1.16781	2.8E-01	0.00610664	0.00568419	1.15416	2.8E-01	1.12	2.9E-01
rs61823192	1	219294570	2.43535	C	T	0.971468	0.90297	0.0196763	8.9E-01	-0.00233028	0.0176198	0.0174909	8.9E-01	0.0760103	7.8E-01
rs77278027	1	219392230	2.43543	C	T	0.93823	0.976746	3.49651e-05	1.0E+00	0.000550277	0.0117323	0.00219987	9.6E-01	0.000101068	9.9E-01
rs6683741	1	219786717	2.43742	T	G	0.861853	0.991403	7.79891	5.2E-03	0.022132	0.00810712	7.45265	6.3E-03	8.51643	3.5E-03
rs4631704	1	230293530	2.53595	C	T	0.39136	0.985874	42.8343	6.0E-11	-0.0392075	0.00575471	46.4186	9.6E-12	48.9941	2.6E-12
rs62106252	2	408713	0.00503892	G	A	0.950832	0.955734	2.67857	1.0E-01	-0.0210191	0.0131718	2.54646	1.1E-01	2.24983	1.3E-01
rs2867105	2	601905	0.00766081	T	G	0.178655	0.986439	2.34417	1.3E-01	0.00999087	0.00733935	1.85307	1.7E-01	2.2502	1.3E-01
rs711869	2	13073967	0.297329	G	A	0.443249	0.983109	0.206738	6.5E-01	0.00126938	0.00566548	0.0502011	8.2E-01	0.0193709	8.9E-01
rs11677500	2	24846815	0.456236	A	G	0.443553	0.997596	0.111616	7.4E-01	0.00363054	0.00561613	0.417896	5.2E-01	0.59212	4.4E-01
rs7933	2	43452183	0.682402	A	G	0.634849	0.981779	1.86308	1.7E-01	0.00907563	0.005842	2.41341	1.2E-01	2.0286	1.5E-01
rs36072157	2	48953740	0.765134	G	C	0.658175	0.956087	6.00337	1.4E-02	0.0141286	0.00600763	5.53088	1.9E-02	4.93875	2.6E-02
rs6546196	2	66144496	0.916561	G	A	0.525101	0.993792	1.9549	1.6E-01	0.00852538	0.00561446	2.30575	1.3E-01	2.1531	1.4E-01
rs4316926	2	66749108	0.924328	G	A	0.396567	0.99766	0.0131595	9.1E-01	0.00354161	0.00571274	0.384336	5.4E-01	0.111615	7.4E-01
rs2170702	2	67571130	0.937008	T	C	0.545622	0.996677	2.40376	1.2E-01	-0.00916516	0.00563531	2.64512	1.0E-01	2.52234	1.1E-01
rs12712049	2	100208830	1.21955	A	G	0.176674	0.985519	6.43791	1.1E-02	-0.0181375	0.00735846	6.07548	1.4E-02	5.43092	2.0E-02
rs72946301	2	111861838	1.33125	G	A	0.903863	0.964859	2.9266	8.7E-02	-0.0164235	0.00964271	2.90091	8.9E-02	3.81996	5.1E-02
rs7593247	2	119337589	1.3956	C	T	0.503784	0.990163	0.252713	6.2E-01	0.00155513	0.00560588	0.0769566	7.8E-01	0.137314	7.1E-01
rs114666647	2	158393301	1.76187	T	C	0.987759	1	0.0351119	8.5E-01	-0.00849206	0.0254014	0.111766	7.4E-01	0.303539	5.8E-01
rs11899550	2	158451825	1.76314	C	T	0.92902	0.994523	0.452708	5.0E-01	0.00458223	0.0108677	0.177777	6.7E-01	0.143099	7.1E-01
rs62173895	2	165477903	1.81419	G	C	0.329951	0.997788	31.6862	1.8E-08	0.0331439	0.0059641	30.8828	2.7E-08	31.6077	1.9E-08
rs3769872	2	165565548	1.81514	C	T	0.941933	0.997539	3.06087	8.0E-02	-0.0232189	0.0119673	3.76439	5.2E-02	4.08694	4.3E-02
rs115283512	2	172379649	1.89769	C	T	0.817449	0.996247	0.158711	6.9E-01	-0.00264523	0.00724854	0.133176	7.2E-01	0.000646508	9.8E-01
rs62173497	2	187821910	2.04064	C	A	0.889372	0.96522	3.89616	4.8E-02	-0.0165113	0.00904218	3.3344	6.8E-02	3.93207	4.7E-02
rs1837121	2	216292331	2.28555	G	A	0.273406	0.99918	0.0326372	8.6E-01	-0.000728512	0.00626725	0.013512	9.1E-01	0.0581897	8.1E-01
rs16857748	2	218382258	2.32414	C	T	0.903272	0.999764	1.89741	1.7E-01	0.0152344	0.00945031	2.59871	1.1E-01	2.07569	1.5E-01
rs16866785	2	226899056	2.44178	A	G	0.775296	0.992487	19.9683	7.9E-06	-0.0304767	0.00671224	20.6158	5.6E-06	22.9193	1.7E-06
rs305506	3	12026709	0.296805	G	T	0.113563	0.992655	1.07746	3.0E-01	-0.00827754	0.00884157	0.876483	3.5E-01	0.944518	3.3E-01
rs114252958	3	12409938	0.29797	C	T	0.982978	0.956617	0.25296	6.1E-01	0.0109183	0.0221539	0.242888	6.2E-01	0.0160641	9.0E-01
rs13086654	3	35532275	0.595296	G	A	0.863267	0.996625	3.74926	5.3E-02	0.0143026	0.00810503	3.11399	7.8E-02	4.52823	3.3E-02
rs11926707	3	46925539	0.687568	T	C	0.379143	0.985514	16.5857	4.7E-05	0.0227608	0.00577967	15.5084	8.2E-05	17.4775	2.9E-05
rs614288	3	52220203	0.695484	T	C	0.466765	1	4.06367	4.4E-02	-0.0117302	0.00558216	4.41575	3.6E-02	3.1947	7.4E-02
rs574637171	3	57539871	0.75153	A	G	0.950898	0.704205	30.3651	3.6E-08	-0.0885543	0.0154229	32.9675	9.4E-09	31.8942	1.6E-08
rs4688498	3	64674599	0.871028	C	T	0.669682	0.985151	2.89171	8.9E-02	-0.00892677	0.00597813	2.22976	1.4E-01	2.53877	1.1E-01
rs9872683	3	123155892	1.35844	A	C	0.408022	0.993775	0.935849	3.3E-01	-0.00596891	0.00568648	1.1018	2.9E-01	1.74189	1.9E-01
rs62265318	3	128752986	1.42297	G	A	0.965093	0.926921	0.0186893	8.9E-01	-0.00665692	0.0157729	0.178125	6.7E-01	0.395867	5.3E-01
rs143418767	3	129105690	1.42548	G	A	0.980767	0.944053	0.00119091	9.7E-01	-0.00839033	0.0209349	0.160626	6.9E-01	0.341011	5.6E-01
rs112551697	3	150018637	1.64271	G	A	0.96554	0.928479	4.49563	3.4E-02	0.032138	0.0158263	4.12364	4.2E-02	5.44162	2.0E-02
rs7617389	3	156801088	1.71237	T	C	0.32586	0.969927	2.15932	1.4E-01	-0.00816395	0.00605837	1.81589	1.8E-01	3.20312	7.3E-02
rs998749	3	168972802	1.77947	A	G	0.517178	0.992407	6.88874	8.7E-03	-0.013785	0.0055934	6.07384	1.4E-02	5.59826	1.8E-02
rs1499813	3	171760427	1.8208	T	C	0.587431	1	0.38876	5.3E-01	0.00329383	0.00569343	0.334699	5.6E-01	0.830905	3.6E-01
rs11705729	3	185507299	2.01659	A	T	0.6869	0.999805	5.55432	1.8E-02	0.013648	0.00601736	5.14429	2.3E-02	5.50138	1.9E-02
rs7697256	4	848335	0.00782825	C	T	0.727433	0.999147	9.04721	2.6E-03	-0.0204978	0.00626841	10.693	1.1E-03	9.97632	1.6E-03
rs7659144	4	3098321	0.0324978	C	G	0.656231	0.995037	16.6148	4.6E-05	-0.0242938	0.00587602	17.0933	3.6E-05	16.4464	5.0E-05
rs4450871	4	4990298	0.0879764	A	G	0.554775	1	28.084	1.2E-07	-0.0296468	0.00562744	27.7546	1.4E-07	28.6515	8.7E-08
rs1912897	4	26006133	0.455942	A	T	0.79303	0.98817	12.6844	3.7E-04	0.0247808	0.00693647	12.763	3.5E-04	11.5866	6.6E-04
rs17644283	4	26308792	0.461396	A	G	0.370735	0.99507	2.51229	1.1E-01	-0.0101984	0.00580522	3.08622	7.9E-02	2.35797	1.2E-01
rs11133373	4	56215631	0.730194	C	G	0.682789	0.992346	0.259238	6.1E-01	0.00370425	0.00602927	0.37746	5.4E-01	0.0439736	8.3E-01
rs10021790	4	87772240	1.02884	T	C	0.630384	0.99281	36.2337	1.8E-09	0.0367534	0.00581709	39.9193	2.6E-10	42.7864	6.1E-11
rs3775403	4	89615174	1.04851	T	C	0.869029	0.98982	6.69819	9.7E-03	-0.0237708	0.00832544	8.15214	4.3E-03	6.96171	8.3E-03
rs17014616	4	89736565	1.04925	A	T	0.931087	0.996962	11.0543	8.8E-04	0.0351988	0.0110341	10.1762	1.4E-03	9.728	1.8E-03
rs12647922	4	106063987	1.17944	C	T	0.794569	0.998343	0.0921861	7.6E-01	0.00181737	0.00690886	0.0691951	7.9E-01	0.124871	7.2E-01
rs7655064	4	120106348	1.31331	T	C	0.875314	0.995692	0.0370394	8.5E-01	0.00108329	0.00845466	0.0164172	9.0E-01	0.00157574	9.7E-01
rs11727676	4	145659064	1.53853	T	C	0.903374	1	2.35419	1.2E-01	0.0147268	0.00946713	2.41982	1.2E-01	3.4532	6.3E-02
rs13178917	5	4007353	0.10142	C	T	0.551974	0.99437	3.6649	5.6E-02	-0.011497	0.00560698	4.20448	4.0E-02	2.28469	1.3E-01
rs3792751	5	32773314	0.512212	C	T	0.626583	0.990118	0.26886	6.0E-01	0.0028693	0.00579583	0.245087	6.2E-01	0.162818	6.9E-01
rs17457629	5	38795199	0.597633	A	T	0.728239	0.988005	0.28643	5.9E-01	-0.00382679	0.00631264	0.36749	5.4E-01	0.463865	5.0E-01
rs2448	5	53302354	0.644969	T	C	0.737842	0.999532	1.30513	2.5E-01	0.00623554	0.00636388	0.960074	3.3E-01	1.18833	2.8E-01
rs1559215	5	54867827	0.667887	G	A	0.339397	0.996823	4.74549	2.9E-02	-0.0128042	0.00591734	4.6822	3.0E-02	3.85597	5.0E-02
rs11949724	5	55832217	0.681021	G	A	0.635455	1	10.7178	1.1E-03	0.0186235	0.00582138	10.2346	1.4E-03	12.5308	4.0E-04
rs1002473	5	56274077	0.686309	T	G	0.206197	0.999836	0.397573	5.3E-01	-0.00446123	0.00692446	0.415085	5.2E-01	0.513063	4.7E-01
rs34697	5	66298637	0.77068	A	G	0.432612	0.987874	2.51217	1.1E-01	-0.0102911	0.00568171	3.28067	7.0E-02	2.96241	8.5E-02
rs10940157	5	67516306	0.78664	G	A	0.796577	0.993724	29.2537	6.3E-08	-0.0378494	0.00693543	29.7832	4.8E-08	32.4215	1.2E-08
rs253407	5	74926778	0.860943	A	G	0.275724	1	8.91476	2.8E-03	0.0192068	0.00625379	9.43246	2.1E-03	9.77608	1.8E-03
rs6870983	5	87697533	1.01437	C	T	0.787184	0.995128	2.41571	1.2E-01	-0.010769	0.00682666	2.48846	1.1E-01	2.02613	1.5E-01
rs27361	5	102548967	1.1092	G	A	0.700242	0.998319	0.0858091	7.7E-01	-0.00116434	0.00610271	0.0364011	8.5E-01	0.00334789	9.5E-01
rs34864074	5	112875535	1.20089	A	C	0.809873	0.995669	2.67322	1.0E-01	0.0125809	0.00716737	3.08111	7.9E-02	2.95976	8.5E-02
rs10519585	5	118676529	1.27446	T	C	0.712535	0.977148	7.73281	5.4E-03	-0.0179085	0.00623426	8.25182	4.1E-03	6.77775	9.2E-03
rs4705986	5	132349654	1.39065	T	G	0.937241	0.978165	1.46948	2.3E-01	-0.0181758	0.0116515	2.43345	1.2E-01	2.56542	1.1E-01
rs33999	5	141973349	1.48937	C	G	0.612065	0.9834	1.89522	1.7E-01	0.00740674	0.00576661	1.64973	2.0E-01	1.81399	1.8E-01
rs10477191	5	142077715	1.49476	A	G	0.950886	0.911257	4.77902	2.9E-02	0.0342129	0.0135941	6.33398	1.2E-02	6.05375	1.4E-02
rs72846967	5	171849098	1.88961	A	G	0.706231	0.999429	2.44494	1.2E-01	0.00886375	0.00613411	2.08801	1.5E-01	2.08903	1.5E-01
rs2053681	5	172746086	1.91113	A	G	0.485601	0.912476	0.547462	4.6E-01	0.00279866	0.00586355	0.227813	6.3E-01	0.515117	4.7E-01
rs201058	6	6726017	0.180973	A	G	0.438993	0.99583	1.69157	1.9E-01	0.00594366	0.00563029	1.11441	2.9E-01	1.00847	3.2E-01
rs2326776	6	6761881	0.18302	G	A	0.790616	0.988382	0.785569	3.8E-01	0.00554085	0.00689844	0.645134	4.2E-01	0.650898	4.2E-01
rs7751325	6	7209132	0.195952	C	T	0.550375	0.99847	3.66715	5.5E-02	0.00975153	0.00562111	3.00955	8.3E-02	2.56188	1.1E-01
rs17584626	6	20560435	0.409936	A	T	0.687051	0.984667	3.73348	5.3E-02	-0.0119468	0.00606305	3.88257	4.9E-02	3.13431	7.7E-02
rs114376405	6	30770701	0.507083	G	A	0.988554	0.994696	0.676949	4.1E-01	-0.012963	0.0263219	0.242535	6.2E-01	0.290407	5.9E-01
rs3094225	6	31113052	0.510178	G	A	0.26968	0.999821	6.06939	1.4E-02	0.0159192	0.0063021	6.38079	1.2E-02	7.14895	7.5E-03
rs9267989	6	32219320	0.51869	G	T	0.79171	0.999726	0.357347	5.5E-01	-0.00686011	0.00685452	1.00163	3.2E-01	1.37175	2.4E-01
rs181133225	6	32454764	0.520293	T	C	0.893444	0.778953	0.327548	5.7E-01	0.0024345	0.0101936	0.057038	8.1E-01	0.00553973	9.4E-01
rs117108573	6	32489679	0.520303	C	T	0.921405	0.866866	0.612429	4.3E-01	0.00396876	0.0110782	0.128342	7.2E-01	0.0316518	8.6E-01
rs142779375	6	34165351	0.545713	T	G	0.952718	0.997081	11.5405	6.8E-04	0.0437784	0.0131546	11.0755	8.7E-04	9.4218	2.1E-03
rs1574430	6	43269029	0.669727	A	C	0.391321	0.999399	0.0202105	8.9E-01	-0.000389929	0.0057211	0.00464529	9.5E-01	0.0495801	8.2E-01
rs9381248	6	43734606	0.675407	C	T	0.87836	0.993046	2.28874	1.3E-01	0.0136112	0.00857748	2.5181	1.1E-01	2.39369	1.2E-01
rs35349911	6	43785255	0.678849	C	T	0.409597	0.97009	2.59224	1.1E-01	0.00963616	0.00577573	2.78352	9.5E-02	3.10833	7.8E-02
rs10452561	6	80805796	0.920872	T	C	0.874288	0.991795	0.0766678	7.8E-01	0.00282643	0.00843265	0.112344	7.4E-01	0.0312355	8.6E-01
rs1902066	6	81346033	0.922431	T	C	0.437575	0.991679	1.98583	1.6E-01	0.00744364	0.00565562	1.73225	1.9E-01	2.04856	1.5E-01
rs6924944	6	100597579	1.0811	A	T	0.245827	0.981159	1.23201	2.7E-01	-0.0074899	0.00656348	1.30222	2.5E-01	1.19905	2.7E-01
rs72969772	6	126187585	1.32503	A	G	0.980332	1	0.556473	4.6E-01	0.00937776	0.0201681	0.216206	6.4E-01	0.33351	5.6E-01
rs9986505	6	126445558	1.32603	A	G	0.6761	0.991308	3.72504	5.4E-02	-0.0107128	0.0059915	3.19692	7.4E-02	3.85095	5.0E-02
rs74949497	6	126812007	1.32699	A	C	0.97518	1	10.666	1.1E-03	0.0603159	0.0180517	11.1642	8.3E-04	10.0704	1.5E-03
rs9389689	6	139813632	1.50282	G	C	0.504922	0.997811	28.8797	7.7E-08	0.0295471	0.00557598	28.0793	1.2E-07	32.6666	1.1E-08
rs851978	6	152029556	1.64243	G	T	0.726311	0.996212	0.265108	6.1E-01	-0.00355194	0.006283	0.319593	5.7E-01	0.694808	4.0E-01
rs2282137	6	160468180	1.77084	G	A	0.984432	0.989502	31.0511	2.5E-08	-0.127205	0.0226328	31.5887	1.9E-08	30.1053	4.1E-08
rs960589	7	25823647	0.43812	A	C	0.837349	0.976235	5.79442	1.6E-02	0.0179839	0.0076366	5.54586	1.9E-02	5.98012	1.4E-02
rs12671127	7	26309246	0.44373	C	T	0.633613	0.988487	5.13674	2.3E-02	-0.0142734	0.00581404	6.02699	1.4E-02	5.69987	1.7E-02
rs2189239	7	27237453	0.453427	C	T	0.917096	0.977954	2.32148	1.3E-01	-0.0125189	0.0102546	1.49038	2.2E-01	1.879	1.7E-01
rs13223303	7	42692711	0.680137	T	C	0.70789	0.997675	2.66009	1.0E-01	-0.0106353	0.00614056	2.99974	8.3E-02	3.00619	8.3E-02
rs35867424	7	72032358	0.893844	G	A	0.97046	0.950986	29.6091	5.3E-08	-0.094871	0.016877	31.5991	1.9E-08	31.0964	2.5E-08
rs113452856	7	72859135	0.899612	G	A	0.96835	0.994361	33.0113	9.2E-09	-0.0921544	0.0159536	33.3668	7.6E-09	34.4577	4.4E-09
rs72649044	7	73029207	0.899737	C	T	0.966833	0.988652	0.639569	4.2E-01	-0.00992611	0.0156317	0.403223	5.3E-01	0.181091	6.7E-01
rs6966632	7	77342199	0.936905	G	T	0.502987	0.998098	2.52418	1.1E-01	-0.00914786	0.00558667	2.68122	1.0E-01	1.72453	1.9E-01
rs2470945	7	104585760	1.19835	C	A	0.596387	0.999188	3.27829	7.0E-02	0.011075	0.00566298	3.82468	5.1E-02	4.37728	3.6E-02
rs4313084	7	114586903	1.30546	C	T	0.0829266	0.999308	0.0621027	8.0E-01	0.000610901	0.0101187	0.00364495	9.5E-01	4.29478e-05	9.9E-01
rs12154627	7	130422934	1.4017	T	C	0.506907	0.97487	63.1924	1.9E-15	-0.0450441	0.00564395	63.6958	1.5E-15	69.7693	6.7E-17
rs62493791	8	9168897	0.251645	T	G	0.758098	0.977591	30.1484	4.0E-08	-0.0362091	0.00657385	30.3386	3.6E-08	31.2792	2.2E-08
rs4921913	8	18272377	0.43529	C	T	0.221394	0.999648	42.8208	6.0E-11	-0.0439334	0.00672433	42.6866	6.4E-11	43.6844	3.9E-11
rs11781244	8	19622636	0.469011	C	T	0.821433	0.978327	38.5166	5.4E-10	-0.0446066	0.00736859	36.6463	1.4E-09	41.3984	1.2E-10
rs11204080	8	19745796	0.471775	G	A	0.499959	0.995877	35.0231	3.3E-09	0.0325698	0.00559501	33.8866	5.8E-09	32.6557	1.1E-08
rs144232975	8	19910561	0.473334	G	A	0.981165	0.976286	55.3912	9.9E-14	0.156462	0.0207417	56.9024	4.6E-14	55.7953	8.0E-14
rs11992444	8	25464690	0.565812	G	T	0.49058	1	2.50789	1.1E-01	-0.0100958	0.00556673	3.28914	7.0E-02	2.62676	1.1E-01
rs7815496	8	38321607	0.69461	C	T	0.597431	0.996532	7.84908	5.1E-03	0.0151362	0.0056838	7.09182	7.7E-03	7.88539	5.0E-03
rs10093418	8	72392687	0.950051	A	G	0.892444	0.978176	7.62063	5.8E-03	0.0242955	0.00904108	7.22125	7.2E-03	8.33874	3.9E-03
rs144435165	8	126419938	1.45107	G	C	0.944194	0.785853	29.7807	4.8E-08	0.075855	0.0136857	30.721	3.0E-08	30.1486	4.0E-08
rs2954018	8	126477153	1.45319	C	T	0.298303	0.998357	69.826	6.5E-17	-0.0526577	0.00610118	74.4897	6.1E-18	79.5183	4.8E-19
rs7009673	8	126630159	1.45646	C	T	0.710504	0.988231	27.6567	1.4E-07	0.0337615	0.00617469	29.8959	4.6E-08	30.5117	3.3E-08
rs2131919	9	95283887	1.12689	A	G	0.83667	0.999136	6.60421	1.0E-02	0.0200133	0.00757952	6.97198	8.3E-03	5.84864	1.6E-02
rs2398893	9	96758342	1.14182	A	G	0.725421	0.999804	0.503504	4.8E-01	0.00428416	0.00627032	0.466822	4.9E-01	0.606837	4.4E-01
rs12686004	9	107653426	1.24316	G	A	0.884341	1	9.72924	1.8E-03	0.0273521	0.00873022	9.81595	1.7E-03	8.546	3.5E-03
rs10991414	9	107685589	1.24582	T	C	0.861068	0.989408	4.43095	3.5E-02	0.0182981	0.00813835	5.05521	2.5E-02	4.51136	3.4E-02
rs73519946	9	107868862	1.24912	A	T	0.958103	0.989128	0.578969	4.5E-01	0.00976547	0.0140389	0.483862	4.9E-01	0.307257	5.8E-01
rs7096078	10	3560644	0.0740604	C	T	0.425467	0.981688	0.939131	3.3E-01	-0.00571297	0.0056922	1.00731	3.2E-01	1.79569	1.8E-01
rs2907794	10	32391109	0.603202	G	A	0.758285	0.99713	0.390985	5.3E-01	-0.00375478	0.00652051	0.331593	5.6E-01	0.259894	6.1E-01
rs2247486	10	33489594	0.609463	A	G	0.603119	0.998525	0.28848	5.9E-01	-0.00314926	0.00569144	0.306178	5.8E-01	0.177233	6.7E-01
rs12243209	10	63783406	0.859343	T	C	0.963634	0.99691	3.68019	5.5E-02	0.0285167	0.0149666	3.63037	5.7E-02	5.33611	2.1E-02
rs10995041	10	63867523	0.860298	A	C	0.754056	0.97671	0.00794468	9.3E-01	-0.000761926	0.00657572	0.0134258	9.1E-01	0.0630885	8.0E-01
rs7089698	10	65384567	0.871611	A	G	0.465243	0.998398	18.8345	1.4E-05	-0.0236437	0.00561498	17.731	2.5E-05	19.1427	1.2E-05
rs703985	10	80940740	1.06575	A	T	0.590861	0.992524	12.8901	3.3E-04	-0.0205131	0.00570344	12.9356	3.2E-04	14.9275	1.1E-04
rs11202614	10	89755643	1.15952	C	T	0.838039	0.997476	6.66014	9.9E-03	0.0195054	0.00761048	6.56877	1.0E-02	7.06431	7.9E-03
rs10882028	10	93943900	1.2086	C	T	0.408953	0.999201	5.89748	1.5E-02	0.013929	0.00566249	6.05096	1.4E-02	6.38246	1.2E-02
rs7917772	10	104487443	1.30576	G	A	0.367969	1	3.50818	6.1E-02	0.0118109	0.00577885	4.17717	4.1E-02	3.06435	8.0E-02
rs11596249	10	122812361	1.5266	T	G	0.911116	0.993945	7.04167	8.0E-03	0.0252746	0.00983257	6.60746	1.0E-02	7.20311	7.3E-03
rs10788149	10	122967170	1.52881	G	A	0.320548	1	7.05589	7.9E-03	-0.0162798	0.00599818	7.36648	6.6E-03	8.29474	4.0E-03
rs140201358	11	823586	0.0109832	C	G	0.986248	1	6.92565	8.5E-03	0.0676481	0.0239685	7.96583	4.8E-03	7.88019	5.0E-03
rs7932891	11	10921512	0.210707	A	G	0.294517	0.99931	4.32808	3.7E-02	-0.0115849	0.00611733	3.58644	5.8E-02	3.23095	7.2E-02
rs11029441	11	26279145	0.452845	T	C	0.920415	0.988421	6.86879	8.8E-03	0.027491	0.0103707	7.02693	8.0E-03	7.34238	6.7E-03
rs12786130	11	27505954	0.464069	C	T	0.238291	0.989196	26.5141	2.6E-07	-0.0334743	0.00658238	25.8616	3.7E-07	27.9094	1.3E-07
rs56386213	11	36291554	0.562467	A	G	0.595018	1	0.497214	4.8E-01	-0.00603853	0.00565275	1.14115	2.9E-01	1.56452	2.1E-01
rs4647725	11	47245389	0.664953	T	C	0.841692	0.996416	38.8043	4.7E-10	-0.047546	0.00763919	38.7376	4.8E-10	39.3236	3.6E-10
rs174528	11	61543499	0.703973	T	C	0.623454	0.995598	112.845	2.3E-26	0.0627011	0.00577386	117.928	1.8E-27	123.155	1.3E-28
rs11231137	11	62315699	0.714502	G	A	0.701274	0.997506	5.5422	1.9E-02	0.0142821	0.00609858	5.48435	1.9E-02	5.7493	1.6E-02
rs61881114	11	68996697	0.758653	C	T	0.848445	0.991928	0.00332038	9.5E-01	-0.000724551	0.00779207	0.00864635	9.3E-01	0.0405975	8.4E-01
rs12362685	11	111478720	1.18727	A	T	0.621328	0.997217	0.280987	6.0E-01	-0.00338793	0.00576315	0.34558	5.6E-01	0.304887	5.8E-01
rs78221557	11	116515528	1.25942	G	A	0.98124	0.969038	52.354	4.6E-13	0.150806	0.0208614	52.2577	4.9E-13	52.4816	4.3E-13
rs141584077	11	116523304	1.2596	A	T	0.921494	0.881057	63.0912	2.0E-15	0.0867053	0.0110296	61.7973	3.8E-15	61.6916	4.0E-15
rs10790164	11	116699389	1.26119	A	G	0.0337732	1	79.1262	5.8E-19	-0.137483	0.0150731	83.1941	7.4E-20	84.616	3.6E-20
rs747249	11	130271647	1.49781	A	G	0.360849	0.986641	1.902e-05	1.0E+00	0.00127506	0.00585485	0.0474274	8.3E-01	0.00978246	9.2E-01
rs10771260	12	26253557	0.45721	A	C	0.608183	0.995844	7.82679	5.1E-03	0.0162602	0.00574327	8.01554	4.6E-03	8.8619	2.9E-03
rs16915737	12	26403614	0.459048	C	T	0.928538	0.993226	0.315628	5.7E-01	0.00508004	0.0108431	0.219494	6.4E-01	0.283425	5.9E-01
rs7310959	12	45968598	0.59006	G	A	0.897555	1	14.2307	1.6E-04	0.0343273	0.00922466	13.8477	2.0E-04	13.3904	2.5E-04
rs75824359	12	54320490	0.68262	A	G	0.970266	0.973341	0.774909	3.8E-01	-0.0154741	0.0166521	0.863511	3.5E-01	1.26755	2.6E-01
rs11172134	12	57645789	0.721226	T	A	0.798796	0.990461	32.9345	9.5E-09	-0.0397966	0.0069571	32.7216	1.1E-08	33.4405	7.3E-09
rs7961915	12	66425288	0.795219	A	G	0.213926	0.943584	3.42339	6.4E-02	-0.0123054	0.00699533	3.09439	7.9E-02	3.05319	8.1E-02
rs704067	12	89726027	1.03172	G	A	0.545146	0.989595	0.242883	6.2E-01	-0.00186228	0.0056524	0.108548	7.4E-01	0.216244	6.4E-01
rs7958469	12	107052620	1.26171	G	A	0.638699	0.995036	14.4291	1.5E-04	0.0226483	0.00582318	15.1269	1.0E-04	16.6461	4.5E-05
rs1169809	12	121688026	1.45624	G	A	0.700971	0.994402	17.2386	3.3E-05	0.0269386	0.00611009	19.4381	1.0E-05	20.0907	7.4E-06
rs139948644	12	123200016	1.46983	C	T	0.972202	0.923516	9.49061	2.1E-03	-0.0499434	0.017633	8.0224	4.6E-03	9.284	2.3E-03
rs11060406	12	123339117	1.47024	C	T	0.96325	0.964271	5.81431	1.6E-02	0.0354131	0.0150542	5.53371	1.9E-02	7.7269	5.4E-03
rs34149579	12	123345509	1.47026	G	T	0.947363	1	23.6587	1.2E-06	0.0596801	0.0124974	22.8043	1.8E-06	23.4558	1.3E-06
rs11613189	12	124642803	1.48018	C	T	0.627038	0.983075	5.05754	2.5E-02	-0.0125295	0.00585067	4.58625	3.2E-02	4.45272	3.5E-02
rs1045411	13	31033232	0.263482	C	T	0.7313	0.996942	3.61655	5.7E-02	-0.0141977	0.00632038	5.046	2.5E-02	4.58036	3.2E-02
rs10507524	13	44684600	0.468128	T	C	0.907237	0.994143	0.256152	6.1E-01	0.00467248	0.00968203	0.232896	6.3E-01	0.214224	6.4E-01
rs7334326	13	50967732	0.53896	G	C	0.858576	0.996316	3.03643	8.1E-02	0.013496	0.00801775	2.83339	9.2E-02	2.9156	8.8E-02
rs35678857	13	95222890	0.91089	C	A	0.649884	0.995747	32.7867	1.0E-08	0.0335963	0.00586659	32.7952	1.0E-08	30.2433	3.8E-08
rs8012185	14	58668484	0.537795	A	G	0.723155	0.991197	4.94612	2.6E-02	0.0140603	0.00625663	5.05017	2.5E-02	6.73414	9.5E-03
rs1286138	14	91485445	0.882014	T	G	0.326286	0.996304	2.51229	1.1E-01	-0.00928174	0.00595685	2.42787	1.2E-01	2.90405	8.8E-02
rs2124307	14	98344662	1.02722	T	C	0.377663	0.998341	3.0103	8.3E-02	0.00884075	0.00577149	2.3464	1.3E-01	2.60936	1.1E-01
rs7402977	15	31726824	0.452929	G	A	0.733334	0.984393	0.152794	7.0E-01	-0.00130382	0.00636434	0.041969	8.4E-01	0.190068	6.6E-01
rs12437696	15	40878474	0.62928	A	G	0.51447	0.998802	6.21181	1.3E-02	-0.0140745	0.00560661	6.30181	1.2E-02	5.7722	1.6E-02
rs62020665	15	43020324	0.640949	C	G	0.911926	0.939942	40.1458	2.4E-10	0.0642616	0.010191	39.762	2.9E-10	42.0635	8.8E-11
rs11630710	15	56364758	0.756318	G	T	0.893172	0.979091	5.50475	1.9E-02	0.0195534	0.00916681	4.54995	3.3E-02	3.32309	6.8E-02
rs10162642	15	58577163	0.781999	G	A	0.787407	0.990126	31.6525	1.8E-08	-0.0376623	0.00685956	30.1455	4.0E-08	29.1911	6.6E-08
rs12911939	15	63800065	0.876679	T	C	0.431976	0.996322	16.3162	5.4E-05	-0.0250162	0.00565226	19.5885	9.6E-06	19.6616	9.2E-06
rs762551	15	75041917	1.00314	C	A	0.274028	1	3.48434	6.2E-02	0.010246	0.00625897	2.6798	1.0E-01	2.38498	1.2E-01
rs2401948	16	1340854	0.0338191	G	C	0.470436	0.984992	0.972889	3.2E-01	0.00639594	0.00562506	1.29287	2.6E-01	1.26903	2.6E-01
rs3747577	16	4415696	0.082586	C	G	0.259467	0.988145	0.265096	6.1E-01	-0.00341497	0.00640155	0.284579	5.9E-01	0.784573	3.8E-01
rs12918743	16	11624245	0.272102	G	A	0.537734	0.991971	4.51181	3.4E-02	0.0109654	0.00560617	3.82575	5.0E-02	3.70076	5.4E-02
rs4787456	16	28559573	0.542371	C	T	0.634142	0.996921	2.09176	1.5E-01	0.00715138	0.00575974	1.54161	2.1E-01	2.3385	1.3E-01
rs10083738	16	29927702	0.553162	G	A	0.45121	0.999839	1.32959	2.5E-01	0.00591125	0.00560886	1.11073	2.9E-01	0.965275	3.3E-01
rs16952242	16	53474250	0.64336	G	A	0.697908	0.997944	0.887149	3.5E-01	0.00549556	0.0060836	0.816023	3.7E-01	1.1661	2.8E-01
rs9937053	16	53799507	0.64597	G	A	0.577195	0.999601	0.27537	6.0E-01	-0.00242116	0.00565027	0.183615	6.7E-01	0.433301	5.1E-01
rs8044652	16	67506247	0.849914	T	C	0.0369935	0.970649	38.0018	7.1E-10	-0.0903627	0.0150508	36.046	1.9E-09	39.145	3.9E-10
rs113563886	16	67947158	0.850322	T	C	0.883157	0.987681	30.2026	3.9E-08	-0.0493353	0.00875369	31.7638	1.7E-08	33.3438	7.7E-09
rs2550733	16	81449060	1.04439	A	G	0.430492	1	2.39602	1.2E-01	-0.00889455	0.00564298	2.48446	1.1E-01	2.59244	1.1E-01
rs2927333	16	81509279	1.0455	A	G	0.679395	0.985143	10.9289	9.5E-04	-0.0185772	0.0060366	9.47056	2.1E-03	9.70128	1.8E-03
rs727428	17	7537792	0.196849	T	C	0.44291	1	4.81504	2.8E-02	-0.0123459	0.00560982	4.84342	2.8E-02	5.01619	2.5E-02
rs8075019	17	17455192	0.444844	G	A	0.875691	0.988404	6.11342	1.3E-02	0.0248573	0.00849707	8.55795	3.4E-03	10.4583	1.2E-03
rs16942379	17	21259827	0.471679	C	T	0.508165	0.995529	10.2454	1.4E-03	-0.0171169	0.00560178	9.33684	2.2E-03	10.7484	1.0E-03
rs11651639	17	27672320	0.49569	A	T	0.483934	0.999433	1.5934	2.1E-01	0.00698032	0.00558528	1.56193	2.1E-01	2.02971	1.5E-01
rs2306593	17	34866546	0.59517	C	T	0.509195	0.996584	1.82859	1.8E-01	-0.00785252	0.00559354	1.97081	1.6E-01	2.11143	1.5E-01
rs55883500	17	40395267	0.664304	T	G	0.691334	0.998762	3.72821	5.4E-02	0.0122328	0.00604315	4.09756	4.3E-02	5.68612	1.7E-02
rs56328224	17	43572419	0.687192	C	T	0.774992	0.995527	1.62867	2.0E-01	0.010031	0.00672196	2.22689	1.4E-01	2.22095	1.4E-01
rs11871767	17	61698723	0.887174	A	G	0.724045	0.995857	3.39064	6.6E-02	0.0114035	0.00627005	3.30779	6.9E-02	3.10615	7.8E-02
rs7225826	17	67574721	0.971804	C	T	0.325119	0.997806	3.91392	4.8E-02	0.0101767	0.00595904	2.91648	8.8E-02	2.89035	8.9E-02
rs312757	17	68347701	0.983463	C	G	0.322951	0.991143	4.19405	4.1E-02	-0.01299	0.0059946	4.69569	3.0E-02	5.39647	2.0E-02
rs3810068	18	2846499	0.0738566	T	C	0.595452	1	9.43918	2.1E-03	-0.0146674	0.00567735	6.67447	9.8E-03	7.32986	6.8E-03
rs4890429	18	40697481	0.611694	T	C	0.738773	0.995191	2.11437	1.5E-01	-0.0115789	0.00638372	3.28991	7.0E-02	4.24552	3.9E-02
rs357900	18	46585235	0.687097	T	A	0.110184	0.998906	0.158395	6.9E-01	-0.00615599	0.00891133	0.477212	4.9E-01	0.521387	4.7E-01
rs3897645	18	57728947	0.82135	T	C	0.443585	1	1.11971	2.9E-01	-0.00741098	0.00564924	1.72096	1.9E-01	2.50871	1.1E-01
rs2331933	18	57955945	0.822668	T	G	0.652214	0.979252	0.674212	4.1E-01	0.00511458	0.00594234	0.740807	3.9E-01	0.739697	3.9E-01
rs12979965	19	2131148	0.0753026	A	G	0.499935	0.991113	0.0247873	8.7E-01	-0.00169717	0.00560329	0.0917411	7.6E-01	0.0660436	8.0E-01
rs2240702	19	4159873	0.144523	A	G	0.883396	0.986669	7.85512	5.1E-03	0.0254472	0.00872727	8.50205	3.5E-03	6.88996	8.7E-03
rs1799815	19	7125519	0.224812	G	A	0.932212	1	10.6022	1.1E-03	-0.0347915	0.0110812	9.85761	1.7E-03	11.9577	5.4E-04
rs35555265	19	17152232	0.420672	C	T	0.803227	0.993265	3.5615	5.9E-02	-0.0133128	0.00703467	3.58142	5.8E-02	2.77125	9.6E-02
rs72999466	19	18248499	0.447893	C	T	0.742123	0.99893	3.97944	4.6E-02	0.0107618	0.00637966	2.84559	9.2E-02	2.57269	1.1E-01
rs1423056	19	33780444	0.560699	G	A	0.681795	0.903762	0.0974286	7.5E-01	0.00133796	0.00631427	0.044899	8.3E-01	0.187213	6.7E-01
rs113504807	19	33787954	0.561506	C	T	0.951238	0.934153	0.0707359	7.9E-01	0.00209656	0.0133856	0.0245324	8.8E-01	0.000239035	9.9E-01
rs544964	19	37409561	0.616104	A	G	0.417229	0.998743	0.00302688	9.6E-01	-0.00171128	0.005674	0.0909625	7.6E-01	0.196744	6.6E-01
rs62117160	19	45232161	0.700034	G	A	0.954396	1	37.2395	1.0E-09	0.0792963	0.0133758	35.1451	3.1E-09	37.0362	1.2E-09
rs112450640	19	45296364	0.703043	G	A	0.98057	0.986145	43.7473	3.7E-11	0.134614	0.0203923	43.5757	4.1E-11	48.0183	4.2E-12
rs431001	19	54813266	0.957116	G	A	0.673806	0.993878	39.264	3.7E-10	-0.0379083	0.00597149	40.2998	2.2E-10	41.343	1.3E-10
rs151235402	20	569164	0.0196907	C	T	0.984757	0.956324	6.32828	1.2E-02	0.0576686	0.0234413	6.05221	1.4E-02	7.85072	5.1E-03
rs805769	20	5667459	0.191037	T	C	0.595306	0.99253	0.0169161	9.0E-01	0.0016678	0.00571171	0.085262	7.7E-01	0.0703051	7.9E-01
rs2207132	20	39142516	0.589709	G	A	0.966685	1	21.5927	3.4E-06	0.0730609	0.0155551	22.061	2.6E-06	26.8338	2.2E-07
rs1800961	20	43042364	0.652832	C	T	0.969948	1	36.1062	1.9E-09	0.09625	0.0163494	34.6574	3.9E-09	32.7699	1.0E-08
rs1999536	20	45581777	0.691337	G	C	0.430706	0.994672	3.35237	6.7E-02	-0.00898306	0.00565078	2.52715	1.1E-01	2.46438	1.2E-01
rs6063779	20	50964151	0.79129	A	G	0.716728	0.997749	3.52059	6.1E-02	-0.0127138	0.00620109	4.20355	4.0E-02	5.38396	2.0E-02
rs28710106	20	51712678	0.801721	C	T	0.889914	0.997611	4.53648	3.3E-02	0.0170352	0.0089446	3.62722	5.7E-02	3.11591	7.8E-02
rs6090040	20	62692060	1.09656	A	C	0.479429	0.988701	19.6234	9.4E-06	-0.0247288	0.00562013	19.3604	1.1E-05	22.1012	2.6E-06
rs66836452	21	33058743	0.322744	C	T	0.898206	0.995819	0.734055	3.9E-01	0.00561989	0.00926196	0.368172	5.4E-01	0.190578	6.6E-01
rs2836139	21	39451403	0.432375	A	G	0.514897	0.9942	0.178904	6.7E-01	-0.000249333	0.00562811	0.0019626	9.6E-01	0.146391	7.0E-01
rs9625551	22	29140529	0.338663	G	A	0.979191	0.995212	0.163225	6.9E-01	0.00985926	0.0195481	0.254378	6.1E-01	0.540769	4.6E-01
