SNP	CHR	BP	GENPOS	ALLELE1	ALLELE0	A1FREQ	INFO	CHISQ_LINREG	P_LINREG	BETA	SE	CHISQ_BOLT_LMM_INF	P_BOLT_LMM_INF	CHISQ_BOLT_LMM	P_BOLT_LMM
rs1294014	1	9325676	0.18921	C	T	0.732088	0.974098	0.320669	5.7E-01	0.00222626	0.00640573	0.120786	7.3E-01	0.123934	7.2E-01
rs10753554	1	23619009	0.461644	T	C	0.260317	0.989627	1.29301	2.6E-01	-0.00722865	0.00639957	1.27589	2.6E-01	1.32543	2.5E-01
rs72663503	1	39969059	0.670152	C	T	0.771573	0.996098	3.44215	6.4E-02	0.0132221	0.00665804	3.94377	4.7E-02	3.4994	6.1E-02
rs657452	1	49589847	0.760469	A	G	0.390779	0.988645	0.593906	4.4E-01	-0.00458474	0.0057323	0.639695	4.2E-01	1.2832	2.6E-01
rs9436299	1	65892888	0.967508	C	A	0.325082	0.970882	3.67556	5.5E-02	0.0124494	0.00605588	4.22609	4.0E-02	3.88485	4.9E-02
rs1526480	1	91209986	1.21385	T	C	0.625038	1	0.159063	6.9E-01	0.00185749	0.00578914	0.10295	7.5E-01	0.14356	7.0E-01
rs4375301	1	98298371	1.27828	A	G	0.767662	0.993807	5.31572	2.1E-02	0.0155001	0.00664744	5.43703	2.0E-02	6.19053	1.3E-02
rs3108680	1	107572997	1.35724	T	C	0.652386	0.999501	13.3236	2.6E-04	-0.0220534	0.00590381	13.9536	1.9E-04	11.5699	6.7E-04
rs4970829	1	109757295	1.38629	G	A	0.928491	1	33.4974	7.1E-09	0.0631345	0.0108357	33.9482	5.7E-09	33.2021	8.3E-09
rs2076586	1	112273026	1.42823	C	T	0.753838	0.980886	4.39736	3.6E-02	-0.0142977	0.00655521	4.7573	2.9E-02	5.29608	2.1E-02
rs114056923	1	154868744	1.69777	T	C	0.966966	1	0.00234471	9.6E-01	-0.00121445	0.0156882	0.00599257	9.4E-01	2.56714e-07	1.0E+00
rs17345893	1	170171874	1.91645	C	T	0.933651	0.998406	1.91786	1.7E-01	0.0119914	0.0112255	1.1411	2.9E-01	1.24578	2.6E-01
rs1953096	1	170318770	1.91758	G	A	0.762782	0.999479	3.13792	7.6E-02	0.0116377	0.00659159	3.1171	7.7E-02	2.51112	1.1E-01
rs6697844	1	172308238	1.93873	C	T	0.56798	0.996349	2.68627	1.0E-01	0.00991502	0.00562425	3.10783	7.8E-02	3.33826	6.8E-02
rs633715	1	177852580	1.98813	T	C	0.789275	1	4.49993	3.4E-02	0.0127418	0.00686349	3.44645	6.3E-02	3.26582	7.1E-02
rs11807331	1	196427811	2.14315	T	C	0.684298	0.996378	0.26679	6.1E-01	-0.00237091	0.00601318	0.155462	6.9E-01	0.0922681	7.6E-01
rs11240351	1	205044339	2.25371	A	G	0.594795	0.998205	1.7257	1.9E-01	0.00783206	0.00569027	1.89447	1.7E-01	2.51524	1.1E-01
rs61823192	1	219294570	2.43535	C	T	0.971468	0.90297	2.2657	1.3E-01	0.0241338	0.0176386	1.87206	1.7E-01	2.66026	1.0E-01
rs77278027	1	219392230	2.43543	C	T	0.93823	0.976746	4.66683e-05	9.9E-01	0.00122729	0.0117448	0.0109194	9.2E-01	0.0547235	8.2E-01
rs6683741	1	219786717	2.43742	T	G	0.861853	0.991403	0.892401	3.4E-01	0.00681251	0.00811578	0.704617	4.0E-01	1.05114	3.1E-01
rs62106252	2	408713	0.00503892	G	A	0.950832	0.955734	0.780354	3.8E-01	-0.0112508	0.0131867	0.727944	3.9E-01	0.665366	4.1E-01
rs2867105	2	601905	0.00766081	T	G	0.178655	0.986439	1.16608	2.8E-01	-0.00854908	0.00734761	1.35377	2.4E-01	1.34041	2.5E-01
rs711869	2	13073967	0.297329	G	A	0.443249	0.983109	0.292683	5.9E-01	0.0033097	0.00567185	0.340508	5.6E-01	0.936907	3.3E-01
rs11677500	2	24846815	0.456236	A	G	0.443553	0.997596	4.12814	4.2E-02	0.0115283	0.00562245	4.20414	4.0E-02	4.34797	3.7E-02
rs9678013	2	27582035	0.473397	A	G	0.55706	0.993155	37.2321	1.0E-09	-0.034397	0.00564332	37.1511	1.1E-09	37.3098	1.0E-09
rs7933	2	43452183	0.682402	A	G	0.634849	0.981779	0.901477	3.4E-01	-0.00455093	0.00584857	0.605482	4.4E-01	0.279583	6.0E-01
rs56266464	2	44054991	0.686489	G	A	0.939556	0.986548	55.0189	1.2E-13	0.0916345	0.0118198	60.103	9.0E-15	60.3169	8.1E-15
rs36072157	2	48953740	0.765134	G	C	0.658175	0.956087	0.0484466	8.3E-01	-0.00155109	0.00601439	0.0665107	8.0E-01	8.74299e-06	1.0E+00
rs6546196	2	66144496	0.916561	G	A	0.525101	0.993792	1.58971	2.1E-01	0.0078441	0.00562078	1.94757	1.6E-01	1.69101	1.9E-01
rs4316926	2	66749108	0.924328	G	A	0.396567	0.99766	4.31387	3.8E-02	0.0128927	0.00571917	5.08181	2.4E-02	5.95941	1.5E-02
rs2170702	2	67571130	0.937008	T	C	0.545622	0.996677	0.352062	5.5E-01	-0.00290413	0.00564165	0.264984	6.1E-01	0.166784	6.8E-01
rs12712049	2	100208830	1.21955	A	G	0.176674	0.985519	6.1558	1.3E-02	-0.0195929	0.00736674	7.07368	7.8E-03	6.05298	1.4E-02
rs72946301	2	111861838	1.33125	G	A	0.903863	0.964859	5.09028	2.4E-02	-0.0234589	0.00965356	5.9053	1.5E-02	5.69135	1.7E-02
rs7593247	2	119337589	1.3956	C	T	0.503784	0.990163	0.0228327	8.8E-01	-0.000449664	0.00561219	0.00641964	9.4E-01	0.000643038	9.8E-01
rs114666647	2	158393301	1.76187	T	C	0.987759	1	4.62141	3.2E-02	-0.0579861	0.02543	5.19943	2.3E-02	5.27868	2.2E-02
rs11899550	2	158451825	1.76314	C	T	0.92902	0.994523	3.56727	5.9E-02	0.0200616	0.01088	3.39997	6.5E-02	2.6968	1.0E-01
rs62173895	2	165477903	1.81419	G	C	0.329951	0.997788	0.0473386	8.3E-01	-0.00115825	0.00597081	0.0376304	8.5E-01	0.0730128	7.9E-01
rs3769872	2	165565548	1.81514	C	T	0.941933	0.997539	2.6816	1.0E-01	-0.0197489	0.0119807	2.71717	9.9E-02	2.70213	1.0E-01
rs115283512	2	172379649	1.89769	C	T	0.817449	0.996247	0.187133	6.7E-01	0.00221526	0.00725669	0.0931904	7.6E-01	0.0126412	9.1E-01
rs62173497	2	187821910	2.04064	C	A	0.889372	0.96522	1.67537	2.0E-01	-0.0110671	0.00905236	1.49467	2.2E-01	3.14088	7.6E-02
rs1837121	2	216292331	2.28555	G	A	0.273406	0.99918	5.30459	2.1E-02	-0.0154451	0.0062743	6.05969	1.4E-02	6.24632	1.2E-02
rs16857748	2	218382258	2.32414	C	T	0.903272	0.999764	1.16569	2.8E-01	0.0114366	0.00946094	1.46125	2.3E-01	1.10438	2.9E-01
rs16866785	2	226899056	2.44178	A	G	0.775296	0.992487	19.578	9.7E-06	-0.0295117	0.0067198	19.2875	1.1E-05	18.8122	1.4E-05
rs305506	3	12026709	0.296805	G	T	0.113563	0.992655	0.413601	5.2E-01	-0.00400629	0.00885074	0.204893	6.5E-01	0.0578826	8.1E-01
rs114252958	3	12409938	0.29797	C	T	0.982978	0.956617	0.146365	7.0E-01	0.00515151	0.0221769	0.0539597	8.2E-01	0.0700126	7.9E-01
rs13086654	3	35532275	0.595296	G	A	0.863267	0.996625	0.0358449	8.5E-01	0.00110681	0.00811344	0.0186094	8.9E-01	0.00693342	9.3E-01
rs11926707	3	46925539	0.687568	T	C	0.379143	0.985514	4.56978	3.3E-02	0.0118906	0.00578567	4.22381	4.0E-02	3.46298	6.3E-02
rs614288	3	52220203	0.695484	T	C	0.466765	1	9.63571	1.9E-03	-0.0175003	0.00558795	9.80812	1.7E-03	8.98905	2.7E-03
rs11718560	3	64584862	0.868956	C	T	0.731847	0.985124	2.01974	1.6E-01	0.00956281	0.00634555	2.27108	1.3E-01	2.3781	1.2E-01
rs4688498	3	64674599	0.871028	C	T	0.669682	0.985151	3.82653	5.0E-02	-0.0107542	0.00598432	3.2294	7.2E-02	4.32715	3.8E-02
rs9872683	3	123155892	1.35844	A	C	0.408022	0.993775	0.430534	5.1E-01	-0.004285	0.00569238	0.566649	4.5E-01	0.517411	4.7E-01
rs62265318	3	128752986	1.42297	G	A	0.965093	0.926921	0.041515	8.4E-01	-0.00399996	0.0157892	0.0641786	8.0E-01	0.0132913	9.1E-01
rs143418767	3	129105690	1.42548	G	A	0.980767	0.944053	0.883814	3.5E-01	0.0175898	0.0209567	0.704494	4.0E-01	1.00402	3.2E-01
rs112551697	3	150018637	1.64271	G	A	0.96554	0.928479	1.12803	2.9E-01	0.0162016	0.0158427	1.04582	3.1E-01	1.27297	2.6E-01
rs7617389	3	156801088	1.71237	T	C	0.32586	0.969927	1.88628	1.7E-01	-0.00854586	0.00606465	1.98564	1.6E-01	2.22277	1.4E-01
rs998749	3	168972802	1.77947	A	G	0.517178	0.992407	1.96338	1.6E-01	-0.0059858	0.0055992	1.14286	2.9E-01	1.00174	3.2E-01
rs1499813	3	171760427	1.8208	T	C	0.587431	1	1.64866	2.0E-01	-0.00770238	0.00569933	1.82642	1.8E-01	2.39684	1.2E-01
rs11705729	3	185507299	2.01659	A	T	0.6869	0.999805	1.95933	1.6E-01	0.00765453	0.0060236	1.61482	2.0E-01	2.03194	1.5E-01
rs7697256	4	848335	0.00782825	C	T	0.727433	0.999147	0.571437	4.5E-01	-0.00554918	0.00627381	0.782339	3.8E-01	0.440657	5.1E-01
rs7659144	4	3098321	0.0324978	C	G	0.656231	0.995037	7.2542	7.1E-03	-0.0154722	0.00588108	6.92134	8.5E-03	6.13585	1.3E-02
rs4450871	4	4990298	0.0879764	A	G	0.554775	1	5.18321	2.3E-02	-0.0131896	0.00563229	5.48395	1.9E-02	5.7249	1.7E-02
rs1912897	4	26006133	0.455942	A	T	0.79303	0.98817	2.22025	1.4E-01	0.0104258	0.00694244	2.25527	1.3E-01	1.91056	1.7E-01
rs17644283	4	26308792	0.461396	A	G	0.370735	0.99507	4.62624	3.1E-02	-0.0135431	0.00581022	5.43312	2.0E-02	4.99859	2.5E-02
rs11133373	4	56215631	0.730194	C	G	0.682789	0.992346	1.0176	3.1E-01	0.00555934	0.00603447	0.84873	3.6E-01	0.594244	4.4E-01
rs3775403	4	89615174	1.04851	T	C	0.869029	0.98982	0.425054	5.1E-01	-0.0078561	0.00833261	0.888897	3.5E-01	1.19017	2.8E-01
rs17014616	4	89736565	1.04925	A	T	0.931087	0.996962	3.94523	4.7E-02	0.0231441	0.0110436	4.39202	3.6E-02	5.5699	1.8E-02
rs12647922	4	106063987	1.17944	C	T	0.794569	0.998343	3.44956	6.3E-02	-0.0131112	0.00691481	3.59523	5.8E-02	3.42601	6.4E-02
rs7655064	4	120106348	1.31331	T	C	0.875314	0.995692	0.977532	3.2E-01	0.0079247	0.00846194	0.877053	3.5E-01	0.824422	3.6E-01
rs11727676	4	145659064	1.53853	T	C	0.903374	1	1.61318	2.0E-01	0.0115588	0.00947528	1.48814	2.2E-01	1.69169	1.9E-01
rs13178917	5	4007353	0.10142	C	T	0.551974	0.99437	2.1153	1.5E-01	-0.00740118	0.00561075	1.74004	1.9E-01	1.23726	2.7E-01
rs3792751	5	32773314	0.512212	C	T	0.626583	0.990118	0.581925	4.5E-01	0.00367718	0.00579972	0.40199	5.3E-01	0.178178	6.7E-01
rs17457629	5	38795199	0.597633	A	T	0.728239	0.988005	0.243496	6.2E-01	-0.00281219	0.00631688	0.19819	6.6E-01	0.213609	6.4E-01
rs2448	5	53302354	0.644969	T	C	0.737842	0.999532	1.99527	1.6E-01	0.00812914	0.00636815	1.62953	2.0E-01	2.72813	9.9E-02
rs1559215	5	54867827	0.667887	G	A	0.339397	0.996823	1.18924	2.8E-01	-0.00644175	0.00592131	1.18351	2.8E-01	1.75014	1.9E-01
rs11949724	5	55832217	0.681021	G	A	0.635455	1	4.01478	4.5E-02	0.0114835	0.00582529	3.88607	4.9E-02	3.88189	4.9E-02
rs1002473	5	56274077	0.686309	T	G	0.206197	0.999836	0.300346	5.8E-01	-0.0041873	0.00692911	0.365184	5.5E-01	0.182734	6.7E-01
rs34697	5	66298637	0.77068	A	G	0.432612	0.987874	0.10661	7.4E-01	0.000964051	0.00568553	0.0287513	8.7E-01	0.0536407	8.2E-01
rs7710706	5	74343769	0.860085	G	A	0.642166	0.992025	37.1322	1.1E-09	-0.0352426	0.00585671	36.21	1.8E-09	39.0613	4.1E-10
rs6870983	5	87697533	1.01437	C	T	0.787184	0.995128	0.56218	4.5E-01	-0.00403628	0.00683125	0.349111	5.5E-01	0.237301	6.3E-01
rs27361	5	102548967	1.1092	G	A	0.700242	0.998319	1.45162	2.3E-01	0.00806005	0.00610681	1.742	1.9E-01	2.2961	1.3E-01
rs34864074	5	112875535	1.20089	A	C	0.809873	0.995669	1.23063	2.7E-01	0.00865409	0.00717218	1.45593	2.3E-01	1.09349	3.0E-01
rs10519585	5	118676529	1.27446	T	C	0.712535	0.977148	5.91917	1.5E-02	-0.0144521	0.00623845	5.36675	2.1E-02	5.33786	2.1E-02
rs4705986	5	132349654	1.39065	T	G	0.937241	0.978165	0.861123	3.5E-01	-0.0116312	0.0116594	0.995181	3.2E-01	0.528166	4.7E-01
rs33999	5	141973349	1.48937	C	G	0.612065	0.9834	0.0306809	8.6E-01	-0.00122826	0.00577048	0.0453059	8.3E-01	0.085386	7.7E-01
rs10477191	5	142077715	1.49476	A	G	0.950886	0.911257	0.178795	6.7E-01	0.00427126	0.0136033	0.0985883	7.5E-01	0.258719	6.1E-01
rs72846967	5	171849098	1.88961	A	G	0.706231	0.999429	0.420403	5.2E-01	0.00395569	0.00613823	0.415297	5.2E-01	0.699781	4.0E-01
rs2053681	5	172746086	1.91113	A	G	0.485601	0.912476	0.270089	6.0E-01	-0.00405459	0.00586748	0.477518	4.9E-01	0.836614	3.6E-01
rs201058	6	6726017	0.180973	A	G	0.438993	0.99583	0.662937	4.2E-01	-0.00451723	0.00563614	0.642364	4.2E-01	0.412825	5.2E-01
rs2326776	6	6761881	0.18302	G	A	0.790616	0.988382	0.0247055	8.8E-01	-0.00193626	0.00690561	0.0786184	7.8E-01	0.121296	7.3E-01
rs7751325	6	7209132	0.195952	C	T	0.550375	0.99847	0.390001	5.3E-01	-0.00347589	0.00562695	0.38158	5.4E-01	0.607922	4.4E-01
rs17584626	6	20560435	0.409936	A	T	0.687051	0.984667	5.91222	1.5E-02	-0.0153142	0.00606935	6.36655	1.2E-02	7.1699	7.4E-03
rs114376405	6	30770701	0.507083	G	A	0.988554	0.994696	4.28735	3.8E-02	-0.0503649	0.0263493	3.65359	5.6E-02	3.60804	5.8E-02
rs3094225	6	31113052	0.510178	G	A	0.26968	0.999821	0.832449	3.6E-01	0.00617146	0.00630865	0.956979	3.3E-01	0.935059	3.3E-01
rs9267989	6	32219320	0.51869	G	T	0.79171	0.999726	1.56154	2.1E-01	0.00622788	0.00686164	0.823805	3.6E-01	0.850285	3.6E-01
rs181133225	6	32454764	0.520293	T	C	0.893444	0.778953	7.1263	7.6E-03	0.0242837	0.0102042	5.66335	1.7E-02	4.84956	2.8E-02
rs117108573	6	32489679	0.520303	C	T	0.921405	0.866866	6.28916	1.2E-02	0.0243849	0.0110897	4.83506	2.8E-02	3.68547	5.5E-02
rs142779375	6	34165351	0.545713	T	G	0.952718	0.997081	1.10126	2.9E-01	0.0144943	0.0131683	1.21154	2.7E-01	0.806385	3.7E-01
rs1574430	6	43269029	0.669727	A	C	0.391321	0.999399	0.492751	4.8E-01	0.00316244	0.00572704	0.304918	5.8E-01	0.273717	6.0E-01
rs9381248	6	43734606	0.675407	C	T	0.87836	0.993046	1.86348	1.7E-01	0.0138927	0.00858639	2.61791	1.1E-01	2.94935	8.6E-02
rs35349911	6	43785255	0.678849	C	T	0.409597	0.97009	0.232798	6.3E-01	-0.00303286	0.00578174	0.275161	6.0E-01	0.01192	9.1E-01
rs10452561	6	80805796	0.920872	T	C	0.874288	0.991795	0.146682	7.0E-01	0.00486574	0.00844141	0.332252	5.6E-01	0.11496	7.3E-01
rs1902066	6	81346033	0.922431	T	C	0.437575	0.991679	0.815375	3.7E-01	0.00420643	0.00566149	0.552033	4.6E-01	0.460921	5.0E-01
rs6924944	6	100597579	1.0811	A	T	0.245827	0.981159	1.48078	2.2E-01	0.00834483	0.0065703	1.61311	2.0E-01	1.02868	3.1E-01
rs72969772	6	126187585	1.32503	A	G	0.980332	1	0.139901	7.1E-01	-0.00921466	0.0201891	0.208317	6.5E-01	0.00447658	9.5E-01
rs9986505	6	126445558	1.32603	A	G	0.6761	0.991308	0.0168057	9.0E-01	-2.28133e-05	0.00599773	1.44678e-05	1.0E+00	0.00526943	9.4E-01
rs74949497	6	126812007	1.32699	A	C	0.97518	1	0.210977	6.5E-01	0.00546961	0.0180704	0.0916172	7.6E-01	0.211225	6.5E-01
rs9389689	6	139813632	1.50282	G	C	0.504922	0.997811	0.297357	5.9E-01	0.00255321	0.00558178	0.209232	6.5E-01	0.499808	4.8E-01
rs851978	6	152029556	1.64243	G	T	0.726311	0.996212	0.057087	8.1E-01	-0.00133389	0.00628953	0.0449784	8.3E-01	0.133991	7.1E-01
rs456598	6	160538921	1.77104	G	A	0.85864	0.989939	30.3529	3.6E-08	-0.0453237	0.00804062	31.7739	1.7E-08	32.8723	9.8E-09
rs9347414	6	160989137	1.77552	T	G	0.808642	0.991577	33.9462	5.7E-09	0.0422408	0.00712431	35.1542	3.0E-09	42.6271	6.6E-11
rs3817576	7	1023191	0.0111024	A	G	0.474571	0.994298	32.4667	1.2E-08	0.0311753	0.00561982	30.7735	2.9E-08	32.1336	1.4E-08
rs960589	7	25823647	0.43812	A	C	0.837349	0.976235	0.226678	6.3E-01	0.00595435	0.00764396	0.60678	4.4E-01	1.03038	3.1E-01
rs12671127	7	26309246	0.44373	C	T	0.633613	0.988487	0.146894	7.0E-01	0.00194863	0.00581965	0.112115	7.4E-01	0.0440754	8.3E-01
rs2189239	7	27237453	0.453427	C	T	0.917096	0.977954	0.566893	4.5E-01	-0.00637868	0.0102645	0.386178	5.3E-01	0.348532	5.5E-01
rs13223303	7	42692711	0.680137	T	C	0.70789	0.997675	1.40981	2.4E-01	-0.00707916	0.00614648	1.32651	2.5E-01	1.00975	3.1E-01
rs35867424	7	72032358	0.893844	G	A	0.97046	0.950986	27.6315	1.5E-07	-0.0968818	0.0168933	32.8893	9.8E-09	36.6638	1.4E-09
rs113452856	7	72859135	0.899612	G	A	0.96835	0.994361	31.5191	2.0E-08	-0.0902206	0.015969	31.9196	1.6E-08	35.4975	2.6E-09
rs72649044	7	73029207	0.899737	C	T	0.966833	0.988652	7.36415	6.7E-03	-0.0403843	0.0156468	6.66155	9.9E-03	6.81099	9.1E-03
rs6966632	7	77342199	0.936905	G	T	0.502987	0.998098	3.60912	5.7E-02	-0.0114227	0.00559206	4.17248	4.1E-02	3.84167	5.0E-02
rs2470945	7	104585760	1.19835	C	A	0.596387	0.999188	0.571324	4.5E-01	0.00378814	0.00566844	0.446606	5.0E-01	0.53992	4.6E-01
rs4313084	7	114586903	1.30546	C	T	0.0829266	0.999308	2.22099	1.4E-01	-0.0140598	0.0101285	1.92695	1.7E-01	1.35062	2.5E-01
rs12154627	7	130422934	1.4017	T	C	0.506907	0.97487	8.5606	3.4E-03	-0.0160017	0.00564939	8.02283	4.6E-03	10.0772	1.5E-03
rs2980478	8	8088230	0.237388	T	C	0.524982	0.963758	34.1275	5.2E-09	-0.0334541	0.00571699	34.2423	4.9E-09	36.7908	1.3E-09
rs4922113	8	19734951	0.471667	G	A	0.825362	0.989151	30.1991	3.9E-08	-0.0404159	0.00741125	29.7387	4.9E-08	28.0328	1.2E-07
rs7844736	8	23551671	0.545238	A	G	0.828827	1	0.592969	4.4E-01	-0.00524919	0.0074299	0.499136	4.8E-01	0.290779	5.9E-01
rs310289	8	23610756	0.545792	C	T	0.760888	0.994537	3.20551	7.3E-02	0.0129497	0.00657938	3.8739	4.9E-02	3.74609	5.3E-02
rs7815496	8	38321607	0.69461	C	T	0.597431	0.996532	0.0183442	8.9E-01	-0.00165155	0.00569395	0.0841313	7.7E-01	0.000816888	9.8E-01
rs10093418	8	72392687	0.950051	A	G	0.892444	0.978176	3.98917	4.6E-02	0.0168169	0.00905722	3.4475	6.3E-02	3.731	5.3E-02
rs144435165	8	126419938	1.45107	G	C	0.944194	0.785853	1.86638	1.7E-01	0.0142284	0.0137101	1.07703	3.0E-01	1.63224	2.0E-01
rs283727	8	128313360	1.48991	G	A	0.465104	0.977161	0.492399	4.8E-01	-0.00511704	0.00568158	0.811148	3.7E-01	2.2085	1.4E-01
rs2131919	9	95283887	1.12689	A	G	0.83667	0.999136	0.467428	4.9E-01	0.00603964	0.00758457	0.634103	4.3E-01	0.650046	4.2E-01
rs2398893	9	96758342	1.14182	A	G	0.725421	0.999804	1.54388	2.1E-01	0.00870485	0.0062745	1.92471	1.7E-01	2.99571	8.3E-02
rs12686004	9	107653426	1.24316	G	A	0.884341	1	2.01602	1.6E-01	-0.0111377	0.00873603	1.6254	2.0E-01	1.54457	2.1E-01
rs10991414	9	107685589	1.24582	T	C	0.861068	0.989408	1.70829	1.9E-01	0.0104372	0.00814377	1.64255	2.0E-01	0.891921	3.4E-01
rs73519946	9	107868862	1.24912	A	T	0.958103	0.989128	5.34897	2.1E-02	0.0331972	0.0140482	5.58417	1.8E-02	4.07797	4.3E-02
rs7857390	9	136128546	1.66194	A	G	0.41692	0.985267	35.9527	2.0E-09	-0.0329289	0.00570228	33.3471	7.7E-09	34.6153	4.0E-09
rs7096078	10	3560644	0.0740604	C	T	0.425467	0.981688	0.149843	7.0E-01	0.00310776	0.00569673	0.297607	5.9E-01	0.0171595	9.0E-01
rs2907794	10	32391109	0.603202	G	A	0.758285	0.99713	0.143041	7.1E-01	0.00200104	0.0065257	0.0940277	7.6E-01	0.0163583	9.0E-01
rs2247486	10	33489594	0.609463	A	G	0.603119	0.998525	0.116366	7.3E-01	-0.00148684	0.00569597	0.0681391	7.9E-01	0.00123527	9.7E-01
rs12243209	10	63783406	0.859343	T	C	0.963634	0.99691	0.0302052	8.6E-01	0.00277144	0.0149785	0.0342351	8.5E-01	0.153733	6.9E-01
rs10995041	10	63867523	0.860298	A	C	0.754056	0.97671	1.60709	2.0E-01	-0.00910197	0.00658095	1.9129	1.7E-01	0.621162	4.3E-01
rs7089698	10	65384567	0.871611	A	G	0.465243	0.998398	29.2638	6.3E-08	-0.0303073	0.00561945	29.0875	6.9E-08	31.6831	1.8E-08
rs703985	10	80940740	1.06575	A	T	0.590861	0.992524	0.0125933	9.1E-01	-0.000494187	0.00570798	0.00749579	9.3E-01	0.39673	5.3E-01
rs11202614	10	89755643	1.15952	C	T	0.838039	0.997476	1.03781	3.1E-01	0.00684197	0.00761654	0.80695	3.7E-01	1.01232	3.1E-01
rs10882028	10	93943900	1.2086	C	T	0.408953	0.999201	0.0032092	9.5E-01	0.000300347	0.00566699	0.00280894	9.6E-01	0.0108173	9.2E-01
rs7917772	10	104487443	1.30576	G	A	0.367969	1	2.14662	1.4E-01	0.00874374	0.00578345	2.28571	1.3E-01	2.41457	1.2E-01
rs11596249	10	122812361	1.5266	T	G	0.911116	0.993945	0.296033	5.9E-01	0.00338573	0.00984039	0.11838	7.3E-01	0.358831	5.5E-01
rs10788149	10	122967170	1.52881	G	A	0.320548	1	4.2265	4.0E-02	-0.0116154	0.00600295	3.74401	5.3E-02	4.20493	4.0E-02
rs140201358	11	823586	0.0109832	C	G	0.986248	1	0.0028813	9.6E-01	0.00529456	0.024	0.0486674	8.3E-01	0.107846	7.4E-01
rs7932891	11	10921512	0.210707	A	G	0.294517	0.99931	4.51325	3.4E-02	-0.0110566	0.00612537	3.25822	7.1E-02	4.09362	4.3E-02
rs11029441	11	26279145	0.452845	T	C	0.920415	0.988421	1.37591	2.4E-01	0.0120262	0.0103843	1.34123	2.5E-01	2.09531	1.5E-01
rs12786130	11	27505954	0.464069	C	T	0.238291	0.989196	8.99846	2.7E-03	-0.0182307	0.00659104	7.65063	5.7E-03	6.51367	1.1E-02
rs56386213	11	36291554	0.562467	A	G	0.595018	1	0.267613	6.0E-01	-0.00407035	0.00566018	0.517133	4.7E-01	0.895243	3.4E-01
rs10792318	11	61531443	0.703376	A	G	0.749747	1	29.5844	5.4E-08	0.0357087	0.00646524	30.5055	3.3E-08	34.016	5.5E-09
rs2509963	11	62192931	0.710202	T	C	0.257705	0.993079	2.20276	1.4E-01	-0.00952416	0.0063731	2.23333	1.4E-01	1.97231	1.6E-01
rs11231137	11	62315699	0.714502	G	A	0.701274	0.997506	1.95281	1.6E-01	0.00801133	0.0061066	1.72112	1.9E-01	1.82973	1.8E-01
rs61881114	11	68996697	0.758653	C	T	0.848445	0.991928	0.776959	3.8E-01	0.00662767	0.00780231	0.721564	4.0E-01	0.864437	3.5E-01
rs12362685	11	111478720	1.18727	A	T	0.621328	0.997217	0.0216436	8.8E-01	-0.000219863	0.00577073	0.00145159	9.7E-01	0.00558696	9.4E-01
rs74357270	11	116523300	1.2596	A	T	0.860689	0.686544	38.9334	4.4E-10	0.0615634	0.0097767	39.6515	3.0E-10	36.2872	1.7E-09
rs1076485	11	116772441	1.26167	C	T	0.875049	0.992801	30.7969	2.9E-08	0.0485929	0.00846881	32.923	9.6E-09	31.7439	1.8E-08
rs747249	11	130271647	1.49781	A	G	0.360849	0.986641	3.66524	5.6E-02	-0.0113104	0.00586255	3.72205	5.4E-02	4.97217	2.6E-02
rs10771260	12	26253557	0.45721	A	C	0.608183	0.995844	5.85601	1.6E-02	0.0147721	0.00574912	6.6021	1.0E-02	6.04628	1.4E-02
rs16915737	12	26403614	0.459048	C	T	0.928538	0.993226	0.249109	6.2E-01	-0.00597677	0.0108542	0.303205	5.8E-01	0.88465	3.5E-01
rs7310959	12	45968598	0.59006	G	A	0.897555	1	7.00077	8.1E-03	0.0241932	0.00923407	6.86437	8.8E-03	6.95447	8.4E-03
rs75824359	12	54320490	0.68262	A	G	0.970266	0.973341	0.0796852	7.8E-01	-0.0072919	0.0166691	0.191362	6.6E-01	0.380961	5.4E-01
rs7961915	12	66425288	0.795219	A	G	0.213926	0.943584	5.15915	2.3E-02	-0.0160969	0.00700246	5.28424	2.2E-02	6.60223	1.0E-02
rs704067	12	89726027	1.03172	G	A	0.545146	0.989595	0.526823	4.7E-01	0.00438664	0.00565817	0.601052	4.4E-01	0.833518	3.6E-01
rs7958469	12	107052620	1.26171	G	A	0.638699	0.995036	0.391136	5.3E-01	0.00385041	0.00582912	0.436324	5.1E-01	0.664283	4.2E-01
rs2649999	12	121380544	1.45376	T	C	0.330394	0.973048	32.5803	1.1E-08	0.0333529	0.00603347	30.5585	3.2E-08	33.8996	5.8E-09
rs1169809	12	121688026	1.45624	G	A	0.700971	0.994402	7.98606	4.7E-03	0.0177215	0.00611632	8.39503	3.8E-03	8.07343	4.5E-03
rs34149579	12	123345509	1.47026	G	T	0.947363	1	0.832741	3.6E-01	0.0126478	0.0125102	1.02213	3.1E-01	1.56492	2.1E-01
rs1045411	13	31033232	0.263482	C	T	0.7313	0.996942	0.250567	6.2E-01	-0.0039178	0.00632545	0.383621	5.4E-01	0.728846	3.9E-01
rs10507524	13	44684600	0.468128	T	C	0.907237	0.994143	0.959839	3.3E-01	-0.0101582	0.00968979	1.09902	2.9E-01	0.653235	4.2E-01
rs7334326	13	50967732	0.53896	G	C	0.858576	0.996316	0.348628	5.5E-01	-0.00681514	0.00802418	0.721353	4.0E-01	0.453308	5.0E-01
rs8012185	14	58668484	0.537795	A	G	0.723155	0.991197	4.0519	4.4E-02	0.0123155	0.00626048	3.86982	4.9E-02	4.51391	3.4E-02
rs1286138	14	91485445	0.882014	T	G	0.326286	0.996304	6.27301	1.2E-02	-0.0155283	0.00596052	6.78699	9.2E-03	8.65738	3.3E-03
rs2124307	14	98344662	1.02722	T	C	0.377663	0.998341	1.6771	2.0E-01	0.00766716	0.00577504	1.76262	1.8E-01	1.84591	1.7E-01
rs7402977	15	31726824	0.452929	G	A	0.733334	0.984393	0.238516	6.3E-01	-0.00264677	0.00636456	0.17294	6.8E-01	0.274072	6.0E-01
rs12437696	15	40878474	0.62928	A	G	0.51447	0.998802	4.1494	4.2E-02	-0.0102023	0.0056068	3.31109	6.9E-02	4.08224	4.3E-02
rs150844304	15	43726625	0.641813	A	C	0.974048	0.997118	34.5398	4.2E-09	0.101185	0.0175742	33.1499	8.5E-09	31.0688	2.5E-08
rs11630710	15	56364758	0.756318	G	T	0.893172	0.979091	2.66676	1.0E-01	-0.0140564	0.00916712	2.35115	1.3E-01	2.55823	1.1E-01
rs10444840	15	58450274	0.780444	G	A	0.583871	0.991019	27.7762	1.4E-07	0.0314023	0.00569839	30.3681	3.6E-08	28.7744	8.1E-08
rs762551	15	75041917	1.00314	C	A	0.274028	1	3.12302	7.7E-02	-0.0113692	0.00625918	3.29934	6.9E-02	2.5093	1.1E-01
rs2401948	16	1340854	0.0338191	G	C	0.470436	0.984992	0.029617	8.6E-01	0.000971009	0.00563735	0.0296685	8.6E-01	0.0109935	9.2E-01
rs3747577	16	4415696	0.082586	C	G	0.259467	0.988145	0.116743	7.3E-01	0.00191052	0.00641553	0.0886827	7.7E-01	0.231841	6.3E-01
rs12918743	16	11624245	0.272102	G	A	0.537734	0.991971	3.06749	8.0E-02	0.00776351	0.00561841	1.90937	1.7E-01	2.51967	1.1E-01
rs4787456	16	28559573	0.542371	C	T	0.634142	0.996921	1.23223	2.7E-01	-0.00630903	0.00577232	1.19461	2.7E-01	1.44422	2.3E-01
rs10083738	16	29927702	0.553162	G	A	0.45121	0.999839	0.0594453	8.1E-01	0.00158214	0.00562111	0.0792223	7.8E-01	0.0516033	8.2E-01
rs16952242	16	53474250	0.64336	G	A	0.697908	0.997944	0.565612	4.5E-01	-0.00554176	0.00609689	0.826188	3.6E-01	0.895844	3.4E-01
rs9937053	16	53799507	0.64597	G	A	0.577195	0.999601	1.7565	1.9E-01	0.00911346	0.00566261	2.5902	1.1E-01	2.68873	1.0E-01
rs11866219	16	69549749	0.858341	A	C	0.415066	0.975783	5.90772	1.5E-02	-0.0135343	0.00574896	5.54234	1.9E-02	5.43105	2.0E-02
rs2550733	16	81449060	1.04439	A	G	0.430492	1	0.00346619	9.5E-01	3.2923e-05	0.0056553	3.38912e-05	1.0E+00	0.000901049	9.8E-01
rs2927333	16	81509279	1.0455	A	G	0.679395	0.985143	0.527314	4.7E-01	-0.00329513	0.00604978	0.296663	5.9E-01	0.335164	5.6E-01
rs727428	17	7537792	0.196849	T	C	0.44291	1	6.30377	1.2E-02	0.013876	0.00561403	6.10916	1.3E-02	5.27062	2.2E-02
rs8075019	17	17455192	0.444844	G	A	0.875691	0.988404	3.60921	5.7E-02	0.0171112	0.00850345	4.04922	4.4E-02	4.96134	2.6E-02
rs16942379	17	21259827	0.471679	C	T	0.508165	0.995529	4.70112	3.0E-02	-0.0115623	0.00560599	4.2539	3.9E-02	5.72143	1.7E-02
rs11651639	17	27672320	0.49569	A	T	0.483934	0.999433	0.0269898	8.7E-01	0.000351494	0.00558947	0.00395452	9.5E-01	0.00557147	9.4E-01
rs2306593	17	34866546	0.59517	C	T	0.509195	0.996584	0.0468256	8.3E-01	-0.00168244	0.00559774	0.0903342	7.6E-01	0.0416974	8.4E-01
rs55883500	17	40395267	0.664304	T	G	0.691334	0.998762	0.687804	4.1E-01	0.00449094	0.00604768	0.551439	4.6E-01	0.901072	3.4E-01
rs56328224	17	43572419	0.687192	C	T	0.774992	0.995527	0.000350252	9.9E-01	0.000163269	0.006727	0.000589067	9.8E-01	0.00672488	9.3E-01
rs3760372	17	45380002	0.698538	T	C	0.315314	0.99342	33.3106	7.9E-09	-0.0341425	0.00604169	31.9354	1.6E-08	33.4487	7.3E-09
rs11871767	17	61698723	0.887174	A	G	0.724045	0.995857	1.74074	1.9E-01	0.00823519	0.00627475	1.72248	1.9E-01	2.01865	1.6E-01
rs75003668	17	64195431	0.918963	A	G	0.966642	0.97092	47.7909	4.7E-12	-0.108323	0.0157932	47.0435	6.9E-12	50.2558	1.3E-12
rs113120414	17	66945345	0.964692	A	G	0.942645	0.937715	49.9071	1.6E-12	-0.0908789	0.0124058	53.663	2.4E-13	57.3953	3.6E-14
rs3810068	18	2846499	0.0738566	T	C	0.595452	1	0.525688	4.7E-01	-0.00465353	0.00567996	0.671233	4.1E-01	0.777969	3.8E-01
rs4890429	18	40697481	0.611694	T	C	0.738773	0.995191	2.42421	1.2E-01	0.00990218	0.00638666	2.40389	1.2E-01	2.1497	1.4E-01
rs357900	18	46585235	0.687097	T	A	0.110184	0.998906	4.85573	2.8E-02	0.0195718	0.00891543	4.81923	2.8E-02	3.88125	4.9E-02
rs3897645	18	57728947	0.82135	T	C	0.443585	1	0.943548	3.3E-01	-0.00549997	0.00565184	0.946981	3.3E-01	1.18666	2.8E-01
rs2331933	18	57955945	0.822668	T	G	0.652214	0.979252	4.20251	4.0E-02	0.0129906	0.00594507	4.77469	2.9E-02	3.89704	4.8E-02
rs12979965	19	2131148	0.0753026	A	G	0.499935	0.991113	0.39425	5.3E-01	0.00394572	0.00559939	0.496559	4.8E-01	0.340924	5.6E-01
rs2240702	19	4159873	0.144523	A	G	0.883396	0.986669	1.16715	2.8E-01	-0.00977535	0.00872119	1.25636	2.6E-01	1.41868	2.3E-01
rs1799815	19	7125519	0.224812	G	A	0.932212	1	2.01175	1.6E-01	-0.0142487	0.0110735	1.6557	2.0E-01	2.53771	1.1E-01
rs17242353	19	11200806	0.318806	C	T	0.964239	0.907108	31.5225	2.0E-08	-0.0875609	0.015799	30.7156	3.0E-08	27.8492	1.3E-07
rs35555265	19	17152232	0.420672	C	T	0.803227	0.993265	3.2271	7.2E-02	-0.0116399	0.00702977	2.74168	9.8E-02	3.16628	7.5E-02
rs1423056	19	33780444	0.560699	G	A	0.681795	0.903762	0.791899	3.7E-01	0.00568726	0.00630988	0.812389	3.7E-01	0.485476	4.9E-01
rs113504807	19	33787954	0.561506	C	T	0.951238	0.934153	0.285326	5.9E-01	-0.00707261	0.0133763	0.27957	6.0E-01	0.0614667	8.0E-01
rs544964	19	37409561	0.616104	A	G	0.417229	0.998743	2.13399	1.4E-01	0.0082268	0.00567004	2.10518	1.5E-01	3.02659	8.2E-02
rs62116588	19	44446097	0.68736	C	G	0.976805	0.933368	36.33	1.7E-09	0.114591	0.0192188	35.5508	2.5E-09	37.0424	1.2E-09
rs74747585	19	45039971	0.694152	T	C	0.974322	0.945812	34.6036	4.0E-09	0.106588	0.0180695	34.7958	3.7E-09	37.3712	9.8E-10
rs141651018	19	46042665	0.717068	C	T	0.969731	0.964852	48.2321	3.8E-12	0.117444	0.0165767	50.196	1.4E-12	51.1297	8.6E-13
rs151235402	20	569164	0.0196907	C	T	0.984757	0.956324	12.1414	4.9E-04	0.0821458	0.0234596	12.2611	4.6E-04	11.9643	5.4E-04
rs805769	20	5667459	0.191037	T	C	0.595306	0.99253	0.0112888	9.2E-01	0.000292121	0.00571615	0.00261167	9.6E-01	0.0178799	8.9E-01
rs2618568	20	17843968	0.423696	C	A	0.384197	0.989119	30.4528	3.4E-08	0.0316038	0.0057628	30.0755	4.2E-08	31.6402	1.9E-08
rs2207132	20	39142516	0.589709	G	A	0.966685	1	8.26885	4.0E-03	-0.0439911	0.0155672	7.98562	4.7E-03	6.64446	9.9E-03
rs79833227	20	44446643	0.670547	C	A	0.819405	0.99598	34.549	4.2E-09	0.0435096	0.00727117	35.8065	2.2E-09	42.4105	7.4E-11
rs6063779	20	50964151	0.79129	A	G	0.716728	0.997749	3.01323	8.3E-02	-0.0105086	0.00620591	2.86736	9.0E-02	2.82632	9.3E-02
rs6090040	20	62692060	1.09656	A	C	0.479429	0.988701	1.39945	2.4E-01	-0.00718501	0.0056245	1.63188	2.0E-01	1.22804	2.7E-01
rs66836452	21	33058743	0.322744	C	T	0.898206	0.995819	0.00610488	9.4E-01	-0.000189957	0.00926703	0.000420174	9.8E-01	0.0298832	8.6E-01
rs2836139	21	39451403	0.432375	A	G	0.514897	0.9942	1.04408	3.1E-01	0.00565045	0.0056312	1.00685	3.2E-01	0.862349	3.5E-01
rs9625551	22	29140529	0.338663	G	A	0.979191	0.995212	4.696	3.0E-02	0.0460864	0.019559	5.55203	1.8E-02	5.59413	1.8E-02
