SNP	CHR	BP	GENPOS	ALLELE1	ALLELE0	A1FREQ	INFO	CHISQ_LINREG	P_LINREG	BETA	SE	CHISQ_BOLT_LMM_INF	P_BOLT_LMM_INF	CHISQ_BOLT_LMM	P_BOLT_LMM
rs1294014	1	9325676	0.18921	C	T	0.732088	0.974098	0.918838	3.4E-01	-0.00453632	0.00638258	0.505144	4.8E-01	0.595085	4.4E-01
rs10753554	1	23619009	0.461644	T	C	0.260317	0.989627	0.835139	3.6E-01	0.00502281	0.00637644	0.620494	4.3E-01	0.800133	3.7E-01
rs75991743	1	39286089	0.662194	C	T	0.969233	1	30.8901	2.7E-08	0.0895085	0.0160822	30.9769	2.6E-08	31.4313	2.1E-08
rs72663503	1	39969059	0.670152	C	T	0.771573	0.996098	8.15225	4.3E-03	-0.0197091	0.00663398	8.82641	3.0E-03	8.49604	3.6E-03
rs657452	1	49589847	0.760469	A	G	0.390779	0.988645	0.428778	5.1E-01	0.0042168	0.00571158	0.545072	4.6E-01	0.937336	3.3E-01
rs2495477	1	55518467	0.810628	A	G	0.606604	0.96027	35.7952	2.2E-09	-0.0360976	0.00581085	38.5903	5.2E-10	33.0451	9.0E-09
rs9436299	1	65892888	0.967508	C	A	0.325082	0.970882	3.13366	7.7E-02	-0.012157	0.00603399	4.05922	4.4E-02	3.84942	5.0E-02
rs1526480	1	91209986	1.21385	T	C	0.625038	1	0.0529083	8.2E-01	0.00106654	0.00576822	0.0341876	8.5E-01	0.0156222	9.0E-01
rs4375301	1	98298371	1.27828	A	G	0.767662	0.993807	4.01639	4.5E-02	-0.0137113	0.00662341	4.2854	3.8E-02	4.97563	2.6E-02
rs3108680	1	107572997	1.35724	T	C	0.652386	0.999501	9.75587	1.8E-03	0.0185298	0.00588247	9.92254	1.6E-03	9.0877	2.6E-03
rs4970829	1	109757295	1.38629	G	A	0.928491	1	43.6023	4.0E-11	-0.0713324	0.0107966	43.6518	3.9E-11	43.4368	4.4E-11
rs2076586	1	112273026	1.42823	C	T	0.753838	0.980886	4.57122	3.3E-02	0.014302	0.00653152	4.79472	2.9E-02	6.2096	1.3E-02
rs114056923	1	154868744	1.69777	T	C	0.966966	1	0.00602647	9.4E-01	-0.000748608	0.0156315	0.00229356	9.6E-01	0.0118927	9.1E-01
rs17345893	1	170171874	1.91645	C	T	0.933651	0.998406	1.25674	2.6E-01	-0.00858377	0.0111849	0.588963	4.4E-01	0.784325	3.8E-01
rs1953096	1	170318770	1.91758	G	A	0.762782	0.999479	5.51392	1.9E-02	-0.0158536	0.00656777	5.8267	1.6E-02	4.0094	4.5E-02
rs6697844	1	172308238	1.93873	C	T	0.56798	0.996349	0.306125	5.8E-01	-0.00431633	0.00560393	0.59326	4.4E-01	0.480292	4.9E-01
rs633715	1	177852580	1.98813	T	C	0.789275	1	1.11504	2.9E-01	-0.00544591	0.00683868	0.634157	4.3E-01	0.439953	5.1E-01
rs11807331	1	196427811	2.14315	T	C	0.684298	0.996378	0.936052	3.3E-01	0.00542464	0.00599144	0.819745	3.7E-01	0.571566	4.5E-01
rs11240351	1	205044339	2.25371	A	G	0.594795	0.998205	0.127033	7.2E-01	-0.00287993	0.0056697	0.258014	6.1E-01	0.411936	5.2E-01
rs61823192	1	219294570	2.43535	C	T	0.971468	0.90297	1.32239	2.5E-01	-0.0181565	0.0175749	1.06729	3.0E-01	2.26507	1.3E-01
rs77278027	1	219392230	2.43543	C	T	0.93823	0.976746	0.0810121	7.8E-01	0.0016416	0.0117024	0.0196782	8.9E-01	0.0255813	8.7E-01
rs6683741	1	219786717	2.43742	T	G	0.861853	0.991403	1.47227	2.2E-01	-0.00810146	0.00808645	1.00372	3.2E-01	1.11539	2.9E-01
rs62106252	2	408713	0.00503892	G	A	0.950832	0.955734	1.92972	1.6E-01	0.0185661	0.013138	1.99701	1.6E-01	1.70544	1.9E-01
rs2867105	2	601905	0.00766081	T	G	0.178655	0.986439	0.19734	6.6E-01	0.00371412	0.00732051	0.257412	6.1E-01	0.166449	6.8E-01
rs711869	2	13073967	0.297329	G	A	0.443249	0.983109	0.378172	5.4E-01	-0.00347572	0.00565094	0.37831	5.4E-01	0.962743	3.3E-01
rs11677500	2	24846815	0.456236	A	G	0.443553	0.997596	4.6425	3.1E-02	-0.0121395	0.00560171	4.69637	3.0E-02	5.58575	1.8E-02
rs7933	2	43452183	0.682402	A	G	0.634849	0.981779	0.263636	6.1E-01	0.00212147	0.005827	0.132551	7.2E-01	0.0894121	7.6E-01
rs56266464	2	44054991	0.686489	G	A	0.939556	0.986548	51.6963	6.5E-13	-0.0888731	0.0117762	56.9545	4.5E-14	60.9721	5.8E-15
rs36072157	2	48953740	0.765134	G	C	0.658175	0.956087	0.0282206	8.7E-01	0.00183713	0.00599221	0.0939949	7.6E-01	0.0028031	9.6E-01
rs6546196	2	66144496	0.916561	G	A	0.525101	0.993792	1.93101	1.6E-01	-0.00888907	0.00560005	2.51959	1.1E-01	2.53402	1.1E-01
rs4316926	2	66749108	0.924328	G	A	0.396567	0.99766	3.20755	7.3E-02	-0.0118909	0.00569808	4.35484	3.7E-02	6.09121	1.4E-02
rs2170702	2	67571130	0.937008	T	C	0.545622	0.996677	0.388948	5.3E-01	0.00388705	0.00562084	0.47823	4.9E-01	0.389136	5.3E-01
rs12712049	2	100208830	1.21955	A	G	0.176674	0.985519	6.30836	1.2E-02	0.019428	0.00733957	7.00673	8.1E-03	6.27008	1.2E-02
rs72946301	2	111861838	1.33125	G	A	0.903863	0.964859	2.50212	1.1E-01	0.0177083	0.00961796	3.3899	6.6E-02	4.04747	4.4E-02
rs7593247	2	119337589	1.3956	C	T	0.503784	0.990163	0.271593	6.0E-01	-0.00273045	0.00559149	0.238459	6.3E-01	0.358605	5.5E-01
rs114666647	2	158393301	1.76187	T	C	0.987759	1	5.62308	1.8E-02	0.0632386	0.0253362	6.22992	1.3E-02	6.52957	1.1E-02
rs11899550	2	158451825	1.76314	C	T	0.92902	0.994523	2.96362	8.5E-02	-0.0186161	0.0108399	2.94938	8.6E-02	2.34123	1.3E-01
rs62173895	2	165477903	1.81419	G	C	0.329951	0.997788	2.77341	9.6E-02	-0.0101679	0.00594879	2.92152	8.7E-02	2.74498	9.8E-02
rs3769872	2	165565548	1.81514	C	T	0.941933	0.997539	2.04495	1.5E-01	0.0174914	0.0119366	2.14729	1.4E-01	2.33774	1.3E-01
rs115283512	2	172379649	1.89769	C	T	0.817449	0.996247	0.0500276	8.2E-01	-0.000848845	0.00722993	0.0137844	9.1E-01	0.109429	7.4E-01
rs62173497	2	187821910	2.04064	C	A	0.889372	0.96522	3.34227	6.8E-02	0.0159508	0.00901897	3.12788	7.7E-02	5.16225	2.3E-02
rs1837121	2	216292331	2.28555	G	A	0.273406	0.99918	3.13893	7.6E-02	0.0123245	0.00625116	3.88706	4.9E-02	3.61798	5.7E-02
rs16857748	2	218382258	2.32414	C	T	0.903272	0.999764	0.000678815	9.8E-01	-0.00102284	0.00942605	0.0117748	9.1E-01	1.01702e-05	1.0E+00
rs16866785	2	226899056	2.44178	A	G	0.775296	0.992487	16.2307	5.6E-05	0.0270709	0.00669501	16.3495	5.3E-05	14.5695	1.4E-04
rs305506	3	12026709	0.296805	G	T	0.113563	0.992655	0.648078	4.2E-01	0.00399747	0.00882084	0.205376	6.5E-01	0.0867619	7.7E-01
rs114252958	3	12409938	0.29797	C	T	0.982978	0.956617	0.91357	3.4E-01	-0.0189174	0.022102	0.732588	3.9E-01	0.784372	3.8E-01
rs13086654	3	35532275	0.595296	G	A	0.863267	0.996625	0.0823634	7.7E-01	-0.00121222	0.00808603	0.0224745	8.8E-01	0.000220919	9.9E-01
rs11926707	3	46925539	0.687568	T	C	0.379143	0.985514	2.50869	1.1E-01	-0.00843864	0.00576613	2.14179	1.4E-01	1.89417	1.7E-01
rs614288	3	52220203	0.695484	T	C	0.466765	1	6.58201	1.0E-02	0.0147656	0.00556908	7.02971	8.0E-03	5.94353	1.5E-02
rs11718560	3	64584862	0.868956	C	T	0.731847	0.985124	0.279276	6.0E-01	-0.00373637	0.00632412	0.349059	5.5E-01	0.271862	6.0E-01
rs4688498	3	64674599	0.871028	C	T	0.669682	0.985151	2.07032	1.5E-01	0.00754514	0.00596411	1.60045	2.1E-01	2.09337	1.5E-01
rs9872683	3	123155892	1.35844	A	C	0.408022	0.993775	0.0186943	8.9E-01	0.00223737	0.00567315	0.155535	6.9E-01	0.180156	6.7E-01
rs62265318	3	128752986	1.42297	G	A	0.965093	0.926921	0.00154102	9.7E-01	0.00283426	0.0157359	0.0324412	8.6E-01	0.00488374	9.4E-01
rs143418767	3	129105690	1.42548	G	A	0.980767	0.944053	0.190289	6.6E-01	-0.00949259	0.0208859	0.206569	6.5E-01	0.273945	6.0E-01
rs112551697	3	150018637	1.64271	G	A	0.96554	0.928479	2.69432	1.0E-01	-0.0263558	0.0157892	2.78635	9.5E-02	2.64369	1.0E-01
rs7617389	3	156801088	1.71237	T	C	0.32586	0.969927	3.11143	7.8E-02	0.0108504	0.00604417	3.22268	7.3E-02	3.66938	5.5E-02
rs998749	3	168972802	1.77947	A	G	0.517178	0.992407	1.14315	2.8E-01	0.0037453	0.00558029	0.450465	5.0E-01	0.440166	5.1E-01
rs1499813	3	171760427	1.8208	T	C	0.587431	1	1.45045	2.3E-01	0.00737378	0.00568008	1.68527	1.9E-01	1.89394	1.7E-01
rs11705729	3	185507299	2.01659	A	T	0.6869	0.999805	1.64208	2.0E-01	-0.00685013	0.00600325	1.30204	2.5E-01	2.24473	1.3E-01
rs7697256	4	848335	0.00782825	C	T	0.727433	0.999147	1.36658	2.4E-01	0.00828995	0.00625162	1.75841	1.8E-01	1.23328	2.7E-01
rs7659144	4	3098321	0.0324978	C	G	0.656231	0.995037	12.0867	5.1E-04	0.0202158	0.00586028	11.9	5.6E-04	10.616	1.1E-03
rs4450871	4	4990298	0.0879764	A	G	0.554775	1	11.0554	8.8E-04	0.0186166	0.00561237	11.0029	9.1E-04	10.66	1.1E-03
rs1912897	4	26006133	0.455942	A	T	0.79303	0.98817	3.87182	4.9E-02	-0.0145275	0.00691789	4.40994	3.6E-02	3.99863	4.6E-02
rs17644283	4	26308792	0.461396	A	G	0.370735	0.99507	5.99929	1.4E-02	0.0152143	0.00578967	6.90551	8.6E-03	7.03829	8.0E-03
rs11133373	4	56215631	0.730194	C	G	0.682789	0.992346	0.0871812	7.7E-01	-0.001571	0.00601313	0.0682575	7.9E-01	0.0126713	9.1E-01
rs3775403	4	89615174	1.04851	T	C	0.869029	0.98982	1.63945	2.0E-01	0.0124077	0.00830314	2.23304	1.4E-01	2.80352	9.4E-02
rs17014616	4	89736565	1.04925	A	T	0.931087	0.996962	2.62938	1.0E-01	-0.0183971	0.0110045	2.79484	9.5E-02	3.90667	4.8E-02
rs12647922	4	106063987	1.17944	C	T	0.794569	0.998343	3.61196	5.7E-02	0.0135398	0.00689035	3.86135	4.9E-02	3.93674	4.7E-02
rs7655064	4	120106348	1.31331	T	C	0.875314	0.995692	0.327452	5.7E-01	-0.00423354	0.00843202	0.252084	6.2E-01	0.238655	6.3E-01
rs11727676	4	145659064	1.53853	T	C	0.903374	1	0.283276	5.9E-01	-0.00526132	0.00944177	0.310515	5.8E-01	0.490474	4.8E-01
rs13178917	5	4007353	0.10142	C	T	0.551974	0.99437	1.28395	2.6E-01	0.0060578	0.0055914	1.17379	2.8E-01	0.701698	4.0E-01
rs3792751	5	32773314	0.512212	C	T	0.626583	0.990118	2.06103	1.5E-01	-0.00767893	0.00577972	1.76518	1.8E-01	1.02421	3.1E-01
rs17457629	5	38795199	0.597633	A	T	0.728239	0.988005	0.130668	7.2E-01	-0.00236629	0.0062951	0.141297	7.1E-01	0.165021	6.8E-01
rs2448	5	53302354	0.644969	T	C	0.737842	0.999532	1.07265	3.0E-01	-0.00549888	0.00634619	0.750796	3.9E-01	1.19609	2.7E-01
rs1559215	5	54867827	0.667887	G	A	0.339397	0.996823	0.0813341	7.8E-01	0.00208413	0.00590089	0.124742	7.2E-01	0.26331	6.1E-01
rs11949724	5	55832217	0.681021	G	A	0.635455	1	4.11343	4.3E-02	-0.0121567	0.0058052	4.38531	3.6E-02	4.39165	3.6E-02
rs1002473	5	56274077	0.686309	T	G	0.206197	0.999836	0.966256	3.3E-01	0.00705809	0.00690522	1.04477	3.1E-01	0.740551	3.9E-01
rs34697	5	66298637	0.77068	A	G	0.432612	0.987874	0.00464493	9.5E-01	0.00201262	0.00566592	0.126177	7.2E-01	0.163064	6.9E-01
rs7710706	5	74343769	0.860085	G	A	0.642166	0.992025	30.6246	3.1E-08	0.0318686	0.00583652	29.8138	4.8E-08	33.641	6.6E-09
rs6870983	5	87697533	1.01437	C	T	0.787184	0.995128	1.11926	2.9E-01	0.00639394	0.00680769	0.882141	3.5E-01	0.579965	4.5E-01
rs27361	5	102548967	1.1092	G	A	0.700242	0.998319	1.38026	2.4E-01	-0.00842685	0.00608574	1.91736	1.7E-01	2.77453	9.6E-02
rs34864074	5	112875535	1.20089	A	C	0.809873	0.995669	1.18067	2.8E-01	-0.00841659	0.00714744	1.38666	2.4E-01	1.54905	2.1E-01
rs10519585	5	118676529	1.27446	T	C	0.712535	0.977148	6.21289	1.3E-02	0.0153349	0.00621693	6.08432	1.4E-02	5.64047	1.8E-02
rs4705986	5	132349654	1.39065	T	G	0.937241	0.978165	0.216502	6.4E-01	0.00813143	0.0116191	0.489762	4.8E-01	0.216035	6.4E-01
rs33999	5	141973349	1.48937	C	G	0.612065	0.9834	0.13059	7.2E-01	-0.00152077	0.00575058	0.0699364	7.9E-01	0.081494	7.8E-01
rs10477191	5	142077715	1.49476	A	G	0.950886	0.911257	0.333199	5.6E-01	-0.00891861	0.0135564	0.432821	5.1E-01	0.724452	3.9E-01
rs72846967	5	171849098	1.88961	A	G	0.706231	0.999429	0.452768	5.0E-01	-0.0041368	0.00611706	0.457346	5.0E-01	0.610156	4.3E-01
rs2053681	5	172746086	1.91113	A	G	0.485601	0.912476	0.349271	5.5E-01	0.00449104	0.00584725	0.589918	4.4E-01	0.532637	4.7E-01
rs201058	6	6726017	0.180973	A	G	0.438993	0.99583	0.876952	3.5E-01	0.00495044	0.00561479	0.777356	3.8E-01	0.450497	5.0E-01
rs2326776	6	6761881	0.18302	G	A	0.790616	0.988382	0.565302	4.5E-01	-0.00416544	0.00687946	0.366617	5.4E-01	0.246075	6.2E-01
rs7751325	6	7209132	0.195952	C	T	0.550375	0.99847	0.744834	3.9E-01	-0.00430205	0.00560564	0.58898	4.4E-01	0.51345	4.7E-01
rs17584626	6	20560435	0.409936	A	T	0.687051	0.984667	3.14166	7.6E-02	0.0117849	0.00604637	3.79893	5.1E-02	4.10343	4.3E-02
rs114376405	6	30770701	0.507083	G	A	0.988554	0.994696	6.55623	1.0E-02	0.0621117	0.0262495	5.59895	1.8E-02	5.58663	1.8E-02
rs3094225	6	31113052	0.510178	G	A	0.26968	0.999821	1.20714	2.7E-01	-0.0066281	0.00628476	1.11225	2.9E-01	0.731308	3.9E-01
rs9267989	6	32219320	0.51869	G	T	0.79171	0.999726	0.968858	3.2E-01	-0.00517732	0.00683565	0.573653	4.5E-01	0.535829	4.6E-01
rs181133225	6	32454764	0.520293	T	C	0.893444	0.778953	5.69847	1.7E-02	-0.0209877	0.0101655	4.26254	3.9E-02	3.37364	6.6E-02
rs117108573	6	32489679	0.520303	C	T	0.921405	0.866866	7.22146	7.2E-03	-0.0262061	0.0110477	5.62677	1.8E-02	3.95258	4.7E-02
rs142779375	6	34165351	0.545713	T	G	0.952718	0.997081	0.0150471	9.0E-01	-0.00270433	0.0131184	0.0424971	8.4E-01	0.0076572	9.3E-01
rs1574430	6	43269029	0.669727	A	C	0.391321	0.999399	0.35028	5.5E-01	-0.00290711	0.00570535	0.259632	6.1E-01	0.202952	6.5E-01
rs9381248	6	43734606	0.675407	C	T	0.87836	0.993046	1.75356	1.9E-01	-0.013245	0.00855387	2.39762	1.2E-01	2.66366	1.0E-01
rs35349911	6	43785255	0.678849	C	T	0.409597	0.97009	0.000809326	9.8E-01	-5.47599e-05	0.00575984	9.03868e-05	9.9E-01	0.0355304	8.5E-01
rs10452561	6	80805796	0.920872	T	C	0.874288	0.991795	0.0686502	7.9E-01	-0.00390644	0.00840944	0.215789	6.4E-01	0.0711386	7.9E-01
rs1902066	6	81346033	0.922431	T	C	0.437575	0.991679	0.572682	4.5E-01	-0.00329098	0.00564005	0.340474	5.6E-01	0.498232	4.8E-01
rs6924944	6	100597579	1.0811	A	T	0.245827	0.981159	0.0975031	7.5E-01	-0.00258257	0.00654541	0.155679	6.9E-01	0.0379203	8.5E-01
rs72969772	6	126187585	1.32503	A	G	0.980332	1	0.130155	7.2E-01	0.010345	0.0201126	0.264557	6.1E-01	0.0240548	8.8E-01
rs9986505	6	126445558	1.32603	A	G	0.6761	0.991308	0.0296018	8.6E-01	-0.00194443	0.00597501	0.105902	7.4E-01	0.00316556	9.6E-01
rs74949497	6	126812007	1.32699	A	C	0.97518	1	2.87268	9.0E-02	-0.0292112	0.018002	2.63304	1.0E-01	2.60148	1.1E-01
rs9389689	6	139813632	1.50282	G	C	0.504922	0.997811	2.29651	1.3E-01	-0.00812642	0.00556064	2.13575	1.4E-01	2.62452	1.1E-01
rs851978	6	152029556	1.64243	G	T	0.726311	0.996212	0.738706	3.9E-01	0.0048611	0.00626571	0.601905	4.4E-01	1.10332	2.9E-01
rs2282137	6	160468180	1.77084	G	A	0.984432	0.989502	33.4543	7.3E-09	0.13103	0.0225705	33.7023	6.4E-09	33.1332	8.6E-09
rs3103347	6	160746512	1.77437	C	T	0.843603	0.994667	27.2939	1.7E-07	0.0418461	0.00765896	29.8518	4.7E-08	35.3231	2.8E-09
rs960589	7	25823647	0.43812	A	C	0.837349	0.976235	0.182914	6.7E-01	-0.00518503	0.0076171	0.463365	5.0E-01	0.846199	3.6E-01
rs12671127	7	26309246	0.44373	C	T	0.633613	0.988487	0.301836	5.8E-01	0.0038776	0.0057992	0.447084	5.0E-01	0.528196	4.7E-01
rs2189239	7	27237453	0.453427	C	T	0.917096	0.977954	0.13922	7.1E-01	0.00191814	0.0102284	0.0351676	8.5E-01	0.0186543	8.9E-01
rs13223303	7	42692711	0.680137	T	C	0.70789	0.997675	2.83318	9.2E-02	0.010455	0.00612488	2.91376	8.8E-02	2.7442	9.8E-02
rs17725246	7	44581986	0.698744	T	C	0.815924	0.999146	28.831	7.9E-08	0.0391002	0.00715902	29.8298	4.7E-08	31.9886	1.6E-08
rs35867424	7	72032358	0.893844	G	A	0.97046	0.950986	41.8273	1.0E-10	0.115656	0.016834	47.2023	6.4E-12	49.1373	2.4E-12
rs113452856	7	72859135	0.899612	G	A	0.96835	0.994361	37.7794	7.9E-10	0.0985485	0.0159129	38.3533	5.9E-10	42.7528	6.2E-11
rs72649044	7	73029207	0.899737	C	T	0.966833	0.988652	5.99712	1.4E-02	0.0356983	0.0155918	5.24207	2.2E-02	5.23499	2.2E-02
rs6966632	7	77342199	0.936905	G	T	0.502987	0.998098	1.65159	2.0E-01	0.00819388	0.00557241	2.16219	1.4E-01	2.00733	1.6E-01
rs2470945	7	104585760	1.19835	C	A	0.596387	0.999188	1.01094	3.1E-01	-0.00551737	0.00564852	0.954099	3.3E-01	1.05904	3.0E-01
rs4313084	7	114586903	1.30546	C	T	0.0829266	0.999308	4.83492	2.8E-02	0.0221542	0.0100929	4.81817	2.8E-02	3.81401	5.1E-02
rs12154627	7	130422934	1.4017	T	C	0.506907	0.97487	16.941	3.9E-05	0.0224005	0.00562954	15.8332	6.9E-05	19.2919	1.1E-05
rs2980478	8	8088230	0.237388	T	C	0.524982	0.963758	44.374	2.7E-11	0.0386063	0.00569415	45.9685	1.2E-11	46.7023	8.3E-12
rs7017756	8	19618498	0.468976	T	C	0.132766	0.988969	30.872	2.8E-08	0.0455784	0.0082332	30.6465	3.1E-08	29.8212	4.7E-08
rs7011846	8	19785656	0.472099	G	A	0.973938	0.953458	30.2292	3.8E-08	-0.0988546	0.0179773	30.2374	3.8E-08	32.243	1.4E-08
rs190118115	8	19793581	0.472107	C	T	0.981499	0.949118	55.5716	9.0E-14	-0.158732	0.0211488	56.332	6.1E-14	57.3157	3.7E-14
rs117910839	8	19822741	0.472654	T	A	0.968853	0.96561	60.3857	7.8E-15	0.123936	0.0163008	57.8061	2.9E-14	59.5222	1.2E-14
rs11992444	8	25464690	0.565812	G	T	0.49058	1	7.03096	8.0E-03	0.0143073	0.00555438	6.63506	1.0E-02	5.64067	1.8E-02
rs7815496	8	38321607	0.69461	C	T	0.597431	0.996532	0.000294489	9.9E-01	0.00088365	0.0056712	0.0242779	8.8E-01	0.10773	7.4E-01
rs10093418	8	72392687	0.950051	A	G	0.892444	0.978176	4.78514	2.9E-02	-0.0193773	0.00902103	4.61399	3.2E-02	4.80036	2.8E-02
rs144435165	8	126419938	1.45107	G	C	0.944194	0.785853	6.87215	8.8E-03	-0.0315445	0.0136553	5.33633	2.1E-02	6.02486	1.4E-02
rs283727	8	128313360	1.48991	G	A	0.465104	0.977161	0.0231722	8.8E-01	-7.95982e-05	0.00565887	0.000197855	9.9E-01	0.287218	5.9E-01
rs2131919	9	95283887	1.12689	A	G	0.83667	0.999136	1.44605	2.3E-01	-0.00975155	0.00755762	1.66486	2.0E-01	1.0833	3.0E-01
rs2398893	9	96758342	1.14182	A	G	0.725421	0.999804	2.89674	8.9E-02	-0.0114567	0.0062522	3.3578	6.7E-02	4.33734	3.7E-02
rs12686004	9	107653426	1.24316	G	A	0.884341	1	12.2659	4.6E-04	0.0297847	0.00870499	11.7071	6.2E-04	12.3885	4.3E-04
rs10991414	9	107685589	1.24582	T	C	0.861068	0.989408	2.29804	1.3E-01	-0.0114934	0.00811483	2.00604	1.6E-01	0.908408	3.4E-01
rs73519946	9	107868862	1.24912	A	T	0.958103	0.989128	3.33547	6.8E-02	-0.0252775	0.0139983	3.26074	7.1E-02	1.99581	1.6E-01
rs7857390	9	136128546	1.66194	A	G	0.41692	0.985267	33.2776	8.0E-09	0.0316744	0.00568202	31.0751	2.5E-08	33.2852	8.0E-09
rs7096078	10	3560644	0.0740604	C	T	0.425467	0.981688	0.435491	5.1E-01	-0.00419968	0.00567742	0.547182	4.6E-01	0.0481572	8.3E-01
rs2907794	10	32391109	0.603202	G	A	0.758285	0.99713	0.264317	6.1E-01	-0.00262323	0.00650358	0.162693	6.9E-01	0.00110278	9.7E-01
rs2247486	10	33489594	0.609463	A	G	0.603119	0.998525	0.303054	5.8E-01	0.00290297	0.00567666	0.261517	6.1E-01	0.124441	7.2E-01
rs12243209	10	63783406	0.859343	T	C	0.963634	0.99691	0.915883	3.4E-01	-0.0163445	0.0149278	1.19882	2.7E-01	1.53259	2.2E-01
rs10995041	10	63867523	0.860298	A	C	0.754056	0.97671	0.606942	4.4E-01	0.00650071	0.00655864	0.982411	3.2E-01	0.21745	6.4E-01
rs7089698	10	65384567	0.871611	A	G	0.465243	0.998398	34.1751	5.0E-09	0.0336896	0.0056004	36.187	1.8E-09	39.931	2.6E-10
rs703985	10	80940740	1.06575	A	T	0.590861	0.992524	0.0780532	7.8E-01	0.00131729	0.00568863	0.0536225	8.2E-01	0.501512	4.8E-01
rs11202614	10	89755643	1.15952	C	T	0.838039	0.997476	1.70904	1.9E-01	-0.00927011	0.00759072	1.49144	2.2E-01	2.5177	1.1E-01
rs10882028	10	93943900	1.2086	C	T	0.408953	0.999201	0.562776	4.5E-01	-0.00449078	0.00564778	0.632248	4.3E-01	0.861445	3.5E-01
rs7917772	10	104487443	1.30576	G	A	0.367969	1	3.32317	6.8E-02	-0.0109461	0.00576384	3.60657	5.8E-02	3.29684	6.9E-02
rs11596249	10	122812361	1.5266	T	G	0.911116	0.993945	0.00447722	9.5E-01	0.00146954	0.00980703	0.0224537	8.8E-01	0.017762	8.9E-01
rs10788149	10	122967170	1.52881	G	A	0.320548	1	5.02174	2.5E-02	0.0126632	0.0059826	4.48029	3.4E-02	4.88005	2.7E-02
rs140201358	11	823586	0.0109832	C	G	0.986248	1	1.93706	1.6E-01	-0.0374447	0.0239122	2.45211	1.2E-01	2.90128	8.9E-02
rs7932891	11	10921512	0.210707	A	G	0.294517	0.99931	7.70515	5.5E-03	0.0145198	0.00610298	5.66027	1.7E-02	7.6045	5.8E-03
rs11029441	11	26279145	0.452845	T	C	0.920415	0.988421	2.4987	1.1E-01	-0.0152489	0.0103464	2.17222	1.4E-01	3.71369	5.4E-02
rs12786130	11	27505954	0.464069	C	T	0.238291	0.989196	10.1183	1.5E-03	0.0196885	0.00656694	8.98876	2.7E-03	7.24958	7.1E-03
rs56386213	11	36291554	0.562467	A	G	0.595018	1	0.158981	6.9E-01	0.00395422	0.00563949	0.491635	4.8E-01	0.654453	4.2E-01
rs10792318	11	61531443	0.703376	A	G	0.749747	1	35.4767	2.6E-09	-0.0391793	0.0064416	36.9935	1.2E-09	38.4047	5.7E-10
rs2509963	11	62192931	0.710202	T	C	0.257705	0.993079	0.0987089	7.5E-01	0.00212109	0.0063498	0.111583	7.4E-01	0.0380023	8.5E-01
rs11231137	11	62315699	0.714502	G	A	0.701274	0.997506	2.89669	8.9E-02	-0.00974082	0.00608428	2.56315	1.1E-01	2.34099	1.3E-01
rs61881114	11	68996697	0.758653	C	T	0.848445	0.991928	1.64641	2.0E-01	-0.00810611	0.00777379	1.08733	3.0E-01	0.884125	3.5E-01
rs12362685	11	111478720	1.18727	A	T	0.621328	0.997217	0.0759253	7.8E-01	0.00296248	0.00574963	0.26548	6.1E-01	0.536573	4.6E-01
rs11216109	11	116580815	1.26023	C	G	0.791164	0.994761	44.2081	3.0E-11	-0.0468779	0.00686067	46.6879	8.3E-12	46.0533	1.2E-11
rs1003081	11	118913993	1.29361	C	T	0.544862	0.993306	0.475459	4.9E-01	-0.00358286	0.0056046	0.408668	5.2E-01	0.318698	5.7E-01
rs579682	11	122014110	1.35175	C	T	0.283365	0.991186	0.323385	5.7E-01	0.00302454	0.00620881	0.237302	6.3E-01	0.0537006	8.2E-01
rs747249	11	130271647	1.49781	A	G	0.360849	0.986641	0.367378	5.4E-01	0.00382446	0.00584112	0.428696	5.1E-01	1.08222	3.0E-01
rs10771260	12	26253557	0.45721	A	C	0.608183	0.995844	2.9842	8.4E-02	-0.0112762	0.00572903	3.87402	4.9E-02	3.51971	6.1E-02
rs16915737	12	26403614	0.459048	C	T	0.928538	0.993226	0.0350963	8.5E-01	-9.24885e-05	0.0108163	7.31174e-05	9.9E-01	0.0809563	7.8E-01
rs7310959	12	45968598	0.59006	G	A	0.897555	1	11.5903	6.6E-04	-0.0319723	0.00920179	12.0727	5.1E-04	11.4181	7.3E-04
rs75824359	12	54320490	0.68262	A	G	0.970266	0.973341	0.190278	6.6E-01	0.00947611	0.0166109	0.325444	5.7E-01	0.655006	4.2E-01
rs7961915	12	66425288	0.795219	A	G	0.213926	0.943584	4.78541	2.9E-02	0.0154085	0.00697799	4.87594	2.7E-02	6.27774	1.2E-02
rs704067	12	89726027	1.03172	G	A	0.545146	0.989595	1.27578	2.6E-01	-0.00750589	0.00563839	1.77213	1.8E-01	1.65373	2.0E-01
rs7958469	12	107052620	1.26171	G	A	0.638699	0.995036	1.25559	2.6E-01	-0.00664391	0.00580874	1.30823	2.5E-01	1.93156	1.6E-01
rs1169809	12	121688026	1.45624	G	A	0.700971	0.994402	13.3936	2.5E-04	-0.0227417	0.00609495	13.9222	1.9E-04	12.559	3.9E-04
rs139948644	12	123200016	1.46983	C	T	0.972202	0.923516	0.00429911	9.5E-01	-0.0045161	0.0175893	0.0659222	8.0E-01	0.108783	7.4E-01
rs11060406	12	123339117	1.47024	C	T	0.96325	0.964271	5.96089	1.5E-02	-0.038244	0.0150168	6.48588	1.1E-02	7.72314	5.5E-03
rs34149579	12	123345509	1.47026	G	T	0.947363	1	3.07731	7.9E-02	-0.0235903	0.0124665	3.58082	5.8E-02	3.96768	4.6E-02
rs11613189	12	124642803	1.48018	C	T	0.627038	0.983075	0.283488	5.9E-01	0.00283107	0.00583616	0.235313	6.3E-01	0.232827	6.3E-01
rs1045411	13	31033232	0.263482	C	T	0.7313	0.996942	0.000900519	9.8E-01	0.000168652	0.00630393	0.000715746	9.8E-01	0.0247624	8.7E-01
rs10507524	13	44684600	0.468128	T	C	0.907237	0.994143	0.660742	4.2E-01	0.008297	0.00965682	0.738199	3.9E-01	0.261687	6.1E-01
rs7334326	13	50967732	0.53896	G	C	0.858576	0.996316	0.148602	7.0E-01	0.00452615	0.00799688	0.320345	5.7E-01	0.200682	6.5E-01
rs8012185	14	58668484	0.537795	A	G	0.723155	0.991197	8.31457	3.9E-03	-0.017793	0.00623958	8.13181	4.3E-03	9.89426	1.7E-03
rs1286138	14	91485445	0.882014	T	G	0.326286	0.996304	5.47172	1.9E-02	0.0139828	0.00594062	5.5402	1.9E-02	6.83906	8.9E-03
rs2124307	14	98344662	1.02722	T	C	0.377663	0.998341	2.78102	9.5E-02	-0.00987186	0.00575577	2.94166	8.6E-02	3.51711	6.1E-02
rs7402977	15	31726824	0.452929	G	A	0.733334	0.984393	0.0850951	7.7E-01	0.00121256	0.00634603	0.0365092	8.5E-01	0.0901094	7.6E-01
rs12437696	15	40878474	0.62928	A	G	0.51447	0.998802	1.42094	2.3E-01	0.0057101	0.00559047	1.04325	3.1E-01	1.12915	2.9E-01
rs28364406	15	42679423	0.640004	C	T	0.981772	0.986947	36.5812	1.5E-09	-0.122204	0.0209679	33.9673	5.6E-09	35.2882	2.8E-09
rs11630710	15	56364758	0.756318	G	T	0.893172	0.979091	0.133813	7.1E-01	0.00237384	0.00914043	0.0674483	8.0E-01	0.0212581	8.8E-01
rs12911939	15	63800065	0.876679	T	C	0.431976	0.996322	10.5045	1.2E-03	0.019994	0.00563599	12.5851	3.9E-04	13.5438	2.3E-04
rs762551	15	75041917	1.00314	C	A	0.274028	1	5.06701	2.4E-02	0.0145318	0.00624095	5.4217	2.0E-02	4.36535	3.7E-02
rs2401948	16	1340854	0.0338191	G	C	0.470436	0.984992	0.949971	3.3E-01	-0.00528982	0.00561665	0.887008	3.5E-01	0.540242	4.6E-01
rs3747577	16	4415696	0.082586	C	G	0.259467	0.988145	0.0745001	7.8E-01	0.00264496	0.00639197	0.171225	6.8E-01	0.102273	7.5E-01
rs12918743	16	11624245	0.272102	G	A	0.537734	0.991971	6.28031	1.2E-02	-0.0121588	0.00559778	4.71788	3.0E-02	5.30901	2.1E-02
rs4787456	16	28559573	0.542371	C	T	0.634142	0.996921	1.45442	2.3E-01	0.00705964	0.00575112	1.50681	2.2E-01	1.63329	2.0E-01
rs10083738	16	29927702	0.553162	G	A	0.45121	0.999839	0.208684	6.5E-01	-0.00291111	0.00560047	0.27019	6.0E-01	0.214436	6.4E-01
rs16952242	16	53474250	0.64336	G	A	0.697908	0.997944	0.465237	5.0E-01	0.00541434	0.0060745	0.794455	3.7E-01	1.06553	3.0E-01
rs9937053	16	53799507	0.64597	G	A	0.577195	0.999601	2.01923	1.6E-01	-0.00925554	0.00564182	2.69132	1.0E-01	2.29348	1.3E-01
rs11866219	16	69549749	0.858341	A	C	0.415066	0.975783	5.4185	2.0E-02	0.0131445	0.00572784	5.26632	2.2E-02	5.29855	2.1E-02
rs2550733	16	81449060	1.04439	A	G	0.430492	1	0.0641234	8.0E-01	0.00211514	0.00563453	0.140916	7.1E-01	0.106935	7.4E-01
rs2927333	16	81509279	1.0455	A	G	0.679395	0.985143	1.04004	3.1E-01	0.00487281	0.00602757	0.653543	4.2E-01	0.52575	4.7E-01
rs727428	17	7537792	0.196849	T	C	0.44291	1	5.84421	1.6E-02	-0.013117	0.00559444	5.49735	1.9E-02	4.30211	3.8E-02
rs8075019	17	17455192	0.444844	G	A	0.875691	0.988404	3.0678	8.0E-02	-0.0159503	0.00847378	3.54309	6.0E-02	4.76559	2.9E-02
rs16942379	17	21259827	0.471679	C	T	0.508165	0.995529	6.05012	1.4E-02	0.0133443	0.00558643	5.70591	1.7E-02	7.49204	6.2E-03
rs11651639	17	27672320	0.49569	A	T	0.483934	0.999433	0.0267321	8.7E-01	0.00186505	0.00556997	0.112118	7.4E-01	0.208103	6.5E-01
rs2306593	17	34866546	0.59517	C	T	0.509195	0.996584	0.395542	5.3E-01	0.00415073	0.00557821	0.553681	4.6E-01	0.502065	4.8E-01
rs55883500	17	40395267	0.664304	T	G	0.691334	0.998762	1.18157	2.8E-01	-0.00655585	0.00602658	1.18336	2.8E-01	1.97084	1.6E-01
rs56328224	17	43572419	0.687192	C	T	0.774992	0.995527	0.867568	3.5E-01	0.00679346	0.00670353	1.02701	3.1E-01	0.870182	3.5E-01
rs11871767	17	61698723	0.887174	A	G	0.724045	0.995857	6.2176	1.3E-02	-0.0150783	0.00625286	5.81495	1.6E-02	6.57783	1.0E-02
rs1801689	17	64210580	0.919581	A	C	0.96949	1	30.7596	2.9E-08	0.0912537	0.0162018	31.7231	1.8E-08	36.3765	1.6E-09
rs113120414	17	66945345	0.964692	A	G	0.942645	0.937715	32.9198	9.6E-09	0.0729106	0.0123625	34.7829	3.7E-09	42.2935	7.9E-11
rs3810068	18	2846499	0.0738566	T	C	0.595452	1	2.42886	1.2E-01	0.00813012	0.00566031	2.06307	1.5E-01	1.52609	2.2E-01
rs4890429	18	40697481	0.611694	T	C	0.738773	0.995191	1.42135	2.3E-01	-0.00764263	0.00636457	1.44194	2.3E-01	0.95051	3.3E-01
rs357900	18	46585235	0.687097	T	A	0.110184	0.998906	6.04779	1.4E-02	-0.0203236	0.00888459	5.23271	2.2E-02	4.81327	2.8E-02
rs3897645	18	57728947	0.82135	T	C	0.443585	1	0.107265	7.4E-01	0.00245157	0.00563229	0.18946	6.6E-01	0.571224	4.5E-01
rs2331933	18	57955945	0.822668	T	G	0.652214	0.979252	2.62415	1.1E-01	-0.0106025	0.00592451	3.20265	7.4E-02	2.45447	1.2E-01
rs12979965	19	2131148	0.0753026	A	G	0.499935	0.991113	1.99156	1.6E-01	-0.00816079	0.0055745	2.14315	1.4E-01	1.26609	2.6E-01
rs2240702	19	4159873	0.144523	A	G	0.883396	0.986669	0.171152	6.8E-01	0.00345258	0.00868242	0.158127	6.9E-01	0.238508	6.3E-01
rs1799815	19	7125519	0.224812	G	A	0.932212	1	2.96964	8.5E-02	0.0172477	0.0110243	2.44773	1.2E-01	3.59645	5.8E-02
rs35555265	19	17152232	0.420672	C	T	0.803227	0.993265	4.91653	2.7E-02	0.0147852	0.00699851	4.46316	3.5E-02	4.52478	3.3E-02
rs72999466	19	18248499	0.447893	C	T	0.742123	0.99893	1.639	2.0E-01	0.00966037	0.00634687	2.31669	1.3E-01	1.82718	1.8E-01
rs1423056	19	33780444	0.560699	G	A	0.681795	0.903762	0.805026	3.7E-01	-0.00602735	0.00628183	0.92062	3.4E-01	0.579771	4.5E-01
rs113504807	19	33787954	0.561506	C	T	0.951238	0.934153	0.0209358	8.8E-01	0.00140749	0.0133168	0.0111711	9.2E-01	0.0140366	9.1E-01
rs544964	19	37409561	0.616104	A	G	0.417229	0.998743	0.918553	3.4E-01	-0.00526878	0.00564484	0.871199	3.5E-01	1.52757	2.2E-01
rs62116588	19	44446097	0.68736	C	G	0.976805	0.933368	45.3781	1.6E-11	-0.128953	0.0191334	45.4235	1.6E-11	48.1606	3.9E-12
rs55840997	19	44480979	0.687479	G	A	0.981353	1	31.7132	1.8E-08	-0.116258	0.0205511	32.0018	1.5E-08	36.1299	1.8E-09
rs35068131	19	55983854	0.996203	T	C	0.534309	0.942965	0.294586	5.9E-01	0.00297195	0.00573012	0.269001	6.0E-01	0.240542	6.2E-01
rs151235402	20	569164	0.0196907	C	T	0.984757	0.956324	14.822	1.2E-04	-0.0883176	0.0233795	14.27	1.6E-04	12.8871	3.3E-04
rs805769	20	5667459	0.191037	T	C	0.595306	0.99253	0.0312642	8.6E-01	0.000410365	0.00569665	0.00518921	9.4E-01	0.00598846	9.4E-01
rs2618568	20	17843968	0.423696	C	A	0.384197	0.989119	36.4257	1.6E-09	-0.0348633	0.00574314	36.85	1.3E-09	38.8175	4.7E-10
rs2207132	20	39142516	0.589709	G	A	0.966685	1	3.15082	7.6E-02	0.0294184	0.0155141	3.59574	5.8E-02	2.24609	1.3E-01
rs3091552	20	45440006	0.689385	C	G	0.264162	0.950692	0.965027	3.3E-01	0.00845562	0.00646733	1.70939	1.9E-01	2.28922	1.3E-01
rs1999536	20	45581777	0.691337	G	C	0.430706	0.994672	0.950376	3.3E-01	0.00512174	0.00563588	0.825871	3.6E-01	0.717634	4.0E-01
rs1206829	20	45762552	0.696622	A	G	0.446378	0.998025	0.0363444	8.5E-01	-0.00172366	0.00560148	0.0946886	7.6E-01	0.317605	5.7E-01
rs6063779	20	50964151	0.79129	A	G	0.716728	0.997749	2.12811	1.4E-01	0.008363	0.00618474	1.82844	1.8E-01	2.06788	1.5E-01
rs28710106	20	51712678	0.801721	C	T	0.889914	0.997611	0.111342	7.4E-01	-0.00256705	0.00892101	0.082802	7.7E-01	0.0727107	7.9E-01
rs6090040	20	62692060	1.09656	A	C	0.479429	0.988701	3.93591	4.7E-02	0.0114102	0.0056053	4.14367	4.2E-02	3.33639	6.8E-02
rs66836452	21	33058743	0.322744	C	T	0.898206	0.995819	1.24246	2.6E-01	-0.010642	0.00923551	1.32777	2.5E-01	0.688193	4.1E-01
rs2836139	21	39451403	0.432375	A	G	0.514897	0.9942	3.36075	6.7E-02	-0.0103459	0.00561204	3.39859	6.5E-02	3.26599	7.1E-02
rs9625551	22	29140529	0.338663	G	A	0.979191	0.995212	0.921191	3.4E-01	-0.0234469	0.0194921	1.44696	2.3E-01	1.21851	2.7E-01
