SNP	CHR	BP	GENPOS	ALLELE1	ALLELE0	A1FREQ	INFO	CHISQ_LINREG	P_LINREG	BETA	SE	CHISQ_BOLT_LMM_INF	P_BOLT_LMM_INF
rs28788874	1	1520725	0.0141684	C	T	0.585299	0.768295	0.201432	6.5E-01	-0.00153822	0.00472463	0.105999	7.4E-01
rs10907187	1	1759054	0.0168675	G	A	0.730417	0.998294	0.215994	6.4E-01	-0.00264058	0.00461815	0.326935	5.7E-01
rs3001347	1	2426766	0.0346085	A	G	0.480234	0.993243	4.18983	4.1E-02	-0.00810843	0.00409943	3.91224	4.8E-02
rs10779795	1	6677064	0.153978	A	G	0.6621	0.998314	0.00355509	9.5E-01	0.000757865	0.00433839	0.030516	8.6E-01
rs12136082	1	11102275	0.225397	A	G	0.192835	0.997704	0.848899	3.6E-01	0.00394617	0.00519223	0.577623	4.5E-01
rs3766160	1	15808872	0.325192	G	A	0.744147	1	0.315925	5.7E-01	-0.00241015	0.00467914	0.265311	6.1E-01
rs12041062	1	19916886	0.402244	G	C	0.764486	0.997633	1.51661	2.2E-01	-0.00464637	0.00483107	0.924998	3.4E-01
rs309517	1	23251592	0.460465	T	A	0.327305	0.967482	0.0160658	9.0E-01	0.000628256	0.0044321	0.0200934	8.9E-01
rs12564655	1	33254768	0.567573	T	C	0.831453	0.999657	6.43083	1.1E-02	0.0155364	0.00546442	8.08377	4.5E-03
rs13374459	1	39571211	0.669657	T	C	0.588298	0.9945	4.56776	3.3E-02	-0.00804068	0.00417884	3.70233	5.4E-02
rs61743745	1	40036944	0.670228	G	A	0.97017	0.986128	1.48174	2.2E-01	-0.0108893	0.0120895	0.811296	3.7E-01
rs41269113	1	46032543	0.727328	G	A	0.964406	0.991408	0.19395	6.6E-01	-0.00203465	0.0110948	0.0336312	8.5E-01
rs4134058	1	47670911	0.739288	T	C	0.455327	0.994101	4.13073	4.2E-02	-0.00819618	0.00412045	3.9567	4.7E-02
rs7553454	1	49231261	0.759781	T	C	0.77493	0.984417	1.05356	3.0E-01	-0.0050726	0.00492883	1.05919	3.0E-01
rs587271	1	54743111	0.7872	C	T	0.313177	0.916526	0.0765078	7.8E-01	0.000897755	0.00462532	0.0376731	8.5E-01
rs78141582	1	57827517	0.843026	A	G	0.8977	0.998432	0.154051	6.9E-01	-0.00308708	0.00675936	0.208586	6.5E-01
rs885581	1	62445706	0.914644	A	G	0.607676	0.990874	0.000512262	9.8E-01	0.00090735	0.00420621	0.0465336	8.3E-01
rs74082072	1	65970925	0.967975	T	C	0.917806	0.99363	0.408362	5.2E-01	-0.0048737	0.00745842	0.426996	5.1E-01
rs2554414	1	72446164	1.03176	A	G	0.758564	0.995989	3.00405	8.3E-02	-0.00802657	0.00477595	2.82449	9.3E-02
rs1514177	1	74991402	1.04313	C	G	0.424313	0.999432	0.0106199	9.2E-01	-0.000720762	0.00414844	0.0301866	8.6E-01
rs12035349	1	77557339	1.06866	A	G	0.871887	0.977571	1.9329	1.6E-01	0.00889192	0.00619624	2.05937	1.5E-01
rs115281275	1	77991129	1.0737	T	A	0.96866	0.902469	1.29939	2.5E-01	0.0107502	0.0123426	0.75861	3.8E-01
rs10874123	1	80831434	1.08977	G	A	0.70214	0.997286	0.599887	4.4E-01	-0.00378501	0.0044741	0.715684	4.0E-01
rs11810373	1	82473958	1.11392	A	G	0.745514	0.997739	0.350168	5.5E-01	0.00258585	0.00469707	0.303077	5.8E-01
rs3131815	1	92664966	1.23012	C	T	0.805579	0.994558	0.121915	7.3E-01	0.00370363	0.00517982	0.511242	4.7E-01
rs4347257	1	96269230	1.26259	C	T	0.535632	0.996672	0.0255233	8.7E-01	-9.13163e-05	0.00411225	0.000493103	9.8E-01
rs4375301	1	98298371	1.27828	A	G	0.767049	0.993807	5.00673	2.5E-02	-0.0111439	0.00486313	5.25099	2.2E-02
rs3108680	1	107572997	1.35724	T	C	0.650885	0.999501	15.1749	9.8E-05	0.0158625	0.00431013	13.5444	2.3E-04
rs17584208	1	109833187	1.38762	G	A	0.913429	0.992873	0.0735557	7.9E-01	0.00125052	0.00730929	0.0292707	8.6E-01
rs2076586	1	112273026	1.42823	C	T	0.754423	0.980886	0.290393	5.9E-01	-0.00200546	0.00480416	0.174257	6.8E-01
rs984222	1	119503843	1.50977	C	G	0.390696	1	0.277128	6.0E-01	0.00246177	0.00420389	0.34292	5.6E-01
rs4589116	1	151002510	1.65957	C	T	0.134449	0.990695	0.319041	5.7E-01	-0.00480858	0.00603232	0.635427	4.3E-01
rs1870940	1	154984363	1.69828	G	A	0.72931	0.984186	0.0777842	7.8E-01	-0.00231862	0.00464635	0.249021	6.2E-01
rs75925257	1	155138842	1.69946	G	A	0.881511	1	0.248577	6.2E-01	0.00243429	0.00633182	0.147804	7.0E-01
rs35277691	1	171415327	1.93374	A	C	0.906542	0.997238	0.761627	3.8E-01	-0.00735834	0.00706737	1.08404	3.0E-01
rs149415799	1	173657022	1.95091	G	C	0.975832	0.965388	1.14827	2.8E-01	0.0107993	0.0135519	0.635026	4.3E-01
rs3922650	1	177766694	1.98705	A	C	0.475966	0.997377	0.0191531	8.9E-01	0.000819381	0.00409839	0.0399711	8.4E-01
rs2068973	1	177792715	1.98748	G	A	0.655696	0.993004	1.92895	1.6E-01	-0.00581313	0.0043253	1.80629	1.8E-01
rs815342	1	190112653	2.09814	T	C	0.631923	0.98827	0.322937	5.7E-01	0.0020035	0.00427401	0.219739	6.4E-01
rs12130221	1	194825306	2.13143	A	T	0.683253	0.997265	0.0309735	8.6E-01	-0.0012093	0.00440939	0.0752165	7.8E-01
rs704633	1	201760981	2.19705	A	G	0.348743	0.991681	1.99853	1.6E-01	-0.00668247	0.00430219	2.41264	1.2E-01
rs16849710	1	202106797	2.20149	A	G	0.471384	0.987868	0.322585	5.7E-01	0.00233698	0.00412557	0.320878	5.7E-01
rs6540497	1	209205263	2.30771	G	C	0.422331	0.993216	0.08717	7.7E-01	-0.000599731	0.00415585	0.0208254	8.9E-01
rs11118308	1	219633869	2.43693	A	G	0.552207	0.999196	4.54775	3.3E-02	-0.0080614	0.00411806	3.83209	5.0E-02
rs2491864	1	242986063	2.82336	G	A	0.781468	0.998975	1.41327	2.3E-01	0.00545538	0.00496305	1.20824	2.7E-01
rs12042959	1	243533273	2.82744	A	G	0.85629	0.985729	1.3827	2.4E-01	0.00735877	0.00587109	1.57099	2.1E-01
rs1474053	2	224086	0.00121739	T	A	0.307043	0.998582	0.488785	4.8E-01	0.00323035	0.0044409	0.529125	4.7E-01
rs6548228	2	345889	0.00380575	T	C	0.476753	0.997111	2.28786	1.3E-01	-0.00512357	0.00410155	1.56045	2.1E-01
rs62117023	2	401319	0.00493919	G	A	0.746602	0.975524	0.0333614	8.6E-01	-0.00201637	0.00476516	0.179053	6.7E-01
rs13387998	2	512327	0.00653916	C	T	0.926047	0.992033	0.587304	4.4E-01	-0.00455762	0.00785196	0.336914	5.6E-01
rs7596758	2	658595	0.00865972	T	G	0.702051	0.99674	0.083935	7.7E-01	0.000608101	0.00446343	0.0185616	8.9E-01
rs11902450	2	12845368	0.29449	C	T	0.895436	0.993347	0.000362573	9.8E-01	0.000101751	0.006717	0.000229471	9.9E-01
rs75971153	2	24689143	0.455958	T	C	0.805179	0.974205	0.0112612	9.2E-01	0.000952536	0.0052372	0.0330799	8.6E-01
rs75503394	2	25155419	0.457101	C	T	0.903818	0.987449	0.034522	8.5E-01	-0.00239118	0.00697329	0.117584	7.3E-01
rs2384463	2	26942256	0.471361	A	G	0.475385	0.994749	1.49264	2.2E-01	-0.00462644	0.00410958	1.26736	2.6E-01
rs6737895	2	35442725	0.577818	G	A	0.776374	1	0.19928	6.6E-01	-0.00215249	0.00491318	0.191935	6.6E-01
rs10185199	2	40282202	0.642282	G	A	0.719503	0.9446	0.753431	3.9E-01	-0.00371211	0.00468661	0.627371	4.3E-01
rs12465106	2	41583244	0.656468	A	C	0.333832	0.990838	0.0828252	7.7E-01	0.0013827	0.00436355	0.100409	7.5E-01
rs6732079	2	46877963	0.735942	T	A	0.90382	0.980261	0.0818553	7.7E-01	-0.00325419	0.00699612	0.216358	6.4E-01
rs80056702	2	50056246	0.778173	C	T	0.941664	1	0.154991	6.9E-01	-0.00326859	0.00873652	0.139973	7.1E-01
rs59428052	2	53861389	0.819985	A	G	0.850771	0.921044	0.11773	7.3E-01	0.00255807	0.00596474	0.183926	6.7E-01
rs6705519	2	55204165	0.827433	C	T	0.699464	0.992125	0.667877	4.1E-01	0.0031986	0.00448073	0.509593	4.8E-01
rs57178144	2	58681120	0.848912	T	C	0.867471	0.950948	0.0434976	8.3E-01	-0.00130615	0.00617521	0.0447387	8.3E-01
rs13417156	2	62848319	0.885521	T	C	0.567369	0.99741	0.129376	7.2E-01	-0.00148668	0.00414261	0.128791	7.2E-01
rs10211524	2	65208074	0.901849	G	A	0.576119	0.986198	115.073	7.6E-27	0.0447573	0.00415382	116.1	4.5E-27
rs17016642	2	79476375	1.09778	A	G	0.884825	0.971192	0.0803041	7.8E-01	0.00077912	0.00649892	0.0143723	9.0E-01
rs6752979	2	81741750	1.13256	G	A	0.682678	1	2.24926	1.3E-01	-0.00633969	0.00440019	2.07584	1.5E-01
rs4832285	2	86644664	1.16157	G	A	0.24823	0.999114	0.0136276	9.1E-01	0.000768266	0.00472957	0.0263864	8.7E-01
rs13023088	2	100576304	1.22131	C	T	0.850792	0.99385	0.904452	3.4E-01	0.00478609	0.00576107	0.690169	4.1E-01
rs75108145	2	100802984	1.2219	C	T	0.87449	0.987695	3.22015	7.3E-02	-0.0106177	0.00622386	2.91031	8.8E-02
rs12712181	2	104354232	1.24985	A	G	0.41445	0.997505	1.06432	3.0E-01	0.00298161	0.00416141	0.513357	4.7E-01
rs6754968	2	105414479	1.26241	G	A	0.654777	0.998396	0.333701	5.6E-01	0.00262128	0.00431582	0.368893	5.4E-01
rs13027786	2	133517445	1.5525	G	A	0.745827	0.986506	0.900831	3.4E-01	-0.00445613	0.00473869	0.884299	3.5E-01
rs6430552	2	135622808	1.58359	C	T	0.628995	0.999411	0.660782	4.2E-01	-0.00257671	0.00421722	0.373319	5.4E-01
rs2890652	2	142959931	1.641	T	C	0.841306	1	0.482294	4.9E-01	-0.00341808	0.00558992	0.373898	5.4E-01
rs6719577	2	144013418	1.64945	G	A	0.821286	0.99734	4.70543	3.0E-02	-0.0115765	0.0053507	4.68098	3.0E-02
rs1949527	2	157054911	1.75263	G	T	0.354377	0.997531	0.59168	4.4E-01	-0.00273112	0.00429023	0.405248	5.2E-01
rs12692596	2	161265910	1.78694	C	T	0.629671	0.996301	0.0178148	8.9E-01	-0.00103495	0.00423593	0.0596951	8.1E-01
rs12692738	2	165558252	1.81499	T	C	0.772319	0.984603	6.59395	1.0E-02	0.0127668	0.00492306	6.72504	9.5E-03
rs72917531	2	175238176	1.94405	C	A	0.814446	0.991675	1.53469	2.2E-01	0.00612455	0.00527986	1.34556	2.5E-01
rs4640353	2	181327570	2.00315	A	C	0.714913	0.994236	0.303765	5.8E-01	-0.00208726	0.00455095	0.210353	6.5E-01
rs114049355	2	183075689	2.01604	C	T	0.940977	0.921249	8.31617	3.9E-03	0.0273403	0.00904362	9.13951	2.5E-03
rs7570446	2	193801010	2.09677	C	A	0.456733	0.998185	0.240358	6.2E-01	-0.00163841	0.00411272	0.158705	6.9E-01
rs7592344	2	198572461	2.12609	C	T	0.802948	0.997005	12.8415	3.4E-04	-0.0181902	0.00515981	12.4282	4.2E-04
rs3845802	2	203740672	2.15739	T	G	0.518078	0.997801	1.48021	2.2E-01	-0.00505716	0.00410127	1.52047	2.2E-01
rs11696022	2	205387566	2.17339	C	T	0.233224	0.994602	0.142475	7.1E-01	0.00129586	0.00485308	0.0712985	7.9E-01
rs4673553	2	211608379	2.23794	T	G	0.551241	0.992859	21.4288	3.7E-06	0.0193572	0.00412903	21.978	2.8E-06
rs12467225	2	212244657	2.24413	C	T	0.714833	0.995832	0.201955	6.5E-01	-0.00118391	0.00455314	0.0676105	7.9E-01
rs16847879	2	213067535	2.25955	A	G	0.791086	0.996291	1.43168	2.3E-01	-0.00387266	0.00504225	0.589889	4.4E-01
rs4674379	2	220214386	2.34424	G	A	0.09528	0.994198	0.642173	4.2E-01	0.00544512	0.00698276	0.60808	4.4E-01
rs3811514	2	228883721	2.47754	T	C	0.514078	1	0.606883	4.4E-01	0.00254251	0.00409652	0.385208	5.3E-01
rs36191868	2	228999054	2.47864	T	C	0.52436	0.999757	0.0189719	8.9E-01	0.00032866	0.00410016	0.00642529	9.4E-01
rs17582010	2	230542810	2.50166	T	C	0.448063	0.984006	0.602301	4.4E-01	0.00388477	0.00414976	0.876366	3.5E-01
rs9312002	3	8137447	0.216149	G	A	0.563612	0.997543	2.56789	1.1E-01	-0.00645581	0.00413552	2.43692	1.2E-01
rs17609108	3	11626464	0.283018	T	C	0.855422	0.974514	0.949567	3.3E-01	0.00491608	0.00588648	0.697473	4.0E-01
rs11709077	3	12336507	0.297621	G	A	0.880906	0.996457	3.19508	7.4E-02	0.010646	0.0063202	2.83736	9.2E-02
rs2596902	3	12955982	0.303023	G	A	0.333821	0.991491	1.3277	2.5E-01	0.00602805	0.00435503	1.91589	1.7E-01
rs2470539	3	15717844	0.355673	C	T	0.410498	0.996599	2.2747	1.3E-01	0.0073464	0.00417829	3.09138	7.9E-02
rs4858223	3	20581149	0.396076	C	T	0.671788	0.98174	0.191548	6.6E-01	-0.0022155	0.0044079	0.252627	6.2E-01
rs6550943	3	25109249	0.461812	T	A	0.146828	0.996473	0.54022	4.6E-01	0.00449225	0.00578188	0.603658	4.4E-01
rs11921432	3	35117776	0.5931	T	C	0.886276	0.984646	4.21715	4.0E-02	-0.0127201	0.00649376	3.83697	5.0E-02
rs4377469	3	42303074	0.652846	G	T	0.112884	1	1.66722	2.0E-01	-0.00972966	0.00644981	2.27563	1.3E-01
rs33484	3	42417887	0.656606	G	A	0.522043	0.987598	1.04282	3.1E-01	0.00311949	0.00411757	0.573966	4.5E-01
rs9824340	3	43902170	0.666286	C	T	0.307974	0.994289	0.286184	5.9E-01	-0.00240939	0.00444753	0.293478	5.9E-01
rs4858802	3	47641011	0.688054	T	C	0.684355	0.999724	0.447751	5.0E-01	-0.00221579	0.00439724	0.25392	6.1E-01
rs4688760	3	49980596	0.690403	C	T	0.311098	0.994668	2.46522	1.2E-01	0.00710775	0.00443245	2.57145	1.1E-01
rs12488237	3	56114861	0.741657	T	C	0.942915	1	0.585299	4.4E-01	-0.00807965	0.00883256	0.836781	3.6E-01
rs12491542	3	61130247	0.807467	C	T	0.880318	0.985418	0.000199766	9.9E-01	0.000935743	0.00634315	0.0217623	8.8E-01
rs9968060	3	62471282	0.82953	C	T	0.356782	0.962185	0.375124	5.4E-01	-0.00237834	0.00436042	0.297503	5.9E-01
rs4688315	3	62688047	0.83655	C	T	0.214662	0.996323	1.403	2.4E-01	0.00577794	0.00499217	1.33958	2.5E-01
rs13319996	3	77562191	1.05932	A	T	0.294921	0.996833	1.58045	2.1E-01	-0.00590604	0.00450267	1.7205	1.9E-01
rs1512500	3	78419039	1.06507	G	T	0.890143	0.997052	1.03145	3.1E-01	-0.00653396	0.00658286	0.985196	3.2E-01
rs9850466	3	82532568	1.08223	T	C	0.662973	0.999678	0.504553	4.8E-01	0.00365769	0.00432108	0.716519	4.0E-01
rs7649296	3	84931731	1.08805	G	A	0.677953	0.997066	3.24349	7.2E-02	0.00787391	0.00438046	3.23103	7.2E-02
rs62261676	3	85698577	1.08973	A	G	0.787905	0.994918	3.19948	7.4E-02	0.00903364	0.00501699	3.2422	7.2E-02
rs1996761	3	89962587	1.10367	C	T	0.763465	1	0.59643	4.4E-01	-0.00384865	0.00481712	0.638326	4.2E-01
rs1946725	3	104605525	1.16628	T	C	0.696371	0.998159	6.67776	9.8E-03	-0.0115118	0.00444498	6.70735	9.6E-03
rs16850772	3	104736837	1.16712	T	G	0.313011	0.993369	1.39287	2.4E-01	0.00539926	0.00444603	1.47477	2.2E-01
rs36131051	3	107888841	1.20196	T	G	0.795303	0.978115	1.59216	2.1E-01	0.00511451	0.00512711	0.99509	3.2E-01
rs114885158	3	114370599	1.259	G	A	0.919286	0.988206	0.0157029	9.0E-01	-4.85186e-05	0.00757283	4.10488e-05	9.9E-01
rs9289074	3	116858995	1.29335	C	T	0.755941	0.988931	3.82583	5.0E-02	-0.0086682	0.00477872	3.2903	7.0E-02
rs11708733	3	128039895	1.41818	G	A	0.952761	0.983201	1.4511	2.3E-01	0.0134608	0.00974279	1.90887	1.7E-01
rs6785191	3	131453556	1.44252	T	C	0.708874	0.972837	1.22672	2.7E-01	-0.00577223	0.00458232	1.58678	2.1E-01
rs35837273	3	135878634	1.49383	T	C	0.835201	0.99437	0.171656	6.8E-01	-0.00254283	0.005534	0.211133	6.5E-01
rs2312193	3	141188399	1.53815	T	C	0.613177	0.99475	0.268531	6.0E-01	-0.0018502	0.00422196	0.192049	6.6E-01
rs1568488	3	153657951	1.68298	G	C	0.405649	0.984335	4.43819	3.5E-02	-0.00924462	0.00420324	4.83738	2.8E-02
rs13322475	3	156319803	1.70952	T	G	0.847878	0.997837	0.563889	4.5E-01	0.00496522	0.00571068	0.755965	3.8E-01
rs13100952	3	157800753	1.71783	T	C	0.634426	0.997074	0.443435	5.1E-01	-0.0018966	0.00425609	0.198577	6.6E-01
rs11921991	3	170499463	1.7977	C	T	0.888083	0.992745	4.59479	3.2E-02	0.0132318	0.00650943	4.13191	4.2E-02
rs12635553	3	171113714	1.80841	A	T	0.497721	0.998999	0.00161806	9.7E-01	-0.000773993	0.00408654	0.0358726	8.5E-01
rs502414	3	180626951	1.95386	C	T	0.649417	0.993077	0.00263215	9.6E-01	-0.000334178	0.00429907	0.00604235	9.4E-01
rs4859234	3	182311332	1.96951	C	T	0.674169	0.98584	0.121139	7.3E-01	0.0018176	0.00439353	0.171147	6.8E-01
rs1881973	3	184056101	1.99373	G	C	0.62973	0.976501	4.38376	3.6E-02	0.00850712	0.00429099	3.93053	4.7E-02
rs78615983	3	185733707	2.02087	T	A	0.856715	0.989326	1.09593	3.0E-01	-0.00651175	0.00588209	1.22555	2.7E-01
rs950257	3	194847650	2.23885	T	A	0.728067	0.997849	1.00437	3.2E-01	0.00538361	0.00460539	1.36651	2.4E-01
rs6764533	3	196088464	2.24962	G	A	0.643003	0.998204	1.26074	2.6E-01	-0.00351408	0.00427508	0.675668	4.1E-01
rs12509447	4	2861090	0.0318387	G	A	0.810693	0.99398	0.360481	5.5E-01	-0.00311042	0.00524273	0.351984	5.5E-01
rs6818414	4	16600664	0.317111	T	C	0.507505	0.992506	4.11431	4.3E-02	0.00768801	0.00411112	3.49709	6.1E-02
rs2192528	4	18327896	0.339411	A	G	0.477374	0.997272	0.207177	6.5E-01	-0.00122511	0.0041033	0.0891429	7.7E-01
rs16876869	4	25118707	0.433802	C	T	0.863557	0.998491	1.00006	3.2E-01	-0.00693736	0.00598367	1.34417	2.5E-01
rs2309830	4	28584523	0.489893	T	G	0.7635	0.995574	0.0255949	8.7E-01	-4.99434e-05	0.00482753	0.00010703	9.9E-01
rs4270551	4	30703243	0.511997	A	C	0.136237	0.990257	2.07562	1.5E-01	-0.00740687	0.00599812	1.52489	2.2E-01
rs6531639	4	38556399	0.601586	G	A	0.752891	0.952325	0.60172	4.4E-01	-0.00309477	0.00486029	0.405447	5.2E-01
rs12498157	4	44430025	0.675923	T	A	0.253769	0.990835	0.125627	7.2E-01	-0.00151056	0.00471767	0.102522	7.5E-01
rs74715904	4	45178081	0.679816	A	G	0.906261	0.977125	0.331514	5.6E-01	0.00421178	0.00710445	0.351456	5.5E-01
rs1492767	4	55221467	0.710006	C	T	0.493558	0.999056	0.0155665	9.0E-01	9.56303e-05	0.00408634	0.000547672	9.8E-01
rs2537860	4	55484718	0.714088	A	C	0.436239	0.974656	0.000129968	9.9E-01	-0.000516514	0.0041757	0.0153005	9.0E-01
rs6551871	4	65643064	0.818795	C	A	0.675775	0.992173	0.715852	4.0E-01	0.00331214	0.00439589	0.567706	4.5E-01
rs6845883	4	67801500	0.836177	A	G	0.217607	0.990748	0.144305	7.0E-01	0.00120146	0.00497908	0.058226	8.1E-01
rs10033843	4	77028783	0.90134	G	A	0.798804	0.999649	0.0638183	8.0E-01	-0.000753118	0.00510805	0.0217378	8.8E-01
rs72649373	4	80609966	0.943324	T	C	0.857845	0.957198	1.19253	2.7E-01	0.0061025	0.00600091	1.03415	3.1E-01
rs1481012	4	89039082	1.03949	A	G	0.88825	0.994759	0.00152936	9.7E-01	-0.00172789	0.00651528	0.0703339	7.9E-01
rs10014552	4	94407841	1.08151	G	T	0.19414	0.979518	0.147712	7.0E-01	0.00107111	0.00521954	0.0421121	8.4E-01
rs2865330	4	95004716	1.08844	A	G	0.536063	0.999052	2.5239	1.1E-01	0.00693511	0.0041076	2.85056	9.1E-02
rs12513212	4	96149346	1.09853	A	C	0.594792	0.994888	0.598179	4.4E-01	0.0030629	0.00417686	0.537733	4.6E-01
rs2850360	4	102216212	1.14871	A	G	0.85263	0.988759	0.775261	3.8E-01	0.00343716	0.00581117	0.349843	5.5E-01
rs57957741	4	103164166	1.15814	G	A	0.473652	0.994208	1.38786	2.4E-01	-0.00421974	0.00412072	1.04863	3.1E-01
rs326872	4	112733434	1.24745	A	G	0.332661	0.993023	1.40374	2.4E-01	0.00441275	0.00436422	1.02236	3.1E-01
rs10022185	4	120571765	1.314	C	G	0.707017	0.996192	0.589857	4.4E-01	0.00376328	0.00452078	0.692959	4.1E-01
rs6534743	4	130714768	1.39824	G	A	0.707154	0.986974	1.90801	1.7E-01	-0.00653101	0.00452187	2.08605	1.5E-01
rs10018743	4	136972541	1.44304	G	A	0.63247	0.98831	0.0864069	7.7E-01	-0.00148588	0.00428274	0.120371	7.3E-01
rs769676	4	140856533	1.49522	A	G	0.738459	0.984882	0.870591	3.5E-01	-0.00435425	0.00470618	0.856032	3.5E-01
rs7375701	4	145260561	1.53722	G	A	0.280276	0.993669	0.214068	6.4E-01	-0.00216875	0.00457685	0.224535	6.4E-01
rs750090	4	152931436	1.59021	T	C	0.644556	0.97605	0.932825	3.3E-01	-0.00379007	0.00431552	0.771307	3.8E-01
rs10024755	4	161931670	1.69375	C	G	0.777118	0.993719	0.35298	5.5E-01	0.00322162	0.00494998	0.423585	5.2E-01
rs148636479	4	164359678	1.72579	A	T	0.971623	0.876916	0.296127	5.9E-01	-0.00806032	0.0131281	0.376964	5.4E-01
rs17630894	4	171532023	1.80674	T	G	0.862035	0.996667	6.28435	1.2E-02	0.0156418	0.0059522	6.90591	8.6E-03
rs6822571	4	173552902	1.82334	A	G	0.478825	0.997719	0.465115	5.0E-01	-0.00286057	0.00410943	0.484554	4.9E-01
rs16871902	5	3488462	0.0869448	G	A	0.51275	0.997953	2.15807	1.4E-01	-0.00532602	0.00410326	1.68479	1.9E-01
rs12109333	5	27166660	0.425295	T	C	0.716327	0.997419	0.775282	3.8E-01	0.00397363	0.00455271	0.761791	3.8E-01
rs6451674	5	43110754	0.62057	C	T	0.315542	0.990686	4.7541	2.9E-02	-0.0103603	0.00442148	5.49043	1.9E-02
rs7704281	5	50591460	0.628051	G	A	0.959741	0.99038	3.82884	5.0E-02	0.022899	0.0104658	4.78728	2.9E-02
rs7734879	5	60711632	0.720162	C	A	0.638766	0.999176	0.0124009	9.1E-01	-0.000328193	0.0042626	0.005928	9.4E-01
rs237976	5	62600850	0.738104	C	T	0.438635	0.998534	0.311014	5.8E-01	-0.00209425	0.00412511	0.257741	6.1E-01
rs1459192	5	63944519	0.744046	C	T	0.669706	0.994464	0.419817	5.2E-01	0.0035894	0.00436219	0.677072	4.1E-01
rs4072296	5	74242002	0.858799	T	C	0.458777	0.938263	1.95951	1.6E-01	0.00625381	0.00423655	2.17904	1.4E-01
rs6889485	5	75129986	0.862025	G	A	0.565011	0.992761	0.00326835	9.5E-01	-0.000408217	0.00415525	0.00965136	9.2E-01
rs7725126	5	80730191	0.955869	C	T	0.654547	0.987889	1.68378e-08	1.0E+00	0.000670595	0.00432167	0.0240779	8.8E-01
rs16876684	5	86563970	1.01135	T	G	0.987836	0.991014	8.00375	4.7E-03	-0.0522487	0.0187299	7.78181	5.3E-03
rs6882046	5	87968864	1.01539	A	G	0.733013	0.978462	0.928803	3.4E-01	0.00461633	0.00468617	0.970414	3.2E-01
rs142503704	5	92622421	1.04908	G	A	0.977168	0.959904	1.24403	2.6E-01	-0.0151498	0.0140041	1.17032	2.8E-01
rs17383803	5	95393883	1.0716	T	C	0.907168	1	0.462408	5.0E-01	0.00490752	0.00704231	0.485617	4.9E-01
rs1026534	5	95855091	1.0746	G	C	0.396965	0.999112	0.00552743	9.4E-01	0.000295495	0.00418286	0.00499061	9.4E-01
rs2545593	5	102054421	1.10814	A	T	0.568421	0.998323	0.421768	5.2E-01	0.00229016	0.00413901	0.306155	5.8E-01
rs4382152	5	106379106	1.13899	T	C	0.61941	1	0.0192409	8.9E-01	0.0006195	0.00422279	0.0215221	8.8E-01
rs1433057	5	107285076	1.15555	A	G	0.536632	0.987024	0.22973	6.3E-01	0.00190836	0.00412502	0.214026	6.4E-01
rs6421825	5	107866060	1.15804	G	A	0.185773	0.999581	0.206492	6.5E-01	-0.00284374	0.00525103	0.293285	5.9E-01
rs459552	5	112176756	1.19663	T	A	0.231542	1	0.0564761	8.1E-01	-0.000875657	0.0048552	0.0325277	8.6E-01
rs9327119	5	119309059	1.27778	C	G	0.421806	0.9872	3.03409	8.2E-02	0.00676864	0.00417367	2.63006	1.0E-01
rs13156484	5	122653399	1.3097	G	A	0.5282	0.979173	3.09211	7.9E-02	0.00706383	0.00414459	2.9048	8.8E-02
rs1422662	5	130440206	1.38534	A	G	0.785217	0.999034	0.2395	6.2E-01	-0.00158462	0.00498751	0.100945	7.5E-01
rs1369126	5	136532351	1.44779	G	C	0.53158	0.995632	1.61942e-07	1.0E+00	-0.000366145	0.00409975	0.00797613	9.3E-01
rs11242420	5	137624513	1.45252	C	T	0.808202	0.997884	0.609127	4.4E-01	-0.00321985	0.00520934	0.382037	5.4E-01
rs1895336	5	144465810	1.52134	A	G	0.597243	0.992794	0.661544	4.2E-01	0.00306797	0.00419752	0.534215	4.6E-01
rs2579040	5	152515823	1.63419	T	A	0.279129	0.996176	3.05683	8.0E-02	-0.00813435	0.00457403	3.16263	7.5E-02
rs17115481	5	153358226	1.64029	G	A	0.730281	0.993088	4.37042e-10	1.0E+00	-0.000810057	0.00462426	0.0306865	8.6E-01
rs10515706	5	153578518	1.64141	C	T	0.572197	0.993087	7.88155	5.0E-03	-0.0122948	0.00415398	8.76015	3.1E-03
rs766120	5	164548126	1.74957	G	A	0.379097	0.999276	2.67843	1.0E-01	0.00721264	0.00422565	2.91341	8.8E-02
rs2161214	5	170284624	1.86356	A	C	0.313893	0.997023	0.168132	6.8E-01	0.00151467	0.00441919	0.117477	7.3E-01
rs1966265	5	176516631	2.00003	G	A	0.754745	1	6.27369	1.2E-02	0.0112749	0.00475204	5.62946	1.8E-02
rs9463175	6	9510030	0.227745	C	T	0.661385	0.983753	0.240852	6.2E-01	0.00241916	0.00436777	0.306769	5.8E-01
rs12210300	6	12078686	0.272534	A	G	0.684959	1	0.830492	3.6E-01	0.00330926	0.00440923	0.563296	4.5E-01
rs62385532	6	13161394	0.290635	G	A	0.710639	0.991949	4.03341	4.5E-02	0.00912591	0.00453334	4.05244	4.4E-02
rs4134939	6	20481825	0.408952	T	C	0.316838	0.973957	0.40947	5.2E-01	-0.00226611	0.00446208	0.257923	6.1E-01
rs1185976	6	25822363	0.492387	C	T	0.706335	0.999554	0.164853	6.8E-01	-0.00246588	0.0044923	0.301306	5.8E-01
rs1233587	6	28719755	0.498924	A	T	0.71028	0.999303	0.490052	4.8E-01	0.0030003	0.00451156	0.442257	5.1E-01
rs3115667	6	31643399	0.515597	T	C	0.278816	1	4.89362	2.7E-02	-0.00900733	0.00455715	3.90665	4.8E-02
rs11757081	6	33459420	0.531358	A	T	0.750981	0.997671	0.000595805	9.8E-01	-0.000746207	0.00473151	0.0248724	8.7E-01
rs2499714	6	34072215	0.543389	C	T	0.908416	0.988109	4.08729	4.3E-02	-0.0139882	0.00712989	3.8491	5.0E-02
rs11758326	6	34482498	0.547552	A	G	0.912595	0.986128	2.13701	1.4E-01	-0.00995816	0.007308	1.85678	1.7E-01
rs2395628	6	35473252	0.551863	C	T	0.698589	0.994251	0.949455	3.3E-01	0.00361009	0.00446168	0.654698	4.2E-01
rs1433723	6	40350399	0.614243	T	C	0.710234	0.996612	0.144479	7.0E-01	-0.00178841	0.00452548	0.156172	6.9E-01
rs11963572	6	46302448	0.722776	T	C	0.491914	0.993234	2.22936	1.4E-01	-0.00633417	0.00411359	2.37103	1.2E-01
rs17664591	6	50183721	0.747534	G	T	0.956924	0.99128	0.00019978	9.9E-01	-0.0031951	0.0101421	0.0992468	7.5E-01
rs280280	6	50569828	0.750317	C	T	0.165798	0.992937	0.0809525	7.8E-01	-0.00201971	0.00553015	0.133384	7.1E-01
rs149750300	6	50717074	0.7506	A	G	0.984094	0.986819	0.90551	3.4E-01	-0.0184097	0.0164666	1.24993	2.6E-01
rs9361779	6	64159064	0.812363	C	A	0.457304	0.997526	0.692579	4.1E-01	0.00356735	0.00412697	0.747187	3.9E-01
rs3883872	6	83322002	0.934204	C	T	0.538234	0.979395	0.39007	5.3E-01	0.00267293	0.00415131	0.414575	5.2E-01
rs9362662	6	90296588	0.987815	A	G	0.479551	0.991565	0.315601	5.7E-01	0.0022619	0.00410596	0.30347	5.8E-01
rs1324110	6	93913200	1.03177	G	C	0.555838	0.990874	0.000207362	9.9E-01	-0.000944179	0.00414084	0.0519915	8.2E-01
rs1206133	6	97543137	1.05873	C	T	0.245814	0.972297	0.638133	4.2E-01	0.00306064	0.00481566	0.403938	5.3E-01
rs9320747	6	98310291	1.06181	T	G	0.532838	0.993884	0.0455617	8.3E-01	-0.000993736	0.00412031	0.0581676	8.1E-01
rs156128	6	104836826	1.11693	G	A	0.245642	0.999684	3.59025	5.8E-02	-0.0088027	0.00476515	3.41255	6.5E-02
rs1575676	6	108861264	1.17848	C	T	0.629055	0.997454	5.10976	2.4E-02	-0.00919643	0.00423847	4.70782	3.0E-02
rs9387640	6	119508871	1.25792	C	T	0.634761	1	1.22793	2.7E-01	0.00594293	0.00426585	1.94085	1.6E-01
rs2875762	6	124925032	1.30799	G	C	0.757625	0.990596	0.0807412	7.8E-01	0.00118447	0.00480102	0.0608668	8.1E-01
rs4895799	6	126052729	1.32459	C	T	0.41529	0.992315	0.286453	5.9E-01	-0.00249267	0.00417236	0.356916	5.5E-01
rs6569648	6	130349119	1.35981	C	T	0.23985	1	0.0611579	8.0E-01	-0.00193469	0.00477939	0.163861	6.9E-01
rs2781659	6	131891820	1.37734	A	G	0.688057	1	2.77026	9.6E-02	0.00785399	0.00441836	3.15979	7.5E-02
rs11754747	6	141494602	1.50941	C	T	0.744213	0.987686	0.411599	5.2E-01	0.00206965	0.00472979	0.191474	6.6E-01
rs12194419	6	143148142	1.51953	G	A	0.727002	0.984742	0.0427753	8.4E-01	7.8503e-05	0.00463198	0.000287236	9.9E-01
rs2256216	6	147471730	1.55898	A	G	0.462491	0.956666	2.44012	1.2E-01	0.00614677	0.00420104	2.14083	1.4E-01
rs7755574	6	153364643	1.66311	G	T	0.718564	0.997121	1.6901	1.9E-01	-0.00588677	0.00457117	1.65844	2.0E-01
rs12207125	6	154301575	1.6763	A	G	0.7814	0.992451	1.82286	1.8E-01	0.00660016	0.00497088	1.76296	1.8E-01
rs450265	6	160736359	1.77422	C	T	0.483536	0.999936	0.00161896	9.7E-01	0.000349623	0.00409778	0.0072795	9.3E-01
rs34540135	6	162934351	1.81802	A	G	0.873972	0.966582	0.360583	5.5E-01	-0.00296968	0.00628229	0.223451	6.4E-01
rs6950388	7	1270699	0.0137006	G	A	0.203895	1	0.529368	4.7E-01	0.00323473	0.00508299	0.404983	5.2E-01
rs7807190	7	1851461	0.0275157	A	G	0.787676	0.988996	1.10213	2.9E-01	-0.00485873	0.00502483	0.934981	3.3E-01
rs4722398	7	3125220	0.0523222	C	T	0.865243	1	0.577577	4.5E-01	0.0049474	0.00599933	0.680062	4.1E-01
rs118182061	7	14655786	0.275253	T	A	0.975007	0.988845	1.74792	1.9E-01	0.0188972	0.0132203	2.04319	1.5E-01
rs10263780	7	19778086	0.347944	G	A	0.8625	0.994464	0.487132	4.9E-01	0.00479381	0.00597839	0.642974	4.2E-01
rs4722672	7	27231762	0.453385	C	T	0.178705	0.980102	0.633097	4.3E-01	-0.00484833	0.00539619	0.807253	3.7E-01
rs10241729	7	32289879	0.544096	A	G	0.780068	0.986162	8.59602	3.4E-03	-0.0147012	0.00498205	8.7074	3.2E-03
rs1019083	7	39414081	0.63582	A	G	0.84633	0.989979	0.333186	5.6E-01	0.00388727	0.00569752	0.465497	5.0E-01
rs710888	7	44777556	0.700884	A	G	0.422454	0.98989	0.0705256	7.9E-01	-0.000986968	0.00416685	0.0561035	8.1E-01
rs2189833	7	49507651	0.755765	G	A	0.334033	0.996219	0.186489	6.7E-01	-0.00129366	0.00434764	0.0885385	7.7E-01
rs1466163	7	50607206	0.766828	A	G	0.116855	0.995864	1.55823	2.1E-01	-0.00723553	0.00639664	1.27949	2.6E-01
rs10259748	7	69281111	0.866623	T	G	0.679053	0.998943	0.155385	6.9E-01	0.00159675	0.00437737	0.133061	7.2E-01
rs4718966	7	70040558	0.868636	C	T	0.585929	0.992694	0.258894	6.1E-01	0.00158342	0.00417578	0.143787	7.0E-01
rs3973896	7	71428960	0.890229	C	G	0.82808	0.969349	2.10818	1.5E-01	-0.00730709	0.00550808	1.7599	1.8E-01
rs28584911	7	74081407	0.91304	T	G	0.655591	0.99949	0.00578455	9.4E-01	0.000771794	0.00431344	0.0320151	8.6E-01
rs77497827	7	75038408	0.913217	A	G	0.535058	0.806181	0.152223	7.0E-01	0.00185027	0.00455899	0.164715	6.8E-01
rs10260232	7	78120735	0.952444	C	T	0.495555	0.987744	3.23133	7.2E-02	-0.00682149	0.00412553	2.73401	9.8E-02
rs2158045	7	93082708	1.09422	C	T	0.524963	0.990979	1.75997	1.8E-01	0.00546477	0.00411838	1.76073	1.8E-01
rs917154	7	99020806	1.15524	A	G	0.844114	0.995198	7.29375	6.9E-03	0.0154799	0.00566016	7.47959	6.2E-03
rs17155888	7	103416295	1.18694	T	A	0.574967	0.98913	0.965215	3.3E-01	-0.00371704	0.00415671	0.799644	3.7E-01
rs1608891	7	112795334	1.29284	G	A	0.679189	0.983328	0.161406	6.9E-01	-0.00113385	0.00442363	0.065698	8.0E-01
rs6944092	7	113483569	1.2996	A	G	0.629017	0.997581	14.3706	1.5E-04	0.0161622	0.00424126	14.5215	1.4E-04
rs936146	7	114294405	1.30462	G	C	0.525167	0.98912	0.647717	4.2E-01	-0.00386458	0.00412029	0.879726	3.5E-01
rs896183	7	127831580	1.37625	G	A	0.578813	0.975804	3.71737	5.4E-02	0.00811751	0.00419695	3.74092	5.3E-02
rs1814170	7	138794149	1.52056	A	T	0.899467	0.983775	4.56095	3.3E-02	-0.0148821	0.00684699	4.72422	3.0E-02
rs9640171	7	150600845	1.6794	G	A	0.719322	0.982269	0.0421259	8.4E-01	-0.00119066	0.00460579	0.0668289	8.0E-01
rs1658820	8	4288577	0.1172	G	T	0.755683	0.985142	0.00174115	9.7E-01	-0.000986297	0.00480268	0.0421742	8.4E-01
rs2980436	8	8092025	0.237424	G	A	0.545078	0.992022	0.0379046	8.5E-01	-0.000613499	0.0041324	0.0220406	8.8E-01
rs34803352	8	14042304	0.362732	T	C	0.655657	0.989136	3.8265	5.0E-02	-0.00940911	0.00433348	4.71437	3.0E-02
rs4258002	8	15493417	0.380515	G	T	0.855266	0.998595	0.567579	4.5E-01	-0.00420839	0.0058177	0.523275	4.7E-01
rs1470687	8	20628793	0.485499	C	G	0.669975	0.991276	2.60033	1.1E-01	0.00764725	0.00437128	3.0605	8.0E-02
rs13250995	8	23329985	0.54132	G	A	0.824717	0.988818	0.490476	4.8E-01	0.00336441	0.00541298	0.386319	5.3E-01
rs17411738	8	28060572	0.603281	T	G	0.543763	1	0.671914	4.1E-01	0.00315628	0.00410715	0.590569	4.4E-01
rs17647894	8	30820168	0.644882	C	A	0.570306	0.997844	0.00795033	9.3E-01	-0.000473355	0.00413564	0.0131005	9.1E-01
rs4647906	8	38325411	0.694629	G	A	0.597353	0.997516	3.63301	5.7E-02	-0.0080894	0.00416704	3.76858	5.2E-02
rs10957317	8	49888870	0.746102	A	G	0.436131	0.990627	36.4042	1.6E-09	0.0252869	0.00413595	37.3801	9.7E-10
rs10216609	8	62034284	0.850754	C	A	0.846835	0.996244	2.82195	9.3E-02	-0.0100467	0.00570172	3.10483	7.8E-02
rs7822926	8	64701966	0.867188	A	C	0.529049	0.995395	4.26367	3.9E-02	0.0079216	0.00411928	3.69814	5.4E-02
rs2017657	8	73426371	0.974058	G	T	0.426169	1	0.353201	5.5E-01	0.00300091	0.0041512	0.522589	4.7E-01
rs2170382	8	74689288	0.991459	C	T	0.885519	0.995074	0.19873	6.6E-01	0.00302222	0.00645621	0.219127	6.4E-01
rs1813039	8	76295984	1.00648	G	A	0.289674	0.988819	1.51682	2.2E-01	-0.00501976	0.00453804	1.22357	2.7E-01
rs7833023	8	85053241	1.06276	C	A	0.274815	0.994182	0.166109	6.8E-01	0.00145128	0.0046118	0.0990291	7.5E-01
rs4286925	8	93237876	1.10371	A	G	0.664206	0.999539	0.169149	6.8E-01	0.0014764	0.00433601	0.115939	7.3E-01
rs113630732	8	95496030	1.1287	G	A	0.762483	0.987676	1.46512	2.3E-01	0.00757935	0.00483712	2.45523	1.2E-01
rs1383592	8	106430676	1.25808	G	A	0.797478	0.997356	0.0513974	8.2E-01	0.00165931	0.00508338	0.10655	7.4E-01
rs231144	8	116416131	1.31481	T	C	0.197238	0.979876	0.470959	4.9E-01	-0.00406822	0.00520394	0.611145	4.3E-01
rs2001945	8	126477978	1.45319	G	C	0.47887	1	6.9635	8.3E-03	0.0113924	0.00409694	7.73234	5.4E-03
rs7823706	8	132874175	1.55933	G	C	0.900828	0.994274	1.38828	2.4E-01	-0.00786913	0.00688832	1.30505	2.5E-01
rs13266268	8	142611971	1.73096	C	T	0.612051	0.936385	0.303436	5.8E-01	-0.00248931	0.0043472	0.327899	5.7E-01
rs4072917	8	143300279	1.7496	G	A	0.525551	0.990762	0.146056	7.0E-01	-0.00188899	0.00411069	0.211169	6.5E-01
rs7037266	9	6942940	0.164689	C	A	0.638292	0.99833	6.40913	1.1E-02	-0.0106027	0.00425844	6.19914	1.3E-02
rs1352522	9	11265159	0.255425	A	T	0.472112	0.994616	0.988605	3.2E-01	0.00394663	0.00412522	0.915289	3.4E-01
rs10810392	9	15529852	0.34171	G	A	0.702358	0.998296	0.00257267	9.6E-01	0.000125707	0.0044808	0.000787063	9.8E-01
rs10962547	9	16712247	0.359896	T	A	0.827266	0.993311	0.144733	7.0E-01	-0.00248751	0.00541933	0.210686	6.5E-01
rs10965693	9	23194860	0.454296	C	T	0.628018	0.995687	0.0217888	8.8E-01	0.00106508	0.00424592	0.0629251	8.0E-01
rs1342097	9	27748698	0.533307	A	T	0.527841	0.986968	0.0890914	7.7E-01	-0.000983962	0.00412321	0.056949	8.1E-01
rs2383827	9	29628356	0.55829	A	G	0.577789	0.982182	1.57885	2.1E-01	0.00469782	0.00418172	1.26207	2.6E-01
rs10973183	9	37066231	0.624601	T	C	0.46164	0.99687	0.329066	5.7E-01	0.00236667	0.00410759	0.331973	5.6E-01
rs7038966	9	73777777	0.840061	C	T	0.590133	0.987057	0.210553	6.5E-01	0.00268535	0.00419468	0.40983	5.2E-01
rs10116186	9	80532374	0.931287	A	G	0.456665	0.990981	0.87928	3.5E-01	-0.00368686	0.00411674	0.80206	3.7E-01
rs12342093	9	81341229	0.940469	G	T	0.587892	0.986826	0.324337	5.7E-01	0.00221917	0.00419173	0.280282	6.0E-01
rs2777768	9	84186734	0.972648	A	G	0.731108	0.99467	0.20542	6.5E-01	0.00202351	0.00463389	0.190686	6.6E-01
rs13283585	9	92011763	1.08794	G	A	0.776064	0.992567	0.76933	3.8E-01	-0.00458837	0.00492186	0.869078	3.5E-01
rs10820852	9	94186973	1.11918	C	A	0.72451	0.995129	0.00747978	9.3E-01	-0.00139854	0.00460359	0.0922904	7.6E-01
rs11999013	9	96154352	1.13313	A	C	0.836658	0.993837	2.02751	1.5E-01	-0.00799671	0.00554862	2.07708	1.5E-01
rs13298187	9	102086525	1.19449	G	C	0.557971	0.995745	0.0770012	7.8E-01	0.000803484	0.00413166	0.0378186	8.5E-01
rs1484375	9	109067561	1.25942	A	G	0.222274	1	0.154452	6.9E-01	-0.00295709	0.00492499	0.36051	5.5E-01
rs2417998	9	111958746	1.3058	C	G	0.292545	0.991129	0.0667358	8.0E-01	0.00039435	0.00453312	0.00756778	9.3E-01
rs28693508	9	120361418	1.43341	C	G	0.660765	0.99984	2.26384	1.3E-01	-0.00629265	0.00431195	2.12971	1.4E-01
rs7864914	9	122631415	1.46605	A	G	0.895915	0.994445	1.51625	2.2E-01	0.00856728	0.00674191	1.61481	2.0E-01
rs10985963	9	126081738	1.50258	C	T	0.655656	1	0.201249	6.5E-01	-0.00168622	0.00430778	0.153222	7.0E-01
rs10986291	9	127016271	1.51402	A	T	0.66349	0.998445	2.46794	1.2E-01	0.00621271	0.00433701	2.05202	1.5E-01
rs3003606	9	130982416	1.5501	C	T	0.447836	0.997618	1.38606	2.4E-01	-0.00513471	0.00413254	1.54382	2.1E-01
rs2210625	10	10256274	0.226551	A	C	0.830483	0.994947	0.00421222	9.5E-01	0.000970754	0.00546898	0.0315069	8.6E-01
rs10904791	10	16722347	0.376643	A	C	0.330664	0.975889	1.05313	3.0E-01	-0.00546829	0.00440423	1.54157	2.1E-01
rs12761995	10	21690509	0.466409	A	C	0.833826	0.987021	1.7259	1.9E-01	-0.00650086	0.00553278	1.38056	2.4E-01
rs4097319	10	33860515	0.618889	T	G	0.565839	0.995031	0.450103	5.0E-01	0.00221514	0.00414537	0.285545	5.9E-01
rs17231072	10	33951730	0.620984	A	C	0.842224	0.991796	4.13082	4.2E-02	-0.0114675	0.00563143	4.14668	4.2E-02
rs10763587	10	52356264	0.733349	C	T	0.690789	0.970215	2.32144	1.3E-01	-0.00634467	0.00449646	1.99103	1.6E-01
rs1937683	10	53679060	0.748396	C	T	0.334976	1	0.187467	6.7E-01	-0.00154805	0.00435062	0.126611	7.2E-01
rs7070670	10	61842645	0.8423	C	T	0.672122	0.984388	0.000911459	9.8E-01	0.000279993	0.00438052	0.00408548	9.5E-01
rs4746865	10	64834173	0.870392	G	A	0.599376	0.999286	10.71	1.1E-03	0.0143585	0.00418273	11.7842	6.0E-04
rs7090106	10	75720956	0.999154	A	T	0.787198	0.991026	5.77405	1.6E-02	0.0119944	0.00501088	5.72971	1.7E-02
rs7075347	10	76533307	1.00123	C	T	0.934812	1	0.398682	5.3E-01	-0.0052697	0.00828775	0.404295	5.2E-01
rs12412597	10	87339257	1.13684	G	A	0.949685	0.989888	1.7571	1.8E-01	-0.0110654	0.00941275	1.38197	2.4E-01
rs10887571	10	88030441	1.14705	C	T	0.553299	0.979368	0.172	6.8E-01	-0.00185827	0.00414915	0.200585	6.5E-01
rs2450444	10	93010383	1.20287	G	A	0.65054	0.997815	0.0796078	7.8E-01	-0.00132762	0.00428402	0.0960376	7.6E-01
rs472818	10	99695057	1.26982	T	C	0.578414	0.981176	0.813428	3.7E-01	0.00449461	0.00417787	1.15738	2.8E-01
rs72844408	10	102425467	1.29272	G	A	0.778978	0.986164	3.53435	6.0E-02	0.00915484	0.00495902	3.40808	6.5E-02
rs2296580	10	104241683	1.30539	G	T	0.700737	0.999674	5.39399	2.0E-02	-0.0108412	0.00447661	5.86491	1.5E-02
rs192569	10	104577915	1.30605	T	C	0.420826	0.996118	0.508438	4.8E-01	0.00303299	0.00416096	0.531316	4.7E-01
rs7917983	10	114732882	1.3977	T	C	0.53191	1	1.08993	3.0E-01	0.00404124	0.00409645	0.973224	3.2E-01
rs1637556	10	118568352	1.45195	G	A	0.562844	0.989119	0.00385276	9.5E-01	0.000345052	0.00414296	0.00693662	9.3E-01
rs845094	10	125206933	1.57263	C	T	0.578482	0.99077	0.076466	7.8E-01	0.00168914	0.00416106	0.164788	6.8E-01
rs7923382	10	126576503	1.61167	T	C	0.770317	1	0.0983405	7.5E-01	-0.000757914	0.00486725	0.0242478	8.8E-01
rs2028395	10	126726558	1.61328	G	C	0.553108	0.997728	0.422765	5.2E-01	-0.00291874	0.00411823	0.502308	4.8E-01
rs2252305	10	131114131	1.7313	A	G	0.340189	0.976818	0.149547	7.0E-01	-0.00190964	0.00436552	0.191351	6.6E-01
rs10902221	11	802379	0.0108629	T	C	0.487797	0.998916	3.76632	5.2E-02	0.00791447	0.0041113	3.70583	5.4E-02
rs7126629	11	2228952	0.0544298	C	A	0.181028	0.993387	2.76835	9.6E-02	0.00816221	0.00533557	2.34021	1.3E-01
rs7938031	11	8366148	0.188301	C	T	0.683174	0.996274	0.0418973	8.4E-01	0.000380704	0.00441381	0.00743957	9.3E-01
rs4586148	11	8430938	0.18954	C	A	0.946852	0.99847	0.296542	5.9E-01	-0.00492918	0.00914024	0.290827	5.9E-01
rs7484027	11	17368381	0.298183	T	A	0.55581	0.993279	4.79217	2.9E-02	-0.00864903	0.00413803	4.36866	3.7E-02
rs35298551	11	27224030	0.462668	T	C	0.844465	1	0.0317643	8.6E-01	0.00204852	0.00564863	0.131521	7.2E-01
rs558887	11	28712741	0.468359	A	G	0.692553	0.992085	0.0131705	9.1E-01	0.000644553	0.00445816	0.0209028	8.9E-01
rs67670125	11	30214914	0.478895	C	T	0.771986	0.995153	1.57723	2.1E-01	0.00599468	0.00488607	1.50526	2.2E-01
rs982243	11	43529703	0.620806	A	G	0.508132	0.998514	0.0636577	8.0E-01	-0.00161854	0.00409562	0.156175	6.9E-01
rs2679055	11	43610813	0.622009	T	C	0.545817	0.999238	1.27561	2.6E-01	0.00488348	0.00411797	1.40635	2.4E-01
rs10838201	11	43937089	0.623077	A	T	0.566419	0.994597	0.121514	7.3E-01	-0.00119631	0.00415099	0.0830588	7.7E-01
rs6485613	11	45337440	0.656974	C	T	0.176514	0.997513	1.45726	2.3E-01	-0.00737819	0.00536835	1.88894	1.7E-01
rs2071304	11	47372377	0.665184	G	C	0.680107	0.982508	0.183037	6.7E-01	0.00121228	0.00440754	0.0756509	7.8E-01
rs477400	11	63817799	0.729641	G	C	0.796877	0.991738	2.03901	1.5E-01	0.00682989	0.00508893	1.80125	1.8E-01
rs11227199	11	65238121	0.737843	G	A	0.799522	0.999748	8.85158	2.9E-03	-0.0155701	0.00512618	9.22566	2.4E-03
rs4980662	11	69307011	0.764582	G	C	0.49184	0.994721	0.339718	5.6E-01	-0.00237735	0.00410584	0.33526	5.6E-01
rs7942337	11	76465272	0.842642	C	T	0.783217	0.971559	1.92257	1.7E-01	0.0066137	0.00504689	1.71728	1.9E-01
rs10898317	11	84613479	0.936326	C	T	0.485874	1	1.70661	1.9E-01	0.00539633	0.00410435	1.72866	1.9E-01
rs61903695	11	89922417	0.975709	A	G	0.744318	0.999211	0.228928	6.3E-01	0.00230644	0.00469778	0.241046	6.2E-01
rs2513999	11	103019633	1.1154	A	G	0.152448	0.996865	0.0712232	7.9E-01	0.000103001	0.00570184	0.000326329	9.9E-01
rs719802	11	113234679	1.20429	T	C	0.385913	1	0.210292	6.5E-01	-0.00121089	0.00420074	0.0830921	7.7E-01
rs2507887	11	114961537	1.22996	T	C	0.521826	0.996335	0.355094	5.5E-01	-0.0022609	0.00410391	0.303505	5.8E-01
rs142174850	11	116715784	1.26141	G	A	0.940077	0.994858	1.03358	3.1E-01	0.00943698	0.00867171	1.18429	2.8E-01
rs9332817	11	118365210	1.28887	G	C	0.973356	1	3.53345	6.0E-02	0.0260563	0.0127373	4.18476	4.1E-02
rs10750446	11	130706918	1.51208	T	C	0.489001	0.998451	0.101819	7.5E-01	-0.00153843	0.00408745	0.141661	7.1E-01
rs1040103	11	131442151	1.53674	A	G	0.461788	0.994917	0.0993012	7.5E-01	0.000321416	0.00411084	0.0061133	9.4E-01
rs7941631	11	131930432	1.54756	G	C	0.691473	0.996305	1.1221	2.9E-01	0.00475682	0.004434	1.15091	2.8E-01
rs3088353	12	862641	0.0207663	T	G	0.540082	0.945945	0.00691358	9.3E-01	-0.000368169	0.00421684	0.00762291	9.3E-01
rs12422552	12	14413931	0.308896	G	C	0.732833	0.993361	0.466934	4.9E-01	0.00310387	0.00464914	0.44572	5.0E-01
rs10846451	12	17099885	0.336898	A	G	0.700161	0.983369	0.103793	7.5E-01	-0.00147072	0.00451487	0.106113	7.4E-01
rs6486935	12	19209501	0.354456	T	A	0.252363	0.994884	0.753601	3.9E-01	-0.00456253	0.00471969	0.934509	3.3E-01
rs16926776	12	24001905	0.419584	C	T	0.923176	1	0.00270109	9.6E-01	0.000113214	0.00769025	0.000216728	9.9E-01
rs6488140	12	33370406	0.544222	G	A	0.878383	0.997569	5.86157	1.5E-02	0.0153123	0.00626377	5.97599	1.5E-02
rs74359215	12	46561355	0.596474	C	G	0.974157	0.964189	39.422	3.4E-10	-0.079697	0.0131366	36.8059	1.3E-09
rs79295634	12	47180008	0.599374	A	G	0.931814	0.995165	74.3773	6.5E-18	-0.071704	0.00814425	77.5149	1.3E-18
rs2720296	12	50169070	0.630128	G	A	0.609761	0.950295	1.21731	2.7E-01	0.00516891	0.00429481	1.44847	2.3E-01
rs7953980	12	56757185	0.711535	A	G	0.0208705	0.8954	42.2573	8.0E-11	0.0970411	0.0151334	41.1185	1.4E-10
rs113397893	12	57611285	0.721064	A	G	0.921206	0.973344	6.32219	1.2E-02	0.0199672	0.00768145	6.75693	9.3E-03
rs7979776	12	68205353	0.825207	G	T	0.177618	0.996558	0.000989253	9.7E-01	-0.000438406	0.00537157	0.00666118	9.3E-01
rs61754230	12	72179446	0.876527	C	T	0.980439	1	0.00417743	9.5E-01	-0.000906903	0.0147346	0.00378829	9.5E-01
rs11115160	12	82424100	0.983055	G	A	0.76173	0.987625	1.45279	2.3E-01	0.00629333	0.00483264	1.69587	1.9E-01
rs704067	12	89726027	1.03172	G	A	0.546431	0.989595	1.72663	1.9E-01	0.00485603	0.00413167	1.38138	2.4E-01
rs11105846	12	91257268	1.04236	G	T	0.632238	0.98376	0.25873	6.1E-01	0.00175293	0.00428643	0.167238	6.8E-01
rs1420341	12	97913785	1.14795	C	T	0.171745	0.989054	0.00229561	9.6E-01	-0.00040428	0.00545133	0.00549997	9.4E-01
rs10735363	12	99524896	1.16631	T	C	0.334202	1	2.12327	1.5E-01	0.00520156	0.00433993	1.43648	2.3E-01
rs1895951	12	108268689	1.27225	T	C	0.779278	0.981758	2.53465	1.1E-01	0.00833134	0.00498812	2.78969	9.5E-02
rs3825393	12	109883374	1.29241	T	C	0.362953	1	0.612054	4.3E-01	-0.00317763	0.00424849	0.559421	4.5E-01
rs10850838	12	110278812	1.29736	C	T	0.686866	0.989427	0.32429	5.7E-01	0.00246319	0.00444553	0.307009	5.8E-01
rs11066188	12	112610714	1.303	G	A	0.591056	0.996937	3.49391	6.2E-02	-0.00748265	0.00417346	3.21453	7.3E-02
rs144782841	12	121633581	1.45609	C	G	0.874506	0.99275	0.280446	6.0E-01	-0.0043334	0.00620558	0.487633	4.8E-01
rs181617194	12	122011598	1.46244	T	C	0.959381	0.835918	2.70883	1.0E-01	-0.0207625	0.0113305	3.35787	6.7E-02
rs7953379	12	123030285	1.46756	A	G	0.647021	0.998006	0.48322	4.9E-01	0.00349483	0.00429055	0.663479	4.2E-01
rs3897102	12	123492112	1.47105	C	T	0.587827	0.982525	1.91658	1.7E-01	0.00652499	0.00419645	2.41766	1.2E-01
rs7969633	12	133310887	1.74925	C	T	0.267073	0.9952	3.88228	4.9E-02	0.00882983	0.00464488	3.61373	5.7E-02
rs9579775	13	20616557	0.0139469	A	C	0.863851	0.926233	1.45674	2.3E-01	0.00823079	0.00621056	1.75639	1.9E-01
rs4238202	13	27902148	0.193689	A	G	0.25892	0.9902	0.247403	6.2E-01	0.00204612	0.00469944	0.189571	6.6E-01
rs1885989	13	28010117	0.196447	G	A	0.820006	0.999055	1.3394	2.5E-01	-0.004236	0.00532238	0.633433	4.3E-01
rs12872889	13	28674628	0.213575	T	C	0.769449	0.972921	0.77379	3.8E-01	0.00363993	0.00493006	0.545107	4.6E-01
rs1928496	13	31012904	0.263323	C	T	0.256087	1	1.34215	2.5E-01	-0.00538577	0.00469159	1.31782	2.5E-01
rs7993153	13	33378785	0.304672	A	T	0.527175	0.996937	0.931219	3.3E-01	-0.00436465	0.00410411	1.131	2.9E-01
rs41284828	13	50963685	0.538953	G	A	0.969276	0.943856	2.05864	1.5E-01	0.0150981	0.0121816	1.53616	2.2E-01
rs9536417	13	54018393	0.568081	G	A	0.819349	0.953229	0.32163	5.7E-01	0.00193274	0.00544074	0.126192	7.2E-01
rs13378227	13	54793818	0.572267	C	T	0.448492	0.996048	0.56434	4.5E-01	-0.0029597	0.0041219	0.515587	4.7E-01
rs9563521	13	58254773	0.585028	A	C	0.870683	0.988428	0.0470061	8.3E-01	0.00143852	0.00614144	0.0548641	8.1E-01
rs9538189	13	59333776	0.588946	C	G	0.833101	0.986627	0.103059	7.5E-01	-0.00184487	0.00553743	0.110998	7.4E-01
rs308597	13	62670010	0.616457	T	C	0.413007	0.995107	0.191172	6.6E-01	0.00165577	0.00415965	0.158448	6.9E-01
rs4421883	13	79561962	0.787183	T	C	0.494184	0.996287	0.00275566	9.6E-01	0.000852939	0.00410859	0.0430972	8.4E-01
rs9547363	13	86322442	0.835108	T	C	0.513708	0.967142	0.774776	3.8E-01	-0.00325884	0.00416122	0.613314	4.3E-01
rs12585736	13	96845882	0.935798	G	A	0.693709	0.99638	1.37116	2.4E-01	0.00465999	0.00445389	1.09469	3.0E-01
rs3783006	13	99111209	0.969059	G	C	0.550854	1	0.00862166	9.3E-01	-0.000278809	0.00410886	0.00460437	9.5E-01
rs9514131	13	104090848	1.04319	G	T	0.878439	1	0.0413121	8.4E-01	-0.000726671	0.00626263	0.0134636	9.1E-01
rs9888533	13	107854612	1.13616	C	T	0.462033	0.966192	6.62192	1.0E-02	-0.0113965	0.00417475	7.45216	6.3E-03
rs4773331	13	111843007	1.24012	G	A	0.60363	0.995832	0.53763	4.6E-01	0.00297882	0.00418734	0.506073	4.8E-01
rs9560110	13	112181233	1.24489	C	T	0.71394	0.999795	0.647442	4.2E-01	-0.00390247	0.00451988	0.745462	3.9E-01
rs1241305	14	25868959	0.160798	G	T	0.560622	0.995412	1.98492	1.6E-01	-0.00534799	0.00413303	1.67434	2.0E-01
rs7494063	14	29549249	0.20712	A	C	0.807994	0.984291	0.00211415	9.6E-01	0.000123104	0.00523125	0.000553775	9.8E-01
rs8020889	14	30077029	0.215217	T	C	0.408059	0.999425	2.11	1.5E-01	0.00638555	0.00417646	2.33765	1.3E-01
rs10148694	14	33273511	0.261796	C	T	0.646872	0.984296	0.561613	4.5E-01	-0.00340334	0.00431587	0.621831	4.3E-01
rs1956151	14	40101060	0.364141	A	G	0.823531	0.999433	0.265418	6.1E-01	-0.00257321	0.00535038	0.231304	6.3E-01
rs12889085	14	42885336	0.38109	A	G	0.574096	0.993459	1.78904	1.8E-01	-0.0067838	0.00416066	2.65841	1.0E-01
rs8181993	14	46803314	0.406055	G	A	0.435535	0.992832	0.28501	5.9E-01	0.00136259	0.00415076	0.107764	7.4E-01
rs217667	14	62358847	0.565816	C	T	0.749879	0.994282	0.0656923	8.0E-01	0.000836683	0.00475013	0.031025	8.6E-01
rs8007097	14	62592332	0.568871	C	T	0.547986	0.988884	0.00770324	9.3E-01	0.00124388	0.00413146	0.090646	7.6E-01
rs2526919	14	73107771	0.666826	A	G	0.468801	0.994062	4.87221	2.7E-02	0.00895799	0.00410685	4.75778	2.9E-02
rs6574100	14	73323682	0.670778	A	T	0.597588	0.994028	0.0267117	8.7E-01	0.0010831	0.0042015	0.0664545	8.0E-01
rs11624311	14	79453542	0.744848	G	A	0.771537	0.993549	0.642799	4.2E-01	-0.00297581	0.00489287	0.369899	5.4E-01
rs10144362	14	79974598	0.748284	G	A	0.611266	0.997089	1.35586	2.4E-01	0.00461037	0.00421084	1.19877	2.7E-01
rs6574962	14	88341331	0.821353	G	T	0.252273	0.992916	1.30368	2.5E-01	-0.00559748	0.00472708	1.40217	2.4E-01
rs1152432	14	91373435	0.881772	T	A	0.280156	0.994872	9.23603	2.4E-03	0.0131012	0.00455865	8.2594	4.1E-03
rs740791	14	93699003	0.916417	C	T	0.733988	0.968997	0.573923	4.5E-01	0.00329604	0.0047001	0.49178	4.8E-01
rs2295659	14	101141544	1.07723	G	T	0.869822	0.990612	0.89068	3.5E-01	-0.005249	0.00611994	0.73563	3.9E-01
rs3742406	14	101537857	1.08996	A	G	0.630494	0.998313	1.91224	1.7E-01	0.00570622	0.00424476	1.80714	1.8E-01
rs72708844	14	103834091	1.12399	C	G	0.759435	0.99572	0.219939	6.4E-01	0.00324869	0.00480568	0.45699	5.0E-01
rs12594043	15	27034988	0.374858	G	C	0.478801	0.998824	0.154319	6.9E-01	0.00141019	0.00410786	0.117847	7.3E-01
rs4365252	15	31842371	0.454988	C	A	0.534882	0.990048	0.254193	6.1E-01	0.00169553	0.00412708	0.168782	6.8E-01
rs1435670	15	36390393	0.544421	A	T	0.499053	0.999048	0.0275651	8.7E-01	0.0014352	0.00410282	0.122367	7.3E-01
rs10775122	15	41898711	0.63274	C	T	0.183305	0.995919	0.00027215	9.9E-01	-0.000891068	0.00530361	0.0282279	8.7E-01
rs765787	15	45500047	0.653911	A	G	0.820237	1	7.36869	6.6E-03	-0.0144982	0.00539848	7.21254	7.2E-03
rs10519044	15	46381874	0.6636	T	C	0.70981	0.994588	3.01592	8.2E-02	0.00693224	0.00452626	2.34567	1.3E-01
rs2622775	15	51999970	0.710456	C	T	0.586001	1	0.00892674	9.2E-01	-0.000802992	0.00416302	0.0372052	8.5E-01
rs335497	15	53383101	0.722756	T	G	0.0736928	0.995552	0.437602	5.1E-01	0.00538177	0.00784741	0.470325	4.9E-01
rs2242066	15	58839337	0.793581	G	A	0.848077	0.997046	0.0615965	8.0E-01	-0.000881432	0.00571309	0.0238032	8.8E-01
rs8033510	15	61445514	0.841628	T	C	0.364714	0.994338	1.11493	2.9E-01	0.00455203	0.00427315	1.13479	2.9E-01
rs3087660	15	66797492	0.89698	G	A	0.395794	0.999328	0.193993	6.6E-01	0.00195997	0.00418129	0.219725	6.4E-01
rs11635495	15	67804682	0.914253	T	C	0.487936	0.997662	0.0100319	9.2E-01	-0.00074525	0.00410276	0.0329953	8.6E-01
rs2415130	15	72242554	0.983024	G	A	0.765187	0.998693	2.15745	1.4E-01	-0.00710821	0.00483669	2.15985	1.4E-01
rs478438	15	73630686	0.990231	G	A	0.909364	0.98938	0.62271	4.3E-01	-0.00570526	0.00718882	0.629847	4.3E-01
rs35364449	15	74278126	0.995964	C	T	0.890538	0.989263	4.04493	4.4E-02	-0.0121083	0.00660415	3.3615	6.7E-02
rs62007782	15	78029797	1.01266	G	A	0.73403	0.996291	0.144351	7.0E-01	-0.00131307	0.00463164	0.0803721	7.8E-01
rs1531895	15	80992165	1.05797	G	A	0.532925	0.995023	0.500803	4.8E-01	-0.00338319	0.00411268	0.676708	4.1E-01
rs66615128	15	92561941	1.21822	G	C	0.785243	0.999315	1.87466	1.7E-01	-0.00628447	0.00498412	1.58987	2.1E-01
rs6496036	15	95249902	1.31575	A	C	0.565028	0.985876	1.16333	2.8E-01	-0.00481774	0.00416014	1.34113	2.5E-01
rs7166757	15	98259616	1.39637	A	G	0.61208	0.979588	0.165791	6.8E-01	-0.000620628	0.00424361	0.0213891	8.8E-01
rs57221746	15	99230035	1.42335	G	A	0.774941	0.998898	1.80868	1.8E-01	0.00667458	0.00492165	1.83919	1.8E-01
rs432925	16	334580	0.00365345	G	C	0.7157	0.978663	0.480231	4.9E-01	-0.0030486	0.00459181	0.44079	5.1E-01
rs3211995	16	2089006	0.0428409	G	A	0.840442	0.989857	0.199971	6.5E-01	0.002531	0.00563627	0.20165	6.5E-01
rs2285813	16	3566102	0.0672749	C	A	0.714435	0.994926	2.46116	1.2E-01	0.00631285	0.00455113	1.92403	1.7E-01
rs2531993	16	4014245	0.0722296	A	G	0.155353	0.997332	0.0601792	8.1E-01	0.00125521	0.00565755	0.049224	8.2E-01
rs12927792	16	9713194	0.229734	C	T	0.573708	0.986089	0.00406337	9.5E-01	-0.000404535	0.00417656	0.00938154	9.2E-01
rs739639	16	19527777	0.388214	C	T	0.359281	0.997014	3.90147	4.8E-02	-0.00775565	0.00426905	3.30045	6.9E-02
rs227762	16	19859406	0.390054	G	A	0.52126	0.978383	2.8363	9.2E-02	0.00698785	0.00414327	2.84446	9.2E-02
rs11074444	16	20241686	0.397902	T	C	0.206906	0.996432	0.091231	7.6E-01	0.0021508	0.00505945	0.180714	6.7E-01
rs9929613	16	24599316	0.461035	A	G	0.261405	0.954325	1.35659	2.4E-01	-0.00547212	0.00476308	1.31988	2.5E-01
rs865719	16	28379443	0.542171	A	G	0.586837	0.968132	5.23483	2.2E-02	0.0102604	0.00421817	5.9167	1.5E-02
rs28517865	16	29914142	0.552217	C	T	0.433701	0.992308	0.0178664	8.9E-01	9.97148e-06	0.00415732	5.75298e-06	1.0E+00
rs9319587	16	30833246	0.554994	C	T	0.609131	0.997546	0.0547259	8.2E-01	8.11899e-05	0.0041953	0.000374523	9.8E-01
rs6500208	16	49011249	0.571189	G	A	0.793088	0.993709	0.906058	3.4E-01	-0.00408346	0.00506359	0.650337	4.2E-01
rs111617945	16	53557517	0.64416	T	C	0.895524	0.985634	0.0331491	8.6E-01	0.00169472	0.00675264	0.0629867	8.0E-01
rs8048396	16	53770749	0.644865	C	A	0.489924	0.995604	4.29628	3.8E-02	-0.0079853	0.00411262	3.77005	5.2E-02
rs12596054	16	53834684	0.646096	A	C	0.853713	0.996549	6.14661	1.3E-02	0.0132021	0.00578226	5.21304	2.2E-02
rs11649379	16	56493573	0.721474	C	T	0.827287	0.998629	2.44182	1.2E-01	-0.00802895	0.00541609	2.19759	1.4E-01
rs2962446	16	62862539	0.808465	A	T	0.476042	0.98622	0.0255099	8.7E-01	0.000908343	0.00413164	0.0483343	8.3E-01
rs8056893	16	68304392	0.850738	C	A	0.267007	0.992269	31.3693	2.1E-08	0.0258052	0.00464532	30.8592	2.8E-08
rs113093305	16	69424312	0.855386	C	T	0.965601	0.988361	0.472323	4.9E-01	0.00782784	0.0113252	0.477742	4.9E-01
rs244416	16	69665208	0.858568	T	C	0.151062	0.993922	0.439724	5.1E-01	0.00490025	0.00574546	0.727422	3.9E-01
rs8059061	16	76699487	0.935641	A	C	0.820055	0.993717	0.404396	5.2E-01	0.00276696	0.00534569	0.267917	6.0E-01
rs4888162	16	81687645	1.05261	C	T	0.517476	1	0.0376464	8.5E-01	-0.000837428	0.00409153	0.0418912	8.4E-01
rs12922346	16	82438337	1.07453	G	C	0.731326	0.983645	0.898735	3.4E-01	0.00502709	0.0046627	1.16241	2.8E-01
rs77081114	17	1816762	0.0641667	G	A	0.834576	1	2.37341	1.2E-01	-0.00746366	0.00551299	1.83286	1.8E-01
rs9914578	17	2005136	0.0688706	C	G	0.798236	0.995727	0.348249	5.6E-01	0.0036052	0.00510347	0.49903	4.8E-01
rs2779207	17	15870401	0.425124	T	A	0.431234	0.973217	0.0328481	8.6E-01	0.000347232	0.00418616	0.0068803	9.3E-01
rs4985996	17	21155684	0.471012	C	T	0.650985	0.996698	0.0991689	7.5E-01	-0.000790631	0.00430358	0.0337511	8.5E-01
rs11080090	17	27502029	0.494582	G	A	0.157429	0.985283	0.112949	7.4E-01	0.00278576	0.00567758	0.240747	6.2E-01
rs4794859	17	27962393	0.496881	T	G	0.529335	0.996548	8.23758	4.1E-03	-0.0124417	0.00410601	9.18164	2.4E-03
rs17836689	17	31448234	0.526044	G	A	0.759273	0.987977	0.905936	3.4E-01	0.004966	0.00480589	1.06774	3.0E-01
rs4794977	17	32247585	0.548126	C	G	0.577772	0.980309	5.25952	2.2E-02	-0.0096268	0.00419585	5.2641	2.2E-02
rs242556	17	44002250	0.689918	A	T	0.234002	0.95327	0.622797	4.3E-01	-0.00278927	0.00495399	0.317007	5.7E-01
rs2905855	17	46081915	0.703376	G	A	0.562303	0.989999	1.39427	2.4E-01	0.00502078	0.00414166	1.46958	2.3E-01
rs11657868	17	46942681	0.706999	G	A	0.718195	0.996518	0.631386	4.3E-01	-0.00490602	0.00455675	1.15918	2.8E-01
rs8067262	17	56048720	0.848038	T	G	0.911454	0.997899	0.318581	5.7E-01	-0.00418567	0.00720939	0.337081	5.6E-01
rs11655589	17	61608163	0.886764	A	G	0.666335	0.975736	0.891417	3.5E-01	0.00377914	0.0043907	0.740826	3.9E-01
rs8079078	17	65821166	0.947735	C	A	0.303722	0.990268	4.71409	3.0E-02	-0.00940537	0.00447995	4.40763	3.6E-02
rs936393	17	73847613	1.10376	A	G	0.812212	0.99328	2.56917	1.1E-01	0.00835575	0.00527484	2.5093	1.1E-01
rs12943620	17	78444658	1.24901	T	G	0.22728	0.993887	0.572376	4.5E-01	-0.00332089	0.0048973	0.459829	5.0E-01
rs11658698	17	78518327	1.2499	C	T	0.729609	0.995739	2.98557	8.4E-02	0.00768115	0.00461118	2.77477	9.6E-02
rs12051698	17	79046374	1.26006	C	G	0.647097	0.980656	1.43857	2.3E-01	-0.00532516	0.00432591	1.51535	2.2E-01
rs8089699	18	1813412	0.0476566	G	A	0.882906	0.939184	2.64761	1.0E-01	0.0104308	0.00655091	2.5353	1.1E-01
rs508481	18	7542241	0.240303	A	G	0.868635	0.989942	0.00126689	9.7E-01	0.000277144	0.00609262	0.0020692	9.6E-01
rs9948870	18	20967065	0.431819	G	A	0.605065	0.993522	1.07716	3.0E-01	0.00475671	0.00421186	1.27546	2.6E-01
rs1349351	18	22191762	0.447116	G	A	0.598499	0.999082	0.0762117	7.8E-01	0.00150934	0.00418335	0.130175	7.2E-01
rs7228141	18	31214950	0.540827	G	C	0.463508	0.995475	10.6412	1.1E-03	-0.0138045	0.00410933	11.285	7.8E-04
rs9957032	18	39467208	0.603798	T	C	0.818221	1	0.355315	5.5E-01	-0.00351275	0.00530723	0.438086	5.1E-01
rs4561553	18	40687764	0.611644	T	G	0.407518	0.997769	4.57111	3.3E-02	-0.00873358	0.00417759	4.37053	3.7E-02
rs8096662	18	42533130	0.62282	A	G	0.145546	0.98702	0.00010588	9.9E-01	-0.000445842	0.00584862	0.00581106	9.4E-01
rs9964756	18	50441817	0.72912	T	G	0.107895	0.997466	0.669193	4.1E-01	-0.00426779	0.00660501	0.417503	5.2E-01
rs28687557	18	52547057	0.739845	G	A	0.227456	0.993369	1.11905	2.9E-01	0.00607283	0.00490194	1.53478	2.2E-01
rs7243357	18	56883319	0.801149	T	G	0.822159	0.991788	1.03645	3.1E-01	0.00469072	0.00538669	0.758289	3.8E-01
rs681630	18	57827605	0.821594	A	G	0.565369	0.998337	0.00938398	9.2E-01	-0.000426817	0.00414524	0.0106019	9.2E-01
rs8097783	18	58051294	0.823036	G	A	0.926152	1	0.133076	7.2E-01	0.00304425	0.00784086	0.150742	7.0E-01
rs74625348	18	60846430	0.867759	G	C	0.77096	0.97218	2.49547	1.1E-01	0.00708589	0.00492828	2.06728	1.5E-01
rs10460125	18	63415573	0.904306	C	T	0.725398	0.998331	1.3045	2.5E-01	0.00530635	0.00459134	1.33571	2.5E-01
rs11663797	18	73497644	1.0888	G	A	0.273811	0.989477	0.995781	3.2E-01	-0.00552251	0.00461784	1.43019	2.3E-01
rs12151205	19	1808569	0.0682048	T	A	0.44909	0.963075	0.762339	3.8E-01	-0.00385114	0.00419403	0.843169	3.6E-01
rs10419634	19	1936672	0.069832	T	C	0.28976	0.973622	1.2726	2.6E-01	-0.00516106	0.00458141	1.26905	2.6E-01
rs79712071	19	2221892	0.075478	C	A	0.953638	0.968688	0.0553218	8.1E-01	0.00288432	0.0098897	0.085059	7.7E-01
rs62131468	19	3984788	0.142379	C	G	0.812999	0.97174	0.580231	4.5E-01	0.00470182	0.00532553	0.779482	3.8E-01
rs3929396	19	18197093	0.447598	G	A	0.594991	0.983365	0.104669	7.5E-01	-0.00120014	0.00420655	0.0813977	7.8E-01
rs113230003	19	18460956	0.450365	G	A	0.738169	0.981969	1.19996	2.7E-01	-0.00531357	0.00469577	1.28044	2.6E-01
rs2003476	19	18806668	0.454309	T	C	0.593821	0.986683	1.36186	2.4E-01	0.00528716	0.0041982	1.58605	2.1E-01
rs8104983	19	19859845	0.463476	A	G	0.84095	0.982533	8.99955	2.7E-03	0.0155764	0.00564002	7.6273	5.7E-03
rs7247004	19	30240852	0.512599	A	G	0.687932	0.994107	0.739965	3.9E-01	-0.00401791	0.00443255	0.821662	3.6E-01
rs740671	19	30664619	0.518411	C	A	0.755919	0.990945	0.399472	5.3E-01	0.0020494	0.00477595	0.184135	6.7E-01
rs7247158	19	31021597	0.524584	A	G	0.758297	0.996608	0.383376	5.4E-01	0.00283543	0.00479388	0.349835	5.5E-01
rs461998	19	34319233	0.572882	T	C	0.328685	0.997354	0.0206899	8.9E-01	0.00112938	0.00436443	0.066961	8.0E-01
rs147711004	19	45337918	0.704947	G	A	0.963968	0.951931	2.19581	1.4E-01	0.0174202	0.0112378	2.40296	1.2E-01
rs62118504	19	45734751	0.713178	A	G	0.60471	0.990245	1.20881	2.7E-01	-0.00427455	0.00421862	1.02669	3.1E-01
rs76427838	19	46157883	0.718333	C	T	0.94077	0.984513	6.09955	1.4E-02	0.02043	0.00873766	5.46695	1.9E-02
rs7507227	19	47561601	0.74416	C	A	0.570696	0.926708	0.0177558	8.9E-01	0.000699233	0.00429955	0.0264483	8.7E-01
rs1884389	20	1410582	0.0620248	C	T	0.5614	0.990862	1.65846	2.0E-01	0.00482169	0.0041412	1.35564	2.4E-01
rs4813619	20	2815715	0.104851	G	T	0.491118	0.983542	1.28403	2.6E-01	0.00509237	0.00413926	1.51354	2.2E-01
rs1884899	20	6572870	0.214153	A	G	0.226227	0.983564	1.73437	1.9E-01	0.00724792	0.00492827	2.16291	1.4E-01
rs16996637	20	15809996	0.385502	C	T	0.870003	0.979105	0.208264	6.5E-01	0.00186678	0.00613687	0.0925317	7.6E-01
rs852033	20	17085493	0.411169	A	C	0.247639	0.996482	0.725504	3.9E-01	0.00461767	0.0047491	0.945417	3.3E-01
rs1409818	20	21381121	0.481069	C	T	0.898659	0.994593	0.0270016	8.7E-01	-0.000843376	0.00680374	0.0153655	9.0E-01
rs66817095	20	25038484	0.515275	G	T	0.82954	1	1.00059	3.2E-01	-0.00416601	0.00546732	0.580618	4.5E-01
rs6120440	20	32517585	0.53634	G	A	0.354038	0.991596	5.33697	2.1E-02	-0.00944705	0.00430451	4.81665	2.8E-02
rs16989232	20	39291784	0.591389	G	A	0.601244	0.975601	0.00909544	9.2E-01	-0.00140388	0.00423208	0.11004	7.4E-01
rs34316626	20	47358484	0.731003	T	C	0.752279	0.990765	2.16573	1.4E-01	0.00726069	0.00476666	2.32021	1.3E-01
rs17201143	20	50402079	0.780574	C	T	0.676778	0.999123	1.57154	2.1E-01	-0.00537672	0.00438584	1.50289	2.2E-01
rs1033715	20	50861193	0.791131	G	A	0.607172	0.99768	0.0167398	9.0E-01	0.000363326	0.00419735	0.00749278	9.3E-01
rs559390	20	54157546	0.855467	A	T	0.658112	0.996213	0.127749	7.2E-01	0.00127035	0.0043213	0.0864209	7.7E-01
rs6010789	20	61561153	1.07298	G	A	0.498549	1	4.01262	4.5E-02	0.00867797	0.00409091	4.49983	3.4E-02
rs2832283	21	30690558	0.291215	G	A	0.78577	0.992402	1.45526	2.3E-01	-0.00660394	0.00502129	1.72972	1.9E-01
rs2298330	21	38852728	0.419836	G	A	0.884471	0.986182	0.056203	8.1E-01	-0.000700215	0.00644814	0.0117922	9.1E-01
rs1209950	21	40173528	0.44514	C	T	0.597959	1	1.12218	2.9E-01	-0.00444691	0.0041706	1.13689	2.9E-01
rs62222988	21	40569508	0.455465	T	C	0.626114	0.995886	0.0330476	8.6E-01	0.000420868	0.0042416	0.00984534	9.2E-01
rs2410204	21	41416838	0.475718	A	G	0.585402	0.993302	0.0771422	7.8E-01	-0.00185501	0.00416157	0.198692	6.6E-01
rs111320751	21	46630890	0.622427	A	T	0.955678	0.926829	2.03948	1.5E-01	0.0155607	0.0103468	2.26175	1.3E-01
rs11704728	22	18130209	0.0626254	C	T	0.803477	0.990379	4.87829	2.7E-02	0.0105112	0.00515969	4.15007	4.2E-02
rs5750508	22	38303155	0.469229	C	T	0.676363	0.994441	0.452788	5.0E-01	-0.00290289	0.00439821	0.435621	5.1E-01
rs8136269	22	40532444	0.498055	G	C	0.798225	0.992615	2.09736	1.5E-01	0.00791973	0.00512514	2.38787	1.2E-01
rs1953	22	41641984	0.50042	C	T	0.729719	0.993321	3.46585	6.3E-02	0.00876496	0.00461407	3.60854	5.7E-02
rs13056230	22	48874310	0.664361	C	T	0.572045	1	0.0488465	8.3E-01	0.000677264	0.00412961	0.0268966	8.7E-01
