SNP	CHR	BP	GENPOS	ALLELE1	ALLELE0	A1FREQ	INFO	CHISQ_LINREG	P_LINREG	BETA	SE	CHISQ_BOLT_LMM_INF	P_BOLT_LMM_INF	CHISQ_BOLT_LMM	P_BOLT_LMM
rs28788874	1	1520725	0.0141684	C	T	0.585299	0.768295	0.175553	6.8E-01	-0.00183903	0.00478335	0.147813	7.0E-01	0.273551	6.0E-01
rs10907187	1	1759054	0.0168675	G	A	0.730409	0.998294	0.00979303	9.2E-01	0.000570967	0.00467544	0.0149135	9.0E-01	0.0312543	8.6E-01
rs3001347	1	2426766	0.0346085	A	G	0.480235	0.993243	0.876592	3.5E-01	-0.00444796	0.00415041	1.14852	2.8E-01	1.18812	2.8E-01
rs10779795	1	6677064	0.153978	A	G	0.662103	0.998314	0.506557	4.8E-01	0.00464888	0.0043922	1.12029	2.9E-01	0.697217	4.0E-01
rs12136082	1	11102275	0.225397	A	G	0.192828	0.997704	0.811561	3.7E-01	0.00241124	0.00525676	0.210399	6.5E-01	0.251535	6.2E-01
rs3766160	1	15808872	0.325192	G	A	0.744147	1	0.202443	6.5E-01	0.000950146	0.00473727	0.0402276	8.4E-01	0.0704935	7.9E-01
rs12041062	1	19916886	0.402244	G	C	0.764485	0.997633	0.400241	5.3E-01	-0.0019345	0.00489097	0.156439	6.9E-01	0.0668133	8.0E-01
rs309517	1	23251592	0.460465	T	A	0.327298	0.967482	0.445404	5.0E-01	-0.00405483	0.00448715	0.816593	3.7E-01	1.24488	2.6E-01
rs12564655	1	33254768	0.567573	T	C	0.831445	0.999657	5.1508	2.3E-02	-0.0113684	0.00553225	4.22277	4.0E-02	4.17014	4.1E-02
rs13374459	1	39571211	0.669657	T	C	0.588291	0.9945	31.0167	2.6E-08	-0.0237492	0.00423067	31.5123	2.0E-08	29.0811	6.9E-08
rs61743745	1	40036944	0.670228	G	A	0.970171	0.986128	0.251231	6.2E-01	0.00600864	0.0122399	0.24099	6.2E-01	0.0710115	7.9E-01
rs41269113	1	46032543	0.727328	G	A	0.964407	0.991408	0.703729	4.0E-01	0.00915028	0.0112327	0.663587	4.2E-01	0.441171	5.1E-01
rs4134058	1	47670911	0.739288	T	C	0.455325	0.994101	0.0428284	8.4E-01	0.00153792	0.00417166	0.13591	7.1E-01	0.014902	9.0E-01
rs7553454	1	49231261	0.759781	T	C	0.774925	0.984417	0.637835	4.2E-01	0.00338881	0.00498993	0.461217	5.0E-01	0.331927	5.6E-01
rs587271	1	54743111	0.7872	C	T	0.313179	0.916526	1.25183	2.6E-01	0.00383896	0.0046828	0.672074	4.1E-01	0.629161	4.3E-01
rs78141582	1	57827517	0.843026	A	G	0.897687	0.998432	0.195877	6.6E-01	-0.0033876	0.00684301	0.24507	6.2E-01	0.445785	5.0E-01
rs885581	1	62445706	0.914644	A	G	0.607676	0.990874	2.31871	1.3E-01	-0.00504682	0.00425849	1.40451	2.4E-01	1.42188	2.3E-01
rs74082072	1	65970925	0.967975	T	C	0.917809	0.99363	0.158446	6.9E-01	0.00609828	0.00755115	0.652212	4.2E-01	0.465993	4.9E-01
rs2554414	1	72446164	1.03176	A	G	0.758572	0.995989	0.960529	3.3E-01	0.00517982	0.00483529	1.14759	2.8E-01	0.938731	3.3E-01
rs1514177	1	74991402	1.04313	C	G	0.424303	0.999432	0.131049	7.2E-01	0.00179684	0.00419995	0.183033	6.7E-01	0.236473	6.3E-01
rs12035349	1	77557339	1.06866	A	G	0.871887	0.977571	0.285846	5.9E-01	0.00112087	0.00627319	0.0319251	8.6E-01	0.0139863	9.1E-01
rs115281275	1	77991129	1.0737	T	A	0.968661	0.902469	1.17424	2.8E-01	0.0110536	0.012496	0.782457	3.8E-01	0.674451	4.1E-01
rs10874123	1	80831434	1.08977	G	A	0.702146	0.997286	0.523514	4.7E-01	0.00171231	0.00452968	0.142898	7.1E-01	0.0772385	7.8E-01
rs11810373	1	82473958	1.11392	A	G	0.745514	0.997739	2.13581	1.4E-01	0.00529549	0.00475532	1.24009	2.7E-01	0.948855	3.3E-01
rs3131815	1	92664966	1.23012	C	T	0.805586	0.994558	8.02491	4.6E-03	0.0141887	0.00524419	7.32028	6.8E-03	6.13689	1.3E-02
rs4347257	1	96269230	1.26259	C	T	0.535636	0.996672	0.00119983	9.7E-01	0.000185709	0.00416336	0.00198967	9.6E-01	0.00716062	9.3E-01
rs4375301	1	98298371	1.27828	A	G	0.767049	0.993807	1.00221	3.2E-01	-0.00707589	0.00492343	2.06551	1.5E-01	2.30994	1.3E-01
rs3108680	1	107572997	1.35724	T	C	0.650884	0.999501	2.45209	1.2E-01	0.00515379	0.0043637	1.3949	2.4E-01	1.43147	2.3E-01
rs17584208	1	109833187	1.38762	G	A	0.913432	0.992873	1.15322	2.8E-01	-0.00748203	0.00740016	1.02225	3.1E-01	0.853123	3.6E-01
rs2076586	1	112273026	1.42823	C	T	0.754427	0.980886	1.27749	2.6E-01	0.00614033	0.00486385	1.59376	2.1E-01	0.655762	4.2E-01
rs984222	1	119503843	1.50977	C	G	0.390696	1	0.160653	6.9E-01	-0.00368845	0.00425614	0.751029	3.9E-01	0.810038	3.7E-01
rs78132593	1	150868102	1.65903	C	A	0.782593	0.996822	70.3517	5.0E-17	0.040504	0.0050305	64.8297	8.2E-16	65.6215	5.5E-16
rs1870940	1	154984363	1.69828	G	A	0.72931	0.984186	0.0688324	7.9E-01	-0.00203076	0.00470407	0.186367	6.7E-01	0.399842	5.3E-01
rs35277691	1	171415327	1.93374	A	C	0.906541	0.997238	3.13084	7.7E-02	0.0110008	0.00715511	2.36382	1.2E-01	2.18364	1.4E-01
rs149415799	1	173657022	1.95091	G	C	0.975833	0.965388	0.111559	7.4E-01	0.00348484	0.0137204	0.0645107	8.0E-01	0.171518	6.8E-01
rs3922650	1	177766694	1.98705	A	C	0.475966	0.997377	0.0251513	8.7E-01	-0.000151541	0.00414935	0.00133382	9.7E-01	0.00243588	9.6E-01
rs2068973	1	177792715	1.98748	G	A	0.655699	0.993004	2.44257	1.2E-01	-0.00767657	0.00437904	3.0731	8.0E-02	2.73258	9.8E-02
rs815342	1	190112653	2.09814	T	C	0.631918	0.98827	1.70319	1.9E-01	0.00547165	0.00432706	1.59901	2.1E-01	1.5463	2.1E-01
rs12130221	1	194825306	2.13143	A	T	0.683256	0.997265	0.000551258	9.8E-01	-0.000556586	0.00446418	0.0155447	9.0E-01	0.00443594	9.5E-01
rs704633	1	201760981	2.19705	A	G	0.348748	0.991681	1.07803	3.0E-01	-0.00531048	0.0043556	1.48652	2.2E-01	1.20483	2.7E-01
rs16849710	1	202106797	2.20149	A	G	0.471389	0.987868	0.102329	7.5E-01	-0.00105585	0.00417676	0.0639035	8.0E-01	0.0222018	8.8E-01
rs6540497	1	209205263	2.30771	G	C	0.422338	0.993216	0.00061612	9.8E-01	0.000969049	0.00420748	0.0530454	8.2E-01	0.0456988	8.3E-01
rs11118308	1	219633869	2.43693	A	G	0.552201	0.999196	0.399695	5.3E-01	-0.000936977	0.00416923	0.0505065	8.2E-01	0.0853323	7.7E-01
rs2491864	1	242986063	2.82336	G	A	0.781475	0.998975	0.0384269	8.4E-01	0.000253621	0.00502472	0.0025477	9.6E-01	0.00511632	9.4E-01
rs12042959	1	243533273	2.82744	A	G	0.856295	0.985729	0.0158592	9.0E-01	0.000105616	0.00594406	0.000315714	9.9E-01	0.0100887	9.2E-01
rs1474053	2	224086	0.00121739	T	A	0.30705	0.998582	2.15548	1.4E-01	0.0053808	0.00449556	1.43261	2.3E-01	1.19239	2.7E-01
rs6548228	2	345889	0.00380575	T	C	0.47675	0.997111	0.0124672	9.1E-01	0.00100489	0.00415211	0.0585737	8.1E-01	0.12739	7.2E-01
rs62117023	2	401319	0.00493919	G	A	0.746598	0.975524	0.189093	6.6E-01	-0.00218719	0.00482377	0.205588	6.5E-01	0.360122	5.5E-01
rs13387998	2	512327	0.00653916	C	T	0.926049	0.992033	0.286476	5.9E-01	-0.00232011	0.0079488	0.0851952	7.7E-01	0.00936675	9.2E-01
rs7596758	2	658595	0.00865972	T	G	0.702053	0.99674	0.711876	4.0E-01	-0.0047876	0.00451843	1.12269	2.9E-01	1.38357	2.4E-01
rs11902450	2	12845368	0.29449	C	T	0.895435	0.993347	0.448884	5.0E-01	0.00630534	0.00679973	0.859871	3.5E-01	0.518147	4.7E-01
rs13002939	2	21120901	0.419457	A	C	0.744356	0.990004	77.342	1.4E-18	-0.0402275	0.00477906	70.8536	3.8E-17	71.6888	2.5E-17
rs12720816	2	21239667	0.419939	T	C	0.607448	0.97208	96.8408	7.5E-23	-0.04525	0.00429154	111.176	5.4E-26	113.718	1.5E-26
rs2384463	2	26942256	0.471361	A	G	0.475385	0.994749	0.0111597	9.2E-01	0.00112179	0.0041602	0.0727101	7.9E-01	0.0352492	8.5E-01
rs6737895	2	35442725	0.577818	G	A	0.776382	1	0.104862	7.5E-01	0.00188626	0.00497374	0.143827	7.0E-01	0.0802402	7.8E-01
rs10185199	2	40282202	0.642282	G	A	0.719504	0.9446	0.013703	9.1E-01	0.00208116	0.00474436	0.192423	6.6E-01	0.204371	6.5E-01
rs12465106	2	41583244	0.656468	A	C	0.333824	0.990838	0.491505	4.8E-01	-0.0018504	0.00441732	0.175475	6.8E-01	0.125406	7.2E-01
rs6732079	2	46877963	0.735942	T	A	0.903819	0.980261	2.6012	1.1E-01	0.00839651	0.00708228	1.40557	2.4E-01	1.90751	1.7E-01
rs80056702	2	50056246	0.778173	C	T	0.941666	1	0.0423719	8.4E-01	-0.000293839	0.00884427	0.00110381	9.7E-01	0.146206	7.0E-01
rs59428052	2	53861389	0.819985	A	G	0.850765	0.921044	2.0658	1.5E-01	0.00856869	0.00603796	2.01395	1.6E-01	2.27977	1.3E-01
rs6705519	2	55204165	0.827433	C	T	0.699466	0.992125	0.693656	4.0E-01	0.00276886	0.00453595	0.372619	5.4E-01	0.237879	6.3E-01
rs57178144	2	58681120	0.848912	T	C	0.867472	0.950948	0.0826277	7.7E-01	-0.00264541	0.00625129	0.17908	6.7E-01	0.179251	6.7E-01
rs13417156	2	62848319	0.885521	T	C	0.567371	0.99741	0.551276	4.6E-01	0.00159537	0.0041936	0.144726	7.0E-01	0.0930286	7.6E-01
rs6746570	2	67774191	0.93823	A	C	0.71111	0.971596	3.18305	7.4E-02	-0.00734624	0.00463773	2.50911	1.1E-01	2.48602	1.1E-01
rs17016642	2	79476375	1.09778	A	G	0.884824	0.971192	2.44557	1.2E-01	-0.00888994	0.00657898	1.82592	1.8E-01	1.96559	1.6E-01
rs6752979	2	81741750	1.13256	G	A	0.68268	1	0.118014	7.3E-01	-0.00158043	0.00445441	0.125884	7.2E-01	0.329168	5.7E-01
rs4832285	2	86644664	1.16157	G	A	0.248226	0.999114	0.182661	6.7E-01	-0.0023763	0.00478785	0.246332	6.2E-01	0.27147	6.0E-01
rs13023088	2	100576304	1.22131	C	T	0.850793	0.99385	0.777852	3.8E-01	0.00566075	0.00583206	0.942115	3.3E-01	0.986363	3.2E-01
rs75108145	2	100802984	1.2219	C	T	0.874494	0.987695	2.42897	1.2E-01	0.0113929	0.0063006	3.2697	7.1E-02	3.50527	6.1E-02
rs12712181	2	104354232	1.24985	A	G	0.414449	0.997505	0.923247	3.4E-01	0.00309541	0.00421271	0.539898	4.6E-01	0.884942	3.5E-01
rs6754968	2	105414479	1.26241	G	A	0.654767	0.998396	0.316144	5.7E-01	-0.00446506	0.00436897	1.04447	3.1E-01	1.14527	2.8E-01
rs13027786	2	133517445	1.5525	G	A	0.745836	0.986506	0.0170551	9.0E-01	0.000556308	0.00479709	0.0134485	9.1E-01	0.0023709	9.6E-01
rs6430552	2	135622808	1.58359	C	T	0.628986	0.999411	0.745688	3.9E-01	0.002603	0.00426909	0.371774	5.4E-01	0.0630739	8.0E-01
rs2890652	2	142959931	1.641	T	C	0.841295	1	0.532812	4.7E-01	-0.00373812	0.00565852	0.436417	5.1E-01	0.347707	5.6E-01
rs6719577	2	144013418	1.64945	G	A	0.821292	0.99734	0.316131	5.7E-01	-0.00208275	0.00541666	0.147846	7.0E-01	0.0763002	7.8E-01
rs1949527	2	157054911	1.75263	G	T	0.354377	0.997531	0.0906406	7.6E-01	0.000752438	0.00434304	0.0300161	8.6E-01	0.0242314	8.8E-01
rs12692596	2	161265910	1.78694	C	T	0.629671	0.996301	0.0515068	8.2E-01	-0.00126363	0.00428815	0.0868365	7.7E-01	0.00384096	9.5E-01
rs12692738	2	165558252	1.81499	T	C	0.772314	0.984603	5.13604	2.3E-02	0.0118347	0.00498372	5.63904	1.8E-02	5.90992	1.5E-02
rs72917531	2	175238176	1.94405	C	A	0.814453	0.991675	0.658215	4.2E-01	0.0033551	0.00534495	0.394025	5.3E-01	0.580333	4.5E-01
rs4640353	2	181327570	2.00315	A	C	0.71491	0.994236	0.0421345	8.4E-01	0.0010632	0.00460695	0.0532599	8.2E-01	0.206048	6.5E-01
rs114049355	2	183075689	2.01604	C	T	0.940972	0.921249	0.0115891	9.1E-01	1.2109e-05	0.00915476	1.74954e-06	1.0E+00	0.00534989	9.4E-01
rs7570446	2	193801010	2.09677	C	A	0.456734	0.998185	0.437329	5.1E-01	-0.00376514	0.00416337	0.817848	3.7E-01	0.33093	5.7E-01
rs7592344	2	198572461	2.12609	C	T	0.80295	0.997005	1.41256	2.3E-01	0.00648527	0.0052234	1.54152	2.1E-01	1.1913	2.8E-01
rs3845802	2	203740672	2.15739	T	G	0.518086	0.997801	0.132962	7.2E-01	0.000216218	0.00415179	0.00271213	9.6E-01	0.0171008	9.0E-01
rs11696022	2	205387566	2.17339	C	T	0.23322	0.994602	1.63463	2.0E-01	0.0043865	0.00491288	0.797192	3.7E-01	0.839608	3.6E-01
rs4673553	2	211608379	2.23794	T	G	0.551248	0.992859	16.5901	4.6E-05	-0.0171458	0.0041799	16.826	4.1E-05	17.589	2.7E-05
rs12467225	2	212244657	2.24413	C	T	0.714834	0.995832	0.769421	3.8E-01	-0.00468423	0.00460926	1.0328	3.1E-01	0.900024	3.4E-01
rs16847879	2	213067535	2.25955	A	G	0.791086	0.996291	0.0942379	7.6E-01	-0.00256027	0.0051044	0.251584	6.2E-01	0.0517544	8.2E-01
rs4674379	2	220214386	2.34424	G	A	0.0952767	0.994198	0.995251	3.2E-01	0.00540569	0.00706887	0.584793	4.4E-01	0.384104	5.4E-01
rs3811514	2	228883721	2.47754	T	C	0.514086	1	1.6179	2.0E-01	-0.00451387	0.00414698	1.18477	2.8E-01	1.14843	2.8E-01
rs36191868	2	228999054	2.47864	T	C	0.524364	0.999757	0.70974	4.0E-01	-0.00452383	0.00415071	1.18787	2.8E-01	1.30393	2.5E-01
rs17582010	2	230542810	2.50166	T	C	0.448069	0.984006	0.381223	5.4E-01	0.00337944	0.00420082	0.647172	4.2E-01	0.67521	4.1E-01
rs9312002	3	8137447	0.216149	G	A	0.563618	0.997543	0.564095	4.5E-01	-0.00227985	0.00418591	0.296644	5.9E-01	0.388838	5.3E-01
rs17609108	3	11626464	0.283018	T	C	0.855414	0.974514	0.0769911	7.8E-01	-0.000676121	0.00595822	0.012877	9.1E-01	0.0584976	8.1E-01
rs11709077	3	12336507	0.297621	G	A	0.88091	0.996457	0.0190576	8.9E-01	0.000827698	0.00639738	0.0167394	9.0E-01	0.0430218	8.4E-01
rs2596902	3	12955982	0.303023	G	A	0.333814	0.991491	2.86823	9.0E-02	-0.00725602	0.00440817	2.70944	1.0E-01	3.07079	8.0E-02
rs2470539	3	15717844	0.355673	C	T	0.410497	0.996599	0.819972	3.7E-01	0.00414021	0.0042293	0.958312	3.3E-01	0.856524	3.5E-01
rs4858223	3	20581149	0.396076	C	T	0.671778	0.98174	0.167805	6.8E-01	0.000794956	0.00446156	0.0317477	8.6E-01	0.154433	6.9E-01
rs6550943	3	25109249	0.461812	T	A	0.146823	0.996473	1.71851	1.9E-01	0.00696327	0.00585248	1.41562	2.3E-01	1.97479	1.6E-01
rs11921432	3	35117776	0.5931	T	C	0.886271	0.984646	2.31063	1.3E-01	0.00951224	0.0065729	2.09436	1.5E-01	1.91917	1.7E-01
rs4377469	3	42303074	0.652846	G	T	0.112889	1	0.336504	5.6E-01	-0.00292516	0.00652842	0.200763	6.5E-01	0.254457	6.1E-01
rs33484	3	42417887	0.656606	G	A	0.522038	0.987598	2.77333	9.6E-02	0.00582753	0.00416783	1.95501	1.6E-01	2.26027	1.3E-01
rs9824340	3	43902170	0.666286	C	T	0.307972	0.994289	7.62232	5.8E-03	0.0119823	0.00450181	7.0844	7.8E-03	7.10049	7.7E-03
rs4858802	3	47641011	0.688054	T	C	0.684353	0.999724	0.0832854	7.7E-01	0.000832213	0.00445083	0.0349612	8.5E-01	0.00113021	9.7E-01
rs4688760	3	49980596	0.690403	C	T	0.311095	0.994668	0.150318	7.0E-01	0.00156586	0.00448654	0.12181	7.3E-01	0.168578	6.8E-01
rs12488237	3	56114861	0.741657	T	C	0.942917	1	0.870677	3.5E-01	0.0044835	0.00894044	0.251488	6.2E-01	0.797352	3.7E-01
rs12491542	3	61130247	0.807467	C	T	0.880318	0.985418	0.0485484	8.3E-01	0.00233498	0.00642053	0.132259	7.2E-01	0.0611863	8.0E-01
rs9968060	3	62471282	0.82953	C	T	0.356779	0.962185	1.34717	2.5E-01	-0.00566722	0.00441364	1.64871	2.0E-01	2.3103	1.3E-01
rs4688315	3	62688047	0.83655	C	T	0.214654	0.996323	0.327047	5.7E-01	0.00265491	0.00505311	0.276046	6.0E-01	0.173484	6.8E-01
rs13319996	3	77562191	1.05932	A	T	0.29492	0.996833	1.64593	2.0E-01	-0.00397894	0.00455762	0.76218	3.8E-01	1.47036	2.3E-01
rs1512500	3	78419039	1.06507	G	T	0.890143	0.997052	0.0256445	8.7E-01	-0.000405725	0.00666317	0.00370767	9.5E-01	0.0525327	8.2E-01
rs9850466	3	82532568	1.08223	T	C	0.662972	0.999678	2.72191	9.9E-02	-0.00654815	0.00437383	2.24137	1.3E-01	2.1454	1.4E-01
rs7649296	3	84931731	1.08805	G	A	0.677947	0.997066	1.95086	1.6E-01	0.00679225	0.00443387	2.34673	1.3E-01	1.42091	2.3E-01
rs62261676	3	85698577	1.08973	A	G	0.787904	0.994918	2.25991	1.3E-01	0.00652927	0.00507821	1.65313	2.0E-01	0.865853	3.5E-01
rs1996761	3	89962587	1.10367	C	T	0.763473	1	0.000311659	9.9E-01	-0.000143502	0.00487591	0.000866167	9.8E-01	0.0530081	8.2E-01
rs1946725	3	104605525	1.16628	T	C	0.696369	0.998159	0.173048	6.8E-01	0.00174339	0.00449924	0.150145	7.0E-01	0.0734364	7.9E-01
rs16850772	3	104736837	1.16712	T	G	0.313009	0.993369	4.94551	2.6E-02	-0.0109433	0.00450029	5.9131	1.5E-02	5.30318	2.1E-02
rs36131051	3	107888841	1.20196	T	G	0.795306	0.978115	2.96799	8.5E-02	0.00586618	0.00518968	1.2777	2.6E-01	1.61176	2.0E-01
rs114885158	3	114370599	1.259	G	A	0.919289	0.988206	5.14725	2.3E-02	0.01794	0.00766532	5.47751	1.9E-02	4.69304	3.0E-02
rs9289074	3	116858995	1.29335	C	T	0.755933	0.988931	0.180006	6.7E-01	-0.00146239	0.00483692	0.0914093	7.6E-01	0.116259	7.3E-01
rs11708733	3	128039895	1.41818	G	A	0.952759	0.983201	1.18333	2.8E-01	-0.0124651	0.00986149	1.59774	2.1E-01	1.19882	2.7E-01
rs6785191	3	131453556	1.44252	T	C	0.708876	0.972837	1.96216	1.6E-01	0.00455879	0.00463825	0.966034	3.3E-01	0.976504	3.2E-01
rs35837273	3	135878634	1.49383	T	C	0.835202	0.99437	2.64447	1.0E-01	-0.0104161	0.00560153	3.45778	6.3E-02	4.28108	3.9E-02
rs2312193	3	141188399	1.53815	T	C	0.613182	0.99475	2.83762	9.2E-02	-0.0072865	0.00427348	2.9072	8.8E-02	2.77673	9.6E-02
rs1568488	3	153657951	1.68298	G	C	0.405648	0.984335	1.43309	2.3E-01	-0.00603045	0.00425448	2.00913	1.6E-01	1.73548	1.9E-01
rs13322475	3	156319803	1.70952	T	G	0.847879	0.997837	2.2407	1.3E-01	0.0091082	0.00578037	2.48288	1.2E-01	1.70687	1.9E-01
rs13100952	3	157800753	1.71783	T	C	0.634426	0.997074	2.96269	8.5E-02	-0.00711252	0.00430805	2.72575	9.9E-02	2.68474	1.0E-01
rs11921991	3	170499463	1.7977	C	T	0.888087	0.992745	0.635324	4.3E-01	-0.00418447	0.00658892	0.403324	5.3E-01	0.392312	5.3E-01
rs12635553	3	171113714	1.80841	A	T	0.49773	0.998999	0.157872	6.9E-01	-0.000307189	0.00413639	0.00551531	9.4E-01	0.0375277	8.5E-01
rs502414	3	180626951	1.95386	C	T	0.649412	0.993077	3.83682e-06	1.0E+00	0.00210818	0.00435149	0.234715	6.3E-01	0.179816	6.7E-01
rs4859234	3	182311332	1.96951	C	T	0.674163	0.98584	0.0305839	8.6E-01	0.000899583	0.00444709	0.0409195	8.4E-01	0.0796408	7.8E-01
rs1881973	3	184056101	1.99373	G	C	0.629738	0.976501	0.0265472	8.7E-01	0.0012946	0.00434334	0.0888436	7.7E-01	0.106614	7.4E-01
rs78615983	3	185733707	2.02087	T	A	0.856711	0.989326	0.481429	4.9E-01	0.00406249	0.00595381	0.465579	5.0E-01	0.399829	5.3E-01
rs950257	3	194847650	2.23885	T	A	0.728068	0.997849	0.623375	4.3E-01	0.00473893	0.0046616	1.03345	3.1E-01	0.77566	3.8E-01
rs6764533	3	196088464	2.24962	G	A	0.642998	0.998204	3.01152	8.3E-02	-0.00771739	0.00432721	3.18071	7.5E-02	3.74768	5.3E-02
rs12509447	4	2861090	0.0318387	G	A	0.810696	0.99398	0.631324	4.3E-01	-0.00409585	0.0053071	0.595625	4.4E-01	0.388709	5.3E-01
rs6818414	4	16600664	0.317111	T	C	0.507505	0.992506	0.387126	5.3E-01	0.00361731	0.00416164	0.755514	3.8E-01	0.530145	4.7E-01
rs2192528	4	18327896	0.339411	A	G	0.477375	0.997272	0.393555	5.3E-01	-0.000574192	0.00415372	0.0191091	8.9E-01	0.175251	6.8E-01
rs16876869	4	25118707	0.433802	C	T	0.863557	0.998491	2.93635	8.7E-02	-0.00898167	0.00605711	2.19879	1.4E-01	2.34357	1.3E-01
rs2309830	4	28584523	0.489893	T	G	0.763499	0.995574	7.17247	7.4E-03	-0.0125871	0.00488667	6.63478	1.0E-02	5.75865	1.6E-02
rs4270551	4	30703243	0.511997	A	C	0.136232	0.990257	1.18394	2.8E-01	-0.00552983	0.0060718	0.829449	3.6E-01	0.548581	4.6E-01
rs6531639	4	38556399	0.601586	G	A	0.752878	0.952325	0.000683841	9.8E-01	-0.000453364	0.00491983	0.00849169	9.3E-01	0.0182253	8.9E-01
rs12498157	4	44430025	0.675923	T	A	0.253764	0.990835	0.00615257	9.4E-01	-0.000206187	0.00477559	0.0018641	9.7E-01	0.0904973	7.6E-01
rs74715904	4	45178081	0.679816	A	G	0.906264	0.977125	0.363917	5.5E-01	-0.00691763	0.00719172	0.925229	3.4E-01	0.421682	5.2E-01
rs1492767	4	55221467	0.710006	C	T	0.493554	0.999056	0.217498	6.4E-01	-0.00286772	0.00413645	0.480637	4.9E-01	0.330626	5.7E-01
rs2537860	4	55484718	0.714088	A	C	0.436237	0.974656	7.09455	7.7E-03	0.0088478	0.00422691	4.38152	3.6E-02	4.59619	3.2E-02
rs6551871	4	65643064	0.818795	C	A	0.675782	0.992173	0.0390597	8.4E-01	0.00142773	0.00444984	0.102944	7.5E-01	0.145297	7.0E-01
rs6845883	4	67801500	0.836177	A	G	0.217603	0.990748	0.807915	3.7E-01	-0.00545806	0.00504021	1.17268	2.8E-01	1.73519	1.9E-01
rs10033843	4	77028783	0.90134	G	A	0.798807	0.999649	11.0493	8.9E-04	-0.0145352	0.00517076	7.90197	4.9E-03	9.27285	2.3E-03
rs72649373	4	80609966	0.943324	T	C	0.85785	0.957198	0.271127	6.0E-01	-0.00268372	0.00607461	0.195181	6.6E-01	0.256659	6.1E-01
rs1481012	4	89039082	1.03949	A	G	0.88825	0.994759	2.10267	1.5E-01	0.00686014	0.00659523	1.08195	3.0E-01	0.963357	3.3E-01
rs10014552	4	94407841	1.08151	G	T	0.194146	0.979518	1.28493	2.6E-01	0.00546437	0.00528344	1.06966	3.0E-01	0.81427	3.7E-01
rs2865330	4	95004716	1.08844	A	G	0.536062	0.999052	0.0248293	8.7E-01	-0.00119252	0.00415808	0.0822519	7.7E-01	0.0441739	8.3E-01
rs12513212	4	96149346	1.09853	A	C	0.594801	0.994888	0.805561	3.7E-01	-0.00452787	0.00422812	1.14682	2.8E-01	1.21787	2.7E-01
rs2850360	4	102216212	1.14871	A	G	0.852635	0.988759	0.935591	3.3E-01	0.00575383	0.00588254	0.956718	3.3E-01	0.304748	5.8E-01
rs57957741	4	103164166	1.15814	G	A	0.473645	0.994208	3.53311	6.0E-02	0.00755045	0.00417129	3.27646	7.0E-02	3.60494	5.8E-02
rs326872	4	112733434	1.24745	A	G	0.332672	0.993023	0.368394	5.4E-01	0.00142939	0.00441776	0.104689	7.5E-01	0.000339164	9.9E-01
rs10022185	4	120571765	1.314	C	G	0.70701	0.996192	0.370753	5.4E-01	0.00233101	0.0045762	0.259465	6.1E-01	0.0829552	7.7E-01
rs6534743	4	130714768	1.39824	G	A	0.707156	0.986974	10.4206	1.2E-03	-0.0135787	0.00457729	8.80033	3.0E-03	9.14185	2.5E-03
rs10018743	4	136972541	1.44304	G	A	0.63247	0.98831	4.137	4.2E-02	0.00801751	0.00433534	3.42005	6.4E-02	4.42165	3.5E-02
rs769676	4	140856533	1.49522	A	G	0.738463	0.984882	3.36829	6.6E-02	-0.00834045	0.00476395	3.0651	8.0E-02	2.70784	1.0E-01
rs7375701	4	145260561	1.53722	G	A	0.280275	0.993669	0.408459	5.2E-01	0.00335812	0.00463304	0.525363	4.7E-01	0.65684	4.2E-01
rs750090	4	152931436	1.59021	T	C	0.644559	0.97605	0.291292	5.9E-01	-0.00236469	0.0043685	0.293011	5.9E-01	0.0179064	8.9E-01
rs10024755	4	161931670	1.69375	C	G	0.777113	0.993719	0.501425	4.8E-01	0.00396336	0.00501074	0.625639	4.3E-01	0.582263	4.5E-01
rs148636479	4	164359678	1.72579	A	T	0.971622	0.876916	0.941044	3.3E-01	0.0111957	0.0132893	0.709736	4.0E-01	1.31696	2.5E-01
rs17630894	4	171532023	1.80674	T	G	0.862036	0.996667	0.103095	7.5E-01	0.00236983	0.00602526	0.154697	6.9E-01	0.140718	7.1E-01
rs6822571	4	173552902	1.82334	A	G	0.47883	0.997719	1.3723	2.4E-01	0.00460888	0.00415988	1.22752	2.7E-01	1.90109	1.7E-01
rs16871902	5	3488462	0.0869448	G	A	0.512741	0.997953	2.5395	1.1E-01	-0.00616452	0.00415414	2.2021	1.4E-01	1.65956	2.0E-01
rs12109333	5	27166660	0.425295	T	C	0.716328	0.997419	0.863978	3.5E-01	-0.00428606	0.00460917	0.864712	3.5E-01	0.912118	3.4E-01
rs6451674	5	43110754	0.62057	C	T	0.315548	0.990686	0.0160973	9.0E-01	0.00113706	0.00447635	0.0645238	8.0E-01	0.0974555	7.5E-01
rs7704281	5	50591460	0.628051	G	A	0.959743	0.99038	3.23266	7.2E-02	-0.0163934	0.0105959	2.39365	1.2E-01	2.10358	1.5E-01
rs7734879	5	60711632	0.720162	C	A	0.63877	0.999176	0.376006	5.4E-01	-0.00324851	0.00431556	0.566626	4.5E-01	0.778034	3.8E-01
rs237976	5	62600850	0.738104	C	T	0.438642	0.998534	1.77174	1.8E-01	0.00511615	0.00417629	1.50074	2.2E-01	1.12827	2.9E-01
rs1459192	5	63944519	0.744046	C	T	0.669709	0.994464	0.00896304	9.2E-01	0.000984975	0.0044163	0.0497432	8.2E-01	0.0900471	7.6E-01
rs4072296	5	74242002	0.858799	T	C	0.458782	0.938263	0.0970037	7.6E-01	0.00189953	0.00428912	0.196135	6.6E-01	0.15838	6.9E-01
rs6889485	5	75129986	0.862025	G	A	0.565009	0.992761	2.90206	8.8E-02	0.00799856	0.00420684	3.61503	5.7E-02	3.6531	5.6E-02
rs7725126	5	80730191	0.955869	C	T	0.65455	0.987889	0.0635797	8.0E-01	0.000959716	0.00437536	0.0481125	8.3E-01	0.0232192	8.8E-01
rs16876684	5	86563970	1.01135	T	G	0.987836	0.991014	4.77134	2.9E-02	-0.0347158	0.0189628	3.35158	6.7E-02	3.81055	5.1E-02
rs6882046	5	87968864	1.01539	A	G	0.733018	0.978462	0.455575	5.0E-01	-0.00224834	0.00474438	0.224576	6.4E-01	0.417236	5.2E-01
rs142503704	5	92622421	1.04908	G	A	0.977168	0.959904	0.265581	6.1E-01	0.00683397	0.0141782	0.23233	6.3E-01	0.254442	6.1E-01
rs17383803	5	95393883	1.0716	T	C	0.907172	1	1.26748	2.6E-01	-0.00947826	0.00712985	1.76724	1.8E-01	1.12223	2.9E-01
rs1026534	5	95855091	1.0746	G	C	0.396969	0.999112	2.44373	1.2E-01	0.00692265	0.00423479	2.67227	1.0E-01	3.33938	6.8E-02
rs2545593	5	102054421	1.10814	A	T	0.568418	0.998323	2.63295	1.0E-01	0.00535311	0.00419047	1.63187	2.0E-01	1.93552	1.6E-01
rs4382152	5	106379106	1.13899	T	C	0.619397	1	0.291319	5.9E-01	0.00335616	0.00427517	0.616282	4.3E-01	0.535433	4.6E-01
rs1433057	5	107285076	1.15555	A	G	0.536635	0.987024	0.166105	6.8E-01	0.00223805	0.00417628	0.287184	5.9E-01	0.182556	6.7E-01
rs6421825	5	107866060	1.15804	G	A	0.185771	0.999581	1.9836	1.6E-01	0.00717075	0.00531627	1.81935	1.8E-01	2.11683	1.5E-01
rs459552	5	112176756	1.19663	T	A	0.231534	1	1.83821	1.8E-01	0.00645947	0.00491552	1.72685	1.9E-01	1.73969	1.9E-01
rs9327119	5	119309059	1.27778	C	G	0.4218	0.9872	0.268132	6.0E-01	-0.00235664	0.00422551	0.311048	5.8E-01	0.236003	6.3E-01
rs13156484	5	122653399	1.3097	G	A	0.528207	0.979173	0.0545682	8.2E-01	0.000487908	0.00419606	0.0135204	9.1E-01	0.0186505	8.9E-01
rs1422662	5	130440206	1.38534	A	G	0.785211	0.999034	1.05749	3.0E-01	0.00539652	0.00504932	1.14225	2.9E-01	0.848154	3.6E-01
rs1369126	5	136532351	1.44779	G	C	0.531574	0.995632	0.200412	6.5E-01	-0.00102327	0.00415069	0.0607776	8.1E-01	3.54023e-06	1.0E+00
rs11242420	5	137624513	1.45252	C	T	0.808209	0.997884	0.295182	5.9E-01	0.00233636	0.00527407	0.196239	6.6E-01	0.283947	5.9E-01
rs1895336	5	144465810	1.52134	A	G	0.597239	0.992794	0.412771	5.2E-01	-0.00370373	0.00424955	0.759613	3.8E-01	1.20655	2.7E-01
rs2579040	5	152515823	1.63419	T	A	0.27912	0.996176	0.0643179	8.0E-01	0.00188748	0.00463084	0.166129	6.8E-01	0.365684	5.5E-01
rs17115481	5	153358226	1.64029	G	A	0.730277	0.993088	0.26941	6.0E-01	0.00310292	0.00468161	0.439291	5.1E-01	0.261976	6.1E-01
rs10515706	5	153578518	1.64141	C	T	0.572203	0.993087	11.7472	6.1E-04	0.0145038	0.00420557	11.8936	5.6E-04	11.2125	8.1E-04
rs766120	5	164548126	1.74957	G	A	0.379101	0.999276	0.678403	4.1E-01	0.00202876	0.00427811	0.224884	6.4E-01	0.141272	7.1E-01
rs2161214	5	170284624	1.86356	A	C	0.313895	0.997023	1.97973	1.6E-01	0.00623262	0.00447411	1.94057	1.6E-01	1.9254	1.7E-01
rs1966265	5	176516631	2.00003	G	A	0.754745	1	1.9187	1.7E-01	0.00500343	0.00481107	1.08156	3.0E-01	1.458	2.3E-01
rs9463175	6	9510030	0.227745	C	T	0.661396	0.983753	1.35566	2.4E-01	-0.00259014	0.00442163	0.343147	5.6E-01	0.427154	5.1E-01
rs12210300	6	12078686	0.272534	A	G	0.684962	1	2.04228	1.5E-01	0.00559505	0.00446355	1.57126	2.1E-01	1.68974	1.9E-01
rs62385532	6	13161394	0.290635	G	A	0.710645	0.991949	0.233001	6.3E-01	0.000647686	0.00458927	0.0199179	8.9E-01	0.116022	7.3E-01
rs4134939	6	20481825	0.408952	T	C	0.316831	0.973957	3.49104	6.2E-02	-0.00743363	0.00451712	2.70819	1.0E-01	2.46223	1.2E-01
rs1185976	6	25822363	0.492387	C	T	0.706333	0.999554	0.320084	5.7E-01	-0.00476981	0.00454774	1.10005	2.9E-01	1.1942	2.7E-01
rs1233587	6	28719755	0.498924	A	T	0.710277	0.999303	6.56994	1.0E-02	0.00906745	0.00456714	3.94168	4.7E-02	4.60641	3.2E-02
rs3115667	6	31643399	0.515597	T	C	0.278811	1	1.21693	2.7E-01	-0.00222977	0.00461338	0.233605	6.3E-01	0.110698	7.4E-01
rs11757081	6	33459420	0.531358	A	T	0.750981	0.997671	0.563766	4.5E-01	-0.00441883	0.00478989	0.851065	3.6E-01	0.522096	4.7E-01
rs2499714	6	34072215	0.543389	C	T	0.908411	0.988109	0.000108651	9.9E-01	-0.0016408	0.00721736	0.0516837	8.2E-01	0.466256	4.9E-01
rs11758326	6	34482498	0.547552	A	G	0.912598	0.986128	0.101198	7.5E-01	-0.00300466	0.00739823	0.164943	6.8E-01	0.019332	8.9E-01
rs2395628	6	35473252	0.551863	C	T	0.698599	0.994251	0.000233574	9.9E-01	-0.00116397	0.00451671	0.0664105	8.0E-01	0.115886	7.3E-01
rs1433723	6	40350399	0.614243	T	C	0.710236	0.996612	0.151002	7.0E-01	0.00174132	0.00458132	0.14447	7.0E-01	0.210467	6.5E-01
rs11963572	6	46302448	0.722776	T	C	0.491919	0.993234	0.000129668	9.9E-01	-0.00145386	0.00416436	0.121885	7.3E-01	0.0469774	8.3E-01
rs17664591	6	50183721	0.747534	G	T	0.956925	0.99128	0.041607	8.4E-01	-0.00483315	0.0102673	0.221589	6.4E-01	0.0012456	9.7E-01
rs280280	6	50569828	0.750317	C	T	0.165805	0.992937	4.19963	4.0E-02	0.0118869	0.00559815	4.50868	3.4E-02	4.94369	2.6E-02
rs149750300	6	50717074	0.7506	A	G	0.984095	0.986819	0.12906	7.2E-01	-0.00276414	0.0166699	0.027495	8.7E-01	0.110195	7.4E-01
rs9361779	6	64159064	0.812363	C	A	0.457314	0.997526	0.0135938	9.1E-01	0.000722772	0.00417785	0.0299293	8.6E-01	0.000585347	9.8E-01
rs3883872	6	83322002	0.934204	C	T	0.538241	0.979395	0.288399	5.9E-01	-0.00434704	0.00420244	1.07	3.0E-01	0.318174	5.7E-01
rs9362662	6	90296588	0.987815	A	G	0.479556	0.991565	0.535711	4.6E-01	0.00236971	0.00415656	0.325029	5.7E-01	0.251149	6.2E-01
rs1324110	6	93913200	1.03177	G	C	0.55584	0.990874	0.2723	6.0E-01	0.00174386	0.00419195	0.173058	6.8E-01	0.0619338	8.0E-01
rs1206133	6	97543137	1.05873	C	T	0.24581	0.972297	0.00670225	9.3E-01	-0.00027922	0.00487507	0.00328044	9.5E-01	0.000258795	9.9E-01
rs9320747	6	98310291	1.06181	T	G	0.532837	0.993884	3.49017	6.2E-02	-0.00852472	0.00417113	4.1769	4.1E-02	4.14744	4.2E-02
rs156128	6	104836826	1.11693	G	A	0.245638	0.999684	1.07977	3.0E-01	-0.00452452	0.00482394	0.879714	3.5E-01	0.470778	4.9E-01
rs1575676	6	108861264	1.17848	C	T	0.629055	0.997454	0.0491263	8.2E-01	0.00154445	0.00429071	0.129566	7.2E-01	0.0632493	8.0E-01
rs9387640	6	119508871	1.25792	C	T	0.634761	1	10.1124	1.5E-03	-0.0129574	0.0043185	9.00268	2.7E-03	7.97062	4.8E-03
rs2875762	6	124925032	1.30799	G	C	0.757629	0.990596	2.80212	9.4E-02	-0.00660274	0.00486026	1.84557	1.7E-01	1.38764	2.4E-01
rs4895799	6	126052729	1.32459	C	T	0.415289	0.992315	0.133458	7.1E-01	-0.00311424	0.00422379	0.543627	4.6E-01	0.226381	6.3E-01
rs6569648	6	130349119	1.35981	C	T	0.239855	1	0.0175729	8.9E-01	0.00138421	0.00483835	0.0818476	7.7E-01	0.245378	6.2E-01
rs2781659	6	131891820	1.37734	A	G	0.688059	1	0.0112016	9.2E-01	0.000479182	0.00447288	0.0114769	9.1E-01	0.0374833	8.5E-01
rs11754747	6	141494602	1.50941	C	T	0.744216	0.987686	0.249495	6.2E-01	-0.0030403	0.00478816	0.403176	5.3E-01	0.501753	4.8E-01
rs12194419	6	143148142	1.51953	G	A	0.727002	0.984742	0.0877439	7.7E-01	-0.00158499	0.00468903	0.114258	7.4E-01	0.320869	5.7E-01
rs2256216	6	147471730	1.55898	A	G	0.462483	0.956666	1.73645	1.9E-01	-0.00541477	0.00425286	1.62106	2.0E-01	1.35244	2.4E-01
rs7755574	6	153364643	1.66311	G	T	0.718556	0.997121	0.885531	3.5E-01	-0.00338931	0.00462748	0.536455	4.6E-01	0.725196	3.9E-01
rs12207125	6	154301575	1.6763	A	G	0.781403	0.992451	0.102299	7.5E-01	-0.00116047	0.00503221	0.0531798	8.2E-01	0.000257786	9.9E-01
rs450265	6	160736359	1.77422	C	T	0.483528	0.999936	4.01527	4.5E-02	-0.00846076	0.00414832	4.15982	4.1E-02	4.71488	3.0E-02
rs34540135	6	162934351	1.81802	A	G	0.873967	0.966582	0.0664121	8.0E-01	-0.00235289	0.00635972	0.136876	7.1E-01	0.0265312	8.7E-01
rs6950388	7	1270699	0.0137006	G	A	0.203901	1	1.27926	2.6E-01	-0.00821649	0.00514653	2.54885	1.1E-01	2.61854	1.1E-01
rs7807190	7	1851461	0.0275157	A	G	0.787679	0.988996	0.566175	4.5E-01	0.00479997	0.00508781	0.890052	3.5E-01	0.593161	4.4E-01
rs4722398	7	3125220	0.0523222	C	T	0.865235	1	0.216393	6.4E-01	0.0036165	0.0060744	0.354461	5.5E-01	0.129492	7.2E-01
rs118182061	7	14655786	0.275253	T	A	0.975008	0.988845	0.126765	7.2E-01	-0.00277975	0.0133861	0.0431223	8.4E-01	0.146076	7.0E-01
rs10263780	7	19778086	0.347944	G	A	0.862505	0.994464	4.9794	2.6E-02	-0.0135975	0.00605335	5.04578	2.5E-02	3.82794	5.0E-02
rs4722672	7	27231762	0.453385	C	T	0.178708	0.980102	4.97225	2.6E-02	-0.0113796	0.00546377	4.33781	3.7E-02	5.3597	2.1E-02
rs10241729	7	32289879	0.544096	A	G	0.780068	0.986162	0.117314	7.3E-01	0.000921411	0.0050445	0.0333634	8.6E-01	0.132082	7.2E-01
rs1019083	7	39414081	0.63582	A	G	0.84633	0.989979	3.56091	5.9E-02	0.0100451	0.00576893	3.03195	8.2E-02	4.41299	3.6E-02
rs710888	7	44777556	0.700884	A	G	0.422452	0.98989	1.48657	2.2E-01	-0.005065	0.00421902	1.44124	2.3E-01	1.99608	1.6E-01
rs2189833	7	49507651	0.755765	G	A	0.334039	0.996219	0.780965	3.8E-01	-0.0031386	0.00440208	0.508343	4.8E-01	0.308028	5.8E-01
rs1466163	7	50607206	0.766828	A	G	0.11686	0.995864	0.0381492	8.5E-01	0.0018183	0.00647671	0.0788172	7.8E-01	0.00510268	9.4E-01
rs10259748	7	69281111	0.866623	T	G	0.679055	0.998943	4.97942	2.6E-02	-0.00970223	0.00443224	4.79178	2.9E-02	4.91463	2.7E-02
rs4718966	7	70040558	0.868636	C	T	0.585931	0.992694	2.00296	1.6E-01	0.00670427	0.00422806	2.51433	1.1E-01	1.95355	1.6E-01
rs3973896	7	71428960	0.890229	C	G	0.828074	0.969349	0.115856	7.3E-01	0.000113582	0.00557693	0.000414793	9.8E-01	0.0157175	9.0E-01
rs28584911	7	74081407	0.91304	T	G	0.655577	0.99949	0.12259	7.3E-01	-0.00102874	0.0043674	0.055484	8.1E-01	0.0753155	7.8E-01
rs77497827	7	75038408	0.913217	A	G	0.535049	0.806181	0.0626247	8.0E-01	0.00137447	0.0046161	0.0886585	7.7E-01	0.0231297	8.8E-01
rs10260232	7	78120735	0.952444	C	T	0.495546	0.987744	0.0550138	8.1E-01	0.000541952	0.00417721	0.0168325	9.0E-01	0.13809	7.1E-01
rs2158045	7	93082708	1.09422	C	T	0.524967	0.990979	0.383999	5.4E-01	-0.00219252	0.00417001	0.276447	6.0E-01	0.254333	6.1E-01
rs917154	7	99020806	1.15524	A	G	0.844107	0.995198	2.9472	8.6E-02	-0.00854938	0.00573105	2.22537	1.4E-01	2.77028	9.6E-02
rs17155888	7	103416295	1.18694	T	A	0.57496	0.98913	0.664453	4.1E-01	0.00450222	0.0042088	1.14429	2.8E-01	1.29403	2.6E-01
rs1608891	7	112795334	1.29284	G	A	0.679188	0.983328	2.41894	1.2E-01	-0.00570253	0.00447901	1.62095	2.0E-01	1.24696	2.6E-01
rs6944092	7	113483569	1.2996	A	G	0.629013	0.997581	0.125448	7.2E-01	-0.000819743	0.00429445	0.0364368	8.5E-01	0.0124953	9.1E-01
rs936146	7	114294405	1.30462	G	C	0.52517	0.98912	0.0413253	8.4E-01	-0.003877	0.00417195	0.863601	3.5E-01	0.779827	3.8E-01
rs896183	7	127831580	1.37625	G	A	0.578819	0.975804	0.204479	6.5E-01	-0.00261099	0.00424954	0.377508	5.4E-01	0.6488	4.2E-01
rs1814170	7	138794149	1.52056	A	T	0.899466	0.983775	0.450173	5.0E-01	0.00426917	0.00693275	0.379207	5.4E-01	0.409471	5.2E-01
rs9640171	7	150600845	1.6794	G	A	0.719327	0.982269	0.0632424	8.0E-01	0.00053379	0.00466351	0.0131013	9.1E-01	0.196327	6.6E-01
rs1658820	8	4288577	0.1172	G	T	0.755687	0.985142	0.233672	6.3E-01	0.00302314	0.00486065	0.386838	5.3E-01	0.200735	6.5E-01
rs2980436	8	8092025	0.237424	G	A	0.545084	0.992022	1.84788	1.7E-01	-0.00674807	0.00418228	2.60336	1.1E-01	3.24938	7.1E-02
rs34803352	8	14042304	0.362732	T	C	0.655661	0.989136	0.0229161	8.8E-01	-0.00104724	0.00438578	0.0570162	8.1E-01	0.185242	6.7E-01
rs4258002	8	15493417	0.380515	G	T	0.855263	0.998595	1.6024	2.1E-01	-0.00639424	0.00588786	1.1794	2.8E-01	1.11622	2.9E-01
rs1470687	8	20628793	0.485499	C	G	0.669974	0.991276	0.0488965	8.2E-01	-0.000346239	0.00442406	0.00612506	9.4E-01	0.00700121	9.3E-01
rs13250995	8	23329985	0.54132	G	A	0.824719	0.988818	0.00457687	9.5E-01	-0.000931094	0.0054783	0.0288865	8.7E-01	0.000767455	9.8E-01
rs17411738	8	28060572	0.603281	T	G	0.543762	1	1.16882	2.8E-01	0.00443663	0.00415676	1.13919	2.9E-01	0.953917	3.3E-01
rs17647894	8	30820168	0.644882	C	A	0.5703	0.997844	0.000159895	9.9E-01	-0.00110919	0.00418555	0.0702274	7.9E-01	0.0347815	8.5E-01
rs4647906	8	38325411	0.694629	G	A	0.597349	0.997516	0.171419	6.8E-01	-0.00188396	0.0042173	0.19956	6.6E-01	0.356553	5.5E-01
rs10216609	8	62034284	0.850754	C	A	0.846841	0.996244	0.0712379	7.9E-01	-0.0014553	0.00577057	0.0636017	8.0E-01	0.0591279	8.1E-01
rs7822926	8	64701966	0.867188	A	C	0.529057	0.995395	3.03274	8.2E-02	0.00667781	0.00416898	2.56572	1.1E-01	2.50131	1.1E-01
rs2017657	8	73426371	0.974058	G	T	0.426163	1	0.402736	5.3E-01	0.0029665	0.00420129	0.498568	4.8E-01	0.438661	5.1E-01
rs2170382	8	74689288	0.991459	C	T	0.885523	0.995074	3.21018	7.3E-02	-0.0114288	0.00653418	3.05928	8.0E-02	3.26006	7.1E-02
rs1813039	8	76295984	1.00648	G	A	0.289677	0.988819	0.465215	5.0E-01	0.0034598	0.00459272	0.567496	4.5E-01	0.729992	3.9E-01
rs7833023	8	85053241	1.06276	C	A	0.274821	0.994182	3.23674	7.2E-02	0.00870181	0.00466749	3.47579	6.2E-02	2.63865	1.0E-01
rs4286925	8	93237876	1.10371	A	G	0.664213	0.999539	0.882901	3.5E-01	-0.00366693	0.00438833	0.698243	4.0E-01	0.633447	4.3E-01
rs113630732	8	95496030	1.1287	G	A	0.762487	0.987676	0.0536183	8.2E-01	0.00328416	0.0048955	0.450044	5.0E-01	0.744765	3.9E-01
rs1383592	8	106430676	1.25808	G	A	0.797477	0.997356	0.0456567	8.3E-01	0.000657686	0.00514472	0.0163423	9.0E-01	7.59507e-10	1.0E+00
rs231144	8	116416131	1.31481	T	C	0.197236	0.979876	10.0908	1.5E-03	-0.0169092	0.00526675	10.3077	1.3E-03	9.79834	1.7E-03
rs2001945	8	126477978	1.45319	G	C	0.478862	1	2.86455	9.1E-02	0.00580411	0.00414637	1.95945	1.6E-01	1.53641	2.2E-01
rs7823706	8	132874175	1.55933	G	C	0.900832	0.994274	1.08473	3.0E-01	0.00575878	0.00697151	0.68235	4.1E-01	0.656745	4.2E-01
rs13266268	8	142611971	1.73096	C	T	0.612047	0.936385	0.916175	3.4E-01	-0.00558973	0.00439962	1.61418	2.0E-01	1.06823	3.0E-01
rs4072917	8	143300279	1.7496	G	A	0.525555	0.990762	0.92534	3.4E-01	-0.0043814	0.00416032	1.1091	2.9E-01	0.690347	4.1E-01
rs7037266	9	6942940	0.164689	C	A	0.638295	0.99833	0.0903257	7.6E-01	0.00142389	0.00431245	0.10902	7.4E-01	0.0264596	8.7E-01
rs1352522	9	11265159	0.255425	A	T	0.472109	0.994616	0.0869285	7.7E-01	0.00170207	0.00417748	0.166008	6.8E-01	0.141841	7.1E-01
rs10810392	9	15529852	0.34171	G	A	0.70236	0.998296	6.21729	1.3E-02	0.0115318	0.00453763	6.45861	1.1E-02	4.47152	3.4E-02
rs10962547	9	16712247	0.359896	T	A	0.827268	0.993311	0.000378176	9.8E-01	0.00107454	0.00548806	0.0383362	8.4E-01	0.0424029	8.4E-01
rs10965693	9	23194860	0.454296	C	T	0.628014	0.995687	6.04384	1.4E-02	0.0102955	0.00429972	5.73347	1.7E-02	5.04395	2.5E-02
rs1342097	9	27748698	0.533307	A	T	0.527835	0.986968	0.116971	7.3E-01	0.0013291	0.00417544	0.101324	7.5E-01	0.223654	6.4E-01
rs2383827	9	29628356	0.55829	A	G	0.577794	0.982182	0.354547	5.5E-01	-0.00264995	0.00423476	0.391578	5.3E-01	0.218369	6.4E-01
rs10973183	9	37066231	0.624601	T	C	0.461642	0.99687	1.24547	2.6E-01	-0.00431989	0.00415973	1.07849	3.0E-01	0.888203	3.5E-01
rs7038966	9	73777777	0.840061	C	T	0.590126	0.987057	0.184592	6.7E-01	0.00162231	0.00424788	0.145855	7.0E-01	0.154867	6.9E-01
rs10116186	9	80532374	0.931287	A	G	0.456662	0.990981	2.59017	1.1E-01	-0.00677107	0.00416897	2.6379	1.0E-01	2.22719	1.4E-01
rs12342093	9	81341229	0.940469	G	T	0.587897	0.986826	0.268575	6.0E-01	-0.00207922	0.00424488	0.239922	6.2E-01	0.512026	4.7E-01
rs2777768	9	84186734	0.972648	A	G	0.731104	0.99467	1.76091	1.8E-01	0.00631796	0.00469266	1.81265	1.8E-01	2.37802	1.2E-01
rs13283585	9	92011763	1.08794	G	A	0.776059	0.992567	1.08991	3.0E-01	-0.00546012	0.00498427	1.20005	2.7E-01	0.901715	3.4E-01
rs10820852	9	94186973	1.11918	C	A	0.724507	0.995129	0.0481771	8.3E-01	-0.000718792	0.00466198	0.0237719	8.8E-01	0.0617489	8.0E-01
rs11999013	9	96154352	1.13313	A	C	0.83665	0.993837	0.185031	6.7E-01	-0.000978065	0.00561874	0.030301	8.6E-01	0.0075375	9.3E-01
rs13298187	9	102086525	1.19449	G	C	0.557964	0.995745	0.824849	3.6E-01	0.0023545	0.00418406	0.316667	5.7E-01	0.11588	7.3E-01
rs1484375	9	109067561	1.25942	A	G	0.222288	1	0.195275	6.6E-01	-0.00339984	0.0049873	0.464714	5.0E-01	0.567386	4.5E-01
rs2417998	9	111958746	1.3058	C	G	0.292548	0.991129	3.25896	7.1E-02	-0.007539	0.00459053	2.69713	1.0E-01	2.29949	1.3E-01
rs28693508	9	120361418	1.43341	C	G	0.660764	0.99984	0.123325	7.3E-01	0.000232846	0.00436665	0.00284341	9.6E-01	0.0034558	9.5E-01
rs7864914	9	122631415	1.46605	A	G	0.895914	0.994445	0.431943	5.1E-01	0.00440745	0.00682737	0.416743	5.2E-01	0.836872	3.6E-01
rs10985963	9	126081738	1.50258	C	T	0.655668	1	0.157409	6.9E-01	-0.00145587	0.00436238	0.111377	7.4E-01	0.0685441	7.9E-01
rs10986291	9	127016271	1.51402	A	T	0.663493	0.998445	0.107342	7.4E-01	0.000359295	0.00439193	0.00669255	9.3E-01	0.000824494	9.8E-01
rs3003606	9	130982416	1.5501	C	T	0.447842	0.997618	0.374262	5.4E-01	0.00191732	0.00418496	0.209898	6.5E-01	0.519144	4.7E-01
rs2210625	10	10256274	0.226551	A	C	0.83048	0.994947	1.47807	2.2E-01	-0.00681257	0.00553678	1.51394	2.2E-01	1.74419	1.9E-01
rs10904791	10	16722347	0.376643	A	C	0.330661	0.975889	0.0347188	8.5E-01	-0.0012062	0.00445885	0.0731804	7.9E-01	0.13542	7.1E-01
rs12761995	10	21690509	0.466409	A	C	0.833819	0.987021	1.43944	2.3E-01	-0.00643959	0.00560116	1.32179	2.5E-01	1.38623	2.4E-01
rs4097319	10	33860515	0.618889	T	G	0.565846	0.995031	3.00842	8.3E-02	0.00738533	0.00419678	3.09677	7.8E-02	3.63102	5.7E-02
rs17231072	10	33951730	0.620984	A	C	0.842226	0.991796	0.59311	4.4E-01	-0.00460696	0.00570127	0.65296	4.2E-01	0.0698985	7.9E-01
rs10763587	10	52356264	0.733349	C	T	0.690787	0.970215	0.345351	5.6E-01	-0.00238844	0.00455224	0.275282	6.0E-01	0.588156	4.4E-01
rs1937683	10	53679060	0.748396	C	T	0.334981	1	0.381429	5.4E-01	0.00314594	0.00440452	0.510158	4.8E-01	0.51776	4.7E-01
rs7070670	10	61842645	0.8423	C	T	0.672129	0.984388	1.50503	2.2E-01	0.0059838	0.00443484	1.82054	1.8E-01	2.01165	1.6E-01
rs4746865	10	64834173	0.870392	G	A	0.599382	0.999286	32.2971	1.3E-08	0.0252468	0.0042346	35.5457	2.5E-09	33.1338	8.6E-09
rs7090106	10	75720956	0.999154	A	T	0.787205	0.991026	0.746286	3.9E-01	-0.00384407	0.00507304	0.574177	4.5E-01	0.364451	5.5E-01
rs7075347	10	76533307	1.00123	C	T	0.934809	1	0.230771	6.3E-01	0.00146088	0.00839039	0.0303157	8.6E-01	0.0403255	8.4E-01
rs12412597	10	87339257	1.13684	G	A	0.949687	0.989888	0.0527966	8.2E-01	0.00423269	0.00952958	0.197281	6.6E-01	0.232956	6.3E-01
rs10887571	10	88030441	1.14705	C	T	0.553302	0.979368	0.0131116	9.1E-01	-0.00241125	0.00420063	0.329501	5.7E-01	0.454155	5.0E-01
rs2450444	10	93010383	1.20287	G	A	0.650548	0.997815	5.31555	2.1E-02	0.0097786	0.00433714	5.08331	2.4E-02	6.44456	1.1E-02
rs472818	10	99695057	1.26982	T	C	0.578411	0.981176	0.034065	8.5E-01	-0.00123474	0.00422958	0.0852228	7.7E-01	0.0564079	8.1E-01
rs72844408	10	102425467	1.29272	G	A	0.778973	0.986164	1.60335	2.1E-01	-0.00580759	0.00502038	1.33819	2.5E-01	1.32805	2.5E-01
rs2296580	10	104241683	1.30539	G	T	0.700739	0.999674	2.44925	1.2E-01	-0.00734	0.00453213	2.62293	1.1E-01	4.14362	4.2E-02
rs192569	10	104577915	1.30605	T	C	0.420829	0.996118	0.0820599	7.7E-01	0.000742283	0.00421246	0.0310503	8.6E-01	0.0683271	7.9E-01
rs34820178	10	113901194	1.38373	C	T	0.75407	0.994882	59.0285	1.6E-14	0.0386775	0.00482186	64.3408	1.0E-15	67.3616	2.3E-16
rs7917983	10	114732882	1.3977	T	C	0.531909	1	0.24077	6.2E-01	-0.000848654	0.00414723	0.0418739	8.4E-01	0.125131	7.2E-01
rs1637556	10	118568352	1.45195	G	A	0.562841	0.989119	0.584441	4.4E-01	-0.00298985	0.00419424	0.508153	4.8E-01	0.8586	3.5E-01
rs845094	10	125206933	1.57263	C	T	0.578488	0.99077	2.61509	1.1E-01	-0.00593703	0.00421266	1.98621	1.6E-01	2.56809	1.1E-01
rs7923382	10	126576503	1.61167	T	C	0.770308	1	6.65245	9.9E-03	0.0107509	0.00492748	4.76039	2.9E-02	4.43611	3.5E-02
rs2028395	10	126726558	1.61328	G	C	0.553102	0.997728	0.241854	6.2E-01	-0.00135121	0.00416931	0.105031	7.5E-01	0.141701	7.1E-01
rs2252305	10	131114131	1.7313	A	G	0.34019	0.976818	0.334327	5.6E-01	0.00165253	0.00441959	0.139809	7.1E-01	0.239194	6.2E-01
rs10902221	11	802379	0.0108629	T	C	0.487789	0.998916	0.0201016	8.9E-01	-0.00177722	0.00416172	0.182363	6.7E-01	0.0536853	8.2E-01
rs7126629	11	2228952	0.0544298	C	A	0.181022	0.993387	8.74571	3.1E-03	0.0157078	0.00540105	8.45812	3.6E-03	8.95552	2.8E-03
rs7938031	11	8366148	0.188301	C	T	0.68318	0.996274	0.233127	6.3E-01	0.00278453	0.00446795	0.388407	5.3E-01	0.484986	4.9E-01
rs4586148	11	8430938	0.18954	C	A	0.946845	0.99847	2.01821	1.6E-01	-0.00998634	0.00925183	1.16508	2.8E-01	1.00319	3.2E-01
rs7484027	11	17368381	0.298183	T	A	0.5558	0.993279	0.282823	5.9E-01	0.00187697	0.00418867	0.2008	6.5E-01	0.182865	6.7E-01
rs35298551	11	27224030	0.462668	T	C	0.844471	1	2.27238	1.3E-01	0.00908166	0.00571796	2.5226	1.1E-01	3.25368	7.1E-02
rs558887	11	28712741	0.468359	A	G	0.692542	0.992085	0.152595	7.0E-01	-0.00139157	0.00451271	0.0950897	7.6E-01	0.319676	5.7E-01
rs67670125	11	30214914	0.478895	C	T	0.77199	0.995153	0.0240172	8.8E-01	-0.000225904	0.00494602	0.0020861	9.6E-01	0.00284779	9.6E-01
rs982243	11	43529703	0.620806	A	G	0.508132	0.998514	0.41591	5.2E-01	-0.00426254	0.00414591	1.05705	3.0E-01	0.953248	3.3E-01
rs2679055	11	43610813	0.622009	T	C	0.545816	0.999238	1.35063	2.5E-01	0.00361619	0.00416846	0.752576	3.9E-01	1.42277	2.3E-01
rs10838201	11	43937089	0.623077	A	T	0.566417	0.994597	9.29343	2.3E-03	-0.012703	0.00420189	9.13949	2.5E-03	9.75285	1.8E-03
rs6485613	11	45337440	0.656974	C	T	0.176517	0.997513	0.292743	5.9E-01	0.00218174	0.00543418	0.161189	6.9E-01	0.186015	6.7E-01
rs2071304	11	47372377	0.665184	G	C	0.680113	0.982508	4.1376	4.2E-02	-0.00930542	0.0044616	4.35	3.7E-02	3.87679	4.9E-02
rs477400	11	63817799	0.729641	G	C	0.79688	0.991738	10.5007	1.2E-03	0.0155889	0.00515136	9.1577	2.5E-03	7.9057	4.9E-03
rs11227199	11	65238121	0.737843	G	A	0.799524	0.999748	1.88519	1.7E-01	0.00657196	0.00518907	1.60402	2.1E-01	1.2202	2.7E-01
rs4980662	11	69307011	0.764582	G	C	0.491849	0.994721	1.55965	2.1E-01	-0.00479087	0.00415619	1.32873	2.5E-01	1.23605	2.7E-01
rs7942337	11	76465272	0.842642	C	T	0.78322	0.971559	0.0824028	7.7E-01	0.00243726	0.0051088	0.227596	6.3E-01	0.538557	4.6E-01
rs10898317	11	84613479	0.936326	C	T	0.485862	1	0.0136581	9.1E-01	0.000981238	0.00415464	0.0557804	8.1E-01	0.00280099	9.6E-01
rs61903695	11	89922417	0.975709	A	G	0.744306	0.999211	0.853727	3.6E-01	-0.00555905	0.0047552	1.36667	2.4E-01	1.2065	2.7E-01
rs2513999	11	103019633	1.1154	A	G	0.152447	0.996865	0.112717	7.4E-01	-0.00327249	0.00577178	0.321467	5.7E-01	0.240229	6.2E-01
rs719802	11	113234679	1.20429	T	C	0.385921	1	1.08829	3.0E-01	-0.00449435	0.00425226	1.1171	2.9E-01	1.29147	2.6E-01
rs2507887	11	114961537	1.22996	T	C	0.521825	0.996335	4.47997	3.4E-02	-0.00863704	0.00415423	4.32263	3.8E-02	5.21603	2.2E-02
rs139118317	11	116399521	1.25458	C	T	0.98937	0.917436	41.972	9.3E-11	-0.133885	0.0210349	40.5115	2.0E-10	41.1605	1.4E-10
rs61905076	11	116593828	1.26032	T	G	0.0219141	0.953491	44.639	2.4E-11	0.0942732	0.0145136	42.1917	8.3E-11	42.0786	8.8E-11
rs10750446	11	130706918	1.51208	T	C	0.489006	0.998451	2.57507	1.1E-01	0.00689194	0.0041376	2.7745	9.6E-02	3.11833	7.7E-02
rs1040103	11	131442151	1.53674	A	G	0.461781	0.994917	5.15891	2.3E-02	-0.0109927	0.00416125	6.97847	8.2E-03	7.23955	7.1E-03
rs7941631	11	131930432	1.54756	G	C	0.691466	0.996305	0.0267992	8.7E-01	-0.000597027	0.00448833	0.0176937	8.9E-01	0.0557509	8.1E-01
rs3088353	12	862641	0.0207663	T	G	0.540089	0.945945	0.00735752	9.3E-01	-0.000642291	0.00427188	0.0226062	8.8E-01	0.104253	7.5E-01
rs12422552	12	14413931	0.308896	G	C	0.732829	0.993361	0.377321	5.4E-01	0.00324024	0.00470984	0.473305	4.9E-01	0.753231	3.9E-01
rs10846451	12	17099885	0.336898	A	G	0.700154	0.983369	1.17366	2.8E-01	0.0047977	0.00457374	1.10033	2.9E-01	1.31438	2.5E-01
rs6486935	12	19209501	0.354456	T	A	0.252354	0.994884	0.0206342	8.9E-01	-0.000153235	0.00478131	0.00102712	9.7E-01	6.22959e-05	9.9E-01
rs16926776	12	24001905	0.419584	C	T	0.923178	1	3.57747	5.9E-02	0.0175116	0.00779072	5.05237	2.5E-02	5.26304	2.2E-02
rs6488140	12	33370406	0.544222	G	A	0.878388	0.997569	0.360416	5.5E-01	-0.00102948	0.00634559	0.0263204	8.7E-01	0.0576693	8.1E-01
rs76573653	12	49380073	0.624418	T	G	0.961609	1	0.146395	7.0E-01	0.00200706	0.0108014	0.034527	8.5E-01	0.0359264	8.5E-01
rs2720296	12	50169070	0.630128	G	A	0.609758	0.950295	2.58111	1.1E-01	-0.00556694	0.0043508	1.63718	2.0E-01	1.61763	2.0E-01
rs113397893	12	57611285	0.721064	A	G	0.9212	0.973344	2.06489	1.5E-01	0.0144552	0.00778148	3.45082	6.3E-02	2.68623	1.0E-01
rs7979776	12	68205353	0.825207	G	T	0.177617	0.996558	0.00227031	9.6E-01	-0.000887296	0.0054417	0.0265869	8.7E-01	0.0229746	8.8E-01
rs61754230	12	72179446	0.876527	C	T	0.980435	1	0.707671	4.0E-01	-0.0125746	0.0149256	0.709779	4.0E-01	0.364837	5.5E-01
rs11115160	12	82424100	0.983055	G	A	0.761725	0.987625	0.216266	6.4E-01	0.00209604	0.00489573	0.1833	6.7E-01	0.152943	7.0E-01
rs704067	12	89726027	1.03172	G	A	0.54643	0.989595	0.559161	4.5E-01	0.00343701	0.00418558	0.674295	4.1E-01	1.03712	3.1E-01
rs11105846	12	91257268	1.04236	G	T	0.632238	0.98376	1.80491	1.8E-01	-0.0066871	0.00434241	2.37144	1.2E-01	2.82756	9.3E-02
rs1420341	12	97913785	1.14795	C	T	0.171739	0.989054	0.0159392	9.0E-01	0.000539885	0.00552252	0.00955711	9.2E-01	0.00110079	9.7E-01
rs10735363	12	99524896	1.16631	T	C	0.334204	1	0.133343	7.1E-01	-0.000101072	0.00439661	0.000528479	9.8E-01	0.0036497	9.5E-01
rs1895951	12	108268689	1.27225	T	C	0.779282	0.981758	0.0608533	8.1E-01	-0.00205351	0.00505324	0.165141	6.8E-01	0.0406769	8.4E-01
rs3825393	12	109883374	1.29241	T	C	0.362954	1	0.0965514	7.6E-01	-0.000173682	0.00430398	0.00162844	9.7E-01	6.93979e-05	9.9E-01
rs10850838	12	110278812	1.29736	C	T	0.686864	0.989427	0.393059	5.3E-01	0.00164343	0.00450358	0.133164	7.2E-01	0.608901	4.4E-01
rs11066188	12	112610714	1.303	G	A	0.591057	0.996937	21.5401	3.5E-06	-0.018833	0.0042279	19.8423	8.4E-06	20.5912	5.7E-06
rs144782841	12	121633581	1.45609	C	G	0.874501	0.99275	0.267772	6.0E-01	-0.00479662	0.00628652	0.582172	4.5E-01	0.780653	3.8E-01
rs181617194	12	122011598	1.46244	T	C	0.959381	0.835918	0.37809	5.4E-01	0.00266643	0.0114785	0.053962	8.2E-01	0.253657	6.1E-01
rs7953379	12	123030285	1.46756	A	G	0.647007	0.998006	1.39262	2.4E-01	-0.00567263	0.00434647	1.70332	1.9E-01	1.7214	1.9E-01
rs3897102	12	123492112	1.47105	C	T	0.587824	0.982525	0.0632679	8.0E-01	0.00119282	0.00425121	0.0787272	7.8E-01	0.140798	7.1E-01
rs7969633	12	133310887	1.74925	C	T	0.267076	0.9952	0.0863164	7.7E-01	0.00148134	0.00470542	0.0991087	7.5E-01	0.157425	6.9E-01
rs9579775	13	20616557	0.0139469	A	C	0.863855	0.926233	1.15229	2.8E-01	-0.00626589	0.00628848	0.992829	3.2E-01	1.02765	3.1E-01
rs4238202	13	27902148	0.193689	A	G	0.258919	0.9902	0.430971	5.1E-01	-0.00131641	0.00475838	0.0765358	7.8E-01	0.0395019	8.4E-01
rs1885989	13	28010117	0.196447	G	A	0.819991	0.999055	0.729854	3.9E-01	-0.00520099	0.00538872	0.931536	3.3E-01	1.21275	2.7E-01
rs12872889	13	28674628	0.213575	T	C	0.769448	0.972921	2.35326	1.3E-01	-0.00817359	0.00499189	2.681	1.0E-01	3.52041	6.1E-02
rs1928496	13	31012904	0.263323	C	T	0.256087	1	0.0185845	8.9E-01	0.00204787	0.00475043	0.185839	6.7E-01	0.194976	6.6E-01
rs7993153	13	33378785	0.304672	A	T	0.527179	0.996937	0.0419652	8.4E-01	-0.000740815	0.00415552	0.031781	8.6E-01	0.102314	7.5E-01
rs41284828	13	50963685	0.538953	G	A	0.969277	0.943856	2.18008	1.4E-01	0.0156435	0.0123345	1.60851	2.0E-01	1.52944	2.2E-01
rs9536417	13	54018393	0.568081	G	A	0.819355	0.953229	2.24849	1.3E-01	0.00607437	0.005509	1.21579	2.7E-01	1.5864	2.1E-01
rs13378227	13	54793818	0.572267	C	T	0.448494	0.996048	0.307517	5.8E-01	-0.00186242	0.00417356	0.199133	6.6E-01	0.526988	4.7E-01
rs9563521	13	58254773	0.585028	A	C	0.870679	0.988428	0.195388	6.6E-01	0.00106104	0.00621839	0.0291145	8.6E-01	0.0694879	7.9E-01
rs9538189	13	59333776	0.588946	C	G	0.833107	0.986627	0.610619	4.3E-01	0.00477494	0.00560691	0.725251	3.9E-01	1.07827	3.0E-01
rs308597	13	62670010	0.616457	T	C	0.413014	0.995107	2.49413	1.1E-01	0.00633552	0.00421181	2.2627	1.3E-01	1.40088	2.4E-01
rs4421883	13	79561962	0.787183	T	C	0.494175	0.996287	4.90867	2.7E-02	-0.00910463	0.0041601	4.7898	2.9E-02	5.13145	2.3E-02
rs9547363	13	86322442	0.835108	T	C	0.513712	0.967142	1.81055	1.8E-01	0.00471713	0.00421342	1.25339	2.6E-01	1.54828	2.1E-01
rs12585736	13	96845882	0.935798	G	A	0.693698	0.99638	0.0288676	8.7E-01	0.000583238	0.00450969	0.0167262	9.0E-01	0.0228735	8.8E-01
rs3783006	13	99111209	0.969059	G	C	0.550861	1	0.85187	3.6E-01	0.00363045	0.00416038	0.761477	3.8E-01	0.916202	3.4E-01
rs9514131	13	104090848	1.04319	G	T	0.878435	1	0.220661	6.4E-01	-0.00200618	0.00634109	0.100095	7.5E-01	0.109514	7.4E-01
rs9888533	13	107854612	1.13616	C	T	0.462035	0.966192	7.37795e-05	9.9E-01	-0.00125733	0.00422707	0.088475	7.7E-01	0.300878	5.8E-01
rs4773331	13	111843007	1.24012	G	A	0.603622	0.995832	0.119678	7.3E-01	-0.000835529	0.00423977	0.0388364	8.4E-01	0.105574	7.5E-01
rs9560110	13	112181233	1.24489	C	T	0.713945	0.999795	0.297762	5.9E-01	-0.00339792	0.00457656	0.551248	4.6E-01	0.365468	5.5E-01
rs1241305	14	25868959	0.160798	G	T	0.560624	0.995412	0.774853	3.8E-01	-0.00364295	0.00418403	0.758081	3.8E-01	1.1683	2.8E-01
rs7494063	14	29549249	0.20712	A	C	0.807992	0.984291	1.17367	2.8E-01	-0.00598729	0.00529585	1.27817	2.6E-01	1.65248	2.0E-01
rs8020889	14	30077029	0.215217	T	C	0.408054	0.999425	0.516201	4.7E-01	-0.0031559	0.00422805	0.557143	4.6E-01	0.420087	5.2E-01
rs10148694	14	33273511	0.261796	C	T	0.646876	0.984296	1.74277	1.9E-01	0.00671314	0.00436919	2.36075	1.2E-01	2.18346	1.4E-01
rs1956151	14	40101060	0.364141	A	G	0.823524	0.999433	1.21882	2.7E-01	-0.00311897	0.00541626	0.331606	5.6E-01	0.399905	5.3E-01
rs12889085	14	42885336	0.38109	A	G	0.574098	0.993459	1.31275	2.5E-01	0.00425475	0.00421199	1.0204	3.1E-01	1.18805	2.8E-01
rs8181993	14	46803314	0.406055	G	A	0.435542	0.992832	8.04995	4.6E-03	-0.0115976	0.00420203	7.61754	5.8E-03	9.38668	2.2E-03
rs217667	14	62358847	0.565816	C	T	0.749883	0.994282	0.264529	6.1E-01	0.00044241	0.0048088	0.00846402	9.3E-01	0.0940511	7.6E-01
rs8007097	14	62592332	0.568871	C	T	0.547989	0.988884	0.158206	6.9E-01	0.00232473	0.00418251	0.308937	5.8E-01	0.0599274	8.1E-01
rs2526919	14	73107771	0.666826	A	G	0.468807	0.994062	1.2891	2.6E-01	-0.00358435	0.00415751	0.743282	3.9E-01	1.05127	3.1E-01
rs6574100	14	73323682	0.670778	A	T	0.597593	0.994028	1.93095	1.6E-01	-0.00703059	0.0042534	2.7322	9.8E-02	3.16133	7.5E-02
rs11624311	14	79453542	0.744848	G	A	0.771541	0.993549	0.0136494	9.1E-01	0.00214331	0.00495331	0.187232	6.7E-01	0.00679991	9.3E-01
rs10144362	14	79974598	0.748284	G	A	0.611262	0.997089	3.12744	7.7E-02	-0.00703997	0.00426282	2.7274	9.9E-02	2.74573	9.8E-02
rs6574962	14	88341331	0.821353	G	T	0.252273	0.992916	0.136051	7.1E-01	0.0018719	0.00478547	0.153009	7.0E-01	0.0476889	8.3E-01
rs1152432	14	91373435	0.881772	T	A	0.280154	0.994872	1.04923	3.1E-01	-0.00618812	0.00461489	1.79802	1.8E-01	1.58954	2.1E-01
rs740791	14	93699003	0.916417	C	T	0.733984	0.968997	0.232294	6.3E-01	0.00141021	0.00475816	0.087839	7.7E-01	0.0412049	8.4E-01
rs2295659	14	101141544	1.07723	G	T	0.869818	0.990612	0.127288	7.2E-01	-0.00205544	0.00619521	0.110077	7.4E-01	0.0293398	8.6E-01
rs3742406	14	101537857	1.08996	A	G	0.630498	0.998313	2.05656	1.5E-01	0.00572242	0.00429711	1.7734	1.8E-01	1.58312	2.1E-01
rs72708844	14	103834091	1.12399	C	G	0.759439	0.99572	2.94109	8.6E-02	-0.00615428	0.00486504	1.60023	2.1E-01	1.72954	1.9E-01
rs12594043	15	27034988	0.374858	G	C	0.478806	0.998824	0.222174	6.4E-01	0.00173711	0.00415563	0.174736	6.8E-01	0.163078	6.9E-01
rs4365252	15	31842371	0.454988	C	A	0.534885	0.990048	3.42616	6.4E-02	0.00809139	0.00417507	3.75593	5.3E-02	3.654	5.6E-02
rs1435670	15	36390393	0.544421	A	T	0.499057	0.999048	0.000844031	9.8E-01	0.000514224	0.00415053	0.0153497	9.0E-01	0.0364627	8.5E-01
rs10775122	15	41898711	0.63274	C	T	0.183298	0.995919	0.0146936	9.0E-01	0.000634241	0.00536529	0.0139741	9.1E-01	0.0817805	7.7E-01
rs765787	15	45500047	0.653911	A	G	0.820239	1	0.248998	6.2E-01	0.00148381	0.00546123	0.0738203	7.9E-01	0.239663	6.2E-01
rs10519044	15	46381874	0.6636	T	C	0.709811	0.994588	0.841967	3.6E-01	0.00457004	0.00457889	0.996141	3.2E-01	0.954343	3.3E-01
rs2622775	15	51999970	0.710456	C	T	0.586011	1	1.1317	2.9E-01	-0.00302203	0.00421139	0.514928	4.7E-01	0.164405	6.9E-01
rs335497	15	53383101	0.722756	T	G	0.0736902	0.995552	1.09386	3.0E-01	0.00751865	0.00793871	0.896972	3.4E-01	0.546354	4.6E-01
rs2242066	15	58839337	0.793581	G	A	0.848078	0.997046	1.52895	2.2E-01	0.00684414	0.0057795	1.40235	2.4E-01	1.07209	3.0E-01
rs8033510	15	61445514	0.841628	T	C	0.364718	0.994338	1.29387	2.6E-01	0.00395517	0.00432287	0.837117	3.6E-01	1.24985	2.6E-01
rs3087660	15	66797492	0.89698	G	A	0.395797	0.999328	0.665628	4.1E-01	-0.00360732	0.00422986	0.727306	3.9E-01	0.403904	5.3E-01
rs11635495	15	67804682	0.914253	T	C	0.487932	0.997662	1.40357	2.4E-01	0.00365652	0.00415039	0.776169	3.8E-01	0.654397	4.2E-01
rs2415130	15	72242554	0.983024	G	A	0.765191	0.998693	7.46067	6.3E-03	0.0134787	0.00489292	7.58861	5.9E-03	6.42637	1.1E-02
rs478438	15	73630686	0.990231	G	A	0.909358	0.98938	0.934487	3.3E-01	0.00716612	0.0072722	0.971038	3.2E-01	1.05767	3.0E-01
rs35364449	15	74278126	0.995964	C	T	0.890533	0.989263	0.0907221	7.6E-01	-0.000641683	0.0066808	0.00922537	9.2E-01	0.00225099	9.6E-01
rs62007782	15	78029797	1.01266	G	A	0.734022	0.996291	0.424741	5.1E-01	0.00320054	0.00468539	0.466612	4.9E-01	0.236555	6.3E-01
rs1531895	15	80992165	1.05797	G	A	0.532916	0.995023	8.43993e-09	1.0E+00	-0.00125933	0.00416046	0.0916216	7.6E-01	0.00230848	9.6E-01
rs66615128	15	92561941	1.21822	G	C	0.785237	0.999315	0.00567422	9.4E-01	-0.000424583	0.00504204	0.00709107	9.3E-01	0.06472	8.0E-01
rs6496036	15	95249902	1.31575	A	C	0.565021	0.985876	0.180456	6.7E-01	-0.000402481	0.0042085	0.00914607	9.2E-01	0.00907513	9.2E-01
rs7166757	15	98259616	1.39637	A	G	0.612081	0.979588	4.29033	3.8E-02	0.00923751	0.00429288	4.63033	3.1E-02	4.03085	4.5E-02
rs57221746	15	99230035	1.42335	G	A	0.774928	0.998898	5.76215	1.6E-02	0.0109051	0.00497859	4.79787	2.8E-02	5.61291	1.8E-02
rs432925	16	334580	0.00365345	G	C	0.715696	0.978663	0.150375	7.0E-01	0.002327	0.00464958	0.250476	6.2E-01	0.293137	5.9E-01
rs3211995	16	2089006	0.0428409	G	A	0.840439	0.989857	0.312135	5.8E-01	0.00451614	0.00570713	0.626182	4.3E-01	0.920793	3.4E-01
rs2285813	16	3566102	0.0672749	C	A	0.71444	0.994926	0.209133	6.5E-01	-0.00220463	0.00460837	0.228863	6.3E-01	0.185253	6.7E-01
rs2531993	16	4014245	0.0722296	A	G	0.155356	0.997332	3.32031	6.8E-02	-0.00991423	0.00572848	2.99529	8.4E-02	2.86705	9.0E-02
rs12927792	16	9713194	0.229734	C	T	0.573706	0.986089	0.022139	8.8E-01	-0.000773698	0.00422914	0.0334687	8.5E-01	0.00408395	9.5E-01
rs739639	16	19527777	0.388214	C	T	0.359277	0.997014	2.78341	9.5E-02	0.0068963	0.00432275	2.54514	1.1E-01	2.04429	1.5E-01
rs227762	16	19859406	0.390054	G	A	0.521259	0.978383	14.8701	1.2E-04	-0.0148458	0.00419536	12.5218	4.0E-04	12.2777	4.6E-04
rs11074444	16	20241686	0.397902	T	C	0.206912	0.996432	0.381075	5.4E-01	-0.0041859	0.00512307	0.6676	4.1E-01	0.841406	3.6E-01
rs9929613	16	24599316	0.461035	A	G	0.261396	0.954325	0.612833	4.3E-01	0.00453706	0.00482299	0.884947	3.5E-01	1.01142	3.1E-01
rs865719	16	28379443	0.542171	A	G	0.586842	0.968132	3.87019	4.9E-02	-0.0088573	0.00427115	4.30043	3.8E-02	5.85703	1.6E-02
rs28517865	16	29914142	0.552217	C	T	0.433691	0.992308	0.612298	4.3E-01	0.00292885	0.00420957	0.484082	4.9E-01	0.992364	3.2E-01
rs9319587	16	30833246	0.554994	C	T	0.60914	0.997546	2.52393	1.1E-01	-0.00577485	0.00424804	1.84801	1.7E-01	1.55377	2.1E-01
rs6500208	16	49011249	0.571189	G	A	0.793086	0.993709	0.0117283	9.1E-01	-0.000763044	0.00512714	0.0221487	8.8E-01	0.142368	7.1E-01
rs111617945	16	53557517	0.64416	T	C	0.895528	0.985634	0.156032	6.9E-01	-0.000420727	0.00683763	0.00378608	9.5E-01	0.108333	7.4E-01
rs8048396	16	53770749	0.644865	C	A	0.489928	0.995604	0.0821974	7.7E-01	0.00108465	0.00416429	0.0678422	7.9E-01	0.21379	6.4E-01
rs12596054	16	53834684	0.646096	A	C	0.853705	0.996549	3.81215	5.1E-02	-0.0109115	0.00585489	3.47322	6.2E-02	3.52601	6.0E-02
rs11649379	16	56493573	0.721474	C	T	0.827289	0.998629	0.082685	7.7E-01	0.00220279	0.00548421	0.161332	6.9E-01	0.0768119	7.8E-01
rs2962446	16	62862539	0.808465	A	T	0.476039	0.98622	2.61426	1.1E-01	0.0073105	0.00418355	3.05355	8.1E-02	2.01751	1.6E-01
rs8056893	16	68304392	0.850738	C	A	0.26701	0.992269	0.807189	3.7E-01	0.00427674	0.00470375	0.826677	3.6E-01	0.877568	3.5E-01
rs113093305	16	69424312	0.855386	C	T	0.965603	0.988361	7.42766	6.4E-03	0.030555	0.0114678	7.09919	7.7E-03	9.07691	2.6E-03
rs244416	16	69665208	0.858568	T	C	0.151061	0.993922	4.42373	3.5E-02	0.0144947	0.00581772	6.20747	1.3E-02	6.61931	1.0E-02
rs8059061	16	76699487	0.935641	A	C	0.820057	0.993717	0.182532	6.7E-01	-0.00200396	0.00541292	0.137061	7.1E-01	0.581494	4.5E-01
rs4888162	16	81687645	1.05261	C	T	0.517471	1	1.46395	2.3E-01	0.00637914	0.00414301	2.37079	1.2E-01	2.53198	1.1E-01
rs12922346	16	82438337	1.07453	G	C	0.731318	0.983645	0.057332	8.1E-01	0.00222534	0.00472136	0.222157	6.4E-01	0.00128725	9.7E-01
rs77081114	17	1816762	0.0641667	G	A	0.834564	1	0.447975	5.0E-01	-0.00324833	0.00558109	0.338751	5.6E-01	0.290023	5.9E-01
rs9914578	17	2005136	0.0688706	C	G	0.798239	0.995727	1.21256	2.7E-01	-0.00554127	0.00516676	1.15022	2.8E-01	1.09154	3.0E-01
rs2779207	17	15870401	0.425124	T	A	0.431236	0.973217	18.7332	1.5E-05	0.0193827	0.00423806	20.9166	4.8E-06	18.6811	1.5E-05
rs4985996	17	21155684	0.471012	C	T	0.650988	0.996698	9.32651	2.3E-03	0.0126136	0.00435696	8.3813	3.8E-03	9.23497	2.4E-03
rs11080090	17	27502029	0.494582	G	A	0.157423	0.985283	7.27156	7.0E-03	-0.0144961	0.00574802	6.36009	1.2E-02	6.48715	1.1E-02
rs4794859	17	27962393	0.496881	T	G	0.529334	0.996548	1.07467	3.0E-01	-0.00588574	0.0041569	2.00476	1.6E-01	1.5379	2.1E-01
rs17836689	17	31448234	0.526044	G	A	0.759277	0.987977	0.532214	4.7E-01	-0.00293998	0.00486549	0.365119	5.5E-01	0.833735	3.6E-01
rs4794977	17	32247585	0.548126	C	G	0.577787	0.980309	0.646902	4.2E-01	0.00320882	0.00424782	0.570634	4.5E-01	0.910459	3.4E-01
rs242556	17	44002250	0.689918	A	T	0.233994	0.95327	1.335	2.5E-01	-0.00481396	0.00501543	0.921273	3.4E-01	0.691771	4.1E-01
rs2905855	17	46081915	0.703376	G	A	0.562305	0.989999	0.228438	6.3E-01	0.00226574	0.00419296	0.291998	5.9E-01	0.167689	6.8E-01
rs11657868	17	46942681	0.706999	G	A	0.718196	0.996518	0.0171758	9.0E-01	0.000812037	0.00461326	0.0309839	8.6E-01	0.0933896	7.6E-01
rs8067262	17	56048720	0.848038	T	G	0.911457	0.997899	0.00217776	9.6E-01	-0.000260374	0.00729885	0.00127258	9.7E-01	0.0166994	9.0E-01
rs11655589	17	61608163	0.886764	A	G	0.666344	0.975736	1.37693	2.4E-01	-0.00407699	0.00444515	0.841214	3.6E-01	0.43468	5.1E-01
rs8079078	17	65821166	0.947735	C	A	0.303724	0.990268	0.0220059	8.8E-01	-0.000989594	0.00453543	0.0476077	8.3E-01	0.0403814	8.4E-01
rs936393	17	73847613	1.10376	A	G	0.812219	0.99328	0.175822	6.7E-01	0.00260665	0.00534028	0.238253	6.3E-01	0.106842	7.4E-01
rs12943620	17	78444658	1.24901	T	G	0.227281	0.993887	0.363425	5.5E-01	-0.00272956	0.00495803	0.303087	5.8E-01	0.426553	5.1E-01
rs11658698	17	78518327	1.2499	C	T	0.72961	0.995739	0.704814	4.0E-01	-0.00327293	0.00466827	0.491543	4.8E-01	0.578382	4.5E-01
rs12051698	17	79046374	1.26006	C	G	0.647102	0.980656	3.56896	5.9E-02	0.00890704	0.00437956	4.13625	4.2E-02	3.63099	5.7E-02
rs8089699	18	1813412	0.0476566	G	A	0.882906	0.939184	0.193011	6.6E-01	0.00305649	0.00663133	0.212443	6.4E-01	1.00824	3.2E-01
rs508481	18	7542241	0.240303	A	G	0.868636	0.989942	1.18309	2.8E-01	0.00711784	0.00616741	1.33196	2.5E-01	1.59079	2.1E-01
rs9948870	18	20967065	0.431819	G	A	0.605062	0.993522	0.0471756	8.3E-01	-0.000591902	0.00426354	0.0192734	8.9E-01	0.0524327	8.2E-01
rs1349351	18	22191762	0.447116	G	A	0.5985	0.999082	0.289256	5.9E-01	-0.00330881	0.00423474	0.610505	4.3E-01	0.445036	5.0E-01
rs7228141	18	31214950	0.540827	G	C	0.463505	0.995475	4.7872	2.9E-02	-0.0101582	0.00415973	5.96357	1.5E-02	6.53423	1.1E-02
rs9957032	18	39467208	0.603798	T	C	0.818223	1	1.97882	1.6E-01	-0.00808269	0.0053724	2.26347	1.3E-01	2.54584	1.1E-01
rs4561553	18	40687764	0.611644	T	G	0.407513	0.997769	4.20959	4.0E-02	-0.00845647	0.00422888	3.99878	4.6E-02	3.62477	5.7E-02
rs8096662	18	42533130	0.62282	A	G	0.145554	0.98702	0.0121973	9.1E-01	0.00206853	0.00592034	0.122076	7.3E-01	0.22776	6.3E-01
rs9964756	18	50441817	0.72912	T	G	0.107895	0.997466	1.2736	2.6E-01	-0.00519963	0.00668608	0.604785	4.4E-01	0.129948	7.2E-01
rs28687557	18	52547057	0.739845	G	A	0.227453	0.993369	0.129906	7.2E-01	-5.00853e-05	0.00496213	0.000101879	9.9E-01	0.0197109	8.9E-01
rs7243357	18	56883319	0.801149	T	G	0.822165	0.991788	4.99883	2.5E-02	0.0118864	0.00545286	4.75173	2.9E-02	4.2939	3.8E-02
rs681630	18	57827605	0.821594	A	G	0.565363	0.998337	0.425849	5.1E-01	0.00185097	0.00419607	0.194588	6.6E-01	0.00719221	9.3E-01
rs8097783	18	58051294	0.823036	G	A	0.926154	1	0.0464139	8.3E-01	0.00205648	0.00793721	0.0671292	8.0E-01	0.213773	6.4E-01
rs74625348	18	60846430	0.867759	G	C	0.770962	0.97218	0.0138909	9.1E-01	0.000850478	0.00498881	0.0290625	8.6E-01	0.0121025	9.1E-01
rs10460125	18	63415573	0.904306	C	T	0.725399	0.998331	0.376437	5.4E-01	-0.000418114	0.00464773	0.00809297	9.3E-01	0.00728807	9.3E-01
rs11663797	18	73497644	1.0888	G	A	0.273814	0.989477	0.000266173	9.9E-01	-0.00323789	0.00467445	0.479802	4.9E-01	0.404295	5.2E-01
rs12151205	19	1808569	0.0682048	T	A	0.449087	0.963075	1.20214	2.7E-01	0.00365169	0.00423903	0.742086	3.9E-01	0.462451	5.0E-01
rs10419634	19	1936672	0.069832	T	C	0.289767	0.973622	0.296373	5.9E-01	0.00160688	0.00463046	0.120426	7.3E-01	0.324337	5.7E-01
rs79712071	19	2221892	0.075478	C	A	0.953635	0.968688	1.21713	2.7E-01	0.0088435	0.00999546	0.782785	3.8E-01	0.484865	4.9E-01
rs62131468	19	3984788	0.142379	C	G	0.813006	0.97174	2.09323	1.5E-01	0.00919873	0.00538266	2.92053	8.7E-02	2.9022	8.8E-02
rs146439891	19	8410381	0.274837	C	T	0.980819	0.864186	59.8338	1.0E-14	0.124367	0.0162609	58.4955	2.0E-14	59.972	9.6E-15
rs3929396	19	18197093	0.447598	G	A	0.594992	0.983365	1.05231	3.0E-01	-0.00431687	0.00425168	1.0309	3.1E-01	1.28674	2.6E-01
rs113230003	19	18460956	0.450365	G	A	0.738161	0.981969	3.41682	6.5E-02	0.00834811	0.00474603	3.09397	7.9E-02	3.00804	8.3E-02
rs2003476	19	18806668	0.454309	T	C	0.593805	0.986683	0.235547	6.3E-01	0.00126572	0.00424311	0.0889827	7.7E-01	0.247388	6.2E-01
rs8104983	19	19859845	0.463476	A	G	0.840942	0.982533	0.513355	4.7E-01	-0.00398286	0.00570025	0.488204	4.8E-01	0.253902	6.1E-01
rs7247004	19	30240852	0.512599	A	G	0.68793	0.994107	1.42686	2.3E-01	0.00467527	0.0044801	1.08902	3.0E-01	1.16407	2.8E-01
rs740671	19	30664619	0.518411	C	A	0.755917	0.990945	0.126092	7.2E-01	0.00216875	0.00482715	0.201854	6.5E-01	0.5527	4.6E-01
rs7247158	19	31021597	0.524584	A	G	0.758301	0.996608	0.705498	4.0E-01	-0.00518353	0.00484529	1.14449	2.8E-01	1.13186	2.9E-01
rs461998	19	34319233	0.572882	T	C	0.328678	0.997354	0.0421835	8.4E-01	-0.000198894	0.00441123	0.00203294	9.6E-01	0.00763124	9.3E-01
rs62115552	19	44610355	0.688364	A	G	0.959945	1	46.8777	7.6E-12	-0.0758112	0.010776	49.4938	2.0E-12	51.2806	8.0E-13
rs112027066	19	45129089	0.697512	C	T	0.981371	0.962142	44.4619	2.6E-11	-0.0974881	0.0155733	39.1871	3.9E-10	39.5497	3.2E-10
rs73048351	19	45160086	0.697689	C	A	0.989801	0.91554	109.761	1.1E-25	-0.227352	0.0215667	111.13	5.5E-26	110.902	6.2E-26
rs62120576	19	45216443	0.699708	A	C	0.906876	0.984781	80.2998	3.2E-19	-0.0657729	0.0071693	84.1668	4.5E-20	80.2174	3.4E-19
rs146275714	19	45365447	0.706222	G	A	0.978922	0.88022	33.488	7.2E-09	0.0876944	0.0153502	32.6372	1.1E-08	31.076	2.5E-08
rs201269048	19	45574113	0.710921	T	G	0.948631	0.903577	47.7641	4.8E-12	-0.0703334	0.00986374	50.844	1.0E-12	50.0649	1.5E-12
rs1884389	20	1410582	0.0620248	C	T	0.561411	0.990862	2.41306	1.2E-01	0.00603329	0.0041918	2.07161	1.5E-01	2.36545	1.2E-01
rs4813619	20	2815715	0.104851	G	T	0.491114	0.983542	1.21908	2.7E-01	0.00494304	0.00418989	1.39182	2.4E-01	1.89567	1.7E-01
rs1884899	20	6572870	0.214153	A	G	0.226227	0.983564	7.38199	6.6E-03	-0.010368	0.00498853	4.31962	3.8E-02	4.43605	3.5E-02
rs16996637	20	15809996	0.385502	C	T	0.870003	0.979105	0.0872304	7.7E-01	-0.00383731	0.00621192	0.381594	5.4E-01	0.194185	6.6E-01
rs852033	20	17085493	0.411169	A	C	0.247637	0.996482	0.088987	7.7E-01	0.00202389	0.00480718	0.177253	6.7E-01	0.0969286	7.6E-01
rs1409818	20	21381121	0.481069	C	T	0.898663	0.994593	2.84137	9.2E-02	0.0108217	0.00688698	2.46906	1.2E-01	3.08198	7.9E-02
rs66817095	20	25038484	0.515275	G	T	0.829542	1	0.394697	5.3E-01	0.0031611	0.00553418	0.326265	5.7E-01	0.359874	5.5E-01
rs6120440	20	32517585	0.53634	G	A	0.354038	0.991596	0.596592	4.4E-01	-0.000852591	0.00435716	0.038289	8.4E-01	0.128826	7.2E-01
rs16989232	20	39291784	0.591389	G	A	0.601237	0.975601	0.30217	5.8E-01	0.000986263	0.00428382	0.0530057	8.2E-01	0.127531	7.2E-01
rs34316626	20	47358484	0.731003	T	C	0.752271	0.990765	0.0724175	7.9E-01	-0.00324474	0.00482483	0.452266	5.0E-01	0.322318	5.7E-01
rs17201143	20	50402079	0.780574	C	T	0.676781	0.999123	0.259296	6.1E-01	-0.0022976	0.00443947	0.267846	6.0E-01	0.11619	7.3E-01
rs1033715	20	50861193	0.791131	G	A	0.607164	0.99768	0.0699409	7.9E-01	0.00131391	0.00424858	0.0956403	7.6E-01	0.0905997	7.6E-01
rs559390	20	54157546	0.855467	A	T	0.658111	0.996213	1.26674	2.6E-01	-0.00473529	0.00437408	1.17198	2.8E-01	1.30826	2.5E-01
rs6010789	20	61561153	1.07298	G	A	0.498553	1	3.33592	6.8E-02	0.00969016	0.00414087	5.47618	1.9E-02	5.84145	1.6E-02
rs2832283	21	30690558	0.291215	G	A	0.785768	0.992402	0.385736	5.3E-01	-0.00338131	0.0050837	0.442395	5.1E-01	0.543692	4.6E-01
rs2298330	21	38852728	0.419836	G	A	0.884475	0.986182	0.0223525	8.8E-01	0.00181601	0.00652835	0.0773802	7.8E-01	0.164013	6.9E-01
rs1209950	21	40173528	0.44514	C	T	0.59796	1	3.3362	6.8E-02	-0.009309	0.00422247	4.86042	2.7E-02	4.68195	3.0E-02
rs62222988	21	40569508	0.455465	T	C	0.626123	0.995886	2.813	9.4E-02	-0.00796606	0.00429431	3.44112	6.4E-02	5.22308	2.2E-02
rs2410204	21	41416838	0.475718	A	G	0.585399	0.993302	1.87246	1.7E-01	-0.0060424	0.0042132	2.05681	1.5E-01	1.65349	2.0E-01
rs111320751	21	46630890	0.622427	A	T	0.95568	0.926829	0.631754	4.3E-01	-0.00905644	0.0104756	0.747414	3.9E-01	1.04257	3.1E-01
rs11704728	22	18130209	0.0626254	C	T	0.803471	0.990379	0.340998	5.6E-01	0.00222791	0.00522378	0.181898	6.7E-01	0.0717212	7.9E-01
rs5750508	22	38303155	0.469229	C	T	0.676364	0.994441	3.17802	7.5E-02	-0.00925647	0.00445301	4.321	3.8E-02	4.46551	3.5E-02
rs8136269	22	40532444	0.498055	G	C	0.798232	0.992615	0.494108	4.8E-01	0.00331193	0.00518899	0.407376	5.2E-01	0.248933	6.2E-01
rs1953	22	41641984	0.50042	C	T	0.729724	0.993321	3.65335	5.6E-02	0.0092993	0.00467154	3.9626	4.7E-02	4.53571	3.3E-02
rs13056230	22	48874310	0.664361	C	T	0.572042	1	2.61199	1.1E-01	-0.00666059	0.00418102	2.53782	1.1E-01	2.50204	1.1E-01
