SNP	CHR	BP	GENPOS	ALLELE1	ALLELE0	A1FREQ	INFO	CHISQ_LINREG	P_LINREG	BETA	SE	CHISQ_BOLT_LMM_INF	P_BOLT_LMM_INF	CHISQ_BOLT_LMM	P_BOLT_LMM
rs28788874	1	1520725	0.0141684	C	T	0.585299	0.768295	0.000116341	9.9E-01	2.6402e-05	0.00461905	3.26714e-05	1.0E+00	0.000139615	9.9E-01
rs10907187	1	1759054	0.0168675	G	A	0.730409	0.998294	4.45002	3.5E-02	-0.0099237	0.00451485	4.83127	2.8E-02	5.70421	1.7E-02
rs3001347	1	2426766	0.0346085	A	G	0.480235	0.993243	0.00212235	9.6E-01	0.000222545	0.00400786	0.00308327	9.6E-01	0.0262044	8.7E-01
rs10779795	1	6677064	0.153978	A	G	0.662103	0.998314	0.571034	4.5E-01	-0.00215657	0.00424134	0.258535	6.1E-01	0.09314	7.6E-01
rs12136082	1	11102275	0.225397	A	G	0.192828	0.997704	5.17896	2.3E-02	0.0109963	0.0050762	4.69259	3.0E-02	4.69064	3.0E-02
rs3766160	1	15808872	0.325192	G	A	0.744147	1	1.88266	1.7E-01	0.00687799	0.00457456	2.2606	1.3E-01	2.71763	9.9E-02
rs12041062	1	19916886	0.402244	G	C	0.764485	0.997633	0.00698723	9.3E-01	-2.66165e-05	0.00472298	3.17591e-05	1.0E+00	0.00101734	9.7E-01
rs309517	1	23251592	0.460465	T	A	0.327298	0.967482	1.49193	2.2E-01	-0.00568354	0.00433303	1.7205	1.9E-01	0.998788	3.2E-01
rs114165349	1	27021913	0.501665	G	C	0.977044	0.985643	63.2874	1.8E-15	0.107397	0.0134366	63.8854	1.3E-15	65.6747	5.3E-16
rs13374459	1	39571211	0.669657	T	C	0.588291	0.9945	20.0955	7.4E-06	0.0175505	0.00408536	18.4553	1.7E-05	15.788	7.1E-05
rs61743745	1	40036944	0.670228	G	A	0.970171	0.986128	0.0518386	8.2E-01	-0.00038673	0.0118195	0.00107058	9.7E-01	0.00650039	9.4E-01
rs41269113	1	46032543	0.727328	G	A	0.964407	0.991408	0.390886	5.3E-01	-0.0103605	0.0108469	0.912315	3.4E-01	0.386227	5.3E-01
rs4134058	1	47670911	0.739288	T	C	0.455325	0.994101	1.42116	2.3E-01	-0.00334786	0.00402837	0.690677	4.1E-01	0.160819	6.9E-01
rs7553454	1	49231261	0.759781	T	C	0.774925	0.984417	0.00343159	9.5E-01	0.00117883	0.00481853	0.0598513	8.1E-01	0.0669787	8.0E-01
rs587271	1	54743111	0.7872	C	T	0.313179	0.916526	1.54464	2.1E-01	-0.00672528	0.00452196	2.21191	1.4E-01	2.32573	1.3E-01
rs78141582	1	57827517	0.843026	A	G	0.897687	0.998432	0.164929	6.8E-01	0.000258897	0.00660797	0.00153504	9.7E-01	0.114645	7.3E-01
rs885581	1	62445706	0.914644	A	G	0.607676	0.990874	0.136956	7.1E-01	-0.00145399	0.00411222	0.125018	7.2E-01	0.300558	5.8E-01
rs74082072	1	65970925	0.967975	T	C	0.917809	0.99363	2.88233	9.0E-02	0.0115467	0.00729179	2.50756	1.1E-01	3.22444	7.3E-02
rs2554414	1	72446164	1.03176	A	G	0.758572	0.995989	1.11228	2.9E-01	-0.00397789	0.00466921	0.725802	3.9E-01	0.919039	3.4E-01
rs1514177	1	74991402	1.04313	C	G	0.424303	0.999432	0.534359	4.6E-01	-0.00261129	0.00405569	0.414554	5.2E-01	0.283063	5.9E-01
rs12035349	1	77557339	1.06866	A	G	0.871887	0.977571	0.260422	6.1E-01	-0.00313969	0.00605773	0.26863	6.0E-01	0.214498	6.4E-01
rs115281275	1	77991129	1.0737	T	A	0.968661	0.902469	0.0462796	8.3E-01	0.000106014	0.0120668	7.71855e-05	9.9E-01	0.0534128	8.2E-01
rs10874123	1	80831434	1.08977	G	A	0.702146	0.997286	0.481024	4.9E-01	0.0030667	0.0043741	0.491547	4.8E-01	0.587817	4.4E-01
rs11810373	1	82473958	1.11392	A	G	0.745514	0.997739	0.276841	6.0E-01	0.00285644	0.00459199	0.386944	5.3E-01	0.54596	4.6E-01
rs3131815	1	92664966	1.23012	C	T	0.805586	0.994558	1.25195	2.6E-01	-0.00571549	0.00506406	1.27382	2.6E-01	1.26429	2.6E-01
rs4347257	1	96269230	1.26259	C	T	0.535636	0.996672	0.000359137	9.8E-01	0.000575747	0.00402035	0.0205085	8.9E-01	0.0263858	8.7E-01
rs4375301	1	98298371	1.27828	A	G	0.767049	0.993807	8.29164	4.0E-03	0.0138488	0.00475432	8.4849	3.6E-03	10.0794	1.5E-03
rs3108680	1	107572997	1.35724	T	C	0.650884	0.999501	0.00694629	9.3E-01	-0.000377548	0.00421382	0.00802771	9.3E-01	0.144666	7.0E-01
rs17584208	1	109833187	1.38762	G	A	0.913432	0.992873	19.6576	9.3E-06	0.0309684	0.00714598	18.7808	1.5E-05	18.6461	1.6E-05
rs2076586	1	112273026	1.42823	C	T	0.754427	0.980886	9.19412	2.4E-03	-0.0140074	0.00469679	8.8943	2.9E-03	6.53022	1.1E-02
rs984222	1	119503843	1.50977	C	G	0.390696	1	4.44871	3.5E-02	0.00868433	0.00410995	4.46478	3.5E-02	4.76917	2.9E-02
rs4589116	1	151002510	1.65957	C	T	0.134449	0.990695	0.317316	5.7E-01	-0.00274701	0.00589748	0.216965	6.4E-01	0.335692	5.6E-01
rs1870940	1	154984363	1.69828	G	A	0.72931	0.984186	0.395517	5.3E-01	0.00289618	0.0045425	0.4065	5.2E-01	0.144963	7.0E-01
rs75925257	1	155138842	1.69946	G	A	0.881515	1	0.0533545	8.2E-01	-0.000818939	0.00619035	0.0175014	8.9E-01	0.00736697	9.3E-01
rs35277691	1	171415327	1.93374	A	C	0.906541	0.997238	0.0885608	7.7E-01	-0.00141114	0.00690935	0.0417126	8.4E-01	0.0157586	9.0E-01
rs149415799	1	173657022	1.95091	G	C	0.975833	0.965388	0.485834	4.9E-01	-0.00796067	0.0132491	0.361013	5.5E-01	0.481709	4.9E-01
rs3922650	1	177766694	1.98705	A	C	0.475966	0.997377	1.62655	2.0E-01	-0.00394185	0.00400683	0.967828	3.3E-01	1.09765	2.9E-01
rs2068973	1	177792715	1.98748	G	A	0.655699	0.993004	0.493303	4.8E-01	0.00211861	0.00422863	0.251016	6.2E-01	0.152588	7.0E-01
rs815342	1	190112653	2.09814	T	C	0.631918	0.98827	1.55426	2.1E-01	0.00386096	0.00417844	0.853812	3.6E-01	1.12123	2.9E-01
rs12130221	1	194825306	2.13143	A	T	0.683256	0.997265	0.0390409	8.4E-01	0.000724238	0.00431084	0.0282252	8.7E-01	0.000367732	9.8E-01
rs704633	1	201760981	2.19705	A	G	0.348748	0.991681	0.672037	4.1E-01	0.00259906	0.00420599	0.381851	5.4E-01	0.317275	5.7E-01
rs16849710	1	202106797	2.20149	A	G	0.471389	0.987868	0.271897	6.0E-01	0.00231342	0.0040333	0.328993	5.7E-01	0.401363	5.3E-01
rs6540497	1	209205263	2.30771	G	C	0.422338	0.993216	0.00657659	9.4E-01	0.000639117	0.00406296	0.0247443	8.8E-01	0.164908	6.8E-01
rs11118308	1	219633869	2.43693	A	G	0.552201	0.999196	13.9906	1.8E-04	0.0152151	0.00402602	14.2822	1.6E-04	16.1634	5.8E-05
rs4631704	1	230293530	2.53595	C	T	0.391683	0.985874	36.5626	1.5E-09	-0.0260107	0.00412745	39.7136	2.9E-10	41.849	9.9E-11
rs2491864	1	242986063	2.82336	G	A	0.781475	0.998975	0.102741	7.5E-01	-0.00202341	0.00485213	0.173902	6.8E-01	0.330812	5.7E-01
rs12042959	1	243533273	2.82744	A	G	0.856295	0.985729	1.71833	1.9E-01	-0.00799894	0.0057399	1.94203	1.6E-01	1.94626	1.6E-01
rs1474053	2	224086	0.00121739	T	A	0.30705	0.998582	4.50769	3.4E-02	-0.0101524	0.00434245	5.46593	1.9E-02	5.51202	1.9E-02
rs6548228	2	345889	0.00380575	T	C	0.47675	0.997111	4.99471	2.5E-02	-0.0101275	0.0040107	6.37625	1.2E-02	6.01725	1.4E-02
rs62117023	2	401319	0.00493919	G	A	0.746598	0.975524	0.201566	6.5E-01	0.00203287	0.00465949	0.190346	6.6E-01	0.219623	6.4E-01
rs13387998	2	512327	0.00653916	C	T	0.926049	0.992033	0.277338	6.0E-01	0.00352719	0.00767808	0.211034	6.5E-01	0.0923774	7.6E-01
rs7596758	2	658595	0.00865972	T	G	0.702053	0.99674	1.12326	2.9E-01	0.00421337	0.00436455	0.931923	3.3E-01	1.33298	2.5E-01
rs11902450	2	12845368	0.29449	C	T	0.895435	0.993347	0.390447	5.3E-01	0.00246751	0.00656815	0.141134	7.1E-01	0.315107	5.7E-01
rs75971153	2	24689143	0.455958	T	C	0.805177	0.974205	1.32273	2.5E-01	-0.0075372	0.00512116	2.16612	1.4E-01	2.17566	1.4E-01
rs75503394	2	25155419	0.457101	C	T	0.903817	0.987449	5.44748	2.0E-02	0.0165068	0.00681875	5.86026	1.5E-02	5.77072	1.6E-02
rs2384463	2	26942256	0.471361	A	G	0.475385	0.994749	0.00688047	9.3E-01	-1.48665e-05	0.00401852	1.36863e-05	1.0E+00	0.00330286	9.5E-01
rs6737895	2	35442725	0.577818	G	A	0.776382	1	0.311319	5.8E-01	0.00110167	0.00480434	0.0525821	8.2E-01	0.207567	6.5E-01
rs10185199	2	40282202	0.642282	G	A	0.719504	0.9446	1.99238	1.6E-01	-0.00585832	0.00458278	1.63414	2.0E-01	1.83875	1.8E-01
rs12465106	2	41583244	0.656468	A	C	0.333824	0.990838	0.780145	3.8E-01	-0.00401992	0.00426687	0.887594	3.5E-01	1.61321	2.0E-01
rs6732079	2	46877963	0.735942	T	A	0.903819	0.980261	0.983695	3.2E-01	0.00667333	0.00684107	0.95156	3.3E-01	1.09293	3.0E-01
rs80056702	2	50056246	0.778173	C	T	0.941666	1	4.7114	3.0E-02	0.0160053	0.00854305	3.50994	6.1E-02	5.2032	2.3E-02
rs59428052	2	53861389	0.819985	A	G	0.850765	0.921044	0.375734	5.4E-01	-0.00364262	0.00583232	0.390073	5.3E-01	0.635738	4.3E-01
rs6705519	2	55204165	0.827433	C	T	0.699466	0.992125	1.06533	3.0E-01	-0.00479851	0.00438146	1.19943	2.7E-01	1.35536	2.4E-01
rs57178144	2	58681120	0.848912	T	C	0.867472	0.950948	0.350715	5.5E-01	0.00328523	0.00603838	0.296	5.9E-01	0.28823	5.9E-01
rs13417156	2	62848319	0.885521	T	C	0.567371	0.99741	13.7664	2.1E-04	0.0143224	0.00405078	12.5013	4.1E-04	14.4062	1.5E-04
rs6746570	2	67774191	0.93823	A	C	0.71111	0.971596	0.614606	4.3E-01	-0.00422942	0.00447978	0.89135	3.5E-01	1.4907	2.2E-01
rs17016642	2	79476375	1.09778	A	G	0.884824	0.971192	0.377241	5.4E-01	0.0033247	0.00635492	0.273707	6.0E-01	0.0764923	7.8E-01
rs6752979	2	81741750	1.13256	G	A	0.68268	1	2.38332	1.2E-01	0.00617264	0.00430271	2.05806	1.5E-01	2.55123	1.1E-01
rs4832285	2	86644664	1.16157	G	A	0.248226	0.999114	0.705729	4.0E-01	-0.00405931	0.00462479	0.770407	3.8E-01	0.65453	4.2E-01
rs13023088	2	100576304	1.22131	C	T	0.850793	0.99385	3.22392	7.3E-02	-0.0102283	0.00563343	3.29654	6.9E-02	3.51712	6.1E-02
rs75108145	2	100802984	1.2219	C	T	0.874494	0.987695	0.0478449	8.3E-01	-0.00080355	0.00608602	0.0174325	8.9E-01	0.008499	9.3E-01
rs12712181	2	104354232	1.24985	A	G	0.414449	0.997505	1.69196	1.9E-01	-0.00562725	0.00406924	1.91235	1.7E-01	2.00023	1.6E-01
rs6754968	2	105414479	1.26241	G	A	0.654767	0.998396	1.736	1.9E-01	0.00605509	0.00422018	2.05864	1.5E-01	4.19597	4.1E-02
rs13027786	2	133517445	1.5525	G	A	0.745836	0.986506	0.0960162	7.6E-01	0.00029742	0.00463372	0.00411986	9.5E-01	0.00754295	9.3E-01
rs6430552	2	135622808	1.58359	C	T	0.628986	0.999411	10.6729	1.1E-03	-0.01043	0.0041237	6.39722	1.1E-02	7.53067	6.1E-03
rs2890652	2	142959931	1.641	T	C	0.841295	1	6.17523	1.3E-02	0.012128	0.0054658	4.92344	2.6E-02	6.28628	1.2E-02
rs6719577	2	144013418	1.64945	G	A	0.821292	0.99734	0.142055	7.1E-01	-0.00180655	0.00523218	0.119216	7.3E-01	0.0693534	7.9E-01
rs1949527	2	157054911	1.75263	G	T	0.354377	0.997531	1.8139	1.8E-01	-0.0054823	0.00419513	1.70779	1.9E-01	0.952824	3.3E-01
rs12692596	2	161265910	1.78694	C	T	0.629671	0.996301	0.273113	6.0E-01	0.00230512	0.00414211	0.309703	5.8E-01	0.326484	5.7E-01
rs12692738	2	165558252	1.81499	T	C	0.772314	0.984603	63.2678	1.8E-15	-0.0368825	0.00481399	58.6989	1.8E-14	59.8891	1.0E-14
rs72917531	2	175238176	1.94405	C	A	0.814453	0.991675	7.70821	5.5E-03	-0.0147738	0.00516291	8.18829	4.2E-03	9.70134	1.8E-03
rs4640353	2	181327570	2.00315	A	C	0.71491	0.994236	3.52685	6.0E-02	0.00871134	0.00445005	3.83213	5.0E-02	3.1495	7.6E-02
rs114049355	2	183075689	2.01604	C	T	0.940972	0.921249	4.45858	3.5E-02	-0.021631	0.00884297	5.98351	1.4E-02	4.9414	2.6E-02
rs7570446	2	193801010	2.09677	C	A	0.456734	0.998185	1.06178	3.0E-01	0.00374013	0.00402158	0.864927	3.5E-01	0.673663	4.1E-01
rs7592344	2	198572461	2.12609	C	T	0.80295	0.997005	0.0205929	8.9E-01	-0.000621973	0.0050455	0.0151962	9.0E-01	0.0198294	8.9E-01
rs3845802	2	203740672	2.15739	T	G	0.518086	0.997801	1.30904	2.5E-01	0.00610799	0.00401039	2.31965	1.3E-01	4.02734	4.5E-02
rs11696022	2	205387566	2.17339	C	T	0.23322	0.994602	3.43444	6.4E-02	-0.0103294	0.00474556	4.73776	3.0E-02	4.01258	4.5E-02
rs4673553	2	211608379	2.23794	T	G	0.551248	0.992859	11.7853	6.0E-04	0.0128472	0.00403755	10.1247	1.5E-03	10.188	1.4E-03
rs12467225	2	212244657	2.24413	C	T	0.714834	0.995832	5.29265	2.1E-02	0.00958945	0.00445228	4.63899	3.1E-02	4.65444	3.1E-02
rs16847879	2	213067535	2.25955	A	G	0.791086	0.996291	0.129265	7.2E-01	0.00217429	0.00493056	0.194466	6.6E-01	0.430863	5.1E-01
rs4674379	2	220214386	2.34424	G	A	0.0952767	0.994198	0.530217	4.7E-01	-0.00450505	0.00682812	0.435307	5.1E-01	0.221321	6.4E-01
rs3811514	2	228883721	2.47754	T	C	0.514086	1	9.28629	2.3E-03	-0.0107073	0.00400574	7.14482	7.5E-03	6.92729	8.5E-03
rs36191868	2	228999054	2.47864	T	C	0.524364	0.999757	8.9989	2.7E-03	0.0119899	0.00400934	8.94306	2.8E-03	8.15489	4.3E-03
rs17582010	2	230542810	2.50166	T	C	0.448069	0.984006	0.13721	7.1E-01	0.00168249	0.00405776	0.171923	6.8E-01	0.129712	7.2E-01
rs9312002	3	8137447	0.216149	G	A	0.563618	0.997543	0.612248	4.3E-01	0.00343647	0.00404737	0.720906	4.0E-01	0.388777	5.3E-01
rs17609108	3	11626464	0.283018	T	C	0.855414	0.974514	0.767188	3.8E-01	-0.00421734	0.00576103	0.535892	4.6E-01	0.805316	3.7E-01
rs11709077	3	12336507	0.297621	G	A	0.88091	0.996457	3.48968	6.2E-02	-0.0139223	0.00618565	5.06586	2.4E-02	6.39448	1.1E-02
rs2596902	3	12955982	0.303023	G	A	0.333814	0.991491	0.104432	7.5E-01	0.00049096	0.00426228	0.013268	9.1E-01	0.00116759	9.7E-01
rs2470539	3	15717844	0.355673	C	T	0.410497	0.996599	1.91233	1.7E-01	-0.00708976	0.00408933	3.00579	8.3E-02	3.27926	7.0E-02
rs4858223	3	20581149	0.396076	C	T	0.671778	0.98174	5.36569	2.1E-02	-0.0105571	0.00431391	5.9889	1.4E-02	7.1743	7.4E-03
rs6550943	3	25109249	0.461812	T	A	0.146823	0.996473	0.0149053	9.0E-01	0.000119323	0.00565879	0.000444631	9.8E-01	0.00204058	9.6E-01
rs11921432	3	35117776	0.5931	T	C	0.886271	0.984646	0.731434	3.9E-01	-0.00705062	0.00635537	1.23076	2.7E-01	1.43429	2.3E-01
rs4377469	3	42303074	0.652846	G	T	0.112889	1	0.027184	8.7E-01	-0.00214592	0.00631236	0.11557	7.3E-01	0.127411	7.2E-01
rs33484	3	42417887	0.656606	G	A	0.522038	0.987598	4.63615	3.1E-02	-0.0091428	0.0040299	5.14719	2.3E-02	4.89657	2.7E-02
rs9824340	3	43902170	0.666286	C	T	0.307972	0.994289	0.0644927	8.0E-01	-0.000243589	0.00435282	0.00313165	9.6E-01	0.0601182	8.1E-01
rs4858802	3	47641011	0.688054	T	C	0.684353	0.999724	0.639206	4.2E-01	-0.00329341	0.00430353	0.585655	4.4E-01	0.455285	5.0E-01
rs4688760	3	49980596	0.690403	C	T	0.311095	0.994668	7.46028	6.3E-03	0.0126302	0.00433806	8.47673	3.6E-03	8.52028	3.5E-03
rs12488237	3	56114861	0.741657	T	C	0.942917	1	2.04021	1.5E-01	0.0147952	0.00864455	2.92927	8.7E-02	2.88475	8.9E-02
rs12491542	3	61130247	0.807467	C	T	0.880318	0.985418	0.000433325	9.8E-01	-0.000261725	0.00620805	0.00177738	9.7E-01	0.0875353	7.7E-01
rs9968060	3	62471282	0.82953	C	T	0.356779	0.962185	0.00234293	9.6E-01	-0.000140751	0.00426757	0.00108779	9.7E-01	0.0193109	8.9E-01
rs4688315	3	62688047	0.83655	C	T	0.214654	0.996323	1.86148	1.7E-01	-0.00575482	0.00488588	1.38733	2.4E-01	1.02533	3.1E-01
rs13319996	3	77562191	1.05932	A	T	0.29492	0.996833	2.49122	1.1E-01	-0.00617461	0.00440679	1.96325	1.6E-01	1.39963	2.4E-01
rs1512500	3	78419039	1.06507	G	T	0.890143	0.997052	1.53264	2.2E-01	0.00888975	0.00644265	1.90392	1.7E-01	2.09318	1.5E-01
rs9850466	3	82532568	1.08223	T	C	0.662972	0.999678	2.11586	1.5E-01	0.00566791	0.00422908	1.79619	1.8E-01	1.89376	1.7E-01
rs7649296	3	84931731	1.08805	G	A	0.677947	0.997066	0.06115	8.0E-01	-0.000433242	0.00428713	0.0102124	9.2E-01	0.00953144	9.2E-01
rs62261676	3	85698577	1.08973	A	G	0.787904	0.994918	5.19579	2.3E-02	-0.0106114	0.00491015	4.67045	3.1E-02	4.03491	4.5E-02
rs1996761	3	89962587	1.10367	C	T	0.763473	1	0.399053	5.3E-01	0.00282816	0.00471454	0.359857	5.5E-01	1.10814	2.9E-01
rs1946725	3	104605525	1.16628	T	C	0.696369	0.998159	3.53978	6.0E-02	0.00701588	0.00435033	2.60087	1.1E-01	2.42957	1.2E-01
rs16850772	3	104736837	1.16712	T	G	0.313009	0.993369	1.4706	2.3E-01	0.00412643	0.00435135	0.899291	3.4E-01	0.627004	4.3E-01
rs36131051	3	107888841	1.20196	T	G	0.795306	0.978115	1.4589	2.3E-01	-0.00664999	0.00501793	1.75628	1.9E-01	1.81324	1.8E-01
rs114885158	3	114370599	1.259	G	A	0.919289	0.988206	4.89862	2.7E-02	-0.0168228	0.00741163	5.15189	2.3E-02	4.1627	4.1E-02
rs9289074	3	116858995	1.29335	C	T	0.755933	0.988931	1.87145	1.7E-01	0.00671203	0.00467684	2.05969	1.5E-01	2.83746	9.2E-02
rs11708733	3	128039895	1.41818	G	A	0.952759	0.983201	0.964349	3.3E-01	0.00799961	0.00953513	0.703857	4.0E-01	0.380981	5.4E-01
rs6785191	3	131453556	1.44252	T	C	0.708876	0.972837	0.871118	3.5E-01	0.00491519	0.00448474	1.20117	2.7E-01	1.56096	2.1E-01
rs35837273	3	135878634	1.49383	T	C	0.835202	0.99437	5.51234	1.9E-02	0.0127934	0.00541615	5.57943	1.8E-02	6.13528	1.3E-02
rs2312193	3	141188399	1.53815	T	C	0.613182	0.99475	2.13369	1.4E-01	0.00493976	0.00413205	1.42916	2.3E-01	1.56878	2.1E-01
rs1568488	3	153657951	1.68298	G	C	0.405648	0.984335	3.63269	5.7E-02	0.00689379	0.00411368	2.80838	9.4E-02	2.36504	1.2E-01
rs13322475	3	156319803	1.70952	T	G	0.847879	0.997837	0.770516	3.8E-01	-0.00454533	0.00558906	0.661383	4.2E-01	0.742263	3.9E-01
rs13100952	3	157800753	1.71783	T	C	0.634426	0.997074	0.07483	7.8E-01	-0.00110606	0.00416548	0.0705065	7.9E-01	0.367984	5.4E-01
rs11921991	3	170499463	1.7977	C	T	0.888087	0.992745	0.076645	7.8E-01	0.00259839	0.00637086	0.166346	6.8E-01	0.120823	7.3E-01
rs12635553	3	171113714	1.80841	A	T	0.49773	0.998999	0.163613	6.9E-01	-0.000816975	0.00399949	0.0417261	8.4E-01	0.00271288	9.6E-01
rs502414	3	180626951	1.95386	C	T	0.649412	0.993077	0.453841	5.0E-01	0.00346833	0.00420748	0.679511	4.1E-01	1.37292	2.4E-01
rs4859234	3	182311332	1.96951	C	T	0.674163	0.98584	5.47558	1.9E-02	-0.0106134	0.00429992	6.09242	1.4E-02	6.56535	1.0E-02
rs1881973	3	184056101	1.99373	G	C	0.629738	0.976501	2.11117	1.5E-01	-0.00595288	0.00419959	2.00927	1.6E-01	1.95607	1.6E-01
rs78615983	3	185733707	2.02087	T	A	0.856711	0.989326	5.82479	1.6E-02	0.0142523	0.00575677	6.12929	1.3E-02	6.60227	1.0E-02
rs950257	3	194847650	2.23885	T	A	0.728068	0.997849	0.590286	4.4E-01	-0.00273687	0.00450732	0.368697	5.4E-01	0.44973	5.0E-01
rs6764533	3	196088464	2.24962	G	A	0.642998	0.998204	2.72952	9.9E-02	0.00740844	0.004184	3.13523	7.7E-02	3.86366	4.9E-02
rs12509447	4	2861090	0.0318387	G	A	0.810696	0.99398	5.0428	2.5E-02	0.0102853	0.00512908	4.02118	4.5E-02	4.46189	3.5E-02
rs6818414	4	16600664	0.317111	T	C	0.507505	0.992506	0.965694	3.3E-01	-0.00374848	0.00402205	0.868593	3.5E-01	0.507464	4.8E-01
rs2192528	4	18327896	0.339411	A	G	0.477375	0.997272	2.56794	1.1E-01	0.00675992	0.00401439	2.83559	9.2E-02	3.20948	7.3E-02
rs16876869	4	25118707	0.433802	C	T	0.863557	0.998491	3.21491	7.3E-02	0.00945515	0.00585394	2.6088	1.1E-01	2.41225	1.2E-01
rs2309830	4	28584523	0.489893	T	G	0.763499	0.995574	0.0037737	9.5E-01	-0.00046989	0.00472276	0.00989922	9.2E-01	0.00485381	9.4E-01
rs4270551	4	30703243	0.511997	A	C	0.136232	0.990257	0.248286	6.2E-01	-0.00396568	0.00586813	0.456705	5.0E-01	0.813684	3.7E-01
rs6531639	4	38556399	0.601586	G	A	0.752878	0.952325	3.59184	5.8E-02	0.0080534	0.0047548	2.86875	9.0E-02	1.71886	1.9E-01
rs12498157	4	44430025	0.675923	T	A	0.253764	0.990835	0.000559668	9.8E-01	0.000435553	0.0046154	0.00890557	9.2E-01	0.0678517	7.9E-01
rs74715904	4	45178081	0.679816	A	G	0.906264	0.977125	0.852115	3.6E-01	-0.00744105	0.00695049	1.14614	2.8E-01	1.66848	2.0E-01
rs1492767	4	55221467	0.710006	C	T	0.493554	0.999056	0.000782908	9.8E-01	-0.000496406	0.0039977	0.0154189	9.0E-01	0.152753	7.0E-01
rs2537860	4	55484718	0.714088	A	C	0.436237	0.974656	3.87784	4.9E-02	-0.00923143	0.00408513	5.10654	2.4E-02	5.03075	2.5E-02
rs6551871	4	65643064	0.818795	C	A	0.675782	0.992173	5.39349	2.0E-02	-0.00951362	0.00430058	4.89369	2.7E-02	6.18047	1.3E-02
rs6845883	4	67801500	0.836177	A	G	0.217603	0.990748	11.0549	8.8E-04	-0.0147808	0.00487115	9.20733	2.4E-03	7.83171	5.1E-03
rs10033843	4	77028783	0.90134	G	A	0.798807	0.999649	1.46269	2.3E-01	0.00698881	0.00499732	1.95583	1.6E-01	2.32129	1.3E-01
rs72649373	4	80609966	0.943324	T	C	0.85785	0.957198	2.43121	1.2E-01	0.00892955	0.00587085	2.31343	1.3E-01	2.7098	1.0E-01
rs1481012	4	89039082	1.03949	A	G	0.88825	0.994759	2.26258	1.3E-01	-0.0110197	0.00637401	2.98893	8.4E-02	2.56295	1.1E-01
rs10014552	4	94407841	1.08151	G	T	0.194146	0.979518	4.91846	2.7E-02	0.0112038	0.00510622	4.8143	2.8E-02	4.90356	2.7E-02
rs2865330	4	95004716	1.08844	A	G	0.536062	0.999052	0.595559	4.4E-01	-0.00253584	0.00401861	0.398192	5.3E-01	0.486698	4.9E-01
rs12513212	4	96149346	1.09853	A	C	0.594801	0.994888	0.297705	5.9E-01	0.0010174	0.0040863	0.0619902	8.0E-01	0.113905	7.4E-01
rs2850360	4	102216212	1.14871	A	G	0.852635	0.988759	1.22976	2.7E-01	0.00676711	0.00568523	1.41681	2.3E-01	2.31155	1.3E-01
rs57957741	4	103164166	1.15814	G	A	0.473645	0.994208	3.26087	7.1E-02	-0.00834066	0.00403138	4.2805	3.9E-02	5.1787	2.3E-02
rs326872	4	112733434	1.24745	A	G	0.332672	0.993023	1.32913	2.5E-01	-0.00313377	0.00426957	0.538723	4.6E-01	0.317288	5.7E-01
rs10022185	4	120571765	1.314	C	G	0.70701	0.996192	0.189787	6.6E-01	0.00080526	0.0044227	0.0331511	8.6E-01	0.350098	5.5E-01
rs6534743	4	130714768	1.39824	G	A	0.707156	0.986974	0.0119173	9.1E-01	0.000190359	0.00442375	0.00185167	9.7E-01	0.00770309	9.3E-01
rs10018743	4	136972541	1.44304	G	A	0.63247	0.98831	0.945288	3.3E-01	-0.00400591	0.00418992	0.914096	3.4E-01	1.19337	2.7E-01
rs769676	4	140856533	1.49522	A	G	0.738463	0.984882	2.51249	1.1E-01	-0.00637921	0.00460415	1.91971	1.7E-01	2.12548	1.4E-01
rs7375701	4	145260561	1.53722	G	A	0.280275	0.993669	4.26568	3.9E-02	-0.00940929	0.00447763	4.41587	3.6E-02	4.92941	2.6E-02
rs750090	4	152931436	1.59021	T	C	0.644559	0.97605	0.131717	7.2E-01	0.00137917	0.00422197	0.10671	7.4E-01	0.0110061	9.2E-01
rs10024755	4	161931670	1.69375	C	G	0.777113	0.993719	0.621557	4.3E-01	-0.00509444	0.00484267	1.10669	2.9E-01	0.708863	4.0E-01
rs148636479	4	164359678	1.72579	A	T	0.971622	0.876916	0.29796	5.9E-01	0.0043931	0.0128435	0.116996	7.3E-01	0.182657	6.7E-01
rs17630894	4	171532023	1.80674	T	G	0.862036	0.996667	14.9972	1.1E-04	-0.0236158	0.00582316	16.4471	5.0E-05	18.114	2.1E-05
rs6822571	4	173552902	1.82334	A	G	0.47883	0.997719	1.93386	1.6E-01	0.00579838	0.00402035	2.08011	1.5E-01	1.74932	1.9E-01
rs16871902	5	3488462	0.0869448	G	A	0.512741	0.997953	6.58372	1.0E-02	0.0104562	0.00401475	6.78314	9.2E-03	6.107	1.3E-02
rs12109333	5	27166660	0.425295	T	C	0.716328	0.997419	1.11454	2.9E-01	-0.00416291	0.00445451	0.87336	3.5E-01	1.23439	2.7E-01
rs6451674	5	43110754	0.62057	C	T	0.315548	0.990686	2.86433	9.1E-02	0.00703607	0.00432615	2.64519	1.0E-01	4.21281	4.0E-02
rs7704281	5	50591460	0.628051	G	A	0.959743	0.99038	0.798111	3.7E-01	0.00865235	0.0102404	0.713896	4.0E-01	0.315581	5.7E-01
rs7734879	5	60711632	0.720162	C	A	0.63877	0.999176	4.47765	3.4E-02	0.00908603	0.00417075	4.74592	2.9E-02	7.21079	7.2E-03
rs237976	5	62600850	0.738104	C	T	0.438642	0.998534	0.688316	4.1E-01	-0.00301613	0.00403615	0.558424	4.5E-01	0.472073	4.9E-01
rs1459192	5	63944519	0.744046	C	T	0.669709	0.994464	1.78093	1.8E-01	-0.0057333	0.00426811	1.80442	1.8E-01	2.14823	1.4E-01
rs4072296	5	74242002	0.858799	T	C	0.458782	0.938263	1.14725	2.8E-01	-0.00379601	0.0041452	0.838618	3.6E-01	1.2698	2.6E-01
rs6889485	5	75129986	0.862025	G	A	0.565009	0.992761	3.82644	5.0E-02	-0.00783449	0.00406568	3.71325	5.4E-02	3.38317	6.6E-02
rs7725126	5	80730191	0.955869	C	T	0.65455	0.987889	1.88574	1.7E-01	-0.00559797	0.00422854	1.75259	1.9E-01	1.24906	2.6E-01
rs16876684	5	86563970	1.01135	T	G	0.987836	0.991014	2.98684	8.4E-02	0.0357761	0.0183265	3.8109	5.1E-02	3.89396	4.8E-02
rs6882046	5	87968864	1.01539	A	G	0.733018	0.978462	0.201613	6.5E-01	0.00321048	0.00458519	0.490259	4.8E-01	0.625743	4.3E-01
rs142503704	5	92622421	1.04908	G	A	0.977168	0.959904	0.0505629	8.2E-01	-0.00185575	0.0137025	0.0183418	8.9E-01	0.0154618	9.0E-01
rs17383803	5	95393883	1.0716	T	C	0.907172	1	0.00084228	9.8E-01	-0.00184112	0.00689062	0.071392	7.9E-01	0.0417692	8.4E-01
rs1026534	5	95855091	1.0746	G	C	0.396969	0.999112	0.0117232	9.1E-01	-0.00071099	0.00409269	0.0301792	8.6E-01	0.0296002	8.6E-01
rs2545593	5	102054421	1.10814	A	T	0.568418	0.998323	0.162439	6.9E-01	-0.00296961	0.00404986	0.537674	4.6E-01	0.708401	4.0E-01
rs4382152	5	106379106	1.13899	T	C	0.619397	1	0.316776	5.7E-01	-0.00243953	0.00413172	0.348619	5.5E-01	0.260709	6.1E-01
rs1433057	5	107285076	1.15555	A	G	0.536635	0.987024	0.770222	3.8E-01	-0.00358583	0.00403615	0.789306	3.7E-01	0.618594	4.3E-01
rs6421825	5	107866060	1.15804	G	A	0.185771	0.999581	1.23895	2.7E-01	0.00583306	0.00513788	1.28892	2.6E-01	2.37069	1.2E-01
rs459552	5	112176756	1.19663	T	A	0.231534	1	2.45407	1.2E-01	-0.00810274	0.00475059	2.90917	8.8E-02	2.80365	9.4E-02
rs9327119	5	119309059	1.27778	C	G	0.4218	0.9872	3.98397	4.6E-02	-0.00825099	0.00408373	4.08224	4.3E-02	4.59941	3.2E-02
rs13156484	5	122653399	1.3097	G	A	0.528207	0.979173	5.51771	1.9E-02	-0.00853186	0.00405527	4.42638	3.5E-02	5.60423	1.8E-02
rs1422662	5	130440206	1.38534	A	G	0.785211	0.999034	0.00476944	9.4E-01	0.00072274	0.00487989	0.0219353	8.8E-01	0.0459581	8.3E-01
rs1369126	5	136532351	1.44779	G	C	0.531574	0.995632	0.100112	7.5E-01	-0.00206875	0.00401141	0.265963	6.1E-01	0.571459	4.5E-01
rs11242420	5	137624513	1.45252	C	T	0.808209	0.997884	10.1868	1.4E-03	-0.0180718	0.00509711	12.5706	3.9E-04	14.0485	1.8E-04
rs1895336	5	144465810	1.52134	A	G	0.597239	0.992794	0.0433324	8.4E-01	-0.00018403	0.00410696	0.00200786	9.6E-01	0.0213858	8.8E-01
rs2579040	5	152515823	1.63419	T	A	0.27912	0.996176	0.156367	6.9E-01	0.0027277	0.00447546	0.371466	5.4E-01	0.154832	6.9E-01
rs17115481	5	153358226	1.64029	G	A	0.730277	0.993088	0.580821	4.5E-01	0.004757	0.00452452	1.10541	2.9E-01	1.60398	2.1E-01
rs10515706	5	153578518	1.64141	C	T	0.572203	0.993087	0.253989	6.1E-01	-0.00137178	0.00406446	0.11391	7.4E-01	0.0560102	8.1E-01
rs766120	5	164548126	1.74957	G	A	0.379101	0.999276	3.73986	5.3E-02	-0.00812063	0.00413456	3.85764	5.0E-02	4.54368	3.3E-02
rs2161214	5	170284624	1.86356	A	C	0.313895	0.997023	0.000107548	9.9E-01	0.000243543	0.00432398	0.00317237	9.6E-01	2.86027e-05	1.0E+00
rs1966265	5	176516631	2.00003	G	A	0.754745	1	0.000954587	9.8E-01	3.07455e-05	0.00464964	4.37244e-05	9.9E-01	0.00119853	9.7E-01
rs9463175	6	9510030	0.227745	C	T	0.661396	0.983753	1.92281	1.7E-01	-0.00553288	0.00426975	1.67918	2.0E-01	1.65504	2.0E-01
rs12210300	6	12078686	0.272534	A	G	0.684962	1	9.77127e-05	9.9E-01	0.000667515	0.00431023	0.023984	8.8E-01	0.0137908	9.1E-01
rs62385532	6	13161394	0.290635	G	A	0.710645	0.991949	10.3346	1.3E-03	-0.0155015	0.00443163	12.2355	4.7E-04	12.2589	4.6E-04
rs4134939	6	20481825	0.408952	T	C	0.316831	0.973957	0.922853	3.4E-01	-0.00466348	0.00436196	1.14303	2.9E-01	1.28107	2.6E-01
rs1185976	6	25822363	0.492387	C	T	0.706333	0.999554	0.344059	5.6E-01	0.00317995	0.00439153	0.524337	4.7E-01	1.1812	2.8E-01
rs1233587	6	28719755	0.498924	A	T	0.710277	0.999303	0.258431	6.1E-01	-0.00183502	0.00441027	0.173122	6.8E-01	0.339511	5.6E-01
rs3115667	6	31643399	0.515597	T	C	0.278811	1	2.58142	1.1E-01	0.00720785	0.00445491	2.61777	1.1E-01	2.78202	9.5E-02
rs11757081	6	33459420	0.531358	A	T	0.750981	0.997671	3.92124	4.8E-02	0.0109653	0.00462536	5.62014	1.8E-02	5.95483	1.5E-02
rs2499714	6	34072215	0.543389	C	T	0.908411	0.988109	0.332431	5.6E-01	-0.00375838	0.00696945	0.290807	5.9E-01	0.183409	6.7E-01
rs11758326	6	34482498	0.547552	A	G	0.912598	0.986128	1.14315	2.8E-01	0.00745295	0.0071441	1.08833	3.0E-01	0.804916	3.7E-01
rs2395628	6	35473252	0.551863	C	T	0.698599	0.994251	0.394007	5.3E-01	0.0027249	0.00436157	0.390316	5.3E-01	1.05782	3.0E-01
rs1433723	6	40350399	0.614243	T	C	0.710236	0.996612	1.26727	2.6E-01	-0.00478568	0.00442395	1.17022	2.8E-01	0.928003	3.4E-01
rs11963572	6	46302448	0.722776	T	C	0.491919	0.993234	1.19561	2.7E-01	0.00396285	0.00402131	0.971136	3.2E-01	0.628866	4.3E-01
rs17664591	6	50183721	0.747534	G	T	0.956925	0.99128	0.584332	4.4E-01	-0.00756239	0.00991463	0.581788	4.5E-01	1.08799	3.0E-01
rs280280	6	50569828	0.750317	C	T	0.165805	0.992937	1.5026	2.2E-01	-0.00690015	0.00540586	1.62925	2.0E-01	2.57195	1.1E-01
rs149750300	6	50717074	0.7506	A	G	0.984095	0.986819	1.4187	2.3E-01	0.0189588	0.0160973	1.38713	2.4E-01	1.59765	2.1E-01
rs9361779	6	64159064	0.812363	C	A	0.457314	0.997526	0.00072519	9.8E-01	0.0010672	0.00403434	0.069975	7.9E-01	0.172278	6.8E-01
rs3883872	6	83322002	0.934204	C	T	0.538241	0.979395	0.0486071	8.3E-01	-0.00129108	0.00405809	0.101219	7.5E-01	0.181235	6.7E-01
rs9362662	6	90296588	0.987815	A	G	0.479556	0.991565	4.6019	3.2E-02	-0.00853477	0.00401378	4.52143	3.3E-02	4.62303	3.2E-02
rs1324110	6	93913200	1.03177	G	C	0.55584	0.990874	0.000514893	9.8E-01	0.00120507	0.00404796	0.0886241	7.7E-01	0.117132	7.3E-01
rs1206133	6	97543137	1.05873	C	T	0.24581	0.972297	5.43128	2.0E-02	-0.0107328	0.00470762	5.19787	2.3E-02	7.24932	7.1E-03
rs9320747	6	98310291	1.06181	T	G	0.532837	0.993884	1.04791	3.1E-01	0.0044532	0.00402785	1.22236	2.7E-01	1.00723	3.2E-01
rs156128	6	104836826	1.11693	G	A	0.245638	0.999684	3.25778	7.1E-02	0.00850739	0.00465825	3.3354	6.8E-02	2.97417	8.5E-02
rs1575676	6	108861264	1.17848	C	T	0.629055	0.997454	4.06575	4.4E-02	-0.00902206	0.00414333	4.74148	2.9E-02	4.84514	2.8E-02
rs9387640	6	119508871	1.25792	C	T	0.634761	1	0.247592	6.2E-01	-0.00367153	0.00417016	0.775156	3.8E-01	0.829881	3.6E-01
rs2875762	6	124925032	1.30799	G	C	0.757629	0.990596	1.35731	2.4E-01	0.00668958	0.00469331	2.0316	1.5E-01	2.66798	1.0E-01
rs4895799	6	126052729	1.32459	C	T	0.415289	0.992315	0.0409107	8.4E-01	-0.000967254	0.0040787	0.0562389	8.1E-01	0.12432	7.2E-01
rs6569648	6	130349119	1.35981	C	T	0.239855	1	18.5903	1.6E-05	0.0207509	0.00467216	19.7259	8.9E-06	18.6782	1.5E-05
rs2781659	6	131891820	1.37734	A	G	0.688059	1	0.365614	5.5E-01	0.00262171	0.00431924	0.368431	5.4E-01	0.180702	6.7E-01
rs11754747	6	141494602	1.50941	C	T	0.744216	0.987686	0.0740913	7.9E-01	0.000357452	0.00462369	0.00597666	9.4E-01	0.0592192	8.1E-01
rs12194419	6	143148142	1.51953	G	A	0.727002	0.984742	0.0853328	7.7E-01	-0.000157324	0.00452796	0.00120721	9.7E-01	0.104035	7.5E-01
rs2256216	6	147471730	1.55898	A	G	0.462483	0.956666	0.945037	3.3E-01	0.00449487	0.00410678	1.19793	2.7E-01	0.788534	3.7E-01
rs7755574	6	153364643	1.66311	G	T	0.718556	0.997121	2.52719	1.1E-01	0.00653242	0.00446853	2.13707	1.4E-01	2.37582	1.2E-01
rs12207125	6	154301575	1.6763	A	G	0.781403	0.992451	1.37154	2.4E-01	0.0054097	0.00485936	1.23933	2.7E-01	0.67652	4.1E-01
rs450265	6	160736359	1.77422	C	T	0.483528	0.999936	1.18199	2.8E-01	0.00660484	0.00400583	2.71856	9.9E-02	3.21388	7.3E-02
rs34540135	6	162934351	1.81802	A	G	0.873967	0.966582	1.06481	3.0E-01	-0.00587047	0.00614127	0.913753	3.4E-01	2.24376	1.3E-01
rs6950388	7	1270699	0.0137006	G	A	0.203901	1	2.29233	1.3E-01	0.0070758	0.00497342	2.02414	1.5E-01	2.66038	1.0E-01
rs7807190	7	1851461	0.0275157	A	G	0.787679	0.988996	0.211081	6.5E-01	-0.00119811	0.00491667	0.0593811	8.1E-01	0.0622672	8.0E-01
rs4722398	7	3125220	0.0523222	C	T	0.865235	1	0.661943	4.2E-01	0.00609888	0.00587008	1.07948	3.0E-01	1.81459	1.8E-01
rs118182061	7	14655786	0.275253	T	A	0.975008	0.988845	0.481002	4.9E-01	0.00481634	0.0129359	0.138625	7.1E-01	0.283363	5.9E-01
rs10263780	7	19778086	0.347944	G	A	0.862505	0.994464	0.660106	4.2E-01	0.00475756	0.00584973	0.66145	4.2E-01	0.446319	5.0E-01
rs4722672	7	27231762	0.453385	C	T	0.178708	0.980102	0.123724	7.3E-01	0.00248488	0.00527998	0.221486	6.4E-01	0.407065	5.2E-01
rs10241729	7	32289879	0.544096	A	G	0.780068	0.986162	4.53527	3.3E-02	0.00973437	0.00487482	3.98748	4.6E-02	4.11546	4.2E-02
rs1019083	7	39414081	0.63582	A	G	0.84633	0.989979	0.517529	4.7E-01	-0.00314288	0.00557487	0.317823	5.7E-01	0.777761	3.8E-01
rs710888	7	44777556	0.700884	A	G	0.422452	0.98989	0.00239893	9.6E-01	0.000620341	0.0040771	0.0231504	8.8E-01	0.00886405	9.2E-01
rs2189833	7	49507651	0.755765	G	A	0.334039	0.996219	0.279381	6.0E-01	0.000617591	0.004254	0.0210769	8.8E-01	0.0145196	9.0E-01
rs1466163	7	50607206	0.766828	A	G	0.11686	0.995864	0.039436	8.4E-01	-0.00103493	0.00625885	0.0273419	8.7E-01	0.000861348	9.8E-01
rs10259748	7	69281111	0.866623	T	G	0.679055	0.998943	1.4195	2.3E-01	0.00566338	0.00428315	1.74833	1.9E-01	1.40332	2.4E-01
rs4718966	7	70040558	0.868636	C	T	0.585931	0.992694	0.136417	7.1E-01	0.00070087	0.00408584	0.0294248	8.6E-01	0.142524	7.1E-01
rs3973896	7	71428960	0.890229	C	G	0.828074	0.969349	0.0745057	7.8E-01	-0.0016081	0.00538934	0.0890343	7.7E-01	0.175784	6.8E-01
rs28584911	7	74081407	0.91304	T	G	0.655577	0.99949	1.85737	1.7E-01	0.00448238	0.00422049	1.12795	2.9E-01	1.4939	2.2E-01
rs77497827	7	75038408	0.913217	A	G	0.535049	0.806181	3.06135	8.0E-02	0.00728407	0.00446083	2.66635	1.0E-01	3.07477	8.0E-02
rs10260232	7	78120735	0.952444	C	T	0.495546	0.987744	0.109331	7.4E-01	0.000900715	0.0040367	0.0497876	8.2E-01	0.0128761	9.1E-01
rs2158045	7	93082708	1.09422	C	T	0.524967	0.990979	0.17579	6.8E-01	-0.00148411	0.00402974	0.135637	7.1E-01	0.267687	6.0E-01
rs917154	7	99020806	1.15524	A	G	0.844107	0.995198	1.42487	2.3E-01	-0.007358	0.00553827	1.76511	1.8E-01	1.98106	1.6E-01
rs17155888	7	103416295	1.18694	T	A	0.57496	0.98913	0.0258583	8.7E-01	-0.000118045	0.00406723	0.000842358	9.8E-01	0.0185357	8.9E-01
rs1608891	7	112795334	1.29284	G	A	0.679188	0.983328	1.26769	2.6E-01	0.00500506	0.00432835	1.33713	2.5E-01	1.36717	2.4E-01
rs6944092	7	113483569	1.2996	A	G	0.629013	0.997581	2.40448	1.2E-01	0.00632219	0.00415	2.32081	1.3E-01	1.98966	1.6E-01
rs936146	7	114294405	1.30462	G	C	0.52517	0.98912	0.0760209	7.8E-01	0.000773228	0.00403162	0.0367838	8.5E-01	0.0522125	8.2E-01
rs896183	7	127831580	1.37625	G	A	0.578819	0.975804	0.169264	6.8E-01	-0.00258216	0.0041066	0.395369	5.3E-01	0.42637	5.1E-01
rs12154627	7	130422934	1.4017	T	C	0.50585	0.97487	40.5352	1.9E-10	-0.0263577	0.00405201	42.313	7.8E-11	46.9518	7.3E-12
rs9640171	7	150600845	1.6794	G	A	0.719327	0.982269	1.74515	1.9E-01	-0.00743289	0.00450664	2.72025	9.9E-02	2.43301	1.2E-01
rs1658820	8	4288577	0.1172	G	T	0.755687	0.985142	1.11756	2.9E-01	0.00642647	0.00468921	1.87822	1.7E-01	1.97256	1.6E-01
rs2980436	8	8092025	0.237424	G	A	0.545084	0.992022	10.1024	1.5E-03	-0.0135657	0.00403476	11.3044	7.7E-04	9.67177	1.9E-03
rs330096	8	9171595	0.251664	G	C	0.758049	0.971568	44.4451	2.6E-11	0.0319551	0.00474251	45.4007	1.6E-11	46.0755	1.1E-11
rs34803352	8	14042304	0.362732	T	C	0.655661	0.989136	6.25934	1.2E-02	0.0114249	0.00423109	7.29126	6.9E-03	8.24864	4.1E-03
rs4258002	8	15493417	0.380515	G	T	0.855263	0.998595	1.05005	3.1E-01	-0.00529623	0.00568019	0.869375	3.5E-01	0.757927	3.8E-01
rs74441678	8	19863114	0.472815	A	G	0.984436	0.957587	94.6701	2.2E-22	0.163636	0.0165408	97.869	4.5E-23	98.3424	3.5E-23
rs1470687	8	20628793	0.485499	C	G	0.669974	0.991276	2.22069	1.4E-01	-0.00623765	0.00426802	2.13594	1.4E-01	2.00561	1.6E-01
rs17411738	8	28060572	0.603281	T	G	0.543762	1	0.836674	3.6E-01	-0.00384511	0.00401015	0.919385	3.4E-01	0.672927	4.1E-01
rs17647894	8	30820168	0.644882	C	A	0.5703	0.997844	4.48573	3.4E-02	-0.00774545	0.00403792	3.67941	5.5E-02	3.8849	4.9E-02
rs4647906	8	38325411	0.694629	G	A	0.597349	0.997516	16.0819	6.1E-05	0.0155199	0.00406855	14.5511	1.4E-04	14.4703	1.4E-04
rs10216609	8	62034284	0.850754	C	A	0.846841	0.996244	1.43568	2.3E-01	0.00748742	0.00556704	1.80891	1.8E-01	1.84519	1.7E-01
rs7822926	8	64701966	0.867188	A	C	0.529057	0.995395	7.36659	6.6E-03	-0.0110259	0.00402193	7.51553	6.1E-03	8.09501	4.4E-03
rs2017657	8	73426371	0.974058	G	T	0.426163	1	11.5631	6.7E-04	-0.0154544	0.00405311	14.5389	1.4E-04	13.0252	3.1E-04
rs2170382	8	74689288	0.991459	C	T	0.885523	0.995074	7.30408	6.9E-03	0.0168851	0.00630372	7.17485	7.4E-03	7.49762	6.2E-03
rs1813039	8	76295984	1.00648	G	A	0.289677	0.988819	0.0991509	7.5E-01	0.000834785	0.00443073	0.0354975	8.5E-01	0.00783727	9.3E-01
rs7833023	8	85053241	1.06276	C	A	0.274821	0.994182	0.966316	3.3E-01	0.00494592	0.00450286	1.20647	2.7E-01	1.67908	2.0E-01
rs4286925	8	93237876	1.10371	A	G	0.664213	0.999539	5.82569	1.6E-02	-0.0112683	0.00423355	7.08446	7.8E-03	6.61421	1.0E-02
rs113630732	8	95496030	1.1287	G	A	0.762487	0.987676	1.23533	2.7E-01	-0.00519031	0.00472283	1.20777	2.7E-01	0.977373	3.2E-01
rs1383592	8	106430676	1.25808	G	A	0.797477	0.997356	6.46714	1.1E-02	0.0114572	0.00496326	5.32868	2.1E-02	6.40987	1.1E-02
rs231144	8	116416131	1.31481	T	C	0.197236	0.979876	6.72554	9.5E-03	0.0138762	0.00508099	7.45841	6.3E-03	7.61248	5.8E-03
rs144435165	8	126419938	1.45107	G	C	0.945037	0.785853	46.7765	8.0E-12	0.0686003	0.00987994	48.2107	3.8E-12	47.1644	6.5E-12
rs2954018	8	126477153	1.45319	C	T	0.29933	0.998357	238.338	9.1E-54	-0.0690761	0.00436779	250.11	2.5E-56	261.532	8.0E-59
rs13266268	8	142611971	1.73096	C	T	0.612047	0.936385	5.98844	1.4E-02	0.00992254	0.00424444	5.46519	1.9E-02	5.57847	1.8E-02
rs4072917	8	143300279	1.7496	G	A	0.525555	0.990762	0.0717713	7.9E-01	-0.0015371	0.00401358	0.146669	7.0E-01	0.262102	6.1E-01
rs7037266	9	6942940	0.164689	C	A	0.638295	0.99833	2.89002	8.9E-02	0.00723566	0.00416826	3.01333	8.3E-02	3.29681	6.9E-02
rs1352522	9	11265159	0.255425	A	T	0.472109	0.994616	0.013178	9.1E-01	-7.79097e-05	0.0040378	0.0003723	9.8E-01	0.02621	8.7E-01
rs10810392	9	15529852	0.34171	G	A	0.70236	0.998296	1.8995	1.7E-01	-0.00643033	0.00438591	2.14954	1.4E-01	1.34692	2.5E-01
rs10962547	9	16712247	0.359896	T	A	0.827268	0.993311	0.577765	4.5E-01	0.00563119	0.00530457	1.12694	2.9E-01	1.19871	2.7E-01
rs10965693	9	23194860	0.454296	C	T	0.628014	0.995687	1.24714	2.6E-01	-0.00412995	0.00415596	0.987524	3.2E-01	0.140417	7.1E-01
rs1342097	9	27748698	0.533307	A	T	0.527835	0.986968	0.0767124	7.8E-01	-0.00181775	0.00403583	0.202863	6.5E-01	0.411564	5.2E-01
rs2383827	9	29628356	0.55829	A	G	0.577794	0.982182	1.57626	2.1E-01	-0.00481974	0.00409317	1.38653	2.4E-01	1.17189	2.8E-01
rs10973183	9	37066231	0.624601	T	C	0.461642	0.99687	0.0396945	8.4E-01	-0.00110419	0.00402064	0.0754215	7.8E-01	0.0338428	8.5E-01
rs7038966	9	73777777	0.840061	C	T	0.590126	0.987057	3.74235	5.3E-02	-0.00865189	0.00410585	4.44035	3.5E-02	4.23356	4.0E-02
rs10116186	9	80532374	0.931287	A	G	0.456662	0.990981	1.0055	3.2E-01	0.00349363	0.00402957	0.751687	3.9E-01	0.878868	3.5E-01
rs12342093	9	81341229	0.940469	G	T	0.587897	0.986826	1.40049	2.4E-01	-0.00494977	0.00410295	1.45538	2.3E-01	1.73331	1.9E-01
rs2777768	9	84186734	0.972648	A	G	0.731104	0.99467	0.180024	6.7E-01	-0.00213455	0.00453576	0.221469	6.4E-01	0.36007	5.5E-01
rs13283585	9	92011763	1.08794	G	A	0.776059	0.992567	13.134	2.9E-04	0.0172516	0.00481762	12.8231	3.4E-04	11.8323	5.8E-04
rs10820852	9	94186973	1.11918	C	A	0.724507	0.995129	2.35513	1.2E-01	-0.00630927	0.00450611	1.96045	1.6E-01	3.03645	8.1E-02
rs11999013	9	96154352	1.13313	A	C	0.83665	0.993837	1.26198	2.6E-01	0.00690638	0.00543088	1.61719	2.0E-01	1.54838	2.1E-01
rs13298187	9	102086525	1.19449	G	C	0.557964	0.995745	1.43399	2.3E-01	-0.00651096	0.00404416	2.59199	1.1E-01	1.86857	1.7E-01
rs1484375	9	109067561	1.25942	A	G	0.222288	1	2.83309	9.2E-02	-0.00769735	0.00482055	2.5497	1.1E-01	2.31984	1.3E-01
rs2417998	9	111958746	1.3058	C	G	0.292548	0.991129	2.76861	9.6E-02	-0.00744505	0.00443704	2.81546	9.3E-02	3.54387	6.0E-02
rs28693508	9	120361418	1.43341	C	G	0.660764	0.99984	0.583127	4.5E-01	-0.00247863	0.00422065	0.344877	5.6E-01	0.351566	5.5E-01
rs7864914	9	122631415	1.46605	A	G	0.895914	0.994445	0.326398	5.7E-01	-0.00655319	0.00659909	0.986137	3.2E-01	0.826319	3.6E-01
rs10985963	9	126081738	1.50258	C	T	0.655668	1	0.0850494	7.7E-01	7.40583e-06	0.00421652	3.08488e-06	1.0E+00	0.0461334	8.3E-01
rs10986291	9	127016271	1.51402	A	T	0.663493	0.998445	0.329916	5.7E-01	-0.00197404	0.00424508	0.216242	6.4E-01	0.277735	6.0E-01
rs3003606	9	130982416	1.5501	C	T	0.447842	0.997618	1.06756	3.0E-01	0.0032893	0.00404503	0.661249	4.2E-01	0.303547	5.8E-01
rs2210625	10	10256274	0.226551	A	C	0.83048	0.994947	0.046951	8.3E-01	-0.00291662	0.00535263	0.29691	5.9E-01	0.521367	4.7E-01
rs10904791	10	16722347	0.376643	A	C	0.330661	0.975889	3.16137	7.5E-02	0.00797766	0.00431055	3.42519	6.4E-02	3.16169	7.5E-02
rs12761995	10	21690509	0.466409	A	C	0.833819	0.987021	0.260945	6.1E-01	0.00244655	0.00541487	0.204142	6.5E-01	0.174502	6.8E-01
rs4097319	10	33860515	0.618889	T	G	0.565846	0.995031	0.333395	5.6E-01	-0.00279618	0.0040572	0.474985	4.9E-01	0.729501	3.9E-01
rs17231072	10	33951730	0.620984	A	C	0.842226	0.991796	11.3682	7.5E-04	0.0200386	0.00551165	13.2182	2.8E-04	11.6265	6.5E-04
rs10763587	10	52356264	0.733349	C	T	0.690787	0.970215	7.91108	4.9E-03	0.0120487	0.00440084	7.49566	6.2E-03	9.81335	1.7E-03
rs1937683	10	53679060	0.748396	C	T	0.334981	1	1.60061	2.1E-01	0.00508362	0.00425803	1.42537	2.3E-01	2.03237	1.5E-01
rs7070670	10	61842645	0.8423	C	T	0.672129	0.984388	5.24074	2.2E-02	-0.00979479	0.00428734	5.21934	2.2E-02	5.00859	2.5E-02
rs4746865	10	64834173	0.870392	G	A	0.599382	0.999286	17.4295	3.0E-05	-0.0160177	0.00409376	15.3093	9.1E-05	15.7031	7.4E-05
rs7090106	10	75720956	0.999154	A	T	0.787205	0.991026	1.76467	1.8E-01	0.00650856	0.00490431	1.76122	1.8E-01	2.27907	1.3E-01
rs7075347	10	76533307	1.00123	C	T	0.934809	1	0.00227875	9.6E-01	0.0023473	0.00811133	0.0837437	7.7E-01	0.180377	6.7E-01
rs12412597	10	87339257	1.13684	G	A	0.949687	0.989888	0.862056	3.5E-01	0.00736382	0.00921263	0.638909	4.2E-01	0.278171	6.0E-01
rs10887571	10	88030441	1.14705	C	T	0.553302	0.979368	2.74594	9.8E-02	0.00605099	0.00406092	2.22026	1.4E-01	2.63093	1.0E-01
rs2450444	10	93010383	1.20287	G	A	0.650548	0.997815	0.989453	3.2E-01	-0.00460319	0.00419289	1.20529	2.7E-01	1.90557	1.7E-01
rs472818	10	99695057	1.26982	T	C	0.578411	0.981176	15.9095	6.6E-05	0.0161119	0.0040889	15.5266	8.1E-05	15.8554	6.8E-05
rs72844408	10	102425467	1.29272	G	A	0.778973	0.986164	0.100551	7.5E-01	-0.000720718	0.00485341	0.0220515	8.8E-01	0.0179194	8.9E-01
rs2296580	10	104241683	1.30539	G	T	0.700739	0.999674	2.92919	8.7E-02	0.00719033	0.00438139	2.69323	1.0E-01	4.99551	2.5E-02
rs192569	10	104577915	1.30605	T	C	0.420829	0.996118	0.12183	7.3E-01	-0.000870798	0.00407236	0.0457238	8.3E-01	0.0139874	9.1E-01
rs7917983	10	114732882	1.3977	T	C	0.531909	1	0.0515777	8.2E-01	-0.000182436	0.0040093	0.00207054	9.6E-01	0.0087968	9.3E-01
rs1637556	10	118568352	1.45195	G	A	0.562841	0.989119	8.86787	2.9E-03	-0.0130399	0.00405474	10.3425	1.3E-03	10.0426	1.5E-03
rs845094	10	125206933	1.57263	C	T	0.578488	0.99077	0.825509	3.6E-01	0.00435944	0.00407255	1.14585	2.8E-01	0.458757	5.0E-01
rs7923382	10	126576503	1.61167	T	C	0.770308	1	0.012168	9.1E-01	-0.00020194	0.00476359	0.00179711	9.7E-01	0.00342435	9.5E-01
rs2028395	10	126726558	1.61328	G	C	0.553102	0.997728	1.11278	2.9E-01	0.00428421	0.00403064	1.12978	2.9E-01	1.61557	2.0E-01
rs2252305	10	131114131	1.7313	A	G	0.34019	0.976818	0.361222	5.5E-01	-0.00151905	0.0042726	0.126404	7.2E-01	0.00431042	9.5E-01
rs10902221	11	802379	0.0108629	T	C	0.487789	0.998916	0.0587764	8.1E-01	0.000140093	0.00402068	0.00121405	9.7E-01	0.00383296	9.5E-01
rs7126629	11	2228952	0.0544298	C	A	0.181022	0.993387	4.31363	3.8E-02	-0.0104874	0.00521801	4.03948	4.4E-02	5.27085	2.2E-02
rs7938031	11	8366148	0.188301	C	T	0.68318	0.996274	0.501429	4.8E-01	-0.00320515	0.00431654	0.551346	4.6E-01	0.164566	6.8E-01
rs4586148	11	8430938	0.18954	C	A	0.946845	0.99847	1.16892	2.8E-01	-0.00750708	0.0089383	0.705394	4.0E-01	0.99137	3.2E-01
rs7484027	11	17368381	0.298183	T	A	0.5558	0.993279	0.0627364	8.0E-01	-0.000385318	0.00404673	0.00906632	9.2E-01	0.00304318	9.6E-01
rs35298551	11	27224030	0.462668	T	C	0.844471	1	3.84309	5.0E-02	-0.0109491	0.00552418	3.92847	4.7E-02	5.1366	2.3E-02
rs558887	11	28712741	0.468359	A	G	0.692542	0.992085	0.322712	5.7E-01	0.00305503	0.00435978	0.491024	4.8E-01	0.759453	3.8E-01
rs67670125	11	30214914	0.478895	C	T	0.77199	0.995153	7.94808	4.8E-03	-0.0143822	0.0047784	9.05916	2.6E-03	8.78811	3.0E-03
rs982243	11	43529703	0.620806	A	G	0.508132	0.998514	0.000886949	9.8E-01	-0.000581013	0.00400541	0.0210416	8.8E-01	0.00535576	9.4E-01
rs2679055	11	43610813	0.622009	T	C	0.545816	0.999238	2.95408	8.6E-02	-0.00810877	0.0040272	4.05418	4.4E-02	4.47877	3.4E-02
rs10838201	11	43937089	0.623077	A	T	0.566417	0.994597	2.03305	1.5E-01	-0.00581193	0.00405949	2.04973	1.5E-01	1.73338	1.9E-01
rs6485613	11	45337440	0.656974	C	T	0.176517	0.997513	0.33364	5.6E-01	0.00276095	0.00525003	0.276564	6.0E-01	0.566513	4.5E-01
rs2071304	11	47372377	0.665184	G	C	0.680113	0.982508	20.3006	6.6E-06	0.0196115	0.00431041	20.7007	5.4E-06	23.1835	1.5E-06
rs174528	11	61543499	0.703973	T	C	0.622738	0.995598	102.742	3.8E-24	0.041847	0.00412944	102.694	3.9E-24	104.68	1.4E-24
rs11227199	11	65238121	0.737843	G	A	0.799524	0.999748	5.5449	1.9E-02	0.0100493	0.00501322	4.01829	4.5E-02	5.23386	2.2E-02
rs4980662	11	69307011	0.764582	G	C	0.491849	0.994721	0.140553	7.1E-01	0.00235179	0.00401534	0.343047	5.6E-01	0.36601	5.5E-01
rs7942337	11	76465272	0.842642	C	T	0.78322	0.971559	6.70999	9.6E-03	-0.0111341	0.00493567	5.08881	2.4E-02	7.46735	6.3E-03
rs10898317	11	84613479	0.936326	C	T	0.485862	1	2.1975	1.4E-01	-0.00608904	0.00401385	2.30131	1.3E-01	2.10344	1.5E-01
rs61903695	11	89922417	0.975709	A	G	0.744306	0.999211	2.03121	1.5E-01	0.00662254	0.00459406	2.07805	1.5E-01	1.76275	1.8E-01
rs2513999	11	103019633	1.1154	A	G	0.152447	0.996865	2.94371	8.6E-02	0.00955643	0.00557619	2.93709	8.7E-02	2.4696	1.2E-01
rs719802	11	113234679	1.20429	T	C	0.385921	1	0.260333	6.1E-01	-0.0023948	0.00410816	0.339816	5.6E-01	0.136936	7.1E-01
rs2507887	11	114961537	1.22996	T	C	0.521825	0.996335	0.229921	6.3E-01	-0.00095791	0.00401345	0.0569656	8.1E-01	0.0769921	7.8E-01
rs10790164	11	116699389	1.26119	A	G	0.0333426	1	172.552	2.1E-39	-0.143505	0.010911	172.984	1.6E-39	175.434	4.8E-40
rs9332817	11	118365210	1.28887	G	C	0.973357	1	10.285	1.3E-03	-0.0428648	0.0124568	11.8411	5.8E-04	10.6062	1.1E-03
rs10750446	11	130706918	1.51208	T	C	0.489006	0.998451	0.217093	6.4E-01	-0.00191623	0.00399739	0.229796	6.3E-01	0.0344007	8.5E-01
rs1040103	11	131442151	1.53674	A	G	0.461781	0.994917	3.79072	5.2E-02	0.00847339	0.00402023	4.44234	3.5E-02	3.4835	6.2E-02
rs7941631	11	131930432	1.54756	G	C	0.691466	0.996305	0.0642078	8.0E-01	-0.000716272	0.00433623	0.0272855	8.7E-01	0.231882	6.3E-01
rs3088353	12	862641	0.0207663	T	G	0.540089	0.945945	0.256266	6.1E-01	0.000872263	0.00412706	0.0446697	8.3E-01	0.0893866	7.6E-01
rs12422552	12	14413931	0.308896	G	C	0.732829	0.993361	4.89282	2.7E-02	-0.0095607	0.00455018	4.41492	3.6E-02	5.78885	1.6E-02
rs10846451	12	17099885	0.336898	A	G	0.700154	0.983369	7.31988	6.8E-03	-0.0122666	0.0044187	7.70657	5.5E-03	8.58857	3.4E-03
rs6486935	12	19209501	0.354456	T	A	0.252354	0.994884	1.34378	2.5E-01	-0.00505344	0.00461923	1.19684	2.7E-01	1.25111	2.6E-01
rs16926776	12	24001905	0.419584	C	T	0.923178	1	0.017341	9.0E-01	7.51309e-05	0.00752662	9.96407e-05	9.9E-01	0.0638608	8.0E-01
rs6488140	12	33370406	0.544222	G	A	0.878388	0.997569	0.634489	4.3E-01	0.00573552	0.00613048	0.875301	3.5E-01	1.01568	3.1E-01
rs76573653	12	49380073	0.624418	T	G	0.961609	1	1.17841	2.8E-01	0.0136975	0.0104353	1.72295	1.9E-01	1.16271	2.8E-01
rs2720296	12	50169070	0.630128	G	A	0.609758	0.950295	0.00325734	9.5E-01	0.000673203	0.00420331	0.0256513	8.7E-01	0.0685505	7.9E-01
rs113397893	12	57611285	0.721064	A	G	0.9212	0.973344	4.28198	3.9E-02	-0.014839	0.00751769	3.8962	4.8E-02	3.61758	5.7E-02
rs7979776	12	68205353	0.825207	G	T	0.177617	0.996558	3.83536	5.0E-02	-0.00990939	0.00525723	3.55288	5.9E-02	3.44603	6.3E-02
rs61754230	12	72179446	0.876527	C	T	0.980435	1	3.40852	6.5E-02	0.0282555	0.0144197	3.83968	5.0E-02	4.40958	3.6E-02
rs11115160	12	82424100	0.983055	G	A	0.761725	0.987625	4.579	3.2E-02	-0.00952178	0.00472977	4.05281	4.4E-02	4.79227	2.9E-02
rs704067	12	89726027	1.03172	G	A	0.54643	0.989595	0.0971579	7.6E-01	-0.000321885	0.00404369	0.00633644	9.4E-01	0.0561228	8.1E-01
rs11105846	12	91257268	1.04236	G	T	0.632238	0.98376	0.0654693	8.0E-01	0.00189187	0.00419521	0.203364	6.5E-01	0.513838	4.7E-01
rs1420341	12	97913785	1.14795	C	T	0.171739	0.989054	0.445298	5.0E-01	-0.00308603	0.00533531	0.334566	5.6E-01	0.116467	7.3E-01
rs10735363	12	99524896	1.16631	T	C	0.334204	1	1.86256	1.7E-01	-0.00692381	0.00424757	2.65711	1.0E-01	2.48994	1.1E-01
rs1895951	12	108268689	1.27225	T	C	0.779282	0.981758	1.65984	2.0E-01	-0.00755241	0.00488194	2.39324	1.2E-01	3.67447	5.5E-02
rs3825393	12	109883374	1.29241	T	C	0.362954	1	0.260422	6.1E-01	0.00255703	0.00415807	0.378171	5.4E-01	0.47672	4.9E-01
rs10850838	12	110278812	1.29736	C	T	0.686864	0.989427	0.172516	6.8E-01	0.00316755	0.00435091	0.530013	4.7E-01	0.363497	5.5E-01
rs11066188	12	112610714	1.303	G	A	0.591057	0.996937	8.05039	4.5E-03	0.0127365	0.00408457	9.72315	1.8E-03	12.345	4.4E-04
rs144782841	12	121633581	1.45609	C	G	0.874501	0.99275	4.19576	4.1E-02	0.0130697	0.00607341	4.63089	3.1E-02	4.12413	4.2E-02
rs181617194	12	122011598	1.46244	T	C	0.959381	0.835918	11.824	5.8E-04	0.0407857	0.0110894	13.5269	2.4E-04	10.997	9.1E-04
rs7953379	12	123030285	1.46756	A	G	0.647007	0.998006	8.40875	3.7E-03	-0.0126079	0.00419913	9.01499	2.7E-03	9.85166	1.7E-03
rs3897102	12	123492112	1.47105	C	T	0.587824	0.982525	0.358458	5.5E-01	0.00212173	0.00410709	0.266876	6.1E-01	0.867674	3.5E-01
rs7969633	12	133310887	1.74925	C	T	0.267076	0.9952	0.440598	5.1E-01	-0.00128363	0.00454591	0.0797336	7.8E-01	0.0652219	8.0E-01
rs9579775	13	20616557	0.0139469	A	C	0.863855	0.926233	2.41352	1.2E-01	-0.0102348	0.00607815	2.83541	9.2E-02	1.99655	1.6E-01
rs4238202	13	27902148	0.193689	A	G	0.258919	0.9902	0.251706	6.2E-01	-0.00210887	0.00459922	0.210247	6.5E-01	0.408129	5.2E-01
rs1885989	13	28010117	0.196447	G	A	0.819991	0.999055	3.1173	7.7E-02	0.00998246	0.00520849	3.67326	5.5E-02	3.91356	4.8E-02
rs12872889	13	28674628	0.213575	T	C	0.769448	0.972921	9.38757	2.2E-03	0.0141478	0.00482492	8.59804	3.4E-03	8.97426	2.7E-03
rs1928496	13	31012904	0.263323	C	T	0.256087	1	9.13472	2.5E-03	0.014521	0.00459154	10.0017	1.6E-03	8.97486	2.7E-03
rs7993153	13	33378785	0.304672	A	T	0.527179	0.996937	0.997058	3.2E-01	-0.00425079	0.00401653	1.12005	2.9E-01	0.905315	3.4E-01
rs41284828	13	50963685	0.538953	G	A	0.969277	0.943856	2.87787	9.0E-02	-0.0183741	0.0119219	2.3753	1.2E-01	2.39776	1.2E-01
rs9536417	13	54018393	0.568081	G	A	0.819355	0.953229	5.62035	1.8E-02	-0.0129485	0.00532474	5.91342	1.5E-02	6.85072	8.9E-03
rs13378227	13	54793818	0.572267	C	T	0.448494	0.996048	0.408039	5.2E-01	-0.00236418	0.00403397	0.343475	5.6E-01	0.272839	6.0E-01
rs9563521	13	58254773	0.585028	A	C	0.870679	0.988428	1.07483	3.0E-01	-0.00693254	0.0060104	1.33038	2.5E-01	0.83861	3.6E-01
rs9538189	13	59333776	0.588946	C	G	0.833107	0.986627	0.457169	5.0E-01	0.00319651	0.00541937	0.347899	5.6E-01	0.393979	5.3E-01
rs308597	13	62670010	0.616457	T	C	0.413014	0.995107	3.38243	6.6E-02	-0.00769793	0.00407094	3.57568	5.9E-02	3.23554	7.2E-02
rs4421883	13	79561962	0.787183	T	C	0.494175	0.996287	3.59533	5.8E-02	0.00690526	0.00402095	2.94919	8.6E-02	2.82754	9.3E-02
rs9547363	13	86322442	0.835108	T	C	0.513712	0.967142	0.475745	4.9E-01	0.00137418	0.0040725	0.113858	7.4E-01	0.0945188	7.6E-01
rs35678857	13	95222890	0.91089	C	A	0.648167	0.995747	38.7245	4.9E-10	0.0255249	0.00419877	36.956	1.2E-09	37.0803	1.1E-09
rs12585736	13	96845882	0.935798	G	A	0.693698	0.99638	0.573867	4.5E-01	-0.00464011	0.00435886	1.13321	2.9E-01	0.743095	3.9E-01
rs9888533	13	107854612	1.13616	C	T	0.462035	0.966192	0.0461957	8.3E-01	0.000229231	0.00408569	0.00314786	9.6E-01	0.0297712	8.6E-01
rs4773331	13	111843007	1.24012	G	A	0.603622	0.995832	0.179791	6.7E-01	0.00241477	0.00409796	0.347228	5.6E-01	0.260497	6.1E-01
rs9560110	13	112181233	1.24489	C	T	0.713945	0.999795	1.16503	2.8E-01	-0.00461548	0.00442349	1.08869	3.0E-01	1.65573	2.0E-01
rs1241305	14	25868959	0.160798	G	T	0.560624	0.995412	1.17408	2.8E-01	0.00349153	0.00404553	0.744872	3.9E-01	1.41355	2.3E-01
rs7494063	14	29549249	0.20712	A	C	0.807992	0.984291	0.806163	3.7E-01	-0.00389026	0.00512053	0.5772	4.5E-01	0.65066	4.2E-01
rs8020889	14	30077029	0.215217	T	C	0.408054	0.999425	5.73275	1.7E-02	-0.0105835	0.00408808	6.70227	9.6E-03	7.19652	7.3E-03
rs10148694	14	33273511	0.261796	C	T	0.646876	0.984296	1.63706	2.0E-01	-0.00556508	0.00422455	1.73533	1.9E-01	1.94213	1.6E-01
rs1956151	14	40101060	0.364141	A	G	0.823524	0.999433	0.819901	3.7E-01	0.00590606	0.00523696	1.27185	2.6E-01	1.60376	2.1E-01
rs12889085	14	42885336	0.38109	A	G	0.574098	0.993459	4.06661	4.4E-02	0.00867413	0.00407256	4.53646	3.3E-02	5.02023	2.5E-02
rs8181993	14	46803314	0.406055	G	A	0.435542	0.992832	1.1831	2.8E-01	0.00461471	0.00406293	1.29006	2.6E-01	1.95796	1.6E-01
rs217667	14	62358847	0.565816	C	T	0.749883	0.994282	1.28928	2.6E-01	-0.00574157	0.00464961	1.52485	2.2E-01	0.83694	3.6E-01
rs8007097	14	62592332	0.568871	C	T	0.547989	0.988884	1.3432	2.5E-01	-0.00572343	0.00404405	2.00299	1.6E-01	0.769192	3.8E-01
rs2526919	14	73107771	0.666826	A	G	0.468807	0.994062	1.14769	2.8E-01	-0.00357681	0.00401988	0.791709	3.7E-01	0.576461	4.5E-01
rs6574100	14	73323682	0.670778	A	T	0.597593	0.994028	0.0479428	8.3E-01	3.3124e-06	0.00411259	6.48714e-07	1.0E+00	0.00235695	9.6E-01
rs11624311	14	79453542	0.744848	G	A	0.771541	0.993549	0.645606	4.2E-01	-0.00406053	0.00478934	0.718811	4.0E-01	0.645339	4.2E-01
rs10144362	14	79974598	0.748284	G	A	0.611262	0.997089	1.58429	2.1E-01	-0.00436665	0.0041217	1.12239	2.9E-01	1.10115	2.9E-01
rs6574962	14	88341331	0.821353	G	T	0.252273	0.992916	2.21876	1.4E-01	-0.0066698	0.00462705	2.07786	1.5E-01	1.82573	1.8E-01
rs1152432	14	91373435	0.881772	T	A	0.280154	0.994872	1.0966	3.0E-01	-0.00450829	0.00446212	1.0208	3.1E-01	1.68473	1.9E-01
rs740791	14	93699003	0.916417	C	T	0.733984	0.968997	0.26584	6.1E-01	-0.00125918	0.00460065	0.0749097	7.8E-01	0.172689	6.8E-01
rs2295659	14	101141544	1.07723	G	T	0.869818	0.990612	3.38624	6.6E-02	0.0126732	0.00599013	4.47614	3.4E-02	5.16664	2.3E-02
rs3742406	14	101537857	1.08996	A	G	0.630498	0.998313	1.40701	2.4E-01	-0.00472033	0.00415486	1.29072	2.6E-01	0.768942	3.8E-01
rs72708844	14	103834091	1.12399	C	G	0.759439	0.99572	0.0596284	8.1E-01	0.00088291	0.00470399	0.035229	8.5E-01	0.0165647	9.0E-01
rs12594043	15	27034988	0.374858	G	C	0.478806	0.998824	1.1633	2.8E-01	0.00339674	0.00401744	0.714868	4.0E-01	1.45032	2.3E-01
rs4365252	15	31842371	0.454988	C	A	0.534885	0.990048	0.564653	4.5E-01	0.00295189	0.00403623	0.534871	4.6E-01	0.598023	4.4E-01
rs1435670	15	36390393	0.544421	A	T	0.499057	0.999048	0.963114	3.3E-01	-0.00402997	0.0040125	1.00873	3.2E-01	1.06754	3.0E-01
rs10775122	15	41898711	0.63274	C	T	0.183298	0.995919	8.9979	2.7E-03	-0.0139299	0.00518687	7.21244	7.2E-03	7.12065	7.6E-03
rs765787	15	45500047	0.653911	A	G	0.820239	1	0.37544	5.4E-01	0.00434826	0.00527962	0.678306	4.1E-01	0.661845	4.2E-01
rs10519044	15	46381874	0.6636	T	C	0.709811	0.994588	0.285436	5.9E-01	0.00258192	0.00442662	0.340206	5.6E-01	0.343627	5.6E-01
rs2622775	15	51999970	0.710456	C	T	0.586011	1	0.766188	3.8E-01	0.00462042	0.00407134	1.28791	2.6E-01	0.751378	3.9E-01
rs335497	15	53383101	0.722756	T	G	0.0736902	0.995552	4.52793	3.3E-02	0.0137726	0.00767471	3.2204	7.3E-02	4.03394	4.5E-02
rs1123294	15	58545064	0.781703	C	G	0.831158	0.986357	151.614	7.7E-35	-0.0660131	0.00537427	150.877	1.1E-34	154.315	2.0E-35
rs2242066	15	58839337	0.793581	G	A	0.848078	0.997046	1.53276	2.2E-01	-0.00774033	0.00558731	1.91917	1.7E-01	1.63766	2.0E-01
rs8033510	15	61445514	0.841628	T	C	0.364718	0.994338	0.12587	7.2E-01	-0.0023094	0.00417911	0.305373	5.8E-01	0.394271	5.3E-01
rs3087660	15	66797492	0.89698	G	A	0.395797	0.999328	1.88122	1.7E-01	-0.00582701	0.0040892	2.03056	1.5E-01	1.5389	2.1E-01
rs2415130	15	72242554	0.983024	G	A	0.765191	0.998693	10.2368	1.4E-03	-0.0152756	0.00473021	10.4289	1.2E-03	10.3333	1.3E-03
rs478438	15	73630686	0.990231	G	A	0.909358	0.98938	2.69546	1.0E-01	-0.0141773	0.00703037	4.06662	4.4E-02	3.15771	7.6E-02
rs35364449	15	74278126	0.995964	C	T	0.890533	0.989263	1.72665	1.9E-01	0.0056142	0.00645864	0.755605	3.8E-01	0.483511	4.9E-01
rs62007782	15	78029797	1.01266	G	A	0.734022	0.996291	8.97064	2.7E-03	-0.0123936	0.00452958	7.48653	6.2E-03	7.51415	6.1E-03
rs1531895	15	80992165	1.05797	G	A	0.532916	0.995023	0.224621	6.4E-01	-0.00143515	0.00402211	0.127318	7.2E-01	0.12788	7.2E-01
rs66615128	15	92561941	1.21822	G	C	0.785237	0.999315	2.70003	1.0E-01	-0.00865348	0.00487437	3.1517	7.6E-02	4.0909	4.3E-02
rs6496036	15	95249902	1.31575	A	C	0.565021	0.985876	4.32479	3.8E-02	-0.00876024	0.00406855	4.6361	3.1E-02	5.26881	2.2E-02
rs7166757	15	98259616	1.39637	A	G	0.612081	0.979588	0.987415	3.2E-01	-0.00503939	0.00415012	1.47447	2.2E-01	1.63788	2.0E-01
rs57221746	15	99230035	1.42335	G	A	0.774928	0.998898	10.7946	1.0E-03	-0.017259	0.00481303	12.8587	3.4E-04	11.1311	8.5E-04
rs432925	16	334580	0.00365345	G	C	0.715696	0.978663	1.40205	2.4E-01	-0.00553934	0.00448803	1.52337	2.2E-01	1.53095	2.2E-01
rs3211995	16	2089006	0.0428409	G	A	0.840439	0.989857	1.23377	2.7E-01	-0.00443107	0.00550883	0.64699	4.2E-01	0.924371	3.4E-01
rs2285813	16	3566102	0.0672749	C	A	0.71444	0.994926	2.08741	1.5E-01	0.0078372	0.00444826	3.10415	7.8E-02	2.4368	1.2E-01
rs2531993	16	4014245	0.0722296	A	G	0.155356	0.997332	0.000896914	9.8E-01	0.00161069	0.00552945	0.084852	7.7E-01	0.00104395	9.7E-01
rs12927792	16	9713194	0.229734	C	T	0.573706	0.986089	1.52522	2.2E-01	0.00453748	0.0040822	1.23549	2.7E-01	1.01533	3.1E-01
rs739639	16	19527777	0.388214	C	T	0.359277	0.997014	0.00147598	9.7E-01	-0.000797409	0.00417256	0.0365223	8.5E-01	0.079029	7.8E-01
rs227762	16	19859406	0.390054	G	A	0.521259	0.978383	0.0261943	8.7E-01	0.00122628	0.0040496	0.0916969	7.6E-01	0.059044	8.1E-01
rs11074444	16	20241686	0.397902	T	C	0.206912	0.996432	1.66617	2.0E-01	0.00488442	0.00494507	0.97562	3.2E-01	1.15368	2.8E-01
rs9929613	16	24599316	0.461035	A	G	0.261396	0.954325	0.147382	7.0E-01	-0.00151546	0.00465542	0.105968	7.4E-01	0.112061	7.4E-01
rs865719	16	28379443	0.542171	A	G	0.586842	0.968132	2.35591	1.2E-01	0.00663842	0.00412275	2.59271	1.1E-01	2.51457	1.1E-01
rs28517865	16	29914142	0.552217	C	T	0.433691	0.992308	5.65866	1.7E-02	0.00803284	0.00406331	3.90821	4.8E-02	3.36634	6.7E-02
rs9319587	16	30833246	0.554994	C	T	0.60914	0.997546	0.406027	5.2E-01	-0.00300116	0.00410045	0.535693	4.6E-01	0.642962	4.2E-01
rs6500208	16	49011249	0.571189	G	A	0.793086	0.993709	0.421077	5.2E-01	-0.00391031	0.004949	0.624291	4.3E-01	0.343371	5.6E-01
rs111617945	16	53557517	0.64416	T	C	0.895528	0.985634	0.157615	6.9E-01	0.00321821	0.00660006	0.237757	6.3E-01	0.343741	5.6E-01
rs8048396	16	53770749	0.644865	C	A	0.489928	0.995604	0.164683	6.8E-01	0.000446583	0.0040196	0.0123435	9.1E-01	0.0229435	8.8E-01
rs12596054	16	53834684	0.646096	A	C	0.853705	0.996549	0.544365	4.6E-01	0.00592559	0.00565147	1.09936	2.9E-01	0.809799	3.7E-01
rs11649379	16	56493573	0.721474	C	T	0.827289	0.998629	5.80756	1.6E-02	0.0124955	0.00529366	5.57177	1.8E-02	6.20802	1.3E-02
rs2962446	16	62862539	0.808465	A	T	0.476039	0.98622	6.75892	9.3E-03	-0.0094615	0.00403819	5.48967	1.9E-02	4.19516	4.1E-02
rs73591961	16	67801309	0.850294	G	A	0.90056	0.997652	44.6614	2.3E-11	-0.045578	0.00669984	46.2788	1.0E-11	47.7719	4.8E-12
rs113093305	16	69424312	0.855386	C	T	0.965603	0.988361	0.0879088	7.7E-01	-0.00520728	0.0110693	0.2213	6.4E-01	0.213113	6.4E-01
rs8059061	16	76699487	0.935641	A	C	0.820057	0.993717	0.356572	5.5E-01	0.00480267	0.00522485	0.844924	3.6E-01	1.3956	2.4E-01
rs4888162	16	81687645	1.05261	C	T	0.517471	1	1.70278	1.9E-01	0.00352897	0.00399906	0.778717	3.8E-01	0.97813	3.2E-01
rs12922346	16	82438337	1.07453	G	C	0.731318	0.983645	2.73567	9.8E-02	-0.00860864	0.00455731	3.56821	5.9E-02	2.42656	1.2E-01
rs77081114	17	1816762	0.0641667	G	A	0.834564	1	0.350678	5.5E-01	-0.00411741	0.00539516	0.582423	4.5E-01	0.889342	3.5E-01
rs9914578	17	2005136	0.0688706	C	G	0.798239	0.995727	0.095467	7.6E-01	-0.00177089	0.00499464	0.125712	7.2E-01	0.129637	7.2E-01
rs2779207	17	15870401	0.425124	T	A	0.431236	0.973217	0.274155	6.0E-01	0.00250588	0.00409688	0.374122	5.4E-01	0.129965	7.2E-01
rs8078513	17	17431208	0.44474	C	A	0.942649	0.969738	29.5192	5.5E-08	0.0493685	0.00875205	31.8185	1.7E-08	29.3678	6.0E-08
rs4985996	17	21155684	0.471012	C	T	0.650988	0.996698	4.46556	3.5E-02	-0.00975709	0.00421181	5.36665	2.1E-02	4.64112	3.1E-02
rs11080090	17	27502029	0.494582	G	A	0.157423	0.985283	0.0445499	8.3E-01	0.00246199	0.00555653	0.196321	6.6E-01	0.19121	6.6E-01
rs4794859	17	27962393	0.496881	T	G	0.529334	0.996548	1.15926	2.8E-01	0.00434582	0.00401842	1.16959	2.8E-01	1.30632	2.5E-01
rs17836689	17	31448234	0.526044	G	A	0.759277	0.987977	0.639061	4.2E-01	0.00297945	0.0047034	0.401279	5.3E-01	1.01613	3.1E-01
rs4794977	17	32247585	0.548126	C	G	0.577787	0.980309	0.744076	3.9E-01	-0.00340551	0.00410631	0.687799	4.1E-01	0.771133	3.8E-01
rs242556	17	44002250	0.689918	A	T	0.233994	0.95327	0.0127856	9.1E-01	0.000447913	0.00484835	0.00853491	9.3E-01	0.0632489	8.0E-01
rs2905855	17	46081915	0.703376	G	A	0.562305	0.989999	4.64847	3.1E-02	-0.00811503	0.00405328	4.00837	4.5E-02	3.13776	7.6E-02
rs11657868	17	46942681	0.706999	G	A	0.718196	0.996518	5.93394	1.5E-02	-0.0102053	0.00445957	5.23678	2.2E-02	4.07747	4.3E-02
rs8067262	17	56048720	0.848038	T	G	0.911457	0.997899	5.42095	2.0E-02	0.0180318	0.0070557	6.5313	1.1E-02	8.63039	3.3E-03
rs11655589	17	61608163	0.886764	A	G	0.666344	0.975736	8.35235	3.9E-03	-0.0116122	0.00429706	7.30279	6.9E-03	6.93074	8.5E-03
rs8079078	17	65821166	0.947735	C	A	0.303724	0.990268	18.7557	1.5E-05	-0.0184741	0.00438434	17.755	2.5E-05	17.7082	2.6E-05
rs9889402	17	73364216	1.09851	G	A	0.271218	0.998338	27.34	1.7E-07	0.0218835	0.00449977	23.6512	1.2E-06	22.5774	2.0E-06
rs12943620	17	78444658	1.24901	T	G	0.227281	0.993887	5.35725	2.1E-02	0.0114299	0.00479286	5.6872	1.7E-02	6.50443	1.1E-02
rs12051698	17	79046374	1.26006	C	G	0.647102	0.980656	0.189722	6.6E-01	0.00166797	0.00423365	0.155219	6.9E-01	0.310826	5.8E-01
rs8089699	18	1813412	0.0476566	G	A	0.882906	0.939184	0.0480622	8.3E-01	0.000710068	0.00641431	0.0122546	9.1E-01	0.268807	6.0E-01
rs508481	18	7542241	0.240303	A	G	0.868636	0.989942	4.09597	4.3E-02	-0.0101071	0.00596557	2.87047	9.0E-02	3.00284	8.3E-02
rs9948870	18	20967065	0.431819	G	A	0.605062	0.993522	0.682799	4.1E-01	-0.00535864	0.00412401	1.68838	1.9E-01	2.2087	1.4E-01
rs1349351	18	22191762	0.447116	G	A	0.5985	0.999082	0.099505	7.5E-01	-0.00155968	0.00409615	0.144984	7.0E-01	0.148199	7.0E-01
rs7228141	18	31214950	0.540827	G	C	0.463505	0.995475	13.0463	3.0E-04	0.013692	0.0040236	11.5799	6.7E-04	11.5479	6.8E-04
rs9957032	18	39467208	0.603798	T	C	0.818223	1	1.32516	2.5E-01	0.00519055	0.00519658	0.997683	3.2E-01	0.978248	3.2E-01
rs4561553	18	40687764	0.611644	T	G	0.407513	0.997769	15.246	9.4E-05	0.0159925	0.00409048	15.2856	9.2E-05	15.928	6.6E-05
rs8096662	18	42533130	0.62282	A	G	0.145554	0.98702	2.79796	9.4E-02	-0.00899147	0.00572658	2.4653	1.2E-01	3.16471	7.5E-02
rs9964756	18	50441817	0.72912	T	G	0.107895	0.997466	1.86857	1.7E-01	0.00845934	0.00646726	1.71093	1.9E-01	0.665911	4.1E-01
rs28687557	18	52547057	0.739845	G	A	0.227453	0.993369	0.588439	4.4E-01	-0.00367649	0.00479974	0.586723	4.4E-01	0.86515	3.5E-01
rs7243357	18	56883319	0.801149	T	G	0.822165	0.991788	1.5925	2.1E-01	-0.00503161	0.0052744	0.910054	3.4E-01	1.44404	2.3E-01
rs681630	18	57827605	0.821594	A	G	0.565363	0.998337	0.574291	4.5E-01	0.00402684	0.00405874	0.984343	3.2E-01	1.22201	2.7E-01
rs8097783	18	58051294	0.823036	G	A	0.926154	1	0.23965	6.2E-01	-0.00397263	0.00767745	0.267745	6.0E-01	0.83863	3.6E-01
rs74625348	18	60846430	0.867759	G	C	0.770962	0.97218	6.96173	8.3E-03	-0.0110824	0.00482554	5.27443	2.2E-02	5.30351	2.1E-02
rs10460125	18	63415573	0.904306	C	T	0.725399	0.998331	0.162914	6.9E-01	-0.00321115	0.00449562	0.510202	4.8E-01	0.625077	4.3E-01
rs11663797	18	73497644	1.0888	G	A	0.273814	0.989477	1.31648	2.5E-01	0.00496916	0.00452147	1.20783	2.7E-01	1.19136	2.8E-01
rs12151205	19	1808569	0.0682048	T	A	0.449087	0.963075	1.59582	2.1E-01	0.00527515	0.0041006	1.65491	2.0E-01	1.94614	1.6E-01
rs10419634	19	1936672	0.069832	T	C	0.289767	0.973622	2.0613	1.5E-01	0.00600673	0.00447925	1.79832	1.8E-01	1.40187	2.4E-01
rs79712071	19	2221892	0.075478	C	A	0.953635	0.968688	0.237069	6.3E-01	-0.0048925	0.00966904	0.256033	6.1E-01	0.0189667	8.9E-01
rs62131468	19	3984788	0.142379	C	G	0.813006	0.97174	6.46887	1.1E-02	-0.0140865	0.00520689	7.31894	6.8E-03	7.92438	4.9E-03
rs3929396	19	18197093	0.447598	G	A	0.594992	0.983365	0.374339	5.4E-01	-0.00125667	0.00411284	0.0933601	7.6E-01	0.0550023	8.1E-01
rs113230003	19	18460956	0.450365	G	A	0.738161	0.981969	2.21652	1.4E-01	-0.00635859	0.00459104	1.91823	1.7E-01	2.78895	9.5E-02
rs2003476	19	18806668	0.454309	T	C	0.593805	0.986683	7.52412	6.1E-03	-0.0120421	0.00410455	8.60744	3.3E-03	7.47394	6.3E-03
rs8104983	19	19859845	0.463476	A	G	0.840942	0.982533	7.07423	7.8E-03	-0.0143262	0.0055141	6.75017	9.4E-03	8.08654	4.5E-03
rs7247004	19	30240852	0.512599	A	G	0.68793	0.994107	4.95377	2.6E-02	0.0103135	0.0043338	5.6634	1.7E-02	5.99339	1.4E-02
rs740671	19	30664619	0.518411	C	A	0.755917	0.990945	0.259354	6.1E-01	0.00354935	0.00466951	0.577769	4.5E-01	0.0543477	8.2E-01
rs7247158	19	31021597	0.524584	A	G	0.758301	0.996608	0.506733	4.8E-01	0.0026479	0.00468706	0.319156	5.7E-01	0.51208	4.7E-01
rs461998	19	34319233	0.572882	T	C	0.328678	0.997354	1.00993	3.1E-01	-0.00383484	0.00426718	0.807632	3.7E-01	0.954367	3.3E-01
rs112450640	19	45296364	0.703043	G	A	0.980494	0.986145	97.7081	4.8E-23	0.145026	0.0145846	98.8778	2.7E-23	101.308	7.9E-24
rs118147862	19	45319631	0.704351	G	A	0.954234	0.939129	130.967	2.5E-30	0.112105	0.00989011	128.484	8.8E-30	134.72	3.8E-31
rs147711004	19	45337918	0.704947	G	A	0.963965	0.951931	21.4432	3.6E-06	-0.0532787	0.0109869	23.5157	1.2E-06	21.9886	2.7E-06
rs431001	19	54813266	0.957116	G	A	0.674132	0.993878	39.9958	2.5E-10	-0.026901	0.00428487	39.4149	3.4E-10	43.1596	5.0E-11
rs1884389	20	1410582	0.0620248	C	T	0.561411	0.990862	1.44919	2.3E-01	-0.00492868	0.00405328	1.47859	2.2E-01	1.31792	2.5E-01
rs4813619	20	2815715	0.104851	G	T	0.491114	0.983542	4.94058	2.6E-02	-0.00944239	0.00405143	5.43184	2.0E-02	5.9609	1.5E-02
rs1884899	20	6572870	0.214153	A	G	0.226227	0.983564	1.64594	2.0E-01	-0.00651848	0.00482367	1.82615	1.8E-01	1.75234	1.9E-01
rs16996637	20	15809996	0.385502	C	T	0.870003	0.979105	0.0168266	9.0E-01	-0.00183943	0.00600664	0.0937785	7.6E-01	0.0535833	8.2E-01
rs852033	20	17085493	0.411169	A	C	0.247637	0.996482	1.15884	2.8E-01	-0.00482976	0.00464832	1.07959	3.0E-01	0.916274	3.4E-01
rs1409818	20	21381121	0.481069	C	T	0.898663	0.994593	0.037574	8.5E-01	-0.00118121	0.0066594	0.0314621	8.6E-01	0.0949882	7.6E-01
rs66817095	20	25038484	0.515275	G	T	0.829542	1	5.2654	2.2E-02	0.0122493	0.00535129	5.23968	2.2E-02	5.09076	2.4E-02
rs6120440	20	32517585	0.53634	G	A	0.354038	0.991596	1.3603	2.4E-01	0.0052926	0.00421318	1.57805	2.1E-01	2.18733	1.4E-01
rs16989232	20	39291784	0.591389	G	A	0.601237	0.975601	9.28805	2.3E-03	-0.0123667	0.00414226	8.91318	2.8E-03	10.2808	1.3E-03
rs34316626	20	47358484	0.731003	T	C	0.752271	0.990765	1.80399	1.8E-01	0.00438126	0.00466539	0.881905	3.5E-01	0.742119	3.9E-01
rs17201143	20	50402079	0.780574	C	T	0.676781	0.999123	0.196441	6.6E-01	0.00082831	0.00429277	0.0372315	8.5E-01	0.045565	8.3E-01
rs1033715	20	50861193	0.791131	G	A	0.607164	0.99768	0.987291	3.2E-01	-0.00436233	0.00410818	1.12755	2.9E-01	1.43746	2.3E-01
rs559390	20	54157546	0.855467	A	T	0.658111	0.996213	0.0466898	8.3E-01	0.00175095	0.00422953	0.171381	6.8E-01	0.179929	6.7E-01
rs6010789	20	61561153	1.07298	G	A	0.498553	1	3.2922	7.0E-02	-0.00624638	0.00400403	2.43367	1.2E-01	2.18009	1.4E-01
rs2832283	21	30690558	0.291215	G	A	0.785768	0.992402	0.191608	6.6E-01	0.00128238	0.00491674	0.0680271	7.9E-01	0.239259	6.2E-01
rs2298330	21	38852728	0.419836	G	A	0.884475	0.986182	0.049892	8.2E-01	-0.000745427	0.00631394	0.0139383	9.1E-01	0.0592319	8.1E-01
rs1209950	21	40173528	0.44514	C	T	0.59796	1	5.52126	1.9E-02	0.0109624	0.00408379	7.20581	7.3E-03	8.87919	2.9E-03
rs62222988	21	40569508	0.455465	T	C	0.626123	0.995886	9.02641	2.7E-03	0.012106	0.00415328	8.49615	3.6E-03	11.7353	6.1E-04
rs2410204	21	41416838	0.475718	A	G	0.585399	0.993302	0.770695	3.8E-01	0.00437302	0.00407483	1.15171	2.8E-01	0.488561	4.8E-01
rs111320751	21	46630890	0.622427	A	T	0.95568	0.926829	0.228135	6.3E-01	-0.00660026	0.0101315	0.424399	5.1E-01	0.462193	5.0E-01
rs11704728	22	18130209	0.0626254	C	T	0.803471	0.990379	0.942749	3.3E-01	0.00427563	0.00505183	0.716312	4.0E-01	0.516391	4.7E-01
rs5750508	22	38303155	0.469229	C	T	0.676364	0.994441	0.0754188	7.8E-01	0.000296363	0.00430643	0.00473601	9.5E-01	0.0611664	8.0E-01
rs8136269	22	40532444	0.498055	G	C	0.798232	0.992615	7.55197	6.0E-03	-0.0132865	0.00501819	7.01009	8.1E-03	7.71462	5.5E-03
rs1953	22	41641984	0.50042	C	T	0.729724	0.993321	0.715296	4.0E-01	-0.0035035	0.00451777	0.601389	4.4E-01	0.763846	3.8E-01
rs13056230	22	48874310	0.664361	C	T	0.572042	1	1.19252	2.7E-01	0.00520608	0.0040434	1.65779	2.0E-01	2.41471	1.2E-01
