SNP	CHR	BP	GENPOS	ALLELE1	ALLELE0	A1FREQ	INFO	CHISQ_LINREG	P_LINREG	BETA	SE	CHISQ_BOLT_LMM_INF	P_BOLT_LMM_INF	CHISQ_BOLT_LMM	P_BOLT_LMM
rs28788874	1	1520725	0.0141684	C	T	0.585299	0.768295	0.00018794	9.9E-01	-0.000267572	0.00456199	0.00344011	9.5E-01	0.00222667	9.6E-01
rs10907187	1	1759054	0.0168675	G	A	0.730409	0.998294	5.21814	2.2E-02	-0.0105984	0.00445907	5.64926	1.7E-02	5.51217	1.9E-02
rs3001347	1	2426766	0.0346085	A	G	0.480235	0.993243	0.0053785	9.4E-01	0.000475167	0.00395834	0.0144101	9.0E-01	0.0543597	8.2E-01
rs10779795	1	6677064	0.153978	A	G	0.662103	0.998314	1.60106	2.1E-01	-0.00476829	0.00418894	1.29574	2.5E-01	0.648705	4.2E-01
rs12136082	1	11102275	0.225397	A	G	0.192828	0.997704	5.9624	1.5E-02	0.0115014	0.00501348	5.26284	2.2E-02	4.77667	2.9E-02
rs3766160	1	15808872	0.325192	G	A	0.744147	1	2.34255	1.3E-01	0.00717256	0.00451804	2.52027	1.1E-01	2.23716	1.3E-01
rs12041062	1	19916886	0.402244	G	C	0.764485	0.997633	0.00848686	9.3E-01	0.00161825	0.00466463	0.120354	7.3E-01	0.035269	8.5E-01
rs309517	1	23251592	0.460465	T	A	0.327298	0.967482	0.54002	4.6E-01	-0.00348772	0.00427949	0.664198	4.2E-01	0.693075	4.1E-01
rs12564655	1	33254768	0.567573	T	C	0.831445	0.999657	4.70164	3.0E-02	-0.0115053	0.00527623	4.75499	2.9E-02	7.51803	6.1E-03
rs13374459	1	39571211	0.669657	T	C	0.588291	0.9945	13.4559	2.4E-04	0.0137266	0.00403488	11.5735	6.7E-04	10.698	1.1E-03
rs61743745	1	40036944	0.670228	G	A	0.970171	0.986128	0.876445	3.5E-01	0.00721544	0.0116734	0.382058	5.4E-01	0.439058	5.1E-01
rs41269113	1	46032543	0.727328	G	A	0.964407	0.991408	1.66563	2.0E-01	-0.0193434	0.0107129	3.26024	7.1E-02	2.44915	1.2E-01
rs4134058	1	47670911	0.739288	T	C	0.455325	0.994101	3.11654	7.8E-02	-0.00531251	0.0039786	1.78295	1.8E-01	1.40031	2.4E-01
rs7553454	1	49231261	0.759781	T	C	0.774925	0.984417	0.00744161	9.3E-01	0.00019151	0.004759	0.00161938	9.7E-01	0.0215049	8.8E-01
rs587271	1	54743111	0.7872	C	T	0.313179	0.916526	0.395077	5.3E-01	-0.00421549	0.00446609	0.890926	3.5E-01	0.899706	3.4E-01
rs78141582	1	57827517	0.843026	A	G	0.897687	0.998432	0.0814501	7.8E-01	0.00111618	0.00652633	0.0292504	8.6E-01	0.105146	7.5E-01
rs885581	1	62445706	0.914644	A	G	0.607676	0.990874	0.0748099	7.8E-01	-0.00112336	0.00406142	0.0765032	7.8E-01	0.241733	6.2E-01
rs74082072	1	65970925	0.967975	T	C	0.917809	0.99363	7.29359	6.9E-03	0.0191466	0.0072017	7.06828	7.8E-03	7.80396	5.2E-03
rs2554414	1	72446164	1.03176	A	G	0.758572	0.995989	0.162079	6.9E-01	-0.000734651	0.00461152	0.025379	8.7E-01	0.0414271	8.4E-01
rs1514177	1	74991402	1.04313	C	G	0.424303	0.999432	0.0483576	8.3E-01	-0.000375304	0.00400558	0.00877881	9.3E-01	0.0194768	8.9E-01
rs12035349	1	77557339	1.06866	A	G	0.871887	0.977571	0.425966	5.1E-01	-0.00460479	0.00598288	0.592376	4.4E-01	0.795259	3.7E-01
rs115281275	1	77991129	1.0737	T	A	0.968661	0.902469	0.00301287	9.6E-01	-0.00663385	0.0119178	0.309843	5.8E-01	0.336954	5.6E-01
rs10874123	1	80831434	1.08977	G	A	0.702146	0.997286	0.32779	5.7E-01	0.00174539	0.00432006	0.163233	6.9E-01	0.224121	6.4E-01
rs11810373	1	82473958	1.11392	A	G	0.745514	0.997739	0.00624104	9.4E-01	-0.000175336	0.00453525	0.00149465	9.7E-01	0.0242541	8.8E-01
rs3131815	1	92664966	1.23012	C	T	0.805586	0.994558	1.33415	2.5E-01	-0.00674497	0.0050015	1.8187	1.8E-01	1.76989	1.8E-01
rs4347257	1	96269230	1.26259	C	T	0.535636	0.996672	0.537914	4.6E-01	0.00324817	0.00397068	0.669186	4.1E-01	0.752279	3.9E-01
rs4375301	1	98298371	1.27828	A	G	0.767049	0.993807	6.11004	1.3E-02	0.0119856	0.00469558	6.51537	1.1E-02	7.39763	6.5E-03
rs3108680	1	107572997	1.35724	T	C	0.650884	0.999501	5.75122	1.6E-02	-0.00997552	0.00416176	5.74537	1.7E-02	4.67781	3.1E-02
rs17584208	1	109833187	1.38762	G	A	0.913432	0.992873	30.9973	2.6E-08	0.0378812	0.00705769	28.8086	8.0E-08	27.4156	1.6E-07
rs2076586	1	112273026	1.42823	C	T	0.754427	0.980886	7.08805	7.8E-03	-0.0123501	0.00463876	7.08822	7.8E-03	6.14296	1.3E-02
rs984222	1	119503843	1.50977	C	G	0.390696	1	2.81902	9.3E-02	0.00687629	0.00405917	2.86968	9.0E-02	3.27542	7.0E-02
rs4589116	1	151002510	1.65957	C	T	0.134449	0.990695	0.00916199	9.2E-01	-4.72435e-06	0.00582462	6.57885e-07	1.0E+00	0.068767	7.9E-01
rs1870940	1	154984363	1.69828	G	A	0.72931	0.984186	0.329205	5.7E-01	0.00192425	0.00448638	0.183963	6.7E-01	0.26592	6.1E-01
rs75925257	1	155138842	1.69946	G	A	0.881515	1	0.643914	4.2E-01	0.00559766	0.00611387	0.838264	3.6E-01	0.77532	3.8E-01
rs35277691	1	171415327	1.93374	A	C	0.906541	0.997238	0.363493	5.5E-01	-0.00339243	0.00682399	0.247141	6.2E-01	0.203233	6.5E-01
rs149415799	1	173657022	1.95091	G	C	0.975833	0.965388	0.125534	7.2E-01	-0.00592831	0.0130855	0.205251	6.5E-01	0.301175	5.8E-01
rs3922650	1	177766694	1.98705	A	C	0.475966	0.997377	1.0446	3.1E-01	-0.00217824	0.00395733	0.302975	5.8E-01	0.402594	5.3E-01
rs2068973	1	177792715	1.98748	G	A	0.655699	0.993004	0.0756031	7.8E-01	-0.000273516	0.00417638	0.00428909	9.5E-01	0.0564962	8.1E-01
rs815342	1	190112653	2.09814	T	C	0.631918	0.98827	2.31624	1.3E-01	0.00446085	0.00412682	1.16844	2.8E-01	1.7833	1.8E-01
rs12130221	1	194825306	2.13143	A	T	0.683256	0.997265	0.255239	6.1E-01	-0.00192716	0.00425758	0.204885	6.5E-01	0.46851	4.9E-01
rs704633	1	201760981	2.19705	A	G	0.348748	0.991681	1.82567	1.8E-01	0.00436443	0.00415403	1.10387	2.9E-01	0.997614	3.2E-01
rs16849710	1	202106797	2.20149	A	G	0.471389	0.987868	0.000398536	9.8E-01	-0.000446801	0.00398347	0.0125807	9.1E-01	0.0002239	9.9E-01
rs6540497	1	209205263	2.30771	G	C	0.422338	0.993216	0.000791803	9.8E-01	-5.27673e-05	0.00401276	0.000172919	9.9E-01	0.0346298	8.5E-01
rs11118308	1	219633869	2.43693	A	G	0.552201	0.999196	20.8892	4.9E-06	0.018913	0.00397628	22.6238	2.0E-06	26.33	2.9E-07
rs4631704	1	230293530	2.53595	C	T	0.391683	0.985874	69.2819	8.5E-17	-0.0356696	0.00407645	76.5651	2.1E-18	80.0226	3.7E-19
rs2491864	1	242986063	2.82336	G	A	0.781475	0.998975	0.13027	7.2E-01	-0.00200067	0.00479218	0.174294	6.8E-01	0.428055	5.1E-01
rs12042959	1	243533273	2.82744	A	G	0.856295	0.985729	2.08777	1.5E-01	-0.00840558	0.00566898	2.1985	1.4E-01	2.09081	1.5E-01
rs1474053	2	224086	0.00121739	T	A	0.30705	0.998582	9.36324	2.2E-03	-0.0140434	0.00428714	10.7303	1.1E-03	13.2243	2.8E-04
rs6548228	2	345889	0.00380575	T	C	0.47675	0.997111	5.05431	2.5E-02	-0.00963518	0.00395962	5.92125	1.5E-02	5.17071	2.3E-02
rs62117023	2	401319	0.00493919	G	A	0.746598	0.975524	0.358374	5.5E-01	0.00225935	0.00460015	0.241226	6.2E-01	0.383738	5.4E-01
rs13387998	2	512327	0.00653916	C	T	0.926049	0.992033	0.166415	6.8E-01	-0.00204723	0.00758029	0.0729393	7.9E-01	0.287505	5.9E-01
rs7596758	2	658595	0.00865972	T	G	0.702053	0.99674	1.53319	2.2E-01	0.00406717	0.00430896	0.890922	3.5E-01	1.41476	2.3E-01
rs11902450	2	12845368	0.29449	C	T	0.895435	0.993347	0.0105274	9.2E-01	-0.00179112	0.0064845	0.0762951	7.8E-01	0.0163187	9.0E-01
rs75971153	2	24689143	0.455958	T	C	0.805177	0.974205	0.988269	3.2E-01	-0.00635118	0.00505594	1.57799	2.1E-01	1.27389	2.6E-01
rs75503394	2	25155419	0.457101	C	T	0.903817	0.987449	4.9027	2.7E-02	0.0141662	0.0067319	4.42824	3.5E-02	3.94194	4.7E-02
rs2384463	2	26942256	0.471361	A	G	0.475385	0.994749	0.964047	3.3E-01	0.00376455	0.00396734	0.900386	3.4E-01	1.10316	2.9E-01
rs6737895	2	35442725	0.577818	G	A	0.776382	1	0.343737	5.6E-01	0.000871457	0.00474316	0.0337564	8.5E-01	0.407783	5.2E-01
rs10185199	2	40282202	0.642282	G	A	0.719504	0.9446	1.07467	3.0E-01	-0.00491939	0.00452441	1.18222	2.8E-01	1.25133	2.6E-01
rs12465106	2	41583244	0.656468	A	C	0.333824	0.990838	1.53275	2.2E-01	-0.00520907	0.00421253	1.52909	2.2E-01	2.40483	1.2E-01
rs6732079	2	46877963	0.735942	T	A	0.903819	0.980261	0.067372	8.0E-01	0.00103676	0.00675395	0.0235638	8.8E-01	0.0629362	8.0E-01
rs80056702	2	50056246	0.778173	C	T	0.941666	1	4.45073	3.5E-02	0.0140156	0.00843425	2.7614	9.7E-02	3.9214	4.8E-02
rs59428052	2	53861389	0.819985	A	G	0.850765	0.921044	2.6757	1.0E-01	-0.00934804	0.00575804	2.63568	1.0E-01	3.25287	7.1E-02
rs6705519	2	55204165	0.827433	C	T	0.699466	0.992125	1.56577	2.1E-01	-0.00637693	0.00432566	2.17329	1.4E-01	1.98944	1.6E-01
rs57178144	2	58681120	0.848912	T	C	0.867472	0.950948	1.16469	2.8E-01	0.00642076	0.00596148	1.16002	2.8E-01	1.16808	2.8E-01
rs13417156	2	62848319	0.885521	T	C	0.567371	0.99741	8.96242	2.8E-03	0.0108056	0.00399919	7.30057	6.9E-03	8.00725	4.7E-03
rs6746570	2	67774191	0.93823	A	C	0.71111	0.971596	2.00983	1.6E-01	-0.0068706	0.00442273	2.41329	1.2E-01	3.41429	6.5E-02
rs17016642	2	79476375	1.09778	A	G	0.884824	0.971192	0.726624	3.9E-01	0.00524527	0.00627398	0.698956	4.0E-01	0.153457	7.0E-01
rs6752979	2	81741750	1.13256	G	A	0.68268	1	1.49968	2.2E-01	0.00473763	0.00424791	1.24386	2.6E-01	1.98797	1.6E-01
rs4832285	2	86644664	1.16157	G	A	0.248226	0.999114	0.895052	3.4E-01	-0.00405156	0.00456589	0.787398	3.7E-01	0.494337	4.8E-01
rs13023088	2	100576304	1.22131	C	T	0.850793	0.99385	5.43078	2.0E-02	-0.0128433	0.00556169	5.33259	2.1E-02	5.65264	1.7E-02
rs75108145	2	100802984	1.2219	C	T	0.874494	0.987695	0.00673617	9.3E-01	0.00122953	0.00600851	0.0418744	8.4E-01	0.00801881	9.3E-01
rs12712181	2	104354232	1.24985	A	G	0.414449	0.997505	2.32054	1.3E-01	-0.00629587	0.00401741	2.45594	1.2E-01	2.98892	8.4E-02
rs6754968	2	105414479	1.26241	G	A	0.654767	0.998396	3.24988	7.1E-02	0.00713733	0.00416643	2.93456	8.7E-02	3.59188	5.8E-02
rs13027786	2	133517445	1.5525	G	A	0.745836	0.986506	0.609139	4.4E-01	0.00276303	0.0045747	0.364791	5.5E-01	0.282274	6.0E-01
rs6430552	2	135622808	1.58359	C	T	0.628986	0.999411	13.5347	2.3E-04	-0.0104774	0.00407118	6.62324	1.0E-02	7.73097	5.4E-03
rs2890652	2	142959931	1.641	T	C	0.841295	1	3.64299	5.6E-02	0.00819327	0.00539619	2.30537	1.3E-01	3.726	5.4E-02
rs6719577	2	144013418	1.64945	G	A	0.821292	0.99734	0.0187133	8.9E-01	0.00112643	0.00516554	0.0475529	8.3E-01	0.181066	6.7E-01
rs1949527	2	157054911	1.75263	G	T	0.354377	0.997531	0.0465804	8.3E-01	-0.00116926	0.0041417	0.079702	7.8E-01	0.000689431	9.8E-01
rs12692596	2	161265910	1.78694	C	T	0.629671	0.996301	5.36228	2.1E-02	0.00927819	0.00408935	5.14775	2.3E-02	5.01147	2.5E-02
rs12692738	2	165558252	1.81499	T	C	0.772314	0.984603	85.6282	2.2E-20	-0.0422001	0.00475268	78.8409	6.7E-19	85.5744	2.2E-20
rs72917531	2	175238176	1.94405	C	A	0.814453	0.991675	9.71159	1.8E-03	-0.0162542	0.00509716	10.1689	1.4E-03	11.0252	9.0E-04
rs4640353	2	181327570	2.00315	A	C	0.71491	0.994236	2.99965	8.3E-02	0.00743648	0.00439337	2.8651	9.1E-02	2.59225	1.1E-01
rs114049355	2	183075689	2.01604	C	T	0.940972	0.921249	4.05388	4.4E-02	-0.021271	0.00873035	5.93623	1.5E-02	5.43367	2.0E-02
rs7570446	2	193801010	2.09677	C	A	0.456734	0.998185	1.76553	1.8E-01	0.00483833	0.00397036	1.48502	2.2E-01	1.18273	2.8E-01
rs7592344	2	198572461	2.12609	C	T	0.80295	0.997005	1.09436	3.0E-01	-0.00454854	0.00498125	0.833812	3.6E-01	0.878094	3.5E-01
rs3845802	2	203740672	2.15739	T	G	0.518086	0.997801	0.852491	3.6E-01	0.00563382	0.00395932	2.02472	1.5E-01	2.47558	1.2E-01
rs11696022	2	205387566	2.17339	C	T	0.23322	0.994602	2.43237	1.2E-01	-0.00972724	0.00468513	4.31059	3.8E-02	4.09303	4.3E-02
rs4673553	2	211608379	2.23794	T	G	0.551248	0.992859	6.53456	1.1E-02	0.00866623	0.00398613	4.72671	3.0E-02	4.71542	3.0E-02
rs12467225	2	212244657	2.24413	C	T	0.714834	0.995832	6.00202	1.4E-02	0.010605	0.00439557	5.82095	1.6E-02	5.45386	2.0E-02
rs16847879	2	213067535	2.25955	A	G	0.791086	0.996291	0.0608077	8.1E-01	-0.00218949	0.00486776	0.202316	6.5E-01	0.0887775	7.7E-01
rs4674379	2	220214386	2.34424	G	A	0.0952767	0.994198	0.159477	6.9E-01	-0.00369806	0.00674116	0.300939	5.8E-01	0.119233	7.3E-01
rs10439362	2	227026736	2.44239	T	C	0.683138	0.996547	107.512	3.4E-25	-0.0449635	0.00425145	111.852	3.8E-26	116.91	3.0E-27
rs3811514	2	228883721	2.47754	T	C	0.514086	1	5.75462	1.6E-02	-0.0074257	0.00395473	3.52567	6.0E-02	3.75083	5.3E-02
rs36191868	2	228999054	2.47864	T	C	0.524364	0.999757	4.74117	2.9E-02	0.00876001	0.00395828	4.89775	2.7E-02	4.29707	3.8E-02
rs17582010	2	230542810	2.50166	T	C	0.448069	0.984006	0.0406031	8.4E-01	0.00120279	0.00400608	0.0901443	7.6E-01	0.27139	6.0E-01
rs9312002	3	8137447	0.216149	G	A	0.563618	0.997543	1.45845	2.3E-01	0.0053156	0.00399954	1.76638	1.8E-01	1.77121	1.8E-01
rs17609108	3	11626464	0.283018	T	C	0.855414	0.974514	2.20495	1.4E-01	-0.00716698	0.00569294	1.58489	2.1E-01	2.20344	1.4E-01
rs11709077	3	12336507	0.297621	G	A	0.88091	0.996457	10.512	1.2E-03	-0.0221956	0.00611255	13.1852	2.8E-04	14.2565	1.6E-04
rs2596902	3	12955982	0.303023	G	A	0.333814	0.991491	0.141567	7.1E-01	-0.001915	0.00421191	0.206717	6.5E-01	0.294763	5.9E-01
rs2470539	3	15717844	0.355673	C	T	0.410497	0.996599	0.20009	6.5E-01	-0.00346509	0.004041	0.735278	3.9E-01	0.805258	3.7E-01
rs4858223	3	20581149	0.396076	C	T	0.671778	0.98174	2.16185	1.4E-01	-0.00720104	0.00426292	2.85349	9.1E-02	4.17846	4.1E-02
rs6550943	3	25109249	0.461812	T	A	0.146823	0.996473	0.064303	8.0E-01	-0.000640169	0.00559191	0.013106	9.1E-01	0.0559483	8.1E-01
rs11921432	3	35117776	0.5931	T	C	0.886271	0.984646	0.69797	4.0E-01	-0.00719979	0.00628026	1.31427	2.5E-01	0.932029	3.3E-01
rs4377469	3	42303074	0.652846	G	T	0.112889	1	0.100101	7.5E-01	0.00055237	0.00623776	0.00784157	9.3E-01	0.165333	6.8E-01
rs33484	3	42417887	0.656606	G	A	0.522038	0.987598	1.35973	2.4E-01	-0.00556198	0.00398227	1.95073	1.6E-01	2.40838	1.2E-01
rs9824340	3	43902170	0.666286	C	T	0.307972	0.994289	0.035037	8.5E-01	6.29081e-05	0.00430138	0.000213894	9.9E-01	0.0505193	8.2E-01
rs4858802	3	47641011	0.688054	T	C	0.684353	0.999724	0.106742	7.4E-01	-0.00169541	0.00425267	0.158938	6.9E-01	0.244956	6.2E-01
rs4688760	3	49980596	0.690403	C	T	0.311095	0.994668	4.93408	2.6E-02	0.0103661	0.00428679	5.84739	1.6E-02	5.11545	2.4E-02
rs12488237	3	56114861	0.741657	T	C	0.942917	1	1.67794	2.0E-01	0.0128184	0.00854239	2.25171	1.3E-01	1.32554	2.5E-01
rs12491542	3	61130247	0.807467	C	T	0.880318	0.985418	0.100206	7.5E-01	-0.00208205	0.00613468	0.115186	7.3E-01	0.0114296	9.1E-01
rs9968060	3	62471282	0.82953	C	T	0.356779	0.962185	0.176158	6.7E-01	-0.0024991	0.00421714	0.35118	5.5E-01	0.258535	6.1E-01
rs4688315	3	62688047	0.83655	C	T	0.214654	0.996323	1.8727	1.7E-01	-0.00531678	0.00482813	1.21266	2.7E-01	0.634212	4.3E-01
rs13319996	3	77562191	1.05932	A	T	0.29492	0.996833	5.84169	1.6E-02	-0.00897057	0.0043547	4.24349	3.9E-02	3.77801	5.2E-02
rs1512500	3	78419039	1.06507	G	T	0.890143	0.997052	2.18134	1.4E-01	0.0110784	0.00636651	3.02794	8.2E-02	3.12077	7.7E-02
rs9850466	3	82532568	1.08223	T	C	0.662972	0.999678	1.63266	2.0E-01	0.00422183	0.0041791	1.02055	3.1E-01	0.89013	3.5E-01
rs7649296	3	84931731	1.08805	G	A	0.677947	0.997066	0.836737	3.6E-01	-0.00277877	0.00423646	0.430229	5.1E-01	0.199794	6.5E-01
rs62261676	3	85698577	1.08973	A	G	0.787904	0.994918	5.99917	1.4E-02	-0.0120846	0.00485211	6.20304	1.3E-02	5.8759	1.5E-02
rs1996761	3	89962587	1.10367	C	T	0.763473	1	0.212178	6.5E-01	0.00174222	0.00465882	0.139848	7.1E-01	0.567088	4.5E-01
rs1946725	3	104605525	1.16628	T	C	0.696369	0.998159	2.36138	1.2E-01	0.005398	0.00429892	1.57669	2.1E-01	1.93749	1.6E-01
rs16850772	3	104736837	1.16712	T	G	0.313009	0.993369	0.0430141	8.4E-01	-0.000146897	0.00429993	0.00116709	9.7E-01	0.0255909	8.7E-01
rs36131051	3	107888841	1.20196	T	G	0.795306	0.978115	1.26361	2.6E-01	-0.00611574	0.00495862	1.52116	2.2E-01	1.81236	1.8E-01
rs114885158	3	114370599	1.259	G	A	0.919289	0.988206	9.76497	1.8E-03	-0.0237968	0.00732404	10.5569	1.2E-03	11.1334	8.5E-04
rs9289074	3	116858995	1.29335	C	T	0.755933	0.988931	0.317484	5.7E-01	0.00309689	0.00462157	0.449028	5.0E-01	0.802311	3.7E-01
rs11708733	3	128039895	1.41818	G	A	0.952759	0.983201	1.39048	2.4E-01	0.00820901	0.00942244	0.759023	3.8E-01	0.304149	5.8E-01
rs6785191	3	131453556	1.44252	T	C	0.708876	0.972837	0.866486	3.5E-01	0.00465909	0.00443174	1.10523	2.9E-01	1.71163	1.9E-01
rs35837273	3	135878634	1.49383	T	C	0.835202	0.99437	4.44849	3.5E-02	0.0112191	0.00535214	4.39403	3.6E-02	5.83303	1.6E-02
rs2312193	3	141188399	1.53815	T	C	0.613182	0.99475	0.0181342	8.9E-01	-0.000689474	0.00408322	0.0285122	8.7E-01	0.00581898	9.4E-01
rs1568488	3	153657951	1.68298	G	C	0.405648	0.984335	3.92461	4.8E-02	0.00716339	0.00406506	3.1053	7.8E-02	2.61008	1.1E-01
rs13322475	3	156319803	1.70952	T	G	0.847879	0.997837	0.815308	3.7E-01	-0.0045346	0.00552301	0.674104	4.1E-01	0.650381	4.2E-01
rs13100952	3	157800753	1.71783	T	C	0.634426	0.997074	0.0639778	8.0E-01	-0.000917183	0.00411625	0.0496488	8.2E-01	0.338297	5.6E-01
rs11921991	3	170499463	1.7977	C	T	0.888087	0.992745	0.0901068	7.6E-01	0.00261833	0.00629556	0.172974	6.8E-01	0.0244107	8.8E-01
rs12635553	3	171113714	1.80841	A	T	0.49773	0.998999	0.00834716	9.3E-01	0.000946657	0.00395223	0.0573722	8.1E-01	0.199742	6.5E-01
rs502414	3	180626951	1.95386	C	T	0.649412	0.993077	0.0758351	7.8E-01	0.00274107	0.00415775	0.434633	5.1E-01	0.513719	4.7E-01
rs4859234	3	182311332	1.96951	C	T	0.674163	0.98584	4.98636	2.6E-02	-0.00992809	0.0042491	5.45932	1.9E-02	5.35858	2.1E-02
rs1881973	3	184056101	1.99373	G	C	0.629738	0.976501	0.776304	3.8E-01	-0.00314187	0.00414996	0.573178	4.5E-01	0.535374	4.6E-01
rs78615983	3	185733707	2.02087	T	A	0.856711	0.989326	0.770207	3.8E-01	0.00541278	0.00568874	0.905334	3.4E-01	1.3524	2.4E-01
rs950257	3	194847650	2.23885	T	A	0.728068	0.997849	0.447427	5.0E-01	-0.0019864	0.00445405	0.198894	6.6E-01	0.0916581	7.6E-01
rs6764533	3	196088464	2.24962	G	A	0.642998	0.998204	1.51603	2.2E-01	0.00550195	0.00413455	1.77083	1.8E-01	1.85525	1.7E-01
rs12509447	4	2861090	0.0318387	G	A	0.810696	0.99398	8.38906	3.8E-03	0.0131913	0.00506766	6.77579	9.2E-03	7.68147	5.6E-03
rs6818414	4	16600664	0.317111	T	C	0.507505	0.992506	0.72487	3.9E-01	-0.00330975	0.00397389	0.693679	4.0E-01	0.227045	6.3E-01
rs2192528	4	18327896	0.339411	A	G	0.477375	0.997272	1.94262	1.6E-01	0.00672137	0.00396632	2.8717	9.0E-02	3.06215	8.0E-02
rs16876869	4	25118707	0.433802	C	T	0.863557	0.998491	4.65712	3.1E-02	0.0122043	0.00578384	4.4524	3.5E-02	5.17284	2.3E-02
rs2309830	4	28584523	0.489893	T	G	0.763499	0.995574	0.113207	7.4E-01	-0.0013406	0.00466621	0.0825407	7.7E-01	0.0557006	8.1E-01
rs4270551	4	30703243	0.511997	A	C	0.136232	0.990257	0.000718713	9.8E-01	-0.000843112	0.00579786	0.0211463	8.8E-01	0.295542	5.9E-01
rs6531639	4	38556399	0.601586	G	A	0.752878	0.952325	5.42644	2.0E-02	0.00951421	0.00469787	4.10152	4.3E-02	2.46953	1.2E-01
rs12498157	4	44430025	0.675923	T	A	0.253764	0.990835	0.547373	4.6E-01	-0.00246966	0.00456013	0.293306	5.9E-01	0.0302538	8.6E-01
rs74715904	4	45178081	0.679816	A	G	0.906264	0.977125	0.00881343	9.3E-01	-0.00149796	0.00686726	0.0475807	8.3E-01	0.149155	7.0E-01
rs1492767	4	55221467	0.710006	C	T	0.493554	0.999056	0.792777	3.7E-01	-0.00429363	0.00394983	1.18166	2.8E-01	1.91452	1.7E-01
rs2537860	4	55484718	0.714088	A	C	0.436237	0.974656	2.42404	1.2E-01	-0.00725791	0.00403621	3.23352	7.2E-02	3.38071	6.6E-02
rs6551871	4	65643064	0.818795	C	A	0.675782	0.992173	5.90014	1.5E-02	-0.00969349	0.00424908	5.20439	2.3E-02	6.63982	1.0E-02
rs6845883	4	67801500	0.836177	A	G	0.217603	0.990748	11.4381	7.2E-04	-0.0145045	0.00481281	9.0825	2.6E-03	7.91506	4.9E-03
rs10033843	4	77028783	0.90134	G	A	0.798807	0.999649	0.77573	3.8E-01	0.00593643	0.00493747	1.44557	2.3E-01	1.7184	1.9E-01
rs72649373	4	80609966	0.943324	T	C	0.85785	0.957198	1.84502	1.7E-01	0.00767206	0.00580055	1.74939	1.9E-01	1.71465	1.9E-01
rs1481012	4	89039082	1.03949	A	G	0.88825	0.994759	0.000998787	9.7E-01	-0.00240812	0.00629768	0.146216	7.0E-01	0.0372268	8.5E-01
rs10014552	4	94407841	1.08151	G	T	0.194146	0.979518	0.47893	4.9E-01	0.00339607	0.00504507	0.453126	5.0E-01	0.472501	4.9E-01
rs2865330	4	95004716	1.08844	A	G	0.536062	0.999052	1.03492	3.1E-01	-0.00343388	0.00397048	0.747968	3.9E-01	1.12219	2.9E-01
rs12513212	4	96149346	1.09853	A	C	0.594801	0.994888	0.687822	4.1E-01	0.00182232	0.00403737	0.203729	6.5E-01	0.105887	7.4E-01
rs2850360	4	102216212	1.14871	A	G	0.852635	0.988759	1.7157	1.9E-01	0.00742162	0.00561714	1.74569	1.9E-01	2.3611	1.2E-01
rs57957741	4	103164166	1.15814	G	A	0.473645	0.994208	3.88533	4.9E-02	-0.00876624	0.0039831	4.84378	2.8E-02	5.38149	2.0E-02
rs326872	4	112733434	1.24745	A	G	0.332672	0.993023	6.29523	1.2E-02	-0.00822478	0.00421844	3.8014	5.1E-02	3.05599	8.0E-02
rs10022185	4	120571765	1.314	C	G	0.70701	0.996192	0.597575	4.4E-01	0.00233334	0.00436974	0.285131	5.9E-01	1.19301	2.7E-01
rs6534743	4	130714768	1.39824	G	A	0.707156	0.986974	0.588876	4.4E-01	0.00365333	0.00437078	0.698649	4.0E-01	0.563152	4.5E-01
rs10018743	4	136972541	1.44304	G	A	0.63247	0.98831	0.848183	3.6E-01	-0.00411234	0.00413974	0.986805	3.2E-01	1.18304	2.8E-01
rs769676	4	140856533	1.49522	A	G	0.738463	0.984882	3.78932	5.2E-02	-0.00730702	0.00454902	2.58015	1.1E-01	3.1544	7.6E-02
rs7375701	4	145260561	1.53722	G	A	0.280275	0.993669	0.31604	5.7E-01	-0.00250468	0.00442401	0.320531	5.7E-01	0.443119	5.1E-01
rs750090	4	152931436	1.59021	T	C	0.644559	0.97605	0.982563	3.2E-01	0.00385674	0.00417141	0.854819	3.6E-01	0.601999	4.4E-01
rs10024755	4	161931670	1.69375	C	G	0.777113	0.993719	0.339448	5.6E-01	-0.00373197	0.00478467	0.608374	4.4E-01	0.222162	6.4E-01
rs148636479	4	164359678	1.72579	A	T	0.971622	0.876916	1.77877	1.8E-01	0.0130134	0.0126897	1.05167	3.1E-01	0.719339	4.0E-01
rs17630894	4	171532023	1.80674	T	G	0.862036	0.996667	15.6502	7.6E-05	-0.0241523	0.00575343	17.6223	2.7E-05	19.9287	8.0E-06
rs6822571	4	173552902	1.82334	A	G	0.47883	0.997719	2.49274	1.1E-01	0.00668317	0.00397221	2.83075	9.2E-02	2.55046	1.1E-01
rs16871902	5	3488462	0.0869448	G	A	0.512741	0.997953	3.40291	6.5E-02	0.00734074	0.00396716	3.4239	6.4E-02	3.70705	5.4E-02
rs12109333	5	27166660	0.425295	T	C	0.716328	0.997419	1.23581	2.7E-01	-0.00461358	0.00440171	1.09859	2.9E-01	1.51138	2.2E-01
rs6451674	5	43110754	0.62057	C	T	0.315548	0.990686	3.01853	8.2E-02	0.00778142	0.00427487	3.31339	6.9E-02	5.31853	2.1E-02
rs7704281	5	50591460	0.628051	G	A	0.959743	0.99038	0.00034406	9.9E-01	-0.000428124	0.010119	0.00179005	9.7E-01	0.0824208	7.7E-01
rs7734879	5	60711632	0.720162	C	A	0.63877	0.999176	4.9007	2.7E-02	0.00905438	0.00412131	4.82667	2.8E-02	7.13775	7.5E-03
rs237976	5	62600850	0.738104	C	T	0.438642	0.998534	0.586343	4.4E-01	-0.00212583	0.00398831	0.284105	5.9E-01	0.0948398	7.6E-01
rs1459192	5	63944519	0.744046	C	T	0.669709	0.994464	0.281638	6.0E-01	-0.002419	0.00421752	0.32897	5.7E-01	0.529965	4.7E-01
rs10940157	5	67516306	0.78664	G	A	0.798263	0.993724	22.6173	2.0E-06	-0.025063	0.00492865	25.859	3.7E-07	27.6714	1.4E-07
rs6889485	5	75129986	0.862025	G	A	0.565009	0.992761	5.97907	1.4E-02	-0.00918933	0.00401749	5.23189	2.2E-02	4.01456	4.5E-02
rs7725126	5	80730191	0.955869	C	T	0.65455	0.987889	6.5356	1.1E-02	-0.00998613	0.00417842	5.71176	1.7E-02	4.7665	2.9E-02
rs16876684	5	86563970	1.01135	T	G	0.987836	0.991014	4.40047	3.6E-02	0.0456856	0.0181093	6.3644	1.2E-02	6.37039	1.2E-02
rs6882046	5	87968864	1.01539	A	G	0.733018	0.978462	0.0648533	8.0E-01	0.000649583	0.00453084	0.0205548	8.9E-01	0.0594997	8.1E-01
rs142503704	5	92622421	1.04908	G	A	0.977168	0.959904	0.00442833	9.5E-01	0.00142816	0.01354	0.0111253	9.2E-01	0.0241211	8.8E-01
rs17383803	5	95393883	1.0716	T	C	0.907172	1	0.501332	4.8E-01	0.00189966	0.00680894	0.0778383	7.8E-01	0.057576	8.1E-01
rs1026534	5	95855091	1.0746	G	C	0.396969	0.999112	0.0276898	8.7E-01	-0.000874805	0.00404418	0.0467909	8.3E-01	0.0449932	8.3E-01
rs2545593	5	102054421	1.10814	A	T	0.568418	0.998323	0.0620088	8.0E-01	-0.000804022	0.00400186	0.0403657	8.4E-01	0.00391238	9.5E-01
rs4382152	5	106379106	1.13899	T	C	0.619397	1	0.0706399	7.9E-01	-0.00134981	0.00408274	0.109305	7.4E-01	0.1176	7.3E-01
rs1433057	5	107285076	1.15555	A	G	0.536635	0.987024	0.24541	6.2E-01	-0.00304523	0.0039883	0.582993	4.5E-01	0.581237	4.5E-01
rs6421825	5	107866060	1.15804	G	A	0.185771	0.999581	3.89106	4.9E-02	0.00999189	0.00507698	3.87333	4.9E-02	5.07178	2.4E-02
rs459552	5	112176756	1.19663	T	A	0.231534	1	2.84738	9.2E-02	-0.00929413	0.00469427	3.91995	4.8E-02	4.25579	3.9E-02
rs9327119	5	119309059	1.27778	C	G	0.4218	0.9872	6.26389	1.2E-02	-0.0100001	0.00403532	6.14117	1.3E-02	6.30012	1.2E-02
rs13156484	5	122653399	1.3097	G	A	0.528207	0.979173	2.64324	1.0E-01	-0.00549117	0.0040072	1.8778	1.7E-01	3.27571	7.0E-02
rs1422662	5	130440206	1.38534	A	G	0.785211	0.999034	0.653752	4.2E-01	-0.00315737	0.00482205	0.428733	5.1E-01	0.285709	5.9E-01
rs1369126	5	136532351	1.44779	G	C	0.531574	0.995632	0.542995	4.6E-01	-0.00329901	0.00396386	0.692676	4.1E-01	1.79152	1.8E-01
rs11242420	5	137624513	1.45252	C	T	0.808209	0.997884	4.43246	3.5E-02	-0.0131349	0.00503669	6.80088	9.1E-03	8.33878	3.9E-03
rs1895336	5	144465810	1.52134	A	G	0.597239	0.992794	0.139048	7.1E-01	-0.00101626	0.00405828	0.0627084	8.0E-01	0.00716733	9.3E-01
rs2579040	5	152515823	1.63419	T	A	0.27912	0.996176	0.223645	6.4E-01	-0.000996746	0.00442241	0.0507986	8.2E-01	0.10396	7.5E-01
rs17115481	5	153358226	1.64029	G	A	0.730277	0.993088	1.92166	1.7E-01	0.00789796	0.00447089	3.12063	7.7E-02	3.49568	6.2E-02
rs10515706	5	153578518	1.64141	C	T	0.572203	0.993087	2.19518	1.4E-01	-0.00481382	0.00401628	1.43659	2.3E-01	0.78955	3.7E-01
rs766120	5	164548126	1.74957	G	A	0.379101	0.999276	4.83506	2.8E-02	-0.00976114	0.00408555	5.70822	1.7E-02	6.19544	1.3E-02
rs2161214	5	170284624	1.86356	A	C	0.313895	0.997023	0.00477825	9.4E-01	0.0007095	0.00427272	0.0275737	8.7E-01	0.0570156	8.1E-01
rs1966265	5	176516631	2.00003	G	A	0.754745	1	0.326811	5.7E-01	-0.00321335	0.00459452	0.489141	4.8E-01	0.834099	3.6E-01
rs9463175	6	9510030	0.227745	C	T	0.661396	0.983753	1.02508	3.1E-01	-0.00378816	0.00421376	0.808196	3.7E-01	0.373635	5.4E-01
rs12210300	6	12078686	0.272534	A	G	0.684962	1	0.493314	4.8E-01	-0.00277135	0.0042537	0.424472	5.1E-01	0.672372	4.1E-01
rs62385532	6	13161394	0.290635	G	A	0.710645	0.991949	10.7592	1.0E-03	-0.0155469	0.00437351	12.6366	3.8E-04	13.944	1.9E-04
rs4134939	6	20481825	0.408952	T	C	0.316831	0.973957	0.674761	4.1E-01	-0.00364331	0.00430476	0.716301	4.0E-01	0.806468	3.7E-01
rs1185976	6	25822363	0.492387	C	T	0.706333	0.999554	0.461842	5.0E-01	0.00405771	0.00433394	0.876593	3.5E-01	2.17982	1.4E-01
rs1233587	6	28719755	0.498924	A	T	0.710277	0.999303	2.90545	8.8E-02	-0.00744851	0.00435243	2.9287	8.7E-02	2.95896	8.5E-02
rs3115667	6	31643399	0.515597	T	C	0.278811	1	1.55175	2.1E-01	0.00594371	0.00439649	1.82769	1.8E-01	1.55071	2.1E-01
rs11757081	6	33459420	0.531358	A	T	0.750981	0.997671	6.73511	9.5E-03	0.0136229	0.00456471	8.90662	2.8E-03	9.11595	2.5E-03
rs2499714	6	34072215	0.543389	C	T	0.908411	0.988109	0.0558168	8.1E-01	-0.0016854	0.00687805	0.0600446	8.1E-01	4.6071e-05	9.9E-01
rs11758326	6	34482498	0.547552	A	G	0.912598	0.986128	1.73619	1.9E-01	0.0085697	0.00705041	1.47741	2.2E-01	1.07445	3.0E-01
rs2395628	6	35473252	0.551863	C	T	0.698599	0.994251	0.0815426	7.8E-01	0.00132666	0.00430437	0.0949951	7.6E-01	0.246885	6.2E-01
rs1433723	6	40350399	0.614243	T	C	0.710236	0.996612	1.46663	2.3E-01	-0.00539927	0.00436594	1.52938	2.2E-01	1.19473	2.7E-01
rs11963572	6	46302448	0.722776	T	C	0.491919	0.993234	0.392051	5.3E-01	0.00256093	0.00396858	0.416415	5.2E-01	0.189779	6.6E-01
rs17664591	6	50183721	0.747534	G	T	0.956925	0.99128	0.00437552	9.5E-01	-0.00123217	0.00978461	0.0158583	9.0E-01	0.0976957	7.5E-01
rs280280	6	50569828	0.750317	C	T	0.165805	0.992937	3.48934	6.2E-02	-0.0107192	0.00533496	4.03705	4.5E-02	5.18846	2.3E-02
rs149750300	6	50717074	0.7506	A	G	0.984095	0.986819	0.596599	4.4E-01	0.0125255	0.0158862	0.621658	4.3E-01	0.96236	3.3E-01
rs9361779	6	64159064	0.812363	C	A	0.457314	0.997526	0.717999	4.0E-01	0.0048017	0.00398144	1.45449	2.3E-01	2.19687	1.4E-01
rs3883872	6	83322002	0.934204	C	T	0.538241	0.979395	0.289214	5.9E-01	0.000982516	0.00400487	0.0601868	8.1E-01	0.000702625	9.8E-01
rs9362662	6	90296588	0.987815	A	G	0.479556	0.991565	4.00979	4.5E-02	-0.00822507	0.00396115	4.31159	3.8E-02	3.68311	5.5E-02
rs1324110	6	93913200	1.03177	G	C	0.55584	0.990874	0.279143	6.0E-01	-0.000859074	0.00399487	0.046244	8.3E-01	0.0760298	7.8E-01
rs1206133	6	97543137	1.05873	C	T	0.24581	0.972297	4.87533	2.7E-02	-0.0105595	0.00464588	5.166	2.3E-02	6.46736	1.1E-02
rs9320747	6	98310291	1.06181	T	G	0.532837	0.993884	0.0704707	7.9E-01	-0.000207004	0.00397503	0.00271192	9.6E-01	0.018848	8.9E-01
rs156128	6	104836826	1.11693	G	A	0.245638	0.999684	6.14186	1.3E-02	0.0116525	0.00459716	6.42484	1.1E-02	5.1109	2.4E-02
rs1575676	6	108861264	1.17848	C	T	0.629055	0.997454	0.350096	5.5E-01	-0.00267655	0.00408899	0.428469	5.1E-01	0.607657	4.4E-01
rs9387640	6	119508871	1.25792	C	T	0.634761	1	0.0757053	7.8E-01	-0.00233327	0.00411547	0.321432	5.7E-01	0.5812	4.5E-01
rs2875762	6	124925032	1.30799	G	C	0.757629	0.990596	1.36465	2.4E-01	0.00672281	0.00463176	2.10673	1.5E-01	2.09394	1.5E-01
rs4895799	6	126052729	1.32459	C	T	0.415289	0.992315	0.0339951	8.5E-01	-0.00149697	0.00402521	0.138309	7.1E-01	0.407161	5.2E-01
rs6569648	6	130349119	1.35981	C	T	0.239855	1	13.7518	2.1E-04	0.0186241	0.00461089	16.3148	5.4E-05	15.3939	8.7E-05
rs2781659	6	131891820	1.37734	A	G	0.688059	1	0.141727	7.1E-01	-0.00190096	0.0042626	0.198882	6.6E-01	0.376806	5.4E-01
rs11754747	6	141494602	1.50941	C	T	0.744216	0.987686	0.808825	3.7E-01	0.00351256	0.00456305	0.592565	4.4E-01	0.243676	6.2E-01
rs12194419	6	143148142	1.51953	G	A	0.727002	0.984742	0.126725	7.2E-01	0.00327622	0.00446858	0.537534	4.6E-01	1.14239	2.9E-01
rs2256216	6	147471730	1.55898	A	G	0.462483	0.956666	1.32915	2.5E-01	0.00466224	0.00405292	1.32329	2.5E-01	0.898296	3.4E-01
rs7755574	6	153364643	1.66311	G	T	0.718556	0.997121	3.01839	8.2E-02	0.00779815	0.00440993	3.12694	7.7E-02	3.77465	5.2E-02
rs12207125	6	154301575	1.6763	A	G	0.781403	0.992451	0.0734964	7.9E-01	0.000325144	0.00479563	0.00459685	9.5E-01	0.0325763	8.6E-01
rs450265	6	160736359	1.77422	C	T	0.483528	0.999936	29.7717	4.9E-08	0.0240454	0.0039533	36.9951	1.2E-09	40.8787	1.6E-10
rs34540135	6	162934351	1.81802	A	G	0.873967	0.966582	1.09046	3.0E-01	-0.00616067	0.00606073	1.03325	3.1E-01	1.78549	1.8E-01
rs6950388	7	1270699	0.0137006	G	A	0.203901	1	8.08274	4.5E-03	0.013392	0.00491275	7.43091	6.4E-03	7.92703	4.9E-03
rs7807190	7	1851461	0.0275157	A	G	0.787679	0.988996	1.54245	2.1E-01	-0.00454825	0.00485669	0.877016	3.5E-01	0.694327	4.0E-01
rs4722398	7	3125220	0.0523222	C	T	0.865235	1	0.328501	5.7E-01	0.00537955	0.00579847	0.860726	3.5E-01	1.16158	2.8E-01
rs118182061	7	14655786	0.275253	T	A	0.975008	0.988845	1.89314	1.7E-01	0.0137014	0.0127781	1.14974	2.8E-01	1.69134	1.9E-01
rs10263780	7	19778086	0.347944	G	A	0.862505	0.994464	0.171523	6.8E-01	0.00331087	0.00577837	0.328301	5.7E-01	0.129912	7.2E-01
rs4722672	7	27231762	0.453385	C	T	0.178708	0.980102	0.110546	7.4E-01	-0.00117901	0.00521557	0.0511016	8.2E-01	0.00279886	9.6E-01
rs10241729	7	32289879	0.544096	A	G	0.780068	0.986162	7.11146	7.7E-03	0.0123646	0.00481535	6.59338	1.0E-02	6.1324	1.3E-02
rs1019083	7	39414081	0.63582	A	G	0.84633	0.989979	0.540248	4.6E-01	-0.00333278	0.00550687	0.366273	5.5E-01	0.94758	3.3E-01
rs710888	7	44777556	0.700884	A	G	0.422452	0.98989	0.0645094	8.0E-01	0.00164998	0.00402737	0.167848	6.8E-01	0.0401696	8.4E-01
rs2189833	7	49507651	0.755765	G	A	0.334039	0.996219	0.00805271	9.3E-01	-0.00174107	0.00420211	0.17167	6.8E-01	0.310626	5.8E-01
rs1466163	7	50607206	0.766828	A	G	0.11686	0.995864	0.0815535	7.8E-01	-0.00221213	0.0061825	0.128024	7.2E-01	0.0455934	8.3E-01
rs10259748	7	69281111	0.866623	T	G	0.679055	0.998943	0.791164	3.7E-01	0.004458	0.0042309	1.11023	2.9E-01	0.645353	4.2E-01
rs4718966	7	70040558	0.868636	C	T	0.585931	0.992694	0.00488562	9.4E-01	1.46627e-05	0.00403599	1.31985e-05	1.0E+00	0.0428585	8.4E-01
rs3973896	7	71428960	0.890229	C	G	0.828074	0.969349	0.00118598	9.7E-01	-0.000133754	0.00532359	0.000631257	9.8E-01	0.0214435	8.8E-01
rs28584911	7	74081407	0.91304	T	G	0.655577	0.99949	2.37275	1.2E-01	0.00514184	0.00416901	1.52115	2.2E-01	1.86201	1.7E-01
rs77497827	7	75038408	0.913217	A	G	0.535049	0.806181	7.37109	6.6E-03	0.0114386	0.00440641	6.73866	9.4E-03	7.86872	5.0E-03
rs10260232	7	78120735	0.952444	C	T	0.495546	0.987744	2.28977	1.3E-01	0.00521648	0.00398746	1.71144	1.9E-01	1.37664	2.4E-01
rs2158045	7	93082708	1.09422	C	T	0.524967	0.990979	0.496295	4.8E-01	-0.00294229	0.00398058	0.546361	4.6E-01	0.687721	4.1E-01
rs917154	7	99020806	1.15524	A	G	0.844107	0.995198	2.42936	1.2E-01	-0.00917676	0.00547071	2.81379	9.3E-02	2.55498	1.1E-01
rs17155888	7	103416295	1.18694	T	A	0.57496	0.98913	0.0999156	7.5E-01	-0.000881881	0.00401761	0.0481819	8.3E-01	0.0477976	8.3E-01
rs1608891	7	112795334	1.29284	G	A	0.679188	0.983328	0.0665491	8.0E-01	0.00147617	0.00427555	0.119204	7.3E-01	0.133029	7.2E-01
rs6944092	7	113483569	1.2996	A	G	0.629013	0.997581	3.11371	7.8E-02	0.00688152	0.00409938	2.81795	9.3E-02	2.35889	1.2E-01
rs936146	7	114294405	1.30462	G	C	0.52517	0.98912	5.31313e-05	9.9E-01	-0.000984433	0.00398244	0.0611047	8.0E-01	0.0150895	9.0E-01
rs896183	7	127831580	1.37625	G	A	0.578819	0.975804	0.855588	3.5E-01	-0.00443864	0.0040565	1.19728	2.7E-01	1.56222	2.1E-01
rs12154627	7	130422934	1.4017	T	C	0.50585	0.97487	31.0732	2.5E-08	-0.0228443	0.00400258	32.5742	1.1E-08	38.7181	4.9E-10
rs9640171	7	150600845	1.6794	G	A	0.719327	0.982269	1.46862	2.3E-01	-0.00728697	0.00445167	2.67947	1.0E-01	3.07828	7.9E-02
rs1658820	8	4288577	0.1172	G	T	0.755687	0.985142	0.0781641	7.8E-01	-0.000106359	0.00463179	0.000527294	9.8E-01	0.00836253	9.3E-01
rs2980478	8	8088230	0.237388	T	C	0.527115	0.963758	49.4049	2.1E-12	-0.0294615	0.00403684	53.263	2.9E-13	51.5671	6.9E-13
rs34803352	8	14042304	0.362732	T	C	0.655661	0.989136	4.96508	2.6E-02	0.0103341	0.00417928	6.11423	1.3E-02	6.6103	1.0E-02
rs4258002	8	15493417	0.380515	G	T	0.855263	0.998595	0.9836	3.2E-01	-0.00451443	0.00561064	0.647411	4.2E-01	0.450131	5.0E-01
rs1470687	8	20628793	0.485499	C	G	0.669974	0.991276	3.54415	6.0E-02	-0.00845756	0.00421576	4.02474	4.5E-02	3.49664	6.1E-02
rs13250995	8	23329985	0.54132	G	A	0.824719	0.988818	0.447403	5.0E-01	0.00213099	0.00522036	0.166633	6.8E-01	0.110131	7.4E-01
rs17411738	8	28060572	0.603281	T	G	0.543762	1	0.988911	3.2E-01	-0.00387588	0.00396105	0.957461	3.3E-01	0.801822	3.7E-01
rs17647894	8	30820168	0.644882	C	A	0.5703	0.997844	4.03268	4.5E-02	-0.0073057	0.00398848	3.35513	6.7E-02	3.70237	5.4E-02
rs4647906	8	38325411	0.694629	G	A	0.597349	0.997516	11.451	7.1E-04	0.0131385	0.00401873	10.6884	1.1E-03	11.8481	5.8E-04
rs10216609	8	62034284	0.850754	C	A	0.846841	0.996244	0.269062	6.0E-01	0.00354652	0.00549887	0.415965	5.2E-01	0.568626	4.5E-01
rs7822926	8	64701966	0.867188	A	C	0.529057	0.995395	7.49253	6.2E-03	-0.0108862	0.00397269	7.50905	6.1E-03	7.06058	7.9E-03
rs2017657	8	73426371	0.974058	G	T	0.426163	1	9.44929	2.1E-03	-0.0140007	0.00400348	12.23	4.7E-04	11.6255	6.5E-04
rs2170382	8	74689288	0.991459	C	T	0.885523	0.995074	7.72301	5.5E-03	0.0171745	0.00622653	7.6081	5.8E-03	7.18981	7.3E-03
rs1813039	8	76295984	1.00648	G	A	0.289677	0.988819	1.41926	2.3E-01	0.00470995	0.00437648	1.1582	2.8E-01	0.773233	3.8E-01
rs7833023	8	85053241	1.06276	C	A	0.274821	0.994182	0.423413	5.2E-01	0.00301629	0.00444772	0.459907	5.0E-01	0.688655	4.1E-01
rs4286925	8	93237876	1.10371	A	G	0.664213	0.999539	2.28796	1.3E-01	-0.00698418	0.00418171	2.78947	9.5E-02	2.69852	1.0E-01
rs113630732	8	95496030	1.1287	G	A	0.762487	0.987676	2.81106	9.4E-02	-0.00755529	0.004665	2.62301	1.1E-01	2.30419	1.3E-01
rs1383592	8	106430676	1.25808	G	A	0.797477	0.997356	3.96257	4.7E-02	0.00871611	0.00490248	3.16091	7.5E-02	4.05434	4.4E-02
rs231144	8	116416131	1.31481	T	C	0.197236	0.979876	2.69295	1.0E-01	0.00840143	0.00501877	2.80228	9.4E-02	3.67144	5.5E-02
rs72647336	8	126445055	1.45241	G	A	0.943088	0.85693	66.2457	4.0E-16	0.0743128	0.00920341	65.1974	6.8E-16	61.854	3.7E-15
rs2954018	8	126477153	1.45319	C	T	0.29933	0.998357	230.216	5.3E-52	-0.0679217	0.00431431	247.853	7.6E-56	261.1	9.9E-59
rs13266268	8	142611971	1.73096	C	T	0.612047	0.936385	3.60498	5.8E-02	0.00661286	0.00419247	2.48794	1.1E-01	2.32806	1.3E-01
rs4072917	8	143300279	1.7496	G	A	0.525555	0.990762	0.688219	4.1E-01	0.00307567	0.00396444	0.601888	4.4E-01	0.242658	6.2E-01
rs7037266	9	6942940	0.164689	C	A	0.638295	0.99833	0.633494	4.3E-01	0.00361001	0.00411875	0.768219	3.8E-01	0.861319	3.5E-01
rs1352522	9	11265159	0.255425	A	T	0.472109	0.994616	0.679964	4.1E-01	0.00250775	0.00398984	0.395054	5.3E-01	0.831743	3.6E-01
rs10810392	9	15529852	0.34171	G	A	0.70236	0.998296	0.881027	3.5E-01	-0.00431834	0.00433382	0.992871	3.2E-01	0.391878	5.3E-01
rs10962547	9	16712247	0.359896	T	A	0.827268	0.993311	0.290288	5.9E-01	0.00495884	0.00524156	0.895034	3.4E-01	1.12816	2.9E-01
rs10965693	9	23194860	0.454296	C	T	0.628014	0.995687	2.67002	1.0E-01	-0.00629204	0.0041066	2.34757	1.3E-01	1.12676	2.9E-01
rs1342097	9	27748698	0.533307	A	T	0.527835	0.986968	0.868706	3.5E-01	-0.00478537	0.00398789	1.43994	2.3E-01	2.19174	1.4E-01
rs2383827	9	29628356	0.55829	A	G	0.577794	0.982182	0.651334	4.2E-01	-0.00228175	0.00404455	0.318269	5.7E-01	0.291445	5.9E-01
rs10973183	9	37066231	0.624601	T	C	0.461642	0.99687	2.0963	1.5E-01	-0.00617635	0.00397289	2.41686	1.2E-01	1.91926	1.7E-01
rs7038966	9	73777777	0.840061	C	T	0.590126	0.987057	1.92457	1.7E-01	-0.00699349	0.00405708	2.9714	8.5E-02	3.03656	8.1E-02
rs10116186	9	80532374	0.931287	A	G	0.456662	0.990981	0.182138	6.7E-01	0.00127936	0.00398171	0.10324	7.5E-01	0.176441	6.7E-01
rs12342093	9	81341229	0.940469	G	T	0.587897	0.986826	0.619658	4.3E-01	-0.00348776	0.00405422	0.740082	3.9E-01	0.461644	5.0E-01
rs2777768	9	84186734	0.972648	A	G	0.731104	0.99467	0.215982	6.4E-01	-0.0030159	0.00448189	0.452805	5.0E-01	0.427488	5.1E-01
rs13283585	9	92011763	1.08794	G	A	0.776059	0.992567	20.9215	4.8E-06	0.0210456	0.0047604	19.5451	9.8E-06	16.8445	4.1E-05
rs10820852	9	94186973	1.11918	C	A	0.724507	0.995129	1.05417	3.0E-01	-0.00375851	0.00445259	0.712535	4.0E-01	0.923219	3.4E-01
rs11999013	9	96154352	1.13313	A	C	0.83665	0.993837	0.00756939	9.3E-01	0.00108899	0.00536637	0.0411799	8.4E-01	0.021877	8.8E-01
rs13298187	9	102086525	1.19449	G	C	0.557964	0.995745	2.12721	1.4E-01	-0.00757686	0.00399613	3.59501	5.8E-02	3.44737	6.3E-02
rs1484375	9	109067561	1.25942	A	G	0.222288	1	4.14138	4.2E-02	-0.00992236	0.00476329	4.33926	3.7E-02	4.60996	3.2E-02
rs2417998	9	111958746	1.3058	C	G	0.292548	0.991129	2.25043	1.3E-01	-0.00624304	0.00438434	2.02761	1.5E-01	2.41425	1.2E-01
rs28693508	9	120361418	1.43341	C	G	0.660764	0.99984	0.383049	5.4E-01	-0.0010615	0.00417052	0.0647828	8.0E-01	0.0390974	8.4E-01
rs7864914	9	122631415	1.46605	A	G	0.895914	0.994445	0.026677	8.7E-01	-0.00182497	0.00652071	0.0783284	7.8E-01	0.0634471	8.0E-01
rs10985963	9	126081738	1.50258	C	T	0.655668	1	0.472554	4.9E-01	-0.00167927	0.00416644	0.162446	6.9E-01	0.366775	5.4E-01
rs10986291	9	127016271	1.51402	A	T	0.663493	0.998445	0.247342	6.2E-01	-0.00176515	0.00419466	0.17708	6.7E-01	0.104198	7.5E-01
rs3003606	9	130982416	1.5501	C	T	0.447842	0.997618	1.14759	2.8E-01	0.00293787	0.00399698	0.540259	4.6E-01	0.230537	6.3E-01
rs2210625	10	10256274	0.226551	A	C	0.83048	0.994947	0.653143	4.2E-01	0.00298057	0.00528795	0.317704	5.7E-01	0.208779	6.5E-01
rs10904791	10	16722347	0.376643	A	C	0.330661	0.975889	3.38924	6.6E-02	0.00772791	0.00425847	3.2932	7.0E-02	3.56098	5.9E-02
rs12761995	10	21690509	0.466409	A	C	0.833819	0.987021	0.518031	4.7E-01	0.00386153	0.00534943	0.521078	4.7E-01	0.309155	5.8E-01
rs4097319	10	33860515	0.618889	T	G	0.565846	0.995031	0.679274	4.1E-01	-0.00388982	0.00400817	0.94182	3.3E-01	1.29156	2.6E-01
rs17231072	10	33951730	0.620984	A	C	0.842226	0.991796	7.07099	7.8E-03	0.0160811	0.00544504	8.72226	3.1E-03	7.08926	7.8E-03
rs10763587	10	52356264	0.733349	C	T	0.690787	0.970215	3.72432	5.4E-02	0.00787411	0.00434766	3.28014	7.0E-02	4.92776	2.6E-02
rs1937683	10	53679060	0.748396	C	T	0.334981	1	0.880851	3.5E-01	0.00337859	0.00420657	0.645079	4.2E-01	0.769616	3.8E-01
rs7070670	10	61842645	0.8423	C	T	0.672129	0.984388	6.1293	1.3E-02	-0.0100107	0.00423553	5.58621	1.8E-02	6.55246	1.0E-02
rs4746865	10	64834173	0.870392	G	A	0.599382	0.999286	42.385	7.5E-11	-0.025355	0.00404429	39.3046	3.6E-10	38.1657	6.5E-10
rs7090106	10	75720956	0.999154	A	T	0.787205	0.991026	2.19828	1.4E-01	0.00677608	0.00484505	1.95597	1.6E-01	2.05087	1.5E-01
rs7075347	10	76533307	1.00123	C	T	0.934809	1	0.0633337	8.0E-01	0.00055729	0.00801331	0.00483658	9.4E-01	0.216455	6.4E-01
rs12412597	10	87339257	1.13684	G	A	0.949687	0.989888	1.65053	2.0E-01	0.01109	0.00910131	1.48475	2.2E-01	0.962973	3.3E-01
rs10887571	10	88030441	1.14705	C	T	0.553302	0.979368	3.97439	4.6E-02	0.00621038	0.00401185	2.39634	1.2E-01	2.50902	1.1E-01
rs2450444	10	93010383	1.20287	G	A	0.650548	0.997815	2.64167	1.0E-01	-0.00682705	0.00414222	2.71643	9.9E-02	3.55566	5.9E-02
rs7077363	10	95286954	1.22087	A	G	0.839285	0.997921	30.182	3.9E-08	0.0303436	0.00538983	31.6944	1.8E-08	29.7571	4.9E-08
rs472818	10	99695057	1.26982	T	C	0.578411	0.981176	12.4778	4.1E-04	0.0134618	0.00403949	11.1059	8.6E-04	11.2577	7.9E-04
rs2296580	10	104241683	1.30539	G	T	0.700739	0.999674	1.84202	1.7E-01	0.00571421	0.00432845	1.7428	1.9E-01	3.4442	6.3E-02
rs192569	10	104577915	1.30605	T	C	0.420829	0.996118	0.368407	5.4E-01	0.00283783	0.00402315	0.497555	4.8E-01	0.474339	4.9E-01
rs7917983	10	114732882	1.3977	T	C	0.531909	1	0.0214511	8.8E-01	0.00155643	0.00396085	0.154413	6.9E-01	0.271988	6.0E-01
rs1637556	10	118568352	1.45195	G	A	0.562841	0.989119	4.86815	2.7E-02	-0.0103112	0.00400574	6.62605	1.0E-02	5.59355	1.8E-02
rs845094	10	125206933	1.57263	C	T	0.578488	0.99077	0.0212001	8.8E-01	0.000134711	0.00402334	0.00112108	9.7E-01	0.0878428	7.7E-01
rs7923382	10	126576503	1.61167	T	C	0.770308	1	0.0231395	8.8E-01	-5.37882e-05	0.00470603	0.000130636	9.9E-01	0.0206543	8.9E-01
rs2028395	10	126726558	1.61328	G	C	0.553102	0.997728	1.54421	2.1E-01	0.00459492	0.00398193	1.33159	2.5E-01	2.45781	1.2E-01
rs2252305	10	131114131	1.7313	A	G	0.34019	0.976818	0.571624	4.5E-01	-0.00178339	0.00422097	0.178513	6.7E-01	0.031899	8.6E-01
rs10902221	11	802379	0.0108629	T	C	0.487789	0.998916	0.845084	3.6E-01	0.00276367	0.00397193	0.484137	4.9E-01	0.291282	5.9E-01
rs7126629	11	2228952	0.0544298	C	A	0.181022	0.993387	6.149	1.3E-02	-0.0120587	0.00515474	5.47251	1.9E-02	6.24376	1.2E-02
rs7938031	11	8366148	0.188301	C	T	0.68318	0.996274	1.05819	3.0E-01	-0.00438806	0.0042642	1.05894	3.0E-01	0.467244	4.9E-01
rs4586148	11	8430938	0.18954	C	A	0.946845	0.99847	0.314058	5.8E-01	-0.00150535	0.00882992	0.0290643	8.6E-01	0.161712	6.9E-01
rs7484027	11	17368381	0.298183	T	A	0.5558	0.993279	0.0704403	7.9E-01	0.00167105	0.00399766	0.174731	6.8E-01	0.0450424	8.3E-01
rs35298551	11	27224030	0.462668	T	C	0.844471	1	5.99853	1.4E-02	-0.0134217	0.0054572	6.04892	1.4E-02	7.06021	7.9E-03
rs558887	11	28712741	0.468359	A	G	0.692542	0.992085	0.0664465	8.0E-01	0.00200521	0.00430691	0.216765	6.4E-01	0.859807	3.5E-01
rs67670125	11	30214914	0.478895	C	T	0.77199	0.995153	9.39429	2.2E-03	-0.0161646	0.00472046	11.7263	6.2E-04	12.4014	4.3E-04
rs982243	11	43529703	0.620806	A	G	0.508132	0.998514	0.187948	6.6E-01	0.000772191	0.00395684	0.0380848	8.5E-01	0.0447209	8.3E-01
rs2679055	11	43610813	0.622009	T	C	0.545816	0.999238	4.6454	3.1E-02	-0.0105025	0.00397837	6.96903	8.3E-03	7.12013	7.6E-03
rs10838201	11	43937089	0.623077	A	T	0.566417	0.994597	1.10312	2.9E-01	-0.00452751	0.00401027	1.27459	2.6E-01	1.39051	2.4E-01
rs6485613	11	45337440	0.656974	C	T	0.176517	0.997513	1.41568	2.3E-01	0.00568751	0.00518636	1.20259	2.7E-01	1.24805	2.6E-01
rs2071304	11	47372377	0.665184	G	C	0.680113	0.982508	6.07581	1.4E-02	0.0107571	0.00425814	6.38186	1.2E-02	7.55401	6.0E-03
rs11230796	11	61529267	0.703345	T	G	0.757822	0.978914	31.1624	2.4E-08	0.0260835	0.00466692	31.2373	2.3E-08	38.7044	4.9E-10
rs174565	11	61591636	0.70404	C	G	0.872229	0.998534	148.366	3.9E-34	0.0735779	0.00594161	153.351	3.2E-35	154.625	1.7E-35
rs7942337	11	76465272	0.842642	C	T	0.78322	0.971559	12.0291	5.2E-04	-0.0138563	0.00487582	8.07609	4.5E-03	9.958	1.6E-03
rs10898317	11	84613479	0.936326	C	T	0.485862	1	0.347398	5.6E-01	-0.00277431	0.00396518	0.489535	4.8E-01	0.181031	6.7E-01
rs61903695	11	89922417	0.975709	A	G	0.744306	0.999211	2.72916	9.9E-02	0.0075405	0.00453835	2.76061	9.7E-02	2.58591	1.1E-01
rs2513999	11	103019633	1.1154	A	G	0.152447	0.996865	4.67902	3.1E-02	0.011195	0.00550857	4.1302	4.2E-02	3.72199	5.4E-02
rs719802	11	113234679	1.20429	T	C	0.385921	1	2.71255	1.0E-01	-0.00611942	0.00405834	2.27365	1.3E-01	1.12073	2.9E-01
rs2507887	11	114961537	1.22996	T	C	0.521825	0.996335	0.0396784	8.4E-01	0.000115037	0.00396479	0.000841859	9.8E-01	0.0144504	9.0E-01
rs142174850	11	116715784	1.26141	G	A	0.940079	0.994858	3.06804	8.0E-02	-0.0122986	0.00837786	2.15501	1.4E-01	1.98865	1.6E-01
rs9332817	11	118365210	1.28887	G	C	0.973357	1	7.26146	7.0E-03	-0.0344098	0.0123057	7.81901	5.2E-03	5.2279	2.2E-02
rs10750446	11	130706918	1.51208	T	C	0.489006	0.998451	0.845343	3.6E-01	-0.00375396	0.00394891	0.903699	3.4E-01	0.344226	5.6E-01
rs1040103	11	131442151	1.53674	A	G	0.461781	0.994917	7.74423	5.4E-03	0.0116268	0.00397148	8.57066	3.4E-03	7.68925	5.6E-03
rs7941631	11	131930432	1.54756	G	C	0.691466	0.996305	0.277202	6.0E-01	-0.00161281	0.00428365	0.141755	7.1E-01	0.71055	4.0E-01
rs3088353	12	862641	0.0207663	T	G	0.540089	0.945945	0.403366	5.3E-01	0.00131458	0.00407869	0.10388	7.5E-01	0.325475	5.7E-01
rs12422552	12	14413931	0.308896	G	C	0.732829	0.993361	6.56273	1.0E-02	-0.0104385	0.00449685	5.38837	2.0E-02	5.90134	1.5E-02
rs10846451	12	17099885	0.336898	A	G	0.700154	0.983369	9.83825	1.7E-03	-0.0140932	0.00436691	10.4153	1.2E-03	10.7915	1.0E-03
rs6486935	12	19209501	0.354456	T	A	0.252354	0.994884	0.64363	4.2E-01	-0.00293867	0.00456509	0.414383	5.2E-01	0.54648	4.6E-01
rs16926776	12	24001905	0.419584	C	T	0.923178	1	0.0554759	8.1E-01	0.00379431	0.00743841	0.260199	6.1E-01	0.591374	4.4E-01
rs6488140	12	33370406	0.544222	G	A	0.878388	0.997569	0.0227123	8.8E-01	0.00188884	0.00605863	0.0971949	7.6E-01	0.170064	6.8E-01
rs76573653	12	49380073	0.624418	T	G	0.961609	1	0.559489	4.5E-01	0.00889523	0.010313	0.743954	3.9E-01	0.60743	4.4E-01
rs2720296	12	50169070	0.630128	G	A	0.609758	0.950295	0.422471	5.2E-01	-0.00173155	0.00415405	0.17375	6.8E-01	0.308201	5.8E-01
rs113397893	12	57611285	0.721064	A	G	0.9212	0.973344	3.24043	7.2E-02	-0.0121413	0.00742958	2.67057	1.0E-01	2.29749	1.3E-01
rs7979776	12	68205353	0.825207	G	T	0.177617	0.996558	2.59122	1.1E-01	-0.00859642	0.00519562	2.73755	9.8E-02	3.38329	6.6E-02
rs61754230	12	72179446	0.876527	C	T	0.980435	1	0.954737	3.3E-01	0.0143577	0.0142507	1.01507	3.1E-01	1.77646	1.8E-01
rs11115160	12	82424100	0.983055	G	A	0.761725	0.987625	8.27198	4.0E-03	-0.0130119	0.00467434	7.74893	5.4E-03	9.7396	1.8E-03
rs704067	12	89726027	1.03172	G	A	0.54643	0.989595	0.46482	5.0E-01	0.00410448	0.0039963	1.05487	3.0E-01	0.951824	3.3E-01
rs11105846	12	91257268	1.04236	G	T	0.632238	0.98376	0.211391	6.5E-01	0.0026751	0.00414604	0.416307	5.2E-01	1.02711	3.1E-01
rs1420341	12	97913785	1.14795	C	T	0.171739	0.989054	1.27647	2.6E-01	-0.00523721	0.00527279	0.986552	3.2E-01	0.52457	4.7E-01
rs10735363	12	99524896	1.16631	T	C	0.334204	1	2.03151	1.5E-01	-0.00712442	0.00419779	2.88044	9.0E-02	2.85261	9.1E-02
rs1895951	12	108268689	1.27225	T	C	0.779282	0.981758	3.03466	8.2E-02	-0.00937388	0.00482473	3.7748	5.2E-02	5.05587	2.5E-02
rs3825393	12	109883374	1.29241	T	C	0.362954	1	4.88992	2.7E-02	0.0098311	0.00410934	5.72347	1.7E-02	6.82138	9.0E-03
rs10850838	12	110278812	1.29736	C	T	0.686864	0.989427	1.08041	3.0E-01	0.00596949	0.00429992	1.92732	1.7E-01	1.26396	2.6E-01
rs11066188	12	112610714	1.303	G	A	0.591057	0.996937	5.65018	1.7E-02	0.0111702	0.0040367	7.65718	5.7E-03	8.58833	3.4E-03
rs144782841	12	121633581	1.45609	C	G	0.874501	0.99275	8.29434	4.0E-03	0.018745	0.00600223	9.75316	1.8E-03	9.01369	2.7E-03
rs181617194	12	122011598	1.46244	T	C	0.959381	0.835918	7.63046	5.7E-03	0.0318609	0.0109594	8.4516	3.6E-03	7.64114	5.7E-03
rs7953379	12	123030285	1.46756	A	G	0.647007	0.998006	6.54653	1.1E-02	-0.0108794	0.00414991	6.87273	8.8E-03	6.78753	9.2E-03
rs3897102	12	123492112	1.47105	C	T	0.587824	0.982525	1.41959	2.3E-01	0.00473738	0.00405896	1.36222	2.4E-01	1.70325	1.9E-01
rs7969633	12	133310887	1.74925	C	T	0.267076	0.9952	0.47949	4.9E-01	-0.00133232	0.00449263	0.0879461	7.7E-01	0.0874754	7.7E-01
rs9579775	13	20616557	0.0139469	A	C	0.863855	0.926233	1.91956	1.7E-01	-0.00918061	0.00600659	2.33608	1.3E-01	1.9062	1.7E-01
rs4238202	13	27902148	0.193689	A	G	0.258919	0.9902	1.7735	1.8E-01	-0.00551492	0.00454507	1.4723	2.2E-01	2.07346	1.5E-01
rs1885989	13	28010117	0.196447	G	A	0.819991	0.999055	3.00831	8.3E-02	0.00968856	0.00514716	3.5431	6.0E-02	3.86999	4.9E-02
rs12872889	13	28674628	0.213575	T	C	0.769448	0.972921	4.4028	3.6E-02	0.00903826	0.00476811	3.59316	5.8E-02	3.4416	6.4E-02
rs1928496	13	31012904	0.263323	C	T	0.256087	1	13.1623	2.9E-04	0.0175875	0.00453748	15.0237	1.1E-04	13.8752	2.0E-04
rs7993153	13	33378785	0.304672	A	T	0.527179	0.996937	3.47152	6.2E-02	-0.00736146	0.00396924	3.43964	6.4E-02	3.24739	7.2E-02
rs41284828	13	50963685	0.538953	G	A	0.969277	0.943856	3.93712	4.7E-02	-0.0212571	0.0117816	3.25539	7.1E-02	3.65044	5.6E-02
rs9536417	13	54018393	0.568081	G	A	0.819355	0.953229	3.49888	6.1E-02	-0.0102277	0.00526205	3.77789	5.2E-02	3.74819	5.3E-02
rs13378227	13	54793818	0.572267	C	T	0.448494	0.996048	1.30653	2.5E-01	-0.00382148	0.00398647	0.918934	3.4E-01	0.455709	5.0E-01
rs9563521	13	58254773	0.585028	A	C	0.870679	0.988428	1.63344	2.0E-01	-0.00825086	0.00593964	1.92965	1.6E-01	1.08268	3.0E-01
rs9538189	13	59333776	0.588946	C	G	0.833107	0.986627	2.46496	1.2E-01	0.00704374	0.00535556	1.7298	1.9E-01	1.75055	1.9E-01
rs308597	13	62670010	0.616457	T	C	0.413014	0.995107	3.04344	8.1E-02	-0.00747864	0.00402301	3.45576	6.3E-02	3.82975	5.0E-02
rs4421883	13	79561962	0.787183	T	C	0.494175	0.996287	6.40437	1.1E-02	0.00951064	0.00397361	5.7286	1.7E-02	5.47402	1.9E-02
rs9547363	13	86322442	0.835108	T	C	0.513712	0.967142	0.00864681	9.3E-01	-0.00252873	0.00402455	0.394794	5.3E-01	0.335834	5.6E-01
rs12585736	13	96845882	0.935798	G	A	0.693698	0.99638	1.00963	3.1E-01	-0.00612867	0.00430753	2.0243	1.5E-01	1.69745	1.9E-01
rs3783006	13	99111209	0.969059	G	C	0.550861	1	9.48824	2.1E-03	-0.0117093	0.00397388	8.68222	3.2E-03	10.4742	1.2E-03
rs9514131	13	104090848	1.04319	G	T	0.878435	1	0.000927016	9.8E-01	-0.000653936	0.00605683	0.0116568	9.1E-01	0.0908383	7.6E-01
rs9888533	13	107854612	1.13616	C	T	0.462035	0.966192	0.0217955	8.8E-01	-0.000127997	0.00403759	0.00100497	9.7E-01	0.0590802	8.1E-01
rs4773331	13	111843007	1.24012	G	A	0.603622	0.995832	0.322765	5.7E-01	-0.00132962	0.00404971	0.107797	7.4E-01	0.0579626	8.1E-01
rs9560110	13	112181233	1.24489	C	T	0.713945	0.999795	2.66471	1.0E-01	-0.00704534	0.00437141	2.59754	1.1E-01	3.69684	5.5E-02
rs1241305	14	25868959	0.160798	G	T	0.560624	0.995412	1.68983	1.9E-01	0.0043054	0.00399774	1.15984	2.8E-01	1.36533	2.4E-01
rs7494063	14	29549249	0.20712	A	C	0.807992	0.984291	0.786929	3.8E-01	-0.00358282	0.00506005	0.501349	4.8E-01	0.498099	4.8E-01
rs8020889	14	30077029	0.215217	T	C	0.408054	0.999425	5.57324	1.8E-02	-0.0100873	0.00403979	6.23493	1.3E-02	7.21911	7.2E-03
rs10148694	14	33273511	0.261796	C	T	0.646876	0.984296	1.74365	1.9E-01	-0.00462552	0.00417465	1.22767	2.7E-01	1.34948	2.5E-01
rs1956151	14	40101060	0.364141	A	G	0.823524	0.999433	0.232047	6.3E-01	0.00468651	0.00517511	0.82009	3.7E-01	1.40644	2.4E-01
rs12889085	14	42885336	0.38109	A	G	0.574098	0.993459	5.77141	1.6E-02	0.010376	0.00402446	6.64735	9.9E-03	7.47385	6.3E-03
rs8181993	14	46803314	0.406055	G	A	0.435542	0.992832	3.84943	5.0E-02	0.00790379	0.00401494	3.87537	4.9E-02	4.55305	3.3E-02
rs217667	14	62358847	0.565816	C	T	0.749883	0.994282	0.48528	4.9E-01	-0.00409032	0.00459469	0.792503	3.7E-01	0.609312	4.4E-01
rs8007097	14	62592332	0.568871	C	T	0.547989	0.988884	2.50292	1.1E-01	-0.00719467	0.00399628	3.24122	7.2E-02	1.30494	2.5E-01
rs2526919	14	73107771	0.666826	A	G	0.468807	0.994062	3.47743	6.2E-02	-0.0061047	0.0039724	2.36169	1.2E-01	2.39516	1.2E-01
rs6574100	14	73323682	0.670778	A	T	0.597593	0.994028	0.144729	7.0E-01	-0.00246046	0.00406402	0.366541	5.4E-01	0.228818	6.3E-01
rs11624311	14	79453542	0.744848	G	A	0.771541	0.993549	0.00291744	9.6E-01	-1.36688e-05	0.00473277	8.34124e-06	1.0E+00	0.0129694	9.1E-01
rs10144362	14	79974598	0.748284	G	A	0.611262	0.997089	0.78312	3.8E-01	-0.00285899	0.00407302	0.492711	4.8E-01	0.876882	3.5E-01
rs6574962	14	88341331	0.821353	G	T	0.252273	0.992916	1.71323	1.9E-01	-0.00539568	0.0045724	1.39253	2.4E-01	0.695601	4.0E-01
rs1152432	14	91373435	0.881772	T	A	0.280154	0.994872	2.10623	1.5E-01	-0.00631151	0.00440942	2.04882	1.5E-01	3.73656	5.3E-02
rs740791	14	93699003	0.916417	C	T	0.733984	0.968997	0.891176	3.5E-01	-0.0033055	0.00454631	0.528637	4.7E-01	0.743072	3.9E-01
rs2295659	14	101141544	1.07723	G	T	0.869818	0.990612	2.2432	1.3E-01	0.0107593	0.00591937	3.3038	6.9E-02	3.11691	7.7E-02
rs3742406	14	101537857	1.08996	A	G	0.630498	0.998313	2.11358	1.5E-01	-0.00600842	0.00410578	2.14155	1.4E-01	1.72047	1.9E-01
rs72708844	14	103834091	1.12399	C	G	0.759439	0.99572	0.00132422	9.7E-01	0.000161466	0.00464843	0.00120656	9.7E-01	9.0928e-05	9.9E-01
rs12594043	15	27034988	0.374858	G	C	0.478806	0.998824	1.18821	2.8E-01	0.00287974	0.00397244	0.525523	4.7E-01	1.33135	2.5E-01
rs4365252	15	31842371	0.454988	C	A	0.534885	0.990048	0.877991	3.5E-01	0.00431361	0.00399103	1.16818	2.8E-01	0.936091	3.3E-01
rs1435670	15	36390393	0.544421	A	T	0.499057	0.999048	0.0780513	7.8E-01	-0.000503899	0.00396757	0.0161301	9.0E-01	0.00012501	9.9E-01
rs10775122	15	41898711	0.63274	C	T	0.183298	0.995919	7.10375	7.7E-03	-0.0111014	0.00512878	4.68518	3.0E-02	5.07255	2.4E-02
rs765787	15	45500047	0.653911	A	G	0.820239	1	0.0159578	9.0E-01	0.00181408	0.0052205	0.120751	7.3E-01	0.134612	7.1E-01
rs10519044	15	46381874	0.6636	T	C	0.709811	0.994588	0.657239	4.2E-01	0.00403814	0.00437704	0.85114	3.6E-01	0.839709	3.6E-01
rs2622775	15	51999970	0.710456	C	T	0.586011	1	1.23934	2.7E-01	0.00579956	0.00402575	2.07538	1.5E-01	1.29114	2.6E-01
rs335497	15	53383101	0.722756	T	G	0.0736902	0.995552	2.17249	1.4E-01	0.00861975	0.00758876	1.29017	2.6E-01	2.29609	1.3E-01
rs2242066	15	58839337	0.793581	G	A	0.848078	0.997046	0.46474	5.0E-01	-0.00476766	0.00552473	0.744711	3.9E-01	0.313878	5.8E-01
rs8033510	15	61445514	0.841628	T	C	0.364718	0.994338	0.107983	7.4E-01	-0.002536	0.00413231	0.376629	5.4E-01	0.862382	3.5E-01
rs3087660	15	66797492	0.89698	G	A	0.395797	0.999328	0.431925	5.1E-01	-0.0030676	0.0040434	0.575576	4.5E-01	0.407552	5.2E-01
rs11635495	15	67804682	0.914253	T	C	0.487932	0.997662	0.962268	3.3E-01	0.00308778	0.00396744	0.605719	4.4E-01	0.957848	3.3E-01
rs2415130	15	72242554	0.983024	G	A	0.765191	0.998693	4.76553	2.9E-02	-0.0105827	0.00467723	5.11937	2.4E-02	6.61799	1.0E-02
rs478438	15	73630686	0.990231	G	A	0.909358	0.98938	2.95199	8.6E-02	-0.0155234	0.00695164	4.98655	2.6E-02	4.0986	4.3E-02
rs35364449	15	74278126	0.995964	C	T	0.890533	0.989263	0.662696	4.2E-01	0.00125494	0.0063863	0.0386142	8.4E-01	0.0333853	8.6E-01
rs62007782	15	78029797	1.01266	G	A	0.734022	0.996291	5.8098	1.6E-02	-0.00912816	0.00447885	4.15368	4.2E-02	3.94037	4.7E-02
rs1531895	15	80992165	1.05797	G	A	0.532916	0.995023	0.0145737	9.0E-01	0.000300596	0.00397706	0.00571269	9.4E-01	0.00517519	9.4E-01
rs66615128	15	92561941	1.21822	G	C	0.785237	0.999315	5.35174	2.1E-02	-0.0122601	0.00481978	6.47045	1.1E-02	6.97825	8.3E-03
rs6496036	15	95249902	1.31575	A	C	0.565021	0.985876	2.53842	1.1E-01	-0.0065262	0.00402299	2.63162	1.0E-01	2.72457	9.9E-02
rs7166757	15	98259616	1.39637	A	G	0.612081	0.979588	3.0718	8.0E-02	-0.0086592	0.00410364	4.45263	3.5E-02	4.49277	3.4E-02
rs57221746	15	99230035	1.42335	G	A	0.774928	0.998898	11.349	7.5E-04	-0.0181227	0.00475913	14.5008	1.4E-04	14.0591	1.8E-04
rs432925	16	334580	0.00365345	G	C	0.715696	0.978663	2.9054	8.8E-02	-0.00732552	0.0044422	2.71945	9.9E-02	2.40474	1.2E-01
rs3211995	16	2089006	0.0428409	G	A	0.840439	0.989857	1.34346	2.5E-01	-0.0046329	0.00545258	0.721941	4.0E-01	1.08433	3.0E-01
rs2285813	16	3566102	0.0672749	C	A	0.71444	0.994926	0.424212	5.1E-01	0.00490415	0.00440284	1.24069	2.7E-01	0.703043	4.0E-01
rs2531993	16	4014245	0.0722296	A	G	0.155356	0.997332	0.00730288	9.3E-01	0.000271203	0.00547298	0.00245551	9.6E-01	0.317817	5.7E-01
rs12927792	16	9713194	0.229734	C	T	0.573706	0.986089	1.17599	2.8E-01	0.00329641	0.00404051	0.665596	4.1E-01	0.668087	4.1E-01
rs739639	16	19527777	0.388214	C	T	0.359277	0.997014	1.39381	2.4E-01	-0.00558242	0.00412995	1.82707	1.8E-01	1.76427	1.8E-01
rs227762	16	19859406	0.390054	G	A	0.521259	0.978383	0.106249	7.4E-01	0.00362519	0.00400824	0.817999	3.7E-01	0.515666	4.7E-01
rs11074444	16	20241686	0.397902	T	C	0.206912	0.996432	1.66206	2.0E-01	0.00433841	0.00489458	0.785652	3.8E-01	1.09791	2.9E-01
rs9929613	16	24599316	0.461035	A	G	0.261396	0.954325	0.823024	3.6E-01	-0.00260566	0.00460788	0.319768	5.7E-01	0.196401	6.6E-01
rs865719	16	28379443	0.542171	A	G	0.586842	0.968132	1.43575	2.3E-01	0.0042211	0.00408065	1.07002	3.0E-01	1.53635	2.2E-01
rs28517865	16	29914142	0.552217	C	T	0.433691	0.992308	5.5153	1.9E-02	0.0072712	0.00402182	3.26864	7.1E-02	3.16831	7.5E-02
rs9319587	16	30833246	0.554994	C	T	0.60914	0.997546	1.96567	1.6E-01	-0.00593939	0.00405858	2.14159	1.4E-01	2.80921	9.4E-02
rs6500208	16	49011249	0.571189	G	A	0.793086	0.993709	0.493914	4.8E-01	-0.00481959	0.00489846	0.968058	3.3E-01	0.577731	4.5E-01
rs111617945	16	53557517	0.64416	T	C	0.895528	0.985634	0.0762261	7.8E-01	-0.000550613	0.00653266	0.00710417	9.3E-01	0.0113158	9.2E-01
rs8048396	16	53770749	0.644865	C	A	0.489928	0.995604	0.00614683	9.4E-01	-0.00142828	0.00397856	0.128877	7.2E-01	0.0220543	8.8E-01
rs12596054	16	53834684	0.646096	A	C	0.853705	0.996549	0.400077	5.3E-01	0.00568278	0.00559376	1.03208	3.1E-01	1.07922	3.0E-01
rs11649379	16	56493573	0.721474	C	T	0.827289	0.998629	2.68321	1.0E-01	0.00922163	0.00523961	3.09755	7.8E-02	3.30019	6.9E-02
rs72786781	16	56970210	0.729232	T	A	0.972069	0.870786	20.0141	7.7E-06	-0.0561508	0.0129049	18.9323	1.4E-05	19.2791	1.1E-05
rs8056893	16	68304392	0.850738	C	A	0.26701	0.992269	0.906781	3.4E-01	-0.0057079	0.00449396	1.61322	2.0E-01	1.17431	2.8E-01
rs113093305	16	69424312	0.855386	C	T	0.965603	0.988361	0.381906	5.4E-01	-0.00937135	0.0109563	0.731607	3.9E-01	0.587775	4.4E-01
rs244416	16	69665208	0.858568	T	C	0.151061	0.993922	8.30531	4.0E-03	-0.0145541	0.00555824	6.85643	8.8E-03	7.31853	6.8E-03
rs8059061	16	76699487	0.935641	A	C	0.820057	0.993717	2.30453	1.3E-01	0.00983023	0.0051715	3.61322	5.7E-02	4.214	4.0E-02
rs4888162	16	81687645	1.05261	C	T	0.517471	1	0.0391253	8.4E-01	-0.000639195	0.00395822	0.0260775	8.7E-01	0.0201613	8.9E-01
rs12922346	16	82438337	1.07453	G	C	0.731318	0.983645	0.210494	6.5E-01	-0.00361601	0.00451078	0.642622	4.2E-01	0.321619	5.7E-01
rs77081114	17	1816762	0.0641667	G	A	0.834564	1	1.74504	1.9E-01	-0.00850376	0.00533186	2.54369	1.1E-01	2.92793	8.7E-02
rs9914578	17	2005136	0.0688706	C	G	0.798239	0.995727	0.134634	7.1E-01	-0.00223531	0.00493603	0.205078	6.5E-01	0.380845	5.4E-01
rs2779207	17	15870401	0.425124	T	A	0.431236	0.973217	0.31663	5.7E-01	-0.00174597	0.00404881	0.18596	6.7E-01	0.13921	7.1E-01
rs4985996	17	21155684	0.471012	C	T	0.650988	0.996698	6.58396	1.0E-02	-0.011696	0.00416239	7.89564	5.0E-03	6.93912	8.4E-03
rs11080090	17	27502029	0.494582	G	A	0.157423	0.985283	0.277684	6.0E-01	0.00445959	0.00549133	0.659529	4.2E-01	0.378916	5.4E-01
rs4794859	17	27962393	0.496881	T	G	0.529334	0.996548	1.78137	1.8E-01	0.00534581	0.00397127	1.81205	1.8E-01	2.18033	1.4E-01
rs17836689	17	31448234	0.526044	G	A	0.759277	0.987977	0.0883919	7.7E-01	0.00113263	0.00464822	0.0593752	8.1E-01	0.106498	7.4E-01
rs4794977	17	32247585	0.548126	C	G	0.577787	0.980309	0.191216	6.6E-01	-0.00122403	0.00405813	0.090978	7.6E-01	0.0821406	7.7E-01
rs242556	17	44002250	0.689918	A	T	0.233994	0.95327	0.394198	5.3E-01	0.00249809	0.00479146	0.271819	6.0E-01	0.00483723	9.4E-01
rs2905855	17	46081915	0.703376	G	A	0.562305	0.989999	4.94366	2.6E-02	-0.00753698	0.00400572	3.54026	6.0E-02	2.47812	1.2E-01
rs11657868	17	46942681	0.706999	G	A	0.718196	0.996518	5.52317	1.9E-02	-0.00966995	0.00440725	4.81408	2.8E-02	4.20567	4.0E-02
rs8067262	17	56048720	0.848038	T	G	0.911457	0.997899	3.95441	4.7E-02	0.0160896	0.00697291	5.3243	2.1E-02	6.45253	1.1E-02
rs11655589	17	61608163	0.886764	A	G	0.666344	0.975736	6.18979	1.3E-02	-0.00909555	0.00424664	4.5874	3.2E-02	4.36042	3.7E-02
rs8079078	17	65821166	0.947735	C	A	0.303724	0.990268	16.5885	4.6E-05	-0.0175584	0.00433289	16.4216	5.1E-05	16.0476	6.2E-05
rs936393	17	73847613	1.10376	A	G	0.812219	0.99328	5.91027	1.5E-02	-0.0096997	0.0051018	3.61468	5.7E-02	3.62003	5.7E-02
rs12943620	17	78444658	1.24901	T	G	0.227281	0.993887	5.10907	2.4E-02	0.0109058	0.00473662	5.30129	2.1E-02	5.90004	1.5E-02
rs11658698	17	78518327	1.2499	C	T	0.72961	0.995739	0.435769	5.1E-01	0.00282465	0.0044598	0.401144	5.3E-01	0.691457	4.1E-01
rs12051698	17	79046374	1.26006	C	G	0.647102	0.980656	0.656564	4.2E-01	0.00310575	0.00418398	0.551004	4.6E-01	0.611464	4.3E-01
rs8089699	18	1813412	0.0476566	G	A	0.882906	0.939184	0.0208514	8.9E-01	0.00065818	0.00633896	0.0107808	9.2E-01	0.285101	5.9E-01
rs508481	18	7542241	0.240303	A	G	0.868636	0.989942	3.24851	7.1E-02	-0.00845864	0.0058955	2.05854	1.5E-01	1.94524	1.6E-01
rs9948870	18	20967065	0.431819	G	A	0.605062	0.993522	1.35188	2.4E-01	-0.00756043	0.00407557	3.44126	6.4E-02	4.79007	2.9E-02
rs1349351	18	22191762	0.447116	G	A	0.5985	0.999082	1.57829	2.1E-01	-0.00498091	0.00404804	1.51401	2.2E-01	1.3006	2.5E-01
rs7228141	18	31214950	0.540827	G	C	0.463505	0.995475	21.5251	3.5E-06	0.0173393	0.00397633	19.015	1.3E-05	17.6398	2.7E-05
rs9957032	18	39467208	0.603798	T	C	0.818223	1	0.421757	5.2E-01	0.00289965	0.00513553	0.318801	5.7E-01	0.192675	6.6E-01
rs4561553	18	40687764	0.611644	T	G	0.407513	0.997769	12.4447	4.2E-04	0.013545	0.00404243	11.2272	8.1E-04	11.8403	5.8E-04
rs8096662	18	42533130	0.62282	A	G	0.145554	0.98702	3.85229	5.0E-02	-0.00951209	0.00565932	2.82504	9.3E-02	2.90573	8.8E-02
rs9964756	18	50441817	0.72912	T	G	0.107895	0.997466	4.57757	3.2E-02	0.0142008	0.00639129	4.93683	2.6E-02	3.22162	7.3E-02
rs28687557	18	52547057	0.739845	G	A	0.227453	0.993369	2.94344	8.6E-02	-0.00794143	0.00474335	2.80302	9.4E-02	3.74224	5.3E-02
rs7243357	18	56883319	0.801149	T	G	0.822165	0.991788	2.74752	9.7E-02	-0.00599492	0.00521244	1.32277	2.5E-01	1.28888	2.6E-01
rs681630	18	57827605	0.821594	A	G	0.565363	0.998337	2.11499	1.5E-01	0.00724493	0.00401106	3.26249	7.1E-02	3.77719	5.2E-02
rs8097783	18	58051294	0.823036	G	A	0.926154	1	0.00846218	9.3E-01	-0.000512564	0.00758727	0.00456379	9.5E-01	0.0857597	7.7E-01
rs74625348	18	60846430	0.867759	G	C	0.770962	0.97218	11.0883	8.7E-04	-0.0143488	0.00476886	9.05317	2.6E-03	10.0743	1.5E-03
rs10460125	18	63415573	0.904306	C	T	0.725399	0.998331	0.741158	3.9E-01	-0.00470672	0.00444281	1.12233	2.9E-01	1.70617	1.9E-01
rs11663797	18	73497644	1.0888	G	A	0.273814	0.989477	0.973152	3.2E-01	0.0040305	0.00446836	0.813622	3.7E-01	1.05761	3.0E-01
rs12151205	19	1808569	0.0682048	T	A	0.449087	0.963075	1.1924	2.7E-01	0.00423708	0.00404484	1.09732	2.9E-01	1.27331	2.6E-01
rs10419634	19	1936672	0.069832	T	C	0.289767	0.973622	5.22111	2.2E-02	0.00925476	0.00441834	4.38746	3.6E-02	3.72269	5.4E-02
rs79712071	19	2221892	0.075478	C	A	0.953635	0.968688	0.205805	6.5E-01	-0.00520293	0.00953755	0.297592	5.9E-01	0.108523	7.4E-01
rs62131468	19	3984788	0.142379	C	G	0.813006	0.97174	6.15041	1.3E-02	-0.0134899	0.00513608	6.89852	8.6E-03	7.02048	8.1E-03
rs3929396	19	18197093	0.447598	G	A	0.594992	0.983365	0.33566	5.6E-01	-0.00139892	0.00405691	0.118903	7.3E-01	0.0057256	9.4E-01
rs113230003	19	18460956	0.450365	G	A	0.738161	0.981969	0.121578	7.3E-01	-0.00143586	0.00452861	0.10053	7.5E-01	0.635204	4.3E-01
rs2003476	19	18806668	0.454309	T	C	0.593805	0.986683	9.96656	1.6E-03	-0.0138777	0.00404873	11.7489	6.1E-04	9.32767	2.3E-03
rs8104983	19	19859845	0.463476	A	G	0.840942	0.982533	6.11924	1.3E-02	-0.0135243	0.00543911	6.1826	1.3E-02	7.42294	6.4E-03
rs7247004	19	30240852	0.512599	A	G	0.68793	0.994107	6.46437	1.1E-02	0.0113375	0.00427486	7.03383	8.0E-03	8.18353	4.2E-03
rs740671	19	30664619	0.518411	C	A	0.755917	0.990945	0.000891211	9.8E-01	0.00132566	0.00460601	0.0828351	7.7E-01	0.0252174	8.7E-01
rs7247158	19	31021597	0.524584	A	G	0.758301	0.996608	1.32489	2.5E-01	0.00396875	0.00462332	0.736882	3.9E-01	0.689757	4.1E-01
rs461998	19	34319233	0.572882	T	C	0.328678	0.997354	0.947741	3.3E-01	-0.00325297	0.00420915	0.597273	4.4E-01	0.831321	3.6E-01
rs62115552	19	44610355	0.688364	A	G	0.959945	1	42.0688	8.8E-11	0.0631233	0.0102823	37.6873	8.3E-10	40.8677	1.6E-10
rs73048351	19	45160086	0.697689	C	A	0.989801	0.91554	86.2841	1.6E-20	0.192992	0.0205787	87.952	6.7E-21	92.0132	8.6E-22
rs11881756	19	45220896	0.699851	T	C	0.886255	1	114.827	8.6E-27	0.066411	0.0062165	114.127	1.2E-26	122.963	1.4E-28
rs28399637	19	45324138	0.704609	G	A	0.684145	1	136.274	1.7E-31	-0.0510044	0.0042504	143.997	3.6E-33	147.509	6.1E-34
rs8106813	19	45431658	0.70783	A	G	0.504947	0.868977	285.621	4.5E-64	0.0742464	0.00424211	306.328	1.4E-68	310.903	1.4E-69
rs1884389	20	1410582	0.0620248	C	T	0.561411	0.990862	2.72907	9.9E-02	-0.00710593	0.00400566	3.14698	7.6E-02	3.03575	8.1E-02
rs4813619	20	2815715	0.104851	G	T	0.491114	0.983542	2.35172	1.3E-01	-0.00673845	0.00400383	2.83249	9.2E-02	2.83504	9.2E-02
rs1884899	20	6572870	0.214153	A	G	0.226227	0.983564	0.701956	4.0E-01	-0.00373631	0.004767	0.614319	4.3E-01	0.719082	4.0E-01
rs16996637	20	15809996	0.385502	C	T	0.870003	0.979105	0.00947755	9.2E-01	-0.000243201	0.00593607	0.00167854	9.7E-01	0.039498	8.4E-01
rs852033	20	17085493	0.411169	A	C	0.247637	0.996482	0.00613595	9.4E-01	-0.000402495	0.00459371	0.00767702	9.3E-01	0.00644935	9.4E-01
rs1409818	20	21381121	0.481069	C	T	0.898663	0.994593	0.00975739	9.2E-01	0.00100432	0.00658116	0.0232883	8.8E-01	0.00590369	9.4E-01
rs66817095	20	25038484	0.515275	G	T	0.829542	1	3.78673	5.2E-02	0.0102177	0.00528842	3.73297	5.3E-02	3.88669	4.9E-02
rs6120440	20	32517585	0.53634	G	A	0.354038	0.991596	1.4224	2.3E-01	0.00573734	0.00416368	1.89875	1.7E-01	3.24176	7.2E-02
rs16989232	20	39291784	0.591389	G	A	0.601237	0.975601	2.68316	1.0E-01	-0.0065469	0.00409359	2.55777	1.1E-01	3.89972	4.8E-02
rs6065904	20	44534651	0.671175	G	A	0.785224	1	70.6109	4.4E-17	0.0418119	0.00482375	75.1332	4.4E-18	82.9906	8.2E-20
rs1033715	20	50861193	0.791131	G	A	0.607164	0.99768	0.384653	5.4E-01	-0.00280306	0.00405992	0.476685	4.9E-01	0.629852	4.3E-01
rs559390	20	54157546	0.855467	A	T	0.658111	0.996213	0.0732035	7.9E-01	0.00251378	0.00417984	0.361688	5.5E-01	0.508575	4.8E-01
rs6010789	20	61561153	1.07298	G	A	0.498553	1	7.65523	5.7E-03	-0.00951682	0.00395699	5.78434	1.6E-02	5.34454	2.1E-02
rs2832283	21	30690558	0.291215	G	A	0.785768	0.992402	3.27042	7.1E-02	0.00787954	0.00485896	2.62975	1.0E-01	2.96114	8.5E-02
rs2298330	21	38852728	0.419836	G	A	0.884475	0.986182	0.00481849	9.4E-01	-7.61937e-05	0.00623974	0.000149109	9.9E-01	0.0180824	8.9E-01
rs1209950	21	40173528	0.44514	C	T	0.59796	1	5.14411	2.3E-02	0.0105683	0.0040358	6.85729	8.8E-03	9.23147	2.4E-03
rs62222988	21	40569508	0.455465	T	C	0.626123	0.995886	15.4364	8.5E-05	0.0158503	0.00410447	14.9129	1.1E-04	18.5779	1.6E-05
rs2410204	21	41416838	0.475718	A	G	0.585399	0.993302	0.491878	4.8E-01	0.00330889	0.00402694	0.675169	4.1E-01	0.288269	5.9E-01
rs111320751	21	46630890	0.622427	A	T	0.95568	0.926829	0.317203	5.7E-01	-0.00676408	0.0100124	0.456391	5.0E-01	0.352952	5.5E-01
rs11704728	22	18130209	0.0626254	C	T	0.803471	0.990379	1.14339	2.8E-01	0.00412173	0.00499302	0.681448	4.1E-01	0.423607	5.2E-01
rs5750508	22	38303155	0.469229	C	T	0.676364	0.994441	0.00241434	9.6E-01	-0.00132982	0.00425629	0.0976161	7.5E-01	0.0702363	7.9E-01
rs8136269	22	40532444	0.498055	G	C	0.798232	0.992615	8.04603	4.6E-03	-0.0137075	0.00495977	7.63828	5.7E-03	7.55687	6.0E-03
rs1953	22	41641984	0.50042	C	T	0.729724	0.993321	0.17175	6.8E-01	-0.00179734	0.00446518	0.162025	6.9E-01	0.364733	5.5E-01
rs13056230	22	48874310	0.664361	C	T	0.572042	1	1.03142	3.1E-01	0.00533363	0.00399632	1.78125	1.8E-01	2.81127	9.4E-02
