SNP	CHR	BP	GENPOS	ALLELE1	ALLELE0	A1FREQ	INFO	CHISQ_LINREG	P_LINREG	BETA	SE	CHISQ_BOLT_LMM_INF	P_BOLT_LMM_INF	CHISQ_BOLT_LMM	P_BOLT_LMM
rs28788874	1	1520725	0.0141684	C	T	0.585299	0.768295	0.0663785	8.0E-01	-0.000748735	0.00453049	0.0273128	8.7E-01	0.0400442	8.4E-01
rs10907187	1	1759054	0.0168675	G	A	0.730409	0.998294	4.25343	3.9E-02	0.00918837	0.00442828	4.30532	3.8E-02	5.09428	2.4E-02
rs3001347	1	2426766	0.0346085	A	G	0.480235	0.993243	0.192246	6.6E-01	-0.00240908	0.00393101	0.375572	5.4E-01	0.51018	4.8E-01
rs10779795	1	6677064	0.153978	A	G	0.662103	0.998314	2.05659	1.5E-01	0.00529993	0.00416002	1.62312	2.0E-01	0.741959	3.9E-01
rs12136082	1	11102275	0.225397	A	G	0.192828	0.997704	5.00148	2.5E-02	-0.0114049	0.00497888	5.24708	2.2E-02	5.13459	2.3E-02
rs3766160	1	15808872	0.325192	G	A	0.744147	1	2.57558	1.1E-01	-0.00816297	0.00448685	3.30988	6.9E-02	3.35388	6.7E-02
rs12041062	1	19916886	0.402244	G	C	0.764485	0.997633	0.0613642	8.0E-01	-0.00108429	0.00463243	0.0547863	8.1E-01	0.0595934	8.1E-01
rs309517	1	23251592	0.460465	T	A	0.327298	0.967482	0.916706	3.4E-01	0.00435659	0.00424995	1.05081	3.1E-01	0.64065	4.2E-01
rs12564655	1	33254768	0.567573	T	C	0.831445	0.999657	2.03945	1.5E-01	0.00740249	0.00523981	1.99584	1.6E-01	3.81948	5.1E-02
rs13374459	1	39571211	0.669657	T	C	0.588291	0.9945	25.3562	4.8E-07	-0.0193821	0.00400703	23.3968	1.3E-06	20.0055	7.7E-06
rs61743745	1	40036944	0.670228	G	A	0.970171	0.986128	0.484152	4.9E-01	-0.00440084	0.0115928	0.144109	7.0E-01	0.180373	6.7E-01
rs41269113	1	46032543	0.727328	G	A	0.964407	0.991408	0.599204	4.4E-01	0.0118985	0.010639	1.25079	2.6E-01	0.676179	4.1E-01
rs4134058	1	47670911	0.739288	T	C	0.455325	0.994101	1.87828	1.7E-01	0.00406966	0.00395114	1.0609	3.0E-01	0.4196	5.2E-01
rs7553454	1	49231261	0.759781	T	C	0.774925	0.984417	0.582625	4.5E-01	-0.00459282	0.00472615	0.944373	3.3E-01	0.99911	3.2E-01
rs587271	1	54743111	0.7872	C	T	0.313179	0.916526	0.896578	3.4E-01	0.00546714	0.00443526	1.51943	2.2E-01	1.533	2.2E-01
rs78141582	1	57827517	0.843026	A	G	0.897687	0.998432	0.018742	8.9E-01	-0.00167626	0.00648128	0.0668902	8.0E-01	0.337135	5.6E-01
rs885581	1	62445706	0.914644	A	G	0.607676	0.990874	0.23259	6.3E-01	0.00245113	0.00403338	0.369314	5.4E-01	0.714446	4.0E-01
rs74082072	1	65970925	0.967975	T	C	0.917809	0.99363	4.27304	3.9E-02	-0.0132842	0.00715198	3.45001	6.3E-02	3.90603	4.8E-02
rs2554414	1	72446164	1.03176	A	G	0.758572	0.995989	1.36283	2.4E-01	0.00448889	0.00457969	0.960741	3.3E-01	0.929413	3.4E-01
rs1514177	1	74991402	1.04313	C	G	0.424303	0.999432	0.257433	6.1E-01	0.00185938	0.00397793	0.218485	6.4E-01	0.0912008	7.6E-01
rs12035349	1	77557339	1.06866	A	G	0.871887	0.977571	0.415693	5.2E-01	0.00368723	0.00594158	0.38512	5.3E-01	0.359205	5.5E-01
rs115281275	1	77991129	1.0737	T	A	0.968661	0.902469	0.00589578	9.4E-01	0.00369496	0.0118355	0.0974648	7.5E-01	0.00227893	9.6E-01
rs10874123	1	80831434	1.08977	G	A	0.702146	0.997286	0.440852	5.1E-01	-0.00313084	0.00429024	0.532548	4.7E-01	0.63787	4.2E-01
rs11810373	1	82473958	1.11392	A	G	0.745514	0.997739	0.0511561	8.2E-01	-0.00195113	0.00450394	0.187666	6.6E-01	0.425749	5.1E-01
rs3131815	1	92664966	1.23012	C	T	0.805586	0.994558	2.61671	1.1E-01	0.00796814	0.00496697	2.57354	1.1E-01	2.81119	9.4E-02
rs4347257	1	96269230	1.26259	C	T	0.535636	0.996672	0.0514365	8.2E-01	-0.00121772	0.00394327	0.0953635	7.6E-01	0.111315	7.4E-01
rs4375301	1	98298371	1.27828	A	G	0.767049	0.993807	6.08247	1.4E-02	-0.0123483	0.00466317	7.01221	8.1E-03	8.97938	2.7E-03
rs3108680	1	107572997	1.35724	T	C	0.650884	0.999501	0.404407	5.2E-01	0.00226561	0.00413303	0.300494	5.8E-01	0.0540739	8.2E-01
rs17584208	1	109833187	1.38762	G	A	0.913432	0.992873	5.22378	2.2E-02	-0.0149785	0.00700897	4.56699	3.3E-02	4.36778	3.7E-02
rs2076586	1	112273026	1.42823	C	T	0.754427	0.980886	6.99234	8.2E-03	0.0118929	0.00460674	6.66479	9.8E-03	4.85878	2.8E-02
rs984222	1	119503843	1.50977	C	G	0.390696	1	6.19418	1.3E-02	-0.0104197	0.00403115	6.68119	9.7E-03	7.48143	6.2E-03
rs4589116	1	151002510	1.65957	C	T	0.134449	0.990695	0.544804	4.6E-01	0.00287316	0.00578441	0.246719	6.2E-01	0.459352	5.0E-01
rs1870940	1	154984363	1.69828	G	A	0.72931	0.984186	0.0682835	7.9E-01	-0.00152487	0.00445541	0.117137	7.3E-01	0.0107317	9.2E-01
rs75925257	1	155138842	1.69946	G	A	0.881515	1	0.00790867	9.3E-01	0.000139268	0.00607166	0.000526125	9.8E-01	0.00911612	9.2E-01
rs35277691	1	171415327	1.93374	A	C	0.906541	0.997238	0.00781316	9.3E-01	-0.000659432	0.00677688	0.00946848	9.2E-01	0.0429506	8.4E-01
rs149415799	1	173657022	1.95091	G	C	0.975833	0.965388	0.803258	3.7E-01	0.0117055	0.0129951	0.811372	3.7E-01	1.18658	2.8E-01
rs3922650	1	177766694	1.98705	A	C	0.475966	0.997377	0.798829	3.7E-01	0.00236994	0.00393001	0.363652	5.5E-01	0.363964	5.5E-01
rs2068973	1	177792715	1.98748	G	A	0.655699	0.993004	0.303572	5.8E-01	-0.00146511	0.00414755	0.124783	7.2E-01	0.0910411	7.6E-01
rs815342	1	190112653	2.09814	T	C	0.631918	0.98827	0.151531	7.0E-01	5.20914e-05	0.00409833	0.000161554	9.9E-01	0.0440049	8.3E-01
rs12130221	1	194825306	2.13143	A	T	0.683256	0.997265	0.014276	9.0E-01	-4.90144e-05	0.00422819	0.000134381	9.9E-01	0.0540478	8.2E-01
rs704633	1	201760981	2.19705	A	G	0.348748	0.991681	1.26833	2.6E-01	-0.00387632	0.00412535	0.882911	3.5E-01	0.978149	3.2E-01
rs16849710	1	202106797	2.20149	A	G	0.471389	0.987868	0.136034	7.1E-01	-0.00177759	0.00395597	0.20191	6.5E-01	0.288077	5.9E-01
rs6540497	1	209205263	2.30771	G	C	0.422338	0.993216	0.00121342	9.7E-01	6.76005e-05	0.00398506	0.000287759	9.9E-01	0.0781397	7.8E-01
rs11118308	1	219633869	2.43693	A	G	0.552201	0.999196	17.0405	3.7E-05	-0.0163232	0.00394883	17.0872	3.6E-05	19.0328	1.3E-05
rs7543050	1	230278291	2.53573	C	G	0.20057	0.991591	63.7373	1.4E-15	0.0403835	0.00490426	67.8049	1.8E-16	71.6661	2.5E-17
rs2491864	1	242986063	2.82336	G	A	0.781475	0.998975	0.517024	4.7E-01	0.00343237	0.0047591	0.520162	4.7E-01	0.896367	3.4E-01
rs12042959	1	243533273	2.82744	A	G	0.856295	0.985729	2.50736	1.1E-01	0.00895844	0.00562985	2.53204	1.1E-01	2.29501	1.3E-01
rs1474053	2	224086	0.00121739	T	A	0.30705	0.998582	8.31025	3.9E-03	0.0131921	0.0042584	9.59695	1.9E-03	9.7982	1.7E-03
rs6548228	2	345889	0.00380575	T	C	0.47675	0.997111	3.97707	4.6E-02	0.00932065	0.00393307	5.61603	1.8E-02	5.89359	1.5E-02
rs62117023	2	401319	0.00493919	G	A	0.746598	0.975524	0.232549	6.3E-01	-0.00246184	0.0045693	0.290283	5.9E-01	0.401233	5.3E-01
rs13387998	2	512327	0.00653916	C	T	0.926049	0.992033	0.18208	6.7E-01	-0.00270573	0.00752946	0.129134	7.2E-01	0.0185598	8.9E-01
rs7596758	2	658595	0.00865972	T	G	0.702053	0.99674	1.10226	2.9E-01	-0.00422773	0.00428007	0.975691	3.2E-01	1.68325	1.9E-01
rs11902450	2	12845368	0.29449	C	T	0.895435	0.993347	0.110428	7.4E-01	-0.00018299	0.00644102	0.000807134	9.8E-01	0.0459085	8.3E-01
rs145400326	2	21109020	0.419242	T	C	0.954792	0.960711	79.978	3.8E-19	0.0912138	0.00961931	89.9152	2.5E-21	91.8938	9.1E-22
rs75503394	2	25155419	0.457101	C	T	0.903817	0.987449	2.99399	8.4E-02	-0.0121964	0.00668676	3.32683	6.8E-02	3.05986	8.0E-02
rs2384463	2	26942256	0.471361	A	G	0.475385	0.994749	0.118083	7.3E-01	-0.0011001	0.00394073	0.0779313	7.8E-01	0.0918187	7.6E-01
rs6737895	2	35442725	0.577818	G	A	0.776382	1	0.13808	7.1E-01	0.000124911	0.00471135	0.000702932	9.8E-01	0.0483154	8.3E-01
rs10185199	2	40282202	0.642282	G	A	0.719504	0.9446	1.62133	2.0E-01	0.00587234	0.00449407	1.70743	1.9E-01	1.79642	1.8E-01
rs12465106	2	41583244	0.656468	A	C	0.333824	0.990838	0.196053	6.6E-01	0.00219498	0.00418428	0.275181	6.0E-01	0.577533	4.5E-01
rs6732079	2	46877963	0.735942	T	A	0.903819	0.980261	0.703338	4.0E-01	-0.00698817	0.00670866	1.08507	3.0E-01	1.16621	2.8E-01
rs80056702	2	50056246	0.778173	C	T	0.941666	1	3.25103	7.1E-02	-0.0130542	0.00837769	2.428	1.2E-01	4.24173	3.9E-02
rs59428052	2	53861389	0.819985	A	G	0.850765	0.921044	0.740344	3.9E-01	0.00452602	0.00571943	0.62622	4.3E-01	0.894211	3.4E-01
rs6705519	2	55204165	0.827433	C	T	0.699466	0.992125	2.42345	1.2E-01	0.00667968	0.00429666	2.41685	1.2E-01	2.29473	1.3E-01
rs57178144	2	58681120	0.848912	T	C	0.867472	0.950948	2.15646	1.4E-01	-0.00881206	0.00592151	2.21458	1.4E-01	1.748	1.9E-01
rs13417156	2	62848319	0.885521	T	C	0.567371	0.99741	10.0393	1.5E-03	-0.012385	0.00397237	9.72059	1.8E-03	11.7969	5.9E-04
rs6746570	2	67774191	0.93823	A	C	0.71111	0.971596	0.334007	5.6E-01	0.00334247	0.00439307	0.578894	4.5E-01	1.33253	2.5E-01
rs17016642	2	79476375	1.09778	A	G	0.884824	0.971192	0.921904	3.4E-01	-0.00571287	0.00623191	0.840361	3.6E-01	0.453599	5.0E-01
rs6752979	2	81741750	1.13256	G	A	0.68268	1	1.92786	1.6E-01	-0.00543948	0.00421943	1.66191	2.0E-01	2.26928	1.3E-01
rs4832285	2	86644664	1.16157	G	A	0.248226	0.999114	0.748476	3.9E-01	0.00391148	0.00453527	0.743831	3.9E-01	0.590143	4.4E-01
rs13023088	2	100576304	1.22131	C	T	0.850793	0.99385	3.97916	4.6E-02	0.0109138	0.00552439	3.90284	4.8E-02	3.9634	4.6E-02
rs75108145	2	100802984	1.2219	C	T	0.874494	0.987695	1.15493e-06	1.0E+00	9.4311e-05	0.00596822	0.000249709	9.9E-01	0.00545111	9.4E-01
rs12712181	2	104354232	1.24985	A	G	0.414449	0.997505	2.54669	1.1E-01	0.00652169	0.00399047	2.67099	1.0E-01	2.81982	9.3E-02
rs6754968	2	105414479	1.26241	G	A	0.654767	0.998396	1.14426	2.8E-01	-0.00535207	0.00413849	1.67248	2.0E-01	3.76024	5.2E-02
rs13027786	2	133517445	1.5525	G	A	0.745836	0.986506	0.815043	3.7E-01	-0.003356	0.00454403	0.545458	4.6E-01	0.590527	4.4E-01
rs6430552	2	135622808	1.58359	C	T	0.628986	0.999411	5.13842	2.3E-02	0.00776856	0.00404388	3.69049	5.5E-02	4.77697	2.9E-02
rs2890652	2	142959931	1.641	T	C	0.841295	1	5.8593	1.5E-02	-0.011568	0.00536001	4.65782	3.1E-02	6.69761	9.7E-03
rs6719577	2	144013418	1.64945	G	A	0.821292	0.99734	0.0513579	8.2E-01	0.00128581	0.00513091	0.0628003	8.0E-01	0.0038102	9.5E-01
rs1949527	2	157054911	1.75263	G	T	0.354377	0.997531	1.05308	3.0E-01	0.00375986	0.00411392	0.835279	3.6E-01	0.247543	6.2E-01
rs12692596	2	161265910	1.78694	C	T	0.629671	0.996301	0.979247	3.2E-01	-0.00399345	0.00406193	0.966563	3.3E-01	0.746605	3.9E-01
rs12692738	2	165558252	1.81499	T	C	0.772314	0.984603	79.4268	5.0E-19	0.0405789	0.00472081	73.887	8.3E-18	77.0451	1.7E-18
rs72917531	2	175238176	1.94405	C	A	0.814453	0.991675	7.62401	5.8E-03	0.0139797	0.00506298	7.624	5.8E-03	9.28109	2.3E-03
rs4640353	2	181327570	2.00315	A	C	0.71491	0.994236	2.76568	9.6E-02	-0.00724583	0.00436391	2.75693	9.7E-02	2.09198	1.5E-01
rs114049355	2	183075689	2.01604	C	T	0.940972	0.921249	5.27344	2.2E-02	0.0231094	0.00867181	7.10161	7.7E-03	5.42731	2.0E-02
rs7570446	2	193801010	2.09677	C	A	0.456734	0.998185	1.29351	2.6E-01	-0.00424218	0.00394374	1.15708	2.8E-01	0.702884	4.0E-01
rs7592344	2	198572461	2.12609	C	T	0.80295	0.997005	0.426977	5.1E-01	0.0032222	0.00494784	0.424104	5.1E-01	0.389698	5.3E-01
rs3845802	2	203740672	2.15739	T	G	0.518086	0.997801	2.81708	9.3E-02	-0.00739778	0.00393277	3.53839	6.0E-02	5.68835	1.7E-02
rs11696022	2	205387566	2.17339	C	T	0.23322	0.994602	2.53501	1.1E-01	0.00874128	0.00465371	3.52819	6.0E-02	3.16039	7.5E-02
rs4673553	2	211608379	2.23794	T	G	0.551248	0.992859	15.3438	9.0E-05	-0.0145899	0.0039594	13.5784	2.3E-04	14.2461	1.6E-04
rs12467225	2	212244657	2.24413	C	T	0.714834	0.995832	6.33456	1.2E-02	-0.0108112	0.0043661	6.13138	1.3E-02	6.16327	1.3E-02
rs16847879	2	213067535	2.25955	A	G	0.791086	0.996291	0.365331	5.5E-01	-0.00344329	0.00483512	0.507147	4.8E-01	0.743314	3.9E-01
rs78058190	2	219699999	2.34039	G	A	0.9499	0.784063	56.333	6.1E-14	-0.0779813	0.0101679	58.8188	1.7E-14	59.1047	1.5E-14
rs4674379	2	220214386	2.34424	G	A	0.0952767	0.994198	0.376435	5.4E-01	0.00364424	0.00669596	0.296202	5.9E-01	0.184438	6.7E-01
rs1399627	2	227083411	2.44246	A	G	0.347126	0.995082	122.3	2.0E-28	-0.0463029	0.00412493	126.004	3.1E-29	131.299	2.1E-30
rs36191868	2	228999054	2.47864	T	C	0.524364	0.999757	8.69766	3.2E-03	-0.0116489	0.00393174	8.7781	3.0E-03	7.84328	5.1E-03
rs17582010	2	230542810	2.50166	T	C	0.448069	0.984006	0.207609	6.5E-01	-0.00169923	0.00397921	0.182351	6.7E-01	0.178988	6.7E-01
rs9312002	3	8137447	0.216149	G	A	0.563618	0.997543	0.517075	4.7E-01	-0.00312069	0.00397124	0.617516	4.3E-01	0.415132	5.2E-01
rs17609108	3	11626464	0.283018	T	C	0.855414	0.974514	1.81944	1.8E-01	0.00679018	0.00565266	1.44297	2.3E-01	1.76374	1.8E-01
rs11709077	3	12336507	0.297621	G	A	0.88091	0.996457	8.99808	2.7E-03	0.0202111	0.0060693	11.0893	8.7E-04	12.167	4.9E-04
rs2596902	3	12955982	0.303023	G	A	0.333814	0.991491	0.214127	6.4E-01	-0.000923738	0.00418211	0.0487873	8.3E-01	0.0639981	8.0E-01
rs2470539	3	15717844	0.355673	C	T	0.410497	0.996599	3.05422	8.1E-02	0.00851861	0.00401241	4.50741	3.4E-02	5.40839	2.0E-02
rs4858223	3	20581149	0.396076	C	T	0.671778	0.98174	5.26133	2.2E-02	0.00990572	0.00423276	5.47677	1.9E-02	6.31909	1.2E-02
rs6550943	3	25109249	0.461812	T	A	0.146823	0.996473	0.055887	8.1E-01	-8.61194e-05	0.00555234	0.000240574	9.9E-01	0.0288687	8.7E-01
rs11921432	3	35117776	0.5931	T	C	0.886271	0.984646	0.437898	5.1E-01	0.00564172	0.00623582	0.818532	3.7E-01	0.954292	3.3E-01
rs4377469	3	42303074	0.652846	G	T	0.112889	1	0.235437	6.3E-01	-0.00181069	0.00619362	0.0854666	7.7E-01	0.182505	6.7E-01
rs33484	3	42417887	0.656606	G	A	0.522038	0.987598	4.71077	3.0E-02	0.00875787	0.00395409	4.90572	2.7E-02	4.72624	3.0E-02
rs9824340	3	43902170	0.666286	C	T	0.307972	0.994289	0.353951	5.5E-01	0.00127154	0.00427095	0.0886367	7.7E-01	0.000342517	9.9E-01
rs4858802	3	47641011	0.688054	T	C	0.684353	0.999724	0.000759132	9.8E-01	-0.000182644	0.00422258	0.00187091	9.7E-01	9.9404e-05	9.9E-01
rs4688760	3	49980596	0.690403	C	T	0.311095	0.994668	4.25758	3.9E-02	-0.00962935	0.00425646	5.11796	2.4E-02	5.00577	2.5E-02
rs12488237	3	56114861	0.741657	T	C	0.942917	1	1.71656	1.9E-01	-0.0143869	0.00848195	2.87703	9.0E-02	2.26526	1.3E-01
rs12491542	3	61130247	0.807467	C	T	0.880318	0.985418	0.157281	6.9E-01	-0.00241897	0.00609127	0.157705	6.9E-01	0.644593	4.2E-01
rs9968060	3	62471282	0.82953	C	T	0.356779	0.962185	0.00874949	9.3E-01	-0.000484718	0.0041873	0.0134002	9.1E-01	0.129541	7.2E-01
rs4688315	3	62688047	0.83655	C	T	0.214654	0.996323	2.49366	1.1E-01	0.00666985	0.00479397	1.93571	1.6E-01	1.35117	2.5E-01
rs13319996	3	77562191	1.05932	A	T	0.29492	0.996833	2.44219	1.2E-01	0.00624942	0.00432389	2.08896	1.5E-01	1.49764	2.2E-01
rs1512500	3	78419039	1.06507	G	T	0.890143	0.997052	0.9243	3.4E-01	-0.00712882	0.00632146	1.27174	2.6E-01	1.70113	1.9E-01
rs9850466	3	82532568	1.08223	T	C	0.662972	0.999678	1.74661	1.9E-01	-0.00489459	0.00414953	1.39134	2.4E-01	1.49181	2.2E-01
rs7649296	3	84931731	1.08805	G	A	0.677947	0.997066	0.261164	6.1E-01	0.00142948	0.00420648	0.115483	7.3E-01	0.0325985	8.6E-01
rs62261676	3	85698577	1.08973	A	G	0.787904	0.994918	6.99177	8.2E-03	0.0120102	0.00481778	6.21448	1.3E-02	5.60302	1.8E-02
rs1996761	3	89962587	1.10367	C	T	0.763473	1	0.723355	4.0E-01	-0.00373321	0.00462586	0.651298	4.2E-01	1.59865	2.1E-01
rs1946725	3	104605525	1.16628	T	C	0.696369	0.998159	3.46057	6.3E-02	-0.00706648	0.0042685	2.74066	9.8E-02	2.63147	1.0E-01
rs16850772	3	104736837	1.16712	T	G	0.313009	0.993369	0.475777	4.9E-01	-0.00169639	0.0042695	0.15787	6.9E-01	0.0962401	7.6E-01
rs36131051	3	107888841	1.20196	T	G	0.795306	0.978115	2.5284	1.1E-01	0.00788814	0.00492354	2.56681	1.1E-01	3.11461	7.8E-02
rs114885158	3	114370599	1.259	G	A	0.919289	0.988206	6.32682	1.2E-02	0.0189552	0.00727222	6.79396	9.1E-03	6.47358	1.1E-02
rs9289074	3	116858995	1.29335	C	T	0.755933	0.988931	1.03887	3.1E-01	-0.00513751	0.00458887	1.25341	2.6E-01	1.75067	1.9E-01
rs11708733	3	128039895	1.41818	G	A	0.952759	0.983201	0.820038	3.7E-01	-0.00732098	0.00935577	0.612322	4.3E-01	0.34508	5.6E-01
rs6785191	3	131453556	1.44252	T	C	0.708876	0.972837	1.69417	1.9E-01	-0.00670173	0.00440038	2.31949	1.3E-01	2.74537	9.8E-02
rs35837273	3	135878634	1.49383	T	C	0.835202	0.99437	5.76319	1.6E-02	-0.0132632	0.00531427	6.22885	1.3E-02	6.89052	8.7E-03
rs2312193	3	141188399	1.53815	T	C	0.613182	0.99475	1.4027	2.4E-01	-0.00330684	0.00405433	0.665257	4.1E-01	0.804103	3.7E-01
rs1568488	3	153657951	1.68298	G	C	0.405648	0.984335	3.45298	6.3E-02	-0.00666199	0.0040363	2.72421	9.9E-02	2.57044	1.1E-01
rs13322475	3	156319803	1.70952	T	G	0.847879	0.997837	0.311303	5.8E-01	0.00278381	0.00548393	0.257689	6.1E-01	0.194512	6.6E-01
rs13100952	3	157800753	1.71783	T	C	0.634426	0.997074	0.0778677	7.8E-01	-0.000853592	0.00408712	0.043618	8.3E-01	0.0198853	8.9E-01
rs11921991	3	170499463	1.7977	C	T	0.888087	0.992745	0.0620138	8.0E-01	0.00160799	0.00625102	0.0661702	8.0E-01	0.137588	7.1E-01
rs12635553	3	171113714	1.80841	A	T	0.49773	0.998999	0.299773	5.8E-01	0.000789365	0.00392426	0.0404613	8.4E-01	0.00383541	9.5E-01
rs502414	3	180626951	1.95386	C	T	0.649412	0.993077	0.247076	6.2E-01	-0.00252083	0.00412833	0.372852	5.4E-01	0.74682	3.9E-01
rs4859234	3	182311332	1.96951	C	T	0.674163	0.98584	4.56052	3.3E-02	0.0098882	0.00421903	5.49299	1.9E-02	6.1413	1.3E-02
rs1881973	3	184056101	1.99373	G	C	0.629738	0.976501	1.34864	2.5E-01	0.0044238	0.0041206	1.15258	2.8E-01	1.28805	2.6E-01
rs78615983	3	185733707	2.02087	T	A	0.856711	0.989326	5.05051	2.5E-02	-0.0130277	0.00564849	5.31947	2.1E-02	6.34881	1.2E-02
rs950257	3	194847650	2.23885	T	A	0.728068	0.997849	1.20817	2.7E-01	0.00417111	0.00442254	0.889529	3.5E-01	0.937708	3.3E-01
rs6764533	3	196088464	2.24962	G	A	0.642998	0.998204	3.57167	5.9E-02	-0.00870246	0.0041053	4.4936	3.4E-02	5.34218	2.1E-02
rs12509447	4	2861090	0.0318387	G	A	0.810696	0.99398	9.24516	2.4E-03	-0.0138597	0.00503198	7.58625	5.9E-03	8.14007	4.3E-03
rs6818414	4	16600664	0.317111	T	C	0.507505	0.992506	0.0767646	7.8E-01	0.00157816	0.0039459	0.159959	6.9E-01	0.0369904	8.5E-01
rs2192528	4	18327896	0.339411	A	G	0.477375	0.997272	2.48405	1.2E-01	-0.00624815	0.00393839	2.51689	1.1E-01	2.73354	9.8E-02
rs16876869	4	25118707	0.433802	C	T	0.863557	0.998491	5.00891	2.5E-02	-0.0112474	0.00574311	3.8354	5.0E-02	3.64714	5.6E-02
rs2309830	4	28584523	0.489893	T	G	0.763499	0.995574	0.00745843	9.3E-01	-0.000299297	0.00463335	0.00417268	9.5E-01	0.00636392	9.4E-01
rs4270551	4	30703243	0.511997	A	C	0.136232	0.990257	0.00173328	9.7E-01	0.001526	0.00575703	0.0702606	7.9E-01	0.355361	5.5E-01
rs6531639	4	38556399	0.601586	G	A	0.752878	0.952325	5.4242	2.0E-02	-0.0100457	0.00466478	4.63762	3.1E-02	2.67545	1.0E-01
rs12498157	4	44430025	0.675923	T	A	0.253764	0.990835	0.53355	4.7E-01	0.00255441	0.00452802	0.318246	5.7E-01	0.205353	6.5E-01
rs74715904	4	45178081	0.679816	A	G	0.906264	0.977125	0.528095	4.7E-01	0.00554091	0.0068189	0.660287	4.2E-01	1.02361	3.1E-01
rs1492767	4	55221467	0.710006	C	T	0.493554	0.999056	0.00238056	9.6E-01	0.000175526	0.00392202	0.00200291	9.6E-01	0.14181	7.1E-01
rs2537860	4	55484718	0.714088	A	C	0.436237	0.974656	4.05549	4.4E-02	0.00869325	0.00400778	4.70496	3.0E-02	4.50579	3.4E-02
rs6551871	4	65643064	0.818795	C	A	0.675782	0.992173	6.11386	1.3E-02	0.0104952	0.00421916	6.18766	1.3E-02	7.60449	5.8E-03
rs6845883	4	67801500	0.836177	A	G	0.217603	0.990748	8.4855	3.6E-03	0.0122367	0.00477892	6.55649	1.0E-02	6.33054	1.2E-02
rs10033843	4	77028783	0.90134	G	A	0.798807	0.999649	3.3668	6.7E-02	-0.00920597	0.00490271	3.52588	6.0E-02	4.37848	3.6E-02
rs72649373	4	80609966	0.943324	T	C	0.85785	0.957198	3.16151	7.5E-02	-0.0101996	0.0057597	3.13592	7.7E-02	3.71843	5.4E-02
rs1481012	4	89039082	1.03949	A	G	0.88825	0.994759	0.554635	4.6E-01	0.00600369	0.00625334	0.921748	3.4E-01	0.680632	4.1E-01
rs10014552	4	94407841	1.08151	G	T	0.194146	0.979518	1.73579	1.9E-01	-0.00634751	0.00500955	1.6055	2.1E-01	1.88245	1.7E-01
rs2865330	4	95004716	1.08844	A	G	0.536062	0.999052	0.701457	4.0E-01	0.00256944	0.00394252	0.424744	5.1E-01	0.636302	4.3E-01
rs12513212	4	96149346	1.09853	A	C	0.594801	0.994888	0.757892	3.8E-01	-0.00212616	0.00400894	0.281276	6.0E-01	0.369644	5.4E-01
rs2850360	4	102216212	1.14871	A	G	0.852635	0.988759	2.69989	1.0E-01	-0.0100191	0.00557759	3.22673	7.2E-02	4.38548	3.6E-02
rs57957741	4	103164166	1.15814	G	A	0.473645	0.994208	4.45093	3.5E-02	0.00962898	0.00395505	5.92729	1.5E-02	7.70172	5.5E-03
rs326872	4	112733434	1.24745	A	G	0.332672	0.993023	3.15634	7.6E-02	0.00526056	0.00418874	1.57724	2.1E-01	1.34301	2.5E-01
rs10022185	4	120571765	1.314	C	G	0.70701	0.996192	0.0572337	8.1E-01	-0.000200196	0.00433897	0.00212881	9.6E-01	0.334537	5.6E-01
rs6534743	4	130714768	1.39824	G	A	0.707156	0.986974	0.649368	4.2E-01	-0.00275126	0.00434	0.401867	5.3E-01	0.297094	5.9E-01
rs10018743	4	136972541	1.44304	G	A	0.63247	0.98831	2.00156	1.6E-01	0.00586478	0.00411059	2.03561	1.5E-01	2.46277	1.2E-01
rs769676	4	140856533	1.49522	A	G	0.738463	0.984882	1.0902	3.0E-01	0.0037785	0.00451699	0.699748	4.0E-01	0.923393	3.4E-01
rs7375701	4	145260561	1.53722	G	A	0.280275	0.993669	2.9064	8.8E-02	0.00761995	0.00439286	3.00891	8.3E-02	3.20233	7.4E-02
rs750090	4	152931436	1.59021	T	C	0.644559	0.97605	0.641226	4.2E-01	-0.00367138	0.00414204	0.785653	3.8E-01	0.233648	6.3E-01
rs10024755	4	161931670	1.69375	C	G	0.777113	0.993719	0.609751	4.3E-01	0.00478349	0.00475098	1.01373	3.1E-01	0.533255	4.7E-01
rs148636479	4	164359678	1.72579	A	T	0.971622	0.876916	0.537589	4.6E-01	-0.00688231	0.0126004	0.298333	5.8E-01	0.215799	6.4E-01
rs17630894	4	171532023	1.80674	T	G	0.862036	0.996667	20.3231	6.5E-06	0.0270418	0.00571291	22.4056	2.2E-06	24.9257	6.0E-07
rs6822571	4	173552902	1.82334	A	G	0.47883	0.997719	3.40143	6.5E-02	-0.00769067	0.00394424	3.80192	5.1E-02	3.18191	7.4E-02
rs16871902	5	3488462	0.0869448	G	A	0.512741	0.997953	6.09647	1.4E-02	-0.00965249	0.00393915	6.00445	1.4E-02	5.88085	1.5E-02
rs12109333	5	27166660	0.425295	T	C	0.716328	0.997419	0.320317	5.7E-01	0.00210149	0.00437063	0.231188	6.3E-01	0.371607	5.4E-01
rs6451674	5	43110754	0.62057	C	T	0.315548	0.990686	2.05526	1.5E-01	-0.00571573	0.00424469	1.81323	1.8E-01	3.04127	8.1E-02
rs7704281	5	50591460	0.628051	G	A	0.959743	0.99038	1.70017	1.9E-01	-0.0122431	0.0100476	1.48478	2.2E-01	0.785697	3.8E-01
rs7734879	5	60711632	0.720162	C	A	0.63877	0.999176	2.12791	1.4E-01	-0.0060587	0.00409222	2.192	1.4E-01	4.40333	3.6E-02
rs237976	5	62600850	0.738104	C	T	0.438642	0.998534	0.746588	3.9E-01	0.00282733	0.00396016	0.509717	4.8E-01	0.484382	4.9E-01
rs1459192	5	63944519	0.744046	C	T	0.669709	0.994464	1.10142	2.9E-01	0.00470481	0.00418775	1.26219	2.6E-01	1.44646	2.3E-01
rs4072296	5	74242002	0.858799	T	C	0.458782	0.938263	1.05513	3.0E-01	0.00316011	0.00406715	0.603701	4.4E-01	0.808797	3.7E-01
rs6889485	5	75129986	0.862025	G	A	0.565009	0.992761	5.1271	2.4E-02	0.00891497	0.00398913	4.99441	2.5E-02	4.24425	3.9E-02
rs7725126	5	80730191	0.955869	C	T	0.65455	0.987889	1.18494	2.8E-01	0.00421801	0.00414892	1.03358	3.1E-01	0.639591	4.2E-01
rs16876684	5	86563970	1.01135	T	G	0.987836	0.991014	3.48072	6.2E-02	-0.0376911	0.0179814	4.39369	3.6E-02	4.70727	3.0E-02
rs6882046	5	87968864	1.01539	A	G	0.733018	0.978462	0.357236	5.5E-01	-0.00349996	0.00449885	0.605233	4.4E-01	0.943695	3.3E-01
rs142503704	5	92622421	1.04908	G	A	0.977168	0.959904	0.0635655	8.0E-01	0.00301535	0.0134445	0.0503023	8.2E-01	0.061963	8.0E-01
rs17383803	5	95393883	1.0716	T	C	0.907172	1	0.157742	6.9E-01	-0.000575321	0.00676087	0.00724127	9.3E-01	0.0399345	8.4E-01
rs1026534	5	95855091	1.0746	G	C	0.396969	0.999112	0.063098	8.0E-01	-0.0010288	0.00401563	0.0656382	8.0E-01	0.0960368	7.6E-01
rs2545593	5	102054421	1.10814	A	T	0.568418	0.998323	0.536475	4.6E-01	0.00360373	0.00397361	0.822498	3.6E-01	1.36057	2.4E-01
rs4382152	5	106379106	1.13899	T	C	0.619397	1	0.0179772	8.9E-01	0.00103199	0.00405392	0.0648034	8.0E-01	0.0382984	8.4E-01
rs1433057	5	107285076	1.15555	A	G	0.536635	0.987024	0.204334	6.5E-01	0.00203574	0.00396015	0.264255	6.1E-01	0.156224	6.9E-01
rs6421825	5	107866060	1.15804	G	A	0.185771	0.999581	1.17471	2.8E-01	-0.00544523	0.00504114	1.16674	2.8E-01	2.09219	1.5E-01
rs459552	5	112176756	1.19663	T	A	0.231534	1	2.28357	1.3E-01	0.00774964	0.00466114	2.76426	9.6E-02	2.72109	9.9E-02
rs9327119	5	119309059	1.27778	C	G	0.4218	0.9872	7.51595	6.1E-03	0.0109453	0.00400683	7.46193	6.3E-03	7.91449	4.9E-03
rs13156484	5	122653399	1.3097	G	A	0.528207	0.979173	4.62701	3.1E-02	0.00719916	0.00397891	3.27367	7.0E-02	4.29959	3.8E-02
rs1422662	5	130440206	1.38534	A	G	0.785211	0.999034	0.0373887	8.5E-01	-0.000120981	0.00478801	0.000638444	9.8E-01	0.000315506	9.9E-01
rs1369126	5	136532351	1.44779	G	C	0.531574	0.995632	0.0389265	8.4E-01	0.00163634	0.00393588	0.172847	6.8E-01	0.505125	4.8E-01
rs11242420	5	137624513	1.45252	C	T	0.808209	0.997884	7.77264	5.3E-03	0.015665	0.00500113	9.81124	1.7E-03	11.4627	7.1E-04
rs1895336	5	144465810	1.52134	A	G	0.597239	0.992794	0.000793141	9.8E-01	-0.000643984	0.00402963	0.0255399	8.7E-01	0.116548	7.3E-01
rs2579040	5	152515823	1.63419	T	A	0.27912	0.996176	0.0148261	9.0E-01	-0.000338316	0.00439119	0.00593581	9.4E-01	0.0188616	8.9E-01
rs17115481	5	153358226	1.64029	G	A	0.730277	0.993088	0.0695911	7.9E-01	-0.00239762	0.00443933	0.291694	5.9E-01	0.467524	4.9E-01
rs10515706	5	153578518	1.64141	C	T	0.572203	0.993087	1.28118	2.6E-01	0.0037715	0.00398793	0.894404	3.4E-01	0.580223	4.5E-01
rs766120	5	164548126	1.74957	G	A	0.379101	0.999276	5.12107	2.4E-02	0.00869089	0.00405671	4.58967	3.2E-02	5.74027	1.7E-02
rs2161214	5	170284624	1.86356	A	C	0.313895	0.997023	0.0279558	8.7E-01	0.000793585	0.00424256	0.0349889	8.5E-01	0.00537408	9.4E-01
rs1966265	5	176516631	2.00003	G	A	0.754745	1	0.00127535	9.7E-01	-0.000930719	0.00456209	0.0416208	8.4E-01	0.00973953	9.2E-01
rs9463175	6	9510030	0.227745	C	T	0.661396	0.983753	2.59558	1.1E-01	0.00698811	0.0041879	2.78437	9.5E-02	2.37109	1.2E-01
rs12210300	6	12078686	0.272534	A	G	0.684962	1	2.14882e-05	1.0E+00	-0.0010338	0.0042276	0.0597983	8.1E-01	0.00747782	9.3E-01
rs62385532	6	13161394	0.290635	G	A	0.710645	0.991949	9.93853	1.6E-03	0.0144443	0.00434667	11.0429	8.9E-04	11.7682	6.0E-04
rs4134939	6	20481825	0.408952	T	C	0.316831	0.973957	0.418347	5.2E-01	0.00326629	0.00427834	0.582851	4.5E-01	0.672609	4.1E-01
rs1185976	6	25822363	0.492387	C	T	0.706333	0.999554	0.0144423	9.0E-01	-0.000547746	0.00430734	0.0161711	9.0E-01	0.272693	6.0E-01
rs1233587	6	28719755	0.498924	A	T	0.710277	0.999303	0.397958	5.3E-01	0.00174212	0.00432572	0.162197	6.9E-01	0.284089	5.9E-01
rs3115667	6	31643399	0.515597	T	C	0.278811	1	5.00586	2.5E-02	-0.00920022	0.00436951	4.43334	3.5E-02	4.68218	3.0E-02
rs11757081	6	33459420	0.531358	A	T	0.750981	0.997671	3.77786	5.2E-02	-0.0108682	0.00453669	5.73897	1.7E-02	6.07065	1.4E-02
rs2499714	6	34072215	0.543389	C	T	0.908411	0.988109	0.0113289	9.2E-01	6.34922e-05	0.00683584	8.62695e-05	9.9E-01	0.0102777	9.2E-01
rs11758326	6	34482498	0.547552	A	G	0.912598	0.986128	1.60769	2.0E-01	-0.0094455	0.00700715	1.81705	1.8E-01	1.71244	1.9E-01
rs2395628	6	35473252	0.551863	C	T	0.698599	0.994251	0.514229	4.7E-01	-0.00324468	0.00427795	0.575269	4.5E-01	1.1462	2.8E-01
rs1433723	6	40350399	0.614243	T	C	0.710236	0.996612	2.30938	1.3E-01	0.00644966	0.00433914	2.20936	1.4E-01	1.61259	2.0E-01
rs11963572	6	46302448	0.722776	T	C	0.491919	0.993234	0.492774	4.8E-01	-0.00247695	0.00394422	0.394376	5.3E-01	0.187339	6.7E-01
rs17664591	6	50183721	0.747534	G	T	0.956925	0.99128	0.138845	7.1E-01	0.00310182	0.00972456	0.10174	7.5E-01	0.296815	5.9E-01
rs280280	6	50569828	0.750317	C	T	0.165805	0.992937	1.27661	2.6E-01	0.00685968	0.00530222	1.67375	2.0E-01	2.49753	1.1E-01
rs149750300	6	50717074	0.7506	A	G	0.984095	0.986819	1.3117	2.5E-01	-0.016135	0.0157887	1.04434	3.1E-01	1.37804	2.4E-01
rs9361779	6	64159064	0.812363	C	A	0.457314	0.997526	0.0642681	8.0E-01	-0.0017068	0.003957	0.186051	6.7E-01	0.405266	5.2E-01
rs3883872	6	83322002	0.934204	C	T	0.538241	0.979395	0.000379499	9.8E-01	0.000154309	0.0039803	0.00150298	9.7E-01	0.0455715	8.3E-01
rs9362662	6	90296588	0.987815	A	G	0.479556	0.991565	4.61521	3.2E-02	0.00813048	0.00393684	4.26518	3.9E-02	4.02834	4.5E-02
rs1324110	6	93913200	1.03177	G	C	0.55584	0.990874	0.0882048	7.7E-01	2.58432e-05	0.00397035	4.23677e-05	9.9E-01	0.00909621	9.2E-01
rs1206133	6	97543137	1.05873	C	T	0.24581	0.972297	5.28282	2.2E-02	0.00988639	0.00461737	4.58444	3.2E-02	6.43273	1.1E-02
rs9320747	6	98310291	1.06181	T	G	0.532837	0.993884	0.0478783	8.3E-01	-0.00146824	0.00395063	0.138122	7.1E-01	0.073446	7.9E-01
rs156128	6	104836826	1.11693	G	A	0.245638	0.999684	5.32552	2.1E-02	-0.0104263	0.00456894	5.20747	2.2E-02	4.67477	3.1E-02
rs1575676	6	108861264	1.17848	C	T	0.629055	0.997454	0.937675	3.3E-01	0.00488811	0.00406389	1.44676	2.3E-01	1.46717	2.3E-01
rs9387640	6	119508871	1.25792	C	T	0.634761	1	0.00600103	9.4E-01	0.00154616	0.00409022	0.142895	7.1E-01	0.21217	6.5E-01
rs2875762	6	124925032	1.30799	G	C	0.757629	0.990596	1.52484	2.2E-01	-0.00668934	0.00460334	2.11165	1.5E-01	2.47923	1.2E-01
rs4895799	6	126052729	1.32459	C	T	0.415289	0.992315	0.0193867	8.9E-01	-1.87631e-05	0.00400051	2.19978e-05	1.0E+00	0.0207413	8.9E-01
rs6569648	6	130349119	1.35981	C	T	0.239855	1	20.432	6.2E-06	-0.0213889	0.00458259	21.7848	3.0E-06	21.8485	3.0E-06
rs2781659	6	131891820	1.37734	A	G	0.688059	1	0.002462	9.6E-01	0.000956811	0.00423644	0.0510095	8.2E-01	0.247395	6.2E-01
rs11754747	6	141494602	1.50941	C	T	0.744216	0.987686	1.05106	3.1E-01	-0.00427104	0.00453505	0.886957	3.5E-01	0.280716	6.0E-01
rs12194419	6	143148142	1.51953	G	A	0.727002	0.984742	0.00434827	9.5E-01	-0.00139687	0.00444116	0.0989281	7.5E-01	0.46464	5.0E-01
rs2256216	6	147471730	1.55898	A	G	0.462483	0.956666	1.52338	2.2E-01	-0.00504123	0.00402805	1.56633	2.1E-01	0.937377	3.3E-01
rs7755574	6	153364643	1.66311	G	T	0.718556	0.997121	2.80275	9.4E-02	-0.00679393	0.00438287	2.40284	1.2E-01	2.72677	9.9E-02
rs12207125	6	154301575	1.6763	A	G	0.781403	0.992451	1.67485	2.0E-01	-0.00528916	0.0047662	1.23148	2.7E-01	0.554715	4.6E-01
rs450265	6	160736359	1.77422	C	T	0.483528	0.999936	4.36671	3.7E-02	-0.0104384	0.00392904	7.05824	7.9E-03	7.98941	4.7E-03
rs34540135	6	162934351	1.81802	A	G	0.873967	0.966582	1.07193	3.0E-01	0.00582815	0.00602353	0.936178	3.3E-01	2.03072	1.5E-01
rs6950388	7	1270699	0.0137006	G	A	0.203901	1	4.65523	3.1E-02	-0.0109125	0.00487918	5.00213	2.5E-02	6.09704	1.4E-02
rs7807190	7	1851461	0.0275157	A	G	0.787679	0.988996	0.756534	3.8E-01	0.00321543	0.00482351	0.444378	5.1E-01	0.328004	5.7E-01
rs4722398	7	3125220	0.0523222	C	T	0.865235	1	1.34112	2.5E-01	-0.00832271	0.00575885	2.08861	1.5E-01	3.45863	6.3E-02
rs118182061	7	14655786	0.275253	T	A	0.975008	0.988845	0.451856	5.0E-01	-0.00458995	0.0126908	0.13081	7.2E-01	0.230317	6.3E-01
rs10263780	7	19778086	0.347944	G	A	0.862505	0.994464	0.649813	4.2E-01	-0.00467417	0.00573889	0.663367	4.2E-01	0.463242	5.0E-01
rs4722672	7	27231762	0.453385	C	T	0.178708	0.980102	0.12467	7.2E-01	-0.00267341	0.00517994	0.266368	6.1E-01	0.485734	4.9E-01
rs10241729	7	32289879	0.544096	A	G	0.780068	0.986162	3.3699	6.6E-02	-0.00779082	0.00478245	2.65378	1.0E-01	2.89663	8.9E-02
rs1019083	7	39414081	0.63582	A	G	0.84633	0.989979	0.700875	4.0E-01	0.00297398	0.00546924	0.29568	5.9E-01	0.756802	3.8E-01
rs710888	7	44777556	0.700884	A	G	0.422452	0.98989	3.80728e-07	1.0E+00	-0.000473841	0.00399985	0.0140339	9.1E-01	0.00460712	9.5E-01
rs2189833	7	49507651	0.755765	G	A	0.334039	0.996219	0.714624	4.0E-01	-0.00152984	0.0041734	0.134374	7.1E-01	0.115638	7.3E-01
rs1466163	7	50607206	0.766828	A	G	0.11686	0.995864	0.0220773	8.8E-01	0.00085128	0.00614026	0.0192208	8.9E-01	0.000449736	9.8E-01
rs10259748	7	69281111	0.866623	T	G	0.679055	0.998943	3.51821	6.1E-02	-0.00845157	0.00420199	4.04543	4.4E-02	3.26525	7.1E-02
rs4718966	7	70040558	0.868636	C	T	0.585931	0.992694	0.00253144	9.6E-01	0.000485268	0.00400842	0.0146561	9.0E-01	0.0103222	9.2E-01
rs3973896	7	71428960	0.890229	C	G	0.828074	0.969349	0.00399689	9.5E-01	0.00101317	0.00528722	0.0367205	8.5E-01	0.0369271	8.5E-01
rs28584911	7	74081407	0.91304	T	G	0.655577	0.99949	2.09146	1.5E-01	-0.00490381	0.00414052	1.40267	2.4E-01	2.00621	1.6E-01
rs77497827	7	75038408	0.913217	A	G	0.535049	0.806181	2.38051	1.2E-01	-0.00607765	0.0043763	1.92867	1.6E-01	2.54051	1.1E-01
rs10260232	7	78120735	0.952444	C	T	0.495546	0.987744	0.703971	4.0E-01	-0.00239964	0.00396022	0.367161	5.4E-01	0.260692	6.1E-01
rs2158045	7	93082708	1.09422	C	T	0.524967	0.990979	1.54812	2.1E-01	0.00504488	0.00395338	1.62841	2.0E-01	1.87521	1.7E-01
rs917154	7	99020806	1.15524	A	G	0.844107	0.995198	0.161517	6.9E-01	0.00337342	0.00543333	0.385486	5.3E-01	0.533532	4.7E-01
rs17155888	7	103416295	1.18694	T	A	0.57496	0.98913	0.0538661	8.2E-01	-0.00120482	0.00399016	0.0911718	7.6E-01	0.0346459	8.5E-01
rs1608891	7	112795334	1.29284	G	A	0.679188	0.983328	0.617911	4.3E-01	-0.00304948	0.00424634	0.515729	4.7E-01	0.699683	4.0E-01
rs6944092	7	113483569	1.2996	A	G	0.629013	0.997581	1.51128	2.2E-01	-0.00491632	0.00407137	1.45814	2.3E-01	1.09228	3.0E-01
rs936146	7	114294405	1.30462	G	C	0.52517	0.98912	0.00488131	9.4E-01	-2.21351e-05	0.00395523	3.13199e-05	1.0E+00	0.00337004	9.5E-01
rs896183	7	127831580	1.37625	G	A	0.578819	0.975804	0.500856	4.8E-01	0.00317644	0.00402879	0.621629	4.3E-01	0.44017	5.1E-01
rs12154627	7	130422934	1.4017	T	C	0.50585	0.97487	55.0239	1.2E-13	0.0292378	0.00397524	54.096	1.9E-13	59.6841	1.1E-14
rs9640171	7	150600845	1.6794	G	A	0.719327	0.982269	2.4814	1.2E-01	0.008565	0.00442125	3.75287	5.3E-02	3.78511	5.2E-02
rs1658820	8	4288577	0.1172	G	T	0.755687	0.985142	0.67382	4.1E-01	-0.00485931	0.00459603	1.11785	2.9E-01	1.43248	2.3E-01
rs2980436	8	8092025	0.237424	G	A	0.545084	0.992022	19.5034	1.0E-05	0.0180985	0.00395459	20.945	4.7E-06	19.166	1.2E-05
rs34803352	8	14042304	0.362732	T	C	0.655661	0.989136	10.0207	1.5E-03	-0.0144429	0.00414702	12.1293	5.0E-04	14.0071	1.8E-04
rs4258002	8	15493417	0.380515	G	T	0.855263	0.998595	0.633826	4.3E-01	0.00397896	0.00556733	0.510793	4.7E-01	0.265998	6.1E-01
rs285	8	19815189	0.4726	C	T	0.530191	0.98619	278.219	1.8E-62	0.0661594	0.00395454	279.893	7.9E-63	291.884	1.9E-65
rs1470687	8	20628793	0.485499	C	G	0.669974	0.991276	4.20056	4.0E-02	0.00842396	0.00418321	4.0552	4.4E-02	3.93262	4.7E-02
rs13250995	8	23329985	0.54132	G	A	0.824719	0.988818	0.211223	6.5E-01	-0.0016594	0.00518006	0.10262	7.5E-01	0.0994005	7.5E-01
rs17411738	8	28060572	0.603281	T	G	0.543762	1	0.853545	3.6E-01	0.00359301	0.00393047	0.835656	3.6E-01	0.83706	3.6E-01
rs17647894	8	30820168	0.644882	C	A	0.5703	0.997844	3.86764	4.9E-02	0.00661882	0.00395769	2.79691	9.4E-02	2.97433	8.5E-02
rs4647906	8	38325411	0.694629	G	A	0.597349	0.997516	14.6561	1.3E-04	-0.0147134	0.00398771	13.6137	2.2E-04	13.6074	2.3E-04
rs10216609	8	62034284	0.850754	C	A	0.846841	0.996244	0.395871	5.3E-01	-0.0050112	0.00545642	0.843466	3.6E-01	0.967724	3.3E-01
rs7822926	8	64701966	0.867188	A	C	0.529057	0.995395	9.69557	1.8E-03	0.0122621	0.00394202	9.67596	1.9E-03	10.1641	1.4E-03
rs2017657	8	73426371	0.974058	G	T	0.426163	1	12.0417	5.2E-04	0.0154971	0.00397257	15.2179	9.6E-05	13.8669	2.0E-04
rs2170382	8	74689288	0.991459	C	T	0.885523	0.995074	6.7798	9.2E-03	-0.0154319	0.00617846	6.23849	1.3E-02	6.4674	1.1E-02
rs1813039	8	76295984	1.00648	G	A	0.289677	0.988819	0.396453	5.3E-01	-0.00194868	0.00434269	0.201355	6.5E-01	0.00572009	9.4E-01
rs7833023	8	85053241	1.06276	C	A	0.274821	0.994182	0.188762	6.6E-01	-0.0025998	0.00441339	0.347006	5.6E-01	0.537974	4.6E-01
rs4286925	8	93237876	1.10371	A	G	0.664213	0.999539	4.68874	3.0E-02	0.0100494	0.00414943	5.86551	1.5E-02	5.30316	2.1E-02
rs113630732	8	95496030	1.1287	G	A	0.762487	0.987676	2.10324	1.5E-01	0.00681054	0.00462899	2.16467	1.4E-01	1.76036	1.8E-01
rs1383592	8	106430676	1.25808	G	A	0.797477	0.997356	6.94924	8.4E-03	-0.0115056	0.00486464	5.59391	1.8E-02	6.27754	1.2E-02
rs231144	8	116416131	1.31481	T	C	0.197236	0.979876	5.07337	2.4E-02	-0.0121852	0.00498003	5.98691	1.4E-02	6.57559	1.0E-02
rs144435165	8	126419938	1.45107	G	C	0.945037	0.785853	57.0841	4.2E-14	-0.0755814	0.00968363	60.9192	5.9E-15	60.6947	6.7E-15
rs2954018	8	126477153	1.45319	C	T	0.29933	0.998357	263.654	2.7E-59	0.071341	0.004281	277.707	2.4E-62	293.202	1.0E-65
rs13266268	8	142611971	1.73096	C	T	0.612047	0.936385	4.80768	2.8E-02	-0.00907006	0.0041601	4.75349	2.9E-02	4.68416	3.0E-02
rs4072917	8	143300279	1.7496	G	A	0.525555	0.990762	0.00120104	9.7E-01	2.81318e-05	0.00393383	5.11402e-05	9.9E-01	0.0270034	8.7E-01
rs7037266	9	6942940	0.164689	C	A	0.638295	0.99833	2.35705	1.2E-01	-0.00642089	0.00409001	2.46457	1.2E-01	3.29344	7.0E-02
rs1352522	9	11265159	0.255425	A	T	0.472109	0.994616	0.354595	5.5E-01	-0.00169103	0.003962	0.182168	6.7E-01	0.326544	5.7E-01
rs10810392	9	15529852	0.34171	G	A	0.70236	0.998296	1.51335	2.2E-01	0.00598602	0.00430358	1.93472	1.6E-01	1.02375	3.1E-01
rs10962547	9	16712247	0.359896	T	A	0.827268	0.993311	1.99672	1.6E-01	-0.00887166	0.00520498	2.90517	8.8E-02	3.22604	7.2E-02
rs10965693	9	23194860	0.454296	C	T	0.628014	0.995687	2.57952	1.1E-01	0.00612725	0.00407794	2.25762	1.3E-01	0.70625	4.0E-01
rs1342097	9	27748698	0.533307	A	T	0.527835	0.986968	0.570518	4.5E-01	0.0035516	0.00396006	0.804347	3.7E-01	1.18476	2.8E-01
rs2383827	9	29628356	0.55829	A	G	0.577794	0.982182	1.78878	1.8E-01	0.00513976	0.00401633	1.63767	2.0E-01	1.63484	2.0E-01
rs10973183	9	37066231	0.624601	T	C	0.461642	0.99687	0.00319327	9.5E-01	0.000297346	0.00394516	0.0056806	9.4E-01	0.0592062	8.1E-01
rs7038966	9	73777777	0.840061	C	T	0.590126	0.987057	3.3093	6.9E-02	0.0080566	0.00402877	3.99907	4.6E-02	3.44301	6.4E-02
rs10116186	9	80532374	0.931287	A	G	0.456662	0.990981	0.398661	5.3E-01	-0.00193584	0.00395393	0.239709	6.2E-01	0.234816	6.3E-01
rs12342093	9	81341229	0.940469	G	T	0.587897	0.986826	3.02651	8.2E-02	0.00771925	0.00402593	3.67637	5.5E-02	4.14062	4.2E-02
rs2777768	9	84186734	0.972648	A	G	0.731104	0.99467	0.320215	5.7E-01	0.00298468	0.00445061	0.449735	5.0E-01	0.686106	4.1E-01
rs13283585	9	92011763	1.08794	G	A	0.776059	0.992567	16.4081	5.1E-05	-0.0187724	0.00472718	15.7701	7.2E-05	14.2986	1.6E-04
rs10820852	9	94186973	1.11918	C	A	0.724507	0.995129	1.60664	2.0E-01	0.00495016	0.00442151	1.25342	2.6E-01	2.10025	1.5E-01
rs11999013	9	96154352	1.13313	A	C	0.83665	0.993837	0.958954	3.3E-01	-0.00554212	0.00532892	1.08162	3.0E-01	1.30761	2.5E-01
rs13298187	9	102086525	1.19449	G	C	0.557964	0.995745	1.5665	2.1E-01	0.00638338	0.00396824	2.58765	1.1E-01	1.8477	1.7E-01
rs1484375	9	109067561	1.25942	A	G	0.222288	1	2.04939	1.5E-01	0.00650086	0.00473005	1.88891	1.7E-01	1.61921	2.0E-01
rs2417998	9	111958746	1.3058	C	G	0.292548	0.991129	0.733484	3.9E-01	0.00420571	0.00435374	0.933154	3.3E-01	1.22262	2.7E-01
rs28693508	9	120361418	1.43341	C	G	0.660764	0.99984	0.271523	6.0E-01	0.00202922	0.00414142	0.240083	6.2E-01	0.281323	6.0E-01
rs7864914	9	122631415	1.46605	A	G	0.895914	0.994445	0.0465229	8.3E-01	0.00409656	0.00647521	0.400251	5.3E-01	0.582255	4.5E-01
rs10985963	9	126081738	1.50258	C	T	0.655668	1	0.48505	4.9E-01	0.00173961	0.00413737	0.176789	6.7E-01	0.424044	5.1E-01
rs10986291	9	127016271	1.51402	A	T	0.663493	0.998445	0.326061	5.7E-01	0.00227074	0.00416539	0.297183	5.9E-01	0.216952	6.4E-01
rs3003606	9	130982416	1.5501	C	T	0.447842	0.997618	0.961395	3.3E-01	-0.00319301	0.00396909	0.647169	4.2E-01	0.250609	6.2E-01
rs2210625	10	10256274	0.226551	A	C	0.83048	0.994947	0.0817536	7.7E-01	-0.00031005	0.00525113	0.00348626	9.5E-01	0.00046741	9.8E-01
rs10904791	10	16722347	0.376643	A	C	0.330661	0.975889	3.35472	6.7E-02	-0.00845998	0.00422881	4.00223	4.5E-02	3.77217	5.2E-02
rs12761995	10	21690509	0.466409	A	C	0.833819	0.987021	0.471545	4.9E-01	-0.00293819	0.00531218	0.305925	5.8E-01	0.332597	5.6E-01
rs4097319	10	33860515	0.618889	T	G	0.565846	0.995031	1.22608	2.7E-01	0.00522827	0.00398026	1.72541	1.9E-01	1.99397	1.6E-01
rs17231072	10	33951730	0.620984	A	C	0.842226	0.991796	10.9124	9.6E-04	-0.0197458	0.00540713	13.3358	2.6E-04	10.9278	9.5E-04
rs10763587	10	52356264	0.733349	C	T	0.690787	0.970215	6.75011	9.4E-03	-0.0105857	0.00431738	6.01169	1.4E-02	8.31372	3.9E-03
rs1937683	10	53679060	0.748396	C	T	0.334981	1	1.07481	3.0E-01	-0.0041017	0.00417728	0.964139	3.3E-01	1.46141	2.3E-01
rs7070670	10	61842645	0.8423	C	T	0.672129	0.984388	4.32412	3.8E-02	0.00903077	0.00420603	4.61004	3.2E-02	4.64329	3.1E-02
rs4746865	10	64834173	0.870392	G	A	0.599382	0.999286	31.5464	1.9E-08	0.0214613	0.00401613	28.5559	9.1E-08	28.6096	8.9E-08
rs7090106	10	75720956	0.999154	A	T	0.787205	0.991026	1.44239	2.3E-01	-0.00549384	0.00481131	1.30384	2.5E-01	1.64924	2.0E-01
rs7075347	10	76533307	1.00123	C	T	0.934809	1	0.0235053	8.8E-01	-0.00225411	0.00795751	0.0802409	7.8E-01	0.195906	6.6E-01
rs12412597	10	87339257	1.13684	G	A	0.949687	0.989888	2.8806	9.0E-02	-0.0133576	0.00903793	2.18433	1.4E-01	1.45466	2.3E-01
rs10887571	10	88030441	1.14705	C	T	0.553302	0.979368	2.18848	1.4E-01	-0.00557297	0.00398391	1.95684	1.6E-01	2.46625	1.2E-01
rs2450444	10	93010383	1.20287	G	A	0.650548	0.997815	2.87975	9.0E-02	0.00699796	0.00411338	2.89431	8.9E-02	4.44506	3.5E-02
rs472818	10	99695057	1.26982	T	C	0.578411	0.981176	16.7067	4.4E-05	-0.0165179	0.00401137	16.9561	3.8E-05	17.6634	2.6E-05
rs72844408	10	102425467	1.29272	G	A	0.778973	0.986164	0.0942816	7.6E-01	-0.00210484	0.00476137	0.195422	6.6E-01	0.59349	4.4E-01
rs2296580	10	104241683	1.30539	G	T	0.700739	0.999674	2.40194	1.2E-01	-0.00646897	0.00429831	2.26504	1.3E-01	4.20945	4.0E-02
rs192569	10	104577915	1.30605	T	C	0.420829	0.996118	0.138783	7.1E-01	-0.00226162	0.00399513	0.320463	5.7E-01	0.473312	4.9E-01
rs7917983	10	114732882	1.3977	T	C	0.531909	1	0.00578049	9.4E-01	-0.000736912	0.00393327	0.0351013	8.5E-01	0.151458	7.0E-01
rs1637556	10	118568352	1.45195	G	A	0.562841	0.989119	6.18018	1.3E-02	0.0112218	0.00397785	7.95839	4.8E-03	7.67719	5.6E-03
rs845094	10	125206933	1.57263	C	T	0.578488	0.99077	1.33136	2.5E-01	-0.00495013	0.00399532	1.53508	2.2E-01	0.714179	4.0E-01
rs7923382	10	126576503	1.61167	T	C	0.770308	1	0.151545	7.0E-01	0.00196067	0.00467326	0.176023	6.7E-01	0.15175	7.0E-01
rs2028395	10	126726558	1.61328	G	C	0.553102	0.997728	1.59362	2.1E-01	-0.00512068	0.0039542	1.67702	2.0E-01	2.6297	1.0E-01
rs2252305	10	131114131	1.7313	A	G	0.34019	0.976818	0.708019	4.0E-01	0.00199677	0.00419158	0.226934	6.3E-01	0.0399818	8.4E-01
rs10902221	11	802379	0.0108629	T	C	0.487789	0.998916	0.0656972	8.0E-01	-0.000635216	0.00394337	0.0259483	8.7E-01	0.00560417	9.4E-01
rs7126629	11	2228952	0.0544298	C	A	0.181022	0.993387	3.80377	5.1E-02	0.00977474	0.00511767	3.64809	5.6E-02	4.46247	3.5E-02
rs7938031	11	8366148	0.188301	C	T	0.68318	0.996274	1.44133	2.3E-01	0.00567224	0.00423353	1.79516	1.8E-01	0.75221	3.9E-01
rs4586148	11	8430938	0.18954	C	A	0.946845	0.99847	0.278479	6.0E-01	0.0036686	0.00876642	0.175129	6.8E-01	0.309537	5.8E-01
rs7484027	11	17368381	0.298183	T	A	0.5558	0.993279	0.0156598	9.0E-01	0.00016501	0.00396891	0.00172854	9.7E-01	6.5236e-06	1.0E+00
rs35298551	11	27224030	0.462668	T	C	0.844471	1	4.99657	2.5E-02	0.0125858	0.00541795	5.39624	2.0E-02	7.22911	7.2E-03
rs558887	11	28712741	0.468359	A	G	0.692542	0.992085	0.0351753	8.5E-01	-0.0015141	0.00427594	0.125385	7.2E-01	0.31947	5.7E-01
rs67670125	11	30214914	0.478895	C	T	0.77199	0.995153	6.4596	1.1E-02	0.0124364	0.00468651	7.04188	8.0E-03	6.98403	8.2E-03
rs982243	11	43529703	0.620806	A	G	0.508132	0.998514	0.00995633	9.2E-01	-0.000235011	0.00392839	0.00357887	9.5E-01	0.00658922	9.4E-01
rs2679055	11	43610813	0.622009	T	C	0.545816	0.999238	3.04316	8.1E-02	0.00778278	0.00394976	3.88265	4.9E-02	3.81733	5.1E-02
rs10838201	11	43937089	0.623077	A	T	0.566417	0.994597	1.2196	2.7E-01	0.00457994	0.00398143	1.32325	2.5E-01	0.996924	3.2E-01
rs6485613	11	45337440	0.656974	C	T	0.176517	0.997513	1.34427	2.5E-01	-0.00598729	0.00514907	1.35208	2.4E-01	2.03921	1.5E-01
rs2071304	11	47372377	0.665184	G	C	0.680113	0.982508	21.6068	3.3E-06	-0.0200163	0.00422752	22.418	2.2E-06	24.9477	5.9E-07
rs198476	11	61525730	0.703236	G	A	0.517734	0.990354	24.4095	7.8E-07	0.0175988	0.00395127	19.8377	8.4E-06	22.6547	1.9E-06
rs4564341	11	61573540	0.704001	C	T	0.9275	0.991114	118.247	1.5E-27	-0.0830046	0.00759687	119.381	8.6E-28	119.829	6.9E-28
rs7942337	11	76465272	0.842642	C	T	0.78322	0.971559	5.91245	1.5E-02	0.0100636	0.00484076	4.32194	3.8E-02	6.77052	9.3E-03
rs10898317	11	84613479	0.936326	C	T	0.485862	1	1.24556	2.6E-01	0.00456315	0.00393666	1.34361	2.5E-01	1.03196	3.1E-01
rs61903695	11	89922417	0.975709	A	G	0.744306	0.999211	2.34367	1.3E-01	-0.00716839	0.00450571	2.53114	1.1E-01	2.32419	1.3E-01
rs2513999	11	103019633	1.1154	A	G	0.152447	0.996865	2.66724	1.0E-01	-0.00960457	0.00546896	3.08423	7.9E-02	2.38197	1.2E-01
rs719802	11	113234679	1.20429	T	C	0.385921	1	0.18215	6.7E-01	0.00185748	0.00402916	0.21253	6.4E-01	0.0874223	7.7E-01
rs2507887	11	114961537	1.22996	T	C	0.521825	0.996335	0.012761	9.1E-01	-0.00148863	0.00393627	0.143022	7.1E-01	0.141381	7.1E-01
rs139118317	11	116399521	1.25458	C	T	0.98937	0.917436	80.5352	2.9E-19	-0.177099	0.0199313	78.9519	6.4E-19	82.7497	9.3E-20
rs10750446	11	130706918	1.51208	T	C	0.489006	0.998451	0.0176076	8.9E-01	-0.00036453	0.00392052	0.00864531	9.3E-01	0.128804	7.2E-01
rs1040103	11	131442151	1.53674	A	G	0.461781	0.994917	5.45026	2.0E-02	-0.0098854	0.00394293	6.28566	1.2E-02	5.93859	1.5E-02
rs7941631	11	131930432	1.54756	G	C	0.691466	0.996305	0.250791	6.2E-01	0.00158932	0.00425284	0.139658	7.1E-01	0.463041	5.0E-01
rs3088353	12	862641	0.0207663	T	G	0.540089	0.945945	0.0926513	7.6E-01	8.83511e-05	0.00404883	0.000476174	9.8E-01	0.000315161	9.9E-01
rs12422552	12	14413931	0.308896	G	C	0.732829	0.993361	7.13982	7.5E-03	0.0116887	0.00446393	6.85646	8.8E-03	7.70291	5.5E-03
rs10846451	12	17099885	0.336898	A	G	0.700154	0.983369	8.77007	3.1E-03	0.0128896	0.00433493	8.84126	2.9E-03	10.3681	1.3E-03
rs6486935	12	19209501	0.354456	T	A	0.252354	0.994884	0.496716	4.8E-01	0.00224717	0.00453167	0.245899	6.2E-01	0.242339	6.2E-01
rs16926776	12	24001905	0.419584	C	T	0.923178	1	0.0625429	8.0E-01	0.00106697	0.00738395	0.0208797	8.9E-01	0.0355933	8.5E-01
rs6488140	12	33370406	0.544222	G	A	0.878388	0.997569	0.000115454	9.9E-01	0.000158191	0.00601427	0.000691824	9.8E-01	0.016951	9.0E-01
rs76573653	12	49380073	0.624418	T	G	0.961609	1	0.814655	3.7E-01	-0.0123848	0.0102375	1.4635	2.3E-01	1.12128	2.9E-01
rs2720296	12	50169070	0.630128	G	A	0.609758	0.950295	0.178872	6.7E-01	-0.00166409	0.00412363	0.162852	6.9E-01	0.00504011	9.4E-01
rs113397893	12	57611285	0.721064	A	G	0.9212	0.973344	2.30477	1.3E-01	0.0111258	0.00737518	2.2757	1.3E-01	1.95767	1.6E-01
rs7979776	12	68205353	0.825207	G	T	0.177617	0.996558	4.21544	4.0E-02	0.0105074	0.00515757	4.15048	4.2E-02	4.0589	4.4E-02
rs61754230	12	72179446	0.876527	C	T	0.980435	1	3.00869	8.3E-02	-0.0252209	0.0141463	3.17859	7.5E-02	4.45362	3.5E-02
rs11115160	12	82424100	0.983055	G	A	0.761725	0.987625	5.70995	1.7E-02	0.0107891	0.00464011	5.40646	2.0E-02	6.49829	1.1E-02
rs704067	12	89726027	1.03172	G	A	0.54643	0.989595	0.00370532	9.5E-01	-0.000558211	0.00396704	0.0197999	8.9E-01	0.00478808	9.4E-01
rs11105846	12	91257268	1.04236	G	T	0.632238	0.98376	0.171313	6.8E-01	0.00087019	0.00411568	0.0447038	8.3E-01	0.00475693	9.5E-01
rs1420341	12	97913785	1.14795	C	T	0.171739	0.989054	0.38678	5.3E-01	0.0029292	0.00523418	0.313186	5.8E-01	0.0710146	7.9E-01
rs10735363	12	99524896	1.16631	T	C	0.334204	1	2.74929	9.7E-02	0.00729821	0.00416705	3.06743	8.0E-02	2.91719	8.8E-02
rs1895951	12	108268689	1.27225	T	C	0.779282	0.981758	2.40219	1.2E-01	0.00825431	0.0047894	2.9703	8.5E-02	4.10504	4.3E-02
rs3825393	12	109883374	1.29241	T	C	0.362954	1	0.0885776	7.7E-01	0.00147222	0.00407925	0.130251	7.2E-01	0.0332414	8.6E-01
rs10850838	12	110278812	1.29736	C	T	0.686864	0.989427	0.660049	4.2E-01	-0.00514679	0.00426844	1.4539	2.3E-01	0.94676	3.3E-01
rs11066188	12	112610714	1.303	G	A	0.591057	0.996937	11.7622	6.0E-04	-0.0149419	0.00400715	13.9041	1.9E-04	17.3489	3.1E-05
rs144782841	12	121633581	1.45609	C	G	0.874501	0.99275	5.69137	1.7E-02	-0.015547	0.00595828	6.80847	9.1E-03	6.41498	1.1E-02
rs181617194	12	122011598	1.46244	T	C	0.959381	0.835918	12.1211	5.0E-04	-0.0411552	0.0108792	14.3105	1.5E-04	10.9009	9.6E-04
rs7953379	12	123030285	1.46756	A	G	0.647007	0.998006	10.3232	1.3E-03	0.0134704	0.00411953	10.6921	1.1E-03	10.6148	1.1E-03
rs3897102	12	123492112	1.47105	C	T	0.587824	0.982525	0.281442	6.0E-01	-0.00201602	0.00402924	0.250347	6.2E-01	0.864839	3.5E-01
rs7969633	12	133310887	1.74925	C	T	0.267076	0.9952	0.529192	4.7E-01	0.00160741	0.00445974	0.129908	7.2E-01	0.149911	7.0E-01
rs9579775	13	20616557	0.0139469	A	C	0.863855	0.926233	1.75015	1.9E-01	0.00866014	0.00596502	2.10778	1.5E-01	1.21425	2.7E-01
rs4238202	13	27902148	0.193689	A	G	0.258919	0.9902	1.3131	2.5E-01	0.00518772	0.00451362	1.321	2.5E-01	1.59454	2.1E-01
rs1885989	13	28010117	0.196447	G	A	0.819991	0.999055	3.14646	7.6E-02	-0.010025	0.00511154	3.84648	5.0E-02	4.37806	3.6E-02
rs12872889	13	28674628	0.213575	T	C	0.769448	0.972921	8.17842	4.2E-03	-0.0128314	0.00473512	7.34318	6.7E-03	7.55503	6.0E-03
rs1928496	13	31012904	0.263323	C	T	0.256087	1	10.1364	1.5E-03	-0.0149057	0.00450608	10.9423	9.4E-04	9.8366	1.7E-03
rs7993153	13	33378785	0.304672	A	T	0.527179	0.996937	1.54458	2.1E-01	0.00496425	0.00394177	1.58607	2.1E-01	1.27254	2.6E-01
rs41284828	13	50963685	0.538953	G	A	0.969277	0.943856	3.92604	4.8E-02	0.0200351	0.0117	2.93229	8.7E-02	3.27985	7.0E-02
rs9536417	13	54018393	0.568081	G	A	0.819355	0.953229	4.54617	3.3E-02	0.0110593	0.00522563	4.479	3.4E-02	5.68055	1.7E-02
rs13378227	13	54793818	0.572267	C	T	0.448494	0.996048	0.493928	4.8E-01	0.00229625	0.00395889	0.336428	5.6E-01	0.10185	7.5E-01
rs9563521	13	58254773	0.585028	A	C	0.870679	0.988428	0.88009	3.5E-01	0.00616309	0.00589853	1.09172	3.0E-01	0.721965	4.0E-01
rs9538189	13	59333776	0.588946	C	G	0.833107	0.986627	0.114073	7.4E-01	-0.00178269	0.0053185	0.11235	7.4E-01	0.13471	7.1E-01
rs308597	13	62670010	0.616457	T	C	0.413014	0.995107	3.7473	5.3E-02	0.00825578	0.00399517	4.27018	3.9E-02	4.38695	3.6E-02
rs4421883	13	79561962	0.787183	T	C	0.494175	0.996287	5.77658	1.6E-02	-0.00890309	0.00394611	5.0903	2.4E-02	5.62543	1.8E-02
rs9547363	13	86322442	0.835108	T	C	0.513712	0.967142	0.0562635	8.1E-01	0.000576186	0.00399669	0.0207837	8.9E-01	0.0685071	7.9E-01
rs12585736	13	96845882	0.935798	G	A	0.693698	0.99638	0.427077	5.1E-01	0.00403422	0.00427772	0.889391	3.5E-01	0.35176	5.5E-01
rs3783006	13	99111209	0.969059	G	C	0.550861	1	7.01477	8.1E-03	0.0102039	0.00394638	6.68558	9.7E-03	9.53302	2.0E-03
rs9514131	13	104090848	1.04319	G	T	0.878435	1	0.0703073	7.9E-01	0.00260466	0.00601492	0.187519	6.6E-01	0.248778	6.2E-01
rs9888533	13	107854612	1.13616	C	T	0.462035	0.966192	0.0784033	7.8E-01	-0.000661256	0.00400964	0.0271974	8.7E-01	0.131379	7.2E-01
rs4773331	13	111843007	1.24012	G	A	0.603622	0.995832	0.0224307	8.8E-01	-0.00115406	0.00402168	0.0823463	7.7E-01	0.125367	7.2E-01
rs9560110	13	112181233	1.24489	C	T	0.713945	0.999795	1.39246	2.4E-01	0.00473477	0.00434116	1.18956	2.8E-01	1.60739	2.0E-01
rs1241305	14	25868959	0.160798	G	T	0.560624	0.995412	1.27379	2.6E-01	-0.00357334	0.00396976	0.810252	3.7E-01	1.69601	1.9E-01
rs7494063	14	29549249	0.20712	A	C	0.807992	0.984291	0.675566	4.1E-01	0.00325021	0.00502463	0.418423	5.2E-01	0.44814	5.0E-01
rs8020889	14	30077029	0.215217	T	C	0.408054	0.999425	5.59116	1.8E-02	0.0100779	0.00401151	6.31143	1.2E-02	7.30475	6.9E-03
rs10148694	14	33273511	0.261796	C	T	0.646876	0.984296	3.79904	5.1E-02	0.0080275	0.00414542	3.74992	5.3E-02	3.77044	5.2E-02
rs1956151	14	40101060	0.364141	A	G	0.823524	0.999433	0.557144	4.6E-01	-0.00428573	0.00513888	0.695526	4.0E-01	1.28328	2.6E-01
rs12889085	14	42885336	0.38109	A	G	0.574098	0.993459	3.98026	4.6E-02	-0.00887	0.00399628	4.92646	2.6E-02	5.27899	2.2E-02
rs8181993	14	46803314	0.406055	G	A	0.435542	0.992832	1.78037	1.8E-01	-0.00542111	0.00398683	1.84893	1.7E-01	2.99433	8.4E-02
rs217667	14	62358847	0.565816	C	T	0.749883	0.994282	1.79046	1.8E-01	0.00613	0.00456253	1.80514	1.8E-01	1.27351	2.6E-01
rs8007097	14	62592332	0.568871	C	T	0.547989	0.988884	1.91838	1.7E-01	0.0065505	0.00396831	2.72482	9.9E-02	1.20492	2.7E-01
rs2526919	14	73107771	0.666826	A	G	0.468807	0.994062	2.06285	1.5E-01	0.00534654	0.00394459	1.83714	1.8E-01	1.75221	1.9E-01
rs6574100	14	73323682	0.670778	A	T	0.597593	0.994028	0.0471326	8.3E-01	0.00145478	0.00403557	0.129953	7.2E-01	0.164481	6.9E-01
rs11624311	14	79453542	0.744848	G	A	0.771541	0.993549	0.252521	6.2E-01	0.00309237	0.00469963	0.432968	5.1E-01	0.396429	5.3E-01
rs10144362	14	79974598	0.748284	G	A	0.611262	0.997089	0.0913267	7.6E-01	0.000573399	0.0040445	0.0200994	8.9E-01	0.0560807	8.1E-01
rs6574962	14	88341331	0.821353	G	T	0.252273	0.992916	1.41	2.4E-01	0.00518435	0.00454039	1.30378	2.5E-01	0.914749	3.4E-01
rs1152432	14	91373435	0.881772	T	A	0.280154	0.994872	2.03169	1.5E-01	0.0057465	0.00437855	1.72245	1.9E-01	3.03213	8.2E-02
rs740791	14	93699003	0.916417	C	T	0.733984	0.968997	0.0282304	8.7E-01	-0.000709782	0.00451448	0.0247192	8.8E-01	0.0032669	9.5E-01
rs2295659	14	101141544	1.07723	G	T	0.869818	0.990612	3.50038	6.1E-02	-0.0130657	0.00587793	4.94098	2.6E-02	5.65531	1.7E-02
rs3742406	14	101537857	1.08996	A	G	0.630498	0.998313	2.38122	1.2E-01	0.0061774	0.00407704	2.29573	1.3E-01	2.19165	1.4E-01
rs72708844	14	103834091	1.12399	C	G	0.759439	0.99572	0.57347	4.5E-01	-0.00274312	0.00461589	0.353167	5.5E-01	0.350405	5.5E-01
rs12594043	15	27034988	0.374858	G	C	0.478806	0.998824	1.65936	2.0E-01	-0.00423735	0.0039428	1.15499	2.8E-01	2.32096	1.3E-01
rs4365252	15	31842371	0.454988	C	A	0.534885	0.990048	0.392598	5.3E-01	-0.00212988	0.00396125	0.289099	5.9E-01	0.287804	5.9E-01
rs1435670	15	36390393	0.544421	A	T	0.499057	0.999048	0.372751	5.4E-01	0.00264005	0.00393796	0.44945	5.0E-01	0.414759	5.2E-01
rs10775122	15	41898711	0.63274	C	T	0.183298	0.995919	8.21634	4.2E-03	0.0128599	0.00509051	6.38197	1.2E-02	6.15887	1.3E-02
rs765787	15	45500047	0.653911	A	G	0.820239	1	0.172566	6.8E-01	-0.00354553	0.00518154	0.468214	4.9E-01	0.399988	5.3E-01
rs10519044	15	46381874	0.6636	T	C	0.709811	0.994588	0.203425	6.5E-01	-0.00245135	0.00434438	0.318386	5.7E-01	0.482826	4.9E-01
rs2622775	15	51999970	0.710456	C	T	0.586011	1	1.39038	2.4E-01	-0.00535568	0.0039957	1.79656	1.8E-01	1.08559	3.0E-01
rs335497	15	53383101	0.722756	T	G	0.0736902	0.995552	4.29632	3.8E-02	-0.0133452	0.00753213	3.13915	7.6E-02	4.56652	3.3E-02
rs1123294	15	58545064	0.781703	C	G	0.831158	0.986357	105.75	8.4E-25	0.0544871	0.00527442	106.718	5.1E-25	110.957	6.0E-26
rs2242066	15	58839337	0.793581	G	A	0.848078	0.997046	1.83537	1.8E-01	0.00792907	0.0054835	2.09088	1.5E-01	1.88835	1.7E-01
rs8033510	15	61445514	0.841628	T	C	0.364718	0.994338	0.550294	4.6E-01	0.00319135	0.00410147	0.60544	4.4E-01	0.927354	3.4E-01
rs3087660	15	66797492	0.89698	G	A	0.395797	0.999328	1.14956	2.8E-01	0.00477215	0.00401323	1.41397	2.3E-01	0.972753	3.2E-01
rs2415130	15	72242554	0.983024	G	A	0.765191	0.998693	10.082	1.5E-03	0.0148473	0.00464233	10.2288	1.4E-03	11.103	8.6E-04
rs478438	15	73630686	0.990231	G	A	0.909358	0.98938	2.34087	1.3E-01	0.0126124	0.00689976	3.34141	6.8E-02	2.36225	1.2E-01
rs35364449	15	74278126	0.995964	C	T	0.890533	0.989263	1.2636	2.6E-01	-0.0050004	0.00633864	0.622325	4.3E-01	0.276658	6.0E-01
rs62007782	15	78029797	1.01266	G	A	0.734022	0.996291	11.0466	8.9E-04	0.013389	0.00444542	9.07131	2.6E-03	8.29538	4.0E-03
rs1531895	15	80992165	1.05797	G	A	0.532916	0.995023	0.0344361	8.5E-01	-8.03491e-05	0.00394738	0.000414327	9.8E-01	2.61751e-05	1.0E+00
rs66615128	15	92561941	1.21822	G	C	0.785237	0.999315	4.86073	2.7E-02	0.0112282	0.00478381	5.50896	1.9E-02	6.86112	8.8E-03
rs6496036	15	95249902	1.31575	A	C	0.565021	0.985876	3.67933	5.5E-02	0.00775542	0.00399297	3.77242	5.2E-02	4.03446	4.5E-02
rs7166757	15	98259616	1.39637	A	G	0.612081	0.979588	2.92516	8.7E-02	0.00809721	0.00407302	3.95219	4.7E-02	4.54324	3.3E-02
rs57221746	15	99230035	1.42335	G	A	0.774928	0.998898	10.5176	1.2E-03	0.0167937	0.00472361	12.64	3.8E-04	12.5369	4.0E-04
rs432925	16	334580	0.00365345	G	C	0.715696	0.978663	1.64427	2.0E-01	0.00548224	0.00440429	1.5494	2.1E-01	2.03076	1.5E-01
rs3211995	16	2089006	0.0428409	G	A	0.840439	0.989857	2.9838	8.4E-02	0.00813234	0.00540605	2.26293	1.3E-01	3.05161	8.1E-02
rs2285813	16	3566102	0.0672749	C	A	0.71444	0.994926	2.53165	1.1E-01	-0.00832628	0.00436526	3.63816	5.6E-02	2.76856	9.6E-02
rs2531993	16	4014245	0.0722296	A	G	0.155356	0.997332	0.0498432	8.2E-01	0.000146965	0.00542627	0.000733538	9.8E-01	0.176045	6.7E-01
rs12927792	16	9713194	0.229734	C	T	0.573706	0.986089	1.91233	1.7E-01	-0.00498403	0.00400603	1.54787	2.1E-01	1.27109	2.6E-01
rs739639	16	19527777	0.388214	C	T	0.359277	0.997014	0.00773076	9.3E-01	0.000691714	0.0040947	0.028537	8.7E-01	0.0533792	8.2E-01
rs227762	16	19859406	0.390054	G	A	0.521259	0.978383	0.08922	7.7E-01	-0.00268755	0.00397404	0.45735	5.0E-01	0.4571	5.0E-01
rs11074444	16	20241686	0.397902	T	C	0.206912	0.996432	0.704374	4.0E-01	-0.00273696	0.0048528	0.318091	5.7E-01	0.497086	4.8E-01
rs9929613	16	24599316	0.461035	A	G	0.261396	0.954325	0.196005	6.6E-01	0.00167657	0.00456855	0.134675	7.1E-01	0.166953	6.8E-01
rs865719	16	28379443	0.542171	A	G	0.586842	0.968132	2.99247	8.4E-02	-0.00728468	0.00404583	3.24195	7.2E-02	3.67121	5.5E-02
rs28517865	16	29914142	0.552217	C	T	0.433691	0.992308	2.33685	1.3E-01	-0.00441986	0.0039875	1.22862	2.7E-01	1.35223	2.4E-01
rs9319587	16	30833246	0.554994	C	T	0.60914	0.997546	0.645978	4.2E-01	0.00407245	0.00402394	1.02426	3.1E-01	0.974816	3.2E-01
rs6500208	16	49011249	0.571189	G	A	0.793086	0.993709	0.186834	6.7E-01	0.00244343	0.00485666	0.25312	6.1E-01	0.0921773	7.6E-01
rs111617945	16	53557517	0.64416	T	C	0.895528	0.985634	0.021164	8.8E-01	-0.00077444	0.00647691	0.0142968	9.0E-01	0.00774623	9.3E-01
rs8048396	16	53770749	0.644865	C	A	0.489928	0.995604	0.0766257	7.8E-01	-0.000102141	0.0039446	0.000670488	9.8E-01	0.000493002	9.8E-01
rs12596054	16	53834684	0.646096	A	C	0.853705	0.996549	0.79772	3.7E-01	-0.00676645	0.00554602	1.48854	2.2E-01	1.14829	2.8E-01
rs11649379	16	56493573	0.721474	C	T	0.827289	0.998629	2.70588	1.0E-01	-0.00821842	0.00519489	2.50279	1.1E-01	3.0967	7.8E-02
rs7205692	16	56986914	0.730024	A	G	0.844175	0.983611	75.1303	4.4E-18	-0.0462724	0.00545446	71.9683	2.2E-17	78.4076	8.4E-19
rs2962446	16	62862539	0.808465	A	T	0.476039	0.98622	6.60183	1.0E-02	0.00872923	0.00396284	4.85219	2.8E-02	3.41713	6.5E-02
rs8056893	16	68304392	0.850738	C	A	0.26701	0.992269	4.0197	4.5E-02	0.0101543	0.00445561	5.19384	2.3E-02	5.07429	2.4E-02
rs113093305	16	69424312	0.855386	C	T	0.965603	0.988361	0.0814119	7.8E-01	0.00484885	0.0108628	0.199249	6.6E-01	0.412871	5.2E-01
rs244416	16	69665208	0.858568	T	C	0.151061	0.993922	11.1283	8.5E-04	0.0177757	0.0055108	10.4046	1.3E-03	12.0184	5.3E-04
rs8059061	16	76699487	0.935641	A	C	0.820057	0.993717	0.872995	3.5E-01	-0.00647418	0.00512736	1.59434	2.1E-01	2.54768	1.1E-01
rs4888162	16	81687645	1.05261	C	T	0.517471	1	2.08515	1.5E-01	-0.00339197	0.00392444	0.74705	3.9E-01	0.743616	3.9E-01
rs12922346	16	82438337	1.07453	G	C	0.731318	0.983645	0.996267	3.2E-01	0.00587309	0.00447228	1.72455	1.9E-01	0.775244	3.8E-01
rs77081114	17	1816762	0.0641667	G	A	0.834564	1	0.2169	6.4E-01	0.00388777	0.00529354	0.539397	4.6E-01	0.810147	3.7E-01
rs9914578	17	2005136	0.0688706	C	G	0.798239	0.995727	0.0131897	9.1E-01	0.000772579	0.00490056	0.0248539	8.7E-01	0.0705082	7.9E-01
rs2779207	17	15870401	0.425124	T	A	0.431236	0.973217	0.956106	3.3E-01	0.00397908	0.00401971	0.97989	3.2E-01	1.62537	2.0E-01
rs8078513	17	17431208	0.44474	C	A	0.942649	0.969738	34.2446	4.9E-09	-0.0525494	0.0085872	37.4484	9.4E-10	36.0928	1.9E-09
rs4985996	17	21155684	0.471012	C	T	0.650988	0.996698	6.14268	1.3E-02	0.0108944	0.00413247	6.95001	8.4E-03	6.00998	1.4E-02
rs11080090	17	27502029	0.494582	G	A	0.157423	0.985283	0.372057	5.4E-01	-0.00413952	0.00545187	0.576513	4.5E-01	0.660787	4.2E-01
rs4794859	17	27962393	0.496881	T	G	0.529334	0.996548	0.454207	5.0E-01	-0.00311425	0.00394272	0.6239	4.3E-01	0.610718	4.3E-01
rs17836689	17	31448234	0.526044	G	A	0.759277	0.987977	0.122823	7.3E-01	-0.000536172	0.00461481	0.013499	9.1E-01	0.140572	7.1E-01
rs4794977	17	32247585	0.548126	C	G	0.577787	0.980309	1.74109	1.9E-01	0.00505058	0.00402896	1.57143	2.1E-01	1.52961	2.2E-01
rs242556	17	44002250	0.689918	A	T	0.233994	0.95327	1.04897	3.1E-01	-0.00433365	0.00475702	0.82992	3.6E-01	0.365021	5.5E-01
rs2905855	17	46081915	0.703376	G	A	0.562305	0.989999	5.28264	2.2E-02	0.00889864	0.00397693	5.0067	2.5E-02	3.78285	5.2E-02
rs11657868	17	46942681	0.706999	G	A	0.718196	0.996518	8.89953	2.9E-03	0.0123446	0.00437557	7.95944	4.8E-03	7.10698	7.7E-03
rs8067262	17	56048720	0.848038	T	G	0.911457	0.997899	3.48011	6.2E-02	-0.0141421	0.00692279	4.17318	4.1E-02	5.79661	1.6E-02
rs11655589	17	61608163	0.886764	A	G	0.666344	0.975736	5.58494	1.8E-02	0.00946284	0.00421612	5.03753	2.5E-02	4.52603	3.3E-02
rs8079078	17	65821166	0.947735	C	A	0.303724	0.990268	22.0353	2.7E-06	0.0196986	0.00430175	20.9692	4.7E-06	21.1956	4.1E-06
rs936393	17	73847613	1.10376	A	G	0.812219	0.99328	4.26026	3.9E-02	0.00828558	0.00506513	2.67587	1.0E-01	2.89407	8.9E-02
rs12452576	17	76386037	1.16617	A	C	0.389188	0.962511	48.4872	3.3E-12	0.0271018	0.0041156	43.3642	4.5E-11	43.3237	4.6E-11
rs11658698	17	78518327	1.2499	C	T	0.72961	0.995739	0.0615957	8.0E-01	0.000922905	0.00442774	0.043446	8.3E-01	0.0250217	8.7E-01
rs12051698	17	79046374	1.26006	C	G	0.647102	0.980656	0.631226	4.3E-01	-0.00302269	0.00415391	0.529508	4.7E-01	0.83866	3.6E-01
rs8089699	18	1813412	0.0476566	G	A	0.882906	0.939184	0.0385549	8.4E-01	-0.000355227	0.00629465	0.0031847	9.5E-01	0.338786	5.6E-01
rs508481	18	7542241	0.240303	A	G	0.868636	0.989942	3.81999	5.1E-02	0.00928896	0.00585428	2.5176	1.1E-01	2.51875	1.1E-01
rs9948870	18	20967065	0.431819	G	A	0.605062	0.993522	1.17105	2.8E-01	0.00637811	0.00404707	2.48371	1.2E-01	3.3108	6.9E-02
rs1349351	18	22191762	0.447116	G	A	0.5985	0.999082	0.0187384	8.9E-01	0.000476549	0.00401974	0.0140546	9.1E-01	0.0170858	9.0E-01
rs7228141	18	31214950	0.540827	G	C	0.463505	0.995475	16.8995	3.9E-05	-0.0156002	0.00394854	15.6096	7.8E-05	15.6066	7.8E-05
rs9957032	18	39467208	0.603798	T	C	0.818223	1	0.997052	3.2E-01	-0.00480335	0.00509963	0.887177	3.5E-01	0.810101	3.7E-01
rs4561553	18	40687764	0.611644	T	G	0.407513	0.997769	17.3168	3.2E-05	-0.0165923	0.00401417	17.0852	3.6E-05	17.8465	2.4E-05
rs8096662	18	42533130	0.62282	A	G	0.145554	0.98702	3.82875	5.0E-02	0.0107809	0.00561975	3.68026	5.5E-02	4.44874	3.5E-02
rs9964756	18	50441817	0.72912	T	G	0.107895	0.997466	3.69029	5.5E-02	-0.0114605	0.00634662	3.26081	7.1E-02	1.91768	1.7E-01
rs28687557	18	52547057	0.739845	G	A	0.227453	0.993369	0.670889	4.1E-01	0.00451122	0.0047102	0.917299	3.4E-01	1.32059	2.5E-01
rs7243357	18	56883319	0.801149	T	G	0.822165	0.991788	1.67696	2.0E-01	0.00506384	0.00517601	0.957129	3.3E-01	1.10555	2.9E-01
rs681630	18	57827605	0.821594	A	G	0.565363	0.998337	2.27976	1.3E-01	-0.00727874	0.00398302	3.33954	6.8E-02	3.65469	5.6E-02
rs8097783	18	58051294	0.823036	G	A	0.926154	1	0.0884737	7.7E-01	0.00271771	0.00753423	0.130115	7.2E-01	0.600016	4.4E-01
rs74625348	18	60846430	0.867759	G	C	0.770962	0.97218	10.1634	1.4E-03	0.013049	0.00473552	7.59316	5.9E-03	8.14055	4.3E-03
rs10460125	18	63415573	0.904306	C	T	0.725399	0.998331	0.194629	6.6E-01	0.00382683	0.00441175	0.752414	3.9E-01	0.921006	3.4E-01
rs11663797	18	73497644	1.0888	G	A	0.273814	0.989477	1.10836	2.9E-01	-0.00518555	0.00443712	1.3658	2.4E-01	1.72375	1.9E-01
rs12151205	19	1808569	0.0682048	T	A	0.449087	0.963075	0.744064	3.9E-01	-0.00370643	0.00402303	0.848799	3.6E-01	1.00576	3.2E-01
rs10419634	19	1936672	0.069832	T	C	0.289767	0.973622	2.50555	1.1E-01	-0.00669706	0.00439451	2.32245	1.3E-01	1.7793	1.8E-01
rs79712071	19	2221892	0.075478	C	A	0.953635	0.968688	0.197465	6.6E-01	0.00445517	0.00948613	0.220572	6.4E-01	0.00542737	9.4E-01
rs62131468	19	3984788	0.142379	C	G	0.813006	0.97174	5.10841	2.4E-02	0.012507	0.00510839	5.99429	1.4E-02	6.55116	1.0E-02
rs3929396	19	18197093	0.447598	G	A	0.594992	0.983365	0.137324	7.1E-01	-0.00282215	0.00403504	0.489178	4.8E-01	0.680593	4.1E-01
rs113230003	19	18460956	0.450365	G	A	0.738161	0.981969	1.58548	2.1E-01	0.00542386	0.00450419	1.45005	2.3E-01	2.49934	1.1E-01
rs2003476	19	18806668	0.454309	T	C	0.593805	0.986683	5.8839	1.5E-02	0.0105156	0.0040269	6.81904	9.0E-03	5.40911	2.0E-02
rs8104983	19	19859845	0.463476	A	G	0.840942	0.982533	5.70159	1.7E-02	0.0128517	0.00540979	5.64363	1.8E-02	7.10284	7.7E-03
rs7247004	19	30240852	0.512599	A	G	0.68793	0.994107	3.89552	4.8E-02	-0.00883912	0.00425181	4.32185	3.8E-02	4.38138	3.6E-02
rs740671	19	30664619	0.518411	C	A	0.755917	0.990945	0.000175484	9.9E-01	-0.000592184	0.00458118	0.0167093	9.0E-01	0.151275	7.0E-01
rs7247158	19	31021597	0.524584	A	G	0.758301	0.996608	2.90798	8.8E-02	-0.00708553	0.0045984	2.37428	1.2E-01	2.4904	1.1E-01
rs461998	19	34319233	0.572882	T	C	0.328678	0.997354	0.527763	4.7E-01	0.00216532	0.00418645	0.267518	6.1E-01	0.396761	5.3E-01
rs62117160	19	45232161	0.700034	G	A	0.95457	1	100.572	1.1E-23	-0.095451	0.00943506	102.346	4.7E-24	107.48	3.5E-25
rs112450640	19	45296364	0.703043	G	A	0.980494	0.986145	124.426	6.8E-29	-0.160667	0.0143087	126.082	3.0E-29	134.292	4.7E-31
rs147711004	19	45337918	0.704947	G	A	0.963965	0.951931	4.58	3.2E-02	0.0250145	0.0107791	5.38544	2.0E-02	4.64742	3.1E-02
rs1884389	20	1410582	0.0620248	C	T	0.561411	0.990862	1.83297	1.8E-01	0.00537102	0.00397714	1.82377	1.8E-01	1.84411	1.7E-01
rs4813619	20	2815715	0.104851	G	T	0.491114	0.983542	5.81347	1.6E-02	0.010246	0.00397533	6.64302	1.0E-02	6.73708	9.4E-03
rs1884899	20	6572870	0.214153	A	G	0.226227	0.983564	0.876186	3.5E-01	0.00557284	0.00473307	1.38633	2.4E-01	1.3753	2.4E-01
rs16996637	20	15809996	0.385502	C	T	0.870003	0.979105	0.13227	7.2E-01	-0.00190611	0.00589381	0.104593	7.5E-01	0.18574	6.7E-01
rs852033	20	17085493	0.411169	A	C	0.247637	0.996482	0.969	3.2E-01	0.00479555	0.00456101	1.10549	2.9E-01	0.87721	3.5E-01
rs1409818	20	21381121	0.481069	C	T	0.898663	0.994593	0.10965	7.4E-01	0.00250855	0.00653431	0.147382	7.0E-01	0.253612	6.1E-01
rs66817095	20	25038484	0.515275	G	T	0.829542	1	4.80963	2.8E-02	-0.0116232	0.00525078	4.90013	2.7E-02	5.33458	2.1E-02
rs6120440	20	32517585	0.53634	G	A	0.354038	0.991596	2.8018	9.4E-02	-0.00667565	0.00413404	2.60758	1.1E-01	3.77413	5.2E-02
rs16989232	20	39291784	0.591389	G	A	0.601237	0.975601	6.61958	1.0E-02	0.0098047	0.00406445	5.81921	1.6E-02	7.64361	5.7E-03
rs6065904	20	44534651	0.671175	G	A	0.785224	1	104.161	1.9E-24	-0.0497863	0.00478941	108.058	2.6E-25	113.027	2.1E-26
rs1033715	20	50861193	0.791131	G	A	0.607164	0.99768	1.02676	3.1E-01	0.00460063	0.00403102	1.30258	2.5E-01	1.63647	2.0E-01
rs559390	20	54157546	0.855467	A	T	0.658111	0.996213	0.0309056	8.6E-01	-0.00119377	0.00415009	0.0827428	7.7E-01	0.119767	7.3E-01
rs6010789	20	61561153	1.07298	G	A	0.498553	1	3.49509	6.2E-02	0.00700379	0.00392883	3.1779	7.5E-02	2.68216	1.0E-01
rs2832283	21	30690558	0.291215	G	A	0.785768	0.992402	1.13365	2.9E-01	-0.00438946	0.00482509	0.827583	3.6E-01	1.28117	2.6E-01
rs2298330	21	38852728	0.419836	G	A	0.884475	0.986182	0.0368062	8.5E-01	-0.000157744	0.00619624	0.000648111	9.8E-01	0.014029	9.1E-01
rs1209950	21	40173528	0.44514	C	T	0.59796	1	5.54323	1.9E-02	-0.0113408	0.00400766	8.00762	4.7E-03	9.74954	1.8E-03
rs62222988	21	40569508	0.455465	T	C	0.626123	0.995886	11.5124	6.9E-04	-0.01368	0.00407585	11.2652	7.9E-04	14.7736	1.2E-04
rs2410204	21	41416838	0.475718	A	G	0.585399	0.993302	0.442424	5.1E-01	-0.00328475	0.00399887	0.674729	4.1E-01	0.108475	7.4E-01
rs111320751	21	46630890	0.622427	A	T	0.95568	0.926829	0.257632	6.1E-01	0.00690658	0.00994264	0.482528	4.9E-01	0.547137	4.6E-01
rs11704728	22	18130209	0.0626254	C	T	0.803471	0.990379	1.16121	2.8E-01	-0.00471079	0.00495775	0.902854	3.4E-01	0.542423	4.6E-01
rs5750508	22	38303155	0.469229	C	T	0.676364	0.994441	0.354873	5.5E-01	-0.00179324	0.00422623	0.18004	6.7E-01	0.335806	5.6E-01
rs8136269	22	40532444	0.498055	G	C	0.798232	0.992615	5.19738	2.3E-02	0.0106986	0.00492474	4.71937	3.0E-02	4.92394	2.6E-02
rs1953	22	41641984	0.50042	C	T	0.729724	0.993321	1.75547	1.9E-01	0.00566178	0.00443364	1.63074	2.0E-01	2.13145	1.4E-01
rs13056230	22	48874310	0.664361	C	T	0.572042	1	1.56977	2.1E-01	-0.0059353	0.0039681	2.23728	1.3E-01	3.08558	7.9E-02
