SNP	CHR	BP	GENPOS	ALLELE1	ALLELE0	A1FREQ	INFO	CHISQ_LINREG	P_LINREG	BETA	SE	CHISQ_BOLT_LMM_INF	P_BOLT_LMM_INF	CHISQ_BOLT_LMM	P_BOLT_LMM
rs28788874	1	1520725	0.0141684	C	T	0.585299	0.768295	0.132429	7.2E-01	0.00107316	0.00463166	0.0536849	8.2E-01	0.0743797	7.9E-01
rs10907187	1	1759054	0.0168675	G	A	0.730409	0.998294	2.00717	1.6E-01	-0.00731581	0.00452717	2.61139	1.1E-01	2.64215	1.0E-01
rs3001347	1	2426766	0.0346085	A	G	0.480235	0.993243	0.921415	3.4E-01	0.00433087	0.00401879	1.16134	2.8E-01	1.14074	2.9E-01
rs10779795	1	6677064	0.153978	A	G	0.662103	0.998314	1.8072	1.8E-01	-0.00630484	0.00425291	2.19773	1.4E-01	1.54136	2.1E-01
rs12136082	1	11102275	0.225397	A	G	0.192828	0.997704	0.469793	4.9E-01	0.00345166	0.00509005	0.459845	5.0E-01	0.407469	5.2E-01
rs3766160	1	15808872	0.325192	G	A	0.744147	1	0.197325	6.6E-01	0.00126391	0.00458704	0.0759224	7.8E-01	0.0655056	8.0E-01
rs12041062	1	19916886	0.402244	G	C	0.764485	0.997633	0.293194	5.9E-01	0.00275799	0.00473586	0.339145	5.6E-01	0.325897	5.7E-01
rs309517	1	23251592	0.460465	T	A	0.327298	0.967482	0.104323	7.5E-01	0.000877494	0.00434485	0.0407886	8.4E-01	0.0246078	8.8E-01
rs12564655	1	33254768	0.567573	T	C	0.831445	0.999657	5.86199	1.5E-02	-0.013932	0.00535681	6.76421	9.3E-03	8.77381	3.1E-03
rs13374459	1	39571211	0.669657	T	C	0.588291	0.9945	7.57912	5.9E-03	0.0106917	0.0040965	6.81184	9.1E-03	6.82272	9.0E-03
rs61743745	1	40036944	0.670228	G	A	0.970171	0.986128	0.156063	6.9E-01	0.00406976	0.0118517	0.117917	7.3E-01	0.062332	8.0E-01
rs41269113	1	46032543	0.727328	G	A	0.964407	0.991408	1.15331	2.8E-01	-0.0149534	0.0108765	1.89016	1.7E-01	1.09609	3.0E-01
rs4134058	1	47670911	0.739288	T	C	0.455325	0.994101	1.51858	2.2E-01	-0.00421802	0.00403936	1.09041	3.0E-01	1.19295	2.7E-01
rs7553454	1	49231261	0.759781	T	C	0.774925	0.984417	0.0102396	9.2E-01	-0.000824245	0.00483168	0.0291015	8.6E-01	0.0124808	9.1E-01
rs587271	1	54743111	0.7872	C	T	0.313179	0.916526	5.00635	2.5E-02	-0.0106091	0.0045343	5.47438	1.9E-02	5.69764	1.7E-02
rs78141582	1	57827517	0.843026	A	G	0.897687	0.998432	0.0455547	8.3E-01	0.000350192	0.006626	0.00279325	9.6E-01	0.0130212	9.1E-01
rs885581	1	62445706	0.914644	A	G	0.607676	0.990874	0.061536	8.0E-01	-0.00119192	0.00412344	0.0835557	7.7E-01	0.276923	6.0E-01
rs74082072	1	65970925	0.967975	T	C	0.917809	0.99363	2.45914	1.2E-01	0.0111542	0.00731168	2.32725	1.3E-01	2.51521	1.1E-01
rs2554414	1	72446164	1.03176	A	G	0.758572	0.995989	0.380349	5.4E-01	0.00301575	0.00468195	0.414894	5.2E-01	0.459057	5.0E-01
rs1514177	1	74991402	1.04313	C	G	0.424303	0.999432	0.127427	7.2E-01	-0.0015952	0.00406676	0.153863	6.9E-01	0.0640103	8.0E-01
rs12035349	1	77557339	1.06866	A	G	0.871887	0.977571	0.365698	5.5E-01	-0.00438097	0.00607425	0.520181	4.7E-01	0.953047	3.3E-01
rs115281275	1	77991129	1.0737	T	A	0.968661	0.902469	0.239439	6.2E-01	0.000281208	0.0120998	0.000540133	9.8E-01	0.061441	8.0E-01
rs10874123	1	80831434	1.08977	G	A	0.702146	0.997286	1.13705	2.9E-01	0.00369627	0.00438603	0.710205	4.0E-01	0.755427	3.8E-01
rs11810373	1	82473958	1.11392	A	G	0.745514	0.997739	2.13255	1.4E-01	-0.00697612	0.00460451	2.29541	1.3E-01	1.75328	1.9E-01
rs3131815	1	92664966	1.23012	C	T	0.805586	0.994558	0.138699	7.1E-01	0.00164554	0.00507788	0.105015	7.5E-01	0.0312344	8.6E-01
rs4347257	1	96269230	1.26259	C	T	0.535636	0.996672	2.57968	1.1E-01	0.00662117	0.00403132	2.69758	1.0E-01	2.37243	1.2E-01
rs4375301	1	98298371	1.27828	A	G	0.767049	0.993807	4.08915	4.3E-02	0.0101816	0.00476729	4.56126	3.3E-02	4.51933	3.4E-02
rs3108680	1	107572997	1.35724	T	C	0.650884	0.999501	20.0705	7.5E-06	-0.0184027	0.00422532	18.9689	1.3E-05	18.8724	1.4E-05
rs4970829	1	109757295	1.38629	G	A	0.927892	1	84.2182	4.4E-20	0.0705854	0.00775249	82.8985	8.6E-20	82.2276	1.2E-19
rs2076586	1	112273026	1.42823	C	T	0.754427	0.980886	2.67205	1.0E-01	-0.00812639	0.0047096	2.97733	8.4E-02	3.61829	5.7E-02
rs984222	1	119503843	1.50977	C	G	0.390696	1	0.0083165	9.3E-01	-0.000599016	0.00412116	0.021127	8.8E-01	0.057587	8.1E-01
rs4589116	1	151002510	1.65957	C	T	0.134449	0.990695	0.00906326	9.2E-01	-0.000103845	0.00591357	0.00030837	9.9E-01	0.0279939	8.7E-01
rs1870940	1	154984363	1.69828	G	A	0.72931	0.984186	1.28897	2.6E-01	0.00510988	0.0045549	1.25853	2.6E-01	1.79952	1.8E-01
rs75925257	1	155138842	1.69946	G	A	0.881515	1	1.26361	2.6E-01	0.00692079	0.00620724	1.24312	2.6E-01	0.792167	3.7E-01
rs35277691	1	171415327	1.93374	A	C	0.906541	0.997238	0.545497	4.6E-01	0.00624596	0.0069282	0.81275	3.7E-01	0.929451	3.4E-01
rs149415799	1	173657022	1.95091	G	C	0.975833	0.965388	0.0496131	8.2E-01	0.00194999	0.0132853	0.0215437	8.8E-01	0.001019	9.7E-01
rs3922650	1	177766694	1.98705	A	C	0.475966	0.997377	1.19314	2.7E-01	-0.00315998	0.00401776	0.618584	4.3E-01	0.789395	3.7E-01
rs2068973	1	177792715	1.98748	G	A	0.655699	0.993004	1.02122	3.1E-01	0.00398333	0.00424017	0.882527	3.5E-01	1.51705	2.2E-01
rs815342	1	190112653	2.09814	T	C	0.631918	0.98827	0.0118264	9.1E-01	-0.0020831	0.00418984	0.247188	6.2E-01	0.0814531	7.8E-01
rs12130221	1	194825306	2.13143	A	T	0.683256	0.997265	0.0477839	8.3E-01	-0.000183844	0.00432261	0.00180888	9.7E-01	4.83532e-07	1.0E+00
rs704633	1	201760981	2.19705	A	G	0.348748	0.991681	4.0177	4.5E-02	0.00839391	0.00421747	3.96118	4.7E-02	3.47145	6.2E-02
rs16849710	1	202106797	2.20149	A	G	0.471389	0.987868	0.722301	4.0E-01	-0.00431846	0.0040443	1.14017	2.9E-01	0.904264	3.4E-01
rs6540497	1	209205263	2.30771	G	C	0.422338	0.993216	0.232159	6.3E-01	0.00187662	0.00407405	0.212178	6.5E-01	0.328338	5.7E-01
rs11118308	1	219633869	2.43693	A	G	0.552201	0.999196	12.4562	4.2E-04	0.0137995	0.00403701	11.6844	6.3E-04	16.2032	5.7E-05
rs2491864	1	242986063	2.82336	G	A	0.781475	0.998975	0.0369352	8.5E-01	-0.00162307	0.00486537	0.111287	7.4E-01	0.0952462	7.6E-01
rs12042959	1	243533273	2.82744	A	G	0.856295	0.985729	1.25071	2.6E-01	-0.00713562	0.00575556	1.53705	2.2E-01	1.65785	2.0E-01
rs1474053	2	224086	0.00121739	T	A	0.30705	0.998582	4.57783	3.2E-02	-0.00964692	0.00435589	4.90482	2.7E-02	7.47995	6.2E-03
rs6548228	2	345889	0.00380575	T	C	0.47675	0.997111	2.48262	1.2E-01	-0.00722646	0.00402311	3.22646	7.2E-02	2.0295	1.5E-01
rs62117023	2	401319	0.00493919	G	A	0.746598	0.975524	1.46584	2.3E-01	0.00604298	0.00467391	1.67163	2.0E-01	2.31458	1.3E-01
rs13387998	2	512327	0.00653916	C	T	0.926049	0.992033	0.230314	6.3E-01	0.0038473	0.00770185	0.24953	6.2E-01	0.114553	7.4E-01
rs7596758	2	658595	0.00865972	T	G	0.702053	0.99674	2.16296	1.4E-01	0.00519893	0.00437806	1.41015	2.4E-01	1.6285	2.0E-01
rs11902450	2	12845368	0.29449	C	T	0.895435	0.993347	0.0657268	8.0E-01	-0.00099757	0.00658848	0.0229253	8.8E-01	0.0536288	8.2E-01
rs75971153	2	24689143	0.455958	T	C	0.805177	0.974205	4.42685	3.5E-02	-0.0117	0.00513702	5.18735	2.3E-02	5.10132	2.4E-02
rs75503394	2	25155419	0.457101	C	T	0.903817	0.987449	2.50706	1.1E-01	0.0105991	0.00683986	2.40131	1.2E-01	2.41479	1.2E-01
rs2384463	2	26942256	0.471361	A	G	0.475385	0.994749	0.0217628	8.8E-01	0.000890887	0.00403096	0.048846	8.3E-01	0.0788123	7.8E-01
rs6737895	2	35442725	0.577818	G	A	0.776382	1	0.0620717	8.0E-01	-0.00240582	0.00481922	0.249214	6.2E-01	0.0286845	8.7E-01
rs10185199	2	40282202	0.642282	G	A	0.719504	0.9446	0.558661	4.5E-01	0.00316348	0.00459697	0.473574	4.9E-01	0.466601	4.9E-01
rs12465106	2	41583244	0.656468	A	C	0.333824	0.990838	0.365121	5.5E-01	-0.00201649	0.00428008	0.221967	6.4E-01	0.202055	6.5E-01
rs56266464	2	44054991	0.686489	G	A	0.938798	0.986548	73.6874	9.2E-18	0.075848	0.00843943	80.7722	2.5E-19	82.4326	1.1E-19
rs6732079	2	46877963	0.735942	T	A	0.903819	0.980261	0.00663507	9.4E-01	0.000253844	0.00686225	0.00136836	9.7E-01	0.0593692	8.1E-01
rs80056702	2	50056246	0.778173	C	T	0.941666	1	0.000944335	9.8E-01	-0.00203701	0.0085695	0.0565034	8.1E-01	0.00862292	9.3E-01
rs6705519	2	55204165	0.827433	C	T	0.699466	0.992125	1.72806	1.9E-01	-0.00602507	0.00439503	1.87932	1.7E-01	1.587	2.1E-01
rs57178144	2	58681120	0.848912	T	C	0.867472	0.950948	1.71119	1.9E-01	0.00855769	0.00605708	1.99612	1.6E-01	3.04138	8.1E-02
rs13417156	2	62848319	0.885521	T	C	0.567371	0.99741	1.46634	2.3E-01	-0.00507425	0.00406332	1.55949	2.1E-01	2.07359	1.5E-01
rs6746570	2	67774191	0.93823	A	C	0.71111	0.971596	1.78124	1.8E-01	-0.00644332	0.00449365	2.05599	1.5E-01	2.22721	1.4E-01
rs17016642	2	79476375	1.09778	A	G	0.884824	0.971192	1.2443	2.6E-01	0.00705409	0.00637459	1.22455	2.7E-01	1.06164	3.0E-01
rs6752979	2	81741750	1.13256	G	A	0.68268	1	0.111206	7.4E-01	0.00128982	0.00431603	0.0893076	7.7E-01	0.231049	6.3E-01
rs4832285	2	86644664	1.16157	G	A	0.248226	0.999114	1.47139	2.3E-01	-0.00511986	0.00463911	1.218	2.7E-01	1.00078	3.2E-01
rs13023088	2	100576304	1.22131	C	T	0.850793	0.99385	8.49721	3.6E-03	-0.0153622	0.00565087	7.39049	6.6E-03	8.20841	4.2E-03
rs75108145	2	100802984	1.2219	C	T	0.874494	0.987695	3.36978	6.6E-02	0.0106275	0.00610486	3.0305	8.2E-02	3.65155	5.6E-02
rs12712181	2	104354232	1.24985	A	G	0.414449	0.997505	0.630453	4.3E-01	-0.0027773	0.00408184	0.462949	5.0E-01	0.86613	3.5E-01
rs6754968	2	105414479	1.26241	G	A	0.654767	0.998396	0.776508	3.8E-01	0.0023977	0.00423324	0.320807	5.7E-01	0.0952721	7.6E-01
rs13027786	2	133517445	1.5525	G	A	0.745836	0.986506	0.287837	5.9E-01	0.00175347	0.00464806	0.142315	7.1E-01	0.266364	6.1E-01
rs6430552	2	135622808	1.58359	C	T	0.628986	0.999411	3.30475	6.9E-02	-0.00514142	0.00413646	1.54492	2.1E-01	2.3375	1.3E-01
rs2890652	2	142959931	1.641	T	C	0.841295	1	0.0346738	8.5E-01	0.0003017	0.00548273	0.00302801	9.6E-01	0.112749	7.4E-01
rs6719577	2	144013418	1.64945	G	A	0.821292	0.99734	1.52728	2.2E-01	0.00652873	0.00524838	1.54742	2.1E-01	1.69461	1.9E-01
rs1949527	2	157054911	1.75263	G	T	0.354377	0.997531	5.21158	2.2E-02	0.0100149	0.00420811	5.66392	1.7E-02	6.1836	1.3E-02
rs12692596	2	161265910	1.78694	C	T	0.629671	0.996301	3.60304	5.8E-02	0.00853388	0.00415493	4.21857	4.0E-02	4.10934	4.3E-02
rs12692738	2	165558252	1.81499	T	C	0.772314	0.984603	23.295	1.4E-06	-0.0232946	0.00482889	23.271	1.4E-06	26.5363	2.6E-07
rs72917531	2	175238176	1.94405	C	A	0.814453	0.991675	7.29276	6.9E-03	-0.0135373	0.0051789	6.83267	9.0E-03	6.79836	9.1E-03
rs4640353	2	181327570	2.00315	A	C	0.71491	0.994236	0.0011809	9.7E-01	0.000425707	0.00446382	0.00909511	9.2E-01	0.000648355	9.8E-01
rs114049355	2	183075689	2.01604	C	T	0.940972	0.921249	0.0605619	8.1E-01	-0.00437966	0.00887035	0.243781	6.2E-01	0.45698	5.0E-01
rs7570446	2	193801010	2.09677	C	A	0.456734	0.998185	3.4143	6.5E-02	0.00825091	0.00403403	4.18336	4.1E-02	3.86886	4.9E-02
rs7592344	2	198572461	2.12609	C	T	0.80295	0.997005	1.94568	1.6E-01	-0.0062121	0.00506112	1.50655	2.2E-01	1.62929	2.0E-01
rs3845802	2	203740672	2.15739	T	G	0.518086	0.997801	0.260338	6.1E-01	-0.000846222	0.00402281	0.0442496	8.3E-01	0.102659	7.5E-01
rs11696022	2	205387566	2.17339	C	T	0.23322	0.994602	0.826798	3.6E-01	-0.00514356	0.00476026	1.16753	2.8E-01	1.2838	2.6E-01
rs4673553	2	211608379	2.23794	T	G	0.551248	0.992859	0.210704	6.5E-01	-0.00306084	0.00405005	0.571164	4.5E-01	0.707355	4.0E-01
rs12467225	2	212244657	2.24413	C	T	0.714834	0.995832	0.0172877	9.0E-01	0.000594594	0.00446606	0.0177252	8.9E-01	0.000670713	9.8E-01
rs16847879	2	213067535	2.25955	A	G	0.791086	0.996291	0.0683148	7.9E-01	-0.00236629	0.00494582	0.228908	6.3E-01	0.184554	6.7E-01
rs4674379	2	220214386	2.34424	G	A	0.0952767	0.994198	1.46697	2.3E-01	-0.00839247	0.00684926	1.50139	2.2E-01	0.824855	3.6E-01
rs3811514	2	228883721	2.47754	T	C	0.514086	1	0.547794	4.6E-01	-0.00173007	0.00401815	0.185387	6.7E-01	0.311259	5.8E-01
rs36191868	2	228999054	2.47864	T	C	0.524364	0.999757	1.64152	2.0E-01	0.00594553	0.00402176	2.18549	1.4E-01	2.85841	9.1E-02
rs17582010	2	230542810	2.50166	T	C	0.448069	0.984006	0.0154552	9.0E-01	0.0015303	0.00407032	0.14135	7.1E-01	0.454716	5.0E-01
rs9312002	3	8137447	0.216149	G	A	0.563618	0.997543	1.98584	1.6E-01	0.00621	0.00405951	2.34011	1.3E-01	1.94006	1.6E-01
rs17609108	3	11626464	0.283018	T	C	0.855414	0.974514	0.463489	5.0E-01	-0.00301834	0.00577831	0.272857	6.0E-01	0.418881	5.2E-01
rs11709077	3	12336507	0.297621	G	A	0.88091	0.996457	20.2685	6.7E-06	-0.0290685	0.0062042	21.952	2.8E-06	22.7403	1.9E-06
rs2596902	3	12955982	0.303023	G	A	0.333814	0.991491	0.00217864	9.6E-01	0.00069311	0.00427507	0.0262857	8.7E-01	0.139527	7.1E-01
rs2470539	3	15717844	0.355673	C	T	0.410497	0.996599	0.450382	5.0E-01	0.00140279	0.00410159	0.116971	7.3E-01	0.0711386	7.9E-01
rs4858223	3	20581149	0.396076	C	T	0.671778	0.98174	0.00577011	9.4E-01	-0.00115407	0.00432684	0.0711417	7.9E-01	0.278288	6.0E-01
rs6550943	3	25109249	0.461812	T	A	0.146823	0.996473	0.82064	3.6E-01	0.00481734	0.00567576	0.72039	4.0E-01	0.684906	4.1E-01
rs11921432	3	35117776	0.5931	T	C	0.886271	0.984646	0.0217118	8.8E-01	-0.00214603	0.00637443	0.113341	7.4E-01	0.000858391	9.8E-01
rs4377469	3	42303074	0.652846	G	T	0.112889	1	0.0528657	8.2E-01	-0.00181082	0.00633129	0.0818022	7.7E-01	0.0651145	8.0E-01
rs33484	3	42417887	0.656606	G	A	0.522038	0.987598	0.358451	5.5E-01	0.00187956	0.00404198	0.216234	6.4E-01	0.147366	7.0E-01
rs9824340	3	43902170	0.666286	C	T	0.307972	0.994289	7.17946e-05	9.9E-01	-0.000230059	0.00436588	0.00277674	9.6E-01	8.27854e-06	1.0E+00
rs4858802	3	47641011	0.688054	T	C	0.684353	0.999724	0.446803	5.0E-01	0.00270496	0.00431644	0.392708	5.3E-01	0.362114	5.5E-01
rs4688760	3	49980596	0.690403	C	T	0.311095	0.994668	0.00174101	9.7E-01	-0.000455664	0.00435107	0.0109672	9.2E-01	0.0422465	8.4E-01
rs12488237	3	56114861	0.741657	T	C	0.942917	1	0.252937	6.2E-01	0.00604267	0.00867048	0.485705	4.9E-01	0.212546	6.4E-01
rs12491542	3	61130247	0.807467	C	T	0.880318	0.985418	0.0641332	8.0E-01	-0.00230106	0.00622666	0.136567	7.1E-01	0.0358671	8.5E-01
rs9968060	3	62471282	0.82953	C	T	0.356779	0.962185	1.17225	2.8E-01	-0.00602655	0.00428037	1.98232	1.6E-01	1.81398	1.8E-01
rs4688315	3	62688047	0.83655	C	T	0.214654	0.996323	0.378466	5.4E-01	-0.00200944	0.00490053	0.168138	6.8E-01	0.00113358	9.7E-01
rs13319996	3	77562191	1.05932	A	T	0.29492	0.996833	2.01621	1.6E-01	-0.0052759	0.00442	1.42478	2.3E-01	1.4083	2.4E-01
rs1512500	3	78419039	1.06507	G	T	0.890143	0.997052	0.130324	7.2E-01	0.00362775	0.00646197	0.31517	5.7E-01	0.153619	7.0E-01
rs9850466	3	82532568	1.08223	T	C	0.662972	0.999678	0.541324	4.6E-01	0.00206277	0.00424177	0.236486	6.3E-01	0.06045	8.1E-01
rs7649296	3	84931731	1.08805	G	A	0.677947	0.997066	1.47866	2.2E-01	-0.00493537	0.00429998	1.31736	2.5E-01	0.879708	3.5E-01
rs62261676	3	85698577	1.08973	A	G	0.787904	0.994918	4.43114	3.5E-02	-0.0104377	0.00492487	4.4918	3.4E-02	4.40573	3.6E-02
rs1996761	3	89962587	1.10367	C	T	0.763473	1	0.365648	5.5E-01	-0.00270946	0.00472868	0.328311	5.7E-01	0.458703	5.0E-01
rs1946725	3	104605525	1.16628	T	C	0.696369	0.998159	1.53316	2.2E-01	0.00550912	0.00436338	1.59411	2.1E-01	2.31607	1.3E-01
rs16850772	3	104736837	1.16712	T	G	0.313009	0.993369	0.322685	5.7E-01	-0.00310353	0.0043644	0.505664	4.8E-01	0.56699	4.5E-01
rs36131051	3	107888841	1.20196	T	G	0.795306	0.978115	0.221379	6.4E-01	-0.00081487	0.00503298	0.0262136	8.7E-01	0.107162	7.4E-01
rs114885158	3	114370599	1.259	G	A	0.919289	0.988206	2.85452	9.1E-02	-0.013939	0.00743386	3.51588	6.1E-02	4.04003	4.4E-02
rs9289074	3	116858995	1.29335	C	T	0.755933	0.988931	0.108024	7.4E-01	0.00273581	0.00469087	0.340145	5.6E-01	0.272791	6.0E-01
rs11708733	3	128039895	1.41818	G	A	0.952759	0.983201	0.00202141	9.6E-01	-0.00152878	0.00956372	0.0255527	8.7E-01	0.147076	7.0E-01
rs6785191	3	131453556	1.44252	T	C	0.708876	0.972837	0.823341	3.6E-01	-0.00249283	0.00449819	0.307121	5.8E-01	0.207789	6.5E-01
rs35837273	3	135878634	1.49383	T	C	0.835202	0.99437	0.513203	4.7E-01	-0.0047678	0.00543239	0.77029	3.8E-01	0.171101	6.8E-01
rs2312193	3	141188399	1.53815	T	C	0.613182	0.99475	0.544787	4.6E-01	-0.00349474	0.00414444	0.711043	4.0E-01	0.263481	6.1E-01
rs1568488	3	153657951	1.68298	G	C	0.405648	0.984335	2.07556	1.5E-01	0.00646755	0.00412601	2.45707	1.2E-01	2.83463	9.2E-02
rs13322475	3	156319803	1.70952	T	G	0.847879	0.997837	4.27311	3.9E-02	-0.0117685	0.00560582	4.40722	3.6E-02	4.74959	2.9E-02
rs13100952	3	157800753	1.71783	T	C	0.634426	0.997074	0.547548	4.6E-01	0.00320764	0.00417797	0.589441	4.4E-01	0.57419	4.5E-01
rs11921991	3	170499463	1.7977	C	T	0.888087	0.992745	0.148816	7.0E-01	0.0021518	0.00638996	0.113399	7.4E-01	0.0151186	9.0E-01
rs12635553	3	171113714	1.80841	A	T	0.49773	0.998999	0.0140544	9.1E-01	0.00164589	0.00401149	0.168342	6.8E-01	0.385041	5.3E-01
rs502414	3	180626951	1.95386	C	T	0.649412	0.993077	0.401698	5.3E-01	0.00362209	0.00422009	0.736674	3.9E-01	0.631369	4.3E-01
rs4859234	3	182311332	1.96951	C	T	0.674163	0.98584	12.1582	4.9E-04	-0.0158284	0.00431281	13.4696	2.4E-04	12.7136	3.6E-04
rs1881973	3	184056101	1.99373	G	C	0.629738	0.976501	1.85475	1.7E-01	-0.00583082	0.00421219	1.91622	1.7E-01	2.22673	1.4E-01
rs78615983	3	185733707	2.02087	T	A	0.856711	0.989326	1.75201	1.9E-01	-0.00772144	0.00577404	1.78829	1.8E-01	1.66659	2.0E-01
rs950257	3	194847650	2.23885	T	A	0.728068	0.997849	0.0433607	8.4E-01	0.00144983	0.00452084	0.102848	7.5E-01	0.332605	5.6E-01
rs6764533	3	196088464	2.24962	G	A	0.642998	0.998204	5.88786	1.5E-02	0.0100474	0.00419655	5.73226	1.7E-02	5.17026	2.3E-02
rs12509447	4	2861090	0.0318387	G	A	0.810696	0.99398	1.09607	3.0E-01	0.00458922	0.00514536	0.79551	3.7E-01	0.865344	3.5E-01
rs6818414	4	16600664	0.317111	T	C	0.507505	0.992506	2.43384	1.2E-01	-0.0061951	0.00403481	2.35749	1.2E-01	1.94592	1.6E-01
rs2192528	4	18327896	0.339411	A	G	0.477375	0.997272	0.976605	3.2E-01	0.00465824	0.00402713	1.33799	2.5E-01	2.25187	1.3E-01
rs16876869	4	25118707	0.433802	C	T	0.863557	0.998491	0.110096	7.4E-01	0.00218154	0.00587252	0.138	7.1E-01	0.194897	6.6E-01
rs2309830	4	28584523	0.489893	T	G	0.763499	0.995574	0.0118542	9.1E-01	9.19289e-05	0.00473775	0.000376495	9.8E-01	0.0311454	8.6E-01
rs4270551	4	30703243	0.511997	A	C	0.136232	0.990257	0.000359544	9.8E-01	-0.000419919	0.00588675	0.00508838	9.4E-01	0.0750259	7.8E-01
rs6531639	4	38556399	0.601586	G	A	0.752878	0.952325	2.3632	1.2E-01	0.00579416	0.0047699	1.47558	2.2E-01	0.772976	3.8E-01
rs12498157	4	44430025	0.675923	T	A	0.253764	0.990835	0.227408	6.3E-01	-0.00144101	0.00463005	0.0968647	7.6E-01	8.08358e-05	9.9E-01
rs74715904	4	45178081	0.679816	A	G	0.906264	0.977125	0.62446	4.3E-01	0.0046057	0.00697255	0.436323	5.1E-01	0.458954	5.0E-01
rs1492767	4	55221467	0.710006	C	T	0.493554	0.999056	0.093481	7.6E-01	-0.000991468	0.00401039	0.06112	8.0E-01	0.241744	6.2E-01
rs2537860	4	55484718	0.714088	A	C	0.436237	0.974656	1.57632	2.1E-01	-0.00543465	0.00409809	1.75865	1.8E-01	1.9899	1.6E-01
rs6551871	4	65643064	0.818795	C	A	0.675782	0.992173	3.01203	8.3E-02	-0.00725454	0.00431423	2.82756	9.3E-02	3.03175	8.2E-02
rs6845883	4	67801500	0.836177	A	G	0.217603	0.990748	1.39277	2.4E-01	-0.0039985	0.0048866	0.669544	4.1E-01	0.813335	3.7E-01
rs10033843	4	77028783	0.90134	G	A	0.798807	0.999649	1.12975	2.9E-01	0.00502376	0.00501318	1.00423	3.2E-01	0.933908	3.3E-01
rs72649373	4	80609966	0.943324	T	C	0.85785	0.957198	1.02675	3.1E-01	0.00653217	0.00588948	1.23016	2.7E-01	1.3916	2.4E-01
rs1481012	4	89039082	1.03949	A	G	0.88825	0.994759	0.159588	6.9E-01	-0.00418849	0.00639424	0.42908	5.1E-01	0.226811	6.3E-01
rs10014552	4	94407841	1.08151	G	T	0.194146	0.979518	0.569171	4.5E-01	-0.00274179	0.00512242	0.286495	5.9E-01	0.181011	6.7E-01
rs2865330	4	95004716	1.08844	A	G	0.536062	0.999052	1.97987	1.6E-01	-0.00536567	0.00403136	1.77152	1.8E-01	1.66237	2.0E-01
rs12513212	4	96149346	1.09853	A	C	0.594801	0.994888	1.42668	2.3E-01	-0.00572244	0.00409927	1.94872	1.6E-01	3.11641	7.8E-02
rs2850360	4	102216212	1.14871	A	G	0.852635	0.988759	0.0518779	8.2E-01	0.000504061	0.00570327	0.00781122	9.3E-01	0.0390249	8.4E-01
rs57957741	4	103164166	1.15814	G	A	0.473645	0.994208	0.406322	5.2E-01	-0.00251677	0.00404417	0.387283	5.3E-01	0.145563	7.0E-01
rs326872	4	112733434	1.24745	A	G	0.332672	0.993023	10.2463	1.4E-03	-0.0124562	0.00428312	8.45763	3.6E-03	7.4502	6.3E-03
rs10022185	4	120571765	1.314	C	G	0.70701	0.996192	0.64181	4.2E-01	0.0037422	0.00443674	0.711419	4.0E-01	1.50627	2.2E-01
rs6534743	4	130714768	1.39824	G	A	0.707156	0.986974	0.501776	4.8E-01	0.00354569	0.00443779	0.638363	4.2E-01	0.982963	3.2E-01
rs10018743	4	136972541	1.44304	G	A	0.63247	0.98831	0.01131	9.2E-01	-0.00147828	0.00420322	0.123695	7.3E-01	0.172171	6.8E-01
rs769676	4	140856533	1.49522	A	G	0.738463	0.984882	3.26972	7.1E-02	-0.00800547	0.00461877	3.00415	8.3E-02	2.48619	1.1E-01
rs7375701	4	145260561	1.53722	G	A	0.280275	0.993669	0.503657	4.8E-01	-0.00260244	0.00449185	0.33567	5.6E-01	0.442842	5.1E-01
rs750090	4	152931436	1.59021	T	C	0.644559	0.97605	0.058445	8.1E-01	-0.00102399	0.00423537	0.0584535	8.1E-01	0.0734493	7.9E-01
rs10024755	4	161931670	1.69375	C	G	0.777113	0.993719	2.25056	1.3E-01	-0.00790913	0.00485804	2.65055	1.0E-01	1.82901	1.8E-01
rs148636479	4	164359678	1.72579	A	T	0.971622	0.876916	3.90297	4.8E-02	0.02332	0.0128843	3.27594	7.0E-02	2.20331	1.4E-01
rs17630894	4	171532023	1.80674	T	G	0.862036	0.996667	0.913753	3.4E-01	-0.0067064	0.00584164	1.31798	2.5E-01	1.62655	2.0E-01
rs6822571	4	173552902	1.82334	A	G	0.47883	0.997719	3.35948	6.7E-02	0.00799842	0.00403311	3.93304	4.7E-02	3.91718	4.8E-02
rs16871902	5	3488462	0.0869448	G	A	0.512741	0.997953	1.15249	2.8E-01	0.00513313	0.00402847	1.62362	2.0E-01	1.67532	2.0E-01
rs12109333	5	27166660	0.425295	T	C	0.716328	0.997419	1.39584	2.4E-01	-0.0053824	0.00446974	1.45007	2.3E-01	2.32626	1.3E-01
rs6451674	5	43110754	0.62057	C	T	0.315548	0.990686	3.20348	7.3E-02	0.00814811	0.00434094	3.52328	6.1E-02	4.10857	4.3E-02
rs7704281	5	50591460	0.628051	G	A	0.959743	0.99038	2.64935	1.0E-01	-0.018663	0.0102754	3.29888	6.9E-02	3.61689	5.7E-02
rs7734879	5	60711632	0.720162	C	A	0.63877	0.999176	0.151163	7.0E-01	0.00231335	0.00418501	0.305555	5.8E-01	0.334139	5.6E-01
rs237976	5	62600850	0.738104	C	T	0.438642	0.998534	2.75746	9.7E-02	-0.00583672	0.00404995	2.07701	1.5E-01	1.75285	1.9E-01
rs1459192	5	63944519	0.744046	C	T	0.669709	0.994464	0.0848014	7.7E-01	0.00189525	0.0042827	0.195838	6.6E-01	0.286407	5.9E-01
rs4072296	5	74242002	0.858799	T	C	0.458782	0.938263	22.0673	2.6E-06	-0.0193708	0.00415937	21.689	3.2E-06	24.4197	7.7E-07
rs6889485	5	75129986	0.862025	G	A	0.565009	0.992761	16.4076	5.1E-05	-0.0161957	0.00407958	15.7605	7.2E-05	14.5245	1.4E-04
rs7725126	5	80730191	0.955869	C	T	0.65455	0.987889	4.60905	3.2E-02	-0.0095526	0.004243	5.06871	2.4E-02	4.24573	3.9E-02
rs16876684	5	86563970	1.01135	T	G	0.987836	0.991014	2.45095	1.2E-01	0.0276286	0.0183891	2.25733	1.3E-01	2.43376	1.2E-01
rs6882046	5	87968864	1.01539	A	G	0.733018	0.978462	4.07512	4.4E-02	-0.00874905	0.00460086	3.61612	5.7E-02	3.10946	7.8E-02
rs142503704	5	92622421	1.04908	G	A	0.977168	0.959904	0.290711	5.9E-01	0.00899529	0.0137493	0.428025	5.1E-01	0.333582	5.6E-01
rs17383803	5	95393883	1.0716	T	C	0.907172	1	2.30651	1.3E-01	0.00985359	0.00691417	2.03099	1.5E-01	1.15713	2.8E-01
rs1026534	5	95855091	1.0746	G	C	0.396969	0.999112	0.54858	4.6E-01	-0.00304494	0.00410669	0.549763	4.6E-01	0.312205	5.8E-01
rs2545593	5	102054421	1.10814	A	T	0.568418	0.998323	0.685363	4.1E-01	0.00271256	0.00406371	0.445569	5.0E-01	0.885358	3.5E-01
rs4382152	5	106379106	1.13899	T	C	0.619397	1	0.626194	4.3E-01	-0.00393438	0.00414584	0.900592	3.4E-01	1.03738	3.1E-01
rs1433057	5	107285076	1.15555	A	G	0.536635	0.987024	0.131369	7.2E-01	-0.00268869	0.00404994	0.440741	5.1E-01	0.29037	5.9E-01
rs6421825	5	107866060	1.15804	G	A	0.185771	0.999581	1.60004	2.1E-01	0.00733404	0.00515544	2.02374	1.5E-01	1.68247	1.9E-01
rs459552	5	112176756	1.19663	T	A	0.231534	1	0.412309	5.2E-01	-0.00450465	0.00476683	0.893027	3.4E-01	0.884769	3.5E-01
rs9327119	5	119309059	1.27778	C	G	0.4218	0.9872	0.138657	7.1E-01	-0.00089301	0.00409769	0.0474936	8.3E-01	0.228817	6.3E-01
rs13156484	5	122653399	1.3097	G	A	0.528207	0.979173	1.49598	2.2E-01	-0.00419632	0.00406913	1.06349	3.0E-01	1.29776	2.5E-01
rs1422662	5	130440206	1.38534	A	G	0.785211	0.999034	1.18401	2.8E-01	-0.00537115	0.00489657	1.20323	2.7E-01	1.02685	3.1E-01
rs1369126	5	136532351	1.44779	G	C	0.531574	0.995632	0.038934	8.4E-01	0.000636659	0.00402513	0.0250181	8.7E-01	0.0187343	8.9E-01
rs11242420	5	137624513	1.45252	C	T	0.808209	0.997884	0.321436	5.7E-01	-0.00477812	0.00511453	0.872776	3.5E-01	1.23794	2.7E-01
rs1895336	5	144465810	1.52134	A	G	0.597239	0.992794	1.36371	2.4E-01	-0.00415676	0.004121	1.01743	3.1E-01	1.11755	2.9E-01
rs2579040	5	152515823	1.63419	T	A	0.27912	0.996176	0.207308	6.5E-01	0.00152093	0.00449076	0.114704	7.3E-01	0.144291	7.0E-01
rs17115481	5	153358226	1.64029	G	A	0.730277	0.993088	6.35417	1.2E-02	0.0119665	0.00453999	6.94741	8.4E-03	7.70404	5.5E-03
rs10515706	5	153578518	1.64141	C	T	0.572203	0.993087	3.26212	7.1E-02	-0.00664273	0.00407835	2.65292	1.0E-01	1.80792	1.8E-01
rs766120	5	164548126	1.74957	G	A	0.379101	0.999276	8.93287	2.8E-03	-0.0133871	0.00414869	10.4125	1.3E-03	10.315	1.3E-03
rs2161214	5	170284624	1.86356	A	C	0.313895	0.997023	0.10035	7.5E-01	0.00167051	0.00433876	0.14824	7.0E-01	0.476833	4.9E-01
rs1966265	5	176516631	2.00003	G	A	0.754745	1	1.33828	2.5E-01	-0.00663048	0.00466553	2.0197	1.6E-01	2.61613	1.1E-01
rs9463175	6	9510030	0.227745	C	T	0.661396	0.983753	0.246009	6.2E-01	-0.00253741	0.00428276	0.351023	5.5E-01	0.120824	7.3E-01
rs12210300	6	12078686	0.272534	A	G	0.684962	1	0.904396	3.4E-01	-0.00416066	0.00432336	0.926153	3.4E-01	0.931051	3.3E-01
rs62385532	6	13161394	0.290635	G	A	0.710645	0.991949	3.18113	7.4E-02	-0.00828467	0.00444513	3.47361	6.2E-02	3.87703	4.9E-02
rs4134939	6	20481825	0.408952	T	C	0.316831	0.973957	0.152946	7.0E-01	0.00105861	0.00437525	0.0585416	8.1E-01	0.0723831	7.9E-01
rs4711092	6	25684405	0.491796	T	C	0.454079	1	31.6787	1.8E-08	0.0226439	0.0040278	31.6057	1.9E-08	28.1171	1.1E-07
rs1611320	6	29902373	0.503831	A	G	0.439083	0.926598	69.0164	9.8E-17	0.0348017	0.00418857	69.0351	9.7E-17	70.0709	5.7E-17
rs9270222	6	32556644	0.520348	A	G	0.330168	0.891194	60.4211	7.7E-15	0.035763	0.00449365	63.3387	1.7E-15	60.8273	6.2E-15
rs11758326	6	34482498	0.547552	A	G	0.912598	0.986128	0.142831	7.1E-01	0.00247336	0.00716586	0.119134	7.3E-01	0.0976582	7.5E-01
rs11963572	6	46302448	0.722776	T	C	0.491919	0.993234	0.94185	3.3E-01	0.00526092	0.00403356	1.70116	1.9E-01	1.33333	2.5E-01
rs17664591	6	50183721	0.747534	G	T	0.956925	0.99128	0.109231	7.4E-01	0.00417589	0.00994483	0.176321	6.7E-01	0.0810482	7.8E-01
rs280280	6	50569828	0.750317	C	T	0.165805	0.992937	2.22507	1.4E-01	-0.00802025	0.00542232	2.18778	1.4E-01	2.88893	8.9E-02
rs149750300	6	50717074	0.7506	A	G	0.984095	0.986819	0.0759703	7.8E-01	-0.00185745	0.0161464	0.0132338	9.1E-01	0.00583437	9.4E-01
rs9361779	6	64159064	0.812363	C	A	0.457314	0.997526	3.75634	5.3E-02	0.00867085	0.00404663	4.5913	3.2E-02	5.91597	1.5E-02
rs3883872	6	83322002	0.934204	C	T	0.538241	0.979395	0.84474	3.6E-01	0.00343237	0.00407045	0.711053	4.0E-01	0.256512	6.1E-01
rs9362662	6	90296588	0.987815	A	G	0.479556	0.991565	2.61386	1.1E-01	-0.00614055	0.00402601	2.32629	1.3E-01	2.06275	1.5E-01
rs1324110	6	93913200	1.03177	G	C	0.55584	0.990874	0.672027	4.1E-01	-0.00211749	0.00406029	0.271975	6.0E-01	0.218982	6.4E-01
rs1206133	6	97543137	1.05873	C	T	0.24581	0.972297	0.738892	3.9E-01	-0.00426894	0.00472196	0.817327	3.7E-01	1.07551	3.0E-01
rs9320747	6	98310291	1.06181	T	G	0.532837	0.993884	0.0744401	7.8E-01	-0.000777984	0.00404012	0.0370811	8.5E-01	0.00599831	9.4E-01
rs156128	6	104836826	1.11693	G	A	0.245638	0.999684	7.58524	5.9E-03	0.0138965	0.00467243	8.84551	2.9E-03	7.84028	5.1E-03
rs1575676	6	108861264	1.17848	C	T	0.629055	0.997454	0.03296	8.6E-01	0.000783008	0.00415595	0.0354971	8.5E-01	0.00203401	9.6E-01
rs9387640	6	119508871	1.25792	C	T	0.634761	1	0.22185	6.4E-01	0.00124238	0.00418287	0.0882192	7.7E-01	0.00152683	9.7E-01
rs2875762	6	124925032	1.30799	G	C	0.757629	0.990596	1.90201	1.7E-01	0.00673935	0.00470761	2.04944	1.5E-01	1.59255	2.1E-01
rs4895799	6	126052729	1.32459	C	T	0.415289	0.992315	0.546432	4.6E-01	-0.00292277	0.00409113	0.510393	4.7E-01	0.747637	3.9E-01
rs6569648	6	130349119	1.35981	C	T	0.239855	1	1.95192	1.6E-01	0.00758768	0.00468639	2.62144	1.1E-01	2.41539	1.2E-01
rs2781659	6	131891820	1.37734	A	G	0.688059	1	5.79297e-06	1.0E+00	-0.000417054	0.0043324	0.00926676	9.2E-01	0.0250236	8.7E-01
rs11754747	6	141494602	1.50941	C	T	0.744216	0.987686	1.10419	2.9E-01	0.00504364	0.00463777	1.18269	2.8E-01	1.18356	2.8E-01
rs12194419	6	143148142	1.51953	G	A	0.727002	0.984742	1.11537	2.9E-01	0.00582466	0.00454175	1.64472	2.0E-01	2.30487	1.3E-01
rs2256216	6	147471730	1.55898	A	G	0.462483	0.956666	0.140818	7.1E-01	0.00063159	0.00411929	0.0235086	8.8E-01	0.0337338	8.5E-01
rs7755574	6	153364643	1.66311	G	T	0.718556	0.997121	4.8032	2.8E-02	0.0105039	0.00448214	5.49195	1.9E-02	5.95075	1.5E-02
rs12207125	6	154301575	1.6763	A	G	0.781403	0.992451	0.551258	4.6E-01	0.00288052	0.00487416	0.349255	5.5E-01	0.14779	7.0E-01
rs562660689	6	160703358	1.77413	A	G	0.843981	0.995196	39.12	4.0E-10	-0.0372976	0.00553093	45.4743	1.5E-11	46.2603	1.0E-11
rs6950388	7	1270699	0.0137006	G	A	0.203901	1	5.11755	2.4E-02	0.0108737	0.00498731	4.75357	2.9E-02	3.96067	4.7E-02
rs7807190	7	1851461	0.0275157	A	G	0.787679	0.988996	1.36509	2.4E-01	-0.00462166	0.00493041	0.878681	3.5E-01	0.881837	3.5E-01
rs4722398	7	3125220	0.0523222	C	T	0.865235	1	0.0223908	8.8E-01	0.000933712	0.00588648	0.0251602	8.7E-01	0.00627766	9.4E-01
rs118182061	7	14655786	0.275253	T	A	0.975008	0.988845	5.60608	1.8E-02	0.0307448	0.012972	5.6173	1.8E-02	6.32579	1.2E-02
rs10263780	7	19778086	0.347944	G	A	0.862505	0.994464	0.000241902	9.9E-01	0.000577868	0.00586608	0.00970423	9.2E-01	0.0287827	8.7E-01
rs4722672	7	27231762	0.453385	C	T	0.178708	0.980102	0.207606	6.5E-01	0.00185587	0.00529473	0.122859	7.3E-01	0.302461	5.8E-01
rs10241729	7	32289879	0.544096	A	G	0.780068	0.986162	2.50167	1.1E-01	0.00708458	0.00488844	2.10033	1.5E-01	1.43234	2.3E-01
rs1019083	7	39414081	0.63582	A	G	0.84633	0.989979	0.00920053	9.2E-01	-0.0004826	0.00559045	0.00745213	9.3E-01	0.00361191	9.5E-01
rs710888	7	44777556	0.700884	A	G	0.422452	0.98989	2.59008	1.1E-01	0.00727836	0.00408849	3.16913	7.5E-02	3.21563	7.3E-02
rs2189833	7	49507651	0.755765	G	A	0.334039	0.996219	0.717779	4.0E-01	0.00324291	0.00426589	0.577897	4.5E-01	0.51924	4.7E-01
rs1466163	7	50607206	0.766828	A	G	0.11686	0.995864	0.0368211	8.5E-01	-0.0023003	0.00627634	0.134325	7.1E-01	0.0395342	8.4E-01
rs10259748	7	69281111	0.866623	T	G	0.679055	0.998943	0.470883	4.9E-01	-0.00276159	0.00429512	0.413398	5.2E-01	0.697853	4.0E-01
rs4718966	7	70040558	0.868636	C	T	0.585931	0.992694	0.537845	4.6E-01	-0.00307879	0.00409725	0.564644	4.5E-01	0.106172	7.4E-01
rs3973896	7	71428960	0.890229	C	G	0.828074	0.969349	0.0336423	8.5E-01	-0.00081981	0.0054044	0.0230108	8.8E-01	0.20979	6.5E-01
rs113452856	7	72859135	0.899612	G	A	0.96839	0.994361	90.3632	2.0E-21	-0.110706	0.0114881	92.8634	5.6E-22	96.1714	1.1E-22
rs77497827	7	75038408	0.913217	A	G	0.535049	0.806181	10.8868	9.7E-04	0.0148133	0.00447329	10.966	9.3E-04	11.2972	7.8E-04
rs2158045	7	93082708	1.09422	C	T	0.524967	0.990979	0.00973434	9.2E-01	0.000477032	0.004041	0.0139353	9.1E-01	0.00440416	9.5E-01
rs917154	7	99020806	1.15524	A	G	0.844107	0.995198	8.90112	2.8E-03	-0.0162981	0.00555375	8.61198	3.3E-03	6.64541	9.9E-03
rs17155888	7	103416295	1.18694	T	A	0.57496	0.98913	0.393337	5.3E-01	-0.00223427	0.00407859	0.300089	5.8E-01	0.532899	4.7E-01
rs1608891	7	112795334	1.29284	G	A	0.679188	0.983328	0.925517	3.4E-01	-0.00377527	0.00434045	0.756533	3.8E-01	0.648703	4.2E-01
rs6944092	7	113483569	1.2996	A	G	0.629013	0.997581	0.712199	4.0E-01	0.00330674	0.0041616	0.631365	4.3E-01	0.280151	6.0E-01
rs936146	7	114294405	1.30462	G	C	0.52517	0.98912	0.0302885	8.6E-01	-0.00104327	0.00404288	0.0665897	8.0E-01	0.0437393	8.3E-01
rs896183	7	127831580	1.37625	G	A	0.578819	0.975804	0.452304	5.0E-01	-0.0033797	0.00411807	0.673547	4.1E-01	0.580729	4.5E-01
rs1814170	7	138794149	1.52056	A	T	0.899466	0.983775	1.18252	2.8E-01	-0.0053488	0.00671827	0.633867	4.3E-01	0.282414	6.0E-01
rs9640171	7	150600845	1.6794	G	A	0.719327	0.982269	2.61024	1.1E-01	-0.00781291	0.00451924	2.98879	8.4E-02	3.91399	4.8E-02
rs1658820	8	4288577	0.1172	G	T	0.755687	0.985142	7.7905	5.3E-03	-0.0125042	0.00470896	7.05123	7.9E-03	6.26939	1.2E-02
rs2980478	8	8088230	0.237388	T	C	0.527115	0.963758	64.6773	8.8E-16	-0.033114	0.00410409	65.101	7.1E-16	66.4449	3.6E-16
rs34803352	8	14042304	0.362732	T	C	0.655661	0.989136	0.375117	5.4E-01	0.00322188	0.00424891	0.574994	4.5E-01	0.628311	4.3E-01
rs4258002	8	15493417	0.380515	G	T	0.855263	0.998595	0.0982255	7.5E-01	-0.00034856	0.00570411	0.00373403	9.5E-01	4.22103e-05	9.9E-01
rs1470687	8	20628793	0.485499	C	G	0.669974	0.991276	3.69068	5.5E-02	-0.00917656	0.00428599	4.58413	3.2E-02	4.04611	4.4E-02
rs13250995	8	23329985	0.54132	G	A	0.824719	0.988818	0.042193	8.4E-01	-0.000787409	0.00530734	0.0220114	8.8E-01	0.0140129	9.1E-01
rs17411738	8	28060572	0.603281	T	G	0.543762	1	0.0893064	7.7E-01	-0.00102202	0.00402704	0.0644093	8.0E-01	0.00104988	9.7E-01
rs17647894	8	30820168	0.644882	C	A	0.5703	0.997844	1.73951	1.9E-01	-0.00458554	0.00405493	1.27884	2.6E-01	0.983832	3.2E-01
rs4647906	8	38325411	0.694629	G	A	0.597349	0.997516	0.593352	4.4E-01	0.00365258	0.00408569	0.799225	3.7E-01	1.67099	2.0E-01
rs10216609	8	62034284	0.850754	C	A	0.846841	0.996244	0.279836	6.0E-01	0.00338034	0.00559048	0.365613	5.5E-01	0.700262	4.0E-01
rs7822926	8	64701966	0.867188	A	C	0.529057	0.995395	1.49885	2.2E-01	-0.00421054	0.00403887	1.08682	3.0E-01	0.902359	3.4E-01
rs2017657	8	73426371	0.974058	G	T	0.426163	1	1.1437	2.8E-01	-0.00559112	0.00407018	1.88699	1.7E-01	1.81621	1.8E-01
rs2170382	8	74689288	0.991459	C	T	0.885523	0.995074	1.38597	2.4E-01	0.00693034	0.00633026	1.19858	2.7E-01	0.969449	3.2E-01
rs1813039	8	76295984	1.00648	G	A	0.289677	0.988819	0.0355744	8.5E-01	-0.000740992	0.00444939	0.0277348	8.7E-01	0.00124211	9.7E-01
rs7833023	8	85053241	1.06276	C	A	0.274821	0.994182	0.674611	4.1E-01	0.00286459	0.00452182	0.401325	5.3E-01	0.59907	4.4E-01
rs4286925	8	93237876	1.10371	A	G	0.664213	0.999539	0.095402	7.6E-01	0.000289353	0.00425138	0.00463229	9.5E-01	0.0100975	9.2E-01
rs113630732	8	95496030	1.1287	G	A	0.762487	0.987676	2.49907	1.1E-01	-0.00906297	0.00474272	3.65162	5.6E-02	3.77785	5.2E-02
rs1383592	8	106430676	1.25808	G	A	0.797477	0.997356	0.0515151	8.2E-01	-0.00196172	0.00498416	0.154913	6.9E-01	0.0778832	7.8E-01
rs231144	8	116416131	1.31481	T	C	0.197236	0.979876	0.0517467	8.2E-01	0.00159399	0.00510239	0.0975944	7.5E-01	0.138229	7.1E-01
rs2001945	8	126477978	1.45319	G	C	0.478862	1	18.89	1.4E-05	-0.0192287	0.00401697	22.914	1.7E-06	21.6766	3.2E-06
rs7823706	8	132874175	1.55933	G	C	0.900832	0.994274	1.09207	3.0E-01	0.00714401	0.00675394	1.11885	2.9E-01	1.5474	2.1E-01
rs13266268	8	142611971	1.73096	C	T	0.612047	0.936385	0.317071	5.7E-01	0.00226506	0.00426232	0.282402	6.0E-01	0.170737	6.8E-01
rs4072917	8	143300279	1.7496	G	A	0.525555	0.990762	4.45379	3.5E-02	0.00828559	0.00403049	4.22602	4.0E-02	3.544	6.0E-02
rs7037266	9	6942940	0.164689	C	A	0.638295	0.99833	0.282917	5.9E-01	-0.00234505	0.00418075	0.314628	5.7E-01	0.340733	5.6E-01
rs1352522	9	11265159	0.255425	A	T	0.472109	0.994616	1.31058	2.5E-01	0.00396116	0.0040499	0.956656	3.3E-01	1.33083	2.5E-01
rs10810392	9	15529852	0.34171	G	A	0.70236	0.998296	0.0958676	7.6E-01	-0.00178843	0.00439905	0.165282	6.8E-01	0.046721	8.3E-01
rs10962547	9	16712247	0.359896	T	A	0.827268	0.993311	0.832046	3.6E-01	-0.00352848	0.00532046	0.439823	5.1E-01	0.174219	6.8E-01
rs10965693	9	23194860	0.454296	C	T	0.628014	0.995687	0.741716	3.9E-01	-0.00271694	0.00416841	0.424834	5.1E-01	0.145312	7.0E-01
rs1342097	9	27748698	0.533307	A	T	0.527835	0.986968	2.13973	1.4E-01	-0.00659216	0.00404792	2.65212	1.0E-01	3.37947	6.6E-02
rs2383827	9	29628356	0.55829	A	G	0.577794	0.982182	0.384074	5.4E-01	-0.00272349	0.00410543	0.440083	5.1E-01	0.425941	5.1E-01
rs10973183	9	37066231	0.624601	T	C	0.461642	0.99687	2.62639	1.1E-01	-0.0066349	0.00403269	2.70694	1.0E-01	2.41415	1.2E-01
rs7038966	9	73777777	0.840061	C	T	0.590126	0.987057	2.91871	8.8E-02	0.00627757	0.00411814	2.3237	1.3E-01	3.66857	5.5E-02
rs10116186	9	80532374	0.931287	A	G	0.456662	0.990981	0.131013	7.2E-01	-0.00154505	0.00404164	0.146139	7.0E-01	0.21281	6.4E-01
rs12342093	9	81341229	0.940469	G	T	0.587897	0.986826	0.04767	8.3E-01	-0.00046978	0.00411524	0.0130316	9.1E-01	0.00221449	9.6E-01
rs2777768	9	84186734	0.972648	A	G	0.731104	0.99467	0.283027	5.9E-01	-0.00325999	0.00454935	0.513492	4.7E-01	0.660078	4.2E-01
rs13283585	9	92011763	1.08794	G	A	0.776059	0.992567	11.7	6.2E-04	0.0159066	0.00483205	10.8366	1.0E-03	8.90553	2.8E-03
rs10820852	9	94186973	1.11918	C	A	0.724507	0.995129	2.63149	1.0E-01	-0.0065302	0.00451961	2.08762	1.5E-01	2.99771	8.3E-02
rs11999013	9	96154352	1.13313	A	C	0.83665	0.993837	1.79078	1.8E-01	-0.00802182	0.00544715	2.16874	1.4E-01	3.07259	8.0E-02
rs13298187	9	102086525	1.19449	G	C	0.557964	0.995745	0.0255219	8.7E-01	0.000223227	0.00405628	0.00302856	9.6E-01	0.0312725	8.6E-01
rs1484375	9	109067561	1.25942	A	G	0.222288	1	0.520772	4.7E-01	-0.00369956	0.00483499	0.585478	4.4E-01	0.523797	4.7E-01
rs2417998	9	111958746	1.3058	C	G	0.292548	0.991129	6.13774	1.3E-02	-0.0111856	0.00445033	6.31736	1.2E-02	6.1995	1.3E-02
rs28693508	9	120361418	1.43341	C	G	0.660764	0.99984	0.233439	6.3E-01	-0.000713546	0.00423329	0.028411	8.7E-01	0.160424	6.9E-01
rs7864914	9	122631415	1.46605	A	G	0.895914	0.994445	0.108585	7.4E-01	-0.00310979	0.00661886	0.220747	6.4E-01	0.358146	5.5E-01
rs10985963	9	126081738	1.50258	C	T	0.655668	1	5.88612	1.5E-02	-0.00982921	0.00422916	5.40169	2.0E-02	5.80424	1.6E-02
rs10986291	9	127016271	1.51402	A	T	0.663493	0.998445	2.24193	1.3E-01	-0.00543575	0.0042578	1.62985	2.0E-01	2.04723	1.5E-01
rs3003606	9	130982416	1.5501	C	T	0.447842	0.997618	4.60208	3.2E-02	0.00847866	0.00405715	4.3673	3.7E-02	3.53671	6.0E-02
rs2210625	10	10256274	0.226551	A	C	0.83048	0.994947	0.483235	4.9E-01	0.00268104	0.00536836	0.249416	6.2E-01	0.311132	5.8E-01
rs10904791	10	16722347	0.376643	A	C	0.330661	0.975889	1.24583	2.6E-01	0.00422359	0.00432322	0.95444	3.3E-01	1.02137	3.1E-01
rs12761995	10	21690509	0.466409	A	C	0.833819	0.987021	3.0703	8.0E-02	0.00956521	0.00543078	3.10216	7.8E-02	2.94148	8.6E-02
rs4097319	10	33860515	0.618889	T	G	0.565846	0.995031	7.97647e-06	1.0E+00	-0.000417234	0.00406912	0.0105138	9.2E-01	0.00402843	9.5E-01
rs17231072	10	33951730	0.620984	A	C	0.842226	0.991796	0.405157	5.2E-01	0.00448066	0.00552784	0.657011	4.2E-01	0.424923	5.1E-01
rs10763587	10	52356264	0.733349	C	T	0.690787	0.970215	0.520191	4.7E-01	0.00315129	0.00441377	0.50975	4.8E-01	0.840785	3.6E-01
rs1937683	10	53679060	0.748396	C	T	0.334981	1	0.000197227	9.9E-01	-0.000537518	0.00427054	0.0158424	9.0E-01	0.00699572	9.3E-01
rs7070670	10	61842645	0.8423	C	T	0.672129	0.984388	3.15382	7.6E-02	-0.00720025	0.00429993	2.80396	9.4E-02	3.65512	5.6E-02
rs4746865	10	64834173	0.870392	G	A	0.599382	0.999286	26.2401	3.0E-07	-0.0217123	0.00410579	27.9653	1.2E-07	25.405	4.6E-07
rs7090106	10	75720956	0.999154	A	T	0.787205	0.991026	1.06066	3.0E-01	0.00464233	0.00491872	0.890773	3.5E-01	0.457949	5.0E-01
rs7075347	10	76533307	1.00123	C	T	0.934809	1	0.00447751	9.5E-01	0.00241851	0.00813516	0.0883818	7.7E-01	0.647354	4.2E-01
rs12412597	10	87339257	1.13684	G	A	0.949687	0.989888	1.00931	3.2E-01	0.00759865	0.0092397	0.676327	4.1E-01	0.525489	4.7E-01
rs10887571	10	88030441	1.14705	C	T	0.553302	0.979368	3.34379	6.7E-02	0.00590736	0.00407285	2.10373	1.5E-01	2.39254	1.2E-01
rs2450444	10	93010383	1.20287	G	A	0.650548	0.997815	1.22501	2.7E-01	-0.004236	0.00420521	1.0147	3.1E-01	1.26036	2.6E-01
rs4919257	10	95311964	1.22095	G	A	0.219472	0.994882	33.2487	8.1E-09	-0.0285888	0.00486577	34.5214	4.2E-09	31.4302	2.1E-08
rs472818	10	99695057	1.26982	T	C	0.578411	0.981176	2.34791	1.3E-01	0.0054248	0.00410092	1.74987	1.9E-01	1.69191	1.9E-01
rs72844408	10	102425467	1.29272	G	A	0.778973	0.986164	0.0393352	8.4E-01	0.00102248	0.00486766	0.0441234	8.3E-01	0.065823	8.0E-01
rs2296580	10	104241683	1.30539	G	T	0.700739	0.999674	0.461007	5.0E-01	0.00262879	0.00439427	0.357882	5.5E-01	0.761321	3.8E-01
rs7917983	10	114732882	1.3977	T	C	0.531909	1	0.00016329	9.9E-01	0.000405911	0.00402108	0.01019	9.2E-01	0.0136651	9.1E-01
rs1637556	10	118568352	1.45195	G	A	0.562841	0.989119	0.13391	7.1E-01	-0.00201247	0.00406665	0.244898	6.2E-01	0.0237739	8.8E-01
rs845094	10	125206933	1.57263	C	T	0.578488	0.99077	0.796715	3.7E-01	-0.00324379	0.00408451	0.630704	4.3E-01	0.592984	4.4E-01
rs7923382	10	126576503	1.61167	T	C	0.770308	1	0.951205	3.3E-01	-0.00431462	0.00477759	0.815581	3.7E-01	0.367696	5.4E-01
rs2028395	10	126726558	1.61328	G	C	0.553102	0.997728	0.463496	5.0E-01	-0.00308687	0.00404248	0.583098	4.5E-01	0.190493	6.6E-01
rs2252305	10	131114131	1.7313	A	G	0.34019	0.976818	0.0798699	7.8E-01	0.00146724	0.00428515	0.117238	7.3E-01	0.400522	5.3E-01
rs10902221	11	802379	0.0108629	T	C	0.487789	0.998916	1.21784	2.7E-01	0.0050598	0.00403406	1.5732	2.1E-01	1.42579	2.3E-01
rs7126629	11	2228952	0.0544298	C	A	0.181022	0.993387	1.82329	1.8E-01	-0.00499671	0.00523537	0.910908	3.4E-01	0.909794	3.4E-01
rs7938031	11	8366148	0.188301	C	T	0.68318	0.996274	2.71591	9.9E-02	-0.00787488	0.00433089	3.30623	6.9E-02	3.30439	6.9E-02
rs4586148	11	8430938	0.18954	C	A	0.946845	0.99847	1.76015	1.8E-01	0.0142965	0.00896803	2.54136	1.1E-01	1.61369	2.0E-01
rs7484027	11	17368381	0.298183	T	A	0.5558	0.993279	1.78685	1.8E-01	0.00599502	0.00406019	2.18017	1.4E-01	1.41916	2.3E-01
rs35298551	11	27224030	0.462668	T	C	0.844471	1	0.535874	4.6E-01	-0.00367933	0.00554256	0.440673	5.1E-01	0.716862	4.0E-01
rs558887	11	28712741	0.468359	A	G	0.692542	0.992085	0.578546	4.5E-01	-0.00303813	0.00437428	0.48239	4.9E-01	0.273119	6.0E-01
rs67670125	11	30214914	0.478895	C	T	0.77199	0.995153	6.38756	1.1E-02	-0.0135738	0.0047943	8.01593	4.6E-03	8.8414	2.9E-03
rs982243	11	43529703	0.620806	A	G	0.508132	0.998514	0.781468	3.8E-01	0.00276274	0.00401873	0.472608	4.9E-01	0.165924	6.8E-01
rs2679055	11	43610813	0.622009	T	C	0.545816	0.999238	12.2003	4.8E-04	-0.0153925	0.0040406	14.512	1.4E-04	14.0513	1.8E-04
rs10838201	11	43937089	0.623077	A	T	0.566417	0.994597	0.000751199	9.8E-01	-0.000217902	0.00407299	0.00286217	9.6E-01	0.0396984	8.4E-01
rs6485613	11	45337440	0.656974	C	T	0.176517	0.997513	0.00197574	9.6E-01	-0.000468446	0.00526749	0.00790884	9.3E-01	0.00353864	9.5E-01
rs2071304	11	47372377	0.665184	G	C	0.680113	0.982508	1.3658	2.4E-01	0.0063116	0.00432474	2.1299	1.4E-01	2.42794	1.2E-01
rs2269928	11	61537529	0.703886	T	G	0.773907	0.962155	42.1153	8.6E-11	0.031823	0.00489762	42.2196	8.2E-11	43.3833	4.5E-11
rs2072114	11	61605215	0.704106	A	G	0.877235	1	104.815	1.3E-24	0.0628125	0.00611346	105.564	9.2E-25	107.227	4.0E-25
rs7942337	11	76465272	0.842642	C	T	0.78322	0.971559	3.03991	8.1E-02	-0.00683508	0.00495209	1.90507	1.7E-01	2.05952	1.5E-01
rs10898317	11	84613479	0.936326	C	T	0.485862	1	0.407524	5.2E-01	0.00238107	0.0040272	0.349572	5.5E-01	0.546298	4.6E-01
rs61903695	11	89922417	0.975709	A	G	0.744306	0.999211	1.17604	2.8E-01	0.00520884	0.00460934	1.27704	2.6E-01	1.89512	1.7E-01
rs2513999	11	103019633	1.1154	A	G	0.152447	0.996865	3.58352	5.8E-02	0.00996392	0.00559473	3.17177	7.5E-02	2.73685	9.8E-02
rs719802	11	113234679	1.20429	T	C	0.385921	1	3.66912	5.5E-02	-0.00662175	0.00412182	2.58088	1.1E-01	1.07787	3.0E-01
rs2507887	11	114961537	1.22996	T	C	0.521825	0.996335	0.00493911	9.4E-01	0.000142998	0.0040268	0.00126107	9.7E-01	0.0287559	8.7E-01
rs142174850	11	116715784	1.26141	G	A	0.940079	0.994858	12.6175	3.8E-04	-0.0301	0.0085089	12.5137	4.0E-04	14.5554	1.4E-04
rs9332817	11	118365210	1.28887	G	C	0.973357	1	2.08725	1.5E-01	-0.0190529	0.0124982	2.32395	1.3E-01	1.42283	2.3E-01
rs10750446	11	130706918	1.51208	T	C	0.489006	0.998451	4.21029	4.0E-02	-0.00829027	0.00401068	4.27269	3.9E-02	2.82405	9.3E-02
rs1040103	11	131442151	1.53674	A	G	0.461781	0.994917	10.346	1.3E-03	0.0144803	0.00403361	12.8875	3.3E-04	12.6405	3.8E-04
rs7941631	11	131930432	1.54756	G	C	0.691466	0.996305	1.76736	1.8E-01	-0.00503314	0.00435065	1.33835	2.5E-01	1.78242	1.8E-01
rs3088353	12	862641	0.0207663	T	G	0.540089	0.945945	2.73476	9.8E-02	0.00630139	0.00414056	2.31609	1.3E-01	2.70421	1.0E-01
rs12422552	12	14413931	0.308896	G	C	0.732829	0.993361	0.153011	7.0E-01	-0.000595249	0.00456506	0.0170022	9.0E-01	0.00248049	9.6E-01
rs10846451	12	17099885	0.336898	A	G	0.700154	0.983369	2.20553	1.4E-01	-0.00623062	0.00443314	1.97532	1.6E-01	1.31513	2.5E-01
rs6486935	12	19209501	0.354456	T	A	0.252354	0.994884	0.00288451	9.6E-01	0.000841092	0.00463433	0.0329391	8.6E-01	0.00110461	9.7E-01
rs16926776	12	24001905	0.419584	C	T	0.923178	1	0.871742	3.5E-01	-0.00649525	0.00755123	0.739872	3.9E-01	0.407097	5.2E-01
rs6488140	12	33370406	0.544222	G	A	0.878388	0.997569	1.56901	2.1E-01	0.0100988	0.00615052	2.69597	1.0E-01	2.4481	1.2E-01
rs76573653	12	49380073	0.624418	T	G	0.961609	1	0.586574	4.4E-01	0.00582512	0.0104694	0.309575	5.8E-01	0.532262	4.7E-01
rs2720296	12	50169070	0.630128	G	A	0.609758	0.950295	1.57021	2.1E-01	-0.00457728	0.00421705	1.17814	2.8E-01	0.742641	3.9E-01
rs113397893	12	57611285	0.721064	A	G	0.9212	0.973344	2.60096	1.1E-01	0.0123409	0.00754227	2.67724	1.0E-01	2.62569	1.1E-01
rs7979776	12	68205353	0.825207	G	T	0.177617	0.996558	0.0084668	9.3E-01	-0.000467079	0.00527442	0.00784208	9.3E-01	0.0664582	8.0E-01
rs61754230	12	72179446	0.876527	C	T	0.980435	1	2.74663	9.7E-02	-0.0240362	0.0144668	2.7605	9.7E-02	1.60689	2.0E-01
rs11115160	12	82424100	0.983055	G	A	0.761725	0.987625	4.27867	3.9E-02	-0.0102011	0.00474524	4.62148	3.2E-02	5.40204	2.0E-02
rs704067	12	89726027	1.03172	G	A	0.54643	0.989595	0.918942	3.4E-01	0.00471843	0.00405692	1.3527	2.4E-01	1.18022	2.8E-01
rs11105846	12	91257268	1.04236	G	T	0.632238	0.98376	0.00484467	9.4E-01	0.000713315	0.00420893	0.0287224	8.7E-01	0.260472	6.1E-01
rs1420341	12	97913785	1.14795	C	T	0.171739	0.989054	3.17291	7.5E-02	-0.00840625	0.00535276	2.46632	1.2E-01	1.87055	1.7E-01
rs10735363	12	99524896	1.16631	T	C	0.334204	1	2.78875	9.5E-02	-0.00673815	0.00426146	2.50015	1.1E-01	2.4589	1.2E-01
rs1895951	12	108268689	1.27225	T	C	0.779282	0.981758	0.274229	6.0E-01	-0.00238591	0.0048979	0.237293	6.3E-01	0.129123	7.2E-01
rs3825393	12	109883374	1.29241	T	C	0.362954	1	9.78507	1.8E-03	0.0136691	0.00417167	10.7365	1.1E-03	9.95427	1.6E-03
rs10850838	12	110278812	1.29736	C	T	0.686864	0.989427	0.293745	5.9E-01	0.00364124	0.00436514	0.69583	4.0E-01	0.211888	6.5E-01
rs11066188	12	112610714	1.303	G	A	0.591057	0.996937	14.9244	1.1E-04	0.0162226	0.00409793	15.6716	7.5E-05	14.1204	1.7E-04
rs144782841	12	121633581	1.45609	C	G	0.874501	0.99275	8.84434	2.9E-03	0.0192434	0.00609327	9.97386	1.6E-03	10.4115	1.3E-03
rs181617194	12	122011598	1.46244	T	C	0.959381	0.835918	1.10591	2.9E-01	0.0125537	0.0111257	1.27319	2.6E-01	1.41465	2.3E-01
rs7953379	12	123030285	1.46756	A	G	0.647007	0.998006	2.59552	1.1E-01	-0.00795148	0.00421286	3.5624	5.9E-02	2.8819	9.0E-02
rs3897102	12	123492112	1.47105	C	T	0.587824	0.982525	0.00878275	9.3E-01	-8.657e-05	0.00412052	0.000441397	9.8E-01	0.046633	8.3E-01
rs7969633	12	133310887	1.74925	C	T	0.267076	0.9952	1.42556	2.3E-01	-0.00459581	0.00456077	1.01542	3.1E-01	1.62394	2.0E-01
rs9579775	13	20616557	0.0139469	A	C	0.863855	0.926233	0.849366	3.6E-01	-0.00495063	0.00609736	0.65923	4.2E-01	1.16957	2.8E-01
rs4238202	13	27902148	0.193689	A	G	0.258919	0.9902	0.0578351	8.1E-01	0.00116612	0.00461376	0.0638814	8.0E-01	0.0138842	9.1E-01
rs1885989	13	28010117	0.196447	G	A	0.819991	0.999055	1.42655	2.3E-01	0.00610343	0.00522494	1.36453	2.4E-01	1.34816	2.5E-01
rs12872889	13	28674628	0.213575	T	C	0.769448	0.972921	0.0106292	9.2E-01	0.000791268	0.00484017	0.0267255	8.7E-01	0.0356656	8.5E-01
rs1928496	13	31012904	0.263323	C	T	0.256087	1	0.180419	6.7E-01	0.0015841	0.00460605	0.118279	7.3E-01	0.0807742	7.8E-01
rs7993153	13	33378785	0.304672	A	T	0.527179	0.996937	6.58254	1.0E-02	-0.0104076	0.00402922	6.67201	9.8E-03	6.48948	1.1E-02
rs41284828	13	50963685	0.538953	G	A	0.969277	0.943856	3.97132	4.6E-02	-0.0215481	0.0119596	3.24626	7.2E-02	3.10147	7.8E-02
rs9536417	13	54018393	0.568081	G	A	0.819355	0.953229	1.53801	2.1E-01	-0.00687042	0.00534157	1.65435	2.0E-01	1.2188	2.7E-01
rs13378227	13	54793818	0.572267	C	T	0.448494	0.996048	2.09446	1.5E-01	-0.0055098	0.00404672	1.85381	1.7E-01	0.883018	3.5E-01
rs9563521	13	58254773	0.585028	A	C	0.870679	0.988428	6.37608	1.2E-02	-0.0144661	0.00602939	5.7565	1.6E-02	5.06511	2.4E-02
rs9538189	13	59333776	0.588946	C	G	0.833107	0.986627	0.619539	4.3E-01	0.00212078	0.0054365	0.152178	7.0E-01	0.145652	7.0E-01
rs308597	13	62670010	0.616457	T	C	0.413014	0.995107	2.50262	1.1E-01	-0.00679697	0.0040838	2.77014	9.6E-02	3.81886	5.1E-02
rs4421883	13	79561962	0.787183	T	C	0.494175	0.996287	2.82393	9.3E-02	0.0064755	0.00403366	2.5772	1.1E-01	2.64124	1.0E-01
rs9547363	13	86322442	0.835108	T	C	0.513712	0.967142	0.0385975	8.4E-01	-0.0021383	0.00408536	0.273952	6.0E-01	0.181001	6.7E-01
rs12585736	13	96845882	0.935798	G	A	0.693698	0.99638	0.0953942	7.6E-01	-0.000559419	0.00437263	0.0163677	9.0E-01	0.11015	7.4E-01
rs3783006	13	99111209	0.969059	G	C	0.550861	1	13.1485	2.9E-04	-0.0146037	0.00403393	13.1059	2.9E-04	13.7782	2.1E-04
rs9514131	13	104090848	1.04319	G	T	0.878435	1	0.172844	6.8E-01	0.00190953	0.00614836	0.0964575	7.6E-01	0.0031237	9.6E-01
rs9888533	13	107854612	1.13616	C	T	0.462035	0.966192	2.0971	1.5E-01	0.00561374	0.0040986	1.876	1.7E-01	2.88255	9.0E-02
rs4773331	13	111843007	1.24012	G	A	0.603622	0.995832	0.476629	4.9E-01	-0.00244467	0.00411091	0.353642	5.5E-01	0.295888	5.9E-01
rs9560110	13	112181233	1.24489	C	T	0.713945	0.999795	0.828515	3.6E-01	-0.0034497	0.00443747	0.604356	4.4E-01	0.902362	3.4E-01
rs1241305	14	25868959	0.160798	G	T	0.560624	0.995412	5.69573	1.7E-02	0.00937499	0.00405798	5.33731	2.1E-02	4.78844	2.9E-02
rs7494063	14	29549249	0.20712	A	C	0.807992	0.984291	0.0261715	8.7E-01	-0.000163655	0.00513629	0.00101522	9.7E-01	0.0165632	9.0E-01
rs8020889	14	30077029	0.215217	T	C	0.408054	0.999425	1.29764	2.5E-01	-0.00476136	0.00410066	1.3482	2.5E-01	1.6574	2.0E-01
rs10148694	14	33273511	0.261796	C	T	0.646876	0.984296	0.0614159	8.0E-01	-0.000372306	0.00423755	0.00771916	9.3E-01	0.00204458	9.6E-01
rs1956151	14	40101060	0.364141	A	G	0.823524	0.999433	0.0878128	7.7E-01	0.00308121	0.00525308	0.344045	5.6E-01	0.304783	5.8E-01
rs12889085	14	42885336	0.38109	A	G	0.574098	0.993459	3.91461	4.8E-02	0.00824719	0.0040851	4.07575	4.4E-02	5.32011	2.1E-02
rs8181993	14	46803314	0.406055	G	A	0.435542	0.992832	1.78211	1.8E-01	0.00586456	0.00407543	2.07073	1.5E-01	2.09653	1.5E-01
rs217667	14	62358847	0.565816	C	T	0.749883	0.994282	0.236608	6.3E-01	0.00186691	0.00466393	0.16023	6.9E-01	0.153754	6.9E-01
rs8007097	14	62592332	0.568871	C	T	0.547989	0.988884	3.18469	7.4E-02	-0.00786055	0.0040565	3.75494	5.3E-02	2.08118	1.5E-01
rs2526919	14	73107771	0.666826	A	G	0.468807	0.994062	1.66995	2.0E-01	-0.00451957	0.00403226	1.25631	2.6E-01	1.18889	2.8E-01
rs6574100	14	73323682	0.670778	A	T	0.597593	0.994028	0.07299	7.9E-01	-0.000702644	0.00412525	0.0290114	8.6E-01	0.0183073	8.9E-01
rs11624311	14	79453542	0.744848	G	A	0.771541	0.993549	0.566063	4.5E-01	-0.00399771	0.00480408	0.692474	4.1E-01	0.70136	4.0E-01
rs10144362	14	79974598	0.748284	G	A	0.611262	0.997089	0.0104	9.2E-01	0.00076176	0.00413439	0.033948	8.5E-01	0.0387624	8.4E-01
rs6574962	14	88341331	0.821353	G	T	0.252273	0.992916	0.00110771	9.7E-01	-3.02711e-05	0.00464129	4.25381e-05	9.9E-01	0.0576896	8.1E-01
rs1152432	14	91373435	0.881772	T	A	0.280154	0.994872	5.17273	2.3E-02	-0.00987653	0.00447586	4.86919	2.7E-02	5.34835	2.1E-02
rs740791	14	93699003	0.916417	C	T	0.733984	0.968997	3.26438	7.1E-02	-0.0072664	0.00461481	2.47932	1.2E-01	2.77741	9.6E-02
rs2295659	14	101141544	1.07723	G	T	0.869818	0.990612	1.92662	1.7E-01	0.00926022	0.00600857	2.3752	1.2E-01	1.50231	2.2E-01
rs3742406	14	101537857	1.08996	A	G	0.630498	0.998313	1.63768	2.0E-01	-0.00476642	0.00416765	1.30798	2.5E-01	1.05157	3.1E-01
rs72708844	14	103834091	1.12399	C	G	0.759439	0.99572	0.0176648	8.9E-01	-0.000618399	0.00471847	0.0171765	9.0E-01	0.00733421	9.3E-01
rs12594043	15	27034988	0.374858	G	C	0.478806	0.998824	3.64897	5.6E-02	0.00690778	0.00403283	2.93398	8.7E-02	3.673	5.5E-02
rs4365252	15	31842371	0.454988	C	A	0.534885	0.990048	0.858908	3.5E-01	0.00518632	0.0040517	1.63849	2.0E-01	1.08689	3.0E-01
rs1435670	15	36390393	0.544421	A	T	0.499057	0.999048	0.239422	6.2E-01	-0.00112585	0.00402788	0.0781289	7.8E-01	0.0833099	7.7E-01
rs10775122	15	41898711	0.63274	C	T	0.183298	0.995919	2.52141	1.1E-01	-0.00659414	0.00520674	1.60392	2.1E-01	2.10579	1.5E-01
rs765787	15	45500047	0.653911	A	G	0.820239	1	3.78198	5.2E-02	0.011137	0.00529985	4.41577	3.6E-02	4.75661	2.9E-02
rs10519044	15	46381874	0.6636	T	C	0.709811	0.994588	0.0258996	8.7E-01	0.000960448	0.00444358	0.0467178	8.3E-01	0.00196857	9.6E-01
rs2622775	15	51999970	0.710456	C	T	0.586011	1	1.88695	1.7E-01	0.00662611	0.00408694	2.62857	1.0E-01	2.22734	1.4E-01
rs335497	15	53383101	0.722756	T	G	0.0736902	0.995552	0.845892	3.6E-01	0.00720177	0.00770412	0.873842	3.5E-01	1.48373	2.2E-01
rs2242066	15	58839337	0.793581	G	A	0.848078	0.997046	0.0360382	8.5E-01	-0.00330063	0.00560871	0.346312	5.6E-01	0.0254903	8.7E-01
rs8033510	15	61445514	0.841628	T	C	0.364718	0.994338	0.00898347	9.2E-01	-0.000910002	0.00419512	0.0470539	8.3E-01	0.136342	7.1E-01
rs3087660	15	66797492	0.89698	G	A	0.395797	0.999328	0.467678	4.9E-01	-0.0027726	0.00410487	0.456221	5.0E-01	0.668472	4.1E-01
rs11635495	15	67804682	0.914253	T	C	0.487932	0.997662	1.68445	1.9E-01	-0.00493621	0.00402775	1.50198	2.2E-01	0.667342	4.1E-01
rs2415130	15	72242554	0.983024	G	A	0.765191	0.998693	0.719047	4.0E-01	-0.00513499	0.00474833	1.16949	2.8E-01	1.17818	2.8E-01
rs478438	15	73630686	0.990231	G	A	0.909358	0.98938	0.115647	7.3E-01	-0.00501372	0.00705731	0.504711	4.8E-01	0.4065	5.2E-01
rs35364449	15	74278126	0.995964	C	T	0.890533	0.989263	0.00977368	9.2E-01	-0.00135944	0.00648338	0.0439661	8.3E-01	0.269912	6.0E-01
rs62007782	15	78029797	1.01266	G	A	0.734022	0.996291	0.0107875	9.2E-01	0.00178979	0.00454693	0.154942	6.9E-01	0.190031	6.6E-01
rs1531895	15	80992165	1.05797	G	A	0.532916	0.995023	0.0178123	8.9E-01	0.000226124	0.00403752	0.00313665	9.6E-01	0.0045391	9.5E-01
rs66615128	15	92561941	1.21822	G	C	0.785237	0.999315	0.906334	3.4E-01	-0.00453519	0.00489305	0.859076	3.5E-01	0.189028	6.6E-01
rs6496036	15	95249902	1.31575	A	C	0.565021	0.985876	7.75093	5.4E-03	-0.0118727	0.00408414	8.45074	3.6E-03	10.0182	1.6E-03
rs7166757	15	98259616	1.39637	A	G	0.612081	0.979588	3.89765	4.8E-02	-0.00959942	0.00416602	5.30942	2.1E-02	5.63746	1.8E-02
rs57221746	15	99230035	1.42335	G	A	0.774928	0.998898	8.50962	3.5E-03	-0.0152868	0.00483147	10.0109	1.6E-03	10.7391	1.0E-03
rs432925	16	334580	0.00365345	G	C	0.715696	0.978663	1.7902	1.8E-01	-0.00511789	0.00450498	1.29061	2.6E-01	1.46737	2.3E-01
rs3211995	16	2089006	0.0428409	G	A	0.840439	0.989857	0.764495	3.8E-01	-0.00587528	0.00552964	1.12892	2.9E-01	1.27565	2.6E-01
rs2285813	16	3566102	0.0672749	C	A	0.71444	0.994926	0.229583	6.3E-01	-0.000630529	0.00446506	0.0199414	8.9E-01	0.0497144	8.2E-01
rs2531993	16	4014245	0.0722296	A	G	0.155356	0.997332	0.266061	6.1E-01	-0.00343783	0.00555033	0.383646	5.4E-01	0.996889	3.2E-01
rs12927792	16	9713194	0.229734	C	T	0.573706	0.986089	0.934472	3.3E-01	0.00399871	0.00409761	0.95231	3.3E-01	1.11403	2.9E-01
rs739639	16	19527777	0.388214	C	T	0.359277	0.997014	8.50792	3.5E-03	-0.0116025	0.00418831	7.67403	5.6E-03	7.30489	6.9E-03
rs227762	16	19859406	0.390054	G	A	0.521259	0.978383	0.351709	5.5E-01	-0.00118955	0.00406489	0.0856387	7.7E-01	0.215157	6.4E-01
rs11074444	16	20241686	0.397902	T	C	0.206912	0.996432	0.827277	3.6E-01	0.00351777	0.00496375	0.502244	4.8E-01	0.562225	4.5E-01
rs9929613	16	24599316	0.461035	A	G	0.261396	0.954325	0.0193648	8.9E-01	0.0020652	0.004673	0.195314	6.6E-01	0.388306	5.3E-01
rs865719	16	28379443	0.542171	A	G	0.586842	0.968132	0.516024	4.7E-01	-0.00356828	0.00413832	0.743478	3.9E-01	0.384575	5.4E-01
rs28517865	16	29914142	0.552217	C	T	0.433691	0.992308	1.46683	2.3E-01	0.0040979	0.00407866	1.00946	3.2E-01	1.0775	3.0E-01
rs9319587	16	30833246	0.554994	C	T	0.60914	0.997546	0.327779	5.7E-01	-0.00160036	0.00411593	0.151181	7.0E-01	0.203495	6.5E-01
rs6500208	16	49011249	0.571189	G	A	0.793086	0.993709	0.414111	5.2E-01	-0.00402933	0.00496769	0.657896	4.2E-01	0.646451	4.2E-01
rs111617945	16	53557517	0.64416	T	C	0.895528	0.985634	0.284871	5.9E-01	0.00383173	0.00662498	0.334519	5.6E-01	0.276509	6.0E-01
rs8048396	16	53770749	0.644865	C	A	0.489928	0.995604	0.0372739	8.5E-01	-0.000926987	0.00403478	0.0527846	8.2E-01	0.000331955	9.9E-01
rs12596054	16	53834684	0.646096	A	C	0.853705	0.996549	1.93375	1.6E-01	-0.00646404	0.00567281	1.29841	2.5E-01	0.88517	3.5E-01
rs11649379	16	56493573	0.721474	C	T	0.827289	0.998629	0.0016607	9.7E-01	0.00121558	0.00531365	0.0523337	8.2E-01	0.0162753	9.0E-01
rs2962446	16	62862539	0.808465	A	T	0.476039	0.98622	0.447161	5.0E-01	-0.00229674	0.00405344	0.321052	5.7E-01	0.155362	6.9E-01
rs8056893	16	68304392	0.850738	C	A	0.26701	0.992269	0.0227365	8.8E-01	-0.00191299	0.00455747	0.176189	6.7E-01	0.100111	7.5E-01
rs113093305	16	69424312	0.855386	C	T	0.965603	0.988361	0.556716	4.6E-01	-0.011102	0.0111111	0.998362	3.2E-01	0.908569	3.4E-01
rs244416	16	69665208	0.858568	T	C	0.151061	0.993922	2.31813	1.3E-01	-0.00970316	0.00563679	2.96321	8.5E-02	2.82013	9.3E-02
rs8059061	16	76699487	0.935641	A	C	0.820057	0.993717	1.89101	1.7E-01	0.00837821	0.00524458	2.552	1.1E-01	2.98152	8.4E-02
rs12443634	16	81524274	1.04567	A	C	0.286925	0.984586	32.8372	1.0E-08	-0.0260599	0.00447321	33.9396	5.7E-09	33.1643	8.5E-09
rs12922346	16	82438337	1.07453	G	C	0.731318	0.983645	0.121466	7.3E-01	-0.0028737	0.00457452	0.39463	5.3E-01	0.204057	6.5E-01
rs77081114	17	1816762	0.0641667	G	A	0.834564	1	0.999254	3.2E-01	-0.00638959	0.00541087	1.39448	2.4E-01	0.958368	3.3E-01
rs9914578	17	2005136	0.0688706	C	G	0.798239	0.995727	0.0246075	8.8E-01	-0.00104719	0.00500918	0.043704	8.3E-01	0.146137	7.0E-01
rs2779207	17	15870401	0.425124	T	A	0.431236	0.973217	0.725583	3.9E-01	-0.0036996	0.0041088	0.810736	3.7E-01	0.690492	4.1E-01
rs4985996	17	21155684	0.471012	C	T	0.650988	0.996698	0.501449	4.8E-01	-0.00311538	0.00422407	0.543952	4.6E-01	0.289239	5.9E-01
rs11080090	17	27502029	0.494582	G	A	0.157423	0.985283	1.28493	2.6E-01	0.00597718	0.00557271	1.15043	2.8E-01	0.549028	4.6E-01
rs4794859	17	27962393	0.496881	T	G	0.529334	0.996548	0.580185	4.5E-01	0.00355956	0.00403012	0.780113	3.8E-01	0.863656	3.5E-01
rs17836689	17	31448234	0.526044	G	A	0.759277	0.987977	0.58247	4.5E-01	-0.00383883	0.0047171	0.66229	4.2E-01	0.75029	3.9E-01
rs4794977	17	32247585	0.548126	C	G	0.577787	0.980309	0.00769462	9.3E-01	-9.36458e-05	0.00411826	0.000517069	9.8E-01	0.0460934	8.3E-01
rs242556	17	44002250	0.689918	A	T	0.233994	0.95327	0.365672	5.5E-01	-0.00352442	0.00486246	0.525366	4.7E-01	0.540684	4.6E-01
rs2905855	17	46081915	0.703376	G	A	0.562305	0.989999	1.87424	1.7E-01	-0.00478575	0.00406508	1.386	2.4E-01	0.832702	3.6E-01
rs11657868	17	46942681	0.706999	G	A	0.718196	0.996518	1.47594	2.2E-01	-0.00525197	0.00447256	1.3789	2.4E-01	1.50887	2.2E-01
rs8067262	17	56048720	0.848038	T	G	0.911457	0.997899	0.387366	5.3E-01	0.00506325	0.00707624	0.511981	4.7E-01	0.447142	5.0E-01
rs11655589	17	61608163	0.886764	A	G	0.666344	0.975736	1.35815	2.4E-01	-0.00385697	0.00430957	0.800984	3.7E-01	1.45932	2.3E-01
rs8079078	17	65821166	0.947735	C	A	0.303724	0.990268	0.773728	3.8E-01	-0.00507414	0.0043971	1.33165	2.5E-01	0.872659	3.5E-01
rs936393	17	73847613	1.10376	A	G	0.812219	0.99328	1.22958	2.7E-01	-0.00403383	0.0051774	0.607034	4.4E-01	0.493549	4.8E-01
rs12943620	17	78444658	1.24901	T	G	0.227281	0.993887	1.53871	2.1E-01	0.005682	0.00480681	1.3973	2.4E-01	1.58542	2.1E-01
rs11658698	17	78518327	1.2499	C	T	0.72961	0.995739	4.85103	2.8E-02	0.0102181	0.00452588	5.09718	2.4E-02	4.77202	2.9E-02
rs12051698	17	79046374	1.26006	C	G	0.647102	0.980656	1.42862	2.3E-01	0.00541178	0.00424598	1.62452	2.0E-01	1.69645	1.9E-01
rs8089699	18	1813412	0.0476566	G	A	0.882906	0.939184	0.00478307	9.4E-01	0.000323703	0.00643223	0.00253262	9.6E-01	0.0174191	8.9E-01
rs508481	18	7542241	0.240303	A	G	0.868636	0.989942	1.82372	1.8E-01	-0.00678608	0.00598224	1.2868	2.6E-01	2.01897	1.6E-01
rs9948870	18	20967065	0.431819	G	A	0.605062	0.993522	1.44431	2.3E-01	-0.00657867	0.00413553	2.53055	1.1E-01	3.73131	5.3E-02
rs1349351	18	22191762	0.447116	G	A	0.5985	0.999082	5.14882	2.3E-02	-0.0084183	0.00410759	4.20024	4.0E-02	4.7578	2.9E-02
rs7228141	18	31214950	0.540827	G	C	0.463505	0.995475	7.44364	6.4E-03	0.0107513	0.00403484	7.10021	7.7E-03	6.34667	1.2E-02
rs9957032	18	39467208	0.603798	T	C	0.818223	1	0.148989	7.0E-01	-0.00272867	0.00521109	0.274185	6.0E-01	0.527853	4.7E-01
rs4561553	18	40687764	0.611644	T	G	0.407513	0.997769	0.74744	3.9E-01	0.00261612	0.00410191	0.406764	5.2E-01	0.271112	6.0E-01
rs8096662	18	42533130	0.62282	A	G	0.145554	0.98702	0.455967	5.0E-01	-0.00285731	0.00574258	0.247572	6.2E-01	0.212959	6.4E-01
rs9964756	18	50441817	0.72912	T	G	0.107895	0.997466	0.916102	3.4E-01	0.00665283	0.00648533	1.05232	3.0E-01	0.674406	4.1E-01
rs28687557	18	52547057	0.739845	G	A	0.227453	0.993369	0.428833	5.1E-01	-0.00371714	0.00481314	0.59643	4.4E-01	0.670678	4.1E-01
rs7243357	18	56883319	0.801149	T	G	0.822165	0.991788	12.3721	4.4E-04	-0.0168496	0.00528913	10.1487	1.4E-03	9.72407	1.8E-03
rs681630	18	57827605	0.821594	A	G	0.565363	0.998337	1.01733	3.1E-01	0.00559881	0.00407008	1.89228	1.7E-01	2.08944	1.5E-01
rs8097783	18	58051294	0.823036	G	A	0.926154	1	0.222478	6.4E-01	0.00509516	0.0076989	0.437985	5.1E-01	0.219181	6.4E-01
rs74625348	18	60846430	0.867759	G	C	0.770962	0.97218	9.5622	2.0E-03	-0.0137557	0.00483902	8.08072	4.5E-03	10.7641	1.0E-03
rs10460125	18	63415573	0.904306	C	T	0.725399	0.998331	2.38087	1.2E-01	-0.00591384	0.00450818	1.72083	1.9E-01	2.75979	9.7E-02
rs11663797	18	73497644	1.0888	G	A	0.273814	0.989477	0.339749	5.6E-01	0.00265132	0.0045341	0.341934	5.6E-01	0.500924	4.8E-01
rs12151205	19	1808569	0.0682048	T	A	0.449087	0.963075	0.600579	4.4E-01	0.00296034	0.0041045	0.520189	4.7E-01	0.494571	4.8E-01
rs10419634	19	1936672	0.069832	T	C	0.289767	0.973622	2.65001	1.0E-01	0.00699087	0.00448351	2.43123	1.2E-01	2.16499	1.4E-01
rs79712071	19	2221892	0.075478	C	A	0.953635	0.968688	2.51311	1.1E-01	-0.0154797	0.00967824	2.55818	1.1E-01	2.17177	1.4E-01
rs62131468	19	3984788	0.142379	C	G	0.813006	0.97174	0.867995	3.5E-01	-0.00591322	0.00521184	1.28726	2.6E-01	1.17204	2.8E-01
rs3929396	19	18197093	0.447598	G	A	0.594992	0.983365	0.0251992	8.7E-01	0.000322414	0.00411675	0.00613365	9.4E-01	0.0624418	8.0E-01
rs113230003	19	18460956	0.450365	G	A	0.738161	0.981969	2.2308	1.4E-01	0.00757578	0.00459541	2.71773	9.9E-02	1.71697	1.9E-01
rs2003476	19	18806668	0.454309	T	C	0.593805	0.986683	9.6767	1.9E-03	-0.0135011	0.00410845	10.799	1.0E-03	10.8293	1.0E-03
rs8104983	19	19859845	0.463476	A	G	0.840942	0.982533	0.122527	7.3E-01	-0.00160722	0.00551935	0.0847961	7.7E-01	0.252097	6.2E-01
rs7247004	19	30240852	0.512599	A	G	0.68793	0.994107	1.26884	2.6E-01	0.00507031	0.00433792	1.36618	2.4E-01	1.71717	1.9E-01
rs740671	19	30664619	0.518411	C	A	0.755917	0.990945	0.00995627	9.2E-01	0.000579642	0.00467396	0.0153798	9.0E-01	0.0316524	8.6E-01
rs7247158	19	31021597	0.524584	A	G	0.758301	0.996608	0.0347163	8.5E-01	0.000217944	0.00469152	0.00215806	9.6E-01	0.00218113	9.6E-01
rs461998	19	34319233	0.572882	T	C	0.328678	0.997354	0.181684	6.7E-01	-0.00218233	0.00427124	0.261057	6.1E-01	0.165322	6.8E-01
rs62116588	19	44446097	0.68736	C	G	0.976367	0.933368	43.0479	5.3E-11	0.0890595	0.0136728	42.4274	7.3E-11	43.0902	5.2E-11
rs55840997	19	44480979	0.687479	G	A	0.981586	1	21.104	4.4E-06	0.0686345	0.0149423	21.0985	4.4E-06	23.2207	1.4E-06
rs73048351	19	45160086	0.697689	C	A	0.989801	0.91554	114.805	8.7E-27	0.228425	0.0208822	119.656	7.5E-28	124.213	7.6E-29
rs11881756	19	45220896	0.699851	T	C	0.886255	1	243.097	8.3E-55	0.0991813	0.0063082	247.2	1.1E-55	263.021	3.8E-59
rs139326841	19	45269725	0.701551	T	C	0.978975	0.821408	25.4126	4.6E-07	-0.0766456	0.0153858	24.8161	6.3E-07	29.059	7.0E-08
rs2075649	19	45395330	0.707004	A	G	0.611082	0.998574	69.5103	7.6E-17	-0.0349921	0.00411418	72.3392	1.8E-17	78.0065	1.0E-18
rs146390218	19	45478352	0.709104	A	G	0.973617	0.966351	298.667	6.4E-67	0.219237	0.012708	297.628	1.1E-66	309.76	2.5E-69
rs1884389	20	1410582	0.0620248	C	T	0.561411	0.990862	2.64161	1.0E-01	-0.00607313	0.00406566	2.23133	1.4E-01	2.50794	1.1E-01
rs4813619	20	2815715	0.104851	G	T	0.491114	0.983542	0.801754	3.7E-01	0.00376031	0.0040638	0.856215	3.5E-01	0.85361	3.6E-01
rs1884899	20	6572870	0.214153	A	G	0.226227	0.983564	0.25377	6.1E-01	0.00174572	0.0048384	0.13018	7.2E-01	0.218761	6.4E-01
rs16996637	20	15809996	0.385502	C	T	0.870003	0.979105	1.70558	1.9E-01	-0.00744823	0.00602498	1.52825	2.2E-01	1.11562	2.9E-01
rs852033	20	17085493	0.411169	A	C	0.247637	0.996482	0.07062	7.9E-01	-0.00214461	0.00466252	0.211571	6.5E-01	0.0469351	8.3E-01
rs1409818	20	21381121	0.481069	C	T	0.898663	0.994593	0.0628501	8.0E-01	-0.0024091	0.00667973	0.130074	7.2E-01	0.311769	5.8E-01
rs66817095	20	25038484	0.515275	G	T	0.829542	1	1.25301	2.6E-01	0.00636502	0.00536763	1.40616	2.4E-01	1.71562	1.9E-01
rs6120440	20	32517585	0.53634	G	A	0.354038	0.991596	10.0218	1.5E-03	0.0130298	0.00422604	9.50628	2.0E-03	9.9047	1.6E-03
rs16989232	20	39291784	0.591389	G	A	0.601237	0.975601	0.717807	4.0E-01	0.00408153	0.00415491	0.964989	3.3E-01	0.577246	4.5E-01
rs34316626	20	47358484	0.731003	T	C	0.752271	0.990765	2.14134	1.4E-01	0.00598663	0.00467964	1.63659	2.0E-01	1.17317	2.8E-01
rs17201143	20	50402079	0.780574	C	T	0.676781	0.999123	0.0237234	8.8E-01	0.000222555	0.00430587	0.00267147	9.6E-01	0.028436	8.7E-01
rs1033715	20	50861193	0.791131	G	A	0.607164	0.99768	0.00977286	9.2E-01	0.000604341	0.00412073	0.0215088	8.8E-01	0.0746678	7.8E-01
rs559390	20	54157546	0.855467	A	T	0.658111	0.996213	0.106605	7.4E-01	0.00276649	0.00424245	0.42523	5.1E-01	0.246186	6.2E-01
rs6010789	20	61561153	1.07298	G	A	0.498553	1	4.09628	4.3E-02	-0.00828775	0.00401626	4.25823	3.9E-02	4.15919	4.1E-02
rs2832283	21	30690558	0.291215	G	A	0.785768	0.992402	5.69447	1.7E-02	0.0120899	0.00493126	6.01073	1.4E-02	4.12342	4.2E-02
rs2298330	21	38852728	0.419836	G	A	0.884475	0.986182	0.192508	6.6E-01	0.00202805	0.00633259	0.102564	7.5E-01	0.0105212	9.2E-01
rs1209950	21	40173528	0.44514	C	T	0.59796	1	1.99228	1.6E-01	0.00697686	0.00409585	2.90157	8.8E-02	4.11341	4.3E-02
rs62222988	21	40569508	0.455465	T	C	0.626123	0.995886	1.61883	2.0E-01	0.0048364	0.00416554	1.34803	2.5E-01	1.97756	1.6E-01
rs2410204	21	41416838	0.475718	A	G	0.585399	0.993302	0.187739	6.6E-01	0.00196704	0.00408686	0.231658	6.3E-01	0.48893	4.8E-01
rs111320751	21	46630890	0.622427	A	T	0.95568	0.926829	0.0463663	8.3E-01	-0.00176931	0.0101614	0.030318	8.6E-01	0.0272501	8.7E-01
rs11704728	22	18130209	0.0626254	C	T	0.803471	0.990379	0.131909	7.2E-01	0.00158478	0.005067	0.0978217	7.5E-01	0.126423	7.2E-01
rs5750508	22	38303155	0.469229	C	T	0.676364	0.994441	0.206109	6.5E-01	-0.00222621	0.00431936	0.265639	6.1E-01	0.512119	4.7E-01
rs8136269	22	40532444	0.498055	G	C	0.798232	0.992615	0.37569	5.4E-01	-0.00278956	0.00503326	0.307165	5.8E-01	0.0834454	7.7E-01
rs1953	22	41641984	0.50042	C	T	0.729724	0.993321	0.268591	6.0E-01	0.00232142	0.00453134	0.262455	6.1E-01	0.194279	6.6E-01
rs13056230	22	48874310	0.664361	C	T	0.572042	1	0.5052	4.8E-01	-0.00202279	0.00405554	0.248773	6.2E-01	0.0177347	8.9E-01
