SNP	CHR	BP	GENPOS	ALLELE1	ALLELE0	A1FREQ	INFO	CHISQ_LINREG	P_LINREG	BETA	SE	CHISQ_BOLT_LMM_INF	P_BOLT_LMM_INF	CHISQ_BOLT_LMM	P_BOLT_LMM
rs28788874	1	1520725	0.0141684	C	T	0.585299	0.768295	0.113829	7.4E-01	-0.000949888	0.004606	0.0425302	8.4E-01	0.0914078	7.6E-01
rs10907187	1	1759054	0.0168675	G	A	0.730409	0.998294	2.24954	1.3E-01	0.00779107	0.00450209	2.99479	8.4E-02	3.03352	8.2E-02
rs3001347	1	2426766	0.0346085	A	G	0.480235	0.993243	1.05387	3.0E-01	-0.00459729	0.00399653	1.32324	2.5E-01	1.26142	2.6E-01
rs10779795	1	6677064	0.153978	A	G	0.662103	0.998314	2.50683	1.1E-01	0.00720282	0.00422936	2.90039	8.9E-02	2.1056	1.5E-01
rs12136082	1	11102275	0.225397	A	G	0.192828	0.997704	0.805434	3.7E-01	-0.00445671	0.00506185	0.775191	3.8E-01	0.719197	4.0E-01
rs3766160	1	15808872	0.325192	G	A	0.744147	1	0.229118	6.3E-01	-0.00147169	0.00456163	0.104087	7.5E-01	0.0891675	7.7E-01
rs12041062	1	19916886	0.402244	G	C	0.764485	0.997633	0.320473	5.7E-01	-0.00299668	0.00470963	0.404861	5.2E-01	0.401109	5.3E-01
rs309517	1	23251592	0.460465	T	A	0.327298	0.967482	0.0186057	8.9E-01	-8.13986e-05	0.00432078	0.000354903	9.8E-01	0.00376933	9.5E-01
rs12564655	1	33254768	0.567573	T	C	0.831445	0.999657	6.24542	1.2E-02	0.0140953	0.00532714	7.00101	8.1E-03	9.1126	2.5E-03
rs75991743	1	39286089	0.662194	C	T	0.968804	1	12.9537	3.2E-04	0.0420952	0.0114704	13.4681	2.4E-04	15.0196	1.1E-04
rs61743745	1	40036944	0.670228	G	A	0.970171	0.986128	0.174344	6.8E-01	-0.00413591	0.0117861	0.123142	7.3E-01	0.0753002	7.8E-01
rs41269113	1	46032543	0.727328	G	A	0.964407	0.991408	1.42554	2.3E-01	0.0163834	0.0108163	2.29433	1.3E-01	1.37391	2.4E-01
rs4134058	1	47670911	0.739288	T	C	0.455325	0.994101	2.21877	1.4E-01	0.00507394	0.00401699	1.59547	2.1E-01	1.70735	1.9E-01
rs587271	1	54743111	0.7872	C	T	0.313179	0.916526	4.50605	3.4E-02	0.0102387	0.00450918	5.15576	2.3E-02	5.53956	1.9E-02
rs78141582	1	57827517	0.843026	A	G	0.897687	0.998432	0.0221142	8.8E-01	-0.00121204	0.00658929	0.0338343	8.5E-01	0.00236084	9.6E-01
rs885581	1	62445706	0.914644	A	G	0.607676	0.990874	0.0252039	8.7E-01	0.000821051	0.0041006	0.0400909	8.4E-01	0.193133	6.6E-01
rs74082072	1	65970925	0.967975	T	C	0.917809	0.99363	2.80902	9.4E-02	-0.0120145	0.00727118	2.73023	9.8E-02	2.84593	9.2E-02
rs2554414	1	72446164	1.03176	A	G	0.758572	0.995989	0.33149	5.6E-01	-0.00278528	0.00465601	0.357857	5.5E-01	0.395502	5.3E-01
rs1514177	1	74991402	1.04313	C	G	0.424303	0.999432	0.242658	6.2E-01	0.00211614	0.00404423	0.273789	6.0E-01	0.127287	7.2E-01
rs12035349	1	77557339	1.06866	A	G	0.871887	0.977571	0.323747	5.7E-01	0.00434274	0.00604061	0.516853	4.7E-01	0.822752	3.6E-01
rs115281275	1	77991129	1.0737	T	A	0.968661	0.902469	0.16578	6.8E-01	0.00107014	0.0120327	0.00790954	9.3E-01	0.120835	7.3E-01
rs10874123	1	80831434	1.08977	G	A	0.702146	0.997286	1.26252	2.6E-01	-0.00390767	0.00436174	0.802633	3.7E-01	0.803793	3.7E-01
rs11810373	1	82473958	1.11392	A	G	0.745514	0.997739	1.76203	1.8E-01	0.00629109	0.00457901	1.88759	1.7E-01	1.36084	2.4E-01
rs3131815	1	92664966	1.23012	C	T	0.805586	0.994558	0.0644546	8.0E-01	-0.00109652	0.00504975	0.0471511	8.3E-01	0.00218932	9.6E-01
rs4347257	1	96269230	1.26259	C	T	0.535636	0.996672	2.34947	1.3E-01	-0.00629879	0.00400899	2.46856	1.2E-01	2.32106	1.3E-01
rs4375301	1	98298371	1.27828	A	G	0.767049	0.993807	4.50527	3.4E-02	-0.0105977	0.00474088	4.99692	2.5E-02	4.98319	2.6E-02
rs3108680	1	107572997	1.35724	T	C	0.650884	0.999501	18.1635	2.0E-05	0.0173931	0.00420191	17.1341	3.5E-05	16.4713	4.9E-05
rs4970829	1	109757295	1.38629	G	A	0.927892	1	83.1464	7.6E-20	-0.0694409	0.00770954	81.1285	2.1E-19	81.5401	1.7E-19
rs2076586	1	112273026	1.42823	C	T	0.754427	0.980886	3.40686	6.5E-02	0.00901117	0.00468351	3.70185	5.4E-02	4.21313	4.0E-02
rs984222	1	119503843	1.50977	C	G	0.390696	1	0.0854166	7.7E-01	-0.00100079	0.00409833	0.0596308	8.1E-01	0.0435352	8.3E-01
rs4589116	1	151002510	1.65957	C	T	0.134449	0.990695	0.0162578	9.0E-01	0.000358006	0.00588081	0.003706	9.5E-01	0.0642017	8.0E-01
rs1870940	1	154984363	1.69828	G	A	0.72931	0.984186	1.08332	3.0E-01	-0.00461386	0.00452966	1.03752	3.1E-01	1.47124	2.3E-01
rs75925257	1	155138842	1.69946	G	A	0.881515	1	1.44547	2.3E-01	-0.00736701	0.00617285	1.42433	2.3E-01	1.05637	3.0E-01
rs35277691	1	171415327	1.93374	A	C	0.906541	0.997238	0.51647	4.7E-01	-0.00590742	0.00688983	0.735156	3.9E-01	0.866812	3.5E-01
rs149415799	1	173657022	1.95091	G	C	0.975833	0.965388	0.00578768	9.4E-01	0.000284112	0.0132117	0.000462446	9.8E-01	0.0543798	8.2E-01
rs3922650	1	177766694	1.98705	A	C	0.475966	0.997377	1.2334	2.7E-01	0.00302399	0.00399551	0.572817	4.5E-01	0.793398	3.7E-01
rs2068973	1	177792715	1.98748	G	A	0.655699	0.993004	1.32463	2.5E-01	-0.00432325	0.00421668	1.05119	3.1E-01	1.62416	2.0E-01
rs815342	1	190112653	2.09814	T	C	0.631918	0.98827	0.000682845	9.8E-01	0.0016548	0.00416663	0.157732	6.9E-01	0.0450766	8.3E-01
rs12130221	1	194825306	2.13143	A	T	0.683256	0.997265	0.0921913	7.6E-01	0.000574529	0.00429866	0.0178631	8.9E-01	0.0181484	8.9E-01
rs704633	1	201760981	2.19705	A	G	0.348748	0.991681	3.85933	4.9E-02	-0.0079757	0.00419411	3.61626	5.7E-02	3.33038	6.8E-02
rs16849710	1	202106797	2.20149	A	G	0.471389	0.987868	0.597011	4.4E-01	0.00400526	0.0040219	0.99174	3.2E-01	0.648591	4.2E-01
rs6540497	1	209205263	2.30771	G	C	0.422338	0.993216	0.223213	6.4E-01	-0.00176579	0.00405148	0.189954	6.6E-01	0.342878	5.6E-01
rs11118308	1	219633869	2.43693	A	G	0.552201	0.999196	13.3173	2.6E-04	-0.0142632	0.00401464	12.6223	3.8E-04	17.7639	2.5E-05
rs2491864	1	242986063	2.82336	G	A	0.781475	0.998975	0.0603579	8.1E-01	0.00182629	0.00483842	0.142473	7.1E-01	0.184858	6.7E-01
rs12042959	1	243533273	2.82744	A	G	0.856295	0.985729	1.24181	2.7E-01	0.00702334	0.00572368	1.50569	2.2E-01	1.67986	1.9E-01
rs1474053	2	224086	0.00121739	T	A	0.30705	0.998582	5.23566	2.2E-02	0.0103761	0.00433173	5.73776	1.7E-02	8.51323	3.5E-03
rs6548228	2	345889	0.00380575	T	C	0.47675	0.997111	3.98454	4.6E-02	0.00890731	0.0040008	4.95678	2.6E-02	3.55302	5.9E-02
rs62117023	2	401319	0.00493919	G	A	0.746598	0.975524	1.54482	2.1E-01	-0.00613029	0.00464799	1.73953	1.9E-01	2.45332	1.2E-01
rs13387998	2	512327	0.00653916	C	T	0.926049	0.992033	0.182535	6.7E-01	-0.00353829	0.00765913	0.213416	6.4E-01	0.0747649	7.8E-01
rs7596758	2	658595	0.00865972	T	G	0.702053	0.99674	2.34341	1.3E-01	-0.00532941	0.00435378	1.49839	2.2E-01	1.75293	1.9E-01
rs11902450	2	12845368	0.29449	C	T	0.895435	0.993347	0.0887483	7.7E-01	0.000840234	0.00655194	0.016446	9.0E-01	0.0353231	8.5E-01
rs75971153	2	24689143	0.455958	T	C	0.805177	0.974205	4.5607	3.3E-02	0.0119361	0.00510853	5.45928	1.9E-02	5.45258	2.0E-02
rs75503394	2	25155419	0.457101	C	T	0.903817	0.987449	2.80592	9.4E-02	-0.0111844	0.00680192	2.70373	1.0E-01	2.62882	1.0E-01
rs2384463	2	26942256	0.471361	A	G	0.475385	0.994749	0.0247902	8.7E-01	-0.000898892	0.0040086	0.050284	8.2E-01	0.0768491	7.8E-01
rs6737895	2	35442725	0.577818	G	A	0.776382	1	0.0166912	9.0E-01	0.00195848	0.00479249	0.167	6.8E-01	0.00316405	9.6E-01
rs10185199	2	40282202	0.642282	G	A	0.719504	0.9446	0.373202	5.4E-01	-0.00266028	0.00457147	0.338645	5.6E-01	0.334066	5.6E-01
rs12465106	2	41583244	0.656468	A	C	0.333824	0.990838	0.359973	5.5E-01	0.00206342	0.00425634	0.235018	6.3E-01	0.241568	6.2E-01
rs56266464	2	44054991	0.686489	G	A	0.938798	0.986548	69.1383	9.2E-17	-0.0734227	0.00839262	76.536	2.2E-18	78.0844	9.9E-19
rs6732079	2	46877963	0.735942	T	A	0.903819	0.980261	0.00319097	9.5E-01	-0.000285997	0.00682419	0.00175638	9.7E-01	0.0591435	8.1E-01
rs80056702	2	50056246	0.778173	C	T	0.941666	1	0.0298965	8.6E-01	0.00113146	0.00852197	0.0176278	8.9E-01	0.00139965	9.7E-01
rs6705519	2	55204165	0.827433	C	T	0.699466	0.992125	1.74941	1.9E-01	0.00616715	0.00437065	1.99103	1.6E-01	1.58347	2.1E-01
rs57178144	2	58681120	0.848912	T	C	0.867472	0.950948	2.022	1.6E-01	-0.00917036	0.00602348	2.31781	1.3E-01	3.35141	6.7E-02
rs13417156	2	62848319	0.885521	T	C	0.567371	0.99741	0.760434	3.8E-01	0.00374056	0.00404078	0.856923	3.5E-01	1.23341	2.7E-01
rs6746570	2	67774191	0.93823	A	C	0.71111	0.971596	1.9563	1.6E-01	0.00689133	0.00446873	2.37814	1.2E-01	2.69246	1.0E-01
rs17016642	2	79476375	1.09778	A	G	0.884824	0.971192	1.17054	2.8E-01	-0.00666723	0.00633923	1.10616	2.9E-01	0.877611	3.5E-01
rs6752979	2	81741750	1.13256	G	A	0.68268	1	0.216165	6.4E-01	-0.00182483	0.00429209	0.180761	6.7E-01	0.362363	5.5E-01
rs4832285	2	86644664	1.16157	G	A	0.248226	0.999114	1.37234	2.4E-01	0.00500566	0.00461338	1.17729	2.8E-01	0.924823	3.4E-01
rs13023088	2	100576304	1.22131	C	T	0.850793	0.99385	8.26087	4.1E-03	0.0150395	0.00561953	7.16255	7.4E-03	8.06549	4.5E-03
rs75108145	2	100802984	1.2219	C	T	0.874494	0.987695	2.58579	1.1E-01	-0.00944646	0.006071	2.42112	1.2E-01	2.89794	8.9E-02
rs12712181	2	104354232	1.24985	A	G	0.414449	0.997505	0.729235	3.9E-01	0.00305835	0.0040592	0.567666	4.5E-01	1.08268	3.0E-01
rs6754968	2	105414479	1.26241	G	A	0.654767	0.998396	1.0028	3.2E-01	-0.00301891	0.00420976	0.514261	4.7E-01	0.272343	6.0E-01
rs13027786	2	133517445	1.5525	G	A	0.745836	0.986506	0.447318	5.0E-01	-0.00231094	0.00462228	0.249957	6.2E-01	0.390821	5.3E-01
rs6430552	2	135622808	1.58359	C	T	0.628986	0.999411	5.18977	2.3E-02	0.00650686	0.00411352	2.50216	1.1E-01	3.55608	5.9E-02
rs2890652	2	142959931	1.641	T	C	0.841295	1	0.12192	7.3E-01	-0.00107743	0.00545232	0.0390499	8.4E-01	0.278607	6.0E-01
rs6719577	2	144013418	1.64945	G	A	0.821292	0.99734	1.23287	2.7E-01	-0.00597407	0.00521927	1.31015	2.5E-01	1.55276	2.1E-01
rs1949527	2	157054911	1.75263	G	T	0.354377	0.997531	4.17864	4.1E-02	-0.00897796	0.00418477	4.60268	3.2E-02	5.04784	2.5E-02
rs12692596	2	161265910	1.78694	C	T	0.629671	0.996301	3.79502	5.1E-02	-0.00860764	0.00413189	4.33982	3.7E-02	4.27106	3.9E-02
rs12692738	2	165558252	1.81499	T	C	0.772314	0.984603	29.4833	5.6E-08	0.0259224	0.00480211	29.1398	6.7E-08	32.8255	1.0E-08
rs72917531	2	175238176	1.94405	C	A	0.814453	0.991675	7.54641	6.0E-03	0.0137749	0.00515017	7.15376	7.5E-03	7.17151	7.4E-03
rs4640353	2	181327570	2.00315	A	C	0.71491	0.994236	4.27921e-05	9.9E-01	-0.000581138	0.00443907	0.0171386	9.0E-01	0.000800146	9.8E-01
rs114049355	2	183075689	2.01604	C	T	0.940972	0.921249	0.348936	5.5E-01	0.00757999	0.00882115	0.738392	3.9E-01	1.03314	3.1E-01
rs7570446	2	193801010	2.09677	C	A	0.456734	0.998185	3.77436	5.2E-02	-0.00851747	0.00401165	4.5079	3.4E-02	4.05464	4.4E-02
rs7592344	2	198572461	2.12609	C	T	0.80295	0.997005	2.11177	1.5E-01	0.00646001	0.00503305	1.64742	2.0E-01	1.7715	1.8E-01
rs3845802	2	203740672	2.15739	T	G	0.518086	0.997801	0.0503348	8.2E-01	-0.000479029	0.0040005	0.0143382	9.0E-01	0.000469853	9.8E-01
rs11696022	2	205387566	2.17339	C	T	0.23322	0.994602	1.16271	2.8E-01	0.00606415	0.00473385	1.641	2.0E-01	1.73656	1.9E-01
rs4673553	2	211608379	2.23794	T	G	0.551248	0.992859	0.00576486	9.4E-01	0.00162837	0.00402758	0.163463	6.9E-01	0.245829	6.2E-01
rs12467225	2	212244657	2.24413	C	T	0.714834	0.995832	0.0846398	7.7E-01	-0.00130245	0.00444129	0.0860006	7.7E-01	0.0207678	8.9E-01
rs16847879	2	213067535	2.25955	A	G	0.791086	0.996291	0.0625669	8.0E-01	0.00221947	0.00491839	0.203635	6.5E-01	0.170341	6.8E-01
rs4674379	2	220214386	2.34424	G	A	0.0952767	0.994198	1.40019	2.4E-01	0.00814157	0.00681127	1.42876	2.3E-01	0.784611	3.8E-01
rs3811514	2	228883721	2.47754	T	C	0.514086	1	1.15162	2.8E-01	0.00289995	0.00399586	0.526697	4.7E-01	0.712506	4.0E-01
rs36191868	2	228999054	2.47864	T	C	0.524364	0.999757	2.47578	1.2E-01	-0.00709962	0.00399945	3.15115	7.6E-02	3.71562	5.4E-02
rs17582010	2	230542810	2.50166	T	C	0.448069	0.984006	0.0144494	9.0E-01	-0.00150143	0.00404774	0.137589	7.1E-01	0.43889	5.1E-01
rs9312002	3	8137447	0.216149	G	A	0.563618	0.997543	1.65684	2.0E-01	-0.00581145	0.00403743	2.07185	1.5E-01	1.73451	1.9E-01
rs17609108	3	11626464	0.283018	T	C	0.855414	0.974514	0.457365	5.0E-01	0.00284475	0.00574688	0.245033	6.2E-01	0.40819	5.2E-01
rs11709077	3	12336507	0.297621	G	A	0.88091	0.996457	18.7337	1.5E-05	0.0282482	0.00617046	20.9579	4.7E-06	22.0275	2.7E-06
rs2596902	3	12955982	0.303023	G	A	0.333814	0.991491	0.0232535	8.8E-01	-0.00110991	0.00425181	0.068144	7.9E-01	0.200044	6.5E-01
rs2470539	3	15717844	0.355673	C	T	0.410497	0.996599	0.269238	6.0E-01	-0.00066129	0.00407929	0.0262794	8.7E-01	0.00569994	9.4E-01
rs4858223	3	20581149	0.396076	C	T	0.671778	0.98174	0.0552127	8.1E-01	0.00196495	0.00430331	0.208495	6.5E-01	0.472345	4.9E-01
rs6550943	3	25109249	0.461812	T	A	0.146823	0.996473	0.596928	4.4E-01	-0.00410472	0.00564489	0.528758	4.7E-01	0.490932	4.8E-01
rs11921432	3	35117776	0.5931	T	C	0.886271	0.984646	0.0714619	7.9E-01	0.00283874	0.00633975	0.200496	6.5E-01	0.00558496	9.4E-01
rs4377469	3	42303074	0.652846	G	T	0.112889	1	0.0276525	8.7E-01	0.00133616	0.00629685	0.0450266	8.3E-01	0.0201291	8.9E-01
rs33484	3	42417887	0.656606	G	A	0.522038	0.987598	0.196951	6.6E-01	-0.00111453	0.00402	0.076866	7.8E-01	0.0223614	8.8E-01
rs9824340	3	43902170	0.666286	C	T	0.307972	0.994289	5.26872e-05	9.9E-01	0.000173692	0.00434213	0.00160012	9.7E-01	0.00603636	9.4E-01
rs4858802	3	47641011	0.688054	T	C	0.684353	0.999724	0.175596	6.8E-01	-0.00159111	0.00429296	0.137368	7.1E-01	0.138842	7.1E-01
rs4688760	3	49980596	0.690403	C	T	0.311095	0.994668	0.163365	6.9E-01	-0.00155106	0.00432741	0.128471	7.2E-01	0.0782762	7.8E-01
rs12488237	3	56114861	0.741657	T	C	0.942917	1	0.208581	6.5E-01	-0.00558157	0.00862332	0.418952	5.2E-01	0.146213	7.0E-01
rs12491542	3	61130247	0.807467	C	T	0.880318	0.985418	0.0967476	7.6E-01	0.0026766	0.0061928	0.186807	6.7E-01	0.0359083	8.5E-01
rs9968060	3	62471282	0.82953	C	T	0.356779	0.962185	0.745999	3.9E-01	0.00506246	0.00425709	1.41416	2.3E-01	1.21204	2.7E-01
rs4688315	3	62688047	0.83655	C	T	0.214654	0.996323	0.587007	4.4E-01	0.00265188	0.00487387	0.296047	5.9E-01	0.0440568	8.3E-01
rs13319996	3	77562191	1.05932	A	T	0.29492	0.996833	2.21492	1.4E-01	0.00541476	0.00439596	1.51723	2.2E-01	1.43315	2.3E-01
rs1512500	3	78419039	1.06507	G	T	0.890143	0.997052	0.14807	7.0E-01	-0.00395642	0.00642682	0.378977	5.4E-01	0.230342	6.3E-01
rs9850466	3	82532568	1.08223	T	C	0.662972	0.999678	0.872055	3.5E-01	-0.00290046	0.00421869	0.472691	4.9E-01	0.216658	6.4E-01
rs7649296	3	84931731	1.08805	G	A	0.677947	0.997066	1.40994	2.4E-01	0.00467232	0.0042766	1.19363	2.7E-01	0.698168	4.0E-01
rs62261676	3	85698577	1.08973	A	G	0.787904	0.994918	5.55509	1.8E-02	0.0114311	0.00489808	5.44662	2.0E-02	5.45186	2.0E-02
rs1996761	3	89962587	1.10367	C	T	0.763473	1	0.400952	5.3E-01	0.00280161	0.00470296	0.354872	5.5E-01	0.421924	5.2E-01
rs1946725	3	104605525	1.16628	T	C	0.696369	0.998159	2.10824	1.5E-01	-0.00615024	0.00433965	2.00852	1.6E-01	2.77145	9.6E-02
rs16850772	3	104736837	1.16712	T	G	0.313009	0.993369	0.226856	6.3E-01	0.00284689	0.00434066	0.430159	5.1E-01	0.471141	4.9E-01
rs36131051	3	107888841	1.20196	T	G	0.795306	0.978115	0.425471	5.1E-01	0.00189186	0.0050056	0.142844	7.1E-01	0.270839	6.0E-01
rs114885158	3	114370599	1.259	G	A	0.919289	0.988206	3.16469	7.5E-02	0.0144864	0.00739343	3.8391	5.0E-02	4.49014	3.4E-02
rs9289074	3	116858995	1.29335	C	T	0.755933	0.988931	0.150817	7.0E-01	-0.00314155	0.00466535	0.453438	5.0E-01	0.411761	5.2E-01
rs11708733	3	128039895	1.41818	G	A	0.952759	0.983201	0.00151245	9.7E-01	0.00261745	0.0095117	0.0757249	7.8E-01	0.229238	6.3E-01
rs6785191	3	131453556	1.44252	T	C	0.708876	0.972837	0.746443	3.9E-01	0.00230954	0.00447373	0.266509	6.1E-01	0.179922	6.7E-01
rs35837273	3	135878634	1.49383	T	C	0.835202	0.99437	0.371779	5.4E-01	0.00413485	0.00540285	0.5857	4.4E-01	0.070808	7.9E-01
rs2312193	3	141188399	1.53815	T	C	0.613182	0.99475	0.520587	4.7E-01	0.00357136	0.0041219	0.75071	3.9E-01	0.339886	5.6E-01
rs1568488	3	153657951	1.68298	G	C	0.405648	0.984335	2.84037	9.2E-02	-0.00732426	0.00410357	3.18569	7.4E-02	3.37946	6.6E-02
rs13322475	3	156319803	1.70952	T	G	0.847879	0.997837	3.93306	4.7E-02	0.0111684	0.00557533	4.01275	4.5E-02	4.28327	3.8E-02
rs13100952	3	157800753	1.71783	T	C	0.634426	0.997074	0.489569	4.8E-01	-0.00299427	0.00415524	0.519263	4.7E-01	0.450803	5.0E-01
rs11921991	3	170499463	1.7977	C	T	0.888087	0.992745	0.175902	6.7E-01	-0.00241479	0.00635521	0.144378	7.0E-01	0.00242598	9.6E-01
rs12635553	3	171113714	1.80841	A	T	0.49773	0.998999	0.0180357	8.9E-01	-0.00170068	0.00398967	0.181706	6.7E-01	0.436896	5.1E-01
rs502414	3	180626951	1.95386	C	T	0.649412	0.993077	0.236597	6.3E-01	-0.00308365	0.00419714	0.539787	4.6E-01	0.450128	5.0E-01
rs4859234	3	182311332	1.96951	C	T	0.674163	0.98584	11.8849	5.7E-04	0.0155762	0.00428935	13.1868	2.8E-04	12.4563	4.2E-04
rs1881973	3	184056101	1.99373	G	C	0.629738	0.976501	2.27929	1.3E-01	0.0062937	0.00418928	2.25701	1.3E-01	2.53904	1.1E-01
rs78615983	3	185733707	2.02087	T	A	0.856711	0.989326	0.567816	4.5E-01	0.0044139	0.00574263	0.590776	4.4E-01	0.519395	4.7E-01
rs950257	3	194847650	2.23885	T	A	0.728068	0.997849	0.00324784	9.5E-01	-0.000375994	0.00449625	0.00699294	9.3E-01	0.110812	7.4E-01
rs6764533	3	196088464	2.24962	G	A	0.642998	0.998204	6.29938	1.2E-02	-0.0104916	0.00417373	6.31884	1.2E-02	5.63444	1.8E-02
rs12509447	4	2861090	0.0318387	G	A	0.810696	0.99398	1.76368	1.8E-01	-0.00585283	0.00511721	1.30817	2.5E-01	1.38083	2.4E-01
rs6818414	4	16600664	0.317111	T	C	0.507505	0.992506	2.55175	1.1E-01	0.00633482	0.00401274	2.49222	1.1E-01	2.09778	1.5E-01
rs2192528	4	18327896	0.339411	A	G	0.477375	0.997272	1.32199	2.5E-01	-0.00547391	0.0040051	1.86797	1.7E-01	2.9423	8.6E-02
rs16876869	4	25118707	0.433802	C	T	0.863557	0.998491	0.239344	6.2E-01	-0.00297568	0.00584039	0.259591	6.1E-01	0.314924	5.7E-01
rs2309830	4	28584523	0.489893	T	G	0.763499	0.995574	0.0101747	9.2E-01	-0.000229465	0.00471183	0.00237167	9.6E-01	0.0124468	9.1E-01
rs4270551	4	30703243	0.511997	A	C	0.136232	0.990257	0.00733842	9.3E-01	-4.93015e-05	0.00585455	7.09143e-05	9.9E-01	0.0357767	8.5E-01
rs6531639	4	38556399	0.601586	G	A	0.752878	0.952325	2.81801	9.3E-02	-0.00630793	0.0047438	1.76816	1.8E-01	0.854357	3.6E-01
rs12498157	4	44430025	0.675923	T	A	0.253764	0.990835	0.195587	6.6E-01	0.00129986	0.00460472	0.0796871	7.8E-01	0.000699379	9.8E-01
rs74715904	4	45178081	0.679816	A	G	0.906264	0.977125	0.459737	5.0E-01	-0.00365674	0.0069344	0.278081	6.0E-01	0.263173	6.1E-01
rs1492767	4	55221467	0.710006	C	T	0.493554	0.999056	0.124282	7.2E-01	0.00126997	0.00398845	0.101386	7.5E-01	0.370246	5.4E-01
rs2537860	4	55484718	0.714088	A	C	0.436237	0.974656	2.29666	1.3E-01	0.0065807	0.00407567	2.60703	1.1E-01	2.84902	9.1E-02
rs6551871	4	65643064	0.818795	C	A	0.675782	0.992173	3.85187	5.0E-02	0.00815804	0.00429063	3.61518	5.7E-02	3.95795	4.7E-02
rs6845883	4	67801500	0.836177	A	G	0.217603	0.990748	2.01347	1.6E-01	0.00494089	0.00485987	1.03362	3.1E-01	1.22451	2.7E-01
rs10033843	4	77028783	0.90134	G	A	0.798807	0.999649	1.43953	2.3E-01	-0.0058732	0.00498575	1.38768	2.4E-01	1.33868	2.5E-01
rs72649373	4	80609966	0.943324	T	C	0.85785	0.957198	1.19139	2.8E-01	-0.00692973	0.00585726	1.39973	2.4E-01	1.59769	2.1E-01
rs1481012	4	89039082	1.03949	A	G	0.88825	0.994759	0.282641	5.9E-01	0.00530026	0.00635926	0.694675	4.0E-01	0.412187	5.2E-01
rs10014552	4	94407841	1.08151	G	T	0.194146	0.979518	0.334672	5.6E-01	0.00202734	0.0050944	0.158368	6.9E-01	0.101442	7.5E-01
rs2865330	4	95004716	1.08844	A	G	0.536062	0.999052	1.94462	1.6E-01	0.0052175	0.0040093	1.69351	1.9E-01	1.62379	2.0E-01
rs12513212	4	96149346	1.09853	A	C	0.594801	0.994888	1.11437	2.9E-01	0.00530053	0.00407684	1.69041	1.9E-01	2.71704	9.9E-02
rs2850360	4	102216212	1.14871	A	G	0.852635	0.988759	0.157937	6.9E-01	-0.00164302	0.00567206	0.0839083	7.7E-01	0.193889	6.6E-01
rs57957741	4	103164166	1.15814	G	A	0.473645	0.994208	0.832034	3.6E-01	0.00368352	0.00402204	0.838751	3.6E-01	0.561781	4.5E-01
rs326872	4	112733434	1.24745	A	G	0.332672	0.993023	10.6659	1.1E-03	0.0124724	0.00425969	8.57324	3.4E-03	7.30697	6.9E-03
rs10022185	4	120571765	1.314	C	G	0.70701	0.996192	0.764524	3.8E-01	-0.00384695	0.00441246	0.760102	3.8E-01	1.57049	2.1E-01
rs6534743	4	130714768	1.39824	G	A	0.707156	0.986974	0.780803	3.8E-01	-0.00422103	0.00441351	0.914678	3.4E-01	1.30754	2.5E-01
rs10018743	4	136972541	1.44304	G	A	0.63247	0.98831	0.0414347	8.4E-01	0.00192981	0.00418022	0.213122	6.4E-01	0.27098	6.0E-01
rs769676	4	140856533	1.49522	A	G	0.738463	0.984882	2.97513	8.5E-02	0.00743436	0.00459349	2.6194	1.1E-01	2.12975	1.4E-01
rs7375701	4	145260561	1.53722	G	A	0.280275	0.993669	0.608126	4.4E-01	0.0029566	0.00446727	0.438027	5.1E-01	0.58483	4.4E-01
rs750090	4	152931436	1.59021	T	C	0.644559	0.97605	0.000216817	9.9E-01	6.09179e-05	0.0042122	0.000209157	9.9E-01	0.0106106	9.2E-01
rs10024755	4	161931670	1.69375	C	G	0.777113	0.993719	2.10197	1.5E-01	0.00772698	0.00483145	2.55778	1.1E-01	1.74626	1.9E-01
rs148636479	4	164359678	1.72579	A	T	0.971622	0.876916	3.88583	4.9E-02	-0.022858	0.0128138	3.18213	7.4E-02	2.15319	1.4E-01
rs17630894	4	171532023	1.80674	T	G	0.862036	0.996667	1.71325	1.9E-01	0.00882044	0.00580968	2.30503	1.3E-01	2.70751	1.0E-01
rs6822571	4	173552902	1.82334	A	G	0.47883	0.997719	3.88242	4.9E-02	-0.00858019	0.00401104	4.57593	3.2E-02	4.50897	3.4E-02
rs16871902	5	3488462	0.0869448	G	A	0.512741	0.997953	1.54847	2.1E-01	-0.00576186	0.00400652	2.06819	1.5E-01	2.04961	1.5E-01
rs12109333	5	27166660	0.425295	T	C	0.716328	0.997419	1.40368	2.4E-01	0.00531777	0.00444538	1.431	2.3E-01	2.37556	1.2E-01
rs6451674	5	43110754	0.62057	C	T	0.315548	0.990686	3.61328	5.7E-02	-0.00861545	0.00431728	3.98231	4.6E-02	4.69086	3.0E-02
rs7704281	5	50591460	0.628051	G	A	0.959743	0.99038	2.31618	1.3E-01	0.0176673	0.0102194	2.98874	8.4E-02	3.35416	6.7E-02
rs9686661	5	55861786	0.681526	C	T	0.798639	0.999694	47.9438	4.4E-12	-0.0354153	0.00497851	50.6038	1.1E-12	50.2971	1.3E-12
rs1459192	5	63944519	0.744046	C	T	0.669709	0.994464	0.00556255	9.4E-01	-0.000990695	0.00425937	0.0540991	8.2E-01	0.0953936	7.6E-01
rs4072296	5	74242002	0.858799	T	C	0.458782	0.938263	23.7355	1.1E-06	0.0199164	0.00413671	23.1799	1.5E-06	26.4413	2.7E-07
rs6889485	5	75129986	0.862025	G	A	0.565009	0.992761	18.681	1.5E-05	0.0171805	0.00405735	17.9303	2.3E-05	16.4054	5.1E-05
rs7725126	5	80730191	0.955869	C	T	0.65455	0.987889	3.9957	4.6E-02	0.00882572	0.00421988	4.37422	3.6E-02	3.52275	6.1E-02
rs16876684	5	86563970	1.01135	T	G	0.987836	0.991014	2.80312	9.4E-02	-0.0303314	0.0182889	2.75048	9.7E-02	2.88236	9.0E-02
rs6882046	5	87968864	1.01539	A	G	0.733018	0.978462	3.6826	5.5E-02	0.00805737	0.00457579	3.10066	7.8E-02	2.48836	1.1E-01
rs142503704	5	92622421	1.04908	G	A	0.977168	0.959904	0.199433	6.6E-01	-0.00748311	0.0136744	0.299467	5.8E-01	0.227477	6.3E-01
rs17383803	5	95393883	1.0716	T	C	0.907172	1	2.12843	1.4E-01	-0.00917743	0.0068765	1.78118	1.8E-01	1.10428	2.9E-01
rs1026534	5	95855091	1.0746	G	C	0.396969	0.999112	0.356633	5.5E-01	0.00243515	0.00408431	0.355481	5.5E-01	0.158242	6.9E-01
rs2545593	5	102054421	1.10814	A	T	0.568418	0.998323	0.650312	4.2E-01	-0.00246104	0.00404156	0.370799	5.4E-01	0.607448	4.4E-01
rs4382152	5	106379106	1.13899	T	C	0.619397	1	0.898197	3.4E-01	0.00449315	0.00412325	1.18747	2.8E-01	1.29053	2.6E-01
rs1433057	5	107285076	1.15555	A	G	0.536635	0.987024	0.0674736	8.0E-01	0.00223502	0.00402788	0.307902	5.8E-01	0.212757	6.4E-01
rs6421825	5	107866060	1.15804	G	A	0.185771	0.999581	1.94585	1.6E-01	-0.00794199	0.00512735	2.39923	1.2E-01	2.04108	1.5E-01
rs459552	5	112176756	1.19663	T	A	0.231534	1	0.504159	4.8E-01	0.00494191	0.00474085	1.08662	3.0E-01	1.05499	3.0E-01
rs9327119	5	119309059	1.27778	C	G	0.4218	0.9872	0.287287	5.9E-01	0.00158102	0.00407536	0.150502	7.0E-01	0.404708	5.2E-01
rs13156484	5	122653399	1.3097	G	A	0.528207	0.979173	1.79187	1.8E-01	0.00450835	0.00404696	1.24102	2.7E-01	1.47457	2.2E-01
rs1422662	5	130440206	1.38534	A	G	0.785211	0.999034	1.27462	2.6E-01	0.00538205	0.00486989	1.2214	2.7E-01	1.04184	3.1E-01
rs1369126	5	136532351	1.44779	G	C	0.531574	0.995632	0.00452771	9.5E-01	-7.61808e-05	0.00400319	0.000362141	9.8E-01	0.0961888	7.6E-01
rs11242420	5	137624513	1.45252	C	T	0.808209	0.997884	0.865076	3.5E-01	0.00667361	0.00508666	1.7213	1.9E-01	2.29474	1.3E-01
rs1895336	5	144465810	1.52134	A	G	0.597239	0.992794	1.11741	2.9E-01	0.00362611	0.00409855	0.78275	3.8E-01	0.76753	3.8E-01
rs2579040	5	152515823	1.63419	T	A	0.27912	0.996176	0.16365	6.9E-01	-0.00152714	0.00446629	0.116913	7.3E-01	0.117136	7.3E-01
rs17115481	5	153358226	1.64029	G	A	0.730277	0.993088	6.26425	1.2E-02	-0.0119028	0.00451525	6.94924	8.4E-03	7.86859	5.0E-03
rs10515706	5	153578518	1.64141	C	T	0.572203	0.993087	3.71049	5.4E-02	0.00709017	0.00405613	3.05555	8.0E-02	2.17026	1.4E-01
rs766120	5	164548126	1.74957	G	A	0.379101	0.999276	9.3386	2.2E-03	0.0136461	0.00412609	10.9381	9.4E-04	10.9331	9.4E-04
rs2161214	5	170284624	1.86356	A	C	0.313895	0.997023	0.138193	7.1E-01	-0.0018906	0.00431512	0.191961	6.6E-01	0.58394	4.4E-01
rs1966265	5	176516631	2.00003	G	A	0.754745	1	1.54948	2.1E-01	0.00706335	0.00464011	2.31721	1.3E-01	2.73959	9.8E-02
rs9463175	6	9510030	0.227745	C	T	0.661396	0.983753	0.552568	4.6E-01	0.00344422	0.00425926	0.653901	4.2E-01	0.358395	5.5E-01
rs12210300	6	12078686	0.272534	A	G	0.684962	1	0.858337	3.5E-01	0.00398051	0.00429964	0.857065	3.5E-01	1.00186	3.2E-01
rs62385532	6	13161394	0.290635	G	A	0.710645	0.991949	4.1594	4.1E-02	0.00942442	0.00442074	4.54485	3.3E-02	5.05499	2.5E-02
rs4134939	6	20481825	0.408952	T	C	0.316831	0.973957	0.00845137	9.3E-01	0.000152767	0.00435125	0.00123263	9.7E-01	2.76745e-08	1.0E+00
rs4711092	6	25684405	0.491796	T	C	0.454079	1	34.5775	4.1E-09	-0.0235306	0.00400571	34.5072	4.2E-09	30.8043	2.9E-08
rs1611320	6	29902373	0.503831	A	G	0.439083	0.926598	62.5394	2.6E-15	-0.0330801	0.00416559	63.064	2.0E-15	64.5505	9.4E-16
rs9270222	6	32556644	0.520348	A	G	0.330168	0.891194	56.8518	4.7E-14	-0.0346575	0.004469	60.1415	8.8E-15	57.7566	3.0E-14
rs11758326	6	34482498	0.547552	A	G	0.912598	0.986128	0.390258	5.3E-01	-0.00432105	0.00712655	0.367637	5.4E-01	0.264277	6.1E-01
rs11963572	6	46302448	0.722776	T	C	0.491919	0.993234	0.869359	3.5E-01	-0.004887	0.00401144	1.48417	2.2E-01	0.988558	3.2E-01
rs17664591	6	50183721	0.747534	G	T	0.956925	0.99128	0.142291	7.1E-01	-0.00432529	0.00989027	0.191255	6.6E-01	0.065454	8.0E-01
rs280280	6	50569828	0.750317	C	T	0.165805	0.992937	2.55014	1.1E-01	0.00861415	0.00539258	2.55171	1.1E-01	3.52647	6.0E-02
rs149750300	6	50717074	0.7506	A	G	0.984095	0.986819	0.00220775	9.6E-01	-0.00290962	0.0160578	0.0328324	8.6E-01	0.146701	7.0E-01
rs9361779	6	64159064	0.812363	C	A	0.457314	0.997526	3.4488	6.3E-02	-0.00849838	0.00402443	4.45926	3.5E-02	5.91464	1.5E-02
rs3883872	6	83322002	0.934204	C	T	0.538241	0.979395	0.993993	3.2E-01	-0.00365151	0.00404812	0.813651	3.7E-01	0.325817	5.7E-01
rs9362662	6	90296588	0.987815	A	G	0.479556	0.991565	2.38115	1.2E-01	0.00586555	0.00400392	2.14608	1.4E-01	1.93175	1.6E-01
rs1324110	6	93913200	1.03177	G	C	0.55584	0.990874	0.77479	3.8E-01	0.00225164	0.00403801	0.310929	5.8E-01	0.32979	5.7E-01
rs1206133	6	97543137	1.05873	C	T	0.24581	0.972297	1.18832	2.8E-01	0.00540534	0.00469606	1.32489	2.5E-01	1.64062	2.0E-01
rs9320747	6	98310291	1.06181	T	G	0.532837	0.993884	0.0686293	7.9E-01	0.000654079	0.00401796	0.0265003	8.7E-01	0.00666538	9.3E-01
rs156128	6	104836826	1.11693	G	A	0.245638	0.999684	8.32227	3.9E-03	-0.0145311	0.0046468	9.77883	1.8E-03	8.61438	3.3E-03
rs1575676	6	108861264	1.17848	C	T	0.629055	0.997454	0.0375609	8.5E-01	-0.000857062	0.00413315	0.0429994	8.4E-01	0.00340006	9.5E-01
rs9387640	6	119508871	1.25792	C	T	0.634761	1	0.221701	6.4E-01	-0.00117439	0.00415992	0.0796999	7.8E-01	0.00191973	9.7E-01
rs2875762	6	124925032	1.30799	G	C	0.757629	0.990596	2.06399	1.5E-01	-0.00707079	0.00468178	2.28094	1.3E-01	1.84718	1.7E-01
rs4895799	6	126052729	1.32459	C	T	0.415289	0.992315	0.284643	5.9E-01	0.0021138	0.00406868	0.269911	6.0E-01	0.399589	5.3E-01
rs6569648	6	130349119	1.35981	C	T	0.239855	1	2.63169	1.0E-01	-0.00871005	0.00466068	3.49255	6.2E-02	3.23328	7.2E-02
rs2781659	6	131891820	1.37734	A	G	0.688059	1	0.000664009	9.8E-01	0.000455792	0.00430863	0.0111906	9.2E-01	0.0320674	8.6E-01
rs11754747	6	141494602	1.50941	C	T	0.744216	0.987686	1.2661	2.6E-01	-0.00527554	0.00461233	1.30826	2.5E-01	1.28405	2.6E-01
rs12194419	6	143148142	1.51953	G	A	0.727002	0.984742	1.3954	2.4E-01	-0.00662287	0.00451684	2.14993	1.4E-01	2.90257	8.8E-02
rs2256216	6	147471730	1.55898	A	G	0.462483	0.956666	0.214512	6.4E-01	-0.00102058	0.00409669	0.0620625	8.0E-01	0.00189851	9.7E-01
rs7755574	6	153364643	1.66311	G	T	0.718556	0.997121	5.20637	2.3E-02	-0.0107629	0.00445756	5.82992	1.6E-02	6.50689	1.1E-02
rs12207125	6	154301575	1.6763	A	G	0.781403	0.992451	0.760654	3.8E-01	-0.00346637	0.00484742	0.511362	4.7E-01	0.221283	6.4E-01
rs450265	6	160736359	1.77422	C	T	0.483528	0.999936	15.7212	7.3E-05	-0.0166207	0.00399599	17.3001	3.2E-05	17.9618	2.3E-05
rs34540135	6	162934351	1.81802	A	G	0.873967	0.966582	0.909057	3.4E-01	0.00662559	0.00612618	1.16969	2.8E-01	1.59086	2.1E-01
rs6950388	7	1270699	0.0137006	G	A	0.203901	1	5.51013	1.9E-02	-0.0111612	0.00496023	5.06311	2.4E-02	4.44234	3.5E-02
rs7807190	7	1851461	0.0275157	A	G	0.787679	0.988996	1.45972	2.3E-01	0.00458872	0.00490364	0.875681	3.5E-01	0.856515	3.5E-01
rs4722398	7	3125220	0.0523222	C	T	0.865235	1	0.0985195	7.5E-01	-0.00218426	0.00585452	0.139196	7.1E-01	0.118017	7.3E-01
rs118182061	7	14655786	0.275253	T	A	0.975008	0.988845	6.51834	1.1E-02	-0.0324428	0.0129016	6.32342	1.2E-02	7.15708	7.5E-03
rs10263780	7	19778086	0.347944	G	A	0.862505	0.994464	0.0197119	8.9E-01	-0.00154046	0.00583422	0.069716	7.9E-01	0.000604417	9.8E-01
rs4722672	7	27231762	0.453385	C	T	0.178708	0.980102	0.317057	5.7E-01	-0.00252334	0.00526598	0.229611	6.3E-01	0.478618	4.9E-01
rs10241729	7	32289879	0.544096	A	G	0.780068	0.986162	2.90853	8.8E-02	-0.00768313	0.00486189	2.49727	1.1E-01	1.82338	1.8E-01
rs1019083	7	39414081	0.63582	A	G	0.84633	0.989979	0.060024	8.1E-01	0.00114442	0.0055601	0.0423651	8.4E-01	0.0430229	8.4E-01
rs710888	7	44777556	0.700884	A	G	0.422452	0.98989	2.3938	1.2E-01	-0.00696531	0.00406629	2.93416	8.7E-02	2.82142	9.3E-02
rs2189833	7	49507651	0.755765	G	A	0.334039	0.996219	0.857088	3.5E-01	-0.00345922	0.00424273	0.664763	4.1E-01	0.580542	4.5E-01
rs1466163	7	50607206	0.766828	A	G	0.11686	0.995864	0.0627001	8.0E-01	0.00261593	0.00624226	0.175618	6.8E-01	0.0608386	8.1E-01
rs10259748	7	69281111	0.866623	T	G	0.679055	0.998943	0.203369	6.5E-01	0.0016496	0.00427179	0.14912	7.0E-01	0.370431	5.4E-01
rs4718966	7	70040558	0.868636	C	T	0.585931	0.992694	0.347163	5.6E-01	0.00254877	0.004075	0.391204	5.3E-01	0.0406704	8.4E-01
rs3973896	7	71428960	0.890229	C	G	0.828074	0.969349	0.0533116	8.2E-01	0.000966238	0.00537505	0.0323149	8.6E-01	0.235354	6.3E-01
rs113452856	7	72859135	0.899612	G	A	0.96839	0.994361	92.243	7.7E-22	0.1117	0.0114258	95.5729	1.4E-22	99.6869	1.8E-23
rs77497827	7	75038408	0.913217	A	G	0.535049	0.806181	11.0931	8.7E-04	-0.0147901	0.004449	11.0514	8.9E-04	11.9998	5.3E-04
rs2158045	7	93082708	1.09422	C	T	0.524967	0.990979	0.000453353	9.8E-01	-0.000287666	0.00401906	0.00512307	9.4E-01	0.00126629	9.7E-01
rs917154	7	99020806	1.15524	A	G	0.844107	0.995198	8.08079	4.5E-03	0.0154513	0.00552359	7.82504	5.2E-03	6.20555	1.3E-02
rs17155888	7	103416295	1.18694	T	A	0.57496	0.98913	0.284777	5.9E-01	0.00176954	0.00405645	0.190297	6.6E-01	0.368576	5.4E-01
rs1608891	7	112795334	1.29284	G	A	0.679188	0.983328	0.495055	4.8E-01	0.00257171	0.00431688	0.354899	5.5E-01	0.253561	6.1E-01
rs6944092	7	113483569	1.2996	A	G	0.629013	0.997581	0.867484	3.5E-01	-0.00358283	0.004139	0.749309	3.9E-01	0.366418	5.4E-01
rs936146	7	114294405	1.30462	G	C	0.52517	0.98912	0.00467895	9.5E-01	0.000743533	0.00402093	0.0341938	8.5E-01	0.0112155	9.2E-01
rs896183	7	127831580	1.37625	G	A	0.578819	0.975804	0.36441	5.5E-01	0.00319654	0.00409571	0.609119	4.4E-01	0.640086	4.2E-01
rs1814170	7	138794149	1.52056	A	T	0.899466	0.983775	1.36219	2.4E-01	0.00571818	0.00668179	0.732369	3.9E-01	0.450615	5.0E-01
rs9640171	7	150600845	1.6794	G	A	0.719327	0.982269	2.89682	8.9E-02	0.00833685	0.0044947	3.44035	6.4E-02	4.16993	4.1E-02
rs1658820	8	4288577	0.1172	G	T	0.755687	0.985142	5.85462	1.6E-02	0.0105557	0.00468211	5.08267	2.4E-02	4.38823	3.6E-02
rs2980478	8	8088230	0.237388	T	C	0.527115	0.963758	62.5	2.7E-15	0.0324161	0.00408069	63.1035	2.0E-15	63.6319	1.5E-15
rs34803352	8	14042304	0.362732	T	C	0.655661	0.989136	0.89944	3.4E-01	-0.00476718	0.00422468	1.27331	2.6E-01	1.39317	2.4E-01
rs4258002	8	15493417	0.380515	G	T	0.855263	0.998595	0.108958	7.4E-01	0.0002838	0.00567159	0.00250389	9.6E-01	0.00427065	9.5E-01
rs7017756	8	19618498	0.468976	T	C	0.131901	0.988969	53.4574	2.6E-13	0.0423614	0.00592627	51.095	8.8E-13	53.8353	2.2E-13
rs1470687	8	20628793	0.485499	C	G	0.669974	0.991276	4.06353	4.4E-02	0.00953347	0.00426156	5.00455	2.5E-02	4.30243	3.8E-02
rs13250995	8	23329985	0.54132	G	A	0.824719	0.988818	0.0644277	8.0E-01	0.000686942	0.00527707	0.0169455	9.0E-01	0.0124372	9.1E-01
rs17411738	8	28060572	0.603281	T	G	0.543762	1	0.121713	7.3E-01	0.00121803	0.00400408	0.0925354	7.6E-01	0.00308653	9.6E-01
rs17647894	8	30820168	0.644882	C	A	0.5703	0.997844	2.15452	1.4E-01	0.00507635	0.00403181	1.58527	2.1E-01	1.3333	2.5E-01
rs4647906	8	38325411	0.694629	G	A	0.597349	0.997516	1.26604	2.6E-01	-0.00506258	0.00406239	1.55303	2.1E-01	2.67509	1.0E-01
rs10216609	8	62034284	0.850754	C	A	0.846841	0.996244	0.397181	5.3E-01	-0.0041054	0.00555861	0.545479	4.6E-01	0.932993	3.3E-01
rs7822926	8	64701966	0.867188	A	C	0.529057	0.995395	2.08375	1.5E-01	0.00507885	0.00401584	1.59948	2.1E-01	1.29562	2.6E-01
rs2017657	8	73426371	0.974058	G	T	0.426163	1	1.9329	1.6E-01	0.00699116	0.00404697	2.98428	8.4E-02	2.75757	9.7E-02
rs2170382	8	74689288	0.991459	C	T	0.885523	0.995074	2.15971	1.4E-01	-0.00876861	0.00629417	1.94082	1.6E-01	1.74079	1.9E-01
rs1813039	8	76295984	1.00648	G	A	0.289677	0.988819	0.020374	8.9E-01	0.000529125	0.00442402	0.0143048	9.0E-01	0.0030441	9.6E-01
rs7833023	8	85053241	1.06276	C	A	0.274821	0.994182	0.520533	4.7E-01	-0.0024638	0.00449604	0.300298	5.8E-01	0.544548	4.6E-01
rs4286925	8	93237876	1.10371	A	G	0.664213	0.999539	0.00317099	9.6E-01	0.0013233	0.00422714	0.0979994	7.5E-01	0.0859172	7.7E-01
rs113630732	8	95496030	1.1287	G	A	0.762487	0.987676	2.82699	9.3E-02	0.00924839	0.00471568	3.84631	5.0E-02	3.90844	4.8E-02
rs1383592	8	106430676	1.25808	G	A	0.797477	0.997356	0.0156408	9.0E-01	0.000236763	0.00495574	0.0022825	9.6E-01	0.0216393	8.8E-01
rs231144	8	116416131	1.31481	T	C	0.197236	0.979876	0.0871286	7.7E-01	-0.00190708	0.00507329	0.141305	7.1E-01	0.20852	6.5E-01
rs2001945	8	126477978	1.45319	G	C	0.478862	1	31.7514	1.8E-08	0.0243905	0.00399407	37.2917	1.0E-09	36.3032	1.7E-09
rs7823706	8	132874175	1.55933	G	C	0.900832	0.994274	1.42444	2.3E-01	-0.00817101	0.00671543	1.48049	2.2E-01	1.85997	1.7E-01
rs13266268	8	142611971	1.73096	C	T	0.612047	0.936385	0.573529	4.5E-01	-0.00293097	0.00423801	0.478297	4.9E-01	0.314717	5.7E-01
rs4072917	8	143300279	1.7496	G	A	0.525555	0.990762	4.0825	4.3E-02	-0.00786159	0.0040075	3.84833	5.0E-02	3.20483	7.3E-02
rs7037266	9	6942940	0.164689	C	A	0.638295	0.99833	0.187552	6.6E-01	0.00202836	0.00415819	0.237949	6.3E-01	0.23921	6.2E-01
rs1352522	9	11265159	0.255425	A	T	0.472109	0.994616	1.44007	2.3E-01	-0.00412356	0.00402805	1.04799	3.1E-01	1.47326	2.2E-01
rs10810392	9	15529852	0.34171	G	A	0.70236	0.998296	0.294931	5.9E-01	0.00282819	0.00437532	0.417829	5.2E-01	0.199863	6.5E-01
rs10962547	9	16712247	0.359896	T	A	0.827268	0.993311	0.499104	4.8E-01	0.00231658	0.00529175	0.191644	6.6E-01	0.038832	8.4E-01
rs10965693	9	23194860	0.454296	C	T	0.628014	0.995687	1.16337	2.8E-01	0.00350403	0.00414592	0.714321	4.0E-01	0.226729	6.3E-01
rs1342097	9	27748698	0.533307	A	T	0.527835	0.986968	2.02931	1.5E-01	0.00655358	0.00402608	2.64968	1.0E-01	3.39873	6.5E-02
rs2383827	9	29628356	0.55829	A	G	0.577794	0.982182	0.609817	4.3E-01	0.00324044	0.00408328	0.629781	4.3E-01	0.561949	4.5E-01
rs10973183	9	37066231	0.624601	T	C	0.461642	0.99687	2.25932	1.3E-01	0.00616461	0.00401093	2.36222	1.2E-01	2.12185	1.5E-01
rs7038966	9	73777777	0.840061	C	T	0.590126	0.987057	1.84526	1.7E-01	-0.00477329	0.00409593	1.3581	2.4E-01	2.42207	1.2E-01
rs10116186	9	80532374	0.931287	A	G	0.456662	0.990981	0.0342785	8.5E-01	0.000922884	0.00401984	0.0527081	8.2E-01	0.056589	8.1E-01
rs12342093	9	81341229	0.940469	G	T	0.587897	0.986826	0.0993371	7.5E-01	0.000899873	0.00409304	0.048336	8.3E-01	0.0234548	8.8E-01
rs2777768	9	84186734	0.972648	A	G	0.731104	0.99467	0.375654	5.4E-01	0.00358547	0.0045248	0.627904	4.3E-01	0.743488	3.9E-01
rs13283585	9	92011763	1.08794	G	A	0.776059	0.992567	13.0829	3.0E-04	-0.0167575	0.00480598	12.1578	4.9E-04	9.94922	1.6E-03
rs10820852	9	94186973	1.11918	C	A	0.724507	0.995129	2.56005	1.1E-01	0.00643046	0.00449522	2.04636	1.5E-01	2.99196	8.4E-02
rs11999013	9	96154352	1.13313	A	C	0.83665	0.993837	1.61959	2.0E-01	0.00749169	0.00541776	1.91215	1.7E-01	2.86212	9.1E-02
rs13298187	9	102086525	1.19449	G	C	0.557964	0.995745	0.0121112	9.1E-01	0.000245241	0.00403439	0.00369514	9.5E-01	0.00307198	9.6E-01
rs1484375	9	109067561	1.25942	A	G	0.222288	1	0.766396	3.8E-01	0.00445717	0.0048089	0.859067	3.5E-01	0.811573	3.7E-01
rs2417998	9	111958746	1.3058	C	G	0.292548	0.991129	6.18194	1.3E-02	0.0111569	0.00442632	6.35332	1.2E-02	6.50593	1.1E-02
rs28693508	9	120361418	1.43341	C	G	0.660764	0.99984	0.406156	5.2E-01	0.00117482	0.00421045	0.0778548	7.8E-01	0.30993	5.8E-01
rs7864914	9	122631415	1.46605	A	G	0.895914	0.994445	0.0996042	7.5E-01	0.0033376	0.00658315	0.257041	6.1E-01	0.37762	5.4E-01
rs10985963	9	126081738	1.50258	C	T	0.655668	1	5.65435	1.7E-02	0.00950212	0.00420634	5.10309	2.4E-02	5.37793	2.0E-02
rs10986291	9	127016271	1.51402	A	T	0.663493	0.998445	2.06441	1.5E-01	0.00521204	0.00423483	1.51476	2.2E-01	1.97959	1.6E-01
rs3003606	9	130982416	1.5501	C	T	0.447842	0.997618	5.14733	2.3E-02	-0.00886362	0.00403526	4.82481	2.8E-02	3.80259	5.1E-02
rs2210625	10	10256274	0.226551	A	C	0.83048	0.994947	0.568522	4.5E-01	-0.00280061	0.00533924	0.275135	6.0E-01	0.325421	5.7E-01
rs10904791	10	16722347	0.376643	A	C	0.330661	0.975889	1.12275	2.9E-01	-0.00406979	0.00429977	0.895888	3.4E-01	0.902378	3.4E-01
rs12761995	10	21690509	0.466409	A	C	0.833819	0.987021	3.10095	7.8E-02	-0.00947154	0.00540133	3.07497	8.0E-02	3.0186	8.2E-02
rs4097319	10	33860515	0.618889	T	G	0.565846	0.995031	0.0030616	9.6E-01	0.00072532	0.00404705	0.0321205	8.6E-01	7.75723e-05	9.9E-01
rs17231072	10	33951730	0.620984	A	C	0.842226	0.991796	0.625721	4.3E-01	-0.00552884	0.00549786	1.0113	3.1E-01	0.723319	4.0E-01
rs10763587	10	52356264	0.733349	C	T	0.690787	0.970215	0.758477	3.8E-01	-0.00374381	0.00438983	0.72733	3.9E-01	1.2018	2.7E-01
rs1937683	10	53679060	0.748396	C	T	0.334981	1	0.00321101	9.5E-01	0.000152565	0.00424738	0.00129023	9.7E-01	0.02358	8.8E-01
rs7070670	10	61842645	0.8423	C	T	0.672129	0.984388	3.80406	5.1E-02	0.0080059	0.00427661	3.50445	6.1E-02	4.45359	3.5E-02
rs4746865	10	64834173	0.870392	G	A	0.599382	0.999286	28.2744	1.1E-07	0.0222765	0.00408352	29.7595	4.9E-08	27.6429	1.5E-07
rs7090106	10	75720956	0.999154	A	T	0.787205	0.991026	1.25477	2.6E-01	-0.00499463	0.00489205	1.04238	3.1E-01	0.609128	4.4E-01
rs7075347	10	76533307	1.00123	C	T	0.934809	1	0.00512238	9.4E-01	-0.00252288	0.00809104	0.0972262	7.6E-01	0.644443	4.2E-01
rs12412597	10	87339257	1.13684	G	A	0.949687	0.989888	1.28794	2.6E-01	-0.00879242	0.00918959	0.915427	3.4E-01	0.661837	4.2E-01
rs10887571	10	88030441	1.14705	C	T	0.553302	0.979368	3.81041	5.1E-02	-0.00633649	0.00405076	2.44695	1.2E-01	2.81178	9.4E-02
rs2450444	10	93010383	1.20287	G	A	0.650548	0.997815	1.59895	2.1E-01	0.00488493	0.0041824	1.36416	2.4E-01	1.74608	1.9E-01
rs472818	10	99695057	1.26982	T	C	0.578411	0.981176	2.57826	1.1E-01	-0.00575078	0.00407868	1.98799	1.6E-01	1.91221	1.7E-01
rs72844408	10	102425467	1.29272	G	A	0.778973	0.986164	0.0339486	8.5E-01	-0.0011608	0.00484127	0.0574909	8.1E-01	0.105086	7.5E-01
rs2296580	10	104241683	1.30539	G	T	0.700739	0.999674	0.750825	3.9E-01	-0.00342074	0.00437044	0.61262	4.3E-01	1.15714	2.8E-01
rs192569	10	104577915	1.30605	T	C	0.420829	0.996118	2.15003	1.4E-01	-0.00608759	0.00406217	2.24582	1.3E-01	2.64509	1.0E-01
rs7917983	10	114732882	1.3977	T	C	0.531909	1	0.00851793	9.3E-01	-0.000961755	0.00399927	0.0578318	8.1E-01	0.0627817	8.0E-01
rs1637556	10	118568352	1.45195	G	A	0.562841	0.989119	0.342312	5.6E-01	0.00303751	0.0040446	0.564006	4.5E-01	0.134532	7.1E-01
rs845094	10	125206933	1.57263	C	T	0.578488	0.99077	0.625675	4.3E-01	0.00276017	0.00406236	0.461651	5.0E-01	0.496473	4.8E-01
rs7923382	10	126576503	1.61167	T	C	0.770308	1	0.807375	3.7E-01	0.00404738	0.00475168	0.725526	3.9E-01	0.34503	5.6E-01
rs2028395	10	126726558	1.61328	G	C	0.553102	0.997728	0.262385	6.1E-01	0.00236895	0.00402056	0.347168	5.6E-01	0.0545318	8.2E-01
rs2252305	10	131114131	1.7313	A	G	0.34019	0.976818	0.0429701	8.4E-01	-0.00126222	0.00426192	0.0877123	7.7E-01	0.361623	5.5E-01
rs10902221	11	802379	0.0108629	T	C	0.487789	0.998916	1.32838	2.5E-01	-0.00513234	0.00401173	1.6367	2.0E-01	1.3684	2.4E-01
rs7126629	11	2228952	0.0544298	C	A	0.181022	0.993387	2.34039	1.3E-01	0.00603322	0.0052064	1.34284	2.5E-01	1.44371	2.3E-01
rs7938031	11	8366148	0.188301	C	T	0.68318	0.996274	3.03909	8.1E-02	0.00828114	0.00430693	3.69697	5.5E-02	3.43123	6.4E-02
rs4586148	11	8430938	0.18954	C	A	0.946845	0.99847	1.44955	2.3E-01	-0.0133392	0.0089184	2.23711	1.3E-01	1.32449	2.5E-01
rs7484027	11	17368381	0.298183	T	A	0.5558	0.993279	1.39515	2.4E-01	-0.00542888	0.00403772	1.8078	1.8E-01	1.18688	2.8E-01
rs35298551	11	27224030	0.462668	T	C	0.844471	1	0.927457	3.4E-01	0.00499519	0.00551188	0.821303	3.6E-01	1.13255	2.9E-01
rs558887	11	28712741	0.468359	A	G	0.692542	0.992085	0.422845	5.2E-01	0.00249104	0.00435007	0.327921	5.7E-01	0.122136	7.3E-01
rs67670125	11	30214914	0.478895	C	T	0.77199	0.995153	6.50717	1.1E-02	0.0137859	0.00476776	8.36063	3.8E-03	9.08799	2.6E-03
rs982243	11	43529703	0.620806	A	G	0.508132	0.998514	0.713041	4.0E-01	-0.00255449	0.00399649	0.408554	5.2E-01	0.16248	6.9E-01
rs2679055	11	43610813	0.622009	T	C	0.545816	0.999238	12.8578	3.4E-04	0.015829	0.00401824	15.518	8.2E-05	15.4896	8.3E-05
rs10838201	11	43937089	0.623077	A	T	0.566417	0.994597	0.00510943	9.4E-01	0.000404296	0.00405045	0.00996301	9.2E-01	0.0333804	8.6E-01
rs6485613	11	45337440	0.656974	C	T	0.176517	0.997513	0.0237494	8.8E-01	-0.000508833	0.00523834	0.00943546	9.2E-01	0.00543023	9.4E-01
rs2071304	11	47372377	0.665184	G	C	0.680113	0.982508	3.89028	4.9E-02	-0.00968382	0.00430081	5.06983	2.4E-02	5.62908	1.8E-02
rs10792318	11	61531443	0.703376	A	G	0.750369	1	38.0929	6.7E-10	-0.0286564	0.00462287	38.4257	5.7E-10	41.4873	1.2E-10
rs477400	11	63817799	0.729641	G	C	0.79688	0.991738	1.07763	3.0E-01	0.00448285	0.00496571	0.814977	3.7E-01	0.500598	4.8E-01
rs7942337	11	76465272	0.842642	C	T	0.78322	0.971559	3.88287	4.9E-02	0.0075709	0.00492469	2.3634	1.2E-01	2.74887	9.7E-02
rs10898317	11	84613479	0.936326	C	T	0.485862	1	0.104607	7.5E-01	-0.00113195	0.00400491	0.0798849	7.8E-01	0.195532	6.6E-01
rs61903695	11	89922417	0.975709	A	G	0.744306	0.999211	1.5277	2.2E-01	-0.0058746	0.00458383	1.64248	2.0E-01	2.2788	1.3E-01
rs2513999	11	103019633	1.1154	A	G	0.152447	0.996865	4.01224	4.5E-02	-0.0104491	0.00556377	3.52709	6.0E-02	3.12034	7.7E-02
rs719802	11	113234679	1.20429	T	C	0.385921	1	3.4216	6.4E-02	0.00617533	0.00409901	2.26967	1.3E-01	0.870934	3.5E-01
rs2507887	11	114961537	1.22996	T	C	0.521825	0.996335	0.00157524	9.7E-01	0.000162233	0.00400452	0.00164127	9.7E-01	0.0553704	8.1E-01
rs142174850	11	116715784	1.26141	G	A	0.940079	0.994858	11.4949	7.0E-04	0.0284704	0.00846181	11.3204	7.7E-04	13.262	2.7E-04
rs9332817	11	118365210	1.28887	G	C	0.973357	1	2.3664	1.2E-01	0.0200457	0.012429	2.60116	1.1E-01	1.57892	2.1E-01
rs10750446	11	130706918	1.51208	T	C	0.489006	0.998451	3.9984	4.6E-02	0.0080509	0.00398849	4.07448	4.4E-02	2.61732	1.1E-01
rs1040103	11	131442151	1.53674	A	G	0.461781	0.994917	12.7425	3.6E-04	-0.0157867	0.00401128	15.4887	8.3E-05	14.9754	1.1E-04
rs7941631	11	131930432	1.54756	G	C	0.691466	0.996305	2.0361	1.5E-01	0.0053472	0.00432657	1.52744	2.2E-01	2.21161	1.4E-01
rs3088353	12	862641	0.0207663	T	G	0.540089	0.945945	2.84272	9.2E-02	-0.00621189	0.004118	2.27549	1.3E-01	2.67565	1.0E-01
rs12422552	12	14413931	0.308896	G	C	0.732829	0.993361	0.403778	5.3E-01	0.00167722	0.00454019	0.136468	7.1E-01	0.0617593	8.0E-01
rs10846451	12	17099885	0.336898	A	G	0.700154	0.983369	3.12213	7.7E-02	0.00742053	0.004409	2.83263	9.2E-02	2.09397	1.5E-01
rs6486935	12	19209501	0.354456	T	A	0.252354	0.994884	0.00126856	9.7E-01	-0.000985999	0.00460909	0.0457638	8.3E-01	0.0036999	9.5E-01
rs16926776	12	24001905	0.419584	C	T	0.923178	1	1.15689	2.8E-01	0.0073078	0.0075101	0.946851	3.3E-01	0.579717	4.5E-01
rs6488140	12	33370406	0.544222	G	A	0.878388	0.997569	1.53097	2.2E-01	-0.0100833	0.00611702	2.71722	9.9E-02	2.60345	1.1E-01
rs76573653	12	49380073	0.624418	T	G	0.961609	1	0.472581	4.9E-01	-0.00506931	0.0104124	0.237027	6.3E-01	0.330062	5.7E-01
rs2720296	12	50169070	0.630128	G	A	0.609758	0.950295	1.29804	2.5E-01	0.0040589	0.00419408	0.936576	3.3E-01	0.572986	4.5E-01
rs113397893	12	57611285	0.721064	A	G	0.9212	0.973344	1.6707	2.0E-01	-0.00990601	0.00750119	1.74396	1.9E-01	1.86317	1.7E-01
rs7979776	12	68205353	0.825207	G	T	0.177617	0.996558	0.0737274	7.9E-01	0.00142734	0.00524569	0.0740368	7.9E-01	0.160396	6.9E-01
rs61754230	12	72179446	0.876527	C	T	0.980435	1	2.01838	1.6E-01	0.0205715	0.014388	2.04423	1.5E-01	1.13355	2.9E-01
rs11115160	12	82424100	0.983055	G	A	0.761725	0.987625	5.1231	2.4E-02	0.0110058	0.00471939	5.43844	2.0E-02	6.21563	1.3E-02
rs704067	12	89726027	1.03172	G	A	0.54643	0.989595	0.670185	4.1E-01	-0.00418291	0.00403482	1.07476	3.0E-01	0.873369	3.5E-01
rs11105846	12	91257268	1.04236	G	T	0.632238	0.98376	0.015101	9.0E-01	-0.00161189	0.004186	0.148277	7.0E-01	0.554073	4.6E-01
rs1420341	12	97913785	1.14795	C	T	0.171739	0.989054	3.1022	7.8E-02	0.00827344	0.0053236	2.41524	1.2E-01	1.64972	2.0E-01
rs10735363	12	99524896	1.16631	T	C	0.334204	1	3.07596	7.9E-02	0.00715341	0.00423825	2.84875	9.1E-02	2.89509	8.9E-02
rs1895951	12	108268689	1.27225	T	C	0.779282	0.981758	0.363597	5.5E-01	0.00302909	0.00487123	0.386675	5.3E-01	0.372281	5.4E-01
rs3825393	12	109883374	1.29241	T	C	0.362954	1	7.94948	4.8E-03	-0.0124012	0.00414895	8.93405	2.8E-03	8.22364	4.1E-03
rs10850838	12	110278812	1.29736	C	T	0.686864	0.989427	0.182944	6.7E-01	-0.00319768	0.00434136	0.542523	4.6E-01	0.12644	7.2E-01
rs11066188	12	112610714	1.303	G	A	0.591057	0.996937	18.9888	1.3E-05	-0.0184132	0.00407561	20.4114	6.2E-06	19.1464	1.2E-05
rs144782841	12	121633581	1.45609	C	G	0.874501	0.99275	9.82494	1.7E-03	-0.0201745	0.00606008	11.0828	8.7E-04	10.9714	9.3E-04
rs181617194	12	122011598	1.46244	T	C	0.959381	0.835918	2.11394	1.5E-01	-0.0171121	0.0110651	2.39165	1.2E-01	2.44336	1.2E-01
rs7953379	12	123030285	1.46756	A	G	0.647007	0.998006	3.20518	7.3E-02	0.00858767	0.00418991	4.20089	4.0E-02	3.47522	6.2E-02
rs3897102	12	123492112	1.47105	C	T	0.587824	0.982525	0.00756963	9.3E-01	8.07932e-05	0.00409808	0.000388677	9.8E-01	0.0225777	8.8E-01
rs7969633	12	133310887	1.74925	C	T	0.267076	0.9952	1.62693	2.0E-01	0.00474107	0.00453593	1.0925	3.0E-01	1.75391	1.9E-01
rs9579775	13	20616557	0.0139469	A	C	0.863855	0.926233	0.959179	3.3E-01	0.00528374	0.00606436	0.759126	3.8E-01	1.09321	3.0E-01
rs4238202	13	27902148	0.193689	A	G	0.258919	0.9902	0.0517155	8.2E-01	-0.00112448	0.00458879	0.0600498	8.1E-01	0.00816595	9.3E-01
rs1885989	13	28010117	0.196447	G	A	0.819991	0.999055	1.51697	2.2E-01	-0.00649368	0.00519667	1.56147	2.1E-01	1.62802	2.0E-01
rs12872889	13	28674628	0.213575	T	C	0.769448	0.972921	0.361824	5.5E-01	-0.00319801	0.00481397	0.44132	5.1E-01	0.488797	4.8E-01
rs1928496	13	31012904	0.263323	C	T	0.256087	1	0.459642	5.0E-01	-0.00289778	0.00458112	0.400117	5.3E-01	0.311142	5.8E-01
rs7993153	13	33378785	0.304672	A	T	0.527179	0.996937	6.65009	9.9E-03	0.0104171	0.00400742	6.75714	9.3E-03	6.32344	1.2E-02
rs41284828	13	50963685	0.538953	G	A	0.969277	0.943856	4.12799	4.2E-02	0.0219963	0.0118949	3.41963	6.4E-02	3.43199	6.4E-02
rs9536417	13	54018393	0.568081	G	A	0.819355	0.953229	1.97404	1.6E-01	0.00773017	0.00531266	2.11716	1.5E-01	1.68648	1.9E-01
rs13378227	13	54793818	0.572267	C	T	0.448494	0.996048	2.11326	1.5E-01	0.00546718	0.00402482	1.84516	1.7E-01	0.871768	3.5E-01
rs9563521	13	58254773	0.585028	A	C	0.870679	0.988428	5.98457	1.4E-02	0.0139636	0.00599676	5.422	2.0E-02	4.55402	3.3E-02
rs9538189	13	59333776	0.588946	C	G	0.833107	0.986627	0.668341	4.1E-01	-0.00220558	0.00540707	0.166387	6.8E-01	0.196802	6.6E-01
rs308597	13	62670010	0.616457	T	C	0.413014	0.995107	3.34643	6.7E-02	0.00777698	0.0040617	3.66612	5.6E-02	4.73197	3.0E-02
rs4421883	13	79561962	0.787183	T	C	0.494175	0.996287	3.77979	5.2E-02	-0.00744947	0.00401183	3.44799	6.3E-02	3.67227	5.5E-02
rs9547363	13	86322442	0.835108	T	C	0.513712	0.967142	0.0322526	8.6E-01	0.00219632	0.00406325	0.292176	5.9E-01	0.241381	6.2E-01
rs12585736	13	96845882	0.935798	G	A	0.693698	0.99638	0.0992594	7.5E-01	0.000774907	0.00434896	0.0317488	8.6E-01	0.119546	7.3E-01
rs3783006	13	99111209	0.969059	G	C	0.550861	1	13.9055	1.9E-04	0.0149661	0.0040121	13.9147	1.9E-04	14.8414	1.2E-04
rs9514131	13	104090848	1.04319	G	T	0.878435	1	0.10161	7.5E-01	-0.00122873	0.00611509	0.0403747	8.4E-01	0.0156056	9.0E-01
rs9888533	13	107854612	1.13616	C	T	0.462035	0.966192	2.19149	1.4E-01	-0.00563214	0.00407642	1.90893	1.7E-01	2.92338	8.7E-02
rs4773331	13	111843007	1.24012	G	A	0.603622	0.995832	0.565986	4.5E-01	0.00250157	0.00408866	0.374337	5.4E-01	0.306437	5.8E-01
rs9560110	13	112181233	1.24489	C	T	0.713945	0.999795	1.07304	3.0E-01	0.00387463	0.00441345	0.770731	3.8E-01	1.25197	2.6E-01
rs1241305	14	25868959	0.160798	G	T	0.560624	0.995412	5.40321	2.0E-02	-0.00903614	0.0040361	5.01236	2.5E-02	4.65738	3.1E-02
rs7494063	14	29549249	0.20712	A	C	0.807992	0.984291	0.0107426	9.2E-01	-0.000180083	0.0051086	0.00124262	9.7E-01	0.0181631	8.9E-01
rs8020889	14	30077029	0.215217	T	C	0.408054	0.999425	1.91007	1.7E-01	0.00580138	0.00407856	2.02325	1.5E-01	2.50596	1.1E-01
rs10148694	14	33273511	0.261796	C	T	0.646876	0.984296	0.297953	5.9E-01	0.00162588	0.00421471	0.148813	7.0E-01	0.155669	6.9E-01
rs1956151	14	40101060	0.364141	A	G	0.823524	0.999433	0.01446	9.0E-01	-0.00224147	0.00522476	0.184049	6.7E-01	0.145484	7.0E-01
rs12889085	14	42885336	0.38109	A	G	0.574098	0.993459	3.89663	4.8E-02	-0.00824611	0.00406307	4.11897	4.2E-02	5.64907	1.7E-02
rs8181993	14	46803314	0.406055	G	A	0.435542	0.992832	1.87165	1.7E-01	-0.00590769	0.00405346	2.12414	1.4E-01	2.30531	1.3E-01
rs217667	14	62358847	0.565816	C	T	0.749883	0.994282	0.235153	6.3E-01	-0.00181316	0.00463878	0.152779	7.0E-01	0.146823	7.0E-01
rs8007097	14	62592332	0.568871	C	T	0.547989	0.988884	3.92329	4.8E-02	0.00851663	0.00403463	4.45582	3.5E-02	2.58381	1.1E-01
rs2526919	14	73107771	0.666826	A	G	0.468807	0.994062	1.9277	1.7E-01	0.00479981	0.00401052	1.43234	2.3E-01	1.40367	2.4E-01
rs6574100	14	73323682	0.670778	A	T	0.597593	0.994028	0.0109241	9.2E-01	0.000199637	0.00410301	0.00236742	9.6E-01	0.00155609	9.7E-01
rs11624311	14	79453542	0.744848	G	A	0.771541	0.993549	0.5153	4.7E-01	0.00377849	0.00477818	0.625333	4.3E-01	0.536602	4.6E-01
rs10144362	14	79974598	0.748284	G	A	0.611262	0.997089	0.000465124	9.8E-01	-0.000488962	0.0041121	0.0141391	9.1E-01	0.0620808	8.0E-01
rs6574962	14	88341331	0.821353	G	T	0.252273	0.992916	0.00842424	9.3E-01	0.00055082	0.00461627	0.0142376	9.1E-01	0.0113145	9.2E-01
rs1152432	14	91373435	0.881772	T	A	0.280154	0.994872	4.96382	2.6E-02	0.00964989	0.00445173	4.6988	3.0E-02	5.59795	1.8E-02
rs740791	14	93699003	0.916417	C	T	0.733984	0.968997	3.48092	6.2E-02	0.00739175	0.00458993	2.59348	1.1E-01	2.82463	9.3E-02
rs2295659	14	101141544	1.07723	G	T	0.869818	0.990612	1.85208	1.7E-01	-0.00936259	0.00597617	2.4544	1.2E-01	1.74105	1.9E-01
rs3742406	14	101537857	1.08996	A	G	0.630498	0.998313	1.87898	1.7E-01	0.00515485	0.00414518	1.54648	2.1E-01	1.21117	2.7E-01
rs72708844	14	103834091	1.12399	C	G	0.759439	0.99572	0.0159308	9.0E-01	0.000605496	0.00469303	0.0166462	9.0E-01	0.00499058	9.4E-01
rs12594043	15	27034988	0.374858	G	C	0.478806	0.998824	3.84679	5.0E-02	-0.00697828	0.0040109	3.027	8.2E-02	3.91608	4.8E-02
rs4365252	15	31842371	0.454988	C	A	0.534885	0.990048	1.1304	2.9E-01	-0.00566058	0.00402967	1.97325	1.6E-01	1.4981	2.2E-01
rs1435670	15	36390393	0.544421	A	T	0.499057	0.999048	0.536879	4.6E-01	0.00208825	0.00400598	0.271736	6.0E-01	0.310538	5.8E-01
rs10775122	15	41898711	0.63274	C	T	0.183298	0.995919	3.59295	5.8E-02	0.00792879	0.00517843	2.34432	1.3E-01	2.99374	8.4E-02
rs765787	15	45500047	0.653911	A	G	0.820239	1	3.39638	6.5E-02	-0.0107563	0.00527104	4.16422	4.1E-02	4.47681	3.4E-02
rs10519044	15	46381874	0.6636	T	C	0.709811	0.994588	0.0156139	9.0E-01	-0.000798664	0.00441942	0.0326587	8.6E-01	0.0025051	9.6E-01
rs2622775	15	51999970	0.710456	C	T	0.586011	1	1.80773	1.8E-01	-0.00651812	0.00406472	2.57148	1.1E-01	2.00969	1.6E-01
rs335497	15	53383101	0.722756	T	G	0.0736902	0.995552	1.28523	2.6E-01	-0.00841587	0.00766223	1.20639	2.7E-01	1.86826	1.7E-01
rs2242066	15	58839337	0.793581	G	A	0.848078	0.997046	0.0546543	8.2E-01	0.00342614	0.00557822	0.37724	5.4E-01	0.022859	8.8E-01
rs8033510	15	61445514	0.841628	T	C	0.364718	0.994338	0.0539628	8.2E-01	0.00154716	0.00417231	0.137505	7.1E-01	0.288865	5.9E-01
rs3087660	15	66797492	0.89698	G	A	0.395797	0.999328	0.422467	5.2E-01	0.00263496	0.00408255	0.416567	5.2E-01	0.564445	4.5E-01
rs11635495	15	67804682	0.914253	T	C	0.487932	0.997662	0.899568	3.4E-01	0.00367401	0.00400585	0.841186	3.6E-01	0.240877	6.2E-01
rs2415130	15	72242554	0.983024	G	A	0.765191	0.998693	1.34876	2.5E-01	0.00664941	0.00472251	1.98253	1.6E-01	2.14472	1.4E-01
rs478438	15	73630686	0.990231	G	A	0.909358	0.98938	0.0878177	7.7E-01	0.00481382	0.00701894	0.470367	4.9E-01	0.355785	5.5E-01
rs35364449	15	74278126	0.995964	C	T	0.890533	0.989263	0.0810482	7.8E-01	0.000337093	0.00644813	0.00273295	9.6E-01	0.14076	7.1E-01
rs62007782	15	78029797	1.01266	G	A	0.734022	0.996291	0.045275	8.3E-01	-0.000440638	0.00452221	0.00949431	9.2E-01	0.0221057	8.8E-01
rs1531895	15	80992165	1.05797	G	A	0.532916	0.995023	0.0715843	7.9E-01	-0.000746028	0.00401557	0.0345158	8.5E-01	0.0397266	8.4E-01
rs66615128	15	92561941	1.21822	G	C	0.785237	0.999315	1.138	2.9E-01	0.00505896	0.00486644	1.08069	3.0E-01	0.419386	5.2E-01
rs6496036	15	95249902	1.31575	A	C	0.565021	0.985876	8.46131	3.6E-03	0.012335	0.00406194	9.22174	2.4E-03	11.0014	9.1E-04
rs7166757	15	98259616	1.39637	A	G	0.612081	0.979588	4.25901	3.9E-02	0.0100523	0.00414337	5.88602	1.5E-02	6.45085	1.1E-02
rs57221746	15	99230035	1.42335	G	A	0.774928	0.998898	9.71812	1.8E-03	0.0164044	0.0048052	11.6546	6.4E-04	12.5706	3.9E-04
rs432925	16	334580	0.00365345	G	C	0.715696	0.978663	2.14795	1.4E-01	0.00566835	0.00448262	1.599	2.1E-01	1.92939	1.6E-01
rs3211995	16	2089006	0.0428409	G	A	0.840439	0.989857	1.14449	2.8E-01	0.00664303	0.00550219	1.45768	2.3E-01	1.70305	1.9E-01
rs2285813	16	3566102	0.0672749	C	A	0.71444	0.994926	0.104821	7.5E-01	-9.25296e-05	0.0044429	0.000433739	9.8E-01	0.0116793	9.1E-01
rs2531993	16	4014245	0.0722296	A	G	0.155356	0.997332	0.235371	6.3E-01	0.00311782	0.00552278	0.318703	5.7E-01	0.90688	3.4E-01
rs12927792	16	9713194	0.229734	C	T	0.573706	0.986089	1.18302	2.8E-01	-0.00434395	0.00407728	1.13509	2.9E-01	1.27968	2.6E-01
rs739639	16	19527777	0.388214	C	T	0.359277	0.997014	7.86104	5.1E-03	0.011133	0.00416753	7.13626	7.6E-03	6.70419	9.6E-03
rs227762	16	19859406	0.390054	G	A	0.521259	0.978383	0.155879	6.9E-01	0.000145618	0.00404472	0.00129615	9.7E-01	0.0296278	8.6E-01
rs11074444	16	20241686	0.397902	T	C	0.206912	0.996432	0.954251	3.3E-01	-0.00367127	0.00493911	0.552505	4.6E-01	0.584467	4.4E-01
rs9929613	16	24599316	0.461035	A	G	0.261396	0.954325	0.0175518	8.9E-01	-0.00216335	0.0046498	0.216464	6.4E-01	0.362349	5.5E-01
rs865719	16	28379443	0.542171	A	G	0.586842	0.968132	0.101557	7.5E-01	0.00197563	0.00411778	0.230188	6.3E-01	0.0362735	8.5E-01
rs28517865	16	29914142	0.552217	C	T	0.433691	0.992308	1.62383	2.0E-01	-0.00419319	0.00405841	1.06752	3.0E-01	1.16746	2.8E-01
rs9319587	16	30833246	0.554994	C	T	0.60914	0.997546	0.277567	6.0E-01	0.00129869	0.0040955	0.100554	7.5E-01	0.16034	6.9E-01
rs6500208	16	49011249	0.571189	G	A	0.793086	0.993709	0.512319	4.7E-01	0.00439491	0.00494303	0.790522	3.7E-01	0.714153	4.0E-01
rs111617945	16	53557517	0.64416	T	C	0.895528	0.985634	0.221624	6.4E-01	-0.00368312	0.0065921	0.312166	5.8E-01	0.275977	6.0E-01
rs8048396	16	53770749	0.644865	C	A	0.489928	0.995604	0.0131239	9.1E-01	0.000770481	0.00401476	0.0368303	8.5E-01	9.82676e-05	9.9E-01
rs12596054	16	53834684	0.646096	A	C	0.853705	0.996549	1.2223	2.7E-01	0.00461341	0.00564465	0.66799	4.1E-01	0.350326	5.5E-01
rs11649379	16	56493573	0.721474	C	T	0.827289	0.998629	0.143951	7.0E-01	-0.0029237	0.00528728	0.305774	5.8E-01	0.212837	6.4E-01
rs2962446	16	62862539	0.808465	A	T	0.476039	0.98622	0.967206	3.3E-01	0.00343756	0.00403333	0.726395	3.9E-01	0.442402	5.1E-01
rs8056893	16	68304392	0.850738	C	A	0.26701	0.992269	0.0741189	7.9E-01	0.00268496	0.00453485	0.35055	5.5E-01	0.213308	6.4E-01
rs113093305	16	69424312	0.855386	C	T	0.965603	0.988361	0.627367	4.3E-01	0.0117702	0.011056	1.13338	2.9E-01	1.00391	3.2E-01
rs244416	16	69665208	0.858568	T	C	0.151061	0.993922	3.60346	5.8E-02	0.011536	0.00560881	4.23029	4.0E-02	4.20047	4.0E-02
rs8059061	16	76699487	0.935641	A	C	0.820057	0.993717	1.90892	1.7E-01	-0.00862804	0.00521855	2.73353	9.8E-02	3.30925	6.9E-02
rs12443634	16	81524274	1.04567	A	C	0.286925	0.984586	41.5227	1.2E-10	0.0291802	0.00445101	42.9793	5.5E-11	42.1511	8.4E-11
rs12922346	16	82438337	1.07453	G	C	0.731318	0.983645	0.0854298	7.7E-01	0.00268373	0.00455182	0.347622	5.6E-01	0.176288	6.7E-01
rs77081114	17	1816762	0.0641667	G	A	0.834564	1	1.17016	2.8E-01	0.00687688	0.0053819	1.63272	2.0E-01	1.1279	2.9E-01
rs9914578	17	2005136	0.0688706	C	G	0.798239	0.995727	0.00783429	9.3E-01	0.000787758	0.00498236	0.0249986	8.7E-01	0.093059	7.6E-01
rs2779207	17	15870401	0.425124	T	A	0.431236	0.973217	0.738679	3.9E-01	0.00365618	0.00408681	0.800364	3.7E-01	0.705	4.0E-01
rs4985996	17	21155684	0.471012	C	T	0.650988	0.996698	1.12459	2.9E-01	0.00462705	0.00420145	1.21286	2.7E-01	0.833631	3.6E-01
rs11080090	17	27502029	0.494582	G	A	0.157423	0.985283	1.19234	2.7E-01	-0.00584644	0.00554287	1.11253	2.9E-01	0.529235	4.7E-01
rs4794859	17	27962393	0.496881	T	G	0.529334	0.996548	0.758873	3.8E-01	-0.00387509	0.00400854	0.934524	3.3E-01	1.0048	3.2E-01
rs17836689	17	31448234	0.526044	G	A	0.759277	0.987977	0.398662	5.3E-01	0.00311954	0.00469184	0.442073	5.1E-01	0.555135	4.6E-01
rs4794977	17	32247585	0.548126	C	G	0.577787	0.980309	0.134745	7.1E-01	0.00126857	0.00409621	0.0959098	7.6E-01	0.0139027	9.1E-01
rs242556	17	44002250	0.689918	A	T	0.233994	0.95327	0.233784	6.3E-01	0.00284319	0.00483643	0.345591	5.6E-01	0.376234	5.4E-01
rs2905855	17	46081915	0.703376	G	A	0.562305	0.989999	2.36688	1.2E-01	0.00534834	0.00404331	1.7497	1.9E-01	1.03009	3.1E-01
rs11657868	17	46942681	0.706999	G	A	0.718196	0.996518	2.13928	1.4E-01	0.00624712	0.00444861	1.97202	1.6E-01	2.11344	1.5E-01
rs8067262	17	56048720	0.848038	T	G	0.911457	0.997899	0.46074	5.0E-01	-0.005444	0.00703835	0.598267	4.4E-01	0.59602	4.4E-01
rs11655589	17	61608163	0.886764	A	G	0.666344	0.975736	1.69923	1.9E-01	0.00419966	0.0042865	0.959893	3.3E-01	1.47228	2.2E-01
rs8079078	17	65821166	0.947735	C	A	0.303724	0.990268	1.52304	2.2E-01	0.00652478	0.00437356	2.22568	1.4E-01	1.67619	2.0E-01
rs936393	17	73847613	1.10376	A	G	0.812219	0.99328	1.25095	2.6E-01	0.00385621	0.00514968	0.56074	4.5E-01	0.446258	5.0E-01
rs12943620	17	78444658	1.24901	T	G	0.227281	0.993887	1.98419	1.6E-01	-0.00646897	0.00478108	1.83071	1.8E-01	2.04196	1.5E-01
rs11658698	17	78518327	1.2499	C	T	0.72961	0.995739	4.69676	3.0E-02	-0.010116	0.00450165	5.04975	2.5E-02	4.61981	3.2E-02
rs12051698	17	79046374	1.26006	C	G	0.647102	0.980656	1.29863	2.5E-01	-0.0051632	0.00422325	1.49467	2.2E-01	1.66243	2.0E-01
rs8089699	18	1813412	0.0476566	G	A	0.882906	0.939184	0.00287209	9.6E-01	1.04352e-05	0.00639786	2.66033e-06	1.0E+00	0.0691171	7.9E-01
rs508481	18	7542241	0.240303	A	G	0.868636	0.989942	2.18037	1.4E-01	0.00720184	0.00595027	1.46492	2.3E-01	2.14448	1.4E-01
rs9948870	18	20967065	0.431819	G	A	0.605062	0.993522	1.47955	2.2E-01	0.00680069	0.00411343	2.73336	9.8E-02	3.93156	4.7E-02
rs1349351	18	22191762	0.447116	G	A	0.5985	0.999082	4.06334	4.4E-02	0.00738612	0.00408565	3.26822	7.1E-02	3.61553	5.7E-02
rs7228141	18	31214950	0.540827	G	C	0.463505	0.995475	8.60788	3.3E-03	-0.0112896	0.00401328	7.9133	4.9E-03	7.06957	7.8E-03
rs9957032	18	39467208	0.603798	T	C	0.818223	1	0.0417015	8.4E-01	0.00179222	0.00518325	0.119558	7.3E-01	0.253936	6.1E-01
rs4561553	18	40687764	0.611644	T	G	0.407513	0.997769	1.53583	2.2E-01	-0.00415416	0.00407999	1.03669	3.1E-01	0.837887	3.6E-01
rs8096662	18	42533130	0.62282	A	G	0.145554	0.98702	0.822548	3.6E-01	0.00404517	0.0057119	0.50155	4.8E-01	0.520696	4.7E-01
rs9964756	18	50441817	0.72912	T	G	0.107895	0.997466	1.30269	2.5E-01	-0.00774357	0.00645068	1.44103	2.3E-01	0.81779	3.7E-01
rs28687557	18	52547057	0.739845	G	A	0.227453	0.993369	0.66408	4.2E-01	0.00434204	0.00478742	0.822591	3.6E-01	0.876211	3.5E-01
rs7243357	18	56883319	0.801149	T	G	0.822165	0.991788	12.4047	4.3E-04	0.0168212	0.00526087	10.2235	1.4E-03	9.56686	2.0E-03
rs681630	18	57827605	0.821594	A	G	0.565363	0.998337	0.993051	3.2E-01	-0.00559597	0.00404833	1.91073	1.7E-01	2.15702	1.4E-01
rs8097783	18	58051294	0.823036	G	A	0.926154	1	0.113446	7.4E-01	-0.00391552	0.00765776	0.261442	6.1E-01	0.0892822	7.7E-01
rs74625348	18	60846430	0.867759	G	C	0.770962	0.97218	10.8684	9.8E-04	0.0144566	0.00481316	9.02135	2.7E-03	11.5085	6.9E-04
rs10460125	18	63415573	0.904306	C	T	0.725399	0.998331	2.36089	1.2E-01	0.00598604	0.00448409	1.78209	1.8E-01	2.91676	8.8E-02
rs11663797	18	73497644	1.0888	G	A	0.273814	0.989477	0.693118	4.1E-01	-0.0036451	0.00450987	0.653267	4.2E-01	0.859625	3.5E-01
rs12151205	19	1808569	0.0682048	T	A	0.449087	0.963075	0.904312	3.4E-01	-0.00363457	0.00408037	0.793426	3.7E-01	0.764916	3.8E-01
rs10419634	19	1936672	0.069832	T	C	0.289767	0.973622	3.1393	7.6E-02	-0.00751417	0.00445715	2.84216	9.2E-02	2.39348	1.2E-01
rs79712071	19	2221892	0.075478	C	A	0.953635	0.968688	2.02292	1.5E-01	0.0140736	0.00962134	2.13963	1.4E-01	1.75019	1.9E-01
rs62131468	19	3984788	0.142379	C	G	0.813006	0.97174	1.48836	2.2E-01	0.00736762	0.0051812	2.02206	1.6E-01	1.97949	1.6E-01
rs146439891	19	8410381	0.274837	C	T	0.980819	0.864186	68.3874	1.3E-16	0.128291	0.0156523	67.1794	2.5E-16	70.1298	5.6E-17
rs3929396	19	18197093	0.447598	G	A	0.594992	0.983365	0.00349317	9.5E-01	-0.000852779	0.00409255	0.0434196	8.3E-01	0.176459	6.7E-01
rs113230003	19	18460956	0.450365	G	A	0.738161	0.981969	1.65071	2.0E-01	-0.00663574	0.00456839	2.10985	1.5E-01	1.24868	2.6E-01
rs2003476	19	18806668	0.454309	T	C	0.593805	0.986683	10.2491	1.4E-03	0.0138026	0.0040843	11.4206	7.3E-04	11.1453	8.4E-04
rs8104983	19	19859845	0.463476	A	G	0.840942	0.982533	0.111137	7.4E-01	0.00157179	0.00548689	0.082061	7.7E-01	0.269989	6.0E-01
rs7247004	19	30240852	0.512599	A	G	0.68793	0.994107	1.3064	2.5E-01	-0.00519168	0.00431241	1.44935	2.3E-01	1.90968	1.7E-01
rs740671	19	30664619	0.518411	C	A	0.755917	0.990945	0.0203341	8.9E-01	-0.000468214	0.00464648	0.0101541	9.2E-01	0.0151344	9.0E-01
rs7247158	19	31021597	0.524584	A	G	0.758301	0.996608	0.16112	6.9E-01	-0.00106986	0.00466394	0.0526195	8.2E-01	0.0661569	8.0E-01
rs461998	19	34319233	0.572882	T	C	0.328678	0.997354	0.190905	6.6E-01	0.00209605	0.00424612	0.24368	6.2E-01	0.203969	6.5E-01
rs62116588	19	44446097	0.68736	C	G	0.976367	0.933368	48.5706	3.2E-12	-0.0936932	0.0135924	47.5144	5.5E-12	48.0852	4.1E-12
rs55840997	19	44480979	0.687479	G	A	0.981586	1	23.49	1.3E-06	-0.0721306	0.0148544	23.5791	1.2E-06	25.2421	5.1E-07
rs73048351	19	45160086	0.697689	C	A	0.989801	0.91554	127.392	1.5E-29	-0.238986	0.0207594	132.53	1.1E-30	137.056	1.2E-31
rs11881756	19	45220896	0.699851	T	C	0.886255	1	273.66	1.8E-61	-0.104487	0.00627111	277.61	2.5E-62	294.722	4.7E-66
rs139326841	19	45269725	0.701551	T	C	0.978975	0.821408	24.5502	7.2E-07	0.0751247	0.0152954	24.1238	9.0E-07	28.8573	7.8E-08
rs2075649	19	45395330	0.707004	A	G	0.611082	0.998574	83.545	6.2E-20	0.0379722	0.00408999	86.196	1.6E-20	92.5879	6.4E-22
rs146390218	19	45478352	0.709104	A	G	0.973617	0.966351	326.337	6.0E-73	-0.228162	0.0126333	326.18	6.5E-73	338.299	1.5E-75
rs1884389	20	1410582	0.0620248	C	T	0.561411	0.990862	2.97911	8.4E-02	0.0064776	0.00404369	2.56609	1.1E-01	2.93622	8.7E-02
rs4813619	20	2815715	0.104851	G	T	0.491114	0.983542	0.301284	5.8E-01	-0.00225482	0.00404185	0.311217	5.8E-01	0.297988	5.9E-01
rs1884899	20	6572870	0.214153	A	G	0.226227	0.983564	0.13783	7.1E-01	-0.00119298	0.00481227	0.0614568	8.0E-01	0.109973	7.4E-01
rs16996637	20	15809996	0.385502	C	T	0.870003	0.979105	1.34491	2.5E-01	0.00662507	0.00599243	1.22229	2.7E-01	0.820713	3.6E-01
rs852033	20	17085493	0.411169	A	C	0.247637	0.996482	0.194339	6.6E-01	0.00287258	0.00463733	0.383715	5.4E-01	0.148878	7.0E-01
rs1409818	20	21381121	0.481069	C	T	0.898663	0.994593	0.0430994	8.4E-01	0.00213248	0.00664365	0.103029	7.5E-01	0.311145	5.8E-01
rs66817095	20	25038484	0.515275	G	T	0.829542	1	1.78086	1.8E-01	-0.00761772	0.00533864	2.03606	1.5E-01	2.34696	1.3E-01
rs6120440	20	32517585	0.53634	G	A	0.354038	0.991596	10.6527	1.1E-03	-0.0136434	0.00420321	10.5362	1.2E-03	11.2164	8.1E-04
rs16989232	20	39291784	0.591389	G	A	0.601237	0.975601	0.384633	5.4E-01	-0.00301151	0.00413246	0.531068	4.7E-01	0.296001	5.9E-01
rs34316626	20	47358484	0.731003	T	C	0.752271	0.990765	2.50977	1.1E-01	-0.00621751	0.00465436	1.78449	1.8E-01	1.33388	2.5E-01
rs17201143	20	50402079	0.780574	C	T	0.676781	0.999123	0.027321	8.7E-01	-0.00019673	0.00428261	0.00211021	9.6E-01	0.0221428	8.8E-01
rs1033715	20	50861193	0.791131	G	A	0.607164	0.99768	0.00966273	9.2E-01	0.000236898	0.00409847	0.00334103	9.5E-01	0.00708879	9.3E-01
rs559390	20	54157546	0.855467	A	T	0.658111	0.996213	0.102006	7.5E-01	-0.00285663	0.00421953	0.458333	5.0E-01	0.310874	5.8E-01
rs6010789	20	61561153	1.07298	G	A	0.498553	1	4.29754	3.8E-02	0.00830237	0.00399457	4.31982	3.8E-02	4.13949	4.2E-02
rs2832283	21	30690558	0.291215	G	A	0.785768	0.992402	5.39253	2.0E-02	-0.0115963	0.00490467	5.59013	1.8E-02	3.88468	4.9E-02
rs2298330	21	38852728	0.419836	G	A	0.884475	0.986182	0.0682529	7.9E-01	-0.00105515	0.00629844	0.0280646	8.7E-01	0.00511448	9.4E-01
rs1209950	21	40173528	0.44514	C	T	0.59796	1	2.84123	9.2E-02	-0.00824577	0.00407376	4.09705	4.3E-02	5.54899	1.8E-02
rs62222988	21	40569508	0.455465	T	C	0.626123	0.995886	1.76017	1.8E-01	-0.00509337	0.00414308	1.51135	2.2E-01	2.31324	1.3E-01
rs2410204	21	41416838	0.475718	A	G	0.585399	0.993302	0.247338	6.2E-01	-0.00215042	0.00406482	0.279873	6.0E-01	0.520327	4.7E-01
rs111320751	21	46630890	0.622427	A	T	0.95568	0.926829	0.00908592	9.2E-01	0.000845171	0.0101066	0.00699321	9.3E-01	0.00294569	9.6E-01
rs11704728	22	18130209	0.0626254	C	T	0.803471	0.990379	0.292973	5.9E-01	-0.00237898	0.00503978	0.222822	6.4E-01	0.268127	6.0E-01
rs5750508	22	38303155	0.469229	C	T	0.676364	0.994441	0.0719711	7.9E-01	0.00162813	0.00429616	0.143622	7.0E-01	0.252872	6.2E-01
rs8136269	22	40532444	0.498055	G	C	0.798232	0.992615	0.542596	4.6E-01	0.00331899	0.00500622	0.439534	5.1E-01	0.158212	6.9E-01
rs1953	22	41641984	0.50042	C	T	0.729724	0.993321	0.0226118	8.8E-01	-0.000742677	0.00450699	0.0271535	8.7E-01	0.0109041	9.2E-01
rs13056230	22	48874310	0.664361	C	T	0.572042	1	0.12697	7.2E-01	0.0005611	0.00403375	0.0193492	8.9E-01	0.0934829	7.6E-01
