SNP	CHR	BP	GENPOS	ALLELE1	ALLELE0	A1FREQ	INFO	CHISQ_LINREG	P_LINREG	BETA	SE	CHISQ_BOLT_LMM_INF	P_BOLT_LMM_INF	CHISQ_BOLT_LMM	P_BOLT_LMM
rs28788874	1	1520725	0.0141684	C	T	0.585299	0.768295	0.0539276	8.2E-01	0.00160273	0.00464819	0.118893	7.3E-01	0.0492937	8.2E-01
rs10907187	1	1759054	0.0168675	G	A	0.730409	0.998294	0.942938	3.3E-01	0.0044367	0.00454333	0.953612	3.3E-01	1.14379	2.8E-01
rs3001347	1	2426766	0.0346085	A	G	0.480235	0.993243	0.192122	6.6E-01	-0.00267907	0.00403314	0.441249	5.1E-01	0.441498	5.1E-01
rs10779795	1	6677064	0.153978	A	G	0.662103	0.998314	1.04888	3.1E-01	0.00525082	0.0042681	1.51351	2.2E-01	1.05161	3.1E-01
rs12136082	1	11102275	0.225397	A	G	0.192828	0.997704	0.0866839	7.7E-01	-0.000123136	0.00510822	0.000581069	9.8E-01	0.00113495	9.7E-01
rs3766160	1	15808872	0.325192	G	A	0.744147	1	0.942475	3.3E-01	0.00283531	0.00460342	0.37935	5.4E-01	0.240056	6.2E-01
rs12041062	1	19916886	0.402244	G	C	0.764485	0.997633	0.00100074	9.7E-01	4.2422e-05	0.00475277	7.96688e-05	9.9E-01	0.00779852	9.3E-01
rs309517	1	23251592	0.460465	T	A	0.327298	0.967482	1.01281	3.1E-01	0.00395452	0.00436036	0.822513	3.6E-01	0.556782	4.6E-01
rs12564655	1	33254768	0.567573	T	C	0.831445	0.999657	0.679904	4.1E-01	0.00496238	0.00537593	0.852065	3.6E-01	1.4315	2.3E-01
rs13374459	1	39571211	0.669657	T	C	0.588291	0.9945	40.2113	2.3E-10	-0.0262445	0.00411113	40.7526	1.7E-10	37.2602	1.0E-09
rs61743745	1	40036944	0.670228	G	A	0.970171	0.986128	1.58929	2.1E-01	0.0137444	0.011894	1.33535	2.5E-01	1.10802	2.9E-01
rs41269113	1	46032543	0.727328	G	A	0.964407	0.991408	2.50203	1.1E-01	0.0175457	0.0109153	2.58385	1.1E-01	2.40119	1.2E-01
rs4134058	1	47670911	0.739288	T	C	0.455325	0.994101	0.131908	7.2E-01	0.000969605	0.00405378	0.0572096	8.1E-01	0.00149189	9.7E-01
rs7553454	1	49231261	0.759781	T	C	0.774925	0.984417	0.266799	6.1E-01	-0.00341536	0.00484893	0.496113	4.8E-01	0.639789	4.2E-01
rs587271	1	54743111	0.7872	C	T	0.313179	0.916526	2.67058	1.0E-01	0.00697394	0.00455048	2.34878	1.3E-01	2.32428	1.3E-01
rs78141582	1	57827517	0.843026	A	G	0.897687	0.998432	0.0337637	8.5E-01	-0.00236251	0.00664965	0.126226	7.2E-01	0.240409	6.2E-01
rs885581	1	62445706	0.914644	A	G	0.607676	0.990874	0.180518	6.7E-01	0.00281032	0.00413816	0.461207	5.0E-01	0.600872	4.4E-01
rs74082072	1	65970925	0.967975	T	C	0.917809	0.99363	1.13199	2.9E-01	-0.00477274	0.00733778	0.423064	5.2E-01	0.360076	5.5E-01
rs2554414	1	72446164	1.03176	A	G	0.758572	0.995989	3.1101	7.8E-02	0.00910117	0.00469866	3.75186	5.3E-02	3.63476	5.7E-02
rs1514177	1	74991402	1.04313	C	G	0.424303	0.999432	0.780245	3.8E-01	0.00388436	0.00408127	0.905834	3.4E-01	0.775403	3.8E-01
rs12035349	1	77557339	1.06866	A	G	0.871887	0.977571	1.70955	1.9E-01	-0.00958579	0.00609594	2.47272	1.2E-01	2.65646	1.0E-01
rs115281275	1	77991129	1.0737	T	A	0.968661	0.902469	0.0333594	8.6E-01	-0.00105951	0.012143	0.00761307	9.3E-01	0.00952582	9.2E-01
rs10874123	1	80831434	1.08977	G	A	0.702146	0.997286	0.725769	3.9E-01	-0.00482659	0.00440169	1.20238	2.7E-01	1.28272	2.6E-01
rs11810373	1	82473958	1.11392	A	G	0.745514	0.997739	0.0117508	9.1E-01	-0.00122823	0.00462095	0.0706475	7.9E-01	0.266967	6.1E-01
rs3131815	1	92664966	1.23012	C	T	0.805586	0.994558	6.23841	1.3E-02	0.0119536	0.005096	5.50222	1.9E-02	4.76745	2.9E-02
rs4347257	1	96269230	1.26259	C	T	0.535636	0.996672	0.188533	6.6E-01	-0.00180038	0.00404571	0.198034	6.6E-01	0.251126	6.2E-01
rs4375301	1	98298371	1.27828	A	G	0.767049	0.993807	1.14769	2.8E-01	-0.00648977	0.00478431	1.84001	1.7E-01	2.04326	1.5E-01
rs3108680	1	107572997	1.35724	T	C	0.650884	0.999501	2.07941	1.5E-01	0.00491029	0.0042404	1.34092	2.5E-01	1.08811	3.0E-01
rs17584208	1	109833187	1.38762	G	A	0.913432	0.992873	1.11518	2.9E-01	-0.00785991	0.00719105	1.19468	2.7E-01	0.75052	3.9E-01
rs2076586	1	112273026	1.42823	C	T	0.754427	0.980886	8.4835	3.6E-03	0.0142629	0.00472641	9.10649	2.5E-03	7.83238	5.1E-03
rs984222	1	119503843	1.50977	C	G	0.390696	1	0.000149506	9.9E-01	-0.00117537	0.00413587	0.0807629	7.8E-01	0.139266	7.1E-01
rs72702521	1	150650194	1.6587	C	T	0.791946	0.999554	61.5048	4.4E-15	0.0377469	0.00496538	57.7906	2.9E-14	60.7366	6.5E-15
rs1870940	1	154984363	1.69828	G	A	0.72931	0.984186	1.49863	2.2E-01	-0.00643447	0.00457115	1.98141	1.6E-01	1.82345	1.8E-01
rs35277691	1	171415327	1.93374	A	C	0.906541	0.997238	0.15856	6.9E-01	-0.00327249	0.00695293	0.221524	6.4E-01	0.362958	5.5E-01
rs149415799	1	173657022	1.95091	G	C	0.975833	0.965388	0.000651262	9.8E-01	0.00132132	0.0133327	0.00982155	9.2E-01	0.0277975	8.7E-01
rs3922650	1	177766694	1.98705	A	C	0.475966	0.997377	0.673625	4.1E-01	0.00341564	0.00403211	0.717598	4.0E-01	0.790766	3.7E-01
rs2068973	1	177792715	1.98748	G	A	0.655699	0.993004	3.97755	4.6E-02	-0.00942555	0.0042553	4.90628	2.7E-02	5.20757	2.2E-02
rs815342	1	190112653	2.09814	T	C	0.631918	0.98827	0.0108297	9.2E-01	-0.000292609	0.0042048	0.00484269	9.4E-01	0.0440788	8.3E-01
rs12130221	1	194825306	2.13143	A	T	0.683256	0.997265	0.100343	7.5E-01	0.000880642	0.00433804	0.0412109	8.4E-01	0.126202	7.2E-01
rs704633	1	201760981	2.19705	A	G	0.348748	0.991681	3.7916	5.2E-02	-0.00858727	0.00423252	4.11634	4.2E-02	3.63059	5.7E-02
rs16849710	1	202106797	2.20149	A	G	0.471389	0.987868	0.0683313	7.9E-01	-0.00128625	0.00405874	0.100431	7.5E-01	0.0498288	8.2E-01
rs6540497	1	209205263	2.30771	G	C	0.422338	0.993216	1.43859	2.3E-01	0.00554542	0.00408859	1.83959	1.7E-01	1.81964	1.8E-01
rs11118308	1	219633869	2.43693	A	G	0.552201	0.999196	4.05195	4.4E-02	-0.007389	0.00405142	3.32627	6.8E-02	3.8469	5.0E-02
rs2642438	1	220970028	2.44813	A	G	0.296164	1	87.347	9.1E-21	0.0413667	0.00441502	87.7882	7.3E-21	91.7302	9.9E-22
rs10779833	1	230293037	2.53593	A	G	0.260308	0.946525	81.9394	1.4E-19	0.0419827	0.00472061	79.0944	5.9E-19	80.0656	3.6E-19
rs2491864	1	242986063	2.82336	G	A	0.781475	0.998975	0.468776	4.9E-01	-0.00278803	0.00488274	0.326039	5.7E-01	0.419546	5.2E-01
rs12042959	1	243533273	2.82744	A	G	0.856295	0.985729	3.23672	7.2E-02	0.0100182	0.0057761	3.00823	8.3E-02	2.96567	8.5E-02
rs1474053	2	224086	0.00121739	T	A	0.30705	0.998582	4.87618	2.7E-02	0.00950355	0.0043713	4.72662	3.0E-02	4.09211	4.3E-02
rs6548228	2	345889	0.00380575	T	C	0.47675	0.997111	1.67429	2.0E-01	0.00579243	0.00403734	2.0584	1.5E-01	1.88911	1.7E-01
rs62117023	2	401319	0.00493919	G	A	0.746598	0.975524	3.81274	5.1E-02	-0.00889286	0.00469044	3.59464	5.8E-02	3.91147	4.8E-02
rs13387998	2	512327	0.00653916	C	T	0.926049	0.992033	0.104019	7.5E-01	0.00298994	0.00772909	0.149647	7.0E-01	0.253158	6.1E-01
rs7596758	2	658595	0.00865972	T	G	0.702053	0.99674	1.58009	2.1E-01	-0.00598684	0.00439354	1.8568	1.7E-01	2.35352	1.3E-01
rs11902450	2	12845368	0.29449	C	T	0.895435	0.993347	0.375766	5.4E-01	0.00509653	0.00661178	0.594172	4.4E-01	0.521776	4.7E-01
rs75971153	2	24689143	0.455958	T	C	0.805177	0.974205	0.112823	7.4E-01	0.00181115	0.00515518	0.12343	7.3E-01	0.101111	7.5E-01
rs75503394	2	25155419	0.457101	C	T	0.903817	0.987449	0.732661	3.9E-01	-0.00743323	0.00686405	1.17272	2.8E-01	1.46613	2.3E-01
rs2384463	2	26942256	0.471361	A	G	0.475385	0.994749	0.145636	7.0E-01	0.00191286	0.00404521	0.223605	6.4E-01	0.222137	6.4E-01
rs6737895	2	35442725	0.577818	G	A	0.776382	1	0.338906	5.6E-01	0.00387277	0.00483626	0.641246	4.2E-01	0.485794	4.9E-01
rs10185199	2	40282202	0.642282	G	A	0.719504	0.9446	7.69035	5.6E-03	0.0135733	0.00461322	8.65689	3.3E-03	9.07045	2.6E-03
rs12465106	2	41583244	0.656468	A	C	0.333824	0.990838	1.47524	2.2E-01	-0.00429396	0.00429522	0.999414	3.2E-01	0.802638	3.7E-01
rs6732079	2	46877963	0.735942	T	A	0.903819	0.980261	1.26332	2.6E-01	0.00582209	0.00688652	0.714756	4.0E-01	1.13238	2.9E-01
rs80056702	2	50056246	0.778173	C	T	0.941666	1	0.530911	4.7E-01	-0.00459502	0.0085998	0.285495	5.9E-01	0.751525	3.9E-01
rs59428052	2	53861389	0.819985	A	G	0.850765	0.921044	7.49844	6.2E-03	0.0152428	0.00587106	6.74056	9.4E-03	7.1153	7.6E-03
rs6705519	2	55204165	0.827433	C	T	0.699466	0.992125	1.56678	2.1E-01	0.00414517	0.00441057	0.883273	3.5E-01	0.775464	3.8E-01
rs57178144	2	58681120	0.848912	T	C	0.867472	0.950948	4.32835	3.7E-02	-0.0131495	0.0060785	4.67979	3.1E-02	4.7162	3.0E-02
rs13417156	2	62848319	0.885521	T	C	0.567371	0.99741	0.0250962	8.7E-01	-0.00193951	0.00407769	0.226232	6.3E-01	0.244799	6.2E-01
rs6746570	2	67774191	0.93823	A	C	0.71111	0.971596	2.06884	1.5E-01	-0.00596992	0.00450954	1.75256	1.9E-01	1.30249	2.5E-01
rs17016642	2	79476375	1.09778	A	G	0.884824	0.971192	8.95578	2.8E-03	-0.0172873	0.00639713	7.30267	6.9E-03	7.2369	7.1E-03
rs6752979	2	81741750	1.13256	G	A	0.68268	1	0.0146356	9.0E-01	-0.000371772	0.00433129	0.00736748	9.3E-01	0.0921154	7.6E-01
rs4832285	2	86644664	1.16157	G	A	0.248226	0.999114	4.08665	4.3E-02	0.00903731	0.00465551	3.76828	5.2E-02	2.99516	8.4E-02
rs13023088	2	100576304	1.22131	C	T	0.850793	0.99385	5.64447	1.8E-02	0.0135566	0.00567086	5.71485	1.7E-02	5.74135	1.7E-02
rs75108145	2	100802984	1.2219	C	T	0.874494	0.987695	0.401534	5.3E-01	0.00418825	0.00612645	0.467356	4.9E-01	0.634204	4.3E-01
rs12712181	2	104354232	1.24985	A	G	0.414449	0.997505	1.48547	2.2E-01	0.00426538	0.00409627	1.08427	3.0E-01	1.08498	3.0E-01
rs6754968	2	105414479	1.26241	G	A	0.654767	0.998396	1.13203	2.9E-01	-0.00602329	0.00424821	2.01027	1.6E-01	2.49794	1.1E-01
rs13027786	2	133517445	1.5525	G	A	0.745836	0.986506	2.87306	9.0E-02	-0.00726511	0.0046645	2.42591	1.2E-01	2.18637	1.4E-01
rs6430552	2	135622808	1.58359	C	T	0.628986	0.999411	0.117605	7.3E-01	0.00559846	0.00415109	1.81891	1.8E-01	2.04086	1.5E-01
rs2890652	2	142959931	1.641	T	C	0.841295	1	4.04999	4.4E-02	-0.0106727	0.00550211	3.76264	5.2E-02	4.06819	4.4E-02
rs6719577	2	144013418	1.64945	G	A	0.821292	0.99734	0.7152	4.0E-01	-0.00407509	0.00526694	0.598629	4.4E-01	0.598095	4.4E-01
rs1949527	2	157054911	1.75263	G	T	0.354377	0.997531	2.69768	1.0E-01	0.00558037	0.00422299	1.74616	1.9E-01	1.61692	2.0E-01
rs12692596	2	161265910	1.78694	C	T	0.629671	0.996301	0.399378	5.3E-01	-0.00198947	0.00416962	0.227657	6.3E-01	0.0814195	7.8E-01
rs12692738	2	165558252	1.81499	T	C	0.772314	0.984603	14.6481	1.3E-04	0.0187954	0.00484597	15.0433	1.1E-04	16.1172	6.0E-05
rs72917531	2	175238176	1.94405	C	A	0.814453	0.991675	6.24022	1.2E-02	0.0121609	0.00519721	5.4751	1.9E-02	6.23408	1.3E-02
rs4640353	2	181327570	2.00315	A	C	0.71491	0.994236	0.271759	6.0E-01	-0.0026706	0.00447961	0.355417	5.5E-01	0.391002	5.3E-01
rs114049355	2	183075689	2.01604	C	T	0.940972	0.921249	0.726309	3.9E-01	0.00778229	0.00890172	0.764306	3.8E-01	0.502175	4.8E-01
rs7570446	2	193801010	2.09677	C	A	0.456734	0.998185	3.0222	8.2E-02	-0.00787283	0.00404829	3.78197	5.2E-02	2.78354	9.5E-02
rs7592344	2	198572461	2.12609	C	T	0.80295	0.997005	7.06938	7.8E-03	0.0130846	0.00507902	6.63681	1.0E-02	6.32866	1.2E-02
rs3845802	2	203740672	2.15739	T	G	0.518086	0.997801	2.38241	1.2E-01	-0.00503458	0.00403703	1.55526	2.1E-01	2.09443	1.5E-01
rs11696022	2	205387566	2.17339	C	T	0.23322	0.994602	0.925698	3.4E-01	0.00386009	0.00477709	0.652934	4.2E-01	0.493226	4.8E-01
rs4673553	2	211608379	2.23794	T	G	0.551248	0.992859	34.0713	5.3E-09	-0.0236311	0.00406437	33.8051	6.1E-09	34.4364	4.4E-09
rs12467225	2	212244657	2.24413	C	T	0.714834	0.995832	2.82379	9.3E-02	-0.0078605	0.00448185	3.07599	7.9E-02	3.71021	5.4E-02
rs16847879	2	213067535	2.25955	A	G	0.791086	0.996291	1.58656	2.1E-01	-0.00759551	0.00496331	2.34191	1.3E-01	2.22708	1.4E-01
rs4674379	2	220214386	2.34424	G	A	0.0952767	0.994198	1.91621	1.7E-01	0.00757298	0.00687348	1.21389	2.7E-01	1.13877	2.9E-01
rs3811514	2	228883721	2.47754	T	C	0.514086	1	0.145137	7.0E-01	0.00241584	0.00403236	0.358937	5.5E-01	0.248057	6.2E-01
rs36191868	2	228999054	2.47864	T	C	0.524364	0.999757	4.67512	3.1E-02	-0.00977396	0.00403598	5.86467	1.5E-02	6.1362	1.3E-02
rs17582010	2	230542810	2.50166	T	C	0.448069	0.984006	0.958802	3.3E-01	0.00403167	0.00408471	0.974197	3.2E-01	1.17534	2.8E-01
rs9312002	3	8137447	0.216149	G	A	0.563618	0.997543	0.0331789	8.6E-01	0.00125831	0.00406975	0.0955968	7.6E-01	0.0306544	8.6E-01
rs17609108	3	11626464	0.283018	T	C	0.855414	0.974514	1.30336	2.5E-01	0.00705746	0.00579288	1.48426	2.2E-01	1.70223	1.9E-01
rs11709077	3	12336507	0.297621	G	A	0.88091	0.996457	10.976	9.2E-04	0.0197289	0.00621985	10.0612	1.5E-03	11.0014	9.1E-04
rs2596902	3	12955982	0.303023	G	A	0.333814	0.991491	0.363141	5.5E-01	-0.00198997	0.00428584	0.215585	6.4E-01	0.2626	6.1E-01
rs2470539	3	15717844	0.355673	C	T	0.410497	0.996599	3.81359	5.1E-02	0.00827939	0.00411194	4.05419	4.4E-02	4.27305	3.9E-02
rs4858223	3	20581149	0.396076	C	T	0.671778	0.98174	5.27375	2.2E-02	0.00919617	0.00433775	4.49453	3.4E-02	5.91858	1.5E-02
rs6550943	3	25109249	0.461812	T	A	0.146823	0.996473	0.4407	5.1E-01	-0.00455975	0.00569007	0.642166	4.2E-01	0.471488	4.9E-01
rs11921432	3	35117776	0.5931	T	C	0.886271	0.984646	3.27414	7.0E-02	0.0111756	0.0063905	3.05822	8.0E-02	2.51409	1.1E-01
rs4377469	3	42303074	0.652846	G	T	0.112889	1	1.38316	2.4E-01	-0.00639601	0.00634725	1.01542	3.1E-01	1.09848	2.9E-01
rs33484	3	42417887	0.656606	G	A	0.522038	0.987598	5.04996	2.5E-02	0.00896042	0.00405217	4.88968	2.7E-02	5.12292	2.4E-02
rs9824340	3	43902170	0.666286	C	T	0.307972	0.994289	0.80613	3.7E-01	0.00257586	0.00437688	0.346349	5.6E-01	0.178007	6.7E-01
rs4858802	3	47641011	0.688054	T	C	0.684353	0.999724	2.02905	1.5E-01	0.00564526	0.00432732	1.70188	1.9E-01	1.53673	2.2E-01
rs4688760	3	49980596	0.690403	C	T	0.311095	0.994668	1.98459	1.6E-01	-0.00652352	0.00436204	2.23658	1.3E-01	2.36273	1.2E-01
rs12488237	3	56114861	0.741657	T	C	0.942917	1	0.00955621	9.2E-01	-0.00220393	0.00869234	0.0642867	8.0E-01	0.00983059	9.2E-01
rs12491542	3	61130247	0.807467	C	T	0.880318	0.985418	0.00641816	9.4E-01	-2.55959e-05	0.00624236	1.6813e-05	1.0E+00	0.00673921	9.3E-01
rs9968060	3	62471282	0.82953	C	T	0.356779	0.962185	0.414843	5.2E-01	-0.00290663	0.00429116	0.458808	5.0E-01	0.50382	4.8E-01
rs4688315	3	62688047	0.83655	C	T	0.214654	0.996323	0.359239	5.5E-01	0.00310627	0.00491288	0.399766	5.3E-01	0.284412	5.9E-01
rs13319996	3	77562191	1.05932	A	T	0.29492	0.996833	0.198029	6.6E-01	-0.00121545	0.00443114	0.0752392	7.8E-01	0.172255	6.8E-01
rs1512500	3	78419039	1.06507	G	T	0.890143	0.997052	0.784352	3.8E-01	-0.00571687	0.00647826	0.778753	3.8E-01	0.462096	5.0E-01
rs9850466	3	82532568	1.08223	T	C	0.662972	0.999678	0.0524065	8.2E-01	0.00130508	0.00425246	0.0941875	7.6E-01	0.115693	7.3E-01
rs7649296	3	84931731	1.08805	G	A	0.677947	0.997066	0.0758452	7.8E-01	0.000984341	0.00431082	0.0521399	8.2E-01	0.00414563	9.5E-01
rs62261676	3	85698577	1.08973	A	G	0.787904	0.994918	9.90032	1.7E-03	0.014361	0.00493729	8.4604	3.6E-03	7.72747	5.4E-03
rs1996761	3	89962587	1.10367	C	T	0.763473	1	1.97517	1.6E-01	-0.0074163	0.0047406	2.44741	1.2E-01	2.72235	9.9E-02
rs1946725	3	104605525	1.16628	T	C	0.696369	0.998159	0.0129065	9.1E-01	-0.000453933	0.00437438	0.0107684	9.2E-01	0.021795	8.8E-01
rs16850772	3	104736837	1.16712	T	G	0.313009	0.993369	0.294871	5.9E-01	-0.00275091	0.00437541	0.395289	5.3E-01	0.327485	5.7E-01
rs36131051	3	107888841	1.20196	T	G	0.795306	0.978115	5.98676	1.4E-02	0.0102604	0.00504567	4.13513	4.2E-02	4.56551	3.3E-02
rs114885158	3	114370599	1.259	G	A	0.919289	0.988206	11.0089	9.1E-04	0.025939	0.0074526	12.1141	5.0E-04	11.9229	5.5E-04
rs9289074	3	116858995	1.29335	C	T	0.755933	0.988931	1.04307	3.1E-01	0.00532525	0.00470269	1.28229	2.6E-01	0.937609	3.3E-01
rs11708733	3	128039895	1.41818	G	A	0.952759	0.983201	0.229254	6.3E-01	0.00248412	0.00958783	0.0671283	8.0E-01	0.213875	6.4E-01
rs6785191	3	131453556	1.44252	T	C	0.708876	0.972837	0.0506162	8.2E-01	-0.00270926	0.00450953	0.360944	5.5E-01	0.579475	4.5E-01
rs35837273	3	135878634	1.49383	T	C	0.835202	0.99437	0.956822	3.3E-01	-0.00660363	0.00544609	1.47026	2.3E-01	1.97519	1.6E-01
rs2312193	3	141188399	1.53815	T	C	0.613182	0.99475	9.03578	2.6E-03	-0.0113791	0.00415489	7.50062	6.2E-03	7.5956	5.9E-03
rs1568488	3	153657951	1.68298	G	C	0.405648	0.984335	4.674	3.1E-02	-0.00980428	0.00413642	5.61801	1.8E-02	5.63723	1.8E-02
rs13322475	3	156319803	1.70952	T	G	0.847879	0.997837	7.61866	5.8E-03	0.0157377	0.00561996	7.84181	5.1E-03	6.69802	9.7E-03
rs13100952	3	157800753	1.71783	T	C	0.634426	0.997074	4.18638	4.1E-02	-0.00788755	0.0041885	3.54623	6.0E-02	3.41806	6.4E-02
rs11921991	3	170499463	1.7977	C	T	0.888087	0.992745	0.515856	4.7E-01	-0.0042598	0.00640607	0.442175	5.1E-01	0.310514	5.8E-01
rs12635553	3	171113714	1.80841	A	T	0.49773	0.998999	0.728749	3.9E-01	-0.00444012	0.0040216	1.21897	2.7E-01	1.66387	2.0E-01
rs502414	3	180626951	1.95386	C	T	0.649412	0.993077	0.113146	7.4E-01	3.75994e-05	0.00423073	7.89826e-05	9.9E-01	0.00279598	9.6E-01
rs4859234	3	182311332	1.96951	C	T	0.674163	0.98584	0.783418	3.8E-01	0.00543873	0.00432368	1.5823	2.1E-01	1.62696	2.0E-01
rs1881973	3	184056101	1.99373	G	C	0.629738	0.976501	2.53694	1.1E-01	0.00751588	0.00422281	3.1678	7.5E-02	3.77847	5.2E-02
rs78615983	3	185733707	2.02087	T	A	0.856711	0.989326	0.520778	4.7E-01	0.0045168	0.00578859	0.608857	4.4E-01	0.429218	5.1E-01
rs950257	3	194847650	2.23885	T	A	0.728068	0.997849	2.82416	9.3E-02	0.00807237	0.00453224	3.17232	7.5E-02	2.90461	8.8E-02
rs6764533	3	196088464	2.24962	G	A	0.642998	0.998204	4.01725	4.5E-02	-0.00904076	0.00420713	4.61783	3.2E-02	4.66029	3.1E-02
rs12509447	4	2861090	0.0318387	G	A	0.810696	0.99398	1.42662	2.3E-01	-0.00590224	0.00515933	1.30872	2.5E-01	1.38245	2.4E-01
rs6818414	4	16600664	0.317111	T	C	0.507505	0.992506	0.780375	3.8E-01	-0.00261762	0.00404577	0.418612	5.2E-01	0.47758	4.9E-01
rs2192528	4	18327896	0.339411	A	G	0.477375	0.997272	1.45802	2.3E-01	-0.00405237	0.00403807	1.0071	3.2E-01	0.931021	3.3E-01
rs16876869	4	25118707	0.433802	C	T	0.863557	0.998491	3.97615	4.6E-02	-0.00986352	0.00588846	2.80583	9.4E-02	3.076	7.9E-02
rs2309830	4	28584523	0.489893	T	G	0.763499	0.995574	1.94015	1.6E-01	-0.00681863	0.00475061	2.06013	1.5E-01	1.83059	1.8E-01
rs4270551	4	30703243	0.511997	A	C	0.136232	0.990257	0.0374536	8.5E-01	-0.000452065	0.00590273	0.00586537	9.4E-01	0.00304444	9.6E-01
rs6531639	4	38556399	0.601586	G	A	0.752878	0.952325	0.0707011	7.9E-01	-0.00166126	0.00478284	0.120644	7.3E-01	0.00277574	9.6E-01
rs12498157	4	44430025	0.675923	T	A	0.253764	0.990835	0.353853	5.5E-01	-0.00391803	0.00464262	0.712211	4.0E-01	1.13055	2.9E-01
rs74715904	4	45178081	0.679816	A	G	0.906264	0.977125	0.674103	4.1E-01	-0.00800578	0.00699148	1.3112	2.5E-01	0.822105	3.6E-01
rs1492767	4	55221467	0.710006	C	T	0.493554	0.999056	0.00249352	9.6E-01	-0.00115595	0.00402128	0.0826323	7.7E-01	0.00498587	9.4E-01
rs2537860	4	55484718	0.714088	A	C	0.436237	0.974656	5.31052	2.1E-02	0.00814289	0.00410922	3.92681	4.8E-02	3.77326	5.2E-02
rs6551871	4	65643064	0.818795	C	A	0.675782	0.992173	0.449266	5.0E-01	0.00353142	0.00432594	0.666403	4.1E-01	0.48902	4.8E-01
rs6845883	4	67801500	0.836177	A	G	0.217603	0.990748	0.942575	3.3E-01	0.00435655	0.00489987	0.790528	3.7E-01	0.700079	4.0E-01
rs10033843	4	77028783	0.90134	G	A	0.798807	0.999649	1.77686	1.8E-01	-0.00491251	0.00502679	0.955049	3.3E-01	1.36872	2.4E-01
rs72649373	4	80609966	0.943324	T	C	0.85785	0.957198	4.09026	4.3E-02	-0.011328	0.00590547	3.67961	5.5E-02	3.39334	6.5E-02
rs1481012	4	89039082	1.03949	A	G	0.88825	0.994759	1.71135	1.9E-01	0.007673	0.0064116	1.43218	2.3E-01	1.23194	2.7E-01
rs10014552	4	94407841	1.08151	G	T	0.194146	0.979518	0.0269911	8.7E-01	-0.00101553	0.00513633	0.0390913	8.4E-01	0.11124	7.4E-01
rs2865330	4	95004716	1.08844	A	G	0.536062	0.999052	0.752324	3.9E-01	0.0037876	0.0040423	0.877951	3.5E-01	0.835687	3.6E-01
rs12513212	4	96149346	1.09853	A	C	0.594801	0.994888	0.272335	6.0E-01	-0.00188664	0.0041104	0.210674	6.5E-01	0.107039	7.4E-01
rs2850360	4	102216212	1.14871	A	G	0.852635	0.988759	0.297182	5.9E-01	-0.00234465	0.00571875	0.168095	6.8E-01	0.52242	4.7E-01
rs57957741	4	103164166	1.15814	G	A	0.473645	0.994208	10.5822	1.1E-03	0.0134389	0.00405515	10.9829	9.2E-04	12.498	4.1E-04
rs326872	4	112733434	1.24745	A	G	0.332672	0.993023	0.740541	3.9E-01	0.00241709	0.00429475	0.316745	5.7E-01	0.124703	7.2E-01
rs10022185	4	120571765	1.314	C	G	0.70701	0.996192	0.00380962	9.5E-01	-0.000192897	0.00444878	0.00188005	9.7E-01	0.0231619	8.8E-01
rs6534743	4	130714768	1.39824	G	A	0.707156	0.986974	6.12922	1.3E-02	-0.0100873	0.00444984	5.13876	2.3E-02	5.57073	1.8E-02
rs10018743	4	136972541	1.44304	G	A	0.63247	0.98831	1.91222	1.7E-01	0.00531473	0.00421463	1.59017	2.1E-01	1.77102	1.8E-01
rs769676	4	140856533	1.49522	A	G	0.738463	0.984882	0.00612139	9.4E-01	-0.000548156	0.0046313	0.0140089	9.1E-01	0.001315	9.7E-01
rs7375701	4	145260561	1.53722	G	A	0.280275	0.993669	4.51336	3.4E-02	0.010137	0.00450404	5.06542	2.4E-02	5.2292	2.2E-02
rs750090	4	152931436	1.59021	T	C	0.644559	0.97605	0.400025	5.3E-01	0.00256113	0.00424687	0.363684	5.5E-01	0.698161	4.0E-01
rs10024755	4	161931670	1.69375	C	G	0.777113	0.993719	0.663307	4.2E-01	0.00466309	0.00487122	0.91637	3.4E-01	0.796961	3.7E-01
rs148636479	4	164359678	1.72579	A	T	0.971622	0.876916	0.88937	3.5E-01	0.0127002	0.0129193	0.966369	3.3E-01	1.23712	2.7E-01
rs17630894	4	171532023	1.80674	T	G	0.862036	0.996667	5.23013	2.2E-02	0.0139762	0.0058575	5.6932	1.7E-02	5.99318	1.4E-02
rs6822571	4	173552902	1.82334	A	G	0.47883	0.997719	0.641342	4.2E-01	-0.00375658	0.00404406	0.862881	3.5E-01	0.768512	3.8E-01
rs16871902	5	3488462	0.0869448	G	A	0.512741	0.997953	7.74068	5.4E-03	-0.0108539	0.00403823	7.22428	7.2E-03	6.48114	1.1E-02
rs12109333	5	27166660	0.425295	T	C	0.716328	0.997419	0.971446	3.2E-01	-0.00448082	0.00448056	1.00011	3.2E-01	1.14817	2.8E-01
rs6451674	5	43110754	0.62057	C	T	0.315548	0.990686	1.04826	3.1E-01	-0.00334183	0.00435145	0.589795	4.4E-01	0.804424	3.7E-01
rs7704281	5	50591460	0.628051	G	A	0.959743	0.99038	2.00642	1.6E-01	-0.0127271	0.0103003	1.52674	2.2E-01	1.14894	2.8E-01
rs7734879	5	60711632	0.720162	C	A	0.63877	0.999176	0.192847	6.6E-01	-0.00153213	0.00419514	0.133381	7.1E-01	0.505661	4.8E-01
rs237976	5	62600850	0.738104	C	T	0.438642	0.998534	2.95671	8.6E-02	0.00687065	0.00405976	2.86415	9.1E-02	2.88455	8.9E-02
rs1459192	5	63944519	0.744046	C	T	0.669709	0.994464	1.32855	2.5E-01	0.00532228	0.00429307	1.53695	2.2E-01	1.57249	2.1E-01
rs4072296	5	74242002	0.858799	T	C	0.458782	0.938263	1.88752	1.7E-01	0.00548659	0.00416945	1.7316	1.9E-01	1.63007	2.0E-01
rs6889485	5	75129986	0.862025	G	A	0.565009	0.992761	4.60849	3.2E-02	0.00946428	0.00408946	5.35603	2.1E-02	4.49181	3.4E-02
rs7725126	5	80730191	0.955869	C	T	0.65455	0.987889	0.284342	5.9E-01	0.00271957	0.00425327	0.408841	5.2E-01	0.205747	6.5E-01
rs16876684	5	86563970	1.01135	T	G	0.987836	0.991014	8.16301	4.3E-03	-0.0497908	0.0184337	7.29582	6.9E-03	7.79068	5.3E-03
rs6882046	5	87968864	1.01539	A	G	0.733018	0.978462	2.70874	1.0E-01	-0.00688723	0.004612	2.23002	1.4E-01	2.66982	1.0E-01
rs142503704	5	92622421	1.04908	G	A	0.977168	0.959904	0.877865	3.5E-01	0.0113818	0.0137826	0.681962	4.1E-01	0.877471	3.5E-01
rs17383803	5	95393883	1.0716	T	C	0.907172	1	0.0162145	9.0E-01	-0.00261109	0.00693091	0.141926	7.1E-01	0.0594678	8.1E-01
rs1026534	5	95855091	1.0746	G	C	0.396969	0.999112	0.0839274	7.7E-01	-0.000827579	0.00411663	0.0404143	8.4E-01	0.0655927	8.0E-01
rs2545593	5	102054421	1.10814	A	T	0.568418	0.998323	2.7093	1.0E-01	0.00623295	0.00407355	2.34122	1.3E-01	2.15925	1.4E-01
rs4382152	5	106379106	1.13899	T	C	0.619397	1	0.681648	4.1E-01	0.00425795	0.00415588	1.04972	3.1E-01	1.17318	2.8E-01
rs1433057	5	107285076	1.15555	A	G	0.536635	0.987024	0.0275178	8.7E-01	0.000834116	0.00405975	0.0422138	8.4E-01	0.000126616	9.9E-01
rs6421825	5	107866060	1.15804	G	A	0.185771	0.999581	0.18391	6.7E-01	-0.00267244	0.00516793	0.267413	6.1E-01	0.247208	6.2E-01
rs459552	5	112176756	1.19663	T	A	0.231534	1	3.75457	5.3E-02	0.00897017	0.00477837	3.52405	6.0E-02	3.52059	6.1E-02
rs9327119	5	119309059	1.27778	C	G	0.4218	0.9872	0.390884	5.3E-01	0.0025921	0.00410761	0.398221	5.3E-01	0.446468	5.0E-01
rs13156484	5	122653399	1.3097	G	A	0.528207	0.979173	1.58954	2.1E-01	0.00465172	0.00407898	1.30054	2.5E-01	1.29508	2.6E-01
rs1422662	5	130440206	1.38534	A	G	0.785211	0.999034	0.340767	5.6E-01	0.00208855	0.00490843	0.181052	6.7E-01	0.215388	6.4E-01
rs1369126	5	136532351	1.44779	G	C	0.531574	0.995632	0.186696	6.7E-01	-0.000961931	0.00403487	0.0568366	8.1E-01	0.00150778	9.7E-01
rs11242420	5	137624513	1.45252	C	T	0.808209	0.997884	2.94535	8.6E-02	0.00874291	0.00512691	2.90803	8.8E-02	3.38906	6.6E-02
rs1895336	5	144465810	1.52134	A	G	0.597239	0.992794	0.524599	4.7E-01	-0.00369867	0.00413098	0.80165	3.7E-01	1.16788	2.8E-01
rs2579040	5	152515823	1.63419	T	A	0.27912	0.996176	0.590536	4.4E-01	0.00378291	0.00450163	0.706175	4.0E-01	1.14755	2.8E-01
rs17115481	5	153358226	1.64029	G	A	0.730277	0.993088	1.7337	1.9E-01	0.00664919	0.00455098	2.13465	1.4E-01	1.95069	1.6E-01
rs10515706	5	153578518	1.64141	C	T	0.572203	0.993087	7.8866	5.0E-03	0.0114077	0.00408823	7.78616	5.3E-03	8.12326	4.4E-03
rs766120	5	164548126	1.74957	G	A	0.379101	0.999276	1.69069	1.9E-01	0.00421942	0.00415874	1.02939	3.1E-01	1.1046	2.9E-01
rs2161214	5	170284624	1.86356	A	C	0.313895	0.997023	2.8681	9.0E-02	0.00759052	0.00434927	3.04587	8.1E-02	3.08326	7.9E-02
rs1966265	5	176516631	2.00003	G	A	0.754745	1	0.0442273	8.3E-01	-4.45893e-06	0.00467683	9.0899e-07	1.0E+00	0.000730591	9.8E-01
rs9463175	6	9510030	0.227745	C	T	0.661396	0.983753	0.466533	4.9E-01	0.00482679	0.00429755	1.26147	2.6E-01	1.09437	3.0E-01
rs12210300	6	12078686	0.272534	A	G	0.684962	1	1.63223	2.0E-01	0.00488452	0.00433829	1.26767	2.6E-01	1.33713	2.5E-01
rs62385532	6	13161394	0.290635	G	A	0.710645	0.991949	1.98887	1.6E-01	0.00506159	0.00446048	1.28769	2.6E-01	1.6413	2.0E-01
rs4134939	6	20481825	0.408952	T	C	0.316831	0.973957	0.237312	6.3E-01	-0.00126181	0.00439036	0.0826013	7.7E-01	0.0519777	8.2E-01
rs1185976	6	25822363	0.492387	C	T	0.706333	0.999554	0.26121	6.1E-01	0.000664913	0.00442011	0.0226289	8.8E-01	0.000885484	9.8E-01
rs1233587	6	28719755	0.498924	A	T	0.710277	0.999303	2.47476	1.2E-01	0.00579989	0.00443897	1.70716	1.9E-01	1.80818	1.8E-01
rs3115667	6	31643399	0.515597	T	C	0.278811	1	7.96101	4.8E-03	-0.0107351	0.00448391	5.73187	1.7E-02	5.49511	1.9E-02
rs11757081	6	33459420	0.531358	A	T	0.750981	0.997671	0.840674	3.6E-01	-0.00481652	0.00465547	1.07038	3.0E-01	0.744256	3.9E-01
rs2499714	6	34072215	0.543389	C	T	0.908411	0.988109	0.0600589	8.1E-01	-0.00145228	0.00701482	0.0428619	8.4E-01	0.181387	6.7E-01
rs11758326	6	34482498	0.547552	A	G	0.912598	0.986128	2.34322	1.3E-01	-0.0120349	0.00719061	2.80128	9.4E-02	2.31186	1.3E-01
rs2395628	6	35473252	0.551863	C	T	0.698599	0.994251	0.0166331	9.0E-01	-0.000355876	0.00438996	0.00657167	9.4E-01	0.0518027	8.2E-01
rs1433723	6	40350399	0.614243	T	C	0.710236	0.996612	10.7483	1.0E-03	0.0140199	0.00445275	9.91369	1.6E-03	9.96107	1.6E-03
rs11963572	6	46302448	0.722776	T	C	0.491919	0.993234	0.212376	6.4E-01	0.000759688	0.00404749	0.0352289	8.5E-01	0.380882	5.4E-01
rs17664591	6	50183721	0.747534	G	T	0.956925	0.99128	0.254913	6.1E-01	-0.00638078	0.00997917	0.408845	5.2E-01	0.205272	6.5E-01
rs280280	6	50569828	0.750317	C	T	0.165805	0.992937	1.59937	2.1E-01	0.00795297	0.00544105	2.13645	1.4E-01	2.51117	1.1E-01
rs149750300	6	50717074	0.7506	A	G	0.984095	0.986819	1.82538	1.8E-01	-0.0168833	0.0162021	1.08586	3.0E-01	1.38519	2.4E-01
rs9361779	6	64159064	0.812363	C	A	0.457314	0.997526	0.39146	5.3E-01	-0.0019977	0.0040606	0.242036	6.2E-01	0.652305	4.2E-01
rs3883872	6	83322002	0.934204	C	T	0.538241	0.979395	0.695238	4.0E-01	-0.00477311	0.00408451	1.3656	2.4E-01	0.576093	4.5E-01
rs9362662	6	90296588	0.987815	A	G	0.479556	0.991565	2.71846	9.9E-02	0.00568246	0.00403991	1.97847	1.6E-01	1.63359	2.0E-01
rs1324110	6	93913200	1.03177	G	C	0.55584	0.990874	0.725581	3.9E-01	0.00305007	0.00407431	0.560418	4.5E-01	0.465723	4.9E-01
rs1206133	6	97543137	1.05873	C	T	0.24581	0.972297	3.4193	6.4E-02	0.00827537	0.00473826	3.05026	8.1E-02	3.41004	6.5E-02
rs9320747	6	98310291	1.06181	T	G	0.532837	0.993884	0.177879	6.7E-01	0.00112481	0.00405407	0.0769796	7.8E-01	0.149485	7.0E-01
rs156128	6	104836826	1.11693	G	A	0.245638	0.999684	5.45378	2.0E-02	-0.010723	0.00468857	5.2306	2.2E-02	4.60984	3.2E-02
rs1575676	6	108861264	1.17848	C	T	0.629055	0.997454	1.1225	2.9E-01	0.00498833	0.00417029	1.43079	2.3E-01	1.31145	2.5E-01
rs9387640	6	119508871	1.25792	C	T	0.634761	1	2.30179	1.3E-01	-0.00526802	0.00419731	1.57526	2.1E-01	1.16046	2.8E-01
rs2875762	6	124925032	1.30799	G	C	0.757629	0.990596	2.67573	1.0E-01	-0.00667793	0.00472386	1.99843	1.6E-01	1.59352	2.1E-01
rs4895799	6	126052729	1.32459	C	T	0.415289	0.992315	0.0674774	8.0E-01	-0.000219259	0.00410525	0.00285257	9.6E-01	0.014378	9.0E-01
rs6569648	6	130349119	1.35981	C	T	0.239855	1	3.70888	5.4E-02	-0.00877632	0.00470257	3.483	6.2E-02	3.40083	6.5E-02
rs2781659	6	131891820	1.37734	A	G	0.688059	1	0.00225381	9.6E-01	0.000566289	0.00434736	0.0169678	9.0E-01	0.0177637	8.9E-01
rs11754747	6	141494602	1.50941	C	T	0.744216	0.987686	1.97999	1.6E-01	-0.007034	0.00465378	2.28451	1.3E-01	2.37359	1.2E-01
rs12194419	6	143148142	1.51953	G	A	0.727002	0.984742	0.453456	5.0E-01	-0.00349968	0.00455744	0.58968	4.4E-01	1.0554	3.0E-01
rs2256216	6	147471730	1.55898	A	G	0.462483	0.956666	3.62998	5.7E-02	-0.00756122	0.00413351	3.34615	6.7E-02	3.25043	7.1E-02
rs7755574	6	153364643	1.66311	G	T	0.718556	0.997121	7.83124	5.1E-03	-0.0115841	0.00449762	6.6338	1.0E-02	6.59546	1.0E-02
rs12207125	6	154301575	1.6763	A	G	0.781403	0.992451	0.995857	3.2E-01	-0.00476497	0.00489099	0.949131	3.3E-01	0.533577	4.7E-01
rs450265	6	160736359	1.77422	C	T	0.483528	0.999936	3.34445	6.7E-02	-0.00764665	0.00403191	3.59685	5.8E-02	4.14438	4.2E-02
rs34540135	6	162934351	1.81802	A	G	0.873967	0.966582	1.70209	1.9E-01	0.00736751	0.00618124	1.42066	2.3E-01	1.70227	1.9E-01
rs6950388	7	1270699	0.0137006	G	A	0.203901	1	5.04101	2.5E-02	-0.0126892	0.00500181	6.43596	1.1E-02	8.19501	4.2E-03
rs7807190	7	1851461	0.0275157	A	G	0.787679	0.988996	4.60098	3.2E-02	0.0112524	0.00494474	5.17846	2.3E-02	4.38824	3.6E-02
rs4722398	7	3125220	0.0523222	C	T	0.865235	1	0.0942622	7.6E-01	-0.00159218	0.00590359	0.0727361	7.9E-01	0.272079	6.0E-01
rs118182061	7	14655786	0.275253	T	A	0.975008	0.988845	0.292347	5.9E-01	-0.00667305	0.0130097	0.263095	6.1E-01	0.386497	5.3E-01
rs10950690	7	17981310	0.324065	C	G	0.514129	0.9923	52.2576	4.9E-13	0.0286836	0.00403959	50.4186	1.2E-12	52.0438	5.4E-13
rs10241729	7	32289879	0.544096	A	G	0.780068	0.986162	0.414771	5.2E-01	-0.00388649	0.00490265	0.628424	4.3E-01	0.313797	5.8E-01
rs1019083	7	39414081	0.63582	A	G	0.84633	0.989979	2.5327	1.1E-01	0.00675337	0.0056067	1.45086	2.3E-01	1.86426	1.7E-01
rs710888	7	44777556	0.700884	A	G	0.422452	0.98989	6.12344	1.3E-02	-0.01022	0.00410038	6.21238	1.3E-02	5.95928	1.5E-02
rs2189833	7	49507651	0.755765	G	A	0.334039	0.996219	0.197505	6.6E-01	-0.00104666	0.00427829	0.0598507	8.1E-01	0.0157446	9.0E-01
rs1466163	7	50607206	0.766828	A	G	0.11686	0.995864	0.136893	7.1E-01	-0.0024451	0.00629458	0.150889	7.0E-01	0.29692	5.9E-01
rs10259748	7	69281111	0.866623	T	G	0.679055	0.998943	10.1348	1.5E-03	-0.0138042	0.0043076	10.2696	1.4E-03	10.1328	1.5E-03
rs4718966	7	70040558	0.868636	C	T	0.585931	0.992694	0.170345	6.8E-01	0.00245283	0.00410916	0.356311	5.5E-01	0.254679	6.1E-01
rs3973896	7	71428960	0.890229	C	G	0.828074	0.969349	0.419976	5.2E-01	-0.00259827	0.00542011	0.229802	6.3E-01	0.109839	7.4E-01
rs28584911	7	74081407	0.91304	T	G	0.655577	0.99949	1.92847	1.6E-01	-0.00547537	0.00424459	1.66401	2.0E-01	2.25948	1.3E-01
rs77497827	7	75038408	0.913217	A	G	0.535049	0.806181	2.88965	8.9E-02	-0.00752465	0.00448629	2.81318	9.3E-02	3.15982	7.5E-02
rs10260232	7	78120735	0.952444	C	T	0.495546	0.987744	0.553784	4.6E-01	-0.00146295	0.00405975	0.129855	7.2E-01	0.0852962	7.7E-01
rs2158045	7	93082708	1.09422	C	T	0.524967	0.990979	0.01696	9.0E-01	-0.000223964	0.00405274	0.00305393	9.6E-01	8.83308e-05	9.9E-01
rs917154	7	99020806	1.15524	A	G	0.844107	0.995198	0.252713	6.2E-01	-0.00103484	0.00556989	0.0345185	8.5E-01	0.00202307	9.6E-01
rs17155888	7	103416295	1.18694	T	A	0.57496	0.98913	0.0516533	8.2E-01	0.00195037	0.00409045	0.227349	6.3E-01	0.191675	6.6E-01
rs1608891	7	112795334	1.29284	G	A	0.679188	0.983328	2.85342	9.1E-02	-0.0068978	0.00435306	2.51091	1.1E-01	2.65429	1.0E-01
rs6944092	7	113483569	1.2996	A	G	0.629013	0.997581	0.0395718	8.4E-01	0.00145398	0.00417369	0.12136	7.3E-01	0.203752	6.5E-01
rs936146	7	114294405	1.30462	G	C	0.52517	0.98912	0.401105	5.3E-01	-0.00435733	0.00405463	1.15488	2.8E-01	1.4248	2.3E-01
rs896183	7	127831580	1.37625	G	A	0.578819	0.975804	1.57373	2.1E-01	-0.00594791	0.00413004	2.07405	1.5E-01	2.21039	1.4E-01
rs1814170	7	138794149	1.52056	A	T	0.899466	0.983775	1.44935	2.3E-01	0.00722367	0.0067378	1.14942	2.8E-01	1.21589	2.7E-01
rs9640171	7	150600845	1.6794	G	A	0.719327	0.982269	3.79516	5.1E-02	0.00913779	0.00453237	4.06472	4.4E-02	5.07141	2.4E-02
rs1658820	8	4288577	0.1172	G	T	0.755687	0.985142	0.2004	6.5E-01	-0.00197625	0.00472384	0.175021	6.8E-01	0.207236	6.5E-01
rs2980436	8	8092025	0.237424	G	A	0.545084	0.992022	0.0646188	8.0E-01	-0.00189579	0.00406456	0.217548	6.4E-01	0.247489	6.2E-01
rs34803352	8	14042304	0.362732	T	C	0.655661	0.989136	4.94406	2.6E-02	-0.0104726	0.00426234	6.03687	1.4E-02	6.49396	1.1E-02
rs4258002	8	15493417	0.380515	G	T	0.855263	0.998595	0.178012	6.7E-01	0.00296586	0.00572215	0.268648	6.0E-01	0.189122	6.6E-01
rs1470687	8	20628793	0.485499	C	G	0.669974	0.991276	1.5811	2.1E-01	0.00432125	0.00429954	1.01013	3.1E-01	0.847591	3.6E-01
rs13250995	8	23329985	0.54132	G	A	0.824719	0.988818	0.842868	3.6E-01	-0.00536818	0.00532411	1.01662	3.1E-01	0.742518	3.9E-01
rs17411738	8	28060572	0.603281	T	G	0.543762	1	2.81219	9.4E-02	0.0059709	0.00403977	2.18457	1.4E-01	1.57723	2.1E-01
rs17647894	8	30820168	0.644882	C	A	0.5703	0.997844	1.57613	2.1E-01	0.0036762	0.00406774	0.816753	3.7E-01	1.02595	3.1E-01
rs4647906	8	38325411	0.694629	G	A	0.597349	0.997516	2.19522	1.4E-01	-0.00588478	0.0040986	2.06152	1.5E-01	2.51301	1.1E-01
rs10216609	8	62034284	0.850754	C	A	0.846841	0.996244	4.15658	4.1E-02	-0.0135555	0.00560815	5.84244	1.6E-02	6.33382	1.2E-02
rs7822926	8	64701966	0.867188	A	C	0.529057	0.995395	9.41001	2.2E-03	0.0122099	0.00405164	9.08161	2.6E-03	8.74318	3.1E-03
rs2017657	8	73426371	0.974058	G	T	0.426163	1	9.00658	2.7E-03	0.0128659	0.00408304	9.92913	1.6E-03	8.77593	3.1E-03
rs2170382	8	74689288	0.991459	C	T	0.885523	0.995074	9.42325	2.1E-03	-0.0189228	0.00635028	8.87948	2.9E-03	10.014	1.6E-03
rs1813039	8	76295984	1.00648	G	A	0.289677	0.988819	0.255243	6.1E-01	-0.0022065	0.00446346	0.24438	6.2E-01	0.0457675	8.3E-01
rs7833023	8	85053241	1.06276	C	A	0.274821	0.994182	0.128781	7.2E-01	0.00271593	0.00453612	0.358484	5.5E-01	0.116361	7.3E-01
rs4286925	8	93237876	1.10371	A	G	0.664213	0.999539	2.98815	8.4E-02	0.00828115	0.00426482	3.77034	5.2E-02	4.04061	4.4E-02
rs113630732	8	95496030	1.1287	G	A	0.762487	0.987676	1.19639	2.7E-01	0.00645234	0.00475771	1.83924	1.8E-01	1.92506	1.7E-01
rs1383592	8	106430676	1.25808	G	A	0.797477	0.997356	4.41383	3.6E-02	-0.00897362	0.00499992	3.22114	7.3E-02	3.52522	6.0E-02
rs231144	8	116416131	1.31481	T	C	0.197236	0.979876	15.7941	7.1E-05	-0.019995	0.00511852	15.2601	9.4E-05	15.1216	1.0E-04
rs2001945	8	126477978	1.45319	G	C	0.478862	1	32.0666	1.5E-08	0.0222896	0.00402967	30.596	3.2E-08	31.9334	1.6E-08
rs7823706	8	132874175	1.55933	G	C	0.900832	0.994274	0.043179	8.4E-01	-0.00189066	0.00677529	0.0778699	7.8E-01	0.100804	7.5E-01
rs13266268	8	142611971	1.73096	C	T	0.612047	0.936385	0.0186943	8.9E-01	-0.00147199	0.00427579	0.118517	7.3E-01	0.0706834	7.9E-01
rs4072917	8	143300279	1.7496	G	A	0.525555	0.990762	0.417805	5.2E-01	-0.00286987	0.00404323	0.503812	4.8E-01	0.272712	6.0E-01
rs7037266	9	6942940	0.164689	C	A	0.638295	0.99833	0.068177	7.9E-01	0.00119118	0.00419187	0.0807493	7.8E-01	0.0165897	9.0E-01
rs1352522	9	11265159	0.255425	A	T	0.472109	0.994616	0.0607966	8.1E-01	-0.000642025	0.00406067	0.0249981	8.7E-01	0.0112874	9.2E-01
rs10810392	9	15529852	0.34171	G	A	0.70236	0.998296	3.45612	6.3E-02	0.00910979	0.00441076	4.2657	3.9E-02	3.51948	6.1E-02
rs10962547	9	16712247	0.359896	T	A	0.827268	0.993311	2.13639	1.4E-01	-0.0070037	0.00533461	1.72365	1.9E-01	1.42403	2.3E-01
rs10965693	9	23194860	0.454296	C	T	0.628014	0.995687	4.21587	4.0E-02	0.00844042	0.0041795	4.0783	4.3E-02	2.98793	8.4E-02
rs1342097	9	27748698	0.533307	A	T	0.527835	0.986968	0.136647	7.1E-01	-0.00192046	0.00405869	0.223892	6.4E-01	0.130995	7.2E-01
rs2383827	9	29628356	0.55829	A	G	0.577794	0.982182	0.0285216	8.7E-01	-0.000339563	0.00411636	0.0068048	9.3E-01	0.00254489	9.6E-01
rs10973183	9	37066231	0.624601	T	C	0.461642	0.99687	0.0844391	7.7E-01	-0.000894227	0.00404342	0.04891	8.2E-01	0.0169532	9.0E-01
rs7038966	9	73777777	0.840061	C	T	0.590126	0.987057	1.26569	2.6E-01	-0.00499502	0.0041291	1.4634	2.3E-01	1.78351	1.8E-01
rs10116186	9	80532374	0.931287	A	G	0.456662	0.990981	1.16326	2.8E-01	-0.00413453	0.0040524	1.04094	3.1E-01	0.998421	3.2E-01
rs12342093	9	81341229	0.940469	G	T	0.587897	0.986826	1.88671	1.7E-01	0.0055916	0.00412619	1.83643	1.8E-01	1.46466	2.3E-01
rs2777768	9	84186734	0.972648	A	G	0.731104	0.99467	0.0422768	8.4E-01	0.000792261	0.00456145	0.0301668	8.6E-01	0.178972	6.7E-01
rs13283585	9	92011763	1.08794	G	A	0.776059	0.992567	4.35174	3.7E-02	-0.0103976	0.00484491	4.60569	3.2E-02	3.63028	5.7E-02
rs10820852	9	94186973	1.11918	C	A	0.724507	0.995129	2.04119	1.5E-01	0.0070288	0.00453163	2.40576	1.2E-01	2.81973	9.3E-02
rs11999013	9	96154352	1.13313	A	C	0.83665	0.993837	2.00046	1.6E-01	-0.00673158	0.00546164	1.51911	2.2E-01	1.40177	2.4E-01
rs13298187	9	102086525	1.19449	G	C	0.557964	0.995745	0.402383	5.3E-01	0.00255123	0.00406707	0.393492	5.3E-01	0.286851	5.9E-01
rs1484375	9	109067561	1.25942	A	G	0.222288	1	1.07315	3.0E-01	0.00428336	0.00484785	0.780676	3.8E-01	0.911528	3.4E-01
rs2417998	9	111958746	1.3058	C	G	0.292548	0.991129	0.014101	9.1E-01	0.000796331	0.00446217	0.0318489	8.6E-01	0.0534368	8.2E-01
rs28693508	9	120361418	1.43341	C	G	0.660764	0.99984	1.14005	2.9E-01	0.00549475	0.00424456	1.67583	2.0E-01	1.74442	1.9E-01
rs7864914	9	122631415	1.46605	A	G	0.895914	0.994445	0.145198	7.0E-01	-0.00202419	0.00663648	0.0930309	7.6E-01	0.0103981	9.2E-01
rs10985963	9	126081738	1.50258	C	T	0.655668	1	0.0745661	7.8E-01	0.00090877	0.00424041	0.0459296	8.3E-01	0.196976	6.6E-01
rs10986291	9	127016271	1.51402	A	T	0.663493	0.998445	0.00234146	9.6E-01	-0.000553476	0.00426913	0.0168081	9.0E-01	0.0505218	8.2E-01
rs3003606	9	130982416	1.5501	C	T	0.447842	0.997618	0.684616	4.1E-01	0.00343624	0.00406794	0.713538	4.0E-01	1.40599	2.4E-01
rs2210625	10	10256274	0.226551	A	C	0.83048	0.994947	0.650841	4.2E-01	-0.00394195	0.00538329	0.5362	4.6E-01	0.378006	5.4E-01
rs10904791	10	16722347	0.376643	A	C	0.330661	0.975889	2.43953	1.2E-01	-0.00710847	0.00433524	2.68859	1.0E-01	3.08522	7.9E-02
rs12761995	10	21690509	0.466409	A	C	0.833819	0.987021	5.4426	2.0E-02	-0.0128722	0.00544588	5.58691	1.8E-02	5.95462	1.5E-02
rs4097319	10	33860515	0.618889	T	G	0.565846	0.995031	1.51229	2.2E-01	0.00529599	0.00408043	1.68454	1.9E-01	1.83197	1.8E-01
rs17231072	10	33951730	0.620984	A	C	0.842226	0.991796	3.82802	5.0E-02	-0.0120359	0.00554321	4.71445	3.0E-02	3.0774	7.9E-02
rs10763587	10	52356264	0.733349	C	T	0.690787	0.970215	2.54512	1.1E-01	-0.0065361	0.00442604	2.18075	1.4E-01	2.72636	9.9E-02
rs1937683	10	53679060	0.748396	C	T	0.334981	1	0.0240967	8.8E-01	-0.000734852	0.00428242	0.0294457	8.6E-01	0.0268706	8.7E-01
rs7070670	10	61842645	0.8423	C	T	0.672129	0.984388	3.12442	7.7E-02	0.00775477	0.00431189	3.23446	7.2E-02	3.50804	6.1E-02
rs4746865	10	64834173	0.870392	G	A	0.599382	0.999286	42.4945	7.1E-11	0.0270629	0.00411721	43.2058	4.9E-11	41.168	1.4E-10
rs7090106	10	75720956	0.999154	A	T	0.787205	0.991026	0.288355	5.9E-01	-0.00234657	0.0049324	0.226334	6.3E-01	0.268314	6.0E-01
rs7075347	10	76533307	1.00123	C	T	0.934809	1	0.795989	3.7E-01	0.00502757	0.00815779	0.379815	5.4E-01	0.113418	7.4E-01
rs12412597	10	87339257	1.13684	G	A	0.949687	0.989888	0.000100682	9.9E-01	0.00123011	0.0092654	0.0176264	8.9E-01	0.14426	7.0E-01
rs10887571	10	88030441	1.14705	C	T	0.553302	0.979368	1.81202	1.8E-01	-0.00675968	0.00408418	2.73932	9.8E-02	2.97966	8.4E-02
rs2450444	10	93010383	1.20287	G	A	0.650548	0.997815	5.43453	2.0E-02	0.00963038	0.0042169	5.21554	2.2E-02	5.75286	1.6E-02
rs472818	10	99695057	1.26982	T	C	0.578411	0.981176	2.53417	1.1E-01	-0.00725671	0.00411232	3.1139	7.8E-02	3.26994	7.1E-02
rs72844408	10	102425467	1.29272	G	A	0.778973	0.986164	4.66915	3.1E-02	-0.0100587	0.0048812	4.24649	3.9E-02	4.5129	3.4E-02
rs2296580	10	104241683	1.30539	G	T	0.700739	0.999674	1.32092	2.5E-01	-0.00520319	0.00440649	1.3943	2.4E-01	2.19762	1.4E-01
rs192569	10	104577915	1.30605	T	C	0.420829	0.996118	0.1253	7.2E-01	-0.00229982	0.00409568	0.315307	5.7E-01	0.409615	5.2E-01
rs34820178	10	113901194	1.38373	C	T	0.75407	0.994882	68.9346	1.0E-16	0.0395482	0.00468819	71.1613	3.3E-17	73.2398	1.1E-17
rs7917983	10	114732882	1.3977	T	C	0.531909	1	0.601639	4.4E-01	-0.00257686	0.00403226	0.408397	5.2E-01	0.640032	4.2E-01
rs1637556	10	118568352	1.45195	G	A	0.562841	0.989119	0.956056	3.3E-01	0.00405709	0.00407796	0.989791	3.2E-01	0.569842	4.5E-01
rs845094	10	125206933	1.57263	C	T	0.578488	0.99077	5.78061	1.6E-02	-0.00962799	0.00409587	5.52559	1.9E-02	5.27689	2.2E-02
rs7923382	10	126576503	1.61167	T	C	0.770308	1	3.08107	7.9E-02	0.00695579	0.00479088	2.10796	1.5E-01	1.97605	1.6E-01
rs2028395	10	126726558	1.61328	G	C	0.553102	0.997728	7.08506	7.8E-03	-0.0107692	0.00405372	7.05763	7.9E-03	8.10567	4.4E-03
rs2252305	10	131114131	1.7313	A	G	0.34019	0.976818	0.279594	6.0E-01	-0.00303524	0.00429707	0.498931	4.8E-01	0.633766	4.3E-01
rs10902221	11	802379	0.0108629	T	C	0.487789	0.998916	0.0315598	8.6E-01	-0.000296646	0.00404541	0.00537713	9.4E-01	0.0282932	8.7E-01
rs7126629	11	2228952	0.0544298	C	A	0.181022	0.993387	12.0281	5.2E-04	0.0180589	0.00525011	11.8317	5.8E-04	11.8619	5.7E-04
rs7938031	11	8366148	0.188301	C	T	0.68318	0.996274	1.39789	2.4E-01	0.00633439	0.00434309	2.12722	1.4E-01	2.04441	1.5E-01
rs4586148	11	8430938	0.18954	C	A	0.946845	0.99847	1.73878	1.9E-01	-0.00983399	0.00899328	1.1957	2.7E-01	0.980653	3.2E-01
rs7484027	11	17368381	0.298183	T	A	0.5558	0.993279	1.92977	1.6E-01	0.00518011	0.00407162	1.61861	2.0E-01	1.62539	2.0E-01
rs35298551	11	27224030	0.462668	T	C	0.844471	1	4.38028	3.6E-02	0.0115217	0.00555816	4.29703	3.8E-02	5.66075	1.7E-02
rs558887	11	28712741	0.468359	A	G	0.692542	0.992085	0.0228515	8.8E-01	-0.00094653	0.0043866	0.0465601	8.3E-01	0.151628	7.0E-01
rs67670125	11	30214914	0.478895	C	T	0.77199	0.995153	0.559078	4.5E-01	0.0031702	0.00480779	0.434793	5.1E-01	0.363741	5.5E-01
rs982243	11	43529703	0.620806	A	G	0.508132	0.998514	1.86806	1.7E-01	-0.00656909	0.00403005	2.65699	1.0E-01	2.64411	1.0E-01
rs2679055	11	43610813	0.622009	T	C	0.545816	0.999238	1.45945	2.3E-01	0.00390849	0.00405197	0.930435	3.3E-01	1.46952	2.3E-01
rs10838201	11	43937089	0.623077	A	T	0.566417	0.994597	2.71757	9.9E-02	-0.00668107	0.00408446	2.67561	1.0E-01	2.79043	9.5E-02
rs6485613	11	45337440	0.656974	C	T	0.176517	0.997513	0.108901	7.4E-01	-0.00121084	0.00528232	0.0525444	8.2E-01	0.139736	7.1E-01
rs2071304	11	47372377	0.665184	G	C	0.680113	0.982508	30.8467	2.8E-08	-0.0247623	0.00433692	32.6	1.1E-08	33.2936	7.9E-09
rs174528	11	61543499	0.703973	T	C	0.622738	0.995598	155.807	9.3E-36	-0.0518544	0.00415484	155.762	9.5E-36	160.094	1.1E-36
rs11227199	11	65238121	0.737843	G	A	0.799524	0.999748	0.260194	6.1E-01	-0.00221379	0.00504405	0.192625	6.6E-01	0.329598	5.7E-01
rs4980662	11	69307011	0.764582	G	C	0.491849	0.994721	4.12189	4.2E-02	-0.00829912	0.00404004	4.21981	4.0E-02	4.09405	4.3E-02
rs7942337	11	76465272	0.842642	C	T	0.78322	0.971559	0.487804	4.8E-01	0.00390915	0.00496603	0.619648	4.3E-01	1.14256	2.9E-01
rs10898317	11	84613479	0.936326	C	T	0.485862	1	0.644508	4.2E-01	0.00358486	0.00403854	0.787946	3.7E-01	0.475644	4.9E-01
rs61903695	11	89922417	0.975709	A	G	0.744306	0.999211	3.61614	5.7E-02	-0.00976982	0.00462231	4.4674	3.5E-02	4.21792	4.0E-02
rs2513999	11	103019633	1.1154	A	G	0.152447	0.996865	3.37152	6.6E-02	-0.0114251	0.00561048	4.14688	4.2E-02	4.51814	3.4E-02
rs719802	11	113234679	1.20429	T	C	0.385921	1	0.0805277	7.8E-01	0.00106332	0.00413343	0.0661775	8.0E-01	0.0208058	8.9E-01
rs2507887	11	114961537	1.22996	T	C	0.521825	0.996335	0.502024	4.8E-01	-0.00352015	0.00403814	0.759906	3.8E-01	0.766238	3.8E-01
rs139118317	11	116399521	1.25458	C	T	0.98937	0.917436	55.2357	1.1E-13	-0.15132	0.0204471	54.7685	1.4E-13	55.7131	8.4E-14
rs10750446	11	130706918	1.51208	T	C	0.489006	0.998451	1.25039	2.6E-01	0.00453895	0.00402197	1.2736	2.6E-01	1.18174	2.8E-01
rs1040103	11	131442151	1.53674	A	G	0.461781	0.994917	9.13289	2.5E-03	-0.0130823	0.00404496	10.4602	1.2E-03	10.7218	1.1E-03
rs7941631	11	131930432	1.54756	G	C	0.691466	0.996305	0.0145147	9.0E-01	-0.000143259	0.0043629	0.00107818	9.7E-01	0.00567997	9.4E-01
rs3088353	12	862641	0.0207663	T	G	0.540089	0.945945	0.262354	6.1E-01	-0.00239581	0.00415279	0.33283	5.6E-01	0.281439	6.0E-01
rs12422552	12	14413931	0.308896	G	C	0.732829	0.993361	3.51562	6.1E-02	0.00927053	0.00457855	4.09971	4.3E-02	4.40308	3.6E-02
rs10846451	12	17099885	0.336898	A	G	0.700154	0.983369	7.70548	5.5E-03	0.0120504	0.00444625	7.34544	6.7E-03	7.83138	5.1E-03
rs6486935	12	19209501	0.354456	T	A	0.252354	0.994884	0.50993	4.8E-01	-0.00440223	0.00464803	0.89703	3.4E-01	1.18848	2.8E-01
rs16926776	12	24001905	0.419584	C	T	0.923178	1	7.04001e-05	9.9E-01	0.000831637	0.00757355	0.0120578	9.1E-01	0.000579605	9.8E-01
rs6488140	12	33370406	0.544222	G	A	0.878388	0.997569	1.55654	2.1E-01	-0.00518944	0.0061687	0.707707	4.0E-01	0.885953	3.5E-01
rs76573653	12	49380073	0.624418	T	G	0.961609	1	0.51085	4.7E-01	0.00608669	0.0105003	0.336012	5.6E-01	0.416011	5.2E-01
rs2720296	12	50169070	0.630128	G	A	0.609758	0.950295	3.11194	7.8E-02	-0.00624962	0.00422952	2.18336	1.4E-01	2.48101	1.2E-01
rs113397893	12	57611285	0.721064	A	G	0.9212	0.973344	1.22446	2.7E-01	0.0100112	0.00756456	1.75148	1.9E-01	1.55759	2.1E-01
rs7979776	12	68205353	0.825207	G	T	0.177617	0.996558	2.54507	1.1E-01	0.00735372	0.00529001	1.93242	1.6E-01	2.69619	1.0E-01
rs61754230	12	72179446	0.876527	C	T	0.980435	1	0.0248885	8.7E-01	-0.003492	0.0145096	0.0579215	8.1E-01	0.144011	7.0E-01
rs11115160	12	82424100	0.983055	G	A	0.761725	0.987625	1.75797	1.8E-01	0.00560937	0.00475926	1.38915	2.4E-01	1.38207	2.4E-01
rs704067	12	89726027	1.03172	G	A	0.54643	0.989595	0.034455	8.5E-01	-0.000348971	0.00406891	0.0073557	9.3E-01	0.0018221	9.7E-01
rs11105846	12	91257268	1.04236	G	T	0.632238	0.98376	1.77791	1.8E-01	0.00513218	0.00422137	1.47808	2.2E-01	1.13101	2.9E-01
rs1420341	12	97913785	1.14795	C	T	0.171739	0.989054	0.729726	3.9E-01	0.00460914	0.00536858	0.737091	3.9E-01	0.806007	3.7E-01
rs10735363	12	99524896	1.16631	T	C	0.334204	1	3.27769	7.0E-02	0.00658215	0.00427405	2.37168	1.2E-01	2.28103	1.3E-01
rs1895951	12	108268689	1.27225	T	C	0.779282	0.981758	0.0815636	7.8E-01	0.000691697	0.00491238	0.0198266	8.9E-01	0.0875024	7.7E-01
rs3825393	12	109883374	1.29241	T	C	0.362954	1	1.55293	2.1E-01	0.00594894	0.004184	2.0216	1.6E-01	2.30497	1.3E-01
rs10850838	12	110278812	1.29736	C	T	0.686864	0.989427	0.0397166	8.4E-01	-0.000537379	0.00437804	0.0150661	9.0E-01	1.57887e-05	1.0E+00
rs11066188	12	112610714	1.303	G	A	0.591057	0.996937	13.4429	2.5E-04	-0.0152987	0.00411004	13.8554	2.0E-04	15.1619	9.9E-05
rs144782841	12	121633581	1.45609	C	G	0.874501	0.99275	1.96687	1.6E-01	-0.0103417	0.00611128	2.86363	9.1E-02	3.10413	7.8E-02
rs181617194	12	122011598	1.46244	T	C	0.959381	0.835918	0.697215	4.0E-01	-0.0140928	0.0111585	1.59506	2.1E-01	1.05863	3.0E-01
rs7953379	12	123030285	1.46756	A	G	0.647007	0.998006	0.000260897	9.9E-01	-0.000424628	0.00422531	0.0100995	9.2E-01	0.0311783	8.6E-01
rs3897102	12	123492112	1.47105	C	T	0.587824	0.982525	2.51256	1.1E-01	-0.00694265	0.0041327	2.82217	9.3E-02	2.56284	1.1E-01
rs7969633	12	133310887	1.74925	C	T	0.267076	0.9952	0.625584	4.3E-01	0.00265356	0.00457425	0.336526	5.6E-01	0.437835	5.1E-01
rs9579775	13	20616557	0.0139469	A	C	0.863855	0.926233	0.953862	3.3E-01	-0.00604584	0.00611422	0.977758	3.2E-01	1.11978	2.9E-01
rs4238202	13	27902148	0.193689	A	G	0.258919	0.9902	0.286354	5.9E-01	-0.00104333	0.00462652	0.050855	8.2E-01	0.059237	8.1E-01
rs1885989	13	28010117	0.196447	G	A	0.819991	0.999055	0.432433	5.1E-01	-0.00400753	0.00523939	0.585048	4.4E-01	0.800811	3.7E-01
rs12872889	13	28674628	0.213575	T	C	0.769448	0.972921	12.5731	3.9E-04	-0.0167688	0.00485355	11.9367	5.5E-04	11.678	6.3E-04
rs1928496	13	31012904	0.263323	C	T	0.256087	1	0.465646	4.9E-01	-0.00266868	0.00461879	0.333839	5.6E-01	0.211274	6.5E-01
rs7993153	13	33378785	0.304672	A	T	0.527179	0.996937	0.000761244	9.8E-01	0.000264389	0.00404037	0.00428198	9.5E-01	0.00864216	9.3E-01
rs41284828	13	50963685	0.538953	G	A	0.969277	0.943856	2.34647	1.3E-01	0.016069	0.0119927	1.79534	1.8E-01	2.13261	1.4E-01
rs9536417	13	54018393	0.568081	G	A	0.819355	0.953229	3.75425	5.3E-02	0.00987007	0.00535634	3.3955	6.5E-02	3.83612	5.0E-02
rs13378227	13	54793818	0.572267	C	T	0.448494	0.996048	0.146261	7.0E-01	0.00108311	0.00405791	0.0712425	7.9E-01	0.000123453	9.9E-01
rs9563521	13	58254773	0.585028	A	C	0.870679	0.988428	2.37637	1.2E-01	0.00772813	0.00604607	1.63381	2.0E-01	1.72026	1.9E-01
rs9538189	13	59333776	0.588946	C	G	0.833107	0.986627	0.136611	7.1E-01	0.00241118	0.00545153	0.195623	6.6E-01	0.301918	5.8E-01
rs308597	13	62670010	0.616457	T	C	0.413014	0.995107	1.1999	2.7E-01	0.00452171	0.0040951	1.2192	2.7E-01	0.964478	3.3E-01
rs4421883	13	79561962	0.787183	T	C	0.494175	0.996287	2.99857	8.3E-02	-0.00674501	0.00404482	2.78079	9.5E-02	3.16759	7.5E-02
rs9547363	13	86322442	0.835108	T	C	0.513712	0.967142	0.947681	3.3E-01	0.00398222	0.00409666	0.944907	3.3E-01	0.956412	3.3E-01
rs12585736	13	96845882	0.935798	G	A	0.693698	0.99638	1.47878	2.2E-01	0.00598207	0.00438472	1.86131	1.7E-01	1.96131	1.6E-01
rs3783006	13	99111209	0.969059	G	C	0.550861	1	3.63369	5.7E-02	0.00733627	0.00404509	3.28923	7.0E-02	3.48471	6.2E-02
rs9514131	13	104090848	1.04319	G	T	0.878435	1	0.0306798	8.6E-01	0.00308244	0.00616537	0.249961	6.2E-01	0.242019	6.2E-01
rs9888533	13	107854612	1.13616	C	T	0.462035	0.966192	2.99987	8.3E-02	-0.00768123	0.00410994	3.49294	6.2E-02	4.31765	3.8E-02
rs4773331	13	111843007	1.24012	G	A	0.603622	0.995832	0.234157	6.3E-01	-0.00147036	0.00412228	0.127226	7.2E-01	0.161952	6.9E-01
rs9560110	13	112181233	1.24489	C	T	0.713945	0.999795	0.286467	5.9E-01	0.00180553	0.00444974	0.164642	6.8E-01	0.302408	5.8E-01
rs1241305	14	25868959	0.160798	G	T	0.560624	0.995412	0.451883	5.0E-01	-0.00263131	0.00406841	0.418306	5.2E-01	0.739908	3.9E-01
rs7494063	14	29549249	0.20712	A	C	0.807992	0.984291	0.289073	5.9E-01	-0.00326664	0.0051495	0.402413	5.3E-01	0.36787	5.4E-01
rs8020889	14	30077029	0.215217	T	C	0.408054	0.999425	2.84349	9.2E-02	0.00686629	0.00411121	2.78937	9.5E-02	3.45237	6.3E-02
rs10148694	14	33273511	0.261796	C	T	0.646876	0.984296	0.617853	4.3E-01	0.00378799	0.00424845	0.794982	3.7E-01	0.745289	3.9E-01
rs1956151	14	40101060	0.364141	A	G	0.823524	0.999433	2.1525	1.4E-01	-0.0062293	0.00526659	1.39901	2.4E-01	1.66544	2.0E-01
rs12889085	14	42885336	0.38109	A	G	0.574098	0.993459	0.884667	3.5E-01	-0.00395038	0.0040956	0.930344	3.3E-01	1.13306	2.9E-01
rs8181993	14	46803314	0.406055	G	A	0.435542	0.992832	4.02256	4.5E-02	-0.00760073	0.00408591	3.46045	6.3E-02	4.64395	3.1E-02
rs217667	14	62358847	0.565816	C	T	0.749883	0.994282	0.14675	7.0E-01	0.000345842	0.00467592	0.00547045	9.4E-01	0.0125122	9.1E-01
rs8007097	14	62592332	0.568871	C	T	0.547989	0.988884	3.55614	5.9E-02	0.00802193	0.00406693	3.89068	4.9E-02	3.16821	7.5E-02
rs2526919	14	73107771	0.666826	A	G	0.468807	0.994062	0.72178	4.0E-01	-0.00220951	0.00404262	0.298721	5.8E-01	0.383025	5.4E-01
rs6574100	14	73323682	0.670778	A	T	0.597593	0.994028	1.07325	3.0E-01	-0.0048226	0.00413586	1.35966	2.4E-01	1.4329	2.3E-01
rs11624311	14	79453542	0.744848	G	A	0.771541	0.993549	0.849301	3.6E-01	0.0051195	0.00481643	1.12981	2.9E-01	0.580878	4.5E-01
rs10144362	14	79974598	0.748284	G	A	0.611262	0.997089	2.26508	1.3E-01	-0.00582882	0.00414502	1.97747	1.6E-01	1.48488	2.2E-01
rs6574962	14	88341331	0.821353	G	T	0.252273	0.992916	0.930791	3.3E-01	0.00448671	0.00465322	0.92971	3.3E-01	0.616075	4.3E-01
rs1152432	14	91373435	0.881772	T	A	0.280154	0.994872	0.00653776	9.4E-01	-0.000492679	0.00448736	0.0120544	9.1E-01	0.00407125	9.5E-01
rs740791	14	93699003	0.916417	C	T	0.733984	0.968997	1.28091	2.6E-01	0.00449758	0.00462667	0.944977	3.3E-01	0.936706	3.3E-01
rs2295659	14	101141544	1.07723	G	T	0.869818	0.990612	1.93038	1.6E-01	-0.00899996	0.00602401	2.23208	1.4E-01	2.29495	1.3E-01
rs3742406	14	101537857	1.08996	A	G	0.630498	0.998313	2.13101	1.4E-01	0.0054979	0.00417836	1.73133	1.9E-01	1.37723	2.4E-01
rs72708844	14	103834091	1.12399	C	G	0.759439	0.99572	0.168565	6.8E-01	-0.000120004	0.0047306	0.00064352	9.8E-01	0.00371489	9.5E-01
rs12594043	15	27034988	0.374858	G	C	0.478806	0.998824	0.14082	7.1E-01	-0.00159077	0.0040435	0.154774	6.9E-01	0.268483	6.0E-01
rs4365252	15	31842371	0.454988	C	A	0.534885	0.990048	0.00825348	9.3E-01	0.000439302	0.00406242	0.0116939	9.1E-01	0.000179104	9.9E-01
rs1435670	15	36390393	0.544421	A	T	0.499057	0.999048	0.291478	5.9E-01	-0.00201905	0.00403853	0.249947	6.2E-01	0.237447	6.3E-01
rs10775122	15	41898711	0.63274	C	T	0.183298	0.995919	1.26148	2.6E-01	0.005359	0.00522052	1.05376	3.0E-01	1.2574	2.6E-01
rs765787	15	45500047	0.653911	A	G	0.820239	1	0.590385	4.4E-01	-0.00474833	0.00531387	0.798472	3.7E-01	0.612229	4.3E-01
rs10519044	15	46381874	0.6636	T	C	0.709811	0.994588	0.515845	4.7E-01	0.00328636	0.00445533	0.544088	4.6E-01	0.541242	4.6E-01
rs2622775	15	51999970	0.710456	C	T	0.586011	1	0.865897	3.5E-01	-0.00292811	0.00409775	0.510603	4.7E-01	0.102522	7.5E-01
rs335497	15	53383101	0.722756	T	G	0.0736902	0.995552	1.20231	2.7E-01	-0.00826025	0.0077245	1.14353	2.8E-01	1.29507	2.6E-01
rs55966152	15	58561006	0.781788	A	G	0.825625	0.987892	40.5693	1.9E-10	0.0340269	0.00534101	40.5881	1.9E-10	42.9354	5.7E-11
rs2242066	15	58839337	0.793581	G	A	0.848078	0.997046	1.53007	2.2E-01	0.00683624	0.00562355	1.47779	2.2E-01	1.09617	3.0E-01
rs3087660	15	66797492	0.89698	G	A	0.395797	0.999328	0.116325	7.3E-01	-0.00142054	0.00411573	0.119128	7.3E-01	0.071822	7.9E-01
rs11635495	15	67804682	0.914253	T	C	0.487932	0.997662	0.118442	7.3E-01	0.000935665	0.0040384	0.0536811	8.2E-01	0.0095045	9.2E-01
rs2415130	15	72242554	0.983024	G	A	0.765191	0.998693	4.28277	3.9E-02	0.0107172	0.00476089	5.06746	2.4E-02	4.53316	3.3E-02
rs478438	15	73630686	0.990231	G	A	0.909358	0.98938	1.3611	2.4E-01	0.00936246	0.00707598	1.75068	1.9E-01	1.5005	2.2E-01
rs35364449	15	74278126	0.995964	C	T	0.890533	0.989263	0.109935	7.4E-01	-0.00403018	0.00650053	0.384372	5.4E-01	0.114595	7.3E-01
rs62007782	15	78029797	1.01266	G	A	0.734022	0.996291	2.27113	1.3E-01	0.00671683	0.00455896	2.17068	1.4E-01	1.99082	1.6E-01
rs1531895	15	80992165	1.05797	G	A	0.532916	0.995023	0.109034	7.4E-01	-0.00240697	0.0040482	0.353524	5.5E-01	0.209718	6.5E-01
rs66615128	15	92561941	1.21822	G	C	0.785237	0.999315	1.60354	2.1E-01	0.00597938	0.00490599	1.48545	2.2E-01	1.71058	1.9E-01
rs6496036	15	95249902	1.31575	A	C	0.565021	0.985876	3.72844	5.3E-02	0.00907508	0.00409495	4.91139	2.7E-02	4.81511	2.8E-02
rs7166757	15	98259616	1.39637	A	G	0.612081	0.979588	3.97632	4.6E-02	0.00837948	0.00417704	4.02436	4.5E-02	3.7406	5.3E-02
rs57221746	15	99230035	1.42335	G	A	0.774928	0.998898	15.4087	8.7E-05	0.018624	0.00484425	14.7806	1.2E-04	15.4979	8.3E-05
rs432925	16	334580	0.00365345	G	C	0.715696	0.978663	0.486575	4.9E-01	0.00323312	0.00451993	0.511661	4.7E-01	0.680529	4.1E-01
rs3211995	16	2089006	0.0428409	G	A	0.840439	0.989857	8.36397	3.8E-03	0.0165466	0.00554799	8.89505	2.9E-03	10.5884	1.1E-03
rs2285813	16	3566102	0.0672749	C	A	0.71444	0.994926	2.84875	9.1E-02	-0.00729401	0.00447987	2.65095	1.0E-01	2.19375	1.4E-01
rs2531993	16	4014245	0.0722296	A	G	0.155356	0.997332	1.08802	3.0E-01	-0.00609851	0.00556875	1.19931	2.7E-01	0.966424	3.3E-01
rs12927792	16	9713194	0.229734	C	T	0.573706	0.986089	0.213072	6.4E-01	-0.00192711	0.00411121	0.219722	6.4E-01	0.111527	7.4E-01
rs739639	16	19527777	0.388214	C	T	0.359277	0.997014	0.965197	3.3E-01	0.0039921	0.00420221	0.902502	3.4E-01	0.833168	3.6E-01
rs227762	16	19859406	0.390054	G	A	0.521259	0.978383	1.64895	2.0E-01	-0.00464753	0.00407838	1.29858	2.5E-01	1.22877	2.7E-01
rs11074444	16	20241686	0.397902	T	C	0.206912	0.996432	0.452388	5.0E-01	-0.00405211	0.00498022	0.662011	4.2E-01	0.735795	3.9E-01
rs9929613	16	24599316	0.461035	A	G	0.261396	0.954325	0.278073	6.0E-01	0.00300248	0.0046885	0.410101	5.2E-01	0.381723	5.4E-01
rs865719	16	28379443	0.542171	A	G	0.586842	0.968132	4.46819	3.5E-02	-0.00994426	0.00415205	5.73612	1.7E-02	6.34876	1.2E-02
rs28517865	16	29914142	0.552217	C	T	0.433691	0.992308	0.38551	5.3E-01	-0.0023049	0.00409219	0.317244	5.7E-01	0.285136	5.9E-01
rs9319587	16	30833246	0.554994	C	T	0.60914	0.997546	1.46389	2.3E-01	0.00549277	0.00412959	1.76917	1.8E-01	1.72055	1.9E-01
rs6500208	16	49011249	0.571189	G	A	0.793086	0.993709	0.126638	7.2E-01	0.00118303	0.00498417	0.0563385	8.1E-01	0.00379077	9.5E-01
rs111617945	16	53557517	0.64416	T	C	0.895528	0.985634	0.00737149	9.3E-01	0.000221079	0.00664696	0.00110624	9.7E-01	0.01452	9.0E-01
rs8048396	16	53770749	0.644865	C	A	0.489928	0.995604	0.00165855	9.7E-01	-0.000647514	0.00404817	0.0255848	8.7E-01	0.0021642	9.6E-01
rs12596054	16	53834684	0.646096	A	C	0.853705	0.996549	1.16531	2.8E-01	-0.00522317	0.00569163	0.842162	3.6E-01	0.982912	3.2E-01
rs11649379	16	56493573	0.721474	C	T	0.827289	0.998629	0.315496	5.7E-01	-0.00198954	0.00533128	0.139265	7.1E-01	0.18171	6.7E-01
rs2962446	16	62862539	0.808465	A	T	0.476039	0.98622	5.26283	2.2E-02	0.0090886	0.00406689	4.99423	2.5E-02	4.39954	3.6E-02
rs8056893	16	68304392	0.850738	C	A	0.26701	0.992269	0.00142146	9.7E-01	0.00114618	0.00457259	0.062832	8.0E-01	0.0585989	8.1E-01
rs113093305	16	69424312	0.855386	C	T	0.965603	0.988361	1.48068	2.2E-01	0.0131419	0.011148	1.38971	2.4E-01	1.86666	1.7E-01
rs244416	16	69665208	0.858568	T	C	0.151061	0.993922	7.18735	7.3E-03	0.0164399	0.00565549	8.44997	3.7E-03	8.50319	3.5E-03
rs8059061	16	76699487	0.935641	A	C	0.820057	0.993717	1.33038	2.5E-01	-0.00637441	0.00526198	1.46751	2.3E-01	2.33143	1.3E-01
rs4888162	16	81687645	1.05261	C	T	0.517471	1	0.191882	6.6E-01	0.00341485	0.00402748	0.718914	4.0E-01	0.739905	3.9E-01
rs12922346	16	82438337	1.07453	G	C	0.731318	0.983645	0.544374	4.6E-01	0.00433701	0.0045897	0.892918	3.4E-01	0.428717	5.1E-01
rs77081114	17	1816762	0.0641667	G	A	0.834564	1	0.949738	3.3E-01	-0.00478753	0.00542651	0.778361	3.8E-01	0.41198	5.2E-01
rs9914578	17	2005136	0.0688706	C	G	0.798239	0.995727	0.0100634	9.2E-01	-0.000375441	0.00502366	0.00558527	9.4E-01	0.010411	9.2E-01
rs2779207	17	15870401	0.425124	T	A	0.431236	0.973217	13.9309	1.9E-04	0.0165318	0.00412068	16.0955	6.0E-05	14.759	1.2E-04
rs4985996	17	21155684	0.471012	C	T	0.650988	0.996698	12.9102	3.3E-04	0.0139834	0.00423628	10.8958	9.6E-04	11.2293	8.1E-04
rs11080090	17	27502029	0.494582	G	A	0.157423	0.985283	1.93365	1.6E-01	-0.00689781	0.00558882	1.52329	2.2E-01	1.2249	2.7E-01
rs4794859	17	27962393	0.496881	T	G	0.529334	0.996548	2.59593	1.1E-01	-0.00707728	0.00404177	3.06613	8.0E-02	3.15886	7.6E-02
rs17836689	17	31448234	0.526044	G	A	0.759277	0.987977	0.464906	5.0E-01	-0.00216107	0.00473073	0.20868	6.5E-01	0.386113	5.3E-01
rs4794977	17	32247585	0.548126	C	G	0.577787	0.980309	2.3897	1.2E-01	0.00615325	0.00413017	2.21959	1.4E-01	2.70416	1.0E-01
rs242556	17	44002250	0.689918	A	T	0.233994	0.95327	1.80117	1.8E-01	-0.00672564	0.00487652	1.90216	1.7E-01	1.20576	2.7E-01
rs2905855	17	46081915	0.703376	G	A	0.562305	0.989999	2.6569	1.0E-01	0.00681935	0.00407683	2.79796	9.4E-02	2.21307	1.4E-01
rs11657868	17	46942681	0.706999	G	A	0.718196	0.996518	0.262946	6.1E-01	0.00280999	0.00448548	0.392455	5.3E-01	0.487185	4.9E-01
rs8067262	17	56048720	0.848038	T	G	0.911457	0.997899	0.291929	5.9E-01	-0.00511716	0.00709669	0.519931	4.7E-01	0.871142	3.5E-01
rs11655589	17	61608163	0.886764	A	G	0.666344	0.975736	0.00109989	9.7E-01	0.0010347	0.00432203	0.0573133	8.1E-01	0.121701	7.3E-01
rs8079078	17	65821166	0.947735	C	A	0.303724	0.990268	12.1346	4.9E-04	0.0148932	0.00440981	11.4061	7.3E-04	11.2768	7.8E-04
rs936393	17	73847613	1.10376	A	G	0.812219	0.99328	0.847237	3.6E-01	0.00491857	0.00519237	0.897319	3.4E-01	0.713213	4.0E-01
rs12943620	17	78444658	1.24901	T	G	0.227281	0.993887	0.778702	3.8E-01	-0.00468028	0.00482071	0.942591	3.3E-01	1.23755	2.7E-01
rs11658698	17	78518327	1.2499	C	T	0.72961	0.995739	2.36479	1.2E-01	-0.00670296	0.00453897	2.18082	1.4E-01	2.39406	1.2E-01
rs12051698	17	79046374	1.26006	C	G	0.647102	0.980656	0.00584732	9.4E-01	0.000668081	0.00425825	0.0246148	8.8E-01	9.97708e-05	9.9E-01
rs8089699	18	1813412	0.0476566	G	A	0.882906	0.939184	1.10455	2.9E-01	-0.00605964	0.00644695	0.883458	3.5E-01	0.400152	5.3E-01
rs508481	18	7542241	0.240303	A	G	0.868636	0.989942	2.55025	1.1E-01	0.0101692	0.00599593	2.87646	9.0E-02	2.53632	1.1E-01
rs9948870	18	20967065	0.431819	G	A	0.605062	0.993522	4.56757	3.3E-02	0.00831293	0.00414499	4.02217	4.5E-02	4.82845	2.8E-02
rs1349351	18	22191762	0.447116	G	A	0.5985	0.999082	0.134808	7.1E-01	0.000174013	0.00411699	0.00178651	9.7E-01	0.0283103	8.7E-01
rs7228141	18	31214950	0.540827	G	C	0.463505	0.995475	9.51387	2.0E-03	-0.0129653	0.00404407	10.2785	1.3E-03	9.92203	1.6E-03
rs9957032	18	39467208	0.603798	T	C	0.818223	1	2.2526	1.3E-01	-0.00816915	0.00522302	2.44631	1.2E-01	2.64219	1.0E-01
rs4561553	18	40687764	0.611644	T	G	0.407513	0.997769	16.2415	5.6E-05	-0.0161979	0.0041113	15.5223	8.2E-05	15.172	9.8E-05
rs8096662	18	42533130	0.62282	A	G	0.145554	0.98702	0.697593	4.0E-01	0.00636929	0.00575572	1.22457	2.7E-01	1.53532	2.2E-01
rs9964756	18	50441817	0.72912	T	G	0.107895	0.997466	0.219171	6.4E-01	-0.0018531	0.00650017	0.0812738	7.8E-01	0.00172748	9.7E-01
rs28687557	18	52547057	0.739845	G	A	0.227453	0.993369	0.616266	4.3E-01	0.00472897	0.00482416	0.960924	3.3E-01	1.24798	2.6E-01
rs7243357	18	56883319	0.801149	T	G	0.822165	0.991788	1.56257	2.1E-01	0.00672839	0.00530124	1.61089	2.0E-01	1.38215	2.4E-01
rs681630	18	57827605	0.821594	A	G	0.565363	0.998337	0.23331	6.3E-01	-0.00265063	0.00407939	0.422188	5.2E-01	0.603124	4.4E-01
rs8097783	18	58051294	0.823036	G	A	0.926154	1	1.58668	2.1E-01	0.0102259	0.00771652	1.75614	1.9E-01	2.04419	1.5E-01
rs74625348	18	60846430	0.867759	G	C	0.770962	0.97218	4.7874	2.9E-02	0.0099242	0.00485009	4.18688	4.1E-02	3.77799	5.2E-02
rs10460125	18	63415573	0.904306	C	T	0.725399	0.998331	0.209072	6.5E-01	-0.000370609	0.00451849	0.00672735	9.3E-01	0.0186833	8.9E-01
rs11663797	18	73497644	1.0888	G	A	0.273814	0.989477	0.316434	5.7E-01	0.00091894	0.00454448	0.0408891	8.4E-01	0.0261511	8.7E-01
rs12151205	19	1808569	0.0682048	T	A	0.449087	0.963075	2.29981	1.3E-01	0.00568264	0.0041234	1.89928	1.7E-01	1.97279	1.6E-01
rs10419634	19	1936672	0.069832	T	C	0.289767	0.973622	0.123629	7.3E-01	-0.00156945	0.00450416	0.121413	7.3E-01	0.0379912	8.5E-01
rs79712071	19	2221892	0.075478	C	A	0.953635	0.968688	0.856442	3.5E-01	0.00784558	0.00972281	0.651129	4.2E-01	0.530745	4.7E-01
rs62131468	19	3984788	0.142379	C	G	0.813006	0.97174	5.52206	1.9E-02	0.0133503	0.00523584	6.50147	1.1E-02	6.41578	1.1E-02
rs146439891	19	8410381	0.274837	C	T	0.980819	0.864186	70.3071	5.1E-17	0.130922	0.0158174	68.5105	1.3E-16	70.5007	4.6E-17
rs3929396	19	18197093	0.447598	G	A	0.594992	0.983365	0.0204908	8.9E-01	0.000795545	0.00413571	0.0370024	8.5E-01	0.00303153	9.6E-01
rs113230003	19	18460956	0.450365	G	A	0.738161	0.981969	9.82783	1.7E-03	0.0141144	0.00461657	9.34725	2.2E-03	10.3105	1.3E-03
rs2003476	19	18806668	0.454309	T	C	0.593805	0.986683	3.91261	4.8E-02	0.00807954	0.00412737	3.83201	5.0E-02	4.11697	4.2E-02
rs8104983	19	19859845	0.463476	A	G	0.840942	0.982533	0.834551	3.6E-01	0.00564528	0.00554476	1.03659	3.1E-01	1.50804	2.2E-01
rs7247004	19	30240852	0.512599	A	G	0.68793	0.994107	0.0821261	7.7E-01	-0.00213249	0.0043579	0.239454	6.2E-01	0.285909	5.9E-01
rs740671	19	30664619	0.518411	C	A	0.755917	0.990945	0.0200956	8.9E-01	-0.000117571	0.00469548	0.00062696	9.8E-01	0.0310379	8.6E-01
rs7247158	19	31021597	0.524584	A	G	0.758301	0.996608	1.02897	3.1E-01	-0.00507285	0.00471312	1.15847	2.8E-01	1.14203	2.9E-01
rs461998	19	34319233	0.572882	T	C	0.328678	0.997354	2.49734	1.1E-01	0.00568113	0.0042909	1.75296	1.9E-01	1.82929	1.8E-01
rs62116778	19	44894070	0.691483	G	T	0.961322	1	45.91	1.2E-11	-0.0724057	0.0104581	47.9339	4.4E-12	52.0424	5.4E-13
rs12459810	19	45249661	0.700315	C	T	0.695897	0.934479	57.2936	3.8E-14	0.0336058	0.00452378	55.1855	1.1E-13	52.6572	4.0E-13
rs56394238	19	45335676	0.704893	A	G	0.553324	0.990238	95.0168	1.9E-22	0.0393929	0.00407116	93.6267	3.8E-22	100.403	1.2E-23
rs1884389	20	1410582	0.0620248	C	T	0.561411	0.990862	0.895117	3.4E-01	0.00321478	0.00407658	0.621886	4.3E-01	0.805013	3.7E-01
rs4813619	20	2815715	0.104851	G	T	0.491114	0.983542	2.29177	1.3E-01	0.00675713	0.00407472	2.74997	9.7E-02	3.17719	7.5E-02
rs1884899	20	6572870	0.214153	A	G	0.226227	0.983564	5.953	1.5E-02	-0.00903233	0.00485141	3.46628	6.3E-02	3.53984	6.0E-02
rs16996637	20	15809996	0.385502	C	T	0.870003	0.979105	1.19529	2.7E-01	-0.00770695	0.00604117	1.62751	2.0E-01	1.63773	2.0E-01
rs852033	20	17085493	0.411169	A	C	0.247637	0.996482	0.0317289	8.6E-01	0.000787226	0.00467505	0.0283548	8.7E-01	0.0151184	9.0E-01
rs1409818	20	21381121	0.481069	C	T	0.898663	0.994593	0.133719	7.1E-01	0.00161699	0.00669768	0.0582863	8.1E-01	0.0947506	7.6E-01
rs66817095	20	25038484	0.515275	G	T	0.829542	1	0.451077	5.0E-01	0.00316334	0.00538206	0.345457	5.6E-01	0.416937	5.2E-01
rs6120440	20	32517585	0.53634	G	A	0.354038	0.991596	1.53688	2.2E-01	-0.00333822	0.0042374	0.620627	4.3E-01	1.03354	3.1E-01
rs16989232	20	39291784	0.591389	G	A	0.601237	0.975601	0.0947495	7.6E-01	0.000819605	0.00416607	0.038704	8.4E-01	0.0815922	7.8E-01
rs34316626	20	47358484	0.731003	T	C	0.752271	0.990765	0.90635	3.4E-01	-0.00544768	0.00469221	1.34793	2.5E-01	1.38895	2.4E-01
rs17201143	20	50402079	0.780574	C	T	0.676781	0.999123	1.52191	2.2E-01	-0.00516706	0.00431745	1.4323	2.3E-01	1.19551	2.7E-01
rs1033715	20	50861193	0.791131	G	A	0.607164	0.99768	1.44828	2.3E-01	0.00504688	0.0041318	1.492	2.2E-01	1.59451	2.1E-01
rs559390	20	54157546	0.855467	A	T	0.658111	0.996213	2.94353	8.6E-02	-0.0072764	0.00425385	2.92597	8.7E-02	3.33635	6.8E-02
rs6010789	20	61561153	1.07298	G	A	0.498553	1	1.64655	2.0E-01	0.00691715	0.00402705	2.95039	8.6E-02	2.76947	9.6E-02
rs2832283	21	30690558	0.291215	G	A	0.785768	0.992402	2.51909	1.1E-01	-0.00797018	0.00494314	2.59974	1.1E-01	2.36719	1.2E-01
rs2298330	21	38852728	0.419836	G	A	0.884475	0.986182	0.647222	4.2E-01	0.00416365	0.00634784	0.430226	5.1E-01	0.756079	3.8E-01
rs1209950	21	40173528	0.44514	C	T	0.59796	1	9.35608	2.2E-03	-0.0141545	0.00410572	11.8854	5.7E-04	11.992	5.3E-04
rs62222988	21	40569508	0.455465	T	C	0.626123	0.995886	9.7272	1.8E-03	-0.0137017	0.00417558	10.7675	1.0E-03	12.9858	3.1E-04
rs2410204	21	41416838	0.475718	A	G	0.585399	0.993302	1.2994	2.5E-01	-0.0048103	0.00409671	1.37871	2.4E-01	1.10136	2.9E-01
rs111320751	21	46630890	0.622427	A	T	0.95568	0.926829	0.00941749	9.2E-01	-0.00196495	0.0101859	0.0372139	8.5E-01	0.129039	7.2E-01
rs11704728	22	18130209	0.0626254	C	T	0.803471	0.990379	0.201139	6.5E-01	-0.00206275	0.00507993	0.164884	6.8E-01	0.135813	7.1E-01
rs5750508	22	38303155	0.469229	C	T	0.676364	0.994441	0.826114	3.6E-01	-0.00468167	0.00433038	1.16883	2.8E-01	1.40012	2.4E-01
rs8136269	22	40532444	0.498055	G	C	0.798232	0.992615	0.713533	4.0E-01	0.00391867	0.0050461	0.603068	4.4E-01	0.565767	4.5E-01
rs1953	22	41641984	0.50042	C	T	0.729724	0.993321	2.13972	1.4E-01	0.00689138	0.0045429	2.30116	1.3E-01	2.3257	1.3E-01
rs13056230	22	48874310	0.664361	C	T	0.572042	1	4.44245	3.5E-02	-0.00882907	0.00406589	4.71541	3.0E-02	5.33613	2.1E-02
