SNP	CHR	BP	GENPOS	ALLELE1	ALLELE0	A1FREQ	INFO	CHISQ_LINREG	P_LINREG	BETA	SE	CHISQ_BOLT_LMM_INF	P_BOLT_LMM_INF	CHISQ_BOLT_LMM	P_BOLT_LMM
rs28788874	1	1520725	0.0141684	C	T	0.585299	0.768295	0.0514974	8.2E-01	0.00093724	0.00462154	0.0411272	8.4E-01	0.230453	6.3E-01
rs10907187	1	1759054	0.0168675	G	A	0.730409	0.998294	0.388457	5.3E-01	-0.0035802	0.00451727	0.628149	4.3E-01	0.576072	4.5E-01
rs3001347	1	2426766	0.0346085	A	G	0.480235	0.993243	3.77789	5.2E-02	0.00811598	0.00401001	4.0963	4.3E-02	2.79908	9.4E-02
rs10779795	1	6677064	0.153978	A	G	0.662103	0.998314	0.544918	4.6E-01	-0.00374592	0.00424362	0.779188	3.8E-01	0.817263	3.7E-01
rs12136082	1	11102275	0.225397	A	G	0.192828	0.997704	2.46882	1.2E-01	-0.00823011	0.00507893	2.62583	1.1E-01	2.60164	1.1E-01
rs3766160	1	15808872	0.325192	G	A	0.744147	1	2.84571	9.2E-02	-0.00821106	0.00457702	3.21835	7.3E-02	3.46653	6.3E-02
rs12041062	1	19916886	0.402244	G	C	0.764485	0.997633	0.221641	6.4E-01	0.00308524	0.00472552	0.426263	5.1E-01	0.46629	4.9E-01
rs309517	1	23251592	0.460465	T	A	0.327298	0.967482	3.0275	8.2E-02	0.00747044	0.00433536	2.96922	8.5E-02	2.76724	9.6E-02
rs12564655	1	33254768	0.567573	T	C	0.831445	0.999657	3.59784	5.8E-02	-0.00966931	0.00534511	3.27249	7.0E-02	3.71085	5.4E-02
rs13374459	1	39571211	0.669657	T	C	0.588291	0.9945	1.23982	2.7E-01	0.00487229	0.00408755	1.42082	2.3E-01	2.34146	1.3E-01
rs61743745	1	40036944	0.670228	G	A	0.970171	0.986128	0.00616221	9.4E-01	0.00357679	0.0118258	0.0914796	7.6E-01	0.0631897	8.0E-01
rs41269113	1	46032543	0.727328	G	A	0.964407	0.991408	3.01028	8.3E-02	-0.0173151	0.0108528	2.54549	1.1E-01	3.21937	7.3E-02
rs4134058	1	47670911	0.739288	T	C	0.455325	0.994101	3.72851	5.3E-02	-0.00741596	0.00403054	3.38539	6.6E-02	5.44672	2.0E-02
rs7553454	1	49231261	0.759781	T	C	0.774925	0.984417	0.225467	6.3E-01	0.00144573	0.00482113	0.0899248	7.6E-01	0.0723891	7.9E-01
rs587271	1	54743111	0.7872	C	T	0.313179	0.916526	0.0381691	8.5E-01	0.000219938	0.00452439	0.0023631	9.6E-01	0.00319954	9.5E-01
rs78141582	1	57827517	0.843026	A	G	0.897687	0.998432	0.777432	3.8E-01	0.00620218	0.00661152	0.880008	3.5E-01	0.554893	4.6E-01
rs885581	1	62445706	0.914644	A	G	0.607676	0.990874	0.0237825	8.8E-01	0.000885926	0.00411443	0.0463634	8.3E-01	0.00902221	9.2E-01
rs74082072	1	65970925	0.967975	T	C	0.917809	0.99363	2.98001	8.4E-02	0.013457	0.00729571	3.40223	6.5E-02	2.83801	9.2E-02
rs2554414	1	72446164	1.03176	A	G	0.758572	0.995989	1.32064	2.5E-01	0.00430248	0.00467172	0.848173	3.6E-01	0.79695	3.7E-01
rs1514177	1	74991402	1.04313	C	G	0.424303	0.999432	0.806497	3.7E-01	-0.00435492	0.00405787	1.15176	2.8E-01	0.896788	3.4E-01
rs12035349	1	77557339	1.06866	A	G	0.871887	0.977571	0.366214	5.5E-01	0.00313332	0.00606098	0.267254	6.1E-01	0.175094	6.8E-01
rs115281275	1	77991129	1.0737	T	A	0.968661	0.902469	1.11881	2.9E-01	0.00766497	0.0120733	0.403058	5.3E-01	0.0519445	8.2E-01
rs10874123	1	80831434	1.08977	G	A	0.702146	0.997286	0.525053	4.7E-01	0.0027418	0.00437645	0.39249	5.3E-01	0.177582	6.7E-01
rs11810373	1	82473958	1.11392	A	G	0.745514	0.997739	0.128042	7.2E-01	-0.00184119	0.00459445	0.160594	6.9E-01	0.155828	6.9E-01
rs3131815	1	92664966	1.23012	C	T	0.805586	0.994558	3.58033	5.8E-02	0.00978298	0.00506678	3.72801	5.4E-02	3.4096	6.5E-02
rs4347257	1	96269230	1.26259	C	T	0.535636	0.996672	3.07041	8.0E-02	0.00701094	0.00402252	3.03778	8.1E-02	2.10968	1.5E-01
rs4375301	1	98298371	1.27828	A	G	0.767049	0.993807	0.526247	4.7E-01	0.00339863	0.00475688	0.510464	4.7E-01	0.189517	6.6E-01
rs3108680	1	107572997	1.35724	T	C	0.650884	0.999501	17.0325	3.7E-05	-0.0176191	0.00421608	17.4642	2.9E-05	14.6891	1.3E-04
rs4970829	1	109757295	1.38629	G	A	0.927892	1	73.2676	1.1E-17	0.0660444	0.00773555	72.8935	1.4E-17	72.3643	1.8E-17
rs2076586	1	112273026	1.42823	C	T	0.754427	0.980886	0.277208	6.0E-01	-0.00266918	0.00469931	0.322617	5.7E-01	0.517104	4.7E-01
rs984222	1	119503843	1.50977	C	G	0.390696	1	0.924186	3.4E-01	-0.00372432	0.00411216	0.820264	3.7E-01	1.20193	2.7E-01
rs4589116	1	151002510	1.65957	C	T	0.134449	0.990695	0.0336953	8.5E-01	-0.00176647	0.00590065	0.0896218	7.6E-01	0.0598285	8.1E-01
rs1870940	1	154984363	1.69828	G	A	0.72931	0.984186	0.232568	6.3E-01	0.00148848	0.00454494	0.107258	7.4E-01	0.572045	4.5E-01
rs75925257	1	155138842	1.69946	G	A	0.881515	1	2.32447	1.3E-01	0.00868056	0.00619368	1.96426	1.6E-01	1.66044	2.0E-01
rs35277691	1	171415327	1.93374	A	C	0.906541	0.997238	2.35718	1.2E-01	0.00940893	0.00691307	1.85242	1.7E-01	1.84254	1.7E-01
rs149415799	1	173657022	1.95091	G	C	0.975833	0.965388	0.840456	3.6E-01	0.00916486	0.0132563	0.47798	4.9E-01	0.349818	5.5E-01
rs3922650	1	177766694	1.98705	A	C	0.475966	0.997377	1.00389	3.2E-01	-0.00372322	0.00400899	0.86252	3.5E-01	1.04137	3.1E-01
rs2068973	1	177792715	1.98748	G	A	0.655699	0.993004	4.26159	3.9E-02	0.00881014	0.0042309	4.33611	3.7E-02	5.97221	1.5E-02
rs815342	1	190112653	2.09814	T	C	0.631918	0.98827	0.854	3.6E-01	-0.00435236	0.00418069	1.08381	3.0E-01	0.828561	3.6E-01
rs12130221	1	194825306	2.13143	A	T	0.683256	0.997265	3.28536	7.0E-02	-0.00727438	0.00431316	2.84446	9.2E-02	2.07071	1.5E-01
rs704633	1	201760981	2.19705	A	G	0.348748	0.991681	5.00286	2.5E-02	0.00939862	0.00420825	4.98798	2.6E-02	5.09328	2.4E-02
rs16849710	1	202106797	2.20149	A	G	0.471389	0.987868	0.319692	5.7E-01	-0.0031766	0.00403547	0.619638	4.3E-01	0.743627	3.9E-01
rs6540497	1	209205263	2.30771	G	C	0.422338	0.993216	0.000693142	9.8E-01	-0.000704533	0.00406515	0.0300365	8.6E-01	0.0134535	9.1E-01
rs11118308	1	219633869	2.43693	A	G	0.552201	0.999196	0.335194	5.6E-01	0.00286864	0.00402819	0.507145	4.8E-01	1.57758	2.1E-01
rs867772	1	220972343	2.44817	A	G	0.314926	0.995065	44.0269	3.2E-11	-0.0287929	0.00432468	44.3265	2.8E-11	51.0177	9.2E-13
rs2491864	1	242986063	2.82336	G	A	0.781475	0.998975	0.543334	4.6E-01	0.00289978	0.00485474	0.356779	5.5E-01	0.51659	4.7E-01
rs12042959	1	243533273	2.82744	A	G	0.856295	0.985729	0.118742	7.3E-01	0.00230211	0.00574298	0.160686	6.9E-01	0.137248	7.1E-01
rs1474053	2	224086	0.00121739	T	A	0.30705	0.998582	0.494324	4.8E-01	-0.00269414	0.00434578	0.38433	5.4E-01	0.522719	4.7E-01
rs6548228	2	345889	0.00380575	T	C	0.47675	0.997111	1.44704	2.3E-01	-0.00404707	0.00401378	1.01666	3.1E-01	0.505386	4.8E-01
rs62117023	2	401319	0.00493919	G	A	0.746598	0.975524	0.645558	4.2E-01	0.00428426	0.00466306	0.84413	3.6E-01	0.739857	3.9E-01
rs13387998	2	512327	0.00653916	C	T	0.926049	0.992033	0.149556	7.0E-01	-0.00111757	0.00768397	0.0211533	8.8E-01	0.00181091	9.7E-01
rs7596758	2	658595	0.00865972	T	G	0.702053	0.99674	0.573571	4.5E-01	0.00161644	0.0043679	0.136953	7.1E-01	0.0236561	8.8E-01
rs11902450	2	12845368	0.29449	C	T	0.895435	0.993347	0.00726433	9.3E-01	-0.000793883	0.00657319	0.0145868	9.0E-01	0.177465	6.7E-01
rs13002939	2	21120901	0.419457	A	C	0.744356	0.990004	37.6773	8.3E-10	-0.0291925	0.00461984	39.929	2.6E-10	43.9054	3.4E-11
rs7571647	2	21476634	0.421231	A	G	0.103758	0.975506	152.671	4.5E-35	-0.0823638	0.00664888	153.453	3.0E-35	161.407	5.6E-37
rs75971153	2	24689143	0.455958	T	C	0.805177	0.974205	0.149508	7.0E-01	-0.00102528	0.00512509	0.0400207	8.4E-01	0.0655295	8.0E-01
rs2384463	2	26942256	0.471361	A	G	0.475385	0.994749	0.761972	3.8E-01	-0.00286503	0.0040216	0.507528	4.8E-01	0.449135	5.0E-01
rs6737895	2	35442725	0.577818	G	A	0.776382	1	0.0507239	8.2E-01	0.000757594	0.00480803	0.0248278	8.7E-01	0.100841	7.5E-01
rs10185199	2	40282202	0.642282	G	A	0.719504	0.9446	0.652584	4.2E-01	0.00383824	0.0045863	0.700391	4.0E-01	0.789117	3.7E-01
rs12465106	2	41583244	0.656468	A	C	0.333824	0.990838	0.544822	4.6E-01	0.00360543	0.00427015	0.712898	4.0E-01	0.766291	3.8E-01
rs56266464	2	44054991	0.686489	G	A	0.938798	0.986548	93.4108	4.2E-22	0.0828363	0.00841984	96.7907	7.7E-23	94.8129	2.1E-22
rs6732079	2	46877963	0.735942	T	A	0.903819	0.980261	0.0306362	8.6E-01	0.000818594	0.00684632	0.0142962	9.0E-01	0.0028833	9.6E-01
rs80056702	2	50056246	0.778173	C	T	0.941666	1	4.04494	4.4E-02	-0.0165231	0.00854961	3.73498	5.3E-02	4.48771	3.4E-02
rs6705519	2	55204165	0.827433	C	T	0.699466	0.992125	0.932777	3.3E-01	-0.00456184	0.00438483	1.08237	3.0E-01	1.61156	2.0E-01
rs57178144	2	58681120	0.848912	T	C	0.867472	0.950948	4.25335	3.9E-02	0.012541	0.00604302	4.30684	3.8E-02	4.52665	3.3E-02
rs13417156	2	62848319	0.885521	T	C	0.567371	0.99741	19.2805	1.1E-05	-0.0171972	0.00405389	17.9959	2.2E-05	21.7912	3.0E-06
rs6746570	2	67774191	0.93823	A	C	0.71111	0.971596	0.0765089	7.8E-01	0.00115805	0.00448322	0.0667225	8.0E-01	0.154746	6.9E-01
rs17016642	2	79476375	1.09778	A	G	0.884824	0.971192	1.23652	2.7E-01	0.00631436	0.00635979	0.985763	3.2E-01	0.893261	3.4E-01
rs6752979	2	81741750	1.13256	G	A	0.68268	1	3.22828	7.2E-02	-0.00727131	0.00430601	2.85151	9.1E-02	2.72025	9.9E-02
rs4832285	2	86644664	1.16157	G	A	0.248226	0.999114	1.07378	3.0E-01	-0.00420684	0.00462834	0.826155	3.6E-01	0.754	3.9E-01
rs13023088	2	100576304	1.22131	C	T	0.850793	0.99385	7.22455	7.2E-03	-0.0149003	0.00563776	6.9852	8.2E-03	7.40055	6.5E-03
rs75108145	2	100802984	1.2219	C	T	0.874494	0.987695	3.02194	8.2E-02	0.0111604	0.00609069	3.3576	6.7E-02	3.57642	5.9E-02
rs12712181	2	104354232	1.24985	A	G	0.414449	0.997505	0.087183	7.7E-01	-0.000991544	0.00407236	0.0592832	8.1E-01	0.134589	7.1E-01
rs6754968	2	105414479	1.26241	G	A	0.654767	0.998396	0.00657093	9.4E-01	-0.00101614	0.00422342	0.0578869	8.1E-01	0.445123	5.0E-01
rs13027786	2	133517445	1.5525	G	A	0.745836	0.986506	1.49528	2.2E-01	0.00580893	0.00463727	1.56916	2.1E-01	1.29057	2.6E-01
rs6430552	2	135622808	1.58359	C	T	0.628986	0.999411	0.539399	4.6E-01	-0.00212778	0.00412686	0.265836	6.1E-01	0.827671	3.6E-01
rs2890652	2	142959931	1.641	T	C	0.841295	1	2.28394	1.3E-01	-0.00724567	0.00547	1.75462	1.9E-01	1.73546	1.9E-01
rs6719577	2	144013418	1.64945	G	A	0.821292	0.99734	1.41403	2.3E-01	0.00598247	0.0052362	1.30535	2.5E-01	1.55241	2.1E-01
rs1949527	2	157054911	1.75263	G	T	0.354377	0.997531	3.78555	5.2E-02	0.00929269	0.00419835	4.89921	2.7E-02	3.76801	5.2E-02
rs12692596	2	161265910	1.78694	C	T	0.629671	0.996301	10.3192	1.3E-03	0.0130665	0.00414529	9.93596	1.6E-03	10.4989	1.2E-03
rs12692738	2	165558252	1.81499	T	C	0.772314	0.984603	2.17506	1.4E-01	0.00610368	0.00481768	1.60512	2.1E-01	0.501254	4.8E-01
rs72917531	2	175238176	1.94405	C	A	0.814453	0.991675	0.00120759	9.7E-01	0.000359055	0.00516687	0.00482909	9.4E-01	0.030191	8.6E-01
rs4640353	2	181327570	2.00315	A	C	0.71491	0.994236	3.48916	6.2E-02	-0.00765205	0.00445346	2.9523	8.6E-02	2.91812	8.8E-02
rs114049355	2	183075689	2.01604	C	T	0.940972	0.921249	0.130082	7.2E-01	0.00423048	0.00884976	0.228516	6.3E-01	0.0341304	8.5E-01
rs7570446	2	193801010	2.09677	C	A	0.456734	0.998185	4.93657	2.6E-02	0.00976372	0.00402466	5.88534	1.5E-02	5.59123	1.8E-02
rs7592344	2	198572461	2.12609	C	T	0.80295	0.997005	1.62111	2.0E-01	-0.00531265	0.00504938	1.107	2.9E-01	1.69408	1.9E-01
rs3845802	2	203740672	2.15739	T	G	0.518086	0.997801	4.21037	4.0E-02	-0.00805584	0.00401347	4.02885	4.5E-02	6.05938	1.4E-02
rs11696022	2	205387566	2.17339	C	T	0.23322	0.994602	1.08854	3.0E-01	0.00467905	0.00474921	0.970674	3.2E-01	1.03959	3.1E-01
rs4673553	2	211608379	2.23794	T	G	0.551248	0.992859	1.57432	2.1E-01	-0.00532362	0.00404065	1.73585	1.9E-01	1.75355	1.9E-01
rs12467225	2	212244657	2.24413	C	T	0.714834	0.995832	2.30649	1.3E-01	-0.00586712	0.00445569	1.73388	1.9E-01	1.93298	1.6E-01
rs16847879	2	213067535	2.25955	A	G	0.791086	0.996291	0.0190619	8.9E-01	6.9512e-05	0.00493434	0.000198455	9.9E-01	0.0497168	8.2E-01
rs4674379	2	220214386	2.34424	G	A	0.0952767	0.994198	0.00521527	9.4E-01	0.0011431	0.00683336	0.0279832	8.7E-01	0.0356599	8.5E-01
rs3811514	2	228883721	2.47754	T	C	0.514086	1	1.18534	2.8E-01	0.00412093	0.00400882	1.05671	3.0E-01	0.90542	3.4E-01
rs36191868	2	228999054	2.47864	T	C	0.524364	0.999757	0.0175671	8.9E-01	1.08441e-05	0.00401242	7.30426e-06	1.0E+00	0.00134869	9.7E-01
rs17582010	2	230542810	2.50166	T	C	0.448069	0.984006	0.0458843	8.3E-01	0.00020005	0.00406087	0.00242682	9.6E-01	0.0927927	7.6E-01
rs9312002	3	8137447	0.216149	G	A	0.563618	0.997543	0.358375	5.5E-01	-0.00149759	0.00404889	0.136809	7.1E-01	0.0354169	8.5E-01
rs17609108	3	11626464	0.283018	T	C	0.855414	0.974514	0.245682	6.2E-01	0.00278973	0.00576319	0.234313	6.3E-01	0.133872	7.1E-01
rs11709077	3	12336507	0.297621	G	A	0.88091	0.996457	10.4882	1.2E-03	-0.0192363	0.00618798	9.66375	1.9E-03	10.9706	9.3E-04
rs2596902	3	12955982	0.303023	G	A	0.333814	0.991491	0.103337	7.5E-01	0.00272658	0.00426389	0.408907	5.2E-01	0.722012	4.0E-01
rs2470539	3	15717844	0.355673	C	T	0.410497	0.996599	0.175606	6.8E-01	0.00196999	0.00409087	0.231898	6.3E-01	0.181759	6.7E-01
rs4858223	3	20581149	0.396076	C	T	0.671778	0.98174	0.149594	7.0E-01	0.00132951	0.00431553	0.0949112	7.6E-01	0.00816896	9.3E-01
rs6550943	3	25109249	0.461812	T	A	0.146823	0.996473	0.505663	4.8E-01	0.00391845	0.00566091	0.479132	4.9E-01	0.222978	6.4E-01
rs11921432	3	35117776	0.5931	T	C	0.886271	0.984646	0.194227	6.6E-01	-0.00144601	0.00635775	0.0517291	8.2E-01	0.0499397	8.2E-01
rs4377469	3	42303074	0.652846	G	T	0.112889	1	0.845	3.6E-01	0.00634753	0.00631473	1.01042	3.1E-01	0.85958	3.5E-01
rs33484	3	42417887	0.656606	G	A	0.522038	0.987598	3.75179	5.3E-02	0.00654798	0.00403141	2.63816	1.0E-01	1.92404	1.7E-01
rs9824340	3	43902170	0.666286	C	T	0.307972	0.994289	0.683583	4.1E-01	0.00251639	0.00435446	0.333953	5.6E-01	0.180086	6.7E-01
rs4858802	3	47641011	0.688054	T	C	0.684353	0.999724	0.14717	7.0E-01	0.00185657	0.00430515	0.185972	6.7E-01	0.0860001	7.7E-01
rs4688760	3	49980596	0.690403	C	T	0.311095	0.994668	0.0349994	8.5E-01	7.88419e-05	0.00433969	0.000330063	9.9E-01	0.0468505	8.3E-01
rs12488237	3	56114861	0.741657	T	C	0.942917	1	0.577568	4.5E-01	-0.00854775	0.0086478	0.976995	3.2E-01	0.863774	3.5E-01
rs12491542	3	61130247	0.807467	C	T	0.880318	0.985418	0.0357208	8.5E-01	-0.000399135	0.00621038	0.00413052	9.5E-01	0.160241	6.9E-01
rs9968060	3	62471282	0.82953	C	T	0.356779	0.962185	0.205272	6.5E-01	0.00115184	0.00426918	0.0727936	7.9E-01	0.0343612	8.5E-01
rs4688315	3	62688047	0.83655	C	T	0.214654	0.996323	0.217637	6.4E-01	0.00250195	0.00488771	0.262027	6.1E-01	0.288969	5.9E-01
rs13319996	3	77562191	1.05932	A	T	0.29492	0.996833	0.042678	8.4E-01	-9.99004e-05	0.00440844	0.000513529	9.8E-01	0.00463999	9.5E-01
rs1512500	3	78419039	1.06507	G	T	0.890143	0.997052	0.146837	7.0E-01	-0.00110857	0.00644507	0.0295849	8.6E-01	0.106949	7.4E-01
rs9850466	3	82532568	1.08223	T	C	0.662972	0.999678	1.57369	2.1E-01	-0.00539219	0.00423067	1.62447	2.0E-01	1.89866	1.7E-01
rs7649296	3	84931731	1.08805	G	A	0.677947	0.997066	0.00238983	9.6E-01	0.000175569	0.00428874	0.00167585	9.7E-01	0.011183	9.2E-01
rs62261676	3	85698577	1.08973	A	G	0.787904	0.994918	1.68719	1.9E-01	-0.00671978	0.00491199	1.87152	1.7E-01	2.51783	1.1E-01
rs1996761	3	89962587	1.10367	C	T	0.763473	1	3.72687	5.4E-02	-0.00810726	0.00471631	2.9549	8.6E-02	5.07529	2.4E-02
rs1946725	3	104605525	1.16628	T	C	0.696369	0.998159	0.359565	5.5E-01	0.00286005	0.00435197	0.431893	5.1E-01	0.945109	3.3E-01
rs16850772	3	104736837	1.16712	T	G	0.313009	0.993369	3.72654	5.4E-02	-0.00805488	0.00435299	3.42407	6.4E-02	3.06531	8.0E-02
rs36131051	3	107888841	1.20196	T	G	0.795306	0.978115	0.915803	3.4E-01	-0.00412165	0.00501981	0.674166	4.1E-01	1.0166	3.1E-01
rs114885158	3	114370599	1.259	G	A	0.919289	0.988206	0.0951403	7.6E-01	-0.0031474	0.00741442	0.180198	6.7E-01	0.833454	3.6E-01
rs9289074	3	116858995	1.29335	C	T	0.755933	0.988931	1.839	1.8E-01	-0.00530259	0.0046786	1.28453	2.6E-01	2.00476	1.6E-01
rs11708733	3	128039895	1.41818	G	A	0.952759	0.983201	6.88437	8.7E-03	-0.0257034	0.00953871	7.26107	7.0E-03	7.44474	6.4E-03
rs6785191	3	131453556	1.44252	T	C	0.708876	0.972837	0.78058	3.8E-01	-0.00388699	0.00448643	0.750629	3.9E-01	0.737711	3.9E-01
rs35837273	3	135878634	1.49383	T	C	0.835202	0.99437	9.90151	1.7E-03	-0.0176768	0.00541819	10.6439	1.1E-03	8.73965	3.1E-03
rs2312193	3	141188399	1.53815	T	C	0.613182	0.99475	1.46605	2.3E-01	-0.00515764	0.0041336	1.55684	2.1E-01	1.39995	2.4E-01
rs1568488	3	153657951	1.68298	G	C	0.405648	0.984335	1.01858	3.1E-01	0.00484359	0.00411522	1.38532	2.4E-01	1.23115	2.7E-01
rs13322475	3	156319803	1.70952	T	G	0.847879	0.997837	4.32881	3.7E-02	-0.0120636	0.00559116	4.65528	3.1E-02	6.35906	1.2E-02
rs13100952	3	157800753	1.71783	T	C	0.634426	0.997074	0.00911492	9.2E-01	0.000757688	0.00416704	0.0330617	8.6E-01	0.0252954	8.7E-01
rs11921991	3	170499463	1.7977	C	T	0.888087	0.992745	0.908888	3.4E-01	0.00527211	0.00637325	0.684302	4.1E-01	0.423068	5.2E-01
rs12635553	3	171113714	1.80841	A	T	0.49773	0.998999	0.830186	3.6E-01	0.00319022	0.004001	0.635779	4.3E-01	0.662665	4.2E-01
rs502414	3	180626951	1.95386	C	T	0.649412	0.993077	0.742246	3.9E-01	-0.00280499	0.00420906	0.444114	5.1E-01	0.828364	3.6E-01
rs4859234	3	182311332	1.96951	C	T	0.674163	0.98584	0.0273176	8.7E-01	-0.000519356	0.00430153	0.0145776	9.0E-01	0.00458567	9.5E-01
rs1881973	3	184056101	1.99373	G	C	0.629738	0.976501	0.816892	3.7E-01	-0.0036046	0.00420117	0.736164	3.9E-01	1.12496	2.9E-01
rs78615983	3	185733707	2.02087	T	A	0.856711	0.989326	0.467619	4.9E-01	-0.00532708	0.00575894	0.855646	3.5E-01	0.860959	3.5E-01
rs950257	3	194847650	2.23885	T	A	0.728068	0.997849	0.0114743	9.1E-01	-0.000315667	0.00450902	0.00490113	9.4E-01	0.0332963	8.6E-01
rs6764533	3	196088464	2.24962	G	A	0.642998	0.998204	3.31825	6.9E-02	0.00821117	0.00418557	3.84858	5.0E-02	3.51198	6.1E-02
rs12509447	4	2861090	0.0318387	G	A	0.810696	0.99398	0.140116	7.1E-01	-0.00202001	0.00513297	0.154872	6.9E-01	0.0755848	7.8E-01
rs6818414	4	16600664	0.317111	T	C	0.507505	0.992506	0.175033	6.8E-01	0.00142243	0.00402509	0.124885	7.2E-01	0.269483	6.0E-01
rs2192528	4	18327896	0.339411	A	G	0.477375	0.997272	0.227361	6.3E-01	-0.00106985	0.00401743	0.0709171	7.9E-01	0.00297735	9.6E-01
rs16876869	4	25118707	0.433802	C	T	0.863557	0.998491	0.379201	5.4E-01	-0.00411033	0.00585837	0.492267	4.8E-01	0.103866	7.5E-01
rs2309830	4	28584523	0.489893	T	G	0.763499	0.995574	0.535247	4.6E-01	-0.00208598	0.00472634	0.194792	6.6E-01	0.240794	6.2E-01
rs4270551	4	30703243	0.511997	A	C	0.136232	0.990257	0.433402	5.1E-01	0.00450953	0.00587257	0.589667	4.4E-01	0.781441	3.8E-01
rs6531639	4	38556399	0.601586	G	A	0.752878	0.952325	0.40735	5.2E-01	-0.00309964	0.0047584	0.424328	5.1E-01	0.446679	5.0E-01
rs12498157	4	44430025	0.675923	T	A	0.253764	0.990835	0.075916	7.8E-01	0.00162797	0.0046189	0.124228	7.2E-01	0.387209	5.3E-01
rs74715904	4	45178081	0.679816	A	G	0.906264	0.977125	1.7968	1.8E-01	0.00913401	0.00695575	1.72439	1.9E-01	1.71214	1.9E-01
rs1492767	4	55221467	0.710006	C	T	0.493554	0.999056	0.182562	6.7E-01	0.0018683	0.00400073	0.218079	6.4E-01	0.139541	7.1E-01
rs2537860	4	55484718	0.714088	A	C	0.436237	0.974656	0.827472	3.6E-01	-0.00361803	0.00408822	0.783209	3.8E-01	1.13449	2.9E-01
rs6551871	4	65643064	0.818795	C	A	0.675782	0.992173	0.0651807	8.0E-01	0.000911481	0.00430384	0.0448522	8.3E-01	0.308365	5.8E-01
rs6845883	4	67801500	0.836177	A	G	0.217603	0.990748	0.627073	4.3E-01	0.00399499	0.00487483	0.671602	4.1E-01	0.49799	4.8E-01
rs10033843	4	77028783	0.90134	G	A	0.798807	0.999649	0.325081	5.7E-01	-0.00315805	0.0050011	0.398756	5.3E-01	0.337319	5.6E-01
rs72649373	4	80609966	0.943324	T	C	0.85785	0.957198	0.542146	4.6E-01	0.00508777	0.00587529	0.749887	3.9E-01	0.396468	5.3E-01
rs1481012	4	89039082	1.03949	A	G	0.88825	0.994759	0.301628	5.8E-01	0.00199855	0.00637884	0.0981627	7.5E-01	0.32306	5.7E-01
rs10014552	4	94407841	1.08151	G	T	0.194146	0.979518	1.7455	1.9E-01	-0.00741787	0.00511008	2.10719	1.5E-01	2.50704	1.1E-01
rs2865330	4	95004716	1.08844	A	G	0.536062	0.999052	0.642102	4.2E-01	-0.0039154	0.00402165	0.94786	3.3E-01	0.67474	4.1E-01
rs12513212	4	96149346	1.09853	A	C	0.594801	0.994888	2.21666	1.4E-01	-0.00623067	0.00408939	2.32141	1.3E-01	3.71904	5.4E-02
rs2850360	4	102216212	1.14871	A	G	0.852635	0.988759	0.330453	5.7E-01	-0.00483174	0.00568953	0.721198	4.0E-01	0.526885	4.7E-01
rs57957741	4	103164166	1.15814	G	A	0.473645	0.994208	0.275121	6.0E-01	-0.00127459	0.00403443	0.0998109	7.5E-01	0.0401128	8.4E-01
rs326872	4	112733434	1.24745	A	G	0.332672	0.993023	3.16157	7.5E-02	-0.00771152	0.0042728	3.25727	7.1E-02	2.84323	9.2E-02
rs10022185	4	120571765	1.314	C	G	0.70701	0.996192	0.868153	3.5E-01	0.0043989	0.00442605	0.98777	3.2E-01	1.045	3.1E-01
rs6534743	4	130714768	1.39824	G	A	0.707156	0.986974	2.27556	1.3E-01	0.0064058	0.0044271	2.09367	1.5E-01	2.76116	9.7E-02
rs10018743	4	136972541	1.44304	G	A	0.63247	0.98831	2.46205	1.2E-01	0.00559377	0.00419309	1.77968	1.8E-01	2.31699	1.3E-01
rs769676	4	140856533	1.49522	A	G	0.738463	0.984882	0.115408	7.3E-01	-0.00109295	0.00460764	0.0562656	8.1E-01	0.0651483	8.0E-01
rs7375701	4	145260561	1.53722	G	A	0.280275	0.993669	0.0634673	8.0E-01	0.0016694	0.00448102	0.138792	7.1E-01	0.0757756	7.8E-01
rs750090	4	152931436	1.59021	T	C	0.644559	0.97605	0.00572344	9.4E-01	2.98277e-05	0.00422517	4.98369e-05	9.9E-01	0.022178	8.8E-01
rs10024755	4	161931670	1.69375	C	G	0.777113	0.993719	1.64745	2.0E-01	-0.00593278	0.00484633	1.49862	2.2E-01	1.01906	3.1E-01
rs148636479	4	164359678	1.72579	A	T	0.971622	0.876916	1.7438	1.9E-01	0.0150172	0.0128533	1.36506	2.4E-01	1.40533	2.4E-01
rs17630894	4	171532023	1.80674	T	G	0.862036	0.996667	2.29696	1.3E-01	0.00826512	0.00582757	2.01152	1.6E-01	1.89411	1.7E-01
rs6822571	4	173552902	1.82334	A	G	0.47883	0.997719	0.0544296	8.2E-01	0.00136849	0.00402339	0.11569	7.3E-01	0.337707	5.6E-01
rs16871902	5	3488462	0.0869448	G	A	0.512741	0.997953	0.164329	6.9E-01	-0.000903435	0.00401601	0.0506062	8.2E-01	0.132538	7.2E-01
rs12109333	5	27166660	0.425295	T	C	0.716328	0.997419	0.0999146	7.5E-01	-0.00167023	0.00445591	0.140501	7.1E-01	0.2778	6.0E-01
rs6451674	5	43110754	0.62057	C	T	0.315548	0.990686	0.157688	6.9E-01	0.00140778	0.00432751	0.105827	7.4E-01	0.00977213	9.2E-01
rs7704281	5	50591460	0.628051	G	A	0.959743	0.99038	5.5221	1.9E-02	-0.0243696	0.0102436	5.65965	1.7E-02	4.80714	2.8E-02
rs7734879	5	60711632	0.720162	C	A	0.63877	0.999176	0.691713	4.1E-01	-0.00401505	0.00417206	0.926146	3.4E-01	0.955585	3.3E-01
rs237976	5	62600850	0.738104	C	T	0.438642	0.998534	0.781516	3.8E-01	-0.00355538	0.00403743	0.775464	3.8E-01	0.891599	3.5E-01
rs1459192	5	63944519	0.744046	C	T	0.669709	0.994464	1.54119	2.1E-01	0.00584181	0.00426946	1.87219	1.7E-01	1.99877	1.6E-01
rs4072296	5	74242002	0.858799	T	C	0.458782	0.938263	32.2669	1.3E-08	-0.0236636	0.00414651	32.5683	1.2E-08	31.1695	2.4E-08
rs6889485	5	75129986	0.862025	G	A	0.565009	0.992761	16.3548	5.3E-05	-0.0164039	0.00406696	16.2688	5.5E-05	15.5957	7.8E-05
rs7725126	5	80730191	0.955869	C	T	0.65455	0.987889	0.00107918	9.7E-01	-0.000766982	0.00422988	0.0328787	8.6E-01	0.0276687	8.7E-01
rs16876684	5	86563970	1.01135	T	G	0.987836	0.991014	1.78526	1.8E-01	0.0238513	0.0183323	1.69275	1.9E-01	1.77715	1.8E-01
rs6882046	5	87968864	1.01539	A	G	0.733018	0.978462	1.2445	2.6E-01	-0.00532812	0.00458663	1.34946	2.5E-01	1.17971	2.8E-01
rs142503704	5	92622421	1.04908	G	A	0.977168	0.959904	0.673752	4.1E-01	0.0110449	0.0137068	0.649313	4.2E-01	0.761611	3.8E-01
rs17383803	5	95393883	1.0716	T	C	0.907172	1	0.712662	4.0E-01	0.00765162	0.00689279	1.2323	2.7E-01	0.678827	4.1E-01
rs1026534	5	95855091	1.0746	G	C	0.396969	0.999112	0.120321	7.3E-01	-0.000778984	0.00409398	0.0362047	8.5E-01	0.00647612	9.4E-01
rs2545593	5	102054421	1.10814	A	T	0.568418	0.998323	0.936991	3.3E-01	0.00386931	0.00405114	0.912246	3.4E-01	1.50898	2.2E-01
rs4382152	5	106379106	1.13899	T	C	0.619397	1	0.187482	6.7E-01	-0.00204559	0.00413302	0.244965	6.2E-01	0.586545	4.4E-01
rs1433057	5	107285076	1.15555	A	G	0.536635	0.987024	0.353066	5.5E-01	0.00231254	0.00403742	0.328073	5.7E-01	0.378758	5.4E-01
rs6421825	5	107866060	1.15804	G	A	0.185771	0.999581	0.732626	3.9E-01	0.00481716	0.0051395	0.878497	3.5E-01	0.708141	4.0E-01
rs459552	5	112176756	1.19663	T	A	0.231534	1	0.00666493	9.3E-01	-0.00105858	0.00475208	0.0496225	8.2E-01	0.153506	7.0E-01
rs9327119	5	119309059	1.27778	C	G	0.4218	0.9872	4.59243	3.2E-02	0.00864231	0.00408501	4.47582	3.4E-02	4.91042	2.7E-02
rs13156484	5	122653399	1.3097	G	A	0.528207	0.979173	0.00396513	9.5E-01	-0.000179222	0.00405655	0.00195196	9.6E-01	0.000324655	9.9E-01
rs1422662	5	130440206	1.38534	A	G	0.785211	0.999034	1.79145	1.8E-01	-0.00647514	0.00488143	1.75956	1.8E-01	1.65018	2.0E-01
rs1369126	5	136532351	1.44779	G	C	0.531574	0.995632	0.103717	7.5E-01	-0.000548322	0.00401268	0.0186725	8.9E-01	0.0496614	8.2E-01
rs11242420	5	137624513	1.45252	C	T	0.808209	0.997884	0.951194	3.3E-01	0.00559848	0.00509871	1.20564	2.7E-01	0.715385	4.0E-01
rs1895336	5	144465810	1.52134	A	G	0.597239	0.992794	0.19357	6.6E-01	0.00172963	0.00410826	0.177253	6.7E-01	0.126782	7.2E-01
rs2579040	5	152515823	1.63419	T	A	0.27912	0.996176	1.3535	2.4E-01	-0.00531542	0.00447687	1.4097	2.4E-01	1.84868	1.7E-01
rs17115481	5	153358226	1.64029	G	A	0.730277	0.993088	2.29503	1.3E-01	0.00562781	0.00452595	1.54618	2.1E-01	1.73497	1.9E-01
rs10515706	5	153578518	1.64141	C	T	0.572203	0.993087	2.0124	1.6E-01	-0.00632616	0.00406574	2.42104	1.2E-01	1.48173	2.2E-01
rs766120	5	164548126	1.74957	G	A	0.379101	0.999276	0.837048	3.6E-01	-0.00434847	0.00413586	1.10546	2.9E-01	1.27836	2.6E-01
rs2161214	5	170284624	1.86356	A	C	0.313895	0.997023	0.399184	5.3E-01	0.00283514	0.00432534	0.429642	5.1E-01	0.573272	4.5E-01
rs1966265	5	176516631	2.00003	G	A	0.754745	1	2.58921	1.1E-01	-0.00844868	0.0046511	3.29963	6.9E-02	3.54039	6.0E-02
rs9463175	6	9510030	0.227745	C	T	0.661396	0.983753	0.0808127	7.8E-01	-0.00118841	0.00427382	0.077322	7.8E-01	0.000449942	9.8E-01
rs12210300	6	12078686	0.272534	A	G	0.684962	1	1.82757	1.8E-01	-0.00659323	0.00431434	2.33544	1.3E-01	1.76006	1.8E-01
rs62385532	6	13161394	0.290635	G	A	0.710645	0.991949	0.811441	3.7E-01	0.00538536	0.00443585	1.47393	2.2E-01	1.05973	3.0E-01
rs4134939	6	20481825	0.408952	T	C	0.316831	0.973957	0.00222919	9.6E-01	0.000803863	0.00436612	0.0338979	8.5E-01	0.31428	5.8E-01
rs1185976	6	25822363	0.492387	C	T	0.706333	0.999554	0.0255801	8.7E-01	-0.00100637	0.00439571	0.0524151	8.2E-01	0.124512	7.2E-01
rs1233587	6	28719755	0.498924	A	T	0.710277	0.999303	2.36846	1.2E-01	-0.00780563	0.00441447	3.12651	7.7E-02	2.72653	9.9E-02
rs3115667	6	31643399	0.515597	T	C	0.278811	1	0.0874872	7.7E-01	-0.000652411	0.00445916	0.0214061	8.8E-01	0.0433335	8.4E-01
rs11757081	6	33459420	0.531358	A	T	0.750981	0.997671	0.0845697	7.7E-01	-0.00011197	0.00462977	0.000584904	9.8E-01	7.9397e-05	9.9E-01
rs2499714	6	34072215	0.543389	C	T	0.908411	0.988109	0.135057	7.1E-01	-0.00337018	0.00697609	0.233391	6.3E-01	0.189379	6.6E-01
rs11758326	6	34482498	0.547552	A	G	0.912598	0.986128	3.62359	5.7E-02	0.0141425	0.00715091	3.91136	4.8E-02	5.13423	2.3E-02
rs2395628	6	35473252	0.551863	C	T	0.698599	0.994251	0.870681	3.5E-01	-0.00459296	0.00436572	1.10681	2.9E-01	1.66968	2.0E-01
rs1433723	6	40350399	0.614243	T	C	0.710236	0.996612	0.144469	7.0E-01	0.00208855	0.00442817	0.222454	6.4E-01	0.363263	5.5E-01
rs11963572	6	46302448	0.722776	T	C	0.491919	0.993234	0.00504713	9.4E-01	0.00104652	0.00402514	0.0675981	7.9E-01	0.0415743	8.4E-01
rs17664591	6	50183721	0.747534	G	T	0.956925	0.99128	3.54775	6.0E-02	0.017132	0.00992407	2.98013	8.4E-02	3.25433	7.1E-02
rs280280	6	50569828	0.750317	C	T	0.165805	0.992937	0.153513	7.0E-01	0.0018873	0.00541101	0.121653	7.3E-01	0.00145578	9.7E-01
rs149750300	6	50717074	0.7506	A	G	0.984095	0.986819	0.00332209	9.5E-01	0.000452479	0.0161127	0.00078861	9.8E-01	0.00443369	9.5E-01
rs9361779	6	64159064	0.812363	C	A	0.457314	0.997526	1.84206	1.7E-01	0.00593801	0.00403819	2.16227	1.4E-01	2.06997	1.5E-01
rs3883872	6	83322002	0.934204	C	T	0.538241	0.979395	5.86033	1.5E-02	0.00966022	0.00406196	5.65592	1.7E-02	5.13033	2.4E-02
rs9362662	6	90296588	0.987815	A	G	0.479556	0.991565	0.887185	3.5E-01	0.00394042	0.00401761	0.961943	3.3E-01	0.35646	5.5E-01
rs1324110	6	93913200	1.03177	G	C	0.55584	0.990874	3.24793	7.2E-02	-0.00745973	0.00405181	3.38959	6.6E-02	3.65359	5.6E-02
rs1206133	6	97543137	1.05873	C	T	0.24581	0.972297	0.00340221	9.5E-01	-0.00136296	0.0047121	0.0836631	7.7E-01	0.0101058	9.2E-01
rs9320747	6	98310291	1.06181	T	G	0.532837	0.993884	5.19881	2.3E-02	-0.00960379	0.00403169	5.6743	1.7E-02	5.01809	2.5E-02
rs156128	6	104836826	1.11693	G	A	0.245638	0.999684	4.89826	2.7E-02	0.0105275	0.00466268	5.09772	2.4E-02	5.27063	2.2E-02
rs1575676	6	108861264	1.17848	C	T	0.629055	0.997454	2.32783	1.3E-01	0.00657385	0.00414727	2.51255	1.1E-01	1.31683	2.5E-01
rs9387640	6	119508871	1.25792	C	T	0.634761	1	0.0984459	7.5E-01	0.0023652	0.00417413	0.321071	5.7E-01	0.230102	6.3E-01
rs2875762	6	124925032	1.30799	G	C	0.757629	0.990596	0.904068	3.4E-01	0.00313003	0.00469778	0.443928	5.1E-01	0.178844	6.7E-01
rs4895799	6	126052729	1.32459	C	T	0.415289	0.992315	0.0612556	8.0E-01	-0.00106491	0.00408259	0.0680381	7.9E-01	0.0253645	8.7E-01
rs6569648	6	130349119	1.35981	C	T	0.239855	1	0.693188	4.1E-01	-0.00338136	0.00467661	0.522783	4.7E-01	0.361692	5.5E-01
rs2781659	6	131891820	1.37734	A	G	0.688059	1	0.457108	5.0E-01	0.0031025	0.00432336	0.514971	4.7E-01	0.704984	4.0E-01
rs11754747	6	141494602	1.50941	C	T	0.744216	0.987686	3.36242	6.7E-02	0.00870896	0.00462809	3.54102	6.0E-02	4.70974	3.0E-02
rs12194419	6	143148142	1.51953	G	A	0.727002	0.984742	2.98084	8.4E-02	0.008892	0.00453228	3.84916	5.0E-02	3.44272	6.4E-02
rs2256216	6	147471730	1.55898	A	G	0.462483	0.956666	0.00352994	9.5E-01	-0.00144291	0.00411069	0.123211	7.3E-01	0.0313753	8.6E-01
rs7755574	6	153364643	1.66311	G	T	0.718556	0.997121	4.12365	4.2E-02	0.00943924	0.00447279	4.45366	3.5E-02	4.54179	3.3E-02
rs12207125	6	154301575	1.6763	A	G	0.781403	0.992451	0.00629288	9.4E-01	0.000304088	0.00486399	0.00390852	9.5E-01	3.52061e-06	1.0E+00
rs450265	6	160736359	1.77422	C	T	0.483528	0.999936	2.1719	1.4E-01	0.00478556	0.00400965	1.42447	2.3E-01	1.44753	2.3E-01
rs34540135	6	162934351	1.81802	A	G	0.873967	0.966582	1.0244	3.1E-01	-0.00656576	0.00614712	1.14085	2.9E-01	0.729532	3.9E-01
rs13226702	7	1019249	0.0110566	G	A	0.799961	0.99343	59.4718	1.2E-14	0.0396193	0.00502127	62.2567	3.0E-15	65.022	7.4E-16
rs4722398	7	3125220	0.0523222	C	T	0.865235	1	0.00657528	9.4E-01	0.000654687	0.00587293	0.0124268	9.1E-01	0.0242255	8.8E-01
rs118182061	7	14655786	0.275253	T	A	0.975008	0.988845	4.9135	2.7E-02	0.0330693	0.0129422	6.52884	1.1E-02	5.74341	1.7E-02
rs10263780	7	19778086	0.347944	G	A	0.862505	0.994464	0.0233614	8.8E-01	0.000606447	0.00585257	0.0107372	9.2E-01	0.180098	6.7E-01
rs4722672	7	27231762	0.453385	C	T	0.178708	0.980102	2.17701	1.4E-01	0.006782	0.00528255	1.64827	2.0E-01	1.82832	1.8E-01
rs10241729	7	32289879	0.544096	A	G	0.780068	0.986162	0.416845	5.2E-01	0.00349152	0.00487719	0.512496	4.7E-01	0.267296	6.1E-01
rs1019083	7	39414081	0.63582	A	G	0.84633	0.989979	0.978204	3.2E-01	-0.00472999	0.00557758	0.719164	4.0E-01	0.63408	4.3E-01
rs710888	7	44777556	0.700884	A	G	0.422452	0.98989	7.11523	7.6E-03	0.0101064	0.00407908	6.13857	1.3E-02	8.2314	4.1E-03
rs2189833	7	49507651	0.755765	G	A	0.334039	0.996219	0.398985	5.3E-01	0.00387286	0.00425607	0.828027	3.6E-01	0.955638	3.3E-01
rs1466163	7	50607206	0.766828	A	G	0.11686	0.995864	0.00588972	9.4E-01	-0.000843684	0.00626189	0.018153	8.9E-01	0.005417	9.4E-01
rs10259748	7	69281111	0.866623	T	G	0.679055	0.998943	0.0229636	8.8E-01	-0.00115908	0.00428523	0.0731613	7.9E-01	0.19057	6.6E-01
rs4718966	7	70040558	0.868636	C	T	0.585931	0.992694	0.137804	7.1E-01	-0.00112012	0.00408782	0.0750836	7.8E-01	0.00585732	9.4E-01
rs3973896	7	71428960	0.890229	C	G	0.828074	0.969349	0.547762	4.6E-01	-0.00219947	0.00539196	0.166397	6.8E-01	0.342008	5.6E-01
rs28584911	7	74081407	0.91304	T	G	0.655577	0.99949	2.38959	1.2E-01	0.00667731	0.00422255	2.50066	1.1E-01	2.80647	9.4E-02
rs77497827	7	75038408	0.913217	A	G	0.535049	0.806181	12.2467	4.7E-04	0.0162813	0.004463	13.3084	2.6E-04	13.016	3.1E-04
rs10260232	7	78120735	0.952444	C	T	0.495546	0.987744	1.41614	2.3E-01	0.00455688	0.00403867	1.27309	2.6E-01	1.02214	3.1E-01
rs2158045	7	93082708	1.09422	C	T	0.524967	0.990979	0.491639	4.8E-01	0.00273329	0.0040317	0.459615	5.0E-01	0.393358	5.3E-01
rs917154	7	99020806	1.15524	A	G	0.844107	0.995198	2.29115	1.3E-01	-0.00850843	0.00554096	2.35792	1.2E-01	1.57771	2.1E-01
rs17155888	7	103416295	1.18694	T	A	0.57496	0.98913	0.199688	6.5E-01	-0.00117965	0.0040692	0.0840405	7.7E-01	0.00372613	9.5E-01
rs1608891	7	112795334	1.29284	G	A	0.679188	0.983328	5.33325	2.1E-02	-0.00893306	0.00433046	4.25532	3.9E-02	3.71435	5.4E-02
rs6944092	7	113483569	1.2996	A	G	0.629013	0.997581	0.0025985	9.6E-01	-0.000372976	0.00415202	0.00806943	9.3E-01	0.139099	7.1E-01
rs936146	7	114294405	1.30462	G	C	0.52517	0.98912	0.120935	7.3E-01	-0.00195602	0.00403358	0.235162	6.3E-01	0.117801	7.3E-01
rs896183	7	127831580	1.37625	G	A	0.578819	0.975804	1.18648	2.8E-01	0.00431093	0.0041086	1.10092	2.9E-01	0.761413	3.8E-01
rs1814170	7	138794149	1.52056	A	T	0.899466	0.983775	1.05352	3.0E-01	-0.00621597	0.00670281	0.86001	3.5E-01	0.667712	4.1E-01
rs9640171	7	150600845	1.6794	G	A	0.719327	0.982269	4.79275	2.9E-02	-0.00970819	0.00450884	4.63604	3.1E-02	7.24544	7.1E-03
rs1658820	8	4288577	0.1172	G	T	0.755687	0.985142	2.44624	1.2E-01	-0.00792543	0.00470102	2.84225	9.2E-02	2.80694	9.4E-02
rs2980436	8	8092025	0.237424	G	A	0.545084	0.992022	10.4275	1.2E-03	-0.0117126	0.00404492	8.3846	3.8E-03	9.62527	1.9E-03
rs34803352	8	14042304	0.362732	T	C	0.655661	0.989136	0.00842336	9.3E-01	0.000605833	0.00424175	0.0203994	8.9E-01	0.0499612	8.2E-01
rs4258002	8	15493417	0.380515	G	T	0.855263	0.998595	0.00903236	9.2E-01	0.000186215	0.0056945	0.00106934	9.7E-01	0.0269736	8.7E-01
rs1470687	8	20628793	0.485499	C	G	0.669974	0.991276	0.861452	3.5E-01	-0.00425899	0.00427877	0.990778	3.2E-01	0.342945	5.6E-01
rs13250995	8	23329985	0.54132	G	A	0.824719	0.988818	0.16795	6.8E-01	0.000801276	0.00529839	0.0228705	8.8E-01	0.025236	8.7E-01
rs17411738	8	28060572	0.603281	T	G	0.543762	1	0.253694	6.1E-01	0.00224813	0.00402025	0.312707	5.8E-01	0.498081	4.8E-01
rs17647894	8	30820168	0.644882	C	A	0.5703	0.997844	0.689141	4.1E-01	-0.00252938	0.00404809	0.390416	5.3E-01	0.360941	5.5E-01
rs4647906	8	38325411	0.694629	G	A	0.597349	0.997516	4.34529	3.7E-02	-0.00808698	0.0040788	3.93104	4.7E-02	3.68071	5.5E-02
rs55704109	8	59323247	0.819013	G	A	0.506918	0.919152	32.5169	1.2E-08	0.0223022	0.00418219	28.4374	9.7E-08	32.5051	1.2E-08
rs10216609	8	62034284	0.850754	C	A	0.846841	0.996244	0.265445	6.1E-01	0.00234786	0.00558106	0.176975	6.7E-01	0.248603	6.2E-01
rs7822926	8	64701966	0.867188	A	C	0.529057	0.995395	0.150359	7.0E-01	0.00130687	0.00403206	0.105053	7.5E-01	0.133977	7.1E-01
rs2017657	8	73426371	0.974058	G	T	0.426163	1	0.00343575	9.5E-01	0.000503273	0.00406332	0.0153407	9.0E-01	0.048154	8.3E-01
rs2170382	8	74689288	0.991459	C	T	0.885523	0.995074	1.10976	2.9E-01	0.00563514	0.00631959	0.795117	3.7E-01	0.95286	3.3E-01
rs1813039	8	76295984	1.00648	G	A	0.289677	0.988819	0.576314	4.5E-01	0.0039665	0.00444189	0.797404	3.7E-01	0.802133	3.7E-01
rs7833023	8	85053241	1.06276	C	A	0.274821	0.994182	0.0930933	7.6E-01	-0.000334465	0.0045142	0.0054896	9.4E-01	2.62567e-06	1.0E+00
rs4286925	8	93237876	1.10371	A	G	0.664213	0.999539	0.0223373	8.8E-01	-0.000323428	0.00424421	0.00580714	9.4E-01	0.0022744	9.6E-01
rs113630732	8	95496030	1.1287	G	A	0.762487	0.987676	1.67524	2.0E-01	-0.00553038	0.00473472	1.36433	2.4E-01	1.05647	3.0E-01
rs1383592	8	106430676	1.25808	G	A	0.797477	0.997356	0.219253	6.4E-01	-0.00178764	0.00497576	0.129075	7.2E-01	0.132868	7.2E-01
rs231144	8	116416131	1.31481	T	C	0.197236	0.979876	2.45515	1.2E-01	-0.0081514	0.00509378	2.56084	1.1E-01	2.27537	1.3E-01
rs2385114	8	126447308	1.45276	C	T	0.513505	0.979388	33.2697	8.0E-09	-0.0233289	0.00405218	33.1444	8.6E-09	38.1148	6.7E-10
rs7823706	8	132874175	1.55933	G	C	0.900832	0.994274	0.181387	6.7E-01	-0.00400614	0.00674255	0.353024	5.5E-01	0.391866	5.3E-01
rs13266268	8	142611971	1.73096	C	T	0.612047	0.936385	0.501994	4.8E-01	-0.00308516	0.00425513	0.525689	4.7E-01	0.517623	4.7E-01
rs4072917	8	143300279	1.7496	G	A	0.525555	0.990762	5.41297	2.0E-02	0.00968643	0.00402369	5.79533	1.6E-02	6.00098	1.4E-02
rs7037266	9	6942940	0.164689	C	A	0.638295	0.99833	1.68003	1.9E-01	-0.00573808	0.00416978	1.89368	1.7E-01	2.06559	1.5E-01
rs1352522	9	11265159	0.255425	A	T	0.472109	0.994616	3.39773	6.5E-02	0.0071882	0.00403928	3.16689	7.5E-02	2.87243	9.0E-02
rs10810392	9	15529852	0.34171	G	A	0.70236	0.998296	0.013212	9.1E-01	-0.00127518	0.00438752	0.084471	7.7E-01	0.371678	5.4E-01
rs10962547	9	16712247	0.359896	T	A	0.827268	0.993311	0.0531267	8.2E-01	0.000507263	0.0053065	0.00913794	9.2E-01	0.0476094	8.3E-01
rs10965693	9	23194860	0.454296	C	T	0.628014	0.995687	0.163504	6.9E-01	-0.00111435	0.00415748	0.071843	7.9E-01	0.252078	6.2E-01
rs1342097	9	27748698	0.533307	A	T	0.527835	0.986968	1.30069	2.5E-01	-0.00460966	0.0040373	1.30363	2.5E-01	1.59043	2.1E-01
rs2383827	9	29628356	0.55829	A	G	0.577794	0.982182	0.559752	4.5E-01	0.00299602	0.00409467	0.535367	4.6E-01	0.666867	4.1E-01
rs10973183	9	37066231	0.624601	T	C	0.461642	0.99687	1.79375	1.8E-01	-0.00475746	0.00402211	1.39908	2.4E-01	1.23848	2.7E-01
rs7038966	9	73777777	0.840061	C	T	0.590126	0.987057	10.9952	9.1E-04	0.0139117	0.00410734	11.4719	7.1E-04	13.022	3.1E-04
rs10116186	9	80532374	0.931287	A	G	0.456662	0.990981	1.26843	2.6E-01	-0.00419757	0.00403104	1.08433	3.0E-01	1.65192	2.0E-01
rs12342093	9	81341229	0.940469	G	T	0.587897	0.986826	0.31271	5.8E-01	-0.00149398	0.00410445	0.132489	7.2E-01	0.0387199	8.4E-01
rs2777768	9	84186734	0.972648	A	G	0.731104	0.99467	0.20749	6.5E-01	0.00140893	0.00453742	0.0964182	7.6E-01	0.119011	7.3E-01
rs13283585	9	92011763	1.08794	G	A	0.776059	0.992567	0.00552337	9.4E-01	-0.000247976	0.00481938	0.0026475	9.6E-01	0.0920224	7.6E-01
rs10820852	9	94186973	1.11918	C	A	0.724507	0.995129	0.00483051	9.4E-01	-0.000915261	0.00450775	0.0412259	8.4E-01	0.0863656	7.7E-01
rs11999013	9	96154352	1.13313	A	C	0.83665	0.993837	3.86657	4.9E-02	-0.0113711	0.00543286	4.38075	3.6E-02	6.20659	1.3E-02
rs13298187	9	102086525	1.19449	G	C	0.557964	0.995745	1.58429	2.1E-01	0.00511667	0.00404564	1.59956	2.1E-01	1.74496	1.9E-01
rs1484375	9	109067561	1.25942	A	G	0.222288	1	0.0115082	9.1E-01	-0.00160054	0.00482231	0.11016	7.4E-01	0.350091	5.5E-01
rs2417998	9	111958746	1.3058	C	G	0.292548	0.991129	0.987759	3.2E-01	-0.00499142	0.00443866	1.26457	2.6E-01	1.0646	3.0E-01
rs28693508	9	120361418	1.43341	C	G	0.660764	0.99984	1.68379	1.9E-01	-0.00457723	0.00422219	1.17525	2.8E-01	1.80855	1.8E-01
rs7864914	9	122631415	1.46605	A	G	0.895914	0.994445	1.33729	2.5E-01	0.00857202	0.0066015	1.68609	1.9E-01	1.73245	1.9E-01
rs10985963	9	126081738	1.50258	C	T	0.655668	1	1.42984	2.3E-01	-0.00546597	0.00421806	1.67922	2.0E-01	1.84722	1.7E-01
rs10986291	9	127016271	1.51402	A	T	0.663493	0.998445	0.693917	4.0E-01	-0.00388053	0.00424664	0.83501	3.6E-01	1.12285	2.9E-01
rs3003606	9	130982416	1.5501	C	T	0.447842	0.997618	0.758159	3.8E-01	0.00374089	0.00404651	0.854653	3.6E-01	0.799035	3.7E-01
rs2210625	10	10256274	0.226551	A	C	0.83048	0.994947	2.43709	1.2E-01	0.0083334	0.00535431	2.42235	1.2E-01	1.89235	1.7E-01
rs10904791	10	16722347	0.376643	A	C	0.330661	0.975889	0.00955364	9.2E-01	-0.00134642	0.00431191	0.0975046	7.5E-01	0.180298	6.7E-01
rs12761995	10	21690509	0.466409	A	C	0.833819	0.987021	4.76519	2.9E-02	0.0121179	0.00541657	5.00501	2.5E-02	5.47996	1.9E-02
rs4097319	10	33860515	0.618889	T	G	0.565846	0.995031	0.278474	6.0E-01	-0.00269177	0.00405847	0.439899	5.1E-01	0.192012	6.6E-01
rs17231072	10	33951730	0.620984	A	C	0.842226	0.991796	7.3351	6.8E-03	-0.0144082	0.00551337	6.82941	9.0E-03	6.24399	1.2E-02
rs10763587	10	52356264	0.733349	C	T	0.690787	0.970215	3.8607	4.9E-02	-0.00828817	0.00440222	3.54466	6.0E-02	4.45057	3.5E-02
rs1937683	10	53679060	0.748396	C	T	0.334981	1	1.17901	2.8E-01	-0.00399944	0.00425936	0.881676	3.5E-01	0.778818	3.8E-01
rs7070670	10	61842645	0.8423	C	T	0.672129	0.984388	0.826423	3.6E-01	-0.00370045	0.00428868	0.744494	3.9E-01	1.36149	2.4E-01
rs4746865	10	64834173	0.870392	G	A	0.599382	0.999286	0.341673	5.6E-01	-0.00330718	0.00409504	0.652227	4.2E-01	0.560512	4.5E-01
rs7090106	10	75720956	0.999154	A	T	0.787205	0.991026	0.0372698	8.5E-01	0.000709607	0.00490585	0.0209222	8.8E-01	9.12819e-05	9.9E-01
rs7075347	10	76533307	1.00123	C	T	0.934809	1	0.00160372	9.7E-01	-0.0011598	0.00811387	0.0204318	8.9E-01	0.102474	7.5E-01
rs12412597	10	87339257	1.13684	G	A	0.949687	0.989888	0.679552	4.1E-01	0.00779647	0.00921552	0.715741	4.0E-01	0.299622	5.8E-01
rs10887571	10	88030441	1.14705	C	T	0.553302	0.979368	0.154826	6.9E-01	0.00124956	0.00406219	0.0946228	7.6E-01	0.00134843	9.7E-01
rs2450444	10	93010383	1.20287	G	A	0.650548	0.997815	0.027359	8.7E-01	0.000902903	0.0041942	0.0463428	8.3E-01	0.135227	7.1E-01
rs472818	10	99695057	1.26982	T	C	0.578411	0.981176	3.18666	7.4E-02	-0.00693896	0.00409019	2.87808	9.0E-02	4.05382	4.4E-02
rs72844408	10	102425467	1.29272	G	A	0.778973	0.986164	1.72871	1.9E-01	0.00658689	0.00485493	1.84076	1.7E-01	1.83631	1.8E-01
rs2296580	10	104241683	1.30539	G	T	0.700739	0.999674	0.272347	6.0E-01	0.00198767	0.00438277	0.205679	6.5E-01	0.0806611	7.8E-01
rs192569	10	104577915	1.30605	T	C	0.420829	0.996118	0.584422	4.4E-01	0.00309259	0.00407363	0.576341	4.5E-01	0.599967	4.4E-01
rs7917983	10	114732882	1.3977	T	C	0.531909	1	1.46617	2.3E-01	0.00465413	0.00401056	1.34669	2.5E-01	1.34531	2.5E-01
rs1637556	10	118568352	1.45195	G	A	0.562841	0.989119	0.278508	6.0E-01	0.00224451	0.00405601	0.306228	5.8E-01	0.826467	3.6E-01
rs845094	10	125206933	1.57263	C	T	0.578488	0.99077	1.31693	2.5E-01	-0.00438112	0.00407382	1.15655	2.8E-01	0.660978	4.2E-01
rs7923382	10	126576503	1.61167	T	C	0.770308	1	0.625844	4.3E-01	-0.00300009	0.00476509	0.396395	5.3E-01	0.381747	5.4E-01
rs2028395	10	126726558	1.61328	G	C	0.553102	0.997728	0.0777808	7.8E-01	-0.000792967	0.0040319	0.0386804	8.4E-01	0.100808	7.5E-01
rs2252305	10	131114131	1.7313	A	G	0.34019	0.976818	2.4489	1.2E-01	0.00603588	0.00427394	1.99445	1.6E-01	2.62122	1.1E-01
rs10902221	11	802379	0.0108629	T	C	0.487789	0.998916	2.49402	1.1E-01	0.00717792	0.00402412	3.18168	7.4E-02	2.33978	1.3E-01
rs7126629	11	2228952	0.0544298	C	A	0.181022	0.993387	0.00818608	9.3E-01	0.000143848	0.00522247	0.000758677	9.8E-01	0.0156213	9.0E-01
rs7938031	11	8366148	0.188301	C	T	0.68318	0.996274	1.74471	1.9E-01	-0.00648618	0.00432022	2.25406	1.3E-01	2.35719	1.2E-01
rs4586148	11	8430938	0.18954	C	A	0.946845	0.99847	5.28655	2.1E-02	0.0206386	0.00894594	5.32241	2.1E-02	3.75735	5.3E-02
rs7484027	11	17368381	0.298183	T	A	0.5558	0.993279	0.383379	5.4E-01	0.0030241	0.00405018	0.557496	4.6E-01	0.365762	5.5E-01
rs35298551	11	27224030	0.462668	T	C	0.844471	1	5.64938e-05	9.9E-01	0.000751992	0.0055289	0.018499	8.9E-01	0.00122608	9.7E-01
rs558887	11	28712741	0.468359	A	G	0.692542	0.992085	1.31944	2.5E-01	-0.00477016	0.0043635	1.19508	2.7E-01	0.834625	3.6E-01
rs67670125	11	30214914	0.478895	C	T	0.77199	0.995153	0.049463	8.2E-01	-0.00241682	0.00478248	0.255376	6.1E-01	0.211297	6.5E-01
rs982243	11	43529703	0.620806	A	G	0.508132	0.998514	0.783131	3.8E-01	0.00303388	0.00400883	0.572744	4.5E-01	0.448514	5.0E-01
rs2679055	11	43610813	0.622009	T	C	0.545816	0.999238	7.91002	4.9E-03	-0.011657	0.00403064	8.36418	3.8E-03	6.26972	1.2E-02
rs10838201	11	43937089	0.623077	A	T	0.566417	0.994597	1.08673	3.0E-01	0.0039137	0.00406296	0.927874	3.4E-01	0.877906	3.5E-01
rs6485613	11	45337440	0.656974	C	T	0.176517	0.997513	0.0236143	8.8E-01	7.40145e-05	0.00525451	0.000198413	9.9E-01	0.00527848	9.4E-01
rs2071304	11	47372377	0.665184	G	C	0.680113	0.982508	6.00644	1.4E-02	0.0107847	0.00431409	6.24936	1.2E-02	6.18722	1.3E-02
rs149804	11	61538606	0.703939	A	G	0.600029	0.960379	42.0955	8.7E-11	-0.0269571	0.00417358	41.7185	1.1E-10	43.0054	5.5E-11
rs11227199	11	65238121	0.737843	G	A	0.799524	0.999748	2.75325	9.7E-02	0.0085469	0.0050175	2.90163	8.8E-02	2.53285	1.1E-01
rs4980662	11	69307011	0.764582	G	C	0.491849	0.994721	1.5627	2.1E-01	0.00477462	0.00401877	1.41154	2.3E-01	0.912548	3.4E-01
rs7942337	11	76465272	0.842642	C	T	0.78322	0.971559	0.0126858	9.1E-01	0.00163221	0.00493989	0.109174	7.4E-01	0.379767	5.4E-01
rs10898317	11	84613479	0.936326	C	T	0.485862	1	0.0624692	8.0E-01	0.00151728	0.00401728	0.142648	7.1E-01	0.213317	6.4E-01
rs61903695	11	89922417	0.975709	A	G	0.744306	0.999211	0.443442	5.1E-01	0.00331841	0.00459798	0.520865	4.7E-01	1.45117	2.3E-01
rs2513999	11	103019633	1.1154	A	G	0.152447	0.996865	0.869826	3.5E-01	0.00412234	0.00558095	0.545595	4.6E-01	0.525005	4.7E-01
rs719802	11	113234679	1.20429	T	C	0.385921	1	1.9928	1.6E-01	-0.00444614	0.00411166	1.16931	2.8E-01	0.788762	3.7E-01
rs2507887	11	114961537	1.22996	T	C	0.521825	0.996335	0.230845	6.3E-01	-0.00213312	0.00401688	0.282001	6.0E-01	0.537998	4.6E-01
rs142174850	11	116715784	1.26141	G	A	0.940079	0.994858	2.91969	8.8E-02	0.0122949	0.00848794	2.0982	1.5E-01	1.82097	1.8E-01
rs9332817	11	118365210	1.28887	G	C	0.973357	1	0.450256	5.0E-01	0.0102582	0.0124674	0.677002	4.1E-01	1.14805	2.8E-01
rs10750446	11	130706918	1.51208	T	C	0.489006	0.998451	3.08869	7.9E-02	-0.00725877	0.0040008	3.2918	7.0E-02	3.38329	6.6E-02
rs1040103	11	131442151	1.53674	A	G	0.461781	0.994917	10.9985	9.1E-04	0.0131002	0.00402367	10.6001	1.1E-03	10.5865	1.1E-03
rs7941631	11	131930432	1.54756	G	C	0.691466	0.996305	0.887341	3.5E-01	-0.00412979	0.00433993	0.905503	3.4E-01	1.1705	2.8E-01
rs3088353	12	862641	0.0207663	T	G	0.540089	0.945945	5.74762	1.7E-02	0.00974655	0.00412984	5.56973	1.8E-02	6.19285	1.3E-02
rs12422552	12	14413931	0.308896	G	C	0.732829	0.993361	0.553314	4.6E-01	0.00387474	0.00455325	0.724174	3.9E-01	1.33467	2.5E-01
rs10846451	12	17099885	0.336898	A	G	0.700154	0.983369	0.000913628	9.8E-01	0.000649147	0.00442167	0.0215532	8.8E-01	0.238125	6.3E-01
rs6486935	12	19209501	0.354456	T	A	0.252354	0.994884	3.91898	4.8E-02	0.0101429	0.00462234	4.81506	2.8E-02	4.27792	3.9E-02
rs16926776	12	24001905	0.419584	C	T	0.923178	1	0.490342	4.8E-01	-0.00471709	0.00753169	0.39225	5.3E-01	0.272494	6.0E-01
rs6488140	12	33370406	0.544222	G	A	0.878388	0.997569	1.10463	2.9E-01	0.00672059	0.00613461	1.20016	2.7E-01	0.955378	3.3E-01
rs76573653	12	49380073	0.624418	T	G	0.961609	1	0.819092	3.7E-01	-0.0118232	0.0104423	1.28198	2.6E-01	1.48701	2.2E-01
rs2720296	12	50169070	0.630128	G	A	0.609758	0.950295	0.0195874	8.9E-01	-0.00024838	0.00420614	0.00348711	9.5E-01	0.381694	5.4E-01
rs113397893	12	57611285	0.721064	A	G	0.9212	0.973344	7.91635	4.9E-03	0.0215968	0.00752276	8.24189	4.1E-03	8.29369	4.0E-03
rs7979776	12	68205353	0.825207	G	T	0.177617	0.996558	1.81774	1.8E-01	0.00713443	0.00526077	1.83916	1.8E-01	1.66923	2.0E-01
rs61754230	12	72179446	0.876527	C	T	0.980435	1	18.2991	1.9E-05	-0.0608539	0.0144294	17.7861	2.5E-05	15.9185	6.6E-05
rs11115160	12	82424100	0.983055	G	A	0.761725	0.987625	0.813201	3.7E-01	-0.00451749	0.00473296	0.911024	3.4E-01	0.87644	3.5E-01
rs704067	12	89726027	1.03172	G	A	0.54643	0.989595	0.632031	4.3E-01	0.00288282	0.00404642	0.507567	4.8E-01	0.435343	5.1E-01
rs11105846	12	91257268	1.04236	G	T	0.632238	0.98376	0.172016	6.8E-01	-0.00169578	0.00419804	0.163173	6.9E-01	0.050841	8.2E-01
rs1420341	12	97913785	1.14795	C	T	0.171739	0.989054	2.0649	1.5E-01	-0.00759597	0.00533891	2.02424	1.5E-01	1.94315	1.6E-01
rs10735363	12	99524896	1.16631	T	C	0.334204	1	2.71789	9.9E-02	-0.00585012	0.00425043	1.89436	1.7E-01	1.3798	2.4E-01
rs1895951	12	108268689	1.27225	T	C	0.779282	0.981758	0.12323	7.3E-01	0.00200588	0.00488523	0.168592	6.8E-01	0.33493	5.6E-01
rs3825393	12	109883374	1.29241	T	C	0.362954	1	1.95278	1.6E-01	-0.00518379	0.00416088	1.55212	2.1E-01	2.97503	8.5E-02
rs10850838	12	110278812	1.29736	C	T	0.686864	0.989427	0.0815747	7.8E-01	0.00168343	0.00435385	0.1495	7.0E-01	0.0889826	7.7E-01
rs11066188	12	112610714	1.303	G	A	0.591057	0.996937	21.3419	3.8E-06	0.0194414	0.00408733	22.6243	2.0E-06	19.8463	8.4E-06
rs144782841	12	121633581	1.45609	C	G	0.874501	0.99275	4.88874	2.7E-02	0.0139007	0.0060775	5.23143	2.2E-02	4.66323	3.1E-02
rs181617194	12	122011598	1.46244	T	C	0.959381	0.835918	1.12037	2.9E-01	-0.0128394	0.0110969	1.33871	2.5E-01	0.756825	3.8E-01
rs7953379	12	123030285	1.46756	A	G	0.647007	0.998006	0.0569337	8.1E-01	0.00112952	0.00420196	0.0722574	7.9E-01	0.323583	5.7E-01
rs3897102	12	123492112	1.47105	C	T	0.587824	0.982525	0.106122	7.4E-01	-0.00016239	0.00410986	0.00156122	9.7E-01	0.181027	6.7E-01
rs7969633	12	133310887	1.74925	C	T	0.267076	0.9952	2.5815	1.1E-01	-0.00748546	0.00454897	2.70776	1.0E-01	3.02681	8.2E-02
rs9579775	13	20616557	0.0139469	A	C	0.863855	0.926233	0.601712	4.4E-01	0.00492941	0.00608093	0.657128	4.2E-01	0.548228	4.6E-01
rs4238202	13	27902148	0.193689	A	G	0.258919	0.9902	1.04778	3.1E-01	0.00548939	0.00460133	1.42325	2.3E-01	1.74086	1.9E-01
rs1885989	13	28010117	0.196447	G	A	0.819991	0.999055	0.334554	5.6E-01	-0.00214363	0.00521087	0.169231	6.8E-01	0.286855	5.9E-01
rs12872889	13	28674628	0.213575	T	C	0.769448	0.972921	0.332772	5.6E-01	0.00282533	0.00482713	0.34258	5.6E-01	0.434426	5.1E-01
rs1928496	13	31012904	0.263323	C	T	0.256087	1	1.47298	2.2E-01	-0.00545246	0.00459364	1.40887	2.4E-01	1.83809	1.8E-01
rs7993153	13	33378785	0.304672	A	T	0.527179	0.996937	1.33288	2.5E-01	-0.00470865	0.00401837	1.37307	2.4E-01	0.79442	3.7E-01
rs41284828	13	50963685	0.538953	G	A	0.969277	0.943856	0.378097	5.4E-01	-0.00795656	0.0119274	0.444999	5.0E-01	0.764863	3.8E-01
rs9536417	13	54018393	0.568081	G	A	0.819355	0.953229	0.531	4.7E-01	0.00325177	0.00532718	0.372603	5.4E-01	0.7103	4.0E-01
rs13378227	13	54793818	0.572267	C	T	0.448494	0.996048	3.62889	5.7E-02	-0.00706838	0.00403582	3.06745	8.0E-02	2.94896	8.6E-02
rs9563521	13	58254773	0.585028	A	C	0.870679	0.988428	4.53933	3.3E-02	-0.0113195	0.00601315	3.54367	6.0E-02	3.75413	5.3E-02
rs9538189	13	59333776	0.588946	C	G	0.833107	0.986627	0.360051	5.5E-01	0.00205266	0.00542185	0.143331	7.0E-01	0.135448	7.1E-01
rs308597	13	62670010	0.616457	T	C	0.413014	0.995107	0.06456	8.0E-01	-0.00126655	0.0040728	0.0967072	7.6E-01	0.497732	4.8E-01
rs4421883	13	79561962	0.787183	T	C	0.494175	0.996287	1.35161	2.4E-01	0.0052184	0.00402279	1.68275	1.9E-01	1.72723	1.9E-01
rs9547363	13	86322442	0.835108	T	C	0.513712	0.967142	1.15921	2.8E-01	-0.0042818	0.00407436	1.10442	2.9E-01	0.939975	3.3E-01
rs12585736	13	96845882	0.935798	G	A	0.693698	0.99638	1.35169	2.4E-01	0.00365804	0.00436085	0.703647	4.0E-01	0.590837	4.4E-01
rs3783006	13	99111209	0.969059	G	C	0.550861	1	3.04448	8.1E-02	-0.00728613	0.00402306	3.28005	7.0E-02	2.24209	1.3E-01
rs9514131	13	104090848	1.04319	G	T	0.878435	1	0.024589	8.8E-01	0.000158067	0.0061318	0.000664518	9.8E-01	0.321779	5.7E-01
rs9888533	13	107854612	1.13616	C	T	0.462035	0.966192	6.2837	1.2E-02	0.0104805	0.00408756	6.57403	1.0E-02	8.30103	4.0E-03
rs4773331	13	111843007	1.24012	G	A	0.603622	0.995832	1.24314	2.6E-01	-0.00457171	0.00409983	1.24344	2.6E-01	0.947595	3.3E-01
rs9560110	13	112181233	1.24489	C	T	0.713945	0.999795	0.56867	4.5E-01	-0.00259449	0.00442552	0.343696	5.6E-01	0.412765	5.2E-01
rs1241305	14	25868959	0.160798	G	T	0.560624	0.995412	0.102016	7.5E-01	0.00197999	0.00404675	0.239395	6.2E-01	0.0380531	8.5E-01
rs7494063	14	29549249	0.20712	A	C	0.807992	0.984291	2.05546	1.5E-01	0.00757237	0.00512207	2.18561	1.4E-01	1.82378	1.8E-01
rs8020889	14	30077029	0.215217	T	C	0.408054	0.999425	0.16224	6.9E-01	0.00189702	0.00408931	0.2152	6.4E-01	0.159839	6.9E-01
rs10148694	14	33273511	0.261796	C	T	0.646876	0.984296	0.00498601	9.4E-01	2.64436e-05	0.00422582	3.9158e-05	1.0E+00	0.000710279	9.8E-01
rs1956151	14	40101060	0.364141	A	G	0.823524	0.999433	1.43045	2.3E-01	-0.00526151	0.00523854	1.00879	3.2E-01	2.29589	1.3E-01
rs12889085	14	42885336	0.38109	A	G	0.574098	0.993459	0.0196974	8.9E-01	-0.000516388	0.00407379	0.0160678	9.0E-01	0.00328802	9.5E-01
rs8181993	14	46803314	0.406055	G	A	0.435542	0.992832	0.376468	5.4E-01	0.00235184	0.00406415	0.33487	5.6E-01	0.190642	6.6E-01
rs217667	14	62358847	0.565816	C	T	0.749883	0.994282	5.11794	2.4E-02	0.0100527	0.00465101	4.67167	3.1E-02	4.03795	4.4E-02
rs8007097	14	62592332	0.568871	C	T	0.547989	0.988884	3.01694	8.2E-02	-0.00569348	0.00404527	1.98089	1.6E-01	1.61868	2.0E-01
rs2526919	14	73107771	0.666826	A	G	0.468807	0.994062	0.00294395	9.6E-01	-0.00065116	0.00402109	0.0262233	8.7E-01	0.188228	6.6E-01
rs6574100	14	73323682	0.670778	A	T	0.597593	0.994028	0.0068414	9.3E-01	0.00111152	0.00411383	0.0730026	7.9E-01	0.137556	7.1E-01
rs11624311	14	79453542	0.744848	G	A	0.771541	0.993549	0.697197	4.0E-01	-0.00405025	0.00479078	0.714744	4.0E-01	0.741302	3.9E-01
rs10144362	14	79974598	0.748284	G	A	0.611262	0.997089	4.81969	2.8E-02	0.00780592	0.00412294	3.58454	5.8E-02	2.83106	9.2E-02
rs6574962	14	88341331	0.821353	G	T	0.252273	0.992916	0.991926	3.2E-01	0.00420907	0.00462844	0.826992	3.6E-01	1.35254	2.4E-01
rs1152432	14	91373435	0.881772	T	A	0.280154	0.994872	3.59011	5.8E-02	-0.00831214	0.00446347	3.46802	6.3E-02	3.93406	4.7E-02
rs740791	14	93699003	0.916417	C	T	0.733984	0.968997	1.31238	2.5E-01	-0.00514988	0.00460203	1.25226	2.6E-01	0.871231	3.5E-01
rs2295659	14	101141544	1.07723	G	T	0.869818	0.990612	0.000479395	9.8E-01	0.00106285	0.00599193	0.031464	8.6E-01	0.00599088	9.4E-01
rs3742406	14	101537857	1.08996	A	G	0.630498	0.998313	0.0190471	8.9E-01	-5.64062e-05	0.00415611	0.000184195	9.9E-01	0.0127856	9.1E-01
rs72708844	14	103834091	1.12399	C	G	0.759439	0.99572	1.29236	2.6E-01	-0.00476568	0.00470541	1.02578	3.1E-01	0.847494	3.6E-01
rs12594043	15	27034988	0.374858	G	C	0.478806	0.998824	1.53106	2.2E-01	0.00516785	0.00401564	1.65619	2.0E-01	2.05758	1.5E-01
rs4365252	15	31842371	0.454988	C	A	0.534885	0.990048	0.0678623	7.9E-01	-0.00040877	0.00403443	0.0102658	9.2E-01	0.0601135	8.1E-01
rs1435670	15	36390393	0.544421	A	T	0.499057	0.999048	0.771698	3.8E-01	-0.00295301	0.00401071	0.542111	4.6E-01	0.55617	4.6E-01
rs10775122	15	41898711	0.63274	C	T	0.183298	0.995919	0.0158394	9.0E-01	-0.000486064	0.00518455	0.00878952	9.3E-01	0.0700614	7.9E-01
rs765787	15	45500047	0.653911	A	G	0.820239	1	1.91615	1.7E-01	0.00738929	0.00527726	1.9606	1.6E-01	2.21931	1.4E-01
rs10519044	15	46381874	0.6636	T	C	0.709811	0.994588	0.0480574	8.3E-01	-0.00129814	0.00442464	0.0860767	7.7E-01	0.151844	7.0E-01
rs2622775	15	51999970	0.710456	C	T	0.586011	1	0.30254	5.8E-01	-0.00244209	0.00406952	0.36011	5.5E-01	0.525864	4.7E-01
rs335497	15	53383101	0.722756	T	G	0.0736902	0.995552	0.576701	4.5E-01	0.00678366	0.00767128	0.781975	3.8E-01	0.913397	3.4E-01
rs72743571	15	58449035	0.780412	G	A	0.577152	0.99354	40.8389	1.7E-10	0.0264181	0.00406356	42.2658	8.0E-11	43.5653	4.1E-11
rs62001677	15	58568716	0.781878	C	T	0.831756	0.988234	337.411	2.3E-75	0.0993444	0.00538109	340.836	4.2E-76	351.089	2.5E-78
rs4775044	15	58684967	0.785216	T	G	0.472174	0.994301	998.419	4.0E-219	0.127651	0.00402324	1006.69	6.3E-221	1046.4	1.5E-229
rs11635495	15	67804682	0.914253	T	C	0.487932	0.997662	1.00831	3.2E-01	-0.00417069	0.00401058	1.08144	3.0E-01	0.80371	3.7E-01
rs2415130	15	72242554	0.983024	G	A	0.765191	0.998693	2.65187	1.0E-01	0.00696029	0.00472809	2.16712	1.4E-01	2.20741	1.4E-01
rs478438	15	73630686	0.990231	G	A	0.909358	0.98938	1.09183	3.0E-01	0.00699383	0.00702723	0.990517	3.2E-01	0.795936	3.7E-01
rs35364449	15	74278126	0.995964	C	T	0.890533	0.989263	0.751423	3.9E-01	-0.00515393	0.00645575	0.637358	4.2E-01	0.694939	4.0E-01
rs62007782	15	78029797	1.01266	G	A	0.734022	0.996291	4.64569	3.1E-02	0.0100257	0.00452755	4.90346	2.7E-02	4.92967	2.6E-02
rs1531895	15	80992165	1.05797	G	A	0.532916	0.995023	0.501868	4.8E-01	0.00180776	0.00402031	0.202192	6.5E-01	0.365857	5.5E-01
rs66615128	15	92561941	1.21822	G	C	0.785237	0.999315	0.281117	6.0E-01	-0.0014718	0.00487219	0.0912535	7.6E-01	0.000890741	9.8E-01
rs6496036	15	95249902	1.31575	A	C	0.565021	0.985876	1.25641	2.6E-01	-0.00501392	0.00406673	1.52007	2.2E-01	1.81384	1.8E-01
rs7166757	15	98259616	1.39637	A	G	0.612081	0.979588	0.94705	3.3E-01	-0.00416575	0.00414827	1.00845	3.2E-01	0.797796	3.7E-01
rs57221746	15	99230035	1.42335	G	A	0.774928	0.998898	0.758136	3.8E-01	-0.00403717	0.00481088	0.704216	4.0E-01	1.07204	3.0E-01
rs432925	16	334580	0.00365345	G	C	0.715696	0.978663	0.484921	4.9E-01	-0.00245555	0.00449468	0.298471	5.8E-01	0.998557	3.2E-01
rs3211995	16	2089006	0.0428409	G	A	0.840439	0.989857	1.75707	1.8E-01	-0.00846348	0.00551699	2.35338	1.3E-01	1.99072	1.6E-01
rs2285813	16	3566102	0.0672749	C	A	0.71444	0.994926	2.85224	9.1E-02	-0.00857055	0.00445485	3.70128	5.4E-02	3.47818	6.2E-02
rs2531993	16	4014245	0.0722296	A	G	0.155356	0.997332	0.327805	5.7E-01	-0.00433571	0.00553764	0.613017	4.3E-01	0.491584	4.8E-01
rs12927792	16	9713194	0.229734	C	T	0.573706	0.986089	0.650227	4.2E-01	0.00309113	0.00408824	0.571691	4.5E-01	0.924461	3.4E-01
rs739639	16	19527777	0.388214	C	T	0.359277	0.997014	3.5477	6.0E-02	-0.0063312	0.00417873	2.29553	1.3E-01	1.56576	2.1E-01
rs227762	16	19859406	0.390054	G	A	0.521259	0.978383	1.23198	2.7E-01	-0.00447459	0.00405559	1.2173	2.7E-01	1.30782	2.5E-01
rs11074444	16	20241686	0.397902	T	C	0.206912	0.996432	0.864614	3.5E-01	-0.00383523	0.00495239	0.599724	4.4E-01	1.04181	3.1E-01
rs9929613	16	24599316	0.461035	A	G	0.261396	0.954325	0.243103	6.2E-01	0.0033905	0.00466231	0.52884	4.7E-01	0.406594	5.2E-01
rs865719	16	28379443	0.542171	A	G	0.586842	0.968132	0.00744261	9.3E-01	0.000198804	0.00412886	0.0023184	9.6E-01	0.00891593	9.2E-01
rs28517865	16	29914142	0.552217	C	T	0.433691	0.992308	0.0434928	8.3E-01	0.00149166	0.00406933	0.134368	7.1E-01	0.75783	3.8E-01
rs9319587	16	30833246	0.554994	C	T	0.60914	0.997546	0.485214	4.9E-01	-0.00120915	0.00410652	0.0866991	7.7E-01	0.0754515	7.8E-01
rs6500208	16	49011249	0.571189	G	A	0.793086	0.993709	0.4044	5.2E-01	-0.00340575	0.00495633	0.472177	4.9E-01	0.690645	4.1E-01
rs111617945	16	53557517	0.64416	T	C	0.895528	0.985634	0.0634937	8.0E-01	-0.0008476	0.00660983	0.0164438	9.0E-01	0.0449722	8.3E-01
rs8048396	16	53770749	0.644865	C	A	0.489928	0.995604	0.265029	6.1E-01	-0.00106757	0.00402555	0.0703302	7.9E-01	0.0431653	8.4E-01
rs12596054	16	53834684	0.646096	A	C	0.853705	0.996549	5.67969	1.7E-02	-0.0145205	0.00565984	6.58196	1.0E-02	4.40913	3.6E-02
rs11649379	16	56493573	0.721474	C	T	0.827289	0.998629	0.114113	7.4E-01	-0.00112281	0.0053015	0.0448556	8.3E-01	0.140664	7.1E-01
rs2962446	16	62862539	0.808465	A	T	0.476039	0.98622	0.0382664	8.4E-01	-0.000674699	0.00404417	0.0278331	8.7E-01	0.0781099	7.8E-01
rs8056893	16	68304392	0.850738	C	A	0.26701	0.992269	2.74777	9.7E-02	0.00659052	0.00454705	2.10078	1.5E-01	2.64882	1.0E-01
rs113093305	16	69424312	0.855386	C	T	0.965603	0.988361	1.81823	1.8E-01	-0.0162722	0.0110857	2.1546	1.4E-01	2.29349	1.3E-01
rs244416	16	69665208	0.858568	T	C	0.151061	0.993922	0.128747	7.2E-01	-0.00261233	0.0056239	0.215766	6.4E-01	0.108922	7.4E-01
rs763665	16	72078043	0.872969	C	T	0.840189	0.993102	51.9333	5.7E-13	0.0392263	0.00547224	51.3836	7.6E-13	55.5924	8.9E-14
rs12922346	16	82438337	1.07453	G	C	0.731318	0.983645	2.16858	1.4E-01	0.00667904	0.00456406	2.14154	1.4E-01	1.68616	1.9E-01
rs77081114	17	1816762	0.0641667	G	A	0.834564	1	0.000853722	9.8E-01	0.000459685	0.00539671	0.00725543	9.3E-01	0.110693	7.4E-01
rs9914578	17	2005136	0.0688706	C	G	0.798239	0.995727	1.05397	3.0E-01	0.00439264	0.00499606	0.773028	3.8E-01	0.654135	4.2E-01
rs2779207	17	15870401	0.425124	T	A	0.431236	0.973217	0.624301	4.3E-01	-0.00373201	0.00409805	0.829338	3.6E-01	0.272948	6.0E-01
rs4985996	17	21155684	0.471012	C	T	0.650988	0.996698	0.0112927	9.2E-01	0.000423466	0.00421301	0.010103	9.2E-01	0.043286	8.4E-01
rs11080090	17	27502029	0.494582	G	A	0.157423	0.985283	2.40613	1.2E-01	0.00742096	0.00555812	1.78264	1.8E-01	0.938691	3.3E-01
rs4794859	17	27962393	0.496881	T	G	0.529334	0.996548	0.360795	5.5E-01	0.00160371	0.00401957	0.159181	6.9E-01	0.117664	7.3E-01
rs17836689	17	31448234	0.526044	G	A	0.759277	0.987977	0.316154	5.7E-01	-0.00253706	0.00470475	0.290797	5.9E-01	0.794708	3.7E-01
rs4794977	17	32247585	0.548126	C	G	0.577787	0.980309	0.275434	6.0E-01	-0.00198671	0.00410748	0.233948	6.3E-01	0.140994	7.1E-01
rs242556	17	44002250	0.689918	A	T	0.233994	0.95327	0.712685	4.0E-01	0.00472905	0.00484973	0.950849	3.3E-01	0.888479	3.5E-01
rs2905855	17	46081915	0.703376	G	A	0.562305	0.989999	0.208782	6.5E-01	0.00187999	0.00405443	0.215006	6.4E-01	0.362701	5.5E-01
rs11657868	17	46942681	0.706999	G	A	0.718196	0.996518	0.692066	4.1E-01	0.00264723	0.00446085	0.352166	5.5E-01	0.165665	6.8E-01
rs8067262	17	56048720	0.848038	T	G	0.911457	0.997899	3.52182	6.1E-02	-0.0138089	0.00705771	3.82815	5.0E-02	3.82071	5.1E-02
rs11655589	17	61608163	0.886764	A	G	0.666344	0.975736	3.99831	4.6E-02	0.00900424	0.00429829	4.38837	3.6E-02	4.01255	4.5E-02
rs8079078	17	65821166	0.947735	C	A	0.303724	0.990268	5.05609	2.5E-02	0.00938531	0.00438559	4.57974	3.2E-02	5.92988	1.5E-02
rs936393	17	73847613	1.10376	A	G	0.812219	0.99328	2.3817	1.2E-01	0.00778131	0.00516384	2.2707	1.3E-01	3.11662	7.7E-02
rs12943620	17	78444658	1.24901	T	G	0.227281	0.993887	0.567939	4.5E-01	-0.00384223	0.00479423	0.642287	4.2E-01	0.467253	4.9E-01
rs11658698	17	78518327	1.2499	C	T	0.72961	0.995739	3.94194	4.7E-02	0.00927785	0.00451404	4.2244	4.0E-02	3.19258	7.4E-02
rs12051698	17	79046374	1.26006	C	G	0.647102	0.980656	0.0352807	8.5E-01	0.00102618	0.00423486	0.0587181	8.1E-01	0.119654	7.3E-01
rs8089699	18	1813412	0.0476566	G	A	0.882906	0.939184	1.18336	2.8E-01	0.00665814	0.00641361	1.07771	3.0E-01	1.4395	2.3E-01
rs508481	18	7542241	0.240303	A	G	0.868636	0.989942	0.206838	6.5E-01	-0.00288602	0.00596492	0.234094	6.3E-01	0.164803	6.8E-01
rs9948870	18	20967065	0.431819	G	A	0.605062	0.993522	0.538364	4.6E-01	-0.00317537	0.00412356	0.592986	4.4E-01	1.22194	2.7E-01
rs1349351	18	22191762	0.447116	G	A	0.5985	0.999082	2.80025	9.4E-02	-0.00598831	0.00409571	2.13772	1.4E-01	2.4229	1.2E-01
rs7228141	18	31214950	0.540827	G	C	0.463505	0.995475	1.03839	3.1E-01	0.00416686	0.00402316	1.07271	3.0E-01	0.556466	4.6E-01
rs9957032	18	39467208	0.603798	T	C	0.818223	1	0.0199096	8.9E-01	0.000119874	0.00519601	0.000532244	9.8E-01	0.0258691	8.7E-01
rs4561553	18	40687764	0.611644	T	G	0.407513	0.997769	2.4493	1.2E-01	-0.00688328	0.00409004	2.83228	9.2E-02	3.08224	7.9E-02
rs8096662	18	42533130	0.62282	A	G	0.145554	0.98702	0.788153	3.7E-01	0.00500213	0.00572596	0.763155	3.8E-01	1.15107	2.8E-01
rs9964756	18	50441817	0.72912	T	G	0.107895	0.997466	0.669274	4.1E-01	-0.00434124	0.00646656	0.450693	5.0E-01	0.501791	4.8E-01
rs28687557	18	52547057	0.739845	G	A	0.227453	0.993369	2.14482	1.4E-01	-0.00647941	0.00479921	1.82277	1.8E-01	1.38371	2.4E-01
rs7243357	18	56883319	0.801149	T	G	0.822165	0.991788	1.60979	2.0E-01	-0.00726139	0.00527383	1.89578	1.7E-01	1.67711	2.0E-01
rs681630	18	57827605	0.821594	A	G	0.565363	0.998337	3.55027	6.0E-02	0.00787587	0.0040583	3.76625	5.2E-02	3.99449	4.6E-02
rs8097783	18	58051294	0.823036	G	A	0.926154	1	0.888283	3.5E-01	-0.00600918	0.00767661	0.61276	4.3E-01	0.736082	3.9E-01
rs74625348	18	60846430	0.867759	G	C	0.770962	0.97218	2.26396	1.3E-01	-0.00723546	0.00482501	2.24872	1.3E-01	3.54788	6.0E-02
rs10460125	18	63415573	0.904306	C	T	0.725399	0.998331	0.476917	4.9E-01	-0.00106991	0.00449513	0.0566513	8.1E-01	0.42867	5.1E-01
rs11663797	18	73497644	1.0888	G	A	0.273814	0.989477	0.20956	6.5E-01	-0.00281031	0.00452098	0.386407	5.3E-01	0.262929	6.1E-01
rs12151205	19	1808569	0.0682048	T	A	0.449087	0.963075	0.104169	7.5E-01	-0.00153102	0.00409922	0.139495	7.1E-01	0.682091	4.1E-01
rs10419634	19	1936672	0.069832	T	C	0.289767	0.973622	0.214243	6.4E-01	-0.0027894	0.00447774	0.388065	5.3E-01	0.145166	7.0E-01
rs79712071	19	2221892	0.075478	C	A	0.953635	0.968688	0.41985	5.2E-01	-0.00730576	0.00966578	0.57129	4.5E-01	0.899423	3.4E-01
rs62131468	19	3984788	0.142379	C	G	0.813006	0.97174	0.0706789	7.9E-01	0.00134041	0.00520513	0.0663152	8.0E-01	0.111203	7.4E-01
rs3929396	19	18197093	0.447598	G	A	0.594992	0.983365	0.625938	4.3E-01	-0.0028782	0.00411145	0.490063	4.8E-01	0.376774	5.4E-01
rs113230003	19	18460956	0.450365	G	A	0.738161	0.981969	2.83039	9.2E-02	0.00805403	0.00458949	3.07962	7.9E-02	3.48307	6.2E-02
rs2003476	19	18806668	0.454309	T	C	0.593805	0.986683	0.703063	4.0E-01	-0.00334899	0.00410316	0.666179	4.1E-01	0.492954	4.8E-01
rs8104983	19	19859845	0.463476	A	G	0.840942	0.982533	6.46034	1.1E-02	0.013159	0.00551224	5.6989	1.7E-02	6.19121	1.3E-02
rs7247004	19	30240852	0.512599	A	G	0.68793	0.994107	0.87653	3.5E-01	-0.00377978	0.00433233	0.761185	3.8E-01	0.958625	3.3E-01
rs740671	19	30664619	0.518411	C	A	0.755917	0.990945	0.310415	5.8E-01	-0.0032018	0.00466794	0.470477	4.9E-01	0.15237	7.0E-01
rs7247158	19	31021597	0.524584	A	G	0.758301	0.996608	0.466149	4.9E-01	-0.00392837	0.00468548	0.702938	4.0E-01	0.79301	3.7E-01
rs461998	19	34319233	0.572882	T	C	0.328678	0.997354	0.012148	9.1E-01	-0.000526195	0.00426574	0.0152162	9.0E-01	0.0128295	9.1E-01
rs62115552	19	44610355	0.688364	A	G	0.959945	1	57.7453	3.0E-14	0.0791476	0.0104206	57.6888	3.1E-14	59.5973	1.2E-14
rs73048351	19	45160086	0.697689	C	A	0.989801	0.91554	60.6683	6.8E-15	0.16938	0.0208553	65.961	4.6E-16	68.0567	1.6E-16
rs62120576	19	45216443	0.699708	A	C	0.906876	0.984781	52.6029	4.1E-13	0.0508278	0.00693283	53.7502	2.3E-13	56.8792	4.6E-14
rs139326841	19	45269725	0.701551	T	C	0.978975	0.821408	32.3698	1.3E-08	-0.0871338	0.015366	32.1552	1.4E-08	36.7832	1.3E-09
rs3745150	19	45385759	0.706836	G	C	0.606976	0.977556	126.663	2.2E-29	-0.0467463	0.00414624	127.112	1.8E-29	133.724	6.3E-31
rs141651018	19	46042665	0.717068	C	T	0.969906	0.964852	50.2382	1.4E-12	0.0862544	0.0119099	52.4502	4.4E-13	52.6993	3.9E-13
rs1884389	20	1410582	0.0620248	C	T	0.561411	0.990862	1.4395	2.3E-01	-0.00451076	0.00405362	1.23826	2.7E-01	0.999306	3.2E-01
rs4813619	20	2815715	0.104851	G	T	0.491114	0.983542	4.34163	3.7E-02	0.00843836	0.00405177	4.33736	3.7E-02	4.10242	4.3E-02
rs1884899	20	6572870	0.214153	A	G	0.226227	0.983564	5.15694	2.3E-02	0.0111916	0.00482408	5.38215	2.0E-02	5.98862	1.4E-02
rs16996637	20	15809996	0.385502	C	T	0.870003	0.979105	0.0281121	8.7E-01	-0.000362596	0.00600715	0.00364341	9.5E-01	0.00080361	9.8E-01
rs852033	20	17085493	0.411169	A	C	0.247637	0.996482	0.0766658	7.8E-01	-0.00188008	0.00464872	0.163564	6.9E-01	0.0380033	8.5E-01
rs1409818	20	21381121	0.481069	C	T	0.898663	0.994593	0.428304	5.1E-01	-0.00502146	0.00665996	0.568482	4.5E-01	0.166257	6.8E-01
rs66817095	20	25038484	0.515275	G	T	0.829542	1	0.292637	5.9E-01	-0.00202668	0.00535175	0.14341	7.0E-01	0.254873	6.1E-01
rs6120440	20	32517585	0.53634	G	A	0.354038	0.991596	6.93848	8.4E-03	0.0114707	0.00421353	7.4112	6.5E-03	8.43797	3.7E-03
rs16989232	20	39291784	0.591389	G	A	0.601237	0.975601	18.5008	1.7E-05	0.0166213	0.00414261	16.0984	6.0E-05	16.2854	5.4E-05
rs34316626	20	47358484	0.731003	T	C	0.752271	0.990765	1.45441	2.3E-01	0.00685125	0.00466579	2.1562	1.4E-01	1.76518	1.8E-01
rs17201143	20	50402079	0.780574	C	T	0.676781	0.999123	0.0152771	9.0E-01	0.000123993	0.00429313	0.000834152	9.8E-01	0.00266583	9.6E-01
rs1033715	20	50861193	0.791131	G	A	0.607164	0.99768	0.100657	7.5E-01	-0.000842991	0.00410853	0.042099	8.4E-01	0.0155604	9.0E-01
rs559390	20	54157546	0.855467	A	T	0.658111	0.996213	0.800332	3.7E-01	0.00413605	0.00422989	0.95612	3.3E-01	0.910831	3.4E-01
rs6010789	20	61561153	1.07298	G	A	0.498553	1	0.000852244	9.8E-01	-0.000857128	0.00400438	0.0458165	8.3E-01	0.019093	8.9E-01
rs2832283	21	30690558	0.291215	G	A	0.785768	0.992402	5.46947	1.9E-02	0.0116918	0.00491681	5.6545	1.7E-02	4.2865	3.8E-02
rs2298330	21	38852728	0.419836	G	A	0.884475	0.986182	0.805264	3.7E-01	-0.00453059	0.00631403	0.51487	4.7E-01	0.578612	4.5E-01
rs1209950	21	40173528	0.44514	C	T	0.59796	1	0.258223	6.1E-01	0.00252408	0.00408384	0.382003	5.4E-01	0.359558	5.5E-01
rs62222988	21	40569508	0.455465	T	C	0.626123	0.995886	10.1063	1.5E-03	-0.0132219	0.00415333	10.1343	1.5E-03	12.1897	4.8E-04
rs2410204	21	41416838	0.475718	A	G	0.585399	0.993302	0.00528197	9.4E-01	-0.00109507	0.00407488	0.0722198	7.9E-01	0.000311988	9.9E-01
rs111320751	21	46630890	0.622427	A	T	0.95568	0.926829	0.0850204	7.7E-01	0.00567763	0.0101316	0.314032	5.8E-01	0.398822	5.3E-01
rs11704728	22	18130209	0.0626254	C	T	0.803471	0.990379	0.988439	3.2E-01	0.00452519	0.00505276	0.802078	3.7E-01	1.15819	2.8E-01
rs5750508	22	38303155	0.469229	C	T	0.676364	0.994441	0.320753	5.7E-01	-0.00271055	0.00430723	0.396023	5.3E-01	0.6785	4.1E-01
rs8136269	22	40532444	0.498055	G	C	0.798232	0.992615	2.68591	1.0E-01	0.0080391	0.00501912	2.56543	1.1E-01	3.12458	7.7E-02
rs1953	22	41641984	0.50042	C	T	0.729724	0.993321	0.0032893	9.5E-01	-0.000272569	0.00451861	0.00363867	9.5E-01	0.0108832	9.2E-01
rs13056230	22	48874310	0.664361	C	T	0.572042	1	0.041562	8.4E-01	0.000631478	0.00404414	0.0243816	8.8E-01	0.0325017	8.6E-01
