SNP	CHR	BP	GENPOS	ALLELE1	ALLELE0	A1FREQ	INFO	CHISQ_LINREG	P_LINREG	BETA	SE	CHISQ_BOLT_LMM_INF	P_BOLT_LMM_INF	CHISQ_BOLT_LMM	P_BOLT_LMM
rs28788874	1	1520725	0.0141684	C	T	0.585299	0.768295	0.298085	5.9E-01	0.00125698	0.00448797	0.0784438	7.8E-01	0.197463	6.6E-01
rs10907187	1	1759054	0.0168675	G	A	0.730409	0.998294	3.52199	6.1E-02	-0.00889505	0.00438672	4.11165	4.3E-02	4.33825	3.7E-02
rs3001347	1	2426766	0.0346085	A	G	0.480235	0.993243	1.05471	3.0E-01	0.00506781	0.00389412	1.69365	1.9E-01	1.4236	2.3E-01
rs10779795	1	6677064	0.153978	A	G	0.662103	0.998314	5.66572	1.7E-02	-0.0104884	0.00412098	6.4777	1.1E-02	4.43522	3.5E-02
rs12136082	1	11102275	0.225397	A	G	0.192828	0.997704	0.476382	4.9E-01	0.00388244	0.00493214	0.619639	4.3E-01	0.653485	4.2E-01
rs3766160	1	15808872	0.325192	G	A	0.744147	1	0.226198	6.3E-01	0.00246303	0.00444474	0.307076	5.8E-01	0.229833	6.3E-01
rs12041062	1	19916886	0.402244	G	C	0.764485	0.997633	0.0925439	7.6E-01	0.00183573	0.00458895	0.160027	6.9E-01	0.0885109	7.7E-01
rs309517	1	23251592	0.460465	T	A	0.327298	0.967482	0.222625	6.4E-01	-0.00239687	0.00421006	0.324124	5.7E-01	0.122732	7.3E-01
rs12564655	1	33254768	0.567573	T	C	0.831445	0.999657	4.41641	3.6E-02	-0.0114956	0.00519063	4.90486	2.7E-02	6.38312	1.2E-02
rs13374459	1	39571211	0.669657	T	C	0.588291	0.9945	23.7038	1.1E-06	0.0189067	0.00396942	22.6871	1.9E-06	20.183	7.0E-06
rs61743745	1	40036944	0.670228	G	A	0.970171	0.986128	0.315556	5.7E-01	0.00652626	0.011484	0.322953	5.7E-01	0.438276	5.1E-01
rs41269113	1	46032543	0.727328	G	A	0.964407	0.991408	3.55482	5.9E-02	-0.0244703	0.0105391	5.39103	2.0E-02	3.69809	5.4E-02
rs4134058	1	47670911	0.739288	T	C	0.455325	0.994101	2.57819	1.1E-01	-0.00485424	0.00391405	1.53812	2.1E-01	1.44831	2.3E-01
rs7553454	1	49231261	0.759781	T	C	0.774925	0.984417	0.31594	5.7E-01	0.00299276	0.00468179	0.40862	5.2E-01	0.57882	4.5E-01
rs587271	1	54743111	0.7872	C	T	0.313179	0.916526	2.4292	1.2E-01	-0.00769318	0.00439363	3.06594	8.0E-02	3.33629	6.8E-02
rs78141582	1	57827517	0.843026	A	G	0.897687	0.998432	0.259037	6.1E-01	0.00621248	0.00642044	0.936267	3.3E-01	0.941238	3.3E-01
rs885581	1	62445706	0.914644	A	G	0.607676	0.990874	0.182271	6.7E-01	-0.00231903	0.00399552	0.336874	5.6E-01	0.656051	4.2E-01
rs74082072	1	65970925	0.967975	T	C	0.917809	0.99363	5.34061	2.1E-02	0.015442	0.00708485	4.75056	2.9E-02	5.06771	2.4E-02
rs2554414	1	72446164	1.03176	A	G	0.758572	0.995989	0.0932032	7.6E-01	-0.00162508	0.0045367	0.128312	7.2E-01	0.23709	6.3E-01
rs1514177	1	74991402	1.04313	C	G	0.424303	0.999432	0.288168	5.9E-01	-0.00225824	0.0039406	0.328409	5.7E-01	0.176578	6.7E-01
rs12035349	1	77557339	1.06866	A	G	0.871887	0.977571	0.0922343	7.6E-01	0.0011558	0.00588581	0.0385617	8.4E-01	0.000209812	9.9E-01
rs115281275	1	77991129	1.0737	T	A	0.968661	0.902469	0.460025	5.0E-01	0.00146074	0.0117244	0.0155226	9.0E-01	0.000113048	9.9E-01
rs10874123	1	80831434	1.08977	G	A	0.702146	0.997286	1.29889	2.5E-01	0.00409899	0.00424997	0.930212	3.3E-01	1.06124	3.0E-01
rs11810373	1	82473958	1.11392	A	G	0.745514	0.997739	0.779358	3.8E-01	-0.00329596	0.00446167	0.545718	4.6E-01	0.258063	6.1E-01
rs3131815	1	92664966	1.23012	C	T	0.805586	0.994558	0.972186	3.2E-01	-0.0047836	0.00492035	0.945187	3.3E-01	1.16446	2.8E-01
rs4347257	1	96269230	1.26259	C	T	0.535636	0.996672	4.1936	4.1E-02	0.00787511	0.00390626	4.06434	4.4E-02	4.15265	4.2E-02
rs4375301	1	98298371	1.27828	A	G	0.767049	0.993807	4.17689	4.1E-02	0.010491	0.0046194	5.15776	2.3E-02	5.38327	2.0E-02
rs3108680	1	107572997	1.35724	T	C	0.650884	0.999501	19.844	8.4E-06	-0.0177296	0.00409424	18.7522	1.5E-05	17.7369	2.5E-05
rs17584208	1	109833187	1.38762	G	A	0.913432	0.992873	36.5284	1.5E-09	0.0401842	0.00694319	33.4961	7.1E-09	31.9844	1.6E-08
rs2076586	1	112273026	1.42823	C	T	0.754427	0.980886	5.4605	1.9E-02	-0.0109666	0.0045635	5.77493	1.6E-02	5.64874	1.7E-02
rs984222	1	119503843	1.50977	C	G	0.390696	1	0.601726	4.4E-01	0.00311664	0.00399331	0.609125	4.4E-01	0.683481	4.1E-01
rs4589116	1	151002510	1.65957	C	T	0.134449	0.990695	0.0477101	8.3E-01	-0.000218204	0.00573011	0.0014501	9.7E-01	0.062182	8.0E-01
rs1870940	1	154984363	1.69828	G	A	0.72931	0.984186	0.452927	5.0E-01	0.00297779	0.00441359	0.455203	5.0E-01	0.503688	4.8E-01
rs75925257	1	155138842	1.69946	G	A	0.881515	1	1.20454	2.7E-01	0.00644708	0.00601467	1.14895	2.8E-01	1.33679	2.5E-01
rs35277691	1	171415327	1.93374	A	C	0.906541	0.997238	1.017	3.1E-01	0.00777245	0.00671327	1.34044	2.5E-01	1.8762	1.7E-01
rs149415799	1	173657022	1.95091	G	C	0.975833	0.965388	0.0602861	8.1E-01	-0.0071258	0.0128731	0.306407	5.8E-01	0.627438	4.3E-01
rs3922650	1	177766694	1.98705	A	C	0.475966	0.997377	0.819998	3.7E-01	-0.0018043	0.00389312	0.214793	6.4E-01	0.326107	5.7E-01
rs2068973	1	177792715	1.98748	G	A	0.655699	0.993004	1.79364	1.8E-01	0.00506444	0.00410862	1.51939	2.2E-01	1.7492	1.9E-01
rs815342	1	190112653	2.09814	T	C	0.631918	0.98827	0.452516	5.0E-01	0.000894529	0.00405986	0.0485474	8.3E-01	0.186933	6.7E-01
rs12130221	1	194825306	2.13143	A	T	0.683256	0.997265	0.592471	4.4E-01	-0.00275609	0.00418851	0.43298	5.1E-01	0.695317	4.0E-01
rs704633	1	201760981	2.19705	A	G	0.348748	0.991681	4.37758	3.6E-02	0.00813765	0.00408663	3.96522	4.6E-02	4.04863	4.4E-02
rs16849710	1	202106797	2.20149	A	G	0.471389	0.987868	0.00811112	9.3E-01	-0.000857159	0.00391884	0.0478419	8.3E-01	0.00110872	9.7E-01
rs6540497	1	209205263	2.30771	G	C	0.422338	0.993216	0.530792	4.7E-01	-0.00360517	0.00394766	0.834011	3.6E-01	0.696003	4.0E-01
rs11118308	1	219633869	2.43693	A	G	0.552201	0.999196	17.6318	2.7E-05	0.0165713	0.00391177	17.9459	2.3E-05	22.6096	2.0E-06
rs2642438	1	220970028	2.44813	A	G	0.296164	1	97.8066	4.6E-23	-0.042756	0.00426284	100.6	1.1E-23	107.063	4.3E-25
rs11122400	1	230280259	2.53575	C	G	0.53727	1	56.5323	5.5E-14	-0.0308157	0.00390104	62.3998	2.8E-15	66.3047	3.9E-16
rs2491864	1	242986063	2.82336	G	A	0.781475	0.998975	0.310127	5.8E-01	0.00220065	0.00471443	0.217893	6.4E-01	0.238114	6.3E-01
rs12042959	1	243533273	2.82744	A	G	0.856295	0.985729	4.37978	3.6E-02	-0.0116765	0.00557701	4.38353	3.6E-02	4.87131	2.7E-02
rs1474053	2	224086	0.00121739	T	A	0.30705	0.998582	11.4399	7.2E-04	-0.0148073	0.0042201	12.3114	4.5E-04	14.056	1.8E-04
rs6548228	2	345889	0.00380575	T	C	0.47675	0.997111	6.34857	1.2E-02	-0.010826	0.0038977	7.71472	5.5E-03	7.14689	7.5E-03
rs62117023	2	401319	0.00493919	G	A	0.746598	0.975524	3.69735	5.4E-02	0.00920066	0.00452821	4.12843	4.2E-02	5.25224	2.2E-02
rs13387998	2	512327	0.00653916	C	T	0.926049	0.992033	0.467247	4.9E-01	-0.00405402	0.00746175	0.295182	5.9E-01	0.694339	4.0E-01
rs7596758	2	658595	0.00865972	T	G	0.702053	0.99674	3.21126	7.3E-02	0.00674798	0.00424158	2.53101	1.1E-01	3.18043	7.5E-02
rs11902450	2	12845368	0.29449	C	T	0.895435	0.993347	0.114637	7.3E-01	-0.000361759	0.00638309	0.00321201	9.5E-01	0.0400072	8.4E-01
rs75971153	2	24689143	0.455958	T	C	0.805177	0.974205	2.21986	1.4E-01	-0.00809759	0.00497687	2.64727	1.0E-01	3.08946	7.9E-02
rs75503394	2	25155419	0.457101	C	T	0.903817	0.987449	2.16051	1.4E-01	0.00942293	0.00662663	2.02202	1.6E-01	2.07871	1.5E-01
rs2384463	2	26942256	0.471361	A	G	0.475385	0.994749	0.167646	6.8E-01	0.0017341	0.00390529	0.19717	6.6E-01	0.218416	6.4E-01
rs6737895	2	35442725	0.577818	G	A	0.776382	1	0.118348	7.3E-01	-0.000388237	0.00466898	0.00691433	9.3E-01	0.0962537	7.6E-01
rs10185199	2	40282202	0.642282	G	A	0.719504	0.9446	0.791123	3.7E-01	-0.00429208	0.00445366	0.928758	3.4E-01	1.13816	2.9E-01
rs12465106	2	41583244	0.656468	A	C	0.333824	0.990838	0.198615	6.6E-01	0.00182986	0.00414665	0.194733	6.6E-01	0.102842	7.5E-01
rs56266464	2	44054991	0.686489	G	A	0.938798	0.986548	42.7658	6.2E-11	0.0576325	0.00817633	49.6842	1.8E-12	50.8328	1.0E-12
rs6732079	2	46877963	0.735942	T	A	0.903819	0.980261	0.00828332	9.3E-01	0.00215294	0.00664832	0.104868	7.5E-01	0.000147255	9.9E-01
rs80056702	2	50056246	0.778173	C	T	0.941666	1	0.24388	6.2E-01	0.000910542	0.00830235	0.0120281	9.1E-01	0.178969	6.7E-01
rs6705519	2	55204165	0.827433	C	T	0.699466	0.992125	2.66307	1.0E-01	-0.00706087	0.00425802	2.74981	9.7E-02	2.57802	1.1E-01
rs57178144	2	58681120	0.848912	T	C	0.867472	0.950948	5.7826	1.6E-02	0.0148565	0.00586825	6.40935	1.1E-02	7.18944	7.3E-03
rs13417156	2	62848319	0.885521	T	C	0.567371	0.99741	0.284281	5.9E-01	-0.00156307	0.00393665	0.157654	6.9E-01	0.162654	6.9E-01
rs6746570	2	67774191	0.93823	A	C	0.71111	0.971596	0.357279	5.5E-01	-0.00352166	0.00435356	0.654342	4.2E-01	1.24649	2.6E-01
rs17016642	2	79476375	1.09778	A	G	0.884824	0.971192	3.12478	7.7E-02	0.0101379	0.00617586	2.69465	1.0E-01	2.07364	1.5E-01
rs6752979	2	81741750	1.13256	G	A	0.68268	1	0.54474	4.6E-01	0.00280904	0.00418148	0.451291	5.0E-01	0.887129	3.5E-01
rs4832285	2	86644664	1.16157	G	A	0.248226	0.999114	1.94728	1.6E-01	-0.00586685	0.00449449	1.70392	1.9E-01	1.13116	2.9E-01
rs13023088	2	100576304	1.22131	C	T	0.850793	0.99385	9.86395	1.7E-03	-0.0165143	0.00547471	9.09913	2.6E-03	9.49614	2.1E-03
rs75108145	2	100802984	1.2219	C	T	0.874494	0.987695	2.14237	1.4E-01	0.00872969	0.00591455	2.17849	1.4E-01	2.10012	1.5E-01
rs12712181	2	104354232	1.24985	A	G	0.414449	0.997505	3.95579	4.7E-02	-0.00758641	0.00395459	3.68019	5.5E-02	4.83666	2.8E-02
rs6754968	2	105414479	1.26241	G	A	0.654767	0.998396	1.47241	2.2E-01	0.00485167	0.00410127	1.39941	2.4E-01	1.50568	2.2E-01
rs13027786	2	133517445	1.5525	G	A	0.745836	0.986506	1.22722	2.7E-01	0.00446318	0.00450316	0.982321	3.2E-01	1.03964	3.1E-01
rs6430552	2	135622808	1.58359	C	T	0.628986	0.999411	6.20529	1.3E-02	-0.00850081	0.00400751	4.49957	3.4E-02	6.15668	1.3E-02
rs2890652	2	142959931	1.641	T	C	0.841295	1	2.24107	1.3E-01	0.00711301	0.0053118	1.79318	1.8E-01	3.34474	6.7E-02
rs6719577	2	144013418	1.64945	G	A	0.821292	0.99734	0.634951	4.3E-01	0.00408023	0.00508476	0.643915	4.2E-01	0.895697	3.4E-01
rs1949527	2	157054911	1.75263	G	T	0.354377	0.997531	0.299629	5.8E-01	0.00334976	0.00407693	0.675089	4.1E-01	0.908956	3.4E-01
rs12692596	2	161265910	1.78694	C	T	0.629671	0.996301	5.03054	2.5E-02	0.00831485	0.0040254	4.26668	3.9E-02	4.12136	4.2E-02
rs12692738	2	165558252	1.81499	T	C	0.772314	0.984603	53.3245	2.8E-13	-0.0337195	0.00467835	51.9489	5.7E-13	57.3785	3.6E-14
rs72917531	2	175238176	1.94405	C	A	0.814453	0.991675	6.91495	8.5E-03	-0.0126397	0.00501745	6.34609	1.2E-02	7.14706	7.5E-03
rs4640353	2	181327570	2.00315	A	C	0.71491	0.994236	0.338291	5.6E-01	0.00281577	0.00432467	0.423927	5.1E-01	0.303308	5.8E-01
rs114049355	2	183075689	2.01604	C	T	0.940972	0.921249	2.60778	1.1E-01	-0.0163281	0.00859382	3.60994	5.7E-02	3.30996	6.9E-02
rs7570446	2	193801010	2.09677	C	A	0.456734	0.998185	3.38939	6.6E-02	0.00786015	0.00390827	4.04476	4.4E-02	3.18789	7.4E-02
rs7592344	2	198572461	2.12609	C	T	0.80295	0.997005	5.77726	1.6E-02	-0.0108806	0.00490335	4.92399	2.6E-02	5.22728	2.2E-02
rs3845802	2	203740672	2.15739	T	G	0.518086	0.997801	1.82447	1.8E-01	0.00607152	0.0038974	2.42686	1.2E-01	2.46734	1.2E-01
rs11696022	2	205387566	2.17339	C	T	0.23322	0.994602	0.698996	4.0E-01	-0.00500555	0.00461186	1.17802	2.8E-01	1.08972	3.0E-01
rs4673553	2	211608379	2.23794	T	G	0.551248	0.992859	9.70826	1.8E-03	0.0109744	0.00392379	7.82263	5.2E-03	7.55831	6.0E-03
rs12467225	2	212244657	2.24413	C	T	0.714834	0.995832	3.09438	7.9E-02	0.00822419	0.00432683	3.61282	5.7E-02	3.24421	7.2E-02
rs16847879	2	213067535	2.25955	A	G	0.791086	0.996291	0.000508977	9.8E-01	-0.000150419	0.00479164	0.00098546	9.7E-01	0.00994019	9.2E-01
rs78058190	2	219699999	2.34039	G	A	0.9499	0.784063	61.0642	5.5E-15	0.0840498	0.0100765	69.5754	7.4E-17	76.4216	2.3E-18
rs4674379	2	220214386	2.34424	G	A	0.0952767	0.994198	2.00905	1.6E-01	-0.00905401	0.00663574	1.86167	1.7E-01	1.36524	2.4E-01
rs1399627	2	227083411	2.44246	A	G	0.347126	0.995082	116.808	3.2E-27	0.046042	0.00408783	126.859	2.0E-29	129.257	6.0E-30
rs36191868	2	228999054	2.47864	T	C	0.524364	0.999757	5.03959	2.5E-02	0.0098816	0.00389638	6.4318	1.1E-02	6.16042	1.3E-02
rs17582010	2	230542810	2.50166	T	C	0.448069	0.984006	0.00532307	9.4E-01	0.0011065	0.00394343	0.0787322	7.8E-01	0.170287	6.8E-01
rs9312002	3	8137447	0.216149	G	A	0.563618	0.997543	0.326418	5.7E-01	0.00288355	0.00393514	0.536951	4.6E-01	0.487635	4.8E-01
rs17609108	3	11626464	0.283018	T	C	0.855414	0.974514	3.34529	6.7E-02	-0.00916408	0.00560128	2.67672	1.0E-01	3.30944	6.9E-02
rs11709077	3	12336507	0.297621	G	A	0.88091	0.996457	17.0926	3.6E-05	-0.0258753	0.00601413	18.5108	1.7E-05	20.0255	7.6E-06
rs2596902	3	12955982	0.303023	G	A	0.333814	0.991491	0.166371	6.8E-01	0.00172657	0.00414409	0.173584	6.8E-01	0.291001	5.9E-01
rs2470539	3	15717844	0.355673	C	T	0.410497	0.996599	0.895103	3.4E-01	-0.00540151	0.00397594	1.84566	1.7E-01	2.12285	1.5E-01
rs4858223	3	20581149	0.396076	C	T	0.671778	0.98174	1.15634	2.8E-01	-0.00480189	0.00419428	1.31072	2.5E-01	2.13339	1.4E-01
rs6550943	3	25109249	0.461812	T	A	0.146823	0.996473	0.397387	5.3E-01	0.00452121	0.00550187	0.675286	4.1E-01	0.485014	4.9E-01
rs11921432	3	35117776	0.5931	T	C	0.886271	0.984646	0.334536	5.6E-01	-0.00444033	0.00617914	0.516387	4.7E-01	0.219503	6.4E-01
rs4377469	3	42303074	0.652846	G	T	0.112889	1	0.904858	3.4E-01	0.00510513	0.00613732	0.691921	4.1E-01	1.13818	2.9E-01
rs33484	3	42417887	0.656606	G	A	0.522038	0.987598	0.168316	6.8E-01	-0.00226931	0.00391815	0.335449	5.6E-01	0.546245	4.6E-01
rs9824340	3	43902170	0.666286	C	T	0.307972	0.994289	0.0362314	8.5E-01	-1.49423e-05	0.00423212	1.24658e-05	1.0E+00	0.0385052	8.4E-01
rs4858802	3	47641011	0.688054	T	C	0.684353	0.999724	0.0270051	8.7E-01	-0.00064258	0.0041842	0.0235847	8.8E-01	0.00592236	9.4E-01
rs4688760	3	49980596	0.690403	C	T	0.311095	0.994668	1.49261	2.2E-01	0.00537302	0.00421777	1.62282	2.0E-01	1.55218	2.1E-01
rs12488237	3	56114861	0.741657	T	C	0.942917	1	0.241308	6.2E-01	0.00609301	0.00840484	0.525539	4.7E-01	0.126234	7.2E-01
rs12491542	3	61130247	0.807467	C	T	0.880318	0.985418	0.00162185	9.7E-01	0.000137959	0.0060359	0.000522416	9.8E-01	0.0862658	7.7E-01
rs9968060	3	62471282	0.82953	C	T	0.356779	0.962185	0.21044	6.5E-01	-0.00298396	0.00414924	0.517191	4.7E-01	0.380107	5.4E-01
rs4688315	3	62688047	0.83655	C	T	0.214654	0.996323	0.541187	4.6E-01	-0.00283321	0.00475039	0.355713	5.5E-01	0.144094	7.0E-01
rs13319996	3	77562191	1.05932	A	T	0.29492	0.996833	1.85508	1.7E-01	-0.00470108	0.00428459	1.20386	2.7E-01	1.02895	3.1E-01
rs1512500	3	78419039	1.06507	G	T	0.890143	0.997052	0.257445	6.1E-01	0.00527121	0.006264	0.708136	4.0E-01	0.617618	4.3E-01
rs9850466	3	82532568	1.08223	T	C	0.662972	0.999678	0.635827	4.3E-01	0.00253727	0.00411181	0.380772	5.4E-01	0.225635	6.3E-01
rs7649296	3	84931731	1.08805	G	A	0.677947	0.997066	1.34123	2.5E-01	-0.00405979	0.00416825	0.948637	3.3E-01	0.486417	4.9E-01
rs62261676	3	85698577	1.08973	A	G	0.787904	0.994918	9.28468	2.3E-03	-0.0137831	0.00477399	8.33549	3.9E-03	8.13586	4.3E-03
rs1996761	3	89962587	1.10367	C	T	0.763473	1	0.0250863	8.7E-01	0.00100671	0.00458381	0.0482342	8.3E-01	0.0807734	7.8E-01
rs1946725	3	104605525	1.16628	T	C	0.696369	0.998159	1.14049	2.9E-01	0.00441497	0.0042297	1.08952	3.0E-01	1.11138	2.9E-01
rs16850772	3	104736837	1.16712	T	G	0.313009	0.993369	0.230583	6.3E-01	-0.00288107	0.00423069	0.463752	5.0E-01	0.493424	4.8E-01
rs36131051	3	107888841	1.20196	T	G	0.795306	0.978115	2.44279	1.2E-01	-0.00600439	0.00487878	1.51466	2.2E-01	1.86148	1.7E-01
rs114885158	3	114370599	1.259	G	A	0.919289	0.988206	9.07156	2.6E-03	-0.0234446	0.00720611	10.5848	1.1E-03	11.4689	7.1E-04
rs9289074	3	116858995	1.29335	C	T	0.755933	0.988931	0.018845	8.9E-01	0.00202687	0.00454716	0.198687	6.6E-01	0.204318	6.5E-01
rs11708733	3	128039895	1.41818	G	A	0.952759	0.983201	0.392701	5.3E-01	-0.00723282	0.00927072	0.608679	4.4E-01	1.12584	2.9E-01
rs6785191	3	131453556	1.44252	T	C	0.708876	0.972837	0.0215792	8.8E-01	0.00223293	0.00436038	0.26224	6.1E-01	0.255175	6.1E-01
rs35837273	3	135878634	1.49383	T	C	0.835202	0.99437	0.0317208	8.6E-01	0.000797646	0.00526596	0.0229438	8.8E-01	0.316729	5.7E-01
rs2312193	3	141188399	1.53815	T	C	0.613182	0.99475	0.0402744	8.4E-01	-0.00238563	0.00401747	0.352616	5.5E-01	0.213262	6.4E-01
rs1568488	3	153657951	1.68298	G	C	0.405648	0.984335	5.39839	2.0E-02	0.00980627	0.00399961	6.01137	1.4E-02	6.18076	1.3E-02
rs13322475	3	156319803	1.70952	T	G	0.847879	0.997837	4.19029	4.1E-02	-0.0114088	0.00543408	4.40789	3.6E-02	3.84825	5.0E-02
rs13100952	3	157800753	1.71783	T	C	0.634426	0.997074	1.58468	2.1E-01	0.0045657	0.00404997	1.2709	2.6E-01	1.04936	3.1E-01
rs11921991	3	170499463	1.7977	C	T	0.888087	0.992745	1.69775e-05	1.0E+00	-0.000582731	0.0061942	0.00885048	9.3E-01	0.206338	6.5E-01
rs12635553	3	171113714	1.80841	A	T	0.49773	0.998999	0.0149875	9.0E-01	0.0017604	0.00388859	0.204945	6.5E-01	0.687201	4.1E-01
rs502414	3	180626951	1.95386	C	T	0.649412	0.993077	0.236677	6.3E-01	0.00269601	0.0040908	0.434334	5.1E-01	0.250357	6.2E-01
rs4859234	3	182311332	1.96951	C	T	0.674163	0.98584	6.99543	8.2E-03	-0.0122784	0.00418068	8.62554	3.3E-03	8.18109	4.2E-03
rs1881973	3	184056101	1.99373	G	C	0.629738	0.976501	2.56715	1.1E-01	-0.00672166	0.00408314	2.70997	1.0E-01	3.16162	7.5E-02
rs78615983	3	185733707	2.02087	T	A	0.856711	0.989326	0.01983	8.9E-01	-0.00104888	0.00559714	0.0351175	8.5E-01	0.000868467	9.8E-01
rs950257	3	194847650	2.23885	T	A	0.728068	0.997849	1.21729	2.7E-01	-0.00392471	0.00438234	0.802055	3.7E-01	0.568189	4.5E-01
rs6764533	3	196088464	2.24962	G	A	0.642998	0.998204	8.0375	4.6E-03	0.0122953	0.00406798	9.13527	2.5E-03	8.68112	3.2E-03
rs12509447	4	2861090	0.0318387	G	A	0.810696	0.99398	6.73627	9.4E-03	0.0115532	0.00498665	5.3677	2.1E-02	5.03099	2.5E-02
rs6818414	4	16600664	0.317111	T	C	0.507505	0.992506	0.097176	7.6E-01	-0.00197944	0.00391036	0.256242	6.1E-01	0.166695	6.8E-01
rs2192528	4	18327896	0.339411	A	G	0.477375	0.997272	2.60214	1.1E-01	0.00722413	0.00390291	3.42605	6.4E-02	4.30642	3.8E-02
rs16876869	4	25118707	0.433802	C	T	0.863557	0.998491	3.74781	5.3E-02	0.00973763	0.00569138	2.92733	8.7E-02	3.6976	5.4E-02
rs2309830	4	28584523	0.489893	T	G	0.763499	0.995574	0.0380801	8.5E-01	5.60228e-05	0.00459161	0.000148867	9.9E-01	0.00204649	9.6E-01
rs4270551	4	30703243	0.511997	A	C	0.136232	0.990257	0.0688301	7.9E-01	0.000506102	0.00570517	0.00786933	9.3E-01	0.00794244	9.3E-01
rs6531639	4	38556399	0.601586	G	A	0.752878	0.952325	3.13343	7.7E-02	0.00689286	0.00462277	2.22328	1.4E-01	0.99228	3.2E-01
rs12498157	4	44430025	0.675923	T	A	0.253764	0.990835	0.427224	5.1E-01	-0.00173978	0.00448723	0.150325	7.0E-01	0.00435646	9.5E-01
rs74715904	4	45178081	0.679816	A	G	0.906264	0.977125	0.615952	4.3E-01	0.00488257	0.00675748	0.522068	4.7E-01	0.379459	5.4E-01
rs1492767	4	55221467	0.710006	C	T	0.493554	0.999056	0.0385322	8.4E-01	-0.000666288	0.00388669	0.0293877	8.6E-01	0.202593	6.5E-01
rs2537860	4	55484718	0.714088	A	C	0.436237	0.974656	3.76815	5.2E-02	-0.00774362	0.00397168	3.80136	5.1E-02	3.63503	5.7E-02
rs6551871	4	65643064	0.818795	C	A	0.675782	0.992173	5.27944	2.2E-02	-0.00963235	0.00418116	5.30728	2.1E-02	5.17112	2.3E-02
rs6845883	4	67801500	0.836177	A	G	0.217603	0.990748	3.8432	5.0E-02	-0.00750475	0.00473587	2.51114	1.1E-01	2.60668	1.1E-01
rs10033843	4	77028783	0.90134	G	A	0.798807	0.999649	2.5769	1.1E-01	0.00748151	0.00485854	2.37119	1.2E-01	2.55721	1.1E-01
rs72649373	4	80609966	0.943324	T	C	0.85785	0.957198	3.24037	7.2E-02	0.010528	0.00570782	3.40215	6.5E-02	3.37142	6.6E-02
rs1481012	4	89039082	1.03949	A	G	0.88825	0.994759	0.0123592	9.1E-01	-0.00134193	0.00619701	0.046892	8.3E-01	0.000853373	9.8E-01
rs10014552	4	94407841	1.08151	G	T	0.194146	0.979518	0.380098	5.4E-01	-0.00278638	0.00496442	0.315023	5.7E-01	0.180824	6.7E-01
rs2865330	4	95004716	1.08844	A	G	0.536062	0.999052	2.22915	1.4E-01	-0.0055989	0.00390701	2.0536	1.5E-01	2.27942	1.3E-01
rs12513212	4	96149346	1.09853	A	C	0.594801	0.994888	0.0961447	7.6E-01	-3.05249e-05	0.00397282	5.90349e-05	9.9E-01	0.0830081	7.7E-01
rs2850360	4	102216212	1.14871	A	G	0.852635	0.988759	2.60661	1.1E-01	0.00819242	0.00552735	2.1968	1.4E-01	3.03264	8.2E-02
rs57957741	4	103164166	1.15814	G	A	0.473645	0.994208	7.29428	6.9E-03	-0.0109142	0.00391943	7.75422	5.4E-03	7.70924	5.5E-03
rs326872	4	112733434	1.24745	A	G	0.332672	0.993023	8.52962	3.5E-03	-0.00983134	0.00415101	5.60942	1.8E-02	3.98643	4.6E-02
rs10022185	4	120571765	1.314	C	G	0.70701	0.996192	0.454482	5.0E-01	0.00260547	0.00429988	0.367164	5.4E-01	0.777835	3.8E-01
rs6534743	4	130714768	1.39824	G	A	0.707156	0.986974	3.60456	5.8E-02	0.00781778	0.00430091	3.30405	6.9E-02	3.70258	5.4E-02
rs10018743	4	136972541	1.44304	G	A	0.63247	0.98831	0.21705	6.4E-01	-0.00302854	0.00407357	0.552735	4.6E-01	0.520453	4.7E-01
rs769676	4	140856533	1.49522	A	G	0.738463	0.984882	1.30261	2.5E-01	-0.00401922	0.0044763	0.806205	3.7E-01	0.914107	3.4E-01
rs7375701	4	145260561	1.53722	G	A	0.280275	0.993669	0.370898	5.4E-01	-0.00241489	0.00435329	0.307722	5.8E-01	0.436262	5.1E-01
rs750090	4	152931436	1.59021	T	C	0.644559	0.97605	0.0625932	8.0E-01	0.00150089	0.00410473	0.133699	7.1E-01	0.000208794	9.9E-01
rs10024755	4	161931670	1.69375	C	G	0.777113	0.993719	0.72563	3.9E-01	-0.00475013	0.00470819	1.0179	3.1E-01	0.615137	4.3E-01
rs148636479	4	164359678	1.72579	A	T	0.971622	0.876916	2.12494	1.4E-01	0.0149913	0.0124869	1.44135	2.3E-01	0.588028	4.4E-01
rs17630894	4	171532023	1.80674	T	G	0.862036	0.996667	7.97001	4.8E-03	-0.0175742	0.00566145	9.63593	1.9E-03	10.1498	1.4E-03
rs6822571	4	173552902	1.82334	A	G	0.47883	0.997719	5.3719	2.0E-02	0.00967035	0.00390871	6.12094	1.3E-02	6.0894	1.4E-02
rs16871902	5	3488462	0.0869448	G	A	0.512741	0.997953	3.37781	6.6E-02	0.00745605	0.00390443	3.64672	5.6E-02	3.82897	5.0E-02
rs12109333	5	27166660	0.425295	T	C	0.716328	0.997419	0.609252	4.4E-01	-0.0034157	0.00433211	0.62167	4.3E-01	0.788098	3.7E-01
rs6451674	5	43110754	0.62057	C	T	0.315548	0.990686	3.05574	8.0E-02	0.00729175	0.00420727	3.00374	8.3E-02	3.95294	4.7E-02
rs7704281	5	50591460	0.628051	G	A	0.959743	0.99038	0.143114	7.1E-01	-0.00594469	0.009959	0.356309	5.5E-01	0.644204	4.2E-01
rs7734879	5	60711632	0.720162	C	A	0.63877	0.999176	0.544972	4.6E-01	0.00277677	0.00405615	0.468654	4.9E-01	0.990161	3.2E-01
rs237976	5	62600850	0.738104	C	T	0.438642	0.998534	4.92708	2.6E-02	-0.00775985	0.00392525	3.90816	4.8E-02	3.16206	7.5E-02
rs1459192	5	63944519	0.744046	C	T	0.669709	0.994464	0.0366309	8.5E-01	-0.000283456	0.00415083	0.00466337	9.5E-01	0.0014736	9.7E-01
rs4072296	5	74242002	0.858799	T	C	0.458782	0.938263	22.6275	2.0E-06	-0.0182661	0.0040313	20.5307	5.9E-06	23.0167	1.6E-06
rs6889485	5	75129986	0.862025	G	A	0.565009	0.992761	21.8234	3.0E-06	-0.0185995	0.00395397	22.1277	2.6E-06	20.4703	6.1E-06
rs7725126	5	80730191	0.955869	C	T	0.65455	0.987889	1.44752	2.3E-01	-0.00520558	0.00411235	1.60235	2.1E-01	0.996305	3.2E-01
rs16876684	5	86563970	1.01135	T	G	0.987836	0.991014	5.66668	1.7E-02	0.0438094	0.0178229	6.04195	1.4E-02	6.34415	1.2E-02
rs6882046	5	87968864	1.01539	A	G	0.733018	0.978462	0.0993769	7.5E-01	-0.00075605	0.0044592	0.0287466	8.7E-01	0.000537238	9.8E-01
rs142503704	5	92622421	1.04908	G	A	0.977168	0.959904	0.011336	9.2E-01	0.00219255	0.0133259	0.0270709	8.7E-01	2.02695e-06	1.0E+00
rs17383803	5	95393883	1.0716	T	C	0.907172	1	1.27165	2.6E-01	0.00671274	0.00670128	1.00343	3.2E-01	0.653115	4.2E-01
rs1026534	5	95855091	1.0746	G	C	0.396969	0.999112	0.00102725	9.7E-01	0.000112454	0.00398024	0.000798237	9.8E-01	0.0146685	9.0E-01
rs2545593	5	102054421	1.10814	A	T	0.568418	0.998323	0.447461	5.0E-01	0.0021116	0.00393858	0.287439	5.9E-01	0.337116	5.6E-01
rs4382152	5	106379106	1.13899	T	C	0.619397	1	1.24461	2.6E-01	-0.00534162	0.00401819	1.7672	1.8E-01	2.27403	1.3E-01
rs1433057	5	107285076	1.15555	A	G	0.536635	0.987024	0.0551268	8.1E-01	8.11746e-05	0.00392524	0.000427668	9.8E-01	0.00243002	9.6E-01
rs6421825	5	107866060	1.15804	G	A	0.185771	0.999581	3.87166	4.9E-02	0.0105804	0.0049967	4.48367	3.4E-02	4.02373	4.5E-02
rs459552	5	112176756	1.19663	T	A	0.231534	1	1.26888	2.6E-01	-0.00607184	0.00462005	1.72722	1.9E-01	1.75458	1.9E-01
rs9327119	5	119309059	1.27778	C	G	0.4218	0.9872	2.71202	1.0E-01	-0.00617306	0.00397152	2.41596	1.2E-01	2.88211	9.0E-02
rs13156484	5	122653399	1.3097	G	A	0.528207	0.979173	1.00808	3.2E-01	-0.0027989	0.00394384	0.503659	4.8E-01	0.951531	3.3E-01
rs1422662	5	130440206	1.38534	A	G	0.785211	0.999034	0.456376	5.0E-01	-0.00207384	0.0047458	0.190956	6.6E-01	0.203744	6.5E-01
rs1369126	5	136532351	1.44779	G	C	0.531574	0.995632	0.116773	7.3E-01	-0.00180404	0.00390119	0.213844	6.4E-01	0.473377	4.9E-01
rs11242420	5	137624513	1.45252	C	T	0.808209	0.997884	2.98559	8.4E-02	-0.0104029	0.00495705	4.40416	3.6E-02	5.66455	1.7E-02
rs1895336	5	144465810	1.52134	A	G	0.597239	0.992794	0.415514	5.2E-01	-0.00189396	0.00399411	0.224855	6.4E-01	0.238068	6.3E-01
rs2579040	5	152515823	1.63419	T	A	0.27912	0.996176	0.642987	4.2E-01	-0.0032334	0.00435248	0.551879	4.6E-01	0.942089	3.3E-01
rs17115481	5	153358226	1.64029	G	A	0.730277	0.993088	0.615846	4.3E-01	0.00388967	0.0044002	0.781415	3.8E-01	1.29318	2.6E-01
rs10515706	5	153578518	1.64141	C	T	0.572203	0.993087	6.19259	1.3E-02	-0.00931045	0.00395278	5.548	1.9E-02	4.35283	3.7E-02
rs766120	5	164548126	1.74957	G	A	0.379101	0.999276	8.19967	4.2E-03	-0.0118576	0.00402095	8.6963	3.2E-03	9.09951	2.6E-03
rs2161214	5	170284624	1.86356	A	C	0.313895	0.997023	0.0396325	8.4E-01	0.000639171	0.00420517	0.023103	8.8E-01	0.209856	6.5E-01
rs1966265	5	176516631	2.00003	G	A	0.754745	1	0.798135	3.7E-01	-0.00433899	0.00452188	0.920746	3.4E-01	1.14337	2.8E-01
rs9463175	6	9510030	0.227745	C	T	0.661396	0.983753	1.74954	1.9E-01	-0.00617451	0.00415064	2.21297	1.4E-01	1.61239	2.0E-01
rs12210300	6	12078686	0.272534	A	G	0.684962	1	0.72982	3.9E-01	-0.00295214	0.00418998	0.496419	4.8E-01	0.695299	4.0E-01
rs62385532	6	13161394	0.290635	G	A	0.710645	0.991949	6.34109	1.2E-02	-0.0105243	0.004308	5.96805	1.5E-02	7.43269	6.4E-03
rs4134939	6	20481825	0.408952	T	C	0.316831	0.973957	0.146354	7.0E-01	-0.00188391	0.00424027	0.197394	6.6E-01	0.1982	6.6E-01
rs1185976	6	25822363	0.492387	C	T	0.706333	0.999554	0.375002	5.4E-01	-0.00139372	0.00426901	0.106585	7.4E-01	0.000447042	9.8E-01
rs1233587	6	28719755	0.498924	A	T	0.710277	0.999303	11.389	7.4E-04	-0.0146003	0.00428723	11.5977	6.6E-04	11.5873	6.6E-04
rs3115667	6	31643399	0.515597	T	C	0.278811	1	3.95745	4.7E-02	0.00807152	0.00433063	3.47383	6.2E-02	3.20494	7.3E-02
rs11757081	6	33459420	0.531358	A	T	0.750981	0.997671	3.93924	4.7E-02	0.00924698	0.00449633	4.22946	4.0E-02	4.26662	3.9E-02
rs2499714	6	34072215	0.543389	C	T	0.908411	0.988109	0.0399877	8.4E-01	-0.00175633	0.00677502	0.0672035	8.0E-01	0.0040088	9.5E-01
rs11758326	6	34482498	0.547552	A	G	0.912598	0.986128	1.40094	2.4E-01	0.00866193	0.0069448	1.55564	2.1E-01	0.971933	3.2E-01
rs2395628	6	35473252	0.551863	C	T	0.698599	0.994251	0.0965819	7.6E-01	-0.00119557	0.00423989	0.0795138	7.8E-01	0.0532152	8.2E-01
rs1433723	6	40350399	0.614243	T	C	0.710236	0.996612	2.31804	1.3E-01	-0.00603408	0.00430053	1.96869	1.6E-01	1.70557	1.9E-01
rs11963572	6	46302448	0.722776	T	C	0.491919	0.993234	0.0552795	8.1E-01	0.00169768	0.00390913	0.188605	6.6E-01	0.002841	9.6E-01
rs17664591	6	50183721	0.747534	G	T	0.956925	0.99128	0.650866	4.2E-01	0.008138	0.00963803	0.712949	4.0E-01	0.401352	5.3E-01
rs280280	6	50569828	0.750317	C	T	0.165805	0.992937	2.42794	1.2E-01	-0.00874196	0.00525505	2.76735	9.6E-02	4.20231	4.0E-02
rs149750300	6	50717074	0.7506	A	G	0.984095	0.986819	0.791085	3.7E-01	0.0115132	0.0156482	0.54133	4.6E-01	0.807058	3.7E-01
rs9361779	6	64159064	0.812363	C	A	0.457314	0.997526	2.85388	9.1E-02	0.00755011	0.00392179	3.70627	5.4E-02	4.93706	2.6E-02
rs3883872	6	83322002	0.934204	C	T	0.538241	0.979395	1.12534	2.9E-01	0.00402685	0.00394488	1.04199	3.1E-01	0.410609	5.2E-01
rs9362662	6	90296588	0.987815	A	G	0.479556	0.991565	2.38113	1.2E-01	-0.00532617	0.00390181	1.86337	1.7E-01	1.72767	1.9E-01
rs1324110	6	93913200	1.03177	G	C	0.55584	0.990874	2.04756	1.5E-01	-0.00430622	0.00393503	1.19756	2.7E-01	1.4967	2.2E-01
rs1206133	6	97543137	1.05873	C	T	0.24581	0.972297	3.78659	5.2E-02	-0.00875679	0.00457629	3.66153	5.6E-02	4.43013	3.5E-02
rs9320747	6	98310291	1.06181	T	G	0.532837	0.993884	1.67206	2.0E-01	-0.00430232	0.00391548	1.20735	2.7E-01	1.29479	2.6E-01
rs156128	6	104836826	1.11693	G	A	0.245638	0.999684	7.72323	5.5E-03	0.0135667	0.00452829	8.97592	2.7E-03	7.8845	5.0E-03
rs1575676	6	108861264	1.17848	C	T	0.629055	0.997454	0.0926689	7.6E-01	0.00106068	0.00402773	0.0693496	7.9E-01	0.000456214	9.8E-01
rs9387640	6	119508871	1.25792	C	T	0.634761	1	0.543805	4.6E-01	0.00173985	0.00405382	0.184202	6.7E-01	0.0329855	8.6E-01
rs2875762	6	124925032	1.30799	G	C	0.757629	0.990596	1.96299	1.6E-01	0.00626791	0.00456238	1.88739	1.7E-01	1.30897	2.5E-01
rs4895799	6	126052729	1.32459	C	T	0.415289	0.992315	0.269585	6.0E-01	-0.00167277	0.00396492	0.177994	6.7E-01	0.29258	5.9E-01
rs6569648	6	130349119	1.35981	C	T	0.239855	1	4.98945	2.6E-02	0.0112742	0.00454182	6.16191	1.3E-02	5.85334	1.6E-02
rs2781659	6	131891820	1.37734	A	G	0.688059	1	0.840724	3.6E-01	-0.00473458	0.00419874	1.27153	2.6E-01	1.45761	2.3E-01
rs11754747	6	141494602	1.50941	C	T	0.744216	0.987686	2.75737	9.7E-02	0.00773301	0.0044947	2.96003	8.5E-02	2.62046	1.1E-01
rs12194419	6	143148142	1.51953	G	A	0.727002	0.984742	1.32609	2.5E-01	0.00675821	0.00440164	2.3574	1.2E-01	3.16582	7.5E-02
rs2256216	6	147471730	1.55898	A	G	0.462483	0.956666	2.04515	1.5E-01	0.0048128	0.00399221	1.45335	2.3E-01	1.13249	2.9E-01
rs7755574	6	153364643	1.66311	G	T	0.718556	0.997121	10.5005	1.2E-03	0.0143103	0.00434387	10.8529	9.9E-04	11.3823	7.4E-04
rs12207125	6	154301575	1.6763	A	G	0.781403	0.992451	1.70668	1.9E-01	0.0051333	0.00472379	1.1809	2.8E-01	0.763676	3.8E-01
rs111226116	6	160534940	1.77103	C	T	0.983829	0.990996	49.2241	2.3E-12	-0.108972	0.0154882	49.5025	2.0E-12	49.0976	2.4E-12
rs118039278	6	160985526	1.7755	G	A	0.921147	0.991329	168.526	1.6E-38	-0.0970846	0.007255	179.072	7.7E-41	186.989	1.4E-42
rs6950388	7	1270699	0.0137006	G	A	0.203901	1	10.8302	1.0E-03	0.0161961	0.00483397	11.2257	8.1E-04	12.078	5.1E-04
rs7807190	7	1851461	0.0275157	A	G	0.787679	0.988996	5.05473	2.5E-02	-0.00967355	0.00477881	4.09762	4.3E-02	3.41846	6.4E-02
rs4722398	7	3125220	0.0523222	C	T	0.865235	1	1.4812	2.2E-01	0.00781432	0.00570549	1.87584	1.7E-01	2.22236	1.4E-01
rs118182061	7	14655786	0.275253	T	A	0.975008	0.988845	4.63568	3.1E-02	0.0267426	0.0125732	4.52396	3.3E-02	4.67689	3.1E-02
rs10263780	7	19778086	0.347944	G	A	0.862505	0.994464	0.214688	6.4E-01	0.0041209	0.00568571	0.525308	4.7E-01	0.184502	6.7E-01
rs56001710	7	25983400	0.440483	A	T	0.41942	0.936966	56.3457	6.1E-14	-0.0319536	0.00406801	61.6984	4.0E-15	68.8173	1.1E-16
rs1019083	7	39414081	0.63582	A	G	0.84633	0.989979	0.885209	3.5E-01	-0.00372217	0.00541856	0.471873	4.9E-01	0.917293	3.4E-01
rs710888	7	44777556	0.700884	A	G	0.422452	0.98989	3.3519	6.7E-02	0.00773464	0.00396278	3.80959	5.1E-02	3.54049	6.0E-02
rs2189833	7	49507651	0.755765	G	A	0.334039	0.996219	0.719418	4.0E-01	0.0025279	0.00413473	0.373789	5.4E-01	0.399525	5.3E-01
rs1466163	7	50607206	0.766828	A	G	0.11686	0.995864	0.00369506	9.5E-01	-0.00107489	0.00608336	0.0312208	8.6E-01	0.00437921	9.5E-01
rs10259748	7	69281111	0.866623	T	G	0.679055	0.998943	1.29096	2.6E-01	0.0048654	0.00416305	1.36588	2.4E-01	0.709502	4.0E-01
rs4718966	7	70040558	0.868636	C	T	0.585931	0.992694	0.0694679	7.9E-01	0.00104804	0.00397127	0.0696453	7.9E-01	0.429096	5.1E-01
rs3973896	7	71428960	0.890229	C	G	0.828074	0.969349	0.068689	7.9E-01	0.00146292	0.00523823	0.0779958	7.8E-01	0.000721104	9.8E-01
rs28584911	7	74081407	0.91304	T	G	0.655577	0.99949	2.02721	1.5E-01	0.00452808	0.00410216	1.21844	2.7E-01	1.66658	2.0E-01
rs77497827	7	75038408	0.913217	A	G	0.535049	0.806181	10.4473	1.2E-03	0.0138185	0.00433575	10.1577	1.4E-03	11.5006	7.0E-04
rs10260232	7	78120735	0.952444	C	T	0.495546	0.987744	4.95556	2.6E-02	0.00749767	0.00392352	3.65175	5.6E-02	3.72808	5.4E-02
rs2158045	7	93082708	1.09422	C	T	0.524967	0.990979	0.444823	5.0E-01	-0.00270723	0.00391675	0.47775	4.9E-01	0.593538	4.4E-01
rs917154	7	99020806	1.15524	A	G	0.844107	0.995198	3.06114	8.0E-02	-0.010127	0.00538298	3.53927	6.0E-02	3.22026	7.3E-02
rs17155888	7	103416295	1.18694	T	A	0.57496	0.98913	0.119908	7.3E-01	0.00131987	0.00395319	0.111472	7.4E-01	0.0393207	8.4E-01
rs1608891	7	112795334	1.29284	G	A	0.679188	0.983328	0.0471479	8.3E-01	-0.00101659	0.00420699	0.0583908	8.1E-01	0.0266838	8.7E-01
rs6944092	7	113483569	1.2996	A	G	0.629013	0.997581	1.08408	3.0E-01	0.00373574	0.00403364	0.857747	3.5E-01	0.682375	4.1E-01
rs936146	7	114294405	1.30462	G	C	0.52517	0.98912	0.129576	7.2E-01	0.00136011	0.00391858	0.120473	7.3E-01	0.198091	6.6E-01
rs896183	7	127831580	1.37625	G	A	0.578819	0.975804	0.0101229	9.2E-01	-0.00040328	0.00399145	0.0102082	9.2E-01	0.00126972	9.7E-01
rs12154627	7	130422934	1.4017	T	C	0.50585	0.97487	32.1915	1.4E-08	-0.0215918	0.0039384	30.0564	4.2E-08	35.781	2.2E-09
rs9640171	7	150600845	1.6794	G	A	0.719327	0.982269	3.81364	5.1E-02	-0.00984164	0.00438028	5.04813	2.5E-02	5.93157	1.5E-02
rs1658820	8	4288577	0.1172	G	T	0.755687	0.985142	1.44013	2.3E-01	-0.00509463	0.00455967	1.24841	2.6E-01	0.984226	3.2E-01
rs2980436	8	8092025	0.237424	G	A	0.545084	0.992022	38.1713	6.5E-10	-0.0239562	0.0039233	37.2848	1.0E-09	38.1434	6.6E-10
rs34803352	8	14042304	0.362732	T	C	0.655661	0.989136	6.89728	8.6E-03	0.0121761	0.00411421	8.75874	3.1E-03	9.55228	2.0E-03
rs4258002	8	15493417	0.380515	G	T	0.855263	0.998595	0.236215	6.3E-01	-0.00126385	0.00552327	0.0523595	8.2E-01	0.000893156	9.8E-01
rs1470687	8	20628793	0.485499	C	G	0.669974	0.991276	6.57245	1.0E-02	-0.0113143	0.00415011	7.43255	6.4E-03	5.82909	1.6E-02
rs13250995	8	23329985	0.54132	G	A	0.824719	0.988818	1.13727	2.9E-01	0.00401575	0.00513908	0.610608	4.3E-01	0.755432	3.8E-01
rs17411738	8	28060572	0.603281	T	G	0.543762	1	0.518646	4.7E-01	-0.00234267	0.00389937	0.360938	5.5E-01	0.192932	6.6E-01
rs17647894	8	30820168	0.644882	C	A	0.5703	0.997844	4.7779	2.9E-02	-0.00702868	0.00392637	3.20454	7.3E-02	2.59302	1.1E-01
rs4647906	8	38325411	0.694629	G	A	0.597349	0.997516	3.57847	5.9E-02	0.00800773	0.00395615	4.09706	4.3E-02	5.39969	2.0E-02
rs10216609	8	62034284	0.850754	C	A	0.846841	0.996244	0.859478	3.5E-01	0.00632778	0.00541324	1.36643	2.4E-01	2.03131	1.5E-01
rs7822926	8	64701966	0.867188	A	C	0.529057	0.995395	5.31485	2.1E-02	-0.00863119	0.00391083	4.87085	2.7E-02	4.34729	3.7E-02
rs2017657	8	73426371	0.974058	G	T	0.426163	1	7.26477	7.0E-03	-0.0121846	0.00394114	9.55824	2.0E-03	8.40147	3.7E-03
rs2170382	8	74689288	0.991459	C	T	0.885523	0.995074	6.24958	1.2E-02	0.0143671	0.00612957	5.49388	1.9E-02	5.62765	1.8E-02
rs1813039	8	76295984	1.00648	G	A	0.289677	0.988819	0.676835	4.1E-01	0.00337071	0.00430833	0.612102	4.3E-01	0.441714	5.1E-01
rs7833023	8	85053241	1.06276	C	A	0.274821	0.994182	0.141103	7.1E-01	0.000953679	0.00437846	0.0474418	8.3E-01	0.205924	6.5E-01
rs4286925	8	93237876	1.10371	A	G	0.664213	0.999539	1.18378	2.8E-01	-0.00574919	0.0041166	1.95046	1.6E-01	1.96146	1.6E-01
rs113630732	8	95496030	1.1287	G	A	0.762487	0.987676	6.37035	1.2E-02	-0.0122171	0.00459236	7.0773	7.8E-03	6.77433	9.2E-03
rs1383592	8	106430676	1.25808	G	A	0.797477	0.997356	3.65681	5.6E-02	0.00820022	0.00482614	2.88703	8.9E-02	3.21894	7.3E-02
rs231144	8	116416131	1.31481	T	C	0.197236	0.979876	1.82907	1.8E-01	0.00711859	0.00494062	2.07599	1.5E-01	2.62549	1.1E-01
rs2001945	8	126477978	1.45319	G	C	0.478862	1	94.6065	2.3E-22	-0.0397217	0.00388962	104.29	1.7E-24	107.542	3.4E-25
rs7823706	8	132874175	1.55933	G	C	0.900832	0.994274	2.21654	1.4E-01	0.0100124	0.00653982	2.34395	1.3E-01	2.35983	1.2E-01
rs13266268	8	142611971	1.73096	C	T	0.612047	0.936385	0.422551	5.2E-01	0.00260297	0.00412719	0.397768	5.3E-01	0.200204	6.5E-01
rs4072917	8	143300279	1.7496	G	A	0.525555	0.990762	5.00777	2.5E-02	0.00891551	0.00390271	5.21868	2.2E-02	4.37841	3.6E-02
rs7037266	9	6942940	0.164689	C	A	0.638295	0.99833	0.2926	5.9E-01	-0.00231826	0.00405312	0.327148	5.7E-01	0.257179	6.1E-01
rs1352522	9	11265159	0.255425	A	T	0.472109	0.994616	2.91556	8.8E-02	0.00571983	0.00392627	2.1223	1.5E-01	2.62947	1.0E-01
rs10810392	9	15529852	0.34171	G	A	0.70236	0.998296	1.26705	2.6E-01	-0.00558435	0.00426477	1.71457	1.9E-01	0.978492	3.2E-01
rs10962547	9	16712247	0.359896	T	A	0.827268	0.993311	0.903301	3.4E-01	0.00607953	0.00515804	1.38922	2.4E-01	1.99616	1.6E-01
rs10965693	9	23194860	0.454296	C	T	0.628014	0.995687	4.25896	3.9E-02	-0.00748358	0.00404116	3.42931	6.4E-02	1.90886	1.7E-01
rs1342097	9	27748698	0.533307	A	T	0.527835	0.986968	0.516969	4.7E-01	-0.0034744	0.00392435	0.783832	3.8E-01	1.29471	2.6E-01
rs2383827	9	29628356	0.55829	A	G	0.577794	0.982182	0.425019	5.1E-01	-0.00254106	0.00398011	0.407605	5.2E-01	0.554083	4.6E-01
rs10973183	9	37066231	0.624601	T	C	0.461642	0.99687	0.76816	3.8E-01	-0.00388715	0.00390959	0.988558	3.2E-01	0.678111	4.1E-01
rs7038966	9	73777777	0.840061	C	T	0.590126	0.987057	1.80523	1.8E-01	0.0047487	0.00399243	1.41473	2.3E-01	1.95949	1.6E-01
rs10116186	9	80532374	0.931287	A	G	0.456662	0.990981	0.126367	7.2E-01	0.00137069	0.00391827	0.122374	7.3E-01	0.117592	7.3E-01
rs12342093	9	81341229	0.940469	G	T	0.587897	0.986826	2.27113	1.3E-01	-0.00604081	0.00398962	2.29259	1.3E-01	1.75271	1.9E-01
rs2777768	9	84186734	0.972648	A	G	0.731104	0.99467	0.223931	6.4E-01	-0.00293236	0.00441047	0.442042	5.1E-01	0.534764	4.6E-01
rs13283585	9	92011763	1.08794	G	A	0.776059	0.992567	15.5516	8.0E-05	0.0180072	0.00468455	14.7759	1.2E-04	11.269	7.9E-04
rs10820852	9	94186973	1.11918	C	A	0.724507	0.995129	2.59867	1.1E-01	-0.00668085	0.00438164	2.32482	1.3E-01	3.12357	7.7E-02
rs11999013	9	96154352	1.13313	A	C	0.83665	0.993837	0.399104	5.3E-01	-0.00395897	0.00528086	0.562024	4.5E-01	1.04692	3.1E-01
rs13298187	9	102086525	1.19449	G	C	0.557964	0.995745	0.00017402	9.9E-01	-0.00131914	0.00393245	0.112527	7.4E-01	0.0532527	8.2E-01
rs1484375	9	109067561	1.25942	A	G	0.222288	1	1.73254	1.9E-01	-0.00650335	0.00468739	1.92491	1.7E-01	1.85758	1.7E-01
rs2417998	9	111958746	1.3058	C	G	0.292548	0.991129	1.70294	1.9E-01	-0.00684968	0.00431448	2.52049	1.1E-01	3.06103	8.0E-02
rs28693508	9	120361418	1.43341	C	G	0.660764	0.99984	0.896727	3.4E-01	-0.00308964	0.00410407	0.566743	4.5E-01	0.90618	3.4E-01
rs7864914	9	122631415	1.46605	A	G	0.895914	0.994445	0.0826898	7.7E-01	0.000287543	0.00641681	0.00200802	9.6E-01	0.0059098	9.4E-01
rs10985963	9	126081738	1.50258	C	T	0.655668	1	2.84774	9.2E-02	-0.00622576	0.00410006	2.30571	1.3E-01	2.60309	1.1E-01
rs10986291	9	127016271	1.51402	A	T	0.663493	0.998445	1.17697	2.8E-01	-0.00408456	0.00412783	0.979147	3.2E-01	0.968112	3.3E-01
rs3003606	9	130982416	1.5501	C	T	0.447842	0.997618	1.1771	2.8E-01	0.00401254	0.0039333	1.0407	3.1E-01	0.476115	4.9E-01
rs2210625	10	10256274	0.226551	A	C	0.83048	0.994947	0.862136	3.5E-01	0.00461307	0.0052032	0.786032	3.8E-01	0.640979	4.2E-01
rs10904791	10	16722347	0.376643	A	C	0.330661	0.975889	2.99153	8.4E-02	0.00722223	0.00419021	2.97078	8.5E-02	3.26202	7.1E-02
rs12761995	10	21690509	0.466409	A	C	0.833819	0.987021	3.3327	6.8E-02	0.00933717	0.0052637	3.14665	7.6E-02	3.38565	6.6E-02
rs4097319	10	33860515	0.618889	T	G	0.565846	0.995031	0.27098	6.0E-01	-0.00287834	0.00394393	0.532629	4.7E-01	0.487665	4.8E-01
rs17231072	10	33951730	0.620984	A	C	0.842226	0.991796	4.84412	2.8E-02	0.0137806	0.00535777	6.61559	1.0E-02	5.25944	2.2E-02
rs10763587	10	52356264	0.733349	C	T	0.690787	0.970215	0.98215	3.2E-01	0.00387939	0.00427798	0.822339	3.6E-01	1.07274	3.0E-01
rs1937683	10	53679060	0.748396	C	T	0.334981	1	0.0257485	8.7E-01	0.000769986	0.00413915	0.0346053	8.5E-01	0.107208	7.4E-01
rs7070670	10	61842645	0.8423	C	T	0.672129	0.984388	5.80695	1.6E-02	-0.00993387	0.00416764	5.6814	1.7E-02	6.87021	8.8E-03
rs4746865	10	64834173	0.870392	G	A	0.599382	0.999286	54.7956	1.3E-13	-0.0296379	0.00397947	55.4683	9.5E-14	54.465	1.6E-13
rs7090106	10	75720956	0.999154	A	T	0.787205	0.991026	0.488743	4.8E-01	0.00245615	0.0047674	0.265428	6.1E-01	0.136481	7.1E-01
rs7075347	10	76533307	1.00123	C	T	0.934809	1	0.322938	5.7E-01	-0.00135615	0.00788488	0.029582	8.6E-01	0.126216	7.2E-01
rs12412597	10	87339257	1.13684	G	A	0.949687	0.989888	2.25089	1.3E-01	0.0120627	0.00895544	1.81431	1.8E-01	1.11171	2.9E-01
rs10887571	10	88030441	1.14705	C	T	0.553302	0.979368	3.87559	4.9E-02	0.00677894	0.00394755	2.94896	8.6E-02	3.07688	7.9E-02
rs2450444	10	93010383	1.20287	G	A	0.650548	0.997815	7.9351	4.8E-03	-0.0110171	0.00407583	7.30637	6.9E-03	9.56444	2.0E-03
rs472818	10	99695057	1.26982	T	C	0.578411	0.981176	3.92353	4.8E-02	0.00760268	0.00397475	3.65858	5.6E-02	3.99782	4.6E-02
rs72844408	10	102425467	1.29272	G	A	0.778973	0.986164	1.78769	1.8E-01	0.00670576	0.00471791	2.02021	1.6E-01	2.40445	1.2E-01
rs2296580	10	104241683	1.30539	G	T	0.700739	0.999674	1.23394	2.7E-01	0.00478676	0.00425908	1.26314	2.6E-01	2.13325	1.4E-01
rs192569	10	104577915	1.30605	T	C	0.420829	0.996118	3.11355	7.8E-02	0.00733375	0.00395867	3.43205	6.4E-02	3.83641	5.0E-02
rs34820178	10	113901194	1.38373	C	T	0.75407	0.994882	82.4755	1.1E-19	-0.0413926	0.00453135	83.443	6.6E-20	88.851	4.3E-21
rs7917983	10	114732882	1.3977	T	C	0.531909	1	0.151822	7.0E-01	0.00220834	0.00389737	0.321061	5.7E-01	0.535429	4.6E-01
rs1637556	10	118568352	1.45195	G	A	0.562841	0.989119	0.647771	4.2E-01	-0.00431489	0.00394154	1.19842	2.7E-01	0.326792	5.7E-01
rs845094	10	125206933	1.57263	C	T	0.578488	0.99077	0.00785116	9.3E-01	0.000845998	0.00395885	0.0456667	8.3E-01	0.000311178	9.9E-01
rs7923382	10	126576503	1.61167	T	C	0.770308	1	2.42817	1.2E-01	-0.00645357	0.00463061	1.94233	1.6E-01	1.52348	2.2E-01
rs2028395	10	126726558	1.61328	G	C	0.553102	0.997728	1.11104	2.9E-01	0.0042038	0.00391811	1.15114	2.8E-01	2.40847	1.2E-01
rs2252305	10	131114131	1.7313	A	G	0.34019	0.976818	0.0389432	8.4E-01	0.00163913	0.00415332	0.155753	6.9E-01	0.393496	5.3E-01
rs10902221	11	802379	0.0108629	T	C	0.487789	0.998916	1.59659	2.1E-01	0.00543621	0.0039083	1.93471	1.6E-01	1.10454	2.9E-01
rs7126629	11	2228952	0.0544298	C	A	0.181022	0.993387	6.76298	9.3E-03	-0.0120953	0.00507217	5.68648	1.7E-02	6.11832	1.3E-02
rs7938031	11	8366148	0.188301	C	T	0.68318	0.996274	5.36653	2.1E-02	-0.0109425	0.00419589	6.80119	9.1E-03	5.43958	2.0E-02
rs4586148	11	8430938	0.18954	C	A	0.946845	0.99847	1.22081	2.7E-01	0.0114146	0.00868848	1.72597	1.9E-01	1.07336	3.0E-01
rs7484027	11	17368381	0.298183	T	A	0.5558	0.993279	0.164735	6.8E-01	-0.000833448	0.00393362	0.0448923	8.3E-01	0.277469	6.0E-01
rs35298551	11	27224030	0.462668	T	C	0.844471	1	3.02939	8.2E-02	-0.00905816	0.00536978	2.84556	9.2E-02	4.09023	4.3E-02
rs558887	11	28712741	0.468359	A	G	0.692542	0.992085	0.354988	5.5E-01	-0.00173283	0.00423792	0.167188	6.8E-01	0.00108918	9.7E-01
rs67670125	11	30214914	0.478895	C	T	0.77199	0.995153	6.96781	8.3E-03	-0.0130818	0.00464485	7.93224	4.9E-03	8.267	4.0E-03
rs982243	11	43529703	0.620806	A	G	0.508132	0.998514	0.999674	3.2E-01	0.00360153	0.00389346	0.855665	3.5E-01	0.629131	4.3E-01
rs2679055	11	43610813	0.622009	T	C	0.545816	0.999238	12.0086	5.3E-04	-0.0144833	0.00391464	13.6884	2.2E-04	14.8746	1.1E-04
rs10838201	11	43937089	0.623077	A	T	0.566417	0.994597	0.0326773	8.6E-01	0.000599785	0.00394603	0.0231031	8.8E-01	0.0728685	7.9E-01
rs6485613	11	45337440	0.656974	C	T	0.176517	0.997513	2.19469	1.4E-01	0.00698816	0.00510329	1.8751	1.7E-01	1.90658	1.7E-01
rs2071304	11	47372377	0.665184	G	C	0.680113	0.982508	17.6572	2.6E-05	0.0182358	0.00418993	18.9425	1.3E-05	20.3369	6.5E-06
rs198457	11	61471678	0.70287	C	T	0.811856	0.983863	33.0075	9.2E-09	-0.0290198	0.0050165	33.4648	7.3E-09	37.8526	7.6E-10
rs477400	11	63817799	0.729641	G	C	0.79688	0.991738	3.78012	5.2E-02	-0.00901506	0.00483769	3.47265	6.2E-02	3.21898	7.3E-02
rs11227199	11	65238121	0.737843	G	A	0.799524	0.999748	4.40866	3.6E-02	0.00862628	0.0048731	3.13355	7.7E-02	4.32644	3.8E-02
rs4980662	11	69307011	0.764582	G	C	0.491849	0.994721	4.40767	3.6E-02	0.00846829	0.00390311	4.70728	3.0E-02	4.39427	3.6E-02
rs575976	11	75437630	0.831823	A	G	0.814914	0.991992	31.5166	2.0E-08	0.0266839	0.005045	27.9754	1.2E-07	26.0189	3.4E-07
rs7942337	11	76465272	0.842642	C	T	0.78322	0.971559	4.73629	3.0E-02	-0.00787792	0.00479772	2.69621	1.0E-01	3.96268	4.7E-02
rs10898317	11	84613479	0.936326	C	T	0.485862	1	0.152707	7.0E-01	-0.00183632	0.00390166	0.221512	6.4E-01	0.140388	7.1E-01
rs61903695	11	89922417	0.975709	A	G	0.744306	0.999211	4.09682	4.3E-02	0.00942659	0.00446565	4.45595	3.5E-02	5.02826	2.5E-02
rs2513999	11	103019633	1.1154	A	G	0.152447	0.996865	5.17481	2.3E-02	0.0123022	0.00542033	5.15128	2.3E-02	4.8108	2.8E-02
rs719802	11	113234679	1.20429	T	C	0.385921	1	3.20952	7.3E-02	-0.00618373	0.00399333	2.39789	1.2E-01	1.1827	2.8E-01
rs2507887	11	114961537	1.22996	T	C	0.521825	0.996335	0.0962057	7.6E-01	-0.000363864	0.00390128	0.00869892	9.3E-01	0.0124668	9.1E-01
rs142174850	11	116715784	1.26141	G	A	0.940079	0.994858	0.812666	3.7E-01	-0.00741677	0.00824366	0.809449	3.7E-01	0.835387	3.6E-01
rs9332817	11	118365210	1.28887	G	C	0.973357	1	3.53737	6.0E-02	-0.0229433	0.0121086	3.59025	5.8E-02	1.99455	1.6E-01
rs10750446	11	130706918	1.51208	T	C	0.489006	0.998451	1.34047	2.5E-01	-0.00451616	0.00388566	1.35086	2.5E-01	0.619074	4.3E-01
rs1040103	11	131442151	1.53674	A	G	0.461781	0.994917	13.6536	2.2E-04	0.0155908	0.00390787	15.9169	6.6E-05	16.0394	6.2E-05
rs7941631	11	131930432	1.54756	G	C	0.691466	0.996305	1.74586	1.9E-01	-0.00486512	0.00421503	1.33225	2.5E-01	2.25565	1.3E-01
rs3088353	12	862641	0.0207663	T	G	0.540089	0.945945	1.86687	1.7E-01	0.00461043	0.00401343	1.31963	2.5E-01	1.49149	2.2E-01
rs12422552	12	14413931	0.308896	G	C	0.732829	0.993361	3.37143	6.6E-02	-0.00748161	0.00442489	2.8588	9.1E-02	2.92869	8.7E-02
rs10846451	12	17099885	0.336898	A	G	0.700154	0.983369	7.35243	6.7E-03	-0.0114394	0.00429703	7.08708	7.8E-03	7.11049	7.7E-03
rs6486935	12	19209501	0.354456	T	A	0.252354	0.994884	0.30022	5.8E-01	0.00455524	0.00449204	1.02833	3.1E-01	0.989545	3.2E-01
rs16926776	12	24001905	0.419584	C	T	0.923178	1	0.435158	5.1E-01	-0.00403468	0.00731938	0.303858	5.8E-01	0.0398911	8.4E-01
rs6488140	12	33370406	0.544222	G	A	0.878388	0.997569	0.554495	4.6E-01	0.00584235	0.00596168	0.96037	3.3E-01	1.20771	2.7E-01
rs76573653	12	49380073	0.624418	T	G	0.961609	1	0.00137128	9.7E-01	0.000163769	0.010148	0.000260439	9.9E-01	0.0115858	9.1E-01
rs2720296	12	50169070	0.630128	G	A	0.609758	0.950295	0.330219	5.7E-01	-0.00219631	0.00408757	0.288705	5.9E-01	0.343754	5.6E-01
rs113397893	12	57611285	0.721064	A	G	0.9212	0.973344	0.171039	6.8E-01	0.00276716	0.00731069	0.143269	7.1E-01	0.32148	5.7E-01
rs7979776	12	68205353	0.825207	G	T	0.177617	0.996558	0.711538	4.0E-01	-0.00410928	0.00511247	0.646056	4.2E-01	0.859744	3.5E-01
rs61754230	12	72179446	0.876527	C	T	0.980435	1	0.570327	4.5E-01	-0.0108875	0.0140226	0.60284	4.4E-01	0.150335	7.0E-01
rs11115160	12	82424100	0.983055	G	A	0.761725	0.987625	6.69577	9.7E-03	-0.0118145	0.00459954	6.59781	1.0E-02	8.50904	3.5E-03
rs704067	12	89726027	1.03172	G	A	0.54643	0.989595	0.294299	5.9E-01	0.00266503	0.00393235	0.459303	5.0E-01	0.32216	5.7E-01
rs11105846	12	91257268	1.04236	G	T	0.632238	0.98376	1.35238	2.4E-01	-0.00384796	0.0040797	0.889622	3.5E-01	0.13926	7.1E-01
rs1420341	12	97913785	1.14795	C	T	0.171739	0.989054	1.55335	2.1E-01	-0.00591526	0.00518841	1.29981	2.5E-01	0.825598	3.6E-01
rs10735363	12	99524896	1.16631	T	C	0.334204	1	4.90561	2.7E-02	-0.00828474	0.00413061	4.02281	4.5E-02	4.00301	4.5E-02
rs1895951	12	108268689	1.27225	T	C	0.779282	0.981758	3.08253	7.9E-02	-0.00823928	0.00474752	3.01193	8.3E-02	3.61939	5.7E-02
rs3825393	12	109883374	1.29241	T	C	0.362954	1	0.30666	5.8E-01	0.00230928	0.00404358	0.326153	5.7E-01	0.337274	5.6E-01
rs10850838	12	110278812	1.29736	C	T	0.686864	0.989427	0.959626	3.3E-01	0.00590572	0.00423111	1.94821	1.6E-01	0.982487	3.2E-01
rs11066188	12	112610714	1.303	G	A	0.591057	0.996937	22.5151	2.1E-06	0.02005	0.00397211	25.4792	4.5E-07	27.036	2.0E-07
rs144782841	12	121633581	1.45609	C	G	0.874501	0.99275	12.4967	4.1E-04	0.0229999	0.00590618	15.1648	9.9E-05	14.8283	1.2E-04
rs181617194	12	122011598	1.46244	T	C	0.959381	0.835918	2.5926	1.1E-01	0.0199443	0.0107841	3.42036	6.4E-02	2.68071	1.0E-01
rs7953379	12	123030285	1.46756	A	G	0.647007	0.998006	3.70529	5.4E-02	-0.00831491	0.00408351	4.14619	4.2E-02	3.06137	8.0E-02
rs3897102	12	123492112	1.47105	C	T	0.587824	0.982525	0.620457	4.3E-01	0.00366219	0.00399401	0.840746	3.6E-01	1.06772	3.0E-01
rs7969633	12	133310887	1.74925	C	T	0.267076	0.9952	0.90901	3.4E-01	-0.00272317	0.00442074	0.379455	5.4E-01	0.548767	4.6E-01
rs9579775	13	20616557	0.0139469	A	C	0.863855	0.926233	0.232296	6.3E-01	-0.00228973	0.00591163	0.150022	7.0E-01	0.072271	7.9E-01
rs4238202	13	27902148	0.193689	A	G	0.258919	0.9902	0.0358809	8.5E-01	-0.000954414	0.00447322	0.0455231	8.3E-01	0.250123	6.2E-01
rs1885989	13	28010117	0.196447	G	A	0.819991	0.999055	1.71423	1.9E-01	0.00718183	0.0050658	2.0099	1.6E-01	2.23133	1.4E-01
rs12872889	13	28674628	0.213575	T	C	0.769448	0.972921	4.71293	3.0E-02	0.00967095	0.00469274	4.24703	3.9E-02	4.97506	2.6E-02
rs1928496	13	31012904	0.263323	C	T	0.256087	1	3.38066	6.6E-02	0.00822509	0.00446575	3.39228	6.6E-02	2.98927	8.4E-02
rs7993153	13	33378785	0.304672	A	T	0.527179	0.996937	5.52965	1.9E-02	-0.00950295	0.00390649	5.91756	1.5E-02	5.41788	2.0E-02
rs41284828	13	50963685	0.538953	G	A	0.969277	0.943856	4.43254	3.5E-02	-0.0217331	0.0115953	3.513	6.1E-02	3.96924	4.6E-02
rs9536417	13	54018393	0.568081	G	A	0.819355	0.953229	2.91711	8.8E-02	-0.00936287	0.00517887	3.2685	7.1E-02	3.04858	8.1E-02
rs13378227	13	54793818	0.572267	C	T	0.448494	0.996048	1.57946	2.1E-01	-0.00424512	0.00392346	1.17069	2.8E-01	0.461648	5.0E-01
rs9563521	13	58254773	0.585028	A	C	0.870679	0.988428	5.82089	1.6E-02	-0.0133932	0.00584574	5.24915	2.2E-02	4.20547	4.0E-02
rs9538189	13	59333776	0.588946	C	G	0.833107	0.986627	0.529373	4.7E-01	0.00188656	0.0052709	0.128107	7.2E-01	0.229035	6.3E-01
rs308597	13	62670010	0.616457	T	C	0.413014	0.995107	3.09323	7.9E-02	-0.00753238	0.00395941	3.61912	5.7E-02	3.73762	5.3E-02
rs4421883	13	79561962	0.787183	T	C	0.494175	0.996287	8.12184	4.4E-03	0.0109216	0.0039108	7.79912	5.2E-03	9.39568	2.2E-03
rs9547363	13	86322442	0.835108	T	C	0.513712	0.967142	0.867087	3.5E-01	-0.00520675	0.00396093	1.72799	1.9E-01	1.70335	1.9E-01
rs12585736	13	96845882	0.935798	G	A	0.693698	0.99638	0.146296	7.0E-01	-0.00385338	0.00423944	0.826165	3.6E-01	0.777863	3.8E-01
rs3783006	13	99111209	0.969059	G	C	0.550861	1	14.3929	1.5E-04	-0.0143948	0.00391106	13.5463	2.3E-04	15.3153	9.1E-05
rs9514131	13	104090848	1.04319	G	T	0.878435	1	0.0517083	8.2E-01	-0.00308302	0.00596109	0.267487	6.1E-01	0.442072	5.1E-01
rs9888533	13	107854612	1.13616	C	T	0.462035	0.966192	2.60965	1.1E-01	0.00630292	0.00397376	2.51583	1.1E-01	3.46105	6.3E-02
rs4773331	13	111843007	1.24012	G	A	0.603622	0.995832	0.649472	4.2E-01	-0.0027047	0.00398569	0.460501	5.0E-01	0.367402	5.4E-01
rs9560110	13	112181233	1.24489	C	T	0.713945	0.999795	2.75055	9.7E-02	-0.00627545	0.00430231	2.12758	1.4E-01	2.61433	1.1E-01
rs1241305	14	25868959	0.160798	G	T	0.560624	0.995412	2.91108	8.8E-02	0.00634976	0.00393409	2.60511	1.1E-01	2.69703	1.0E-01
rs7494063	14	29549249	0.20712	A	C	0.807992	0.984291	0.123188	7.3E-01	-0.000751508	0.00497949	0.0227771	8.8E-01	0.0295601	8.6E-01
rs8020889	14	30077029	0.215217	T	C	0.408054	0.999425	6.48781	1.1E-02	-0.0102619	0.00397547	6.66306	9.8E-03	7.63627	5.7E-03
rs10148694	14	33273511	0.261796	C	T	0.646876	0.984296	2.21936	1.4E-01	-0.00513909	0.00410818	1.56485	2.1E-01	1.79609	1.8E-01
rs1956151	14	40101060	0.364141	A	G	0.823524	0.999433	0.159264	6.9E-01	0.00340417	0.00509271	0.446813	5.0E-01	0.535455	4.6E-01
rs12889085	14	42885336	0.38109	A	G	0.574098	0.993459	4.09661	4.3E-02	0.00833973	0.00396038	4.43435	3.5E-02	4.77277	2.9E-02
rs8181993	14	46803314	0.406055	G	A	0.435542	0.992832	4.88427	2.7E-02	0.00861101	0.00395101	4.74997	2.9E-02	6.09814	1.4E-02
rs217667	14	62358847	0.565816	C	T	0.749883	0.994282	9.41579e-05	9.9E-01	4.34437e-05	0.00452154	9.23167e-05	9.9E-01	0.000185105	9.9E-01
rs8007097	14	62592332	0.568871	C	T	0.547989	0.988884	7.06092	7.9E-03	-0.0105587	0.00393266	7.20851	7.3E-03	4.79845	2.8E-02
rs2526919	14	73107771	0.666826	A	G	0.468807	0.994062	3.05775	8.0E-02	-0.00649678	0.00390915	2.76204	9.7E-02	2.95482	8.6E-02
rs6574100	14	73323682	0.670778	A	T	0.597593	0.994028	1.39261e-05	1.0E+00	-5.71481e-05	0.00399931	0.000204189	9.9E-01	0.00269077	9.6E-01
rs11624311	14	79453542	0.744848	G	A	0.771541	0.993549	0.136037	7.1E-01	-0.00186324	0.00465741	0.160046	6.9E-01	0.164715	6.8E-01
rs10144362	14	79974598	0.748284	G	A	0.611262	0.997089	0.46168	5.0E-01	0.00310386	0.00400817	0.599672	4.4E-01	0.383469	5.4E-01
rs6574962	14	88341331	0.821353	G	T	0.252273	0.992916	0.239858	6.2E-01	-0.00202435	0.0044996	0.202406	6.5E-01	0.0328329	8.6E-01
rs1152432	14	91373435	0.881772	T	A	0.280154	0.994872	3.55333	5.9E-02	-0.00755547	0.00433921	3.0318	8.2E-02	4.32309	3.8E-02
rs740791	14	93699003	0.916417	C	T	0.733984	0.968997	3.50102	6.1E-02	-0.00694694	0.00447392	2.41107	1.2E-01	2.64935	1.0E-01
rs2295659	14	101141544	1.07723	G	T	0.869818	0.990612	1.75275	1.9E-01	0.0100667	0.00582513	2.98652	8.4E-02	2.59335	1.1E-01
rs3742406	14	101537857	1.08996	A	G	0.630498	0.998313	3.69987	5.4E-02	-0.00744046	0.00404041	3.39116	6.6E-02	3.0683	8.0E-02
rs72708844	14	103834091	1.12399	C	G	0.759439	0.99572	0.00293892	9.6E-01	-0.000709658	0.00457442	0.0240672	8.8E-01	0.0656687	8.0E-01
rs12594043	15	27034988	0.374858	G	C	0.478806	0.998824	4.96397	2.6E-02	0.0077699	0.00390932	3.95028	4.7E-02	5.75492	1.6E-02
rs4365252	15	31842371	0.454988	C	A	0.534885	0.990048	1.73457	1.9E-01	0.00557988	0.00392762	2.01833	1.6E-01	2.31811	1.3E-01
rs1435670	15	36390393	0.544421	A	T	0.499057	0.999048	0.0181894	8.9E-01	0.000913846	0.00390453	0.0547785	8.1E-01	0.0582496	8.1E-01
rs10775122	15	41898711	0.63274	C	T	0.183298	0.995919	5.41824	2.0E-02	-0.00946809	0.00504729	3.51891	6.1E-02	4.57563	3.2E-02
rs765787	15	45500047	0.653911	A	G	0.820239	1	0.939309	3.3E-01	0.00590796	0.00513755	1.3224	2.5E-01	1.51146	2.2E-01
rs10519044	15	46381874	0.6636	T	C	0.709811	0.994588	0.0975743	7.5E-01	-0.000926636	0.0043075	0.0462774	8.3E-01	0.128785	7.2E-01
rs2622775	15	51999970	0.710456	C	T	0.586011	1	2.06501	1.5E-01	0.00625803	0.00396178	2.49513	1.1E-01	1.39528	2.4E-01
rs335497	15	53383101	0.722756	T	G	0.0736902	0.995552	3.52671	6.0E-02	0.0129513	0.00746819	3.00743	8.3E-02	3.88757	4.9E-02
rs2242066	15	58839337	0.793581	G	A	0.848078	0.997046	0.31821	5.7E-01	-0.00436279	0.00543695	0.643899	4.2E-01	0.167549	6.8E-01
rs8033510	15	61445514	0.841628	T	C	0.364718	0.994338	0.14249	7.1E-01	-0.00105589	0.00406665	0.0674156	8.0E-01	0.307793	5.8E-01
rs3087660	15	66797492	0.89698	G	A	0.395797	0.999328	0.015037	9.0E-01	4.92778e-05	0.00397916	0.000153363	9.9E-01	0.00573827	9.4E-01
rs11635495	15	67804682	0.914253	T	C	0.487932	0.997662	0.000664706	9.8E-01	-8.20182e-05	0.0039044	0.000441277	9.8E-01	0.122452	7.3E-01
rs2415130	15	72242554	0.983024	G	A	0.765191	0.998693	3.94639	4.7E-02	-0.0106899	0.00460292	5.39361	2.0E-02	6.41517	1.1E-02
rs478438	15	73630686	0.990231	G	A	0.909358	0.98938	0.537116	4.6E-01	-0.00739481	0.00684118	1.1684	2.8E-01	0.682713	4.1E-01
rs35364449	15	74278126	0.995964	C	T	0.890533	0.989263	0.264437	6.1E-01	0.00177636	0.00628483	0.0798863	7.8E-01	0.00109413	9.7E-01
rs62007782	15	78029797	1.01266	G	A	0.734022	0.996291	2.14324	1.4E-01	-0.00485222	0.00440768	1.21188	2.7E-01	0.814069	3.7E-01
rs1531895	15	80992165	1.05797	G	A	0.532916	0.995023	0.652277	4.2E-01	0.00349426	0.00391387	0.797071	3.7E-01	0.658596	4.2E-01
rs66615128	15	92561941	1.21822	G	C	0.785237	0.999315	5.36508	2.1E-02	-0.0109825	0.0047432	5.36115	2.1E-02	4.56575	3.3E-02
rs6496036	15	95249902	1.31575	A	C	0.565021	0.985876	7.14228	7.5E-03	-0.0112817	0.00395907	8.12011	4.4E-03	9.38634	2.2E-03
rs7166757	15	98259616	1.39637	A	G	0.612081	0.979588	6.18444	1.3E-02	-0.0113109	0.00403844	7.84448	5.1E-03	8.62897	3.3E-03
rs57221746	15	99230035	1.42335	G	A	0.774928	0.998898	14.5029	1.4E-04	-0.0192533	0.00468351	16.8992	3.9E-05	19.222	1.2E-05
rs432925	16	334580	0.00365345	G	C	0.715696	0.978663	3.73235	5.3E-02	-0.00720618	0.00437076	2.7183	9.9E-02	3.46427	6.3E-02
rs3211995	16	2089006	0.0428409	G	A	0.840439	0.989857	3.63916	5.6E-02	-0.010791	0.00536488	4.04579	4.4E-02	4.87301	2.7E-02
rs2285813	16	3566102	0.0672749	C	A	0.71444	0.994926	0.389009	5.3E-01	0.00385914	0.00433202	0.793595	3.7E-01	0.29584	5.9E-01
rs2531993	16	4014245	0.0722296	A	G	0.155356	0.997332	0.0223877	8.8E-01	-0.00101134	0.00538496	0.035272	8.5E-01	0.439644	5.1E-01
rs12927792	16	9713194	0.229734	C	T	0.573706	0.986089	1.71302	1.9E-01	0.00475005	0.00397553	1.4276	2.3E-01	1.49317	2.2E-01
rs739639	16	19527777	0.388214	C	T	0.359277	0.997014	4.20776	4.0E-02	-0.00803022	0.00406352	3.90525	4.8E-02	3.92871	4.7E-02
rs227762	16	19859406	0.390054	G	A	0.521259	0.978383	0.00854059	9.3E-01	0.000820036	0.00394378	0.0432356	8.4E-01	0.00221874	9.6E-01
rs11074444	16	20241686	0.397902	T	C	0.206912	0.996432	1.75691	1.9E-01	0.00532176	0.00481585	1.22113	2.7E-01	1.3592	2.4E-01
rs9929613	16	24599316	0.461035	A	G	0.261396	0.954325	0.129425	7.2E-01	-0.000175224	0.00453377	0.00149372	9.7E-01	0.00155376	9.7E-01
rs865719	16	28379443	0.542171	A	G	0.586842	0.968132	0.800605	3.7E-01	0.00330274	0.00401502	0.676664	4.1E-01	1.3006	2.5E-01
rs28517865	16	29914142	0.552217	C	T	0.433691	0.992308	1.50221	2.2E-01	0.00347366	0.00395714	0.770573	3.8E-01	1.30797	2.5E-01
rs9319587	16	30833246	0.554994	C	T	0.60914	0.997546	4.76233	2.9E-02	-0.00834859	0.0039933	4.37082	3.7E-02	4.00663	4.5E-02
rs6500208	16	49011249	0.571189	G	A	0.793086	0.993709	0.000812155	9.8E-01	-0.000257679	0.00481968	0.00285838	9.6E-01	0.0308134	8.6E-01
rs111617945	16	53557517	0.64416	T	C	0.895528	0.985634	0.0730532	7.9E-01	-0.000783568	0.00642759	0.0148613	9.0E-01	0.00211221	9.6E-01
rs8048396	16	53770749	0.644865	C	A	0.489928	0.995604	0.00983982	9.2E-01	6.41778e-05	0.00391457	0.000268783	9.9E-01	0.00494817	9.4E-01
rs12596054	16	53834684	0.646096	A	C	0.853705	0.996549	0.313885	5.8E-01	-0.00180848	0.00550379	0.107971	7.4E-01	0.0298006	8.6E-01
rs11649379	16	56493573	0.721474	C	T	0.827289	0.998629	0.0674313	8.0E-01	0.00208488	0.00515534	0.163549	6.9E-01	0.168681	6.8E-01
rs2962446	16	62862539	0.808465	A	T	0.476039	0.98622	3.53103	6.0E-02	-0.00643776	0.00393267	2.67975	1.0E-01	1.74063	1.9E-01
rs8056893	16	68304392	0.850738	C	A	0.26701	0.992269	0.0386316	8.4E-01	-0.000948035	0.00442168	0.0459699	8.3E-01	4.80443e-05	9.9E-01
rs113093305	16	69424312	0.855386	C	T	0.965603	0.988361	1.18236	2.8E-01	-0.013601	0.0107801	1.59183	2.1E-01	1.68728	1.9E-01
rs244416	16	69665208	0.858568	T	C	0.151061	0.993922	14.2526	1.6E-04	-0.0214384	0.00546884	15.3672	8.9E-05	16.1243	5.9E-05
rs8059061	16	76699487	0.935641	A	C	0.820057	0.993717	2.91811	8.8E-02	0.010365	0.00508832	4.14944	4.2E-02	5.47105	1.9E-02
rs4888162	16	81687645	1.05261	C	T	0.517471	1	0.0400508	8.4E-01	-0.00072288	0.00389456	0.0344521	8.5E-01	0.00671879	9.3E-01
rs12922346	16	82438337	1.07453	G	C	0.731318	0.983645	0.0427655	8.4E-01	-0.00245564	0.00443823	0.306133	5.8E-01	0.0755811	7.8E-01
rs77081114	17	1816762	0.0641667	G	A	0.834564	1	0.366909	5.4E-01	-0.00414632	0.00524662	0.62455	4.3E-01	0.824041	3.6E-01
rs9914578	17	2005136	0.0688706	C	G	0.798239	0.995727	0.40036	5.3E-01	-0.00333761	0.00485712	0.472185	4.9E-01	0.803767	3.7E-01
rs2779207	17	15870401	0.425124	T	A	0.431236	0.973217	4.81496	2.8E-02	-0.00907356	0.00398408	5.1868	2.3E-02	4.63874	3.1E-02
rs4985996	17	21155684	0.471012	C	T	0.650988	0.996698	5.32798	2.1E-02	-0.00921809	0.00409584	5.06519	2.4E-02	4.50397	3.4E-02
rs11080090	17	27502029	0.494582	G	A	0.157423	0.985283	2.25851	1.3E-01	0.00766429	0.00540354	2.01181	1.6E-01	1.273	2.6E-01
rs4794859	17	27962393	0.496881	T	G	0.529334	0.996548	2.29461	1.3E-01	0.00628875	0.00390778	2.58981	1.1E-01	2.48439	1.1E-01
rs17836689	17	31448234	0.526044	G	A	0.759277	0.987977	0.648285	4.2E-01	-0.00451003	0.00457391	0.972264	3.2E-01	1.05393	3.0E-01
rs4794977	17	32247585	0.548126	C	G	0.577787	0.980309	2.0008	1.6E-01	-0.00557313	0.00399325	1.9478	1.6E-01	1.88243	1.7E-01
rs242556	17	44002250	0.689918	A	T	0.233994	0.95327	0.412176	5.2E-01	0.00260223	0.00471486	0.304616	5.8E-01	0.139122	7.1E-01
rs2905855	17	46081915	0.703376	G	A	0.562305	0.989999	5.452	2.0E-02	-0.00893059	0.00394168	5.13332	2.3E-02	3.47388	6.2E-02
rs11657868	17	46942681	0.706999	G	A	0.718196	0.996518	2.91771	8.8E-02	-0.00761358	0.00433679	3.08206	7.9E-02	3.31304	6.9E-02
rs8067262	17	56048720	0.848038	T	G	0.911457	0.997899	0.383678	5.4E-01	0.00522794	0.00686143	0.580539	4.5E-01	0.93649	3.3E-01
rs11655589	17	61608163	0.886764	A	G	0.666344	0.975736	0.68058	4.1E-01	-0.00240317	0.00417875	0.330732	5.7E-01	0.423795	5.2E-01
rs8079078	17	65821166	0.947735	C	A	0.303724	0.990268	11.7602	6.1E-04	-0.015292	0.00426362	12.8639	3.3E-04	12.3775	4.3E-04
rs936393	17	73847613	1.10376	A	G	0.812219	0.99328	4.10632	4.3E-02	-0.00884365	0.00502024	3.10324	7.8E-02	2.73579	9.8E-02
rs12943620	17	78444658	1.24901	T	G	0.227281	0.993887	3.602	5.8E-02	0.00917968	0.0046609	3.87897	4.9E-02	4.39015	3.6E-02
rs11658698	17	78518327	1.2499	C	T	0.72961	0.995739	3.68211	5.5E-02	0.00845617	0.0043885	3.71292	5.4E-02	3.80877	5.1E-02
rs12051698	17	79046374	1.26006	C	G	0.647102	0.980656	2.79964	9.4E-02	0.00689998	0.00411709	2.80876	9.4E-02	3.59227	5.8E-02
rs8089699	18	1813412	0.0476566	G	A	0.882906	0.939184	0.405184	5.2E-01	0.00302634	0.00623658	0.235473	6.3E-01	0.00117657	9.7E-01
rs508481	18	7542241	0.240303	A	G	0.868636	0.989942	2.46305	1.2E-01	-0.00759044	0.00580028	1.71252	1.9E-01	1.58829	2.1E-01
rs9948870	18	20967065	0.431819	G	A	0.605062	0.993522	4.68946	3.0E-02	-0.0106052	0.00400974	6.99521	8.2E-03	8.60395	3.4E-03
rs1349351	18	22191762	0.447116	G	A	0.5985	0.999082	1.97778	1.6E-01	-0.00446524	0.00398266	1.25703	2.6E-01	1.75354	1.9E-01
rs7228141	18	31214950	0.540827	G	C	0.463505	0.995475	19.0992	1.2E-05	0.0165206	0.00391211	17.8331	2.4E-05	16.2967	5.4E-05
rs9957032	18	39467208	0.603798	T	C	0.818223	1	0.194461	6.6E-01	0.00207694	0.00505259	0.168974	6.8E-01	0.113589	7.4E-01
rs4561553	18	40687764	0.611644	T	G	0.407513	0.997769	9.9303	1.6E-03	0.0115056	0.00397714	8.36905	3.8E-03	8.43284	3.7E-03
rs8096662	18	42533130	0.62282	A	G	0.145554	0.98702	2.45566	1.2E-01	-0.00814879	0.00556791	2.14191	1.4E-01	2.74726	9.7E-02
rs9964756	18	50441817	0.72912	T	G	0.107895	0.997466	2.91819	8.8E-02	0.0101823	0.00628807	2.62213	1.1E-01	1.47026	2.3E-01
rs28687557	18	52547057	0.739845	G	A	0.227453	0.993369	2.5889	1.1E-01	-0.00825503	0.00466675	3.12903	7.7E-02	3.487	6.2E-02
rs7243357	18	56883319	0.801149	T	G	0.822165	0.991788	8.26943	4.0E-03	-0.0134593	0.00512826	6.88818	8.7E-03	6.43769	1.1E-02
rs681630	18	57827605	0.821594	A	G	0.565363	0.998337	4.43382	3.5E-02	0.0100439	0.00394628	6.47783	1.1E-02	8.13155	4.4E-03
rs8097783	18	58051294	0.823036	G	A	0.926154	1	0.0361401	8.5E-01	0.00204363	0.00746472	0.0749512	7.8E-01	0.00847808	9.3E-01
rs74625348	18	60846430	0.867759	G	C	0.770962	0.97218	17.8995	2.3E-05	-0.0177633	0.00469184	14.3339	1.5E-04	16.3735	5.2E-05
rs10460125	18	63415573	0.904306	C	T	0.725399	0.998331	0.467437	4.9E-01	-0.00336314	0.00437106	0.591993	4.4E-01	1.27588	2.6E-01
rs11663797	18	73497644	1.0888	G	A	0.273814	0.989477	0.773308	3.8E-01	0.00418136	0.00439619	0.904655	3.4E-01	1.27572	2.6E-01
rs12151205	19	1808569	0.0682048	T	A	0.449087	0.963075	0.053976	8.2E-01	0.00069017	0.0039769	0.0301179	8.6E-01	0.00424878	9.5E-01
rs10419634	19	1936672	0.069832	T	C	0.289767	0.973622	3.5511	6.0E-02	0.00752212	0.00434412	2.99831	8.3E-02	2.63385	1.0E-01
rs79712071	19	2221892	0.075478	C	A	0.953635	0.968688	0.84848	3.6E-01	-0.00934433	0.00937735	0.992969	3.2E-01	0.842767	3.6E-01
rs62131468	19	3984788	0.142379	C	G	0.813006	0.97174	3.94721	4.7E-02	-0.010997	0.00504981	4.74244	2.9E-02	5.06757	2.4E-02
rs146439891	19	8410381	0.274837	C	T	0.980819	0.864186	109.693	1.1E-25	-0.16002	0.0152554	110.028	9.7E-26	113.87	1.4E-26
rs3929396	19	18197093	0.447598	G	A	0.594992	0.983365	0.583315	4.5E-01	0.00395888	0.00398876	0.98507	3.2E-01	1.52091	2.2E-01
rs113230003	19	18460956	0.450365	G	A	0.738161	0.981969	0.0655454	8.0E-01	-0.000547957	0.00445254	0.0151453	9.0E-01	0.221	6.4E-01
rs2003476	19	18806668	0.454309	T	C	0.593805	0.986683	9.56317	2.0E-03	-0.0126897	0.00398072	10.162	1.4E-03	9.57112	2.0E-03
rs8104983	19	19859845	0.463476	A	G	0.840942	0.982533	0.684724	4.1E-01	-0.00479252	0.00534775	0.803129	3.7E-01	1.3846	2.4E-01
rs7247004	19	30240852	0.512599	A	G	0.68793	0.994107	1.12254	2.9E-01	0.00477122	0.00420306	1.28863	2.6E-01	1.73578	1.9E-01
rs740671	19	30664619	0.518411	C	A	0.755917	0.990945	0.166841	6.8E-01	-0.0014074	0.00452865	0.0965828	7.6E-01	0.38604	5.3E-01
rs7247158	19	31021597	0.524584	A	G	0.758301	0.996608	1.85386	1.7E-01	0.00484721	0.00454566	1.13708	2.9E-01	1.32245	2.5E-01
rs461998	19	34319233	0.572882	T	C	0.328678	0.997354	1.80755	1.8E-01	-0.00491261	0.00413845	1.40912	2.4E-01	1.52541	2.2E-01
rs62116588	19	44446097	0.68736	C	G	0.976367	0.933368	47.0742	6.8E-12	0.0876517	0.0132477	43.7763	3.7E-11	44.9815	2.0E-11
rs142751148	19	45100982	0.69683	G	T	0.973604	0.950645	93.186	4.8E-22	0.123526	0.0124355	98.6712	3.0E-23	110.358	8.2E-26
rs73048351	19	45160086	0.697689	C	A	0.989801	0.91554	118.463	1.4E-27	0.224499	0.020233	123.115	1.3E-28	127.708	1.3E-29
rs140824606	19	45311084	0.70382	G	A	0.975244	0.867871	12.4073	4.3E-04	-0.0499432	0.0134056	13.8796	1.9E-04	16.8183	4.1E-05
rs2075649	19	45395330	0.707004	A	G	0.611082	0.998574	115.665	5.6E-27	-0.0438158	0.00398627	120.817	4.2E-28	131.996	1.5E-30
rs146390218	19	45478352	0.709104	A	G	0.973617	0.966351	277.482	2.7E-62	0.206784	0.0123129	282.042	2.7E-63	294.532	5.1E-66
rs181765708	19	45880690	0.715179	C	T	0.983649	0.92116	159.197	1.7E-36	0.200716	0.015927	158.817	2.1E-36	161.325	5.8E-37
rs1884389	20	1410582	0.0620248	C	T	0.561411	0.990862	2.16979	1.4E-01	-0.00521317	0.00394162	1.74926	1.9E-01	2.07789	1.5E-01
rs4813619	20	2815715	0.104851	G	T	0.491114	0.983542	0.193863	6.6E-01	-0.00232306	0.00393982	0.347672	5.6E-01	0.343958	5.6E-01
rs1884899	20	6572870	0.214153	A	G	0.226227	0.983564	0.73978	3.9E-01	0.00306008	0.00469079	0.425572	5.1E-01	0.440842	5.1E-01
rs16996637	20	15809996	0.385502	C	T	0.870003	0.979105	0.0848666	7.7E-01	0.00231837	0.00584117	0.157531	6.9E-01	0.249677	6.2E-01
rs852033	20	17085493	0.411169	A	C	0.247637	0.996482	0.179174	6.7E-01	-0.00228015	0.00452027	0.254447	6.1E-01	0.083237	7.7E-01
rs1409818	20	21381121	0.481069	C	T	0.898663	0.994593	0.0326011	8.6E-01	-0.00156242	0.00647594	0.0582088	8.1E-01	0.173516	6.8E-01
rs66817095	20	25038484	0.515275	G	T	0.829542	1	2.64532	1.0E-01	0.00884643	0.00520388	2.8899	8.9E-02	3.02862	8.2E-02
rs6120440	20	32517585	0.53634	G	A	0.354038	0.991596	8.21302	4.2E-03	0.0113779	0.00409711	7.71207	5.5E-03	9.69313	1.8E-03
rs16989232	20	39291784	0.591389	G	A	0.601237	0.975601	0.0373845	8.5E-01	0.000589474	0.00402815	0.021415	8.8E-01	0.0151465	9.0E-01
rs538978364	20	44512996	0.670763	C	T	0.790858	0.747249	63.3036	1.8E-15	0.0451579	0.00556333	65.8868	4.8E-16	71.989	2.2E-17
rs62215621	20	44761854	0.672544	C	T	0.848771	0.999576	31.3656	2.1E-08	0.0305714	0.00544962	31.4702	2.0E-08	30.8278	2.8E-08
rs34316626	20	47358484	0.731003	T	C	0.752271	0.990765	3.69168	5.5E-02	0.00766414	0.00453687	2.85374	9.1E-02	2.3104	1.3E-01
rs559390	20	54157546	0.855467	A	T	0.658111	0.996213	0.746076	3.9E-01	0.00421972	0.00411302	1.05256	3.0E-01	1.03476	3.1E-01
rs6010789	20	61561153	1.07298	G	A	0.498553	1	3.4677	6.3E-02	-0.00765913	0.00389373	3.86925	4.9E-02	3.76769	5.2E-02
rs2832283	21	30690558	0.291215	G	A	0.785768	0.992402	7.6712	5.6E-03	0.013061	0.0047816	7.46112	6.3E-03	6.61444	1.0E-02
rs2298330	21	38852728	0.419836	G	A	0.884475	0.986182	0.265171	6.1E-01	-0.00199801	0.0061404	0.105877	7.4E-01	0.415894	5.2E-01
rs1209950	21	40173528	0.44514	C	T	0.59796	1	6.39375	1.1E-02	0.0121376	0.00397155	9.33998	2.2E-03	10.6865	1.1E-03
rs62222988	21	40569508	0.455465	T	C	0.626123	0.995886	11.8622	5.7E-04	0.0142289	0.00403912	12.41	4.3E-04	14.5754	1.3E-04
rs2410204	21	41416838	0.475718	A	G	0.585399	0.993302	0.589836	4.4E-01	0.00310174	0.00396283	0.61263	4.3E-01	0.545305	4.6E-01
rs111320751	21	46630890	0.622427	A	T	0.95568	0.926829	0.0250469	8.7E-01	-0.00132488	0.00985304	0.0180805	8.9E-01	0.0145697	9.0E-01
rs11704728	22	18130209	0.0626254	C	T	0.803471	0.990379	0.346571	5.6E-01	0.00239171	0.00491391	0.236898	6.3E-01	0.207412	6.5E-01
rs5750508	22	38303155	0.469229	C	T	0.676364	0.994441	0.27119	6.0E-01	0.00189279	0.00418886	0.204181	6.5E-01	0.236928	6.3E-01
rs8136269	22	40532444	0.498055	G	C	0.798232	0.992615	0.641055	4.2E-01	-0.00365412	0.00488119	0.56042	4.5E-01	0.493812	4.8E-01
rs1953	22	41641984	0.50042	C	T	0.729724	0.993321	1.42971	2.3E-01	-0.00523838	0.00439443	1.42098	2.3E-01	1.08008	3.0E-01
rs13056230	22	48874310	0.664361	C	T	0.572042	1	1.42032	2.3E-01	0.00551703	0.00393301	1.96771	1.6E-01	3.65385	5.6E-02
