SNP	CHR	BP	GENPOS	ALLELE1	ALLELE0	A1FREQ	INFO	CHISQ_LINREG	P_LINREG	BETA	SE	CHISQ_BOLT_LMM_INF	P_BOLT_LMM_INF	CHISQ_BOLT_LMM	P_BOLT_LMM
rs1294014	1	9325676	0.18921	C	T	0.732088	0.974098	4.59498	3.2E-02	-0.0128516	0.00646018	3.95755	4.7E-02	4.4883	3.4E-02
rs10753554	1	23619009	0.461644	T	C	0.260317	0.989627	0.105913	7.4E-01	0.00202578	0.00645397	0.0985211	7.5E-01	0.116887	7.3E-01
rs75460349	1	27180088	0.501718	A	C	0.976332	0.967852	30.3627	3.6E-08	-0.103184	0.0188104	30.0903	4.1E-08	32.1357	1.4E-08
rs72663503	1	39969059	0.670152	C	T	0.771573	0.996098	7.52896	6.1E-03	-0.0186257	0.00671464	7.69451	5.5E-03	8.88	2.9E-03
rs657452	1	49589847	0.760469	A	G	0.390779	0.988645	0.51793	4.7E-01	0.00552724	0.00578102	0.914129	3.4E-01	0.697416	4.0E-01
rs9436299	1	65892888	0.967508	C	A	0.325082	0.970882	0.474427	4.9E-01	0.00427924	0.00610736	0.490938	4.8E-01	1.19077	2.8E-01
rs1526480	1	91209986	1.21385	T	C	0.625038	1	8.30228	4.0E-03	-0.016397	0.00583835	7.88768	5.0E-03	6.53504	1.1E-02
rs4375301	1	98298371	1.27828	A	G	0.767662	0.993807	0.797536	3.7E-01	-0.00649087	0.00670394	0.937443	3.3E-01	1.23058	2.7E-01
rs3108680	1	107572997	1.35724	T	C	0.652386	0.999501	4.79405	2.9E-02	-0.0133606	0.00595399	5.03538	2.5E-02	5.13576	2.3E-02
rs35389458	1	109603693	1.38368	T	A	0.864073	0.969843	30.3074	3.7E-08	0.0455995	0.00831904	30.0451	4.2E-08	26.699	2.4E-07
rs4970829	1	109757295	1.38629	G	A	0.928491	1	56.374	6.0E-14	0.0843328	0.0109278	59.5558	1.2E-14	59.5384	1.2E-14
rs2076586	1	112273026	1.42823	C	T	0.753838	0.980886	1.24078	2.7E-01	-0.00746343	0.00661093	1.27454	2.6E-01	2.32275	1.3E-01
rs114056923	1	154868744	1.69777	T	C	0.966966	1	0.131172	7.2E-01	0.00632057	0.0158215	0.159594	6.9E-01	0.247197	6.2E-01
rs17345893	1	170171874	1.91645	C	T	0.933651	0.998406	0.94392	3.3E-01	0.00940203	0.0113209	0.689729	4.1E-01	0.297936	5.9E-01
rs1953096	1	170318770	1.91758	G	A	0.762782	0.999479	3.41612	6.5E-02	0.0123666	0.00664762	3.46076	6.3E-02	2.80849	9.4E-02
rs6697844	1	172308238	1.93873	C	T	0.56798	0.996349	3.49067	6.2E-02	-0.0112769	0.00567206	3.95275	4.7E-02	4.90855	2.7E-02
rs633715	1	177852580	1.98813	T	C	0.789275	1	0.0728767	7.9E-01	0.00211665	0.00692183	0.0935094	7.6E-01	0.106519	7.4E-01
rs11807331	1	196427811	2.14315	T	C	0.684298	0.996378	7.26877	7.0E-03	0.0157741	0.00606429	6.76598	9.3E-03	7.89423	5.0E-03
rs11240351	1	205044339	2.25371	A	G	0.594795	0.998205	0.154402	6.9E-01	-0.00226482	0.00573864	0.155758	6.9E-01	0.0598562	8.1E-01
rs61823192	1	219294570	2.43535	C	T	0.971468	0.90297	0.551176	4.6E-01	0.012734	0.0177886	0.512443	4.7E-01	0.271514	6.0E-01
rs77278027	1	219392230	2.43543	C	T	0.93823	0.976746	0.342014	5.6E-01	-0.00579926	0.0118447	0.239718	6.2E-01	0.218951	6.4E-01
rs6683741	1	219786717	2.43742	T	G	0.861853	0.991403	3.41648	6.5E-02	-0.0165582	0.00818477	4.09273	4.3E-02	3.84839	5.0E-02
rs4631704	1	230293530	2.53595	C	T	0.39136	0.985874	44.7914	2.2E-11	0.0400817	0.00580983	47.5954	5.2E-12	52.8434	3.6E-13
rs62106252	2	408713	0.00503892	G	A	0.950832	0.955734	0.590801	4.4E-01	-0.00978037	0.0132926	0.541368	4.6E-01	0.516698	4.7E-01
rs2867105	2	601905	0.00766081	T	G	0.178655	0.986439	0.109902	7.4E-01	-0.00373981	0.00740662	0.254952	6.1E-01	0.18389	6.7E-01
rs711869	2	13073967	0.297329	G	A	0.443249	0.983109	0.163071	6.9E-01	-0.00110563	0.0057174	0.0373959	8.5E-01	0.0446787	8.3E-01
rs10188503	2	21134040	0.419583	C	A	0.776191	0.990959	51.9567	5.7E-13	-0.0496845	0.00677374	53.8003	2.2E-13	57.6713	3.1E-14
rs11677500	2	24846815	0.456236	A	G	0.443553	0.997596	3.15487	7.6E-02	0.00939747	0.0056676	2.74931	9.7E-02	2.2005	1.4E-01
rs7933	2	43452183	0.682402	A	G	0.634849	0.981779	4.70435	3.0E-02	-0.0119999	0.00589554	4.14295	4.2E-02	2.25502	1.3E-01
rs56266464	2	44054991	0.686489	G	A	0.939556	0.986548	50.9771	9.3E-13	0.0883105	0.0119147	54.9358	1.2E-13	55.4338	9.7E-14
rs36072157	2	48953740	0.765134	G	C	0.658175	0.956087	9.26783	2.3E-03	-0.0185845	0.00606269	9.39665	2.2E-03	9.06097	2.6E-03
rs6546196	2	66144496	0.916561	G	A	0.525101	0.993792	0.313007	5.8E-01	-0.0028316	0.00566592	0.249761	6.2E-01	0.109961	7.4E-01
rs4316926	2	66749108	0.924328	G	A	0.396567	0.99766	2.49352	1.1E-01	0.00887739	0.0057651	2.37114	1.2E-01	3.95228	4.7E-02
rs2170702	2	67571130	0.937008	T	C	0.545622	0.996677	0.957977	3.3E-01	0.00572742	0.00568696	1.01428	3.1E-01	1.00629	3.2E-01
rs12712049	2	100208830	1.21955	A	G	0.176674	0.985519	2.56872	1.1E-01	0.010936	0.0074259	2.16878	1.4E-01	2.50173	1.1E-01
rs72946301	2	111861838	1.33125	G	A	0.903863	0.964859	1.50413	2.2E-01	-0.0138748	0.00973109	2.03296	1.5E-01	1.57331	2.1E-01
rs7593247	2	119337589	1.3956	C	T	0.503784	0.990163	0.0154265	9.0E-01	-0.000514451	0.00565726	0.00826944	9.3E-01	0.0144209	9.0E-01
rs114666647	2	158393301	1.76187	T	C	0.987759	1	6.44829	1.1E-02	-0.0648707	0.0256342	6.40408	1.1E-02	5.36777	2.1E-02
rs11899550	2	158451825	1.76314	C	T	0.92902	0.994523	1.24176	2.7E-01	0.0137299	0.0109674	1.56723	2.1E-01	1.90055	1.7E-01
rs62173895	2	165477903	1.81419	G	C	0.329951	0.997788	13.3195	2.6E-04	-0.0207567	0.00601876	11.8934	5.6E-04	12.1251	5.0E-04
rs3769872	2	165565548	1.81514	C	T	0.941933	0.997539	2.9329	8.7E-02	0.0216285	0.012077	3.20729	7.3E-02	3.99683	4.6E-02
rs115283512	2	172379649	1.89769	C	T	0.817449	0.996247	1.13324	2.9E-01	0.00649143	0.00731497	0.787508	3.7E-01	0.0653967	8.0E-01
rs62173497	2	187821910	2.04064	C	A	0.889372	0.96522	0.0754183	7.8E-01	0.00187314	0.00912505	0.0421378	8.4E-01	0.0118197	9.1E-01
rs1837121	2	216292331	2.28555	G	A	0.273406	0.99918	0.731394	3.9E-01	-0.00620904	0.00632469	0.963765	3.3E-01	1.5018	2.2E-01
rs16857748	2	218382258	2.32414	C	T	0.903272	0.999764	1.91544	1.7E-01	-0.0132796	0.00953692	1.93889	1.6E-01	1.25334	2.6E-01
rs16866785	2	226899056	2.44178	A	G	0.775296	0.992487	2.94974	8.6E-02	0.0109928	0.00677376	2.63364	1.0E-01	3.77121	5.2E-02
rs305506	3	12026709	0.296805	G	T	0.113563	0.992655	0.942003	3.3E-01	0.0101269	0.00892552	1.28731	2.6E-01	1.59488	2.1E-01
rs114252958	3	12409938	0.29797	C	T	0.982978	0.956617	0.242496	6.2E-01	0.00938648	0.0223643	0.176156	6.7E-01	0.282348	6.0E-01
rs13086654	3	35532275	0.595296	G	A	0.863267	0.996625	3.2912	7.0E-02	-0.0144126	0.00818199	3.1029	7.8E-02	4.27432	3.9E-02
rs11926707	3	46925539	0.687568	T	C	0.379143	0.985514	8.70663	3.2E-03	-0.0175064	0.00583455	9.00283	2.7E-03	8.44668	3.7E-03
rs614288	3	52220203	0.695484	T	C	0.466765	1	1.39648	2.4E-01	0.00684611	0.00563516	1.47596	2.2E-01	1.20662	2.7E-01
rs11718560	3	64584862	0.868956	C	T	0.731847	0.985124	2.267	1.3E-01	-0.00909787	0.00639917	2.02131	1.6E-01	2.0487	1.5E-01
rs4688498	3	64674599	0.871028	C	T	0.669682	0.985151	1.02084	3.1E-01	-0.00634705	0.00603489	1.10613	2.9E-01	0.979368	3.2E-01
rs9872683	3	123155892	1.35844	A	C	0.408022	0.993775	0.827046	3.6E-01	0.00461226	0.00574047	0.645554	4.2E-01	0.67982	4.1E-01
rs62265318	3	128752986	1.42297	G	A	0.965093	0.926921	0.0522484	8.2E-01	-0.00189422	0.0159226	0.0141525	9.1E-01	0.0297329	8.6E-01
rs143418767	3	129105690	1.42548	G	A	0.980767	0.944053	0.0499317	8.2E-01	0.0128157	0.0211337	0.36773	5.4E-01	0.477822	4.9E-01
rs112551697	3	150018637	1.64271	G	A	0.96554	0.928479	1.06355	3.0E-01	-0.0141783	0.0159765	0.787564	3.7E-01	1.30366	2.5E-01
rs7617389	3	156801088	1.71237	T	C	0.32586	0.969927	0.0536507	8.2E-01	0.00143793	0.0061159	0.0552786	8.1E-01	0.242557	6.2E-01
rs998749	3	168972802	1.77947	A	G	0.517178	0.992407	2.25025	1.3E-01	0.0105868	0.00564651	3.51533	6.1E-02	3.71676	5.4E-02
rs1499813	3	171760427	1.8208	T	C	0.587431	1	1.41294	2.3E-01	-0.00723332	0.00574749	1.58387	2.1E-01	3.17731	7.5E-02
rs11705729	3	185507299	2.01659	A	T	0.6869	0.999805	4.69799	3.0E-02	-0.0134022	0.00607449	4.86778	2.7E-02	5.24552	2.2E-02
rs7697256	4	848335	0.00782825	C	T	0.727433	0.999147	1.21504	2.7E-01	0.00699652	0.0063277	1.22257	2.7E-01	1.81761	1.8E-01
rs7659144	4	3098321	0.0324978	C	G	0.656231	0.995037	1.73153	1.9E-01	0.00815778	0.00593159	1.89148	1.7E-01	2.53265	1.1E-01
rs4450871	4	4990298	0.0879764	A	G	0.554775	1	11.0753	8.7E-04	0.0194784	0.00568067	11.7573	6.1E-04	12.6613	3.7E-04
rs1912897	4	26006133	0.455942	A	T	0.79303	0.98817	4.16961	4.1E-02	-0.0141671	0.00700208	4.09363	4.3E-02	4.58314	3.2E-02
rs17644283	4	26308792	0.461396	A	G	0.370735	0.99507	0.0954321	7.6E-01	-0.00247696	0.00586013	0.178658	6.7E-01	0.639874	4.2E-01
rs11133373	4	56215631	0.730194	C	G	0.682789	0.992346	1.72842	1.9E-01	-0.00858889	0.0060863	1.99144	1.6E-01	1.51314	2.2E-01
rs3775403	4	89615174	1.04851	T	C	0.869029	0.98982	0.82918	3.6E-01	0.00649604	0.00840419	0.597456	4.4E-01	0.384823	5.4E-01
rs17014616	4	89736565	1.04925	A	T	0.931087	0.996962	5.91641	1.5E-02	-0.0247486	0.0111384	4.93689	2.6E-02	3.58339	5.8E-02
rs12647922	4	106063987	1.17944	C	T	0.794569	0.998343	5.59081	1.8E-02	-0.0155335	0.00697421	4.96078	2.6E-02	6.19023	1.3E-02
rs7655064	4	120106348	1.31331	T	C	0.875314	0.995692	0.353266	5.5E-01	0.00448281	0.00853463	0.275887	6.0E-01	0.122981	7.3E-01
rs11727676	4	145659064	1.53853	T	C	0.903374	1	2.51419	1.1E-01	-0.0150237	0.00955668	2.47138	1.2E-01	3.16223	7.5E-02
rs13178917	5	4007353	0.10142	C	T	0.551974	0.99437	0.896443	3.4E-01	0.00678183	0.00565741	1.43701	2.3E-01	1.49104	2.2E-01
rs3792751	5	32773314	0.512212	C	T	0.626583	0.990118	3.00907	8.3E-02	0.0096679	0.00584795	2.73311	9.8E-02	1.54506	2.1E-01
rs17457629	5	38795199	0.597633	A	T	0.728239	0.988005	1.12949	2.9E-01	0.00718864	0.00636941	1.27378	2.6E-01	1.90949	1.7E-01
rs2448	5	53302354	0.644969	T	C	0.737842	0.999532	0.947959	3.3E-01	-0.00663286	0.00642111	1.06704	3.0E-01	1.28506	2.6E-01
rs1559215	5	54867827	0.667887	G	A	0.339397	0.996823	3.11626	7.8E-02	0.0098829	0.00597055	2.73993	9.8E-02	2.26853	1.3E-01
rs11949724	5	55832217	0.681021	G	A	0.635455	1	3.08318	7.9E-02	-0.00949278	0.00587373	2.61192	1.1E-01	3.68655	5.5E-02
rs1002473	5	56274077	0.686309	T	G	0.206197	0.999836	0.603438	4.4E-01	0.00572529	0.00698673	0.671502	4.1E-01	1.02932	3.1E-01
rs34697	5	66298637	0.77068	A	G	0.432612	0.987874	1.16881	2.8E-01	0.00608581	0.00573281	1.12694	2.9E-01	0.902976	3.4E-01
rs253407	5	74926778	0.860943	A	G	0.275724	1	6.3536	1.2E-02	0.0162731	0.00631003	6.65083	9.9E-03	6.71123	9.6E-03
rs6870983	5	87697533	1.01437	C	T	0.787184	0.995128	0.111854	7.4E-01	0.00398202	0.00688805	0.334206	5.6E-01	0.377683	5.4E-01
rs27361	5	102548967	1.1092	G	A	0.700242	0.998319	0.312569	5.8E-01	0.00361693	0.00615759	0.345031	5.6E-01	0.37609	5.4E-01
rs34864074	5	112875535	1.20089	A	C	0.809873	0.995669	0.626453	4.3E-01	-0.00604047	0.00723182	0.697665	4.0E-01	0.45903	5.0E-01
rs10519585	5	118676529	1.27446	T	C	0.712535	0.977148	3.91483	4.8E-02	0.0135694	0.00629032	4.65343	3.1E-02	4.70577	3.0E-02
rs4705986	5	132349654	1.39065	T	G	0.937241	0.978165	2.00065	1.6E-01	0.0174319	0.0117563	2.1986	1.4E-01	3.03415	8.2E-02
rs33999	5	141973349	1.48937	C	G	0.612065	0.9834	3.0018	8.3E-02	-0.00950584	0.00581847	2.6691	1.0E-01	2.66286	1.0E-01
rs10477191	5	142077715	1.49476	A	G	0.950886	0.911257	2.84295	9.2E-02	-0.024346	0.0137164	3.15047	7.6E-02	2.61557	1.1E-01
rs10062458	5	156367092	1.66277	T	C	0.34782	0.985353	38.6104	5.2E-10	-0.0369415	0.00592764	38.8388	4.6E-10	41.8717	9.7E-11
rs72846967	5	171849098	1.88961	A	G	0.706231	0.999429	1.31804	2.5E-01	-0.00702267	0.00618927	1.28744	2.6E-01	0.922601	3.4E-01
rs2053681	5	172746086	1.91113	A	G	0.485601	0.912476	2.11663	1.5E-01	-0.00812974	0.00591627	1.88824	1.7E-01	3.19597	7.4E-02
rs201058	6	6726017	0.180973	A	G	0.438993	0.99583	0.252411	6.2E-01	-0.00172478	0.00568271	0.0921206	7.6E-01	0.0132356	9.1E-01
rs2326776	6	6761881	0.18302	G	A	0.790616	0.988382	0.0191861	8.9E-01	-0.00172469	0.00696267	0.0613581	8.0E-01	0.16974	6.8E-01
rs7751325	6	7209132	0.195952	C	T	0.550375	0.99847	0.938458	3.3E-01	-0.00583237	0.00567344	1.05681	3.0E-01	0.882275	3.5E-01
rs17584626	6	20560435	0.409936	A	T	0.687051	0.984667	0.149191	7.0E-01	0.00192213	0.0061195	0.098658	7.5E-01	0.0295596	8.6E-01
rs114376405	6	30770701	0.507083	G	A	0.988554	0.994696	2.57968	1.1E-01	-0.0425436	0.026567	2.5644	1.1E-01	2.54572	1.1E-01
rs3094225	6	31113052	0.510178	G	A	0.26968	0.999821	3.56093	5.9E-02	-0.0116379	0.00636077	3.34757	6.7E-02	4.52106	3.3E-02
rs9267989	6	32219320	0.51869	G	T	0.79171	0.999726	1.87257	1.7E-01	0.00961515	0.00691833	1.93156	1.6E-01	1.78547	1.8E-01
rs181133225	6	32454764	0.520293	T	C	0.893444	0.778953	2.03939	1.5E-01	0.0138832	0.0102885	1.82085	1.8E-01	1.51206	2.2E-01
rs117108573	6	32489679	0.520303	C	T	0.921405	0.866866	1.06573	3.0E-01	0.0116972	0.0111814	1.0944	3.0E-01	0.756861	3.8E-01
rs142779375	6	34165351	0.545713	T	G	0.952718	0.997081	20.2983	6.6E-06	-0.0589793	0.0132771	19.7331	8.9E-06	18.7475	1.5E-05
rs1574430	6	43269029	0.669727	A	C	0.391321	0.999399	0.160855	6.9E-01	0.00135673	0.00577436	0.0552049	8.1E-01	0.0489204	8.2E-01
rs9381248	6	43734606	0.675407	C	T	0.87836	0.993046	0.887447	3.5E-01	-0.00719084	0.00865733	0.689908	4.1E-01	0.496932	4.8E-01
rs35349911	6	43785255	0.678849	C	T	0.409597	0.97009	2.64976	1.0E-01	-0.00970192	0.0058295	2.76983	9.6E-02	2.71047	1.0E-01
rs10452561	6	80805796	0.920872	T	C	0.874288	0.991795	0.0106807	9.2E-01	0.00228503	0.00851115	0.0720789	7.9E-01	0.305532	5.8E-01
rs1902066	6	81346033	0.922431	T	C	0.437575	0.991679	0.812308	3.7E-01	-0.0053302	0.00570827	0.871922	3.5E-01	0.99834	3.2E-01
rs6924944	6	100597579	1.0811	A	T	0.245827	0.981159	3.71831	5.4E-02	0.0140595	0.00662458	4.50426	3.4E-02	3.97773	4.6E-02
rs72969772	6	126187585	1.32503	A	G	0.980332	1	0.941852	3.3E-01	-0.0192145	0.0203559	0.890996	3.5E-01	0.508898	4.8E-01
rs9986505	6	126445558	1.32603	A	G	0.6761	0.991308	4.28586	3.8E-02	0.0128525	0.00604729	4.51707	3.4E-02	4.1569	4.1E-02
rs74949497	6	126812007	1.32699	A	C	0.97518	1	1.38714	2.4E-01	-0.0225087	0.0182197	1.52622	2.2E-01	1.9128	1.7E-01
rs9389689	6	139813632	1.50282	G	C	0.504922	0.997811	20.9783	4.6E-06	-0.0251645	0.0056279	19.9933	7.8E-06	19.8161	8.5E-06
rs851978	6	152029556	1.64243	G	T	0.726311	0.996212	3.03438	8.2E-02	-0.00956006	0.0063415	2.27268	1.3E-01	2.69813	1.0E-01
rs411154	6	160729347	1.77422	G	T	0.484807	0.999958	1.32049	2.5E-01	-0.00680427	0.00564413	1.45335	2.3E-01	1.14007	2.9E-01
rs960589	7	25823647	0.43812	A	C	0.837349	0.976235	3.67335	5.5E-02	-0.013096	0.00770772	2.88688	8.9E-02	2.28788	1.3E-01
rs12671127	7	26309246	0.44373	C	T	0.633613	0.988487	2.11802	1.5E-01	0.00891216	0.00586819	2.30652	1.3E-01	1.4025	2.4E-01
rs2189239	7	27237453	0.453427	C	T	0.917096	0.977954	0.862271	3.5E-01	0.00909698	0.0103501	0.772512	3.8E-01	0.794131	3.7E-01
rs13223303	7	42692711	0.680137	T	C	0.70789	0.997675	0.0113577	9.2E-01	0.0010948	0.00619775	0.0312035	8.6E-01	0.216446	6.4E-01
rs2240466	7	72856269	0.899612	G	A	0.874914	1	4.3912	3.6E-02	0.0160649	0.0085074	3.56583	5.9E-02	2.71941	9.9E-02
rs72649044	7	73029207	0.899737	C	T	0.966833	0.988652	0.723254	4.0E-01	-0.0133208	0.0157773	0.712845	4.0E-01	0.919702	3.4E-01
rs6966632	7	77342199	0.936905	G	T	0.502987	0.998098	0.00241188	9.6E-01	-0.000290631	0.0056387	0.0026566	9.6E-01	0.0227465	8.8E-01
rs2470945	7	104585760	1.19835	C	A	0.596387	0.999188	0.370903	5.4E-01	-0.00394774	0.00571572	0.47704	4.9E-01	0.398372	5.3E-01
rs4313084	7	114586903	1.30546	C	T	0.0829266	0.999308	1.76656	1.8E-01	-0.0129626	0.010213	1.61096	2.0E-01	1.44108	2.3E-01
rs12154627	7	130422934	1.4017	T	C	0.506907	0.97487	34.5783	4.1E-09	0.0331309	0.00569651	33.8258	6.0E-09	35.8235	2.2E-09
rs6586871	8	19714106	0.47101	A	T	0.220009	0.967685	32.2687	1.3E-08	-0.0384128	0.00691692	30.8408	2.8E-08	30.4598	3.4E-08
rs190118115	8	19793581	0.472107	C	T	0.981499	0.949118	72.7022	1.5E-17	-0.180619	0.0214143	71.141	3.3E-17	77.6757	1.2E-18
rs11992444	8	25464690	0.565812	G	T	0.49058	1	1.2918	2.6E-01	-0.00439941	0.00562409	0.611905	4.3E-01	0.700554	4.0E-01
rs7815496	8	38321607	0.69461	C	T	0.597431	0.996532	10.1731	1.4E-03	-0.0184701	0.00574237	10.3457	1.3E-03	9.02739	2.7E-03
rs10093418	8	72392687	0.950051	A	G	0.892444	0.978176	0.721726	4.0E-01	-0.0084609	0.00913424	0.858002	3.5E-01	0.887418	3.5E-01
rs800888	8	116464988	1.31508	T	C	0.544666	0.986524	29.7525	4.9E-08	-0.032038	0.00571128	31.4676	2.0E-08	30.9815	2.6E-08
rs144435165	8	126419938	1.45107	G	C	0.944194	0.785853	13.3615	2.6E-04	-0.0567706	0.0138267	16.8581	4.0E-05	15.3541	8.9E-05
rs283727	8	128313360	1.48991	G	A	0.465104	0.977161	0.355026	5.5E-01	0.00280391	0.00572989	0.239461	6.2E-01	0.127988	7.2E-01
rs2131919	9	95283887	1.12689	A	G	0.83667	0.999136	4.64706	3.1E-02	-0.0155317	0.00764956	4.12253	4.2E-02	4.40395	3.6E-02
rs2398893	9	96758342	1.14182	A	G	0.725421	0.999804	0.251708	6.2E-01	0.00474629	0.00632826	0.562523	4.5E-01	0.559981	4.5E-01
rs12686004	9	107653426	1.24316	G	A	0.884341	1	6.41351	1.1E-02	-0.0212264	0.00881089	5.80383	1.6E-02	5.3304	2.1E-02
rs10991414	9	107685589	1.24582	T	C	0.861068	0.989408	1.11123	2.9E-01	-0.00922116	0.00821355	1.2604	2.6E-01	2.21111	1.4E-01
rs73519946	9	107868862	1.24912	A	T	0.958103	0.989128	1.83793	1.8E-01	0.0197269	0.0141686	1.93849	1.6E-01	2.63699	1.0E-01
rs495828	9	136154867	1.66229	G	T	0.79294	1	30.9802	2.6E-08	-0.0382398	0.00691931	30.5427	3.3E-08	33.3146	7.8E-09
rs7096078	10	3560644	0.0740604	C	T	0.425467	0.981688	0.332846	5.6E-01	0.00434226	0.00574442	0.571397	4.5E-01	0.310351	5.8E-01
rs2907794	10	32391109	0.603202	G	A	0.758285	0.99713	1.55657	2.1E-01	0.00748194	0.00658034	1.2928	2.6E-01	0.63533	4.3E-01
rs2247486	10	33489594	0.609463	A	G	0.603119	0.998525	0.0480444	8.3E-01	0.00105466	0.00574366	0.033717	8.5E-01	0.0250372	8.7E-01
rs12243209	10	63783406	0.859343	T	C	0.963634	0.99691	1.1415	2.9E-01	-0.0137754	0.0151039	0.831822	3.6E-01	0.958964	3.3E-01
rs10995041	10	63867523	0.860298	A	C	0.754056	0.97671	0.205522	6.5E-01	-0.00394148	0.00663605	0.352776	5.5E-01	0.156818	6.9E-01
rs7089698	10	65384567	0.871611	A	G	0.465243	0.998398	0.961594	3.3E-01	0.00534533	0.0056665	0.889855	3.5E-01	0.628268	4.3E-01
rs703985	10	80940740	1.06575	A	T	0.590861	0.992524	12.2221	4.7E-04	0.0204838	0.00575577	12.6653	3.7E-04	11.9628	5.4E-04
rs11202614	10	89755643	1.15952	C	T	0.838039	0.997476	2.96293	8.5E-02	-0.0145538	0.00768031	3.59084	5.8E-02	2.64581	1.0E-01
rs10882028	10	93943900	1.2086	C	T	0.408953	0.999201	1.11955	2.9E-01	-0.00610071	0.00571444	1.13976	2.9E-01	1.17795	2.8E-01
rs7917772	10	104487443	1.30576	G	A	0.367969	1	0.952597	3.3E-01	0.00588984	0.00583187	1.01998	3.1E-01	1.63965	2.0E-01
rs11596249	10	122812361	1.5266	T	G	0.911116	0.993945	6.53726	1.1E-02	-0.0257074	0.00992278	6.71197	9.6E-03	6.65985	9.9E-03
rs10788149	10	122967170	1.52881	G	A	0.320548	1	2.33529	1.3E-01	0.0103147	0.00605321	2.90364	8.8E-02	3.044	8.1E-02
rs140201358	11	823586	0.0109832	C	G	0.986248	1	3.01339	8.3E-02	-0.0444926	0.0242028	3.37945	6.6E-02	2.2067	1.4E-01
rs7932891	11	10921512	0.210707	A	G	0.294517	0.99931	0.00138139	9.7E-01	0.000811447	0.00617713	0.0172563	9.0E-01	0.154064	6.9E-01
rs11029441	11	26279145	0.452845	T	C	0.920415	0.988421	3.50572	6.1E-02	-0.0187753	0.0104721	3.21446	7.3E-02	2.8697	9.0E-02
rs12786130	11	27505954	0.464069	C	T	0.238291	0.989196	1.63087	2.0E-01	0.0101016	0.00664673	2.30976	1.3E-01	2.19553	1.4E-01
rs56386213	11	36291554	0.562467	A	G	0.595018	1	0.617825	4.3E-01	0.00477402	0.00570801	0.699518	4.0E-01	0.979451	3.2E-01
rs2509963	11	62192931	0.710202	T	C	0.257705	0.993079	4.63553	3.1E-02	-0.013964	0.00642695	4.72075	3.0E-02	3.65715	5.6E-02
rs11231137	11	62315699	0.714502	G	A	0.701274	0.997506	4.50773	3.4E-02	-0.0137557	0.0061582	4.9895	2.6E-02	7.00935	8.1E-03
rs666194	11	65159382	0.737661	T	C	0.357112	0.971346	0.133186	7.2E-01	0.00164941	0.00596296	0.0765129	7.8E-01	0.111815	7.4E-01
rs61881114	11	68996697	0.758653	C	T	0.848445	0.991928	2.48786	1.1E-01	0.011767	0.00786824	2.23652	1.3E-01	2.18542	1.4E-01
rs12362685	11	111478720	1.18727	A	T	0.621328	0.997217	0.318128	5.7E-01	0.00232536	0.00581949	0.159666	6.9E-01	0.191052	6.6E-01
rs513533	11	116519358	1.25951	A	G	0.895505	0.969744	44.153	3.0E-11	-0.0626599	0.00933518	45.0541	1.9E-11	49.5631	1.9E-12
rs76970536	11	126250680	1.42435	G	A	0.927484	0.992938	29.8572	4.7E-08	-0.059963	0.0109177	30.1649	4.0E-08	29.7911	4.8E-08
rs10771260	12	26253557	0.45721	A	C	0.608183	0.995844	0.128538	7.2E-01	-0.00143963	0.00579723	0.0616678	8.0E-01	0.327738	5.7E-01
rs16915737	12	26403614	0.459048	C	T	0.928538	0.993226	0.000682308	9.8E-01	-0.000934473	0.010945	0.00728953	9.3E-01	0.0553047	8.1E-01
rs7310959	12	45968598	0.59006	G	A	0.897555	1	2.29205	1.3E-01	-0.01396	0.00931134	2.24773	1.3E-01	2.45112	1.2E-01
rs75824359	12	54320490	0.68262	A	G	0.970266	0.973341	0.00397215	9.5E-01	-0.00201857	0.0168086	0.014422	9.0E-01	0.0124501	9.1E-01
rs7961915	12	66425288	0.795219	A	G	0.213926	0.943584	0.0418797	8.4E-01	-0.00144199	0.00706106	0.0417047	8.4E-01	0.0143503	9.0E-01
rs704067	12	89726027	1.03172	G	A	0.545146	0.989595	1.99129	1.6E-01	0.00815697	0.00570551	2.04394	1.5E-01	2.12792	1.4E-01
rs7958469	12	107052620	1.26171	G	A	0.638699	0.995036	10.3753	1.3E-03	-0.0184271	0.00587789	9.82812	1.7E-03	8.52669	3.5E-03
rs1169809	12	121688026	1.45624	G	A	0.700971	0.994402	0.0625252	8.0E-01	-0.0028395	0.0061675	0.211965	6.5E-01	0.3315	5.6E-01
rs139948644	12	123200016	1.46983	C	T	0.972202	0.923516	9.0629	2.6E-03	0.0564782	0.0177987	10.069	1.5E-03	10.6276	1.1E-03
rs11060406	12	123339117	1.47024	C	T	0.96325	0.964271	1.03048	3.1E-01	-0.0143855	0.0151956	0.896217	3.4E-01	0.743381	3.9E-01
rs34149579	12	123345509	1.47026	G	T	0.947363	1	19.2773	1.1E-05	-0.0545199	0.0126149	18.6787	1.5E-05	18.3918	1.8E-05
rs11613189	12	124642803	1.48018	C	T	0.627038	0.983075	8.73037	3.1E-03	0.0175819	0.00590564	8.86335	2.9E-03	9.29257	2.3E-03
rs1045411	13	31033232	0.263482	C	T	0.7313	0.996942	2.13167	1.4E-01	0.0106538	0.0063783	2.78997	9.5E-02	1.75364	1.9E-01
rs10507524	13	44684600	0.468128	T	C	0.907237	0.994143	0.850849	3.6E-01	-0.00938013	0.00977075	0.92164	3.4E-01	0.592691	4.4E-01
rs7334326	13	50967732	0.53896	G	C	0.858576	0.996316	7.51895	6.1E-03	-0.0237004	0.00809122	8.57989	3.4E-03	7.31741	6.8E-03
rs73205687	13	66983532	0.641339	C	G	0.501497	0.993856	31.9831	1.6E-08	0.0333206	0.00566922	34.5446	4.2E-09	33.2588	8.1E-09
rs8012185	14	58668484	0.537795	A	G	0.723155	0.991197	0.0931108	7.6E-01	0.00186826	0.0063138	0.0875573	7.7E-01	0.0689288	7.9E-01
rs1286138	14	91485445	0.882014	T	G	0.326286	0.996304	0.00348377	9.5E-01	-0.00106524	0.00601129	0.0314022	8.6E-01	0.0144737	9.0E-01
rs2124307	14	98344662	1.02722	T	C	0.377663	0.998341	0.107103	7.4E-01	0.00272849	0.00582423	0.219466	6.4E-01	0.222936	6.4E-01
rs7402977	15	31726824	0.452929	G	A	0.733334	0.984393	0.154554	6.9E-01	0.0022157	0.00642268	0.119012	7.3E-01	0.48252	4.9E-01
rs12437696	15	40878474	0.62928	A	G	0.51447	0.998802	4.02931	4.5E-02	0.0124142	0.005658	4.81408	2.8E-02	3.14965	7.6E-02
rs11630710	15	56364758	0.756318	G	T	0.893172	0.979091	1.86001	1.7E-01	-0.0112034	0.00925084	1.4667	2.3E-01	1.04501	3.1E-01
rs12911939	15	63800065	0.876679	T	C	0.431976	0.996322	0.222409	6.4E-01	0.00309085	0.00570407	0.29362	5.9E-01	0.0118528	9.1E-01
rs78388652	15	74550986	1.00138	C	T	0.993467	0.826812	30.1898	3.9E-08	-0.214333	0.0383826	31.1825	2.3E-08	28.6735	8.6E-08
rs2401948	16	1340854	0.0338191	G	C	0.470436	0.984992	0.0358584	8.5E-01	-0.00146344	0.00568099	0.066359	8.0E-01	0.137571	7.1E-01
rs3747577	16	4415696	0.082586	C	G	0.259467	0.988145	0.158164	6.9E-01	0.00251127	0.00646519	0.150877	7.0E-01	0.261812	6.1E-01
rs12918743	16	11624245	0.272102	G	A	0.537734	0.991971	0.0207648	8.9E-01	-0.00177666	0.00566191	0.0984648	7.5E-01	0.122808	7.3E-01
rs4787456	16	28559573	0.542371	C	T	0.634142	0.996921	3.89143	4.9E-02	-0.0107835	0.005817	3.43657	6.4E-02	3.72749	5.4E-02
rs10083738	16	29927702	0.553162	G	A	0.45121	0.999839	0.0708388	7.9E-01	-0.000880115	0.00566463	0.0241399	8.8E-01	0.164184	6.9E-01
rs16952242	16	53474250	0.64336	G	A	0.697908	0.997944	1.60268	2.1E-01	-0.007433	0.00614409	1.46357	2.3E-01	2.00371	1.6E-01
rs9937053	16	53799507	0.64597	G	A	0.577195	0.999601	1.52259	2.2E-01	0.00800244	0.00570645	1.96659	1.6E-01	2.11099	1.5E-01
rs143134446	16	56802367	0.726686	C	T	0.956648	0.959404	41.3803	1.3E-10	-0.0916285	0.014126	42.0749	8.8E-11	37.8341	7.7E-10
rs11866219	16	69549749	0.858341	A	C	0.415066	0.975783	9.04679	2.6E-03	0.0172156	0.00579346	8.83015	3.0E-03	7.7902	5.3E-03
rs2550733	16	81449060	1.04439	A	G	0.430492	1	4.49013	3.4E-02	0.0120739	0.00569908	4.48834	3.4E-02	4.79511	2.9E-02
rs2927333	16	81509279	1.0455	A	G	0.679395	0.985143	4.50998	3.4E-02	0.0139334	0.00609662	5.22318	2.2E-02	5.65548	1.7E-02
rs727428	17	7537792	0.196849	T	C	0.44291	1	17.4001	3.0E-05	0.0236734	0.005661	17.4878	2.9E-05	18.9629	1.3E-05
rs8075019	17	17455192	0.444844	G	A	0.875691	0.988404	4.1364	4.2E-02	-0.0189248	0.00857459	4.87122	2.7E-02	5.35077	2.1E-02
rs16942379	17	21259827	0.471679	C	T	0.508165	0.995529	0.864546	3.5E-01	0.00549209	0.00565289	0.943919	3.3E-01	0.630705	4.3E-01
rs11651639	17	27672320	0.49569	A	T	0.483934	0.999433	0.378273	5.4E-01	-0.00417542	0.00563623	0.548812	4.6E-01	0.776282	3.8E-01
rs2306593	17	34866546	0.59517	C	T	0.509195	0.996584	0.128329	7.2E-01	0.00168207	0.00564457	0.0888027	7.7E-01	0.0973315	7.6E-01
rs55883500	17	40395267	0.664304	T	G	0.691334	0.998762	0.471882	4.9E-01	-0.00409886	0.00609828	0.451764	5.0E-01	0.638314	4.2E-01
rs56328224	17	43572419	0.687192	C	T	0.774992	0.995527	13.8635	2.0E-04	-0.0265901	0.00678328	15.366	8.9E-05	12.8513	3.4E-04
rs11871767	17	61698723	0.887174	A	G	0.724045	0.995857	0.00281091	9.6E-01	0.000191306	0.00632725	0.000914169	9.8E-01	0.0557983	8.1E-01
rs78196338	17	66973049	0.964759	G	A	0.960561	0.978498	39.514	3.3E-10	-0.0929029	0.0146014	40.4826	2.0E-10	41.714	1.1E-10
rs3810068	18	2846499	0.0738566	T	C	0.595452	1	5.52312	1.9E-02	0.0121516	0.00572786	4.50072	3.4E-02	5.60916	1.8E-02
rs4890429	18	40697481	0.611694	T	C	0.738773	0.995191	7.54997	6.0E-03	0.0195902	0.00644052	9.25199	2.4E-03	9.86463	1.7E-03
rs357900	18	46585235	0.687097	T	A	0.110184	0.998906	10.8478	9.9E-04	0.03065	0.00899061	11.622	6.5E-04	10.3267	1.3E-03
rs3897645	18	57728947	0.82135	T	C	0.443585	1	1.08728	3.0E-01	0.00670327	0.0056995	1.38325	2.4E-01	1.51321	2.2E-01
rs2331933	18	57955945	0.822668	T	G	0.652214	0.979252	0.0745799	7.8E-01	0.00230461	0.00599521	0.14777	7.0E-01	0.114751	7.3E-01
rs12979965	19	2131148	0.0753026	A	G	0.499935	0.991113	0.176657	6.7E-01	0.00350664	0.00564452	0.385946	5.3E-01	0.162822	6.9E-01
rs2240702	19	4159873	0.144523	A	G	0.883396	0.986669	6.76005	9.3E-03	-0.0249222	0.00879149	8.03617	4.6E-03	7.05398	7.9E-03
rs1799815	19	7125519	0.224812	G	A	0.932212	1	3.91929	4.8E-02	0.0226029	0.0111628	4.10002	4.3E-02	3.17887	7.5E-02
rs35555265	19	17152232	0.420672	C	T	0.803227	0.993265	1.3346	2.5E-01	0.00842131	0.00708643	1.41223	2.3E-01	1.00155	3.2E-01
rs72999466	19	18248499	0.447893	C	T	0.742123	0.99893	4.69961	3.0E-02	-0.0138822	0.0064266	4.66606	3.1E-02	4.51143	3.4E-02
rs1423056	19	33780444	0.560699	G	A	0.681795	0.903762	0.00253129	9.6E-01	0.000299487	0.00636074	0.00221687	9.6E-01	0.012408	9.1E-01
rs113504807	19	33787954	0.561506	C	T	0.951238	0.934153	0.338374	5.6E-01	-0.00750878	0.0134841	0.310097	5.8E-01	0.168012	6.8E-01
rs544964	19	37409561	0.616104	A	G	0.417229	0.998743	1.51584	2.2E-01	0.0074452	0.00571575	1.6967	1.9E-01	2.88517	8.9E-02
rs142751148	19	45100982	0.69683	G	T	0.973358	0.950645	57.3267	3.7E-14	0.136568	0.0178874	58.2916	2.3E-14	58.6364	1.9E-14
rs11672660	19	46180184	0.718742	C	T	0.805452	0.999681	0.979969	3.2E-01	0.00772798	0.00709901	1.18505	2.8E-01	2.12386	1.5E-01
rs35068131	19	55983854	0.996203	T	C	0.534309	0.942965	1.43451	2.3E-01	0.00767483	0.0058021	1.74972	1.9E-01	0.805132	3.7E-01
rs151235402	20	569164	0.0196907	C	T	0.984757	0.956324	0.188322	6.6E-01	-0.0109357	0.0236531	0.213755	6.4E-01	0.333963	5.6E-01
rs805769	20	5667459	0.191037	T	C	0.595306	0.99253	0.341093	5.6E-01	-0.00307227	0.00576331	0.284168	5.9E-01	0.271077	6.0E-01
rs2902941	20	39091514	0.587859	A	G	0.644838	0.991217	31.3467	2.2E-08	0.0333074	0.00585352	32.3778	1.3E-08	31.71	1.8E-08
rs3091552	20	45440006	0.689385	C	G	0.264162	0.950692	0.424997	5.1E-01	-0.0064748	0.00654301	0.979259	3.2E-01	1.54648	2.1E-01
rs1999536	20	45581777	0.691337	G	C	0.430706	0.994672	3.23708	7.2E-02	0.00873025	0.00570183	2.34436	1.3E-01	2.83627	9.2E-02
rs6063779	20	50964151	0.79129	A	G	0.716728	0.997749	0.378533	5.4E-01	0.00504816	0.00625711	0.650906	4.2E-01	0.50557	4.8E-01
rs28710106	20	51712678	0.801721	C	T	0.889914	0.997611	1.20223	2.7E-01	-0.00919479	0.00902541	1.03789	3.1E-01	1.14826	2.8E-01
rs6090040	20	62692060	1.09656	A	C	0.479429	0.988701	8.10308	4.4E-03	0.0161995	0.0056709	8.1602	4.3E-03	10.5552	1.2E-03
rs66836452	21	33058743	0.322744	C	T	0.898206	0.995819	0.120611	7.3E-01	-0.00125999	0.0093455	0.0181774	8.9E-01	0.111362	7.4E-01
rs2836139	21	39451403	0.432375	A	G	0.514897	0.9942	1.95448	1.6E-01	0.00705152	0.00567888	1.54185	2.1E-01	0.944859	3.3E-01
rs9625551	22	29140529	0.338663	G	A	0.979191	0.995212	0.0802922	7.8E-01	0.00602386	0.0197214	0.0932983	7.6E-01	0.00395904	9.5E-01
