rs1294014	1	9325676	0.18921	C	T	0.732088	0.974098	3.40642	6.5E-02	-0.0127582	0.00645462	3.90698	4.8E-02	4.15054	4.2E-02
rs10753554	1	23619009	0.461644	T	C	0.260317	0.989627	3.92002	4.8E-02	-0.0127425	0.00644841	3.90487	4.8E-02	3.74226	5.3E-02
rs72663503	1	39969059	0.670152	C	T	0.771573	0.996098	3.03677	8.1E-02	0.0128926	0.00670885	3.69305	5.5E-02	4.03334	4.5E-02
rs657452	1	49589847	0.760469	A	G	0.390779	0.988645	0.663067	4.2E-01	0.00568445	0.00577604	0.968537	3.3E-01	0.507679	4.8E-01
rs12029068	1	62904295	0.922794	C	T	0.647955	0.997712	28.0216	1.2E-07	0.0323008	0.00589645	30.0086	4.3E-08	35.549	2.5E-09
rs9436299	1	65892888	0.967508	C	A	0.325082	0.970882	1.47032	2.3E-01	0.00734738	0.00610209	1.4498	2.3E-01	1.99469	1.6E-01
rs1526480	1	91209986	1.21385	T	C	0.625038	1	4.63267	3.1E-02	-0.0123806	0.00583332	4.50455	3.4E-02	4.03943	4.4E-02
rs4375301	1	98298371	1.27828	A	G	0.767662	0.993807	0.0996542	7.5E-01	0.00210154	0.00669817	0.0984381	7.5E-01	0.0974883	7.5E-01
rs3108680	1	107572997	1.35724	T	C	0.652386	0.999501	4.68363	3.0E-02	-0.0133786	0.00594886	5.05774	2.5E-02	3.43401	6.4E-02
rs4970824	1	109715950	1.38587	G	A	0.928233	0.973386	44.3501	2.7E-11	0.0748451	0.0110535	45.8485	1.3E-11	47.1335	6.6E-12
rs77579579	1	109818128	1.38716	C	T	0.959804	0.994096	32.1561	1.4E-08	0.0804698	0.0144089	31.1892	2.3E-08	32.3421	1.3E-08
rs115499511	1	119322589	1.50902	T	C	0.963678	0.975965	0.000462883	9.8E-01	0.00103927	0.0152071	0.00467058	9.5E-01	0.000154409	9.9E-01
rs114056923	1	154868744	1.69777	T	C	0.966966	1	0.116162	7.3E-01	-0.0072098	0.0158079	0.208017	6.5E-01	0.182079	6.7E-01
rs17345893	1	170171874	1.91645	C	T	0.933651	0.998406	4.418	3.6E-02	0.02286	0.0113112	4.08448	4.3E-02	3.79448	5.1E-02
rs1953096	1	170318770	1.91758	G	A	0.762782	0.999479	0.405842	5.2E-01	0.0043036	0.00664189	0.419837	5.2E-01	0.123992	7.2E-01
rs6697844	1	172308238	1.93873	C	T	0.56798	0.996349	2.11864	1.5E-01	-0.00860598	0.00566717	2.30604	1.3E-01	2.46187	1.2E-01
rs633715	1	177852580	1.98813	T	C	0.789275	1	3.85899	4.9E-02	0.0133318	0.00691586	3.71605	5.4E-02	3.46566	6.3E-02
rs11807331	1	196427811	2.14315	T	C	0.684298	0.996378	0.854198	3.6E-01	0.0053674	0.00605907	0.784723	3.8E-01	0.995791	3.2E-01
rs11240351	1	205044339	2.25371	A	G	0.594795	0.998205	0.136023	7.1E-01	-0.00234864	0.00573369	0.16779	6.8E-01	0.168079	6.8E-01
rs61823192	1	219294570	2.43535	C	T	0.971468	0.90297	0.0345607	8.5E-01	0.00167448	0.0177733	0.00887622	9.2E-01	0.00081761	9.8E-01
rs77278027	1	219392230	2.43543	C	T	0.93823	0.976746	0.542003	4.6E-01	-0.00894199	0.0118344	0.570916	4.5E-01	0.307996	5.8E-01
rs6683741	1	219786717	2.43742	T	G	0.861853	0.991403	0.914709	3.4E-01	-0.00794897	0.00817772	0.944839	3.3E-01	0.580217	4.5E-01
rs661955	1	234842856	2.62186	G	C	0.481801	0.978806	34.3065	4.7E-09	-0.0329123	0.00568898	33.4695	7.2E-09	36.7789	1.3E-09
rs62106252	2	408713	0.00503892	G	A	0.950832	0.955734	2.17293	1.4E-01	-0.0184069	0.0132888	1.91863	1.7E-01	1.62886	2.0E-01
rs2867105	2	601905	0.00766081	T	G	0.178655	0.986439	0.0311551	8.6E-01	-0.00215828	0.00740449	0.0849621	7.7E-01	0.0173525	9.0E-01
rs711869	2	13073967	0.297329	G	A	0.443249	0.983109	0.138951	7.1E-01	-0.0014206	0.00571576	0.0617725	8.0E-01	0.00160703	9.7E-01
rs144545816	2	21413077	0.420543	G	A	0.71544	0.993104	89.4179	3.2E-21	-0.0596267	0.00626642	90.5405	1.8E-21	96.6012	8.5E-23
rs7933	2	43452183	0.682402	A	G	0.634849	0.981779	2.36679	1.2E-01	-0.0088815	0.00589385	2.27078	1.3E-01	1.82084	1.8E-01
rs56266464	2	44054991	0.686489	G	A	0.939556	0.986548	61.7925	3.8E-15	0.0958004	0.0119113	64.6866	8.8E-16	65.4706	5.9E-16
rs36072157	2	48953740	0.765134	G	C	0.658175	0.956087	2.08984	1.5E-01	-0.00902011	0.00606095	2.21484	1.4E-01	2.35182	1.3E-01
rs12620918	2	63268355	0.885798	T	C	0.826656	0.992379	32.3177	1.3E-08	-0.0422879	0.00746032	32.1305	1.4E-08	34.4618	4.3E-09
rs6546196	2	66144496	0.916561	G	A	0.525101	0.993792	0.00917137	9.2E-01	-0.000834062	0.00566429	0.0216823	8.8E-01	0.00013908	9.9E-01
rs4316926	2	66749108	0.924328	G	A	0.396567	0.99766	4.95264	2.6E-02	0.0124211	0.00576345	4.6447	3.1E-02	6.57904	1.0E-02
rs2170702	2	67571130	0.937008	T	C	0.545622	0.996677	1.38004	2.4E-01	0.00707122	0.00568533	1.54695	2.1E-01	1.44657	2.3E-01
rs12712049	2	100208830	1.21955	A	G	0.176674	0.985519	0.330593	5.7E-01	-0.00529714	0.00742377	0.509136	4.8E-01	0.317564	5.7E-01
rs72946301	2	111861838	1.33125	G	A	0.903863	0.964859	0.481124	4.9E-01	-0.00837209	0.0097283	0.740617	3.9E-01	0.494588	4.8E-01
rs7593247	2	119337589	1.3956	C	T	0.503784	0.990163	0.238375	6.3E-01	0.00261153	0.00565564	0.21322	6.4E-01	0.341503	5.6E-01
rs114666647	2	158393301	1.76187	T	C	0.987759	1	3.22122	7.3E-02	-0.045288	0.0256269	3.12302	7.7E-02	3.26357	7.1E-02
rs11899550	2	158451825	1.76314	C	T	0.92902	0.994523	1.26007	2.6E-01	0.0126539	0.0109642	1.33196	2.5E-01	1.1587	2.8E-01
rs62173895	2	165477903	1.81419	G	C	0.329951	0.997788	7.50952	6.1E-03	-0.0149495	0.00601704	6.17289	1.3E-02	5.75642	1.6E-02
rs3769872	2	165565548	1.81514	C	T	0.941933	0.997539	0.359044	5.5E-01	0.00842034	0.0120735	0.486399	4.9E-01	0.459897	5.0E-01
rs115283512	2	172379649	1.89769	C	T	0.817449	0.996247	0.137447	7.1E-01	0.00225301	0.00731288	0.0949184	7.6E-01	0.0620657	8.0E-01
rs62173497	2	187821910	2.04064	C	A	0.889372	0.96522	1.31684	2.5E-01	-0.0110452	0.00912244	1.46598	2.3E-01	1.75245	1.9E-01
rs1837121	2	216292331	2.28555	G	A	0.273406	0.99918	2.52603	1.1E-01	-0.0113277	0.00632287	3.20961	7.3E-02	3.36943	6.6E-02
rs16857748	2	218382258	2.32414	C	T	0.903272	0.999764	0.0476997	8.3E-01	0.00265614	0.00953419	0.077613	7.8E-01	0.0313051	8.6E-01
rs16866785	2	226899056	2.44178	A	G	0.775296	0.992487	2.23273	1.4E-01	-0.0103809	0.00677182	2.34996	1.3E-01	1.73153	1.9E-01
rs305506	3	12026709	0.296805	G	T	0.113563	0.992655	1.61295	2.0E-01	0.011948	0.00892054	1.79394	1.8E-01	2.39628	1.2E-01
rs114252958	3	12409938	0.29797	C	T	0.982978	0.956617	1.43472	2.3E-01	0.0242546	0.0223518	1.17751	2.8E-01	1.22167	2.7E-01
rs13086654	3	35532275	0.595296	G	A	0.863267	0.996625	0.131081	7.2E-01	-0.00230374	0.00817742	0.0793661	7.8E-01	0.277044	6.0E-01
rs11926707	3	46925539	0.687568	T	C	0.379143	0.985514	1.22857	2.7E-01	-0.00623912	0.0058313	1.14477	2.8E-01	1.04838	3.1E-01
rs614288	3	52220203	0.695484	T	C	0.466765	1	0.921853	3.4E-01	-0.00590912	0.00563202	1.10082	2.9E-01	1.267	2.6E-01
rs11718560	3	64584862	0.868956	C	T	0.731847	0.985124	0.533497	4.7E-01	-0.00444655	0.0063956	0.483375	4.9E-01	0.451357	5.0E-01
rs4688498	3	64674599	0.871028	C	T	0.669682	0.985151	2.80961	9.4E-02	-0.0100323	0.00603152	2.76659	9.6E-02	3.15299	7.6E-02
rs9872683	3	123155892	1.35844	A	C	0.408022	0.993775	1.27034	2.6E-01	-0.00637592	0.00573727	1.23502	2.7E-01	1.70182	1.9E-01
rs62265318	3	128752986	1.42297	G	A	0.965093	0.926921	0.00281843	9.6E-01	0.00324262	0.0159138	0.041519	8.4E-01	0.00202779	9.6E-01
rs143418767	3	129105690	1.42548	G	A	0.980767	0.944053	4.51983	3.4E-02	0.0470357	0.0211219	4.95893	2.6E-02	5.38273	2.0E-02
rs112551697	3	150018637	1.64271	G	A	0.96554	0.928479	0.0204444	8.9E-01	0.00479987	0.0159676	0.0903606	7.6E-01	0.00650416	9.4E-01
rs7617389	3	156801088	1.71237	T	C	0.32586	0.969927	1.00563	3.2E-01	-0.00604495	0.00611248	0.978027	3.2E-01	1.32032	2.5E-01
rs998749	3	168972802	1.77947	A	G	0.517178	0.992407	0.883462	3.5E-01	-0.00364155	0.00564336	0.416388	5.2E-01	0.21846	6.4E-01
rs1499813	3	171760427	1.8208	T	C	0.587431	1	1.25799	2.6E-01	-0.00715885	0.00574428	1.55316	2.1E-01	1.91998	1.7E-01
rs11705729	3	185507299	2.01659	A	T	0.6869	0.999805	0.000332572	9.9E-01	-0.000432452	0.0060711	0.00507389	9.4E-01	0.000905316	9.8E-01
rs7697256	4	848335	0.00782825	C	T	0.727433	0.999147	0.39339	5.3E-01	0.00374548	0.0063218	0.351021	5.5E-01	1.00808	3.2E-01
rs7659144	4	3098321	0.0324978	C	G	0.656231	0.995037	0.170031	6.8E-01	0.0029464	0.00592606	0.247202	6.2E-01	0.51696	4.7E-01
rs4450871	4	4990298	0.0879764	A	G	0.554775	1	2.75204	9.7E-02	0.00899433	0.00567537	2.51159	1.1E-01	2.68454	1.0E-01
rs1912897	4	26006133	0.455942	A	T	0.79303	0.98817	0.0502003	8.2E-01	-0.00189175	0.00699555	0.0731281	7.9E-01	0.204866	6.5E-01
rs17644283	4	26308792	0.461396	A	G	0.370735	0.99507	0.414509	5.2E-01	-0.00363889	0.00585467	0.386307	5.3E-01	0.757558	3.8E-01
rs11133373	4	56215631	0.730194	C	G	0.682789	0.992346	1.47386	2.2E-01	-0.00797431	0.00608063	1.71985	1.9E-01	1.59767	2.1E-01
rs3775403	4	89615174	1.04851	T	C	0.869029	0.98982	0.343972	5.6E-01	0.00346066	0.00839635	0.169878	6.8E-01	0.079496	7.8E-01
rs17014616	4	89736565	1.04925	A	T	0.931087	0.996962	0.93272	3.3E-01	-0.00919296	0.011128	0.682454	4.1E-01	0.168638	6.8E-01
rs12647922	4	106063987	1.17944	C	T	0.794569	0.998343	1.26091	2.6E-01	-0.0076642	0.0069677	1.20991	2.7E-01	1.42518	2.3E-01
rs7655064	4	120106348	1.31331	T	C	0.875314	0.995692	2.41884	1.2E-01	0.0130123	0.00852667	2.3289	1.3E-01	2.36266	1.2E-01
rs11727676	4	145659064	1.53853	T	C	0.903374	1	0.641394	4.2E-01	-0.00751502	0.00954776	0.619522	4.3E-01	0.883416	3.5E-01
rs13178917	5	4007353	0.10142	C	T	0.551974	0.99437	0.0747475	7.8E-01	-0.000684899	0.00565219	0.0146832	9.0E-01	0.0349379	8.5E-01
rs3792751	5	32773314	0.512212	C	T	0.626583	0.990118	0.0213883	8.8E-01	0.000745548	0.00584256	0.0162834	9.0E-01	0.128076	7.2E-01
rs17457629	5	38795199	0.597633	A	T	0.728239	0.988005	0.667077	4.1E-01	0.00604975	0.00636354	0.903808	3.4E-01	1.0224	3.1E-01
rs2448	5	53302354	0.644969	T	C	0.737842	0.999532	0.841068	3.6E-01	-0.00596791	0.00641519	0.865417	3.5E-01	0.956121	3.3E-01
rs1559215	5	54867827	0.667887	G	A	0.339397	0.996823	0.00121686	9.7E-01	-7.00419e-05	0.00596505	0.000137876	9.9E-01	0.0172501	9.0E-01
rs11949724	5	55832217	0.681021	G	A	0.635455	1	0.025823	8.7E-01	-0.00116472	0.00586832	0.0393925	8.4E-01	0.144861	7.0E-01
rs1002473	5	56274077	0.686309	T	G	0.206197	0.999836	0.62448	4.3E-01	0.00585176	0.00698029	0.70279	4.0E-01	0.96834	3.3E-01
rs34697	5	66298637	0.77068	A	G	0.432612	0.987874	0.10401	7.5E-01	-0.00158971	0.00572752	0.0770376	7.8E-01	0.265851	6.1E-01
rs253407	5	74926778	0.860943	A	G	0.275724	1	30.9125	2.7E-08	0.0353546	0.00630421	31.4508	2.0E-08	34.3439	4.6E-09
rs6870983	5	87697533	1.01437	C	T	0.787184	0.995128	0.0305129	8.6E-01	-0.0016686	0.0068817	0.0587913	8.1E-01	0.0548982	8.1E-01
rs27361	5	102548967	1.1092	G	A	0.700242	0.998319	1.15222	2.8E-01	0.00703805	0.00615191	1.30884	2.5E-01	1.68284	1.9E-01
rs34864074	5	112875535	1.20089	A	C	0.809873	0.995669	1.04359	3.1E-01	0.0075578	0.00722515	1.0942	3.0E-01	1.06114	3.0E-01
rs10519585	5	118676529	1.27446	T	C	0.712535	0.977148	0.0751991	7.8E-01	-0.00099907	0.00628452	0.0252724	8.7E-01	0.047081	8.3E-01
rs4705986	5	132349654	1.39065	T	G	0.937241	0.978165	0.0461006	8.3E-01	0.00330612	0.0117455	0.0792311	7.8E-01	0.173116	6.8E-01
rs33999	5	141973349	1.48937	C	G	0.612065	0.9834	0.60136	4.4E-01	-0.00399178	0.00581311	0.471538	4.9E-01	0.499118	4.8E-01
rs10477191	5	142077715	1.49476	A	G	0.950886	0.911257	0.25466	6.1E-01	-0.00978499	0.0137037	0.50985	4.8E-01	0.292373	5.9E-01
rs10062458	5	156367092	1.66277	T	C	0.34782	0.985353	43.5448	4.1E-11	-0.0383617	0.00592217	41.9599	9.3E-11	43.088	5.2E-11
rs72846967	5	171849098	1.88961	A	G	0.706231	0.999429	1.92597	1.7E-01	-0.00877485	0.00618356	2.01373	1.6E-01	1.71512	1.9E-01
rs2053681	5	172746086	1.91113	A	G	0.485601	0.912476	0.398002	5.3E-01	-0.00411734	0.00591082	0.485219	4.9E-01	0.731352	3.9E-01
rs201058	6	6726017	0.180973	A	G	0.438993	0.99583	7.53447e-05	9.9E-01	0.000527161	0.00567911	0.00861641	9.3E-01	0.0765813	7.8E-01
rs2326776	6	6761881	0.18302	G	A	0.790616	0.988382	0.882857	3.5E-01	-0.00692939	0.00695826	0.991717	3.2E-01	1.26632	2.6E-01
rs7751325	6	7209132	0.195952	C	T	0.550375	0.99847	1.27966	2.6E-01	0.0064677	0.00566986	1.30124	2.5E-01	1.26487	2.6E-01
rs17584626	6	20560435	0.409936	A	T	0.687051	0.984667	0.541015	4.6E-01	-0.00419625	0.00611563	0.470805	4.9E-01	0.960138	3.3E-01
rs114376405	6	30770701	0.507083	G	A	0.988554	0.994696	3.30378	6.9E-02	-0.0512397	0.0265501	3.7246	5.4E-02	3.5341	6.0E-02
rs3094225	6	31113052	0.510178	G	A	0.26968	0.999821	3.00773	8.3E-02	-0.0115467	0.00635675	3.2995	6.9E-02	3.60724	5.8E-02
rs9267989	6	32219320	0.51869	G	T	0.79171	0.999726	0.0803009	7.8E-01	-0.00253515	0.00691396	0.134448	7.1E-01	0.306739	5.8E-01
rs181133225	6	32454764	0.520293	T	C	0.893444	0.778953	0.7504	3.9E-01	0.00817678	0.010282	0.632426	4.3E-01	0.21052	6.5E-01
rs117108573	6	32489679	0.520303	C	T	0.921405	0.866866	0.503182	4.8E-01	0.00755485	0.0111743	0.457102	5.0E-01	0.0749733	7.8E-01
rs142779375	6	34165351	0.545713	T	G	0.952718	0.997081	1.98038	1.6E-01	-0.0192523	0.0132687	2.10527	1.5E-01	2.97267	8.5E-02
rs1574430	6	43269029	0.669727	A	C	0.391321	0.999399	1.58708	2.1E-01	0.00725436	0.00577071	1.5803	2.1E-01	1.46894	2.3E-01
rs9381248	6	43734606	0.675407	C	T	0.87836	0.993046	0.483999	4.9E-01	-0.00466755	0.00865186	0.291044	5.9E-01	0.20948	6.5E-01
rs35349911	6	43785255	0.678849	C	T	0.409597	0.97009	0.607545	4.4E-01	-0.00462962	0.00582582	0.631506	4.3E-01	0.625433	4.3E-01
rs10452561	6	80805796	0.920872	T	C	0.874288	0.991795	0.00298871	9.6E-01	0.000167694	0.00850577	0.000388694	9.8E-01	0.0280876	8.7E-01
rs1902066	6	81346033	0.922431	T	C	0.437575	0.991679	0.00358996	9.5E-01	-0.000700396	0.00570466	0.015074	9.0E-01	0.00450075	9.5E-01
rs6924944	6	100597579	1.0811	A	T	0.245827	0.981159	1.90925	1.7E-01	0.00945811	0.00662039	2.04099	1.5E-01	1.42989	2.3E-01
rs72969772	6	126187585	1.32503	A	G	0.980332	1	1.06455	3.0E-01	-0.0217746	0.020343	1.14569	2.8E-01	0.587646	4.4E-01
rs9986505	6	126445558	1.32603	A	G	0.6761	0.991308	1.26389	2.6E-01	0.00658455	0.00604346	1.18708	2.8E-01	1.02978	3.1E-01
rs74949497	6	126812007	1.32699	A	C	0.97518	1	0.039632	8.4E-01	-0.0057725	0.0182082	0.100507	7.5E-01	0.0759511	7.8E-01
rs9389689	6	139813632	1.50282	G	C	0.504922	0.997811	3.53535	6.0E-02	-0.0107592	0.00562434	3.65948	5.6E-02	2.79076	9.5E-02
rs851978	6	152029556	1.64243	G	T	0.726311	0.996212	6.33407	1.2E-02	-0.0141342	0.00633749	4.97403	2.6E-02	6.1216	1.3E-02
rs998075	6	160468278	1.77084	A	G	0.53429	0.994008	40.885	1.6E-10	0.036016	0.0056761	40.2616	2.2E-10	40.7354	1.7E-10
rs960589	7	25823647	0.43812	A	C	0.837349	0.976235	0.00152523	9.7E-01	0.00129067	0.00770291	0.0280752	8.7E-01	0.0967162	7.6E-01
rs12671127	7	26309246	0.44373	C	T	0.633613	0.988487	0.00908294	9.2E-01	0.00105573	0.00586453	0.0324068	8.6E-01	0.000866911	9.8E-01
rs2189239	7	27237453	0.453427	C	T	0.917096	0.977954	0.900647	3.4E-01	-0.00903458	0.0103436	0.762903	3.8E-01	0.80652	3.7E-01
rs13223303	7	42692711	0.680137	T	C	0.70789	0.997675	0.0698888	7.9E-01	-0.00135093	0.00619388	0.0475706	8.3E-01	0.00098351	9.7E-01
rs2240466	7	72856269	0.899612	G	A	0.874914	1	0.788777	3.7E-01	-0.00885389	0.00850209	1.08447	3.0E-01	1.49151	2.2E-01
rs72649044	7	73029207	0.899737	C	T	0.966833	0.988652	0.465438	5.0E-01	-0.00959894	0.0157674	0.370617	5.4E-01	0.761754	3.8E-01
rs6966632	7	77342199	0.936905	G	T	0.502987	0.998098	2.78835	9.5E-02	-0.010709	0.00563518	3.61146	5.7E-02	3.33413	6.8E-02
rs2470945	7	104585760	1.19835	C	A	0.596387	0.999188	2.18206	1.4E-01	0.00873496	0.00571216	2.33842	1.3E-01	2.54422	1.1E-01
rs4313084	7	114586903	1.30546	C	T	0.0829266	0.999308	0.139523	7.1E-01	-0.00250802	0.0102066	0.0603811	8.1E-01	0.0569713	8.1E-01
rs12154627	7	130422934	1.4017	T	C	0.506907	0.97487	1.78011	1.8E-01	0.00726894	0.00569296	1.6303	2.0E-01	1.4699	2.3E-01
rs4841132	8	9183596	0.25181	A	G	0.0911363	1	30.7516	2.9E-08	-0.0546228	0.00982589	30.9033	2.7E-08	33.2619	8.1E-09
rs7844736	8	23551671	0.545238	A	G	0.828827	1	0.208172	6.5E-01	-0.00309994	0.00748828	0.171374	6.8E-01	0.000861692	9.8E-01
rs310289	8	23610756	0.545792	C	T	0.760888	0.994537	4.90311	2.7E-02	0.0140739	0.00663107	4.50466	3.4E-02	3.64082	5.6E-02
rs11992444	8	25464690	0.565812	G	T	0.49058	1	6.3876	1.1E-02	-0.0131245	0.00562049	5.4528	2.0E-02	5.25709	2.2E-02
rs6984017	8	25732287	0.571347	G	A	0.704196	0.98891	1.20961	2.7E-01	-0.00718151	0.00619829	1.34242	2.5E-01	2.03881	1.5E-01
rs7815496	8	38321607	0.69461	C	T	0.597431	0.996532	3.10862	7.8E-02	-0.0109115	0.00573869	3.61531	5.7E-02	2.68474	1.0E-01
rs55704109	8	59323247	0.819013	G	A	0.5057	0.919152	30.3419	3.6E-08	0.0322094	0.00589158	29.8883	4.6E-08	34.1603	5.1E-09
rs10093418	8	72392687	0.950051	A	G	0.892444	0.978176	0.0824015	7.7E-01	-0.00319023	0.00912839	0.122139	7.3E-01	0.0956077	7.6E-01
rs144435165	8	126419938	1.45107	G	C	0.944194	0.785853	5.10793	2.4E-02	-0.0347395	0.0138178	6.3207	1.2E-02	6.6746	9.8E-03
rs283727	8	128313360	1.48991	G	A	0.465104	0.977161	0.0227953	8.8E-01	-0.00154356	0.00572622	0.0726627	7.9E-01	0.295045	5.9E-01
rs2131919	9	95283887	1.12689	A	G	0.83667	0.999136	0.660069	4.2E-01	-0.0064353	0.00764258	0.709018	4.0E-01	1.17233	2.8E-01
rs2398893	9	96758342	1.14182	A	G	0.725421	0.999804	1.19281	2.7E-01	0.00860514	0.00632249	1.85242	1.7E-01	1.96502	1.6E-01
rs12686004	9	107653426	1.24316	G	A	0.884341	1	8.53509	3.5E-03	0.0269419	0.00880285	9.36723	2.2E-03	9.76646	1.8E-03
rs10991414	9	107685589	1.24582	T	C	0.861068	0.989408	0.00332898	9.5E-01	0.000160533	0.00820605	0.000382702	9.8E-01	0.0460713	8.3E-01
rs73519946	9	107868862	1.24912	A	T	0.958103	0.989128	6.66159	9.9E-03	0.0365684	0.0141557	6.67344	9.8E-03	6.56214	1.0E-02
rs687621	9	136137065	1.66206	A	G	0.681622	1	45.1485	1.8E-11	-0.0406747	0.00604589	45.2614	1.7E-11	46.2402	1.0E-11
rs7096078	10	3560644	0.0740604	C	T	0.425467	0.981688	8.60619e-05	9.9E-01	0.000650026	0.00574028	0.0128231	9.1E-01	0.00848385	9.3E-01
rs2907794	10	32391109	0.603202	G	A	0.758285	0.99713	1.03395	3.1E-01	0.005919	0.00657559	0.810265	3.7E-01	0.245933	6.2E-01
rs2247486	10	33489594	0.609463	A	G	0.603119	0.998525	0.672359	4.1E-01	0.00377272	0.00573951	0.432075	5.1E-01	0.448452	5.0E-01
rs12243209	10	63783406	0.859343	T	C	0.963634	0.99691	0.15858	6.9E-01	-0.00544411	0.0150931	0.130107	7.2E-01	0.0201756	8.9E-01
rs10995041	10	63867523	0.860298	A	C	0.754056	0.97671	1.05794	3.0E-01	-0.00753656	0.00663127	1.29168	2.6E-01	0.766255	3.8E-01
rs7089698	10	65384567	0.871611	A	G	0.465243	0.998398	5.75786	1.6E-02	-0.0126804	0.00566241	5.01491	2.5E-02	6.96175	8.3E-03
rs703985	10	80940740	1.06575	A	T	0.590861	0.992524	0.0521334	8.2E-01	0.00190961	0.00575162	0.110232	7.4E-01	0.0379557	8.5E-01
rs11202614	10	89755643	1.15952	C	T	0.838039	0.997476	0.830004	3.6E-01	-0.00770749	0.00767477	1.00854	3.2E-01	0.683292	4.1E-01
rs10882028	10	93943900	1.2086	C	T	0.408953	0.999201	0.0996701	7.5E-01	0.00079278	0.00571032	0.0192746	8.9E-01	0.0792076	7.8E-01
rs7917772	10	104487443	1.30576	G	A	0.367969	1	3.68526	5.5E-02	0.0110936	0.00582766	3.62372	5.7E-02	4.61202	3.2E-02
rs11596249	10	122812361	1.5266	T	G	0.911116	0.993945	0.70431	4.0E-01	-0.00839138	0.00991562	0.716188	4.0E-01	0.5902	4.4E-01
rs10788149	10	122967170	1.52881	G	A	0.320548	1	0.45507	5.0E-01	-0.00373707	0.00604885	0.381696	5.4E-01	0.50829	4.8E-01
rs140201358	11	823586	0.0109832	C	G	0.986248	1	0.730515	3.9E-01	-0.0210727	0.0241796	0.759527	3.8E-01	0.452941	5.0E-01
rs7932891	11	10921512	0.210707	A	G	0.294517	0.99931	1.40981	2.4E-01	-0.00592992	0.0061712	0.923332	3.4E-01	1.90065	1.7E-01
rs11029441	11	26279145	0.452845	T	C	0.920415	0.988421	1.34393	2.5E-01	-0.0109192	0.010462	1.08929	3.0E-01	0.681581	4.1E-01
rs12786130	11	27505954	0.464069	C	T	0.238291	0.989196	2.94862	8.6E-02	-0.0105761	0.00664035	2.53669	1.1E-01	2.27639	1.3E-01
rs56386213	11	36291554	0.562467	A	G	0.595018	1	0.434209	5.1E-01	-0.00368958	0.00570253	0.418619	5.2E-01	0.560024	4.5E-01
rs174528	11	61543499	0.703973	T	C	0.623454	0.995598	94.353	2.6E-22	0.0564341	0.00582471	93.8717	3.4E-22	106.228	6.6E-25
rs11231137	11	62315699	0.714502	G	A	0.701274	0.997506	0.00692841	9.3E-01	0.000212554	0.00615229	0.00119362	9.7E-01	0.0105271	9.2E-01
rs61881114	11	68996697	0.758653	C	T	0.848445	0.991928	5.46821	1.9E-02	0.0173743	0.00786069	4.88533	2.7E-02	4.96448	2.6E-02
rs12362685	11	111478720	1.18727	A	T	0.621328	0.997217	0.0230388	8.8E-01	0.00101737	0.00581391	0.0306214	8.6E-01	0.0271937	8.7E-01
rs1003081	11	118913993	1.29361	C	T	0.544862	0.993306	0.186915	6.7E-01	0.00229038	0.00566725	0.163332	6.9E-01	0.188972	6.6E-01
rs579682	11	122014110	1.35175	C	T	0.283365	0.991186	0.0146958	9.0E-01	-3.52817e-05	0.00627822	3.1581e-05	1.0E+00	0.039863	8.4E-01
rs747249	11	130271647	1.49781	A	G	0.360849	0.986641	1.37118	2.4E-01	-0.0071958	0.00590642	1.48426	2.2E-01	2.78188	9.5E-02
rs10771260	12	26253557	0.45721	A	C	0.608183	0.995844	0.135117	7.1E-01	0.00233098	0.00579349	0.161881	6.9E-01	0.0523738	8.2E-01
rs16915737	12	26403614	0.459048	C	T	0.928538	0.993226	0.211807	6.5E-01	0.00451516	0.010938	0.170401	6.8E-01	0.00236006	9.6E-01
rs7310959	12	45968598	0.59006	G	A	0.897555	1	0.0102755	9.2E-01	-0.000500966	0.00930534	0.00289836	9.6E-01	0.0895298	7.6E-01
rs75824359	12	54320490	0.68262	A	G	0.970266	0.973341	0.136201	7.1E-01	-0.00720252	0.0167978	0.183851	6.7E-01	0.317416	5.7E-01
rs7961915	12	66425288	0.795219	A	G	0.213926	0.943584	0.366297	5.5E-01	-0.00426148	0.0070565	0.364705	5.5E-01	0.301324	5.8E-01
rs704067	12	89726027	1.03172	G	A	0.545146	0.989595	0.0601955	8.1E-01	-0.00141634	0.00570183	0.0617028	8.0E-01	0.128677	7.2E-01
rs7958469	12	107052620	1.26171	G	A	0.638699	0.995036	3.32222	6.8E-02	-0.0102611	0.0058741	3.05144	8.1E-02	2.38634	1.2E-01
rs1169809	12	121688026	1.45624	G	A	0.700971	0.994402	1.25339	2.6E-01	0.00710861	0.00616353	1.33018	2.5E-01	0.767214	3.8E-01
rs139948644	12	123200016	1.46983	C	T	0.972202	0.923516	1.3301	2.5E-01	0.0221106	0.0177872	1.54521	2.1E-01	1.90867	1.7E-01
rs11060406	12	123339117	1.47024	C	T	0.96325	0.964271	0.0912926	7.6E-01	-0.00349912	0.0151858	0.0530935	8.2E-01	0.00028559	9.9E-01
rs34149579	12	123345509	1.47026	G	T	0.947363	1	2.0212	1.6E-01	-0.0173203	0.0126067	1.88759	1.7E-01	1.7804	1.8E-01
rs11613189	12	124642803	1.48018	C	T	0.627038	0.983075	1.47556	2.2E-01	0.00746621	0.00590183	1.60039	2.1E-01	1.38669	2.4E-01
rs1045411	13	31033232	0.263482	C	T	0.7313	0.996942	2.89435	8.9E-02	0.0113285	0.00637357	3.15922	7.5E-02	2.302	1.3E-01
rs10507524	13	44684600	0.468128	T	C	0.907237	0.994143	1.24964	2.6E-01	-0.0102371	0.0097635	1.09937	2.9E-01	1.07602	3.0E-01
rs7334326	13	50967732	0.53896	G	C	0.858576	0.996316	6.66451	9.8E-03	-0.0223148	0.00808521	7.61732	5.8E-03	7.0229	8.0E-03
rs8012185	14	58668484	0.537795	A	G	0.723155	0.991197	0.608332	4.4E-01	-0.00376682	0.00630889	0.356487	5.5E-01	0.495892	4.8E-01
rs1286138	14	91485445	0.882014	T	G	0.326286	0.996304	0.0111881	9.2E-01	-0.00138847	0.0060066	0.0534336	8.2E-01	0.257687	6.1E-01
rs2124307	14	98344662	1.02722	T	C	0.377663	0.998341	2.86837	9.0E-02	0.0100201	0.0058197	2.96444	8.5E-02	2.52436	1.1E-01
rs7402977	15	31726824	0.452929	G	A	0.733334	0.984393	0.0121653	9.1E-01	0.00086971	0.00641765	0.0183653	8.9E-01	0.000998417	9.7E-01
rs12437696	15	40878474	0.62928	A	G	0.51447	0.998802	0.632455	4.3E-01	-0.00385385	0.00565357	0.464669	5.0E-01	0.862711	3.5E-01
rs11630710	15	56364758	0.756318	G	T	0.893172	0.979091	0.264667	6.1E-01	-0.00368479	0.00924359	0.158908	6.9E-01	0.175179	6.8E-01
rs12911939	15	63800065	0.876679	T	C	0.431976	0.996322	2.39899	1.2E-01	-0.00790762	0.0056996	1.92488	1.7E-01	2.8799	9.0E-02
rs762551	15	75041917	1.00314	C	A	0.274028	1	7.63725	5.7E-03	-0.017702	0.00631139	7.86678	5.0E-03	8.22101	4.1E-03
rs2401948	16	1340854	0.0338191	G	C	0.470436	0.984992	0.197418	6.6E-01	0.00228898	0.00568238	0.162264	6.9E-01	0.0522903	8.2E-01
rs3747577	16	4415696	0.082586	C	G	0.259467	0.988145	0.104878	7.5E-01	-0.00187797	0.00646678	0.0843341	7.7E-01	0.181373	6.7E-01
rs12918743	16	11624245	0.272102	G	A	0.537734	0.991971	1.50961	2.2E-01	0.00552068	0.00566329	0.950271	3.3E-01	1.08803	3.0E-01
rs4787456	16	28559573	0.542371	C	T	0.634142	0.996921	0.780773	3.8E-01	-0.00405184	0.00581843	0.484947	4.9E-01	0.582625	4.5E-01
rs10083738	16	29927702	0.553162	G	A	0.45121	0.999839	0.0938124	7.6E-01	0.00247384	0.00566601	0.190629	6.6E-01	0.0920144	7.6E-01
rs16952242	16	53474250	0.64336	G	A	0.697908	0.997944	0.00636428	9.4E-01	-0.000289303	0.00614559	0.00221604	9.6E-01	0.000865613	9.8E-01
rs9937053	16	53799507	0.64597	G	A	0.577195	0.999601	2.71262	1.0E-01	0.0107512	0.00570784	3.5479	6.0E-02	3.26718	7.1E-02
rs11866219	16	69549749	0.858341	A	C	0.415066	0.975783	1.14252	2.9E-01	0.0062111	0.00579488	1.14881	2.8E-01	0.954553	3.3E-01
rs3794695	16	72097827	0.872987	C	T	0.811297	0.995894	31.9971	1.5E-08	-0.0407323	0.00720944	31.9209	1.6E-08	35.0229	3.3E-09
rs2550733	16	81449060	1.04439	A	G	0.430492	1	0.447684	5.0E-01	0.00404147	0.00570047	0.502639	4.8E-01	0.403143	5.3E-01
rs2927333	16	81509279	1.0455	A	G	0.679395	0.985143	1.32004	2.5E-01	0.00744286	0.00609811	1.48967	2.2E-01	1.45357	2.3E-01
rs727428	17	7537792	0.196849	T	C	0.44291	1	8.3695	3.8E-03	0.0171161	0.00565753	9.15288	2.5E-03	9.64298	1.9E-03
rs8075019	17	17455192	0.444844	G	A	0.875691	0.988404	0.410412	5.2E-01	-0.00619792	0.00856935	0.523115	4.7E-01	0.413147	5.2E-01
rs16942379	17	21259827	0.471679	C	T	0.508165	0.995529	0.0201821	8.9E-01	-0.000136653	0.00564943	0.000585096	9.8E-01	0.149905	7.0E-01
rs11651639	17	27672320	0.49569	A	T	0.483934	0.999433	0.0668909	8.0E-01	-0.00162514	0.00563278	0.0832402	7.7E-01	0.124847	7.2E-01
rs2306593	17	34866546	0.59517	C	T	0.509195	0.996584	0.0559337	8.1E-01	-0.00190755	0.00564112	0.114346	7.4E-01	0.0769959	7.8E-01
rs55883500	17	40395267	0.664304	T	G	0.691334	0.998762	0.200519	6.5E-01	-0.00290391	0.00609455	0.22703	6.3E-01	0.127156	7.2E-01
rs56328224	17	43572419	0.687192	C	T	0.774992	0.995527	4.69456	3.0E-02	-0.0143426	0.00677913	4.47621	3.4E-02	4.03616	4.5E-02
rs11871767	17	61698723	0.887174	A	G	0.724045	0.995857	4.64457	3.1E-02	0.0134947	0.00632338	4.55436	3.3E-02	5.1113	2.4E-02
rs78196338	17	66973049	0.964759	G	A	0.960561	0.978498	32.4235	1.2E-08	-0.085264	0.0145925	34.1408	5.1E-09	35.7688	2.2E-09
rs3810068	18	2846499	0.0738566	T	C	0.595452	1	4.56797	3.3E-02	0.0105251	0.0057228	3.3825	6.6E-02	4.23227	4.0E-02
rs4890429	18	40697481	0.611694	T	C	0.738773	0.995191	4.60917	3.2E-02	0.014386	0.00643483	4.9981	2.5E-02	5.82168	1.6E-02
rs357900	18	46585235	0.687097	T	A	0.110184	0.998906	2.42307	1.2E-01	0.0158239	0.00898267	3.10325	7.8E-02	2.29988	1.3E-01
rs3897645	18	57728947	0.82135	T	C	0.443585	1	0.577177	4.5E-01	-0.0039812	0.00569446	0.488791	4.8E-01	0.838923	3.6E-01
rs2331933	18	57955945	0.822668	T	G	0.652214	0.979252	4.08731	4.3E-02	0.0124875	0.00598991	4.34619	3.7E-02	4.20838	4.0E-02
rs12979965	19	2131148	0.0753026	A	G	0.499935	0.991113	0.636415	4.3E-01	0.00561838	0.00563837	0.992922	3.2E-01	1.20919	2.7E-01
rs2240702	19	4159873	0.144523	A	G	0.883396	0.986669	1.41521	2.3E-01	-0.0123395	0.00878191	1.97433	1.6E-01	1.74758	1.9E-01
rs1799815	19	7125519	0.224812	G	A	0.932212	1	0.20135	6.5E-01	0.00587168	0.0111506	0.277287	6.0E-01	0.16718	6.8E-01
rs35555265	19	17152232	0.420672	C	T	0.803227	0.993265	0.632985	4.3E-01	0.00655193	0.0070787	0.856704	3.5E-01	0.687714	4.1E-01
rs72999466	19	18248499	0.447893	C	T	0.742123	0.99893	0.0644835	8.0E-01	-0.00294498	0.0064196	0.21045	6.5E-01	0.0725046	7.9E-01
rs1423056	19	33780444	0.560699	G	A	0.681795	0.903762	0.0663377	8.0E-01	0.00136058	0.0063538	0.0458541	8.3E-01	0.00396761	9.5E-01
rs113504807	19	33787954	0.561506	C	T	0.951238	0.934153	0.983643	3.2E-01	-0.014789	0.0134694	1.20554	2.7E-01	1.161	2.8E-01
rs544964	19	37409561	0.616104	A	G	0.417229	0.998743	2.2608	1.3E-01	0.00904101	0.00570952	2.50747	1.1E-01	3.17427	7.5E-02
rs62116588	19	44446097	0.68736	C	G	0.976805	0.933368	43.6595	3.9E-11	0.12798	0.0193526	43.7326	3.8E-11	48.3933	3.5E-12
rs55840997	19	44480979	0.687479	G	A	0.981353	1	30.1354	4.0E-08	0.115637	0.0207866	30.9474	2.7E-08	31.9523	1.6E-08
rs35068131	19	55983854	0.996203	T	C	0.534309	0.942965	0.155913	6.9E-01	-0.00156843	0.00579577	0.0732333	7.9E-01	0.157044	6.9E-01
rs151235402	20	569164	0.0196907	C	T	0.984757	0.956324	1.62057	2.0E-01	0.0304494	0.0236342	1.65987	2.0E-01	1.65903	2.0E-01
rs805769	20	5667459	0.191037	T	C	0.595306	0.99253	0.104636	7.5E-01	0.00175499	0.00575871	0.0928749	7.6E-01	0.00744429	9.3E-01
rs2207132	20	39142516	0.589709	G	A	0.966685	1	33.7806	6.2E-09	-0.0898076	0.0156831	32.7916	1.0E-08	33.4655	7.3E-09
rs3091552	20	45440006	0.689385	C	G	0.264162	0.950692	1.49953	2.2E-01	-0.0103391	0.00653779	2.50093	1.1E-01	2.92864	8.7E-02
rs1999536	20	45581777	0.691337	G	C	0.430706	0.994672	3.21186	7.3E-02	0.00885844	0.00569729	2.41757	1.2E-01	3.18812	7.4E-02
rs1206829	20	45762552	0.696622	A	G	0.446378	0.998025	0.278987	6.0E-01	-0.0037425	0.00566251	0.436823	5.1E-01	0.0894422	7.6E-01
rs6063779	20	50964151	0.79129	A	G	0.716728	0.997749	0.086585	7.7E-01	0.00231898	0.00625212	0.137574	7.1E-01	0.294679	5.9E-01
rs28710106	20	51712678	0.801721	C	T	0.889914	0.997611	0.479204	4.9E-01	-0.00642261	0.00901821	0.507204	4.8E-01	0.726966	3.9E-01
rs6090040	20	62692060	1.09656	A	C	0.479429	0.988701	5.07664	2.4E-02	0.0120809	0.00566637	4.54556	3.3E-02	5.83149	1.6E-02
rs66836452	21	33058743	0.322744	C	T	0.898206	0.995819	4.88995e-05	9.9E-01	0.00184637	0.00933657	0.0391078	8.4E-01	0.00247948	9.6E-01
rs2836139	21	39451403	0.432375	A	G	0.514897	0.9942	3.74741	5.3E-02	0.0101347	0.00567345	3.19101	7.4E-02	3.13809	7.6E-02
rs9625551	22	29140529	0.338663	G	A	0.979191	0.995212	1.04066	3.1E-01	0.0202445	0.0197052	1.05548	3.0E-01	0.779349	3.8E-01
