rs1294014	1	9325676	0.18921	C	T	0.732088	0.974098	0.0058259	9.4E-01	3.62015e-05	0.00642515	3.17458e-05	1.0E+00	0.00159786	9.7E-01
rs10753554	1	23619009	0.461644	T	C	0.260317	0.989627	0.0780263	7.8E-01	-0.00190883	0.00641897	0.0884311	7.7E-01	0.0771597	7.8E-01
rs72663503	1	39969059	0.670152	C	T	0.771573	0.996098	12.3717	4.4E-04	-0.0237238	0.00667823	12.6196	3.8E-04	11.8048	5.9E-04
rs657452	1	49589847	0.760469	A	G	0.390779	0.988645	9.68006	1.9E-03	0.020014	0.00574968	12.1165	5.0E-04	12.638	3.8E-04
rs9436299	1	65892888	0.967508	C	A	0.325082	0.970882	33.3937	7.5E-09	-0.0367375	0.00607424	36.5792	1.5E-09	35.4807	2.6E-09
rs1526480	1	91209986	1.21385	T	C	0.625038	1	8.63587	3.3E-03	-0.0174041	0.0058067	8.98352	2.7E-03	9.77686	1.8E-03
rs4375301	1	98298371	1.27828	A	G	0.767662	0.993807	2.78284	9.5E-02	-0.0111452	0.00666759	2.79409	9.5E-02	2.98822	8.4E-02
rs3108680	1	107572997	1.35724	T	C	0.652386	0.999501	0.000722432	9.8E-01	0.000561014	0.00592171	0.00897541	9.2E-01	0.0251777	8.7E-01
rs2076586	1	112273026	1.42823	C	T	0.753838	0.980886	0.00304751	9.6E-01	-0.000899539	0.00657508	0.018717	8.9E-01	0.00146888	9.7E-01
rs115499511	1	119322589	1.50902	T	C	0.963678	0.975965	2.40859e-05	1.0E+00	-0.000148767	0.0151376	9.65819e-05	9.9E-01	0.00587447	9.4E-01
rs10494220	1	119572398	1.50995	C	T	0.872599	0.999593	1.3852	2.4E-01	-0.00865586	0.00838834	1.0648	3.0E-01	1.08525	3.0E-01
rs114056923	1	154868744	1.69777	T	C	0.966966	1	6.00722	1.4E-02	0.0361184	0.0157357	5.26846	2.2E-02	5.88072	1.5E-02
rs17345893	1	170171874	1.91645	C	T	0.933651	0.998406	0.158911	6.9E-01	-0.00247476	0.0112596	0.0483084	8.3E-01	0.027552	8.7E-01
rs1953096	1	170318770	1.91758	G	A	0.762782	0.999479	0.65191	4.2E-01	0.00485182	0.00661158	0.538518	4.6E-01	0.380987	5.4E-01
rs6697844	1	172308238	1.93873	C	T	0.56798	0.996349	4.36385	3.7E-02	-0.0122567	0.00564131	4.72053	3.0E-02	4.77765	2.9E-02
rs633715	1	177852580	1.98813	T	C	0.789275	1	0.605245	4.4E-01	-0.00442948	0.0068843	0.413987	5.2E-01	0.377738	5.4E-01
rs11807331	1	196427811	2.14315	T	C	0.684298	0.996378	9.05413	2.6E-03	0.0182933	0.00603141	9.19909	2.4E-03	8.17662	4.2E-03
rs11240351	1	205044339	2.25371	A	G	0.594795	0.998205	4.42188	3.5E-02	-0.0123071	0.00570752	4.64962	3.1E-02	5.04359	2.5E-02
rs61823192	1	219294570	2.43535	C	T	0.971468	0.90297	0.0295639	8.6E-01	-0.00492932	0.0176921	0.0776271	7.8E-01	0.0270404	8.7E-01
rs77278027	1	219392230	2.43543	C	T	0.93823	0.976746	0.022451	8.8E-01	-0.00230611	0.0117804	0.0383211	8.4E-01	0.00505846	9.4E-01
rs6683741	1	219786717	2.43742	T	G	0.861853	0.991403	2.67482	1.0E-01	-0.012724	0.00814039	2.44317	1.2E-01	2.25918	1.3E-01
rs62106252	2	408713	0.00503892	G	A	0.950832	0.955734	0.102966	7.5E-01	0.00646484	0.0132271	0.238885	6.3E-01	0.109101	7.4E-01
rs2867105	2	601905	0.00766081	T	G	0.178655	0.986439	8.84182	2.9E-03	-0.0215769	0.00737012	8.57096	3.4E-03	8.72086	3.1E-03
rs711869	2	13073967	0.297329	G	A	0.443249	0.983109	3.54742	6.0E-02	-0.0105518	0.00568923	3.4399	6.4E-02	4.26594	3.9E-02
rs11677500	2	24846815	0.456236	A	G	0.443553	0.997596	0.0768492	7.8E-01	-0.00183422	0.00563967	0.105778	7.5E-01	0.0665969	8.0E-01
rs2384575	2	27387429	0.473176	T	C	0.708679	0.98329	42.9765	5.5E-11	0.0400553	0.00621642	41.5184	1.2E-10	43.9137	3.4E-11
rs7933	2	43452183	0.682402	A	G	0.634849	0.981779	0.670043	4.1E-01	-0.0053284	0.00586649	0.82497	3.6E-01	0.733241	3.9E-01
rs36072157	2	48953740	0.765134	G	C	0.658175	0.956087	1.57941	2.1E-01	-0.00802809	0.00603281	1.77086	1.8E-01	1.95958	1.6E-01
rs6546196	2	66144496	0.916561	G	A	0.525101	0.993792	2.91096	8.8E-02	-0.0105244	0.00563799	3.48455	6.2E-02	3.71115	5.4E-02
rs4316926	2	66749108	0.924328	G	A	0.396567	0.99766	0.00478194	9.4E-01	-0.00155579	0.00573669	0.0735496	7.9E-01	0.0192576	8.9E-01
rs2170702	2	67571130	0.937008	T	C	0.545622	0.996677	2.07302	1.5E-01	0.00848053	0.00565893	2.24583	1.3E-01	1.67149	2.0E-01
rs12712049	2	100208830	1.21955	A	G	0.176674	0.985519	3.58595	5.8E-02	0.0126559	0.0073893	2.93345	8.7E-02	3.83714	5.0E-02
rs72946301	2	111861838	1.33125	G	A	0.903863	0.964859	3.37624	6.6E-02	0.0178798	0.00968313	3.40954	6.5E-02	3.72698	5.4E-02
rs7593247	2	119337589	1.3956	C	T	0.503784	0.990163	0.187028	6.7E-01	-0.00186737	0.00562938	0.110037	7.4E-01	0.143917	7.0E-01
rs114666647	2	158393301	1.76187	T	C	0.987759	1	2.00893	1.6E-01	0.037156	0.0255079	2.12182	1.5E-01	2.19667	1.4E-01
rs11899550	2	158451825	1.76314	C	T	0.92902	0.994523	0.0309312	8.6E-01	0.00430419	0.0109133	0.15555	6.9E-01	0.235402	6.3E-01
rs62173895	2	165477903	1.81419	G	C	0.329951	0.997788	13.3679	2.6E-04	-0.0204093	0.0059891	11.6127	6.6E-04	12.5122	4.0E-04
rs3769872	2	165565548	1.81514	C	T	0.941933	0.997539	7.39315e-05	9.9E-01	0.00239871	0.0120174	0.0398411	8.4E-01	0.0559926	8.1E-01
rs115283512	2	172379649	1.89769	C	T	0.817449	0.996247	1.73467	1.9E-01	-0.0103929	0.00727892	2.03865	1.5E-01	2.15244	1.4E-01
rs62173497	2	187821910	2.04064	C	A	0.889372	0.96522	0.357361	5.5E-01	0.00460925	0.00908008	0.25768	6.1E-01	0.523733	4.7E-01
rs1837121	2	216292331	2.28555	G	A	0.273406	0.99918	0.609091	4.4E-01	0.00502705	0.00629352	0.638027	4.2E-01	0.51177	4.7E-01
rs16857748	2	218382258	2.32414	C	T	0.903272	0.999764	0.191725	6.6E-01	0.00239598	0.00948992	0.0637445	8.0E-01	0.0288987	8.7E-01
rs16866785	2	226899056	2.44178	A	G	0.775296	0.992487	0.878012	3.5E-01	0.00669621	0.00674038	0.986938	3.2E-01	1.1177	2.9E-01
rs305506	3	12026709	0.296805	G	T	0.113563	0.992655	9.29277	2.3E-03	0.0249701	0.00887669	7.91298	4.9E-03	7.95948	4.8E-03
rs114252958	3	12409938	0.29797	C	T	0.982978	0.956617	0.070174	7.9E-01	0.00669372	0.0222419	0.0905715	7.6E-01	0.191386	6.6E-01
rs13086654	3	35532275	0.595296	G	A	0.863267	0.996625	0.804707	3.7E-01	-0.0062742	0.00813723	0.594517	4.4E-01	0.988937	3.2E-01
rs11926707	3	46925539	0.687568	T	C	0.379143	0.985514	16.5538	4.7E-05	-0.0230905	0.00580263	15.835	6.9E-05	15.4504	8.5E-05
rs614288	3	52220203	0.695484	T	C	0.466765	1	3.0128	8.3E-02	0.00956753	0.00560433	2.91442	8.8E-02	2.86637	9.0E-02
rs11718560	3	64584862	0.868956	C	T	0.731847	0.985124	3.05047	8.1E-02	-0.0123526	0.00636416	3.76737	5.2E-02	3.44912	6.3E-02
rs4688498	3	64674599	0.871028	C	T	0.669682	0.985151	1.31821	2.5E-01	0.00708663	0.00600187	1.39414	2.4E-01	1.32399	2.5E-01
rs9872683	3	123155892	1.35844	A	C	0.408022	0.993775	0.146411	7.0E-01	-0.00233502	0.00570907	0.167283	6.8E-01	0.0920617	7.6E-01
rs62265318	3	128752986	1.42297	G	A	0.965093	0.926921	2.4257	1.2E-01	0.0258152	0.0158355	2.65757	1.0E-01	2.31901	1.3E-01
rs143418767	3	129105690	1.42548	G	A	0.980767	0.944053	0.369879	5.4E-01	0.0175793	0.0210181	0.699546	4.0E-01	0.654636	4.2E-01
rs112551697	3	150018637	1.64271	G	A	0.96554	0.928479	0.0850959	7.7E-01	0.00703168	0.0158891	0.195848	6.6E-01	0.118484	7.3E-01
rs7617389	3	156801088	1.71237	T	C	0.32586	0.969927	0.445915	5.0E-01	-0.00383368	0.00608243	0.397262	5.3E-01	0.469921	4.9E-01
rs998749	3	168972802	1.77947	A	G	0.517178	0.992407	2.1276	1.4E-01	0.00701203	0.00561562	1.55917	2.1E-01	1.96037	1.6E-01
rs1499813	3	171760427	1.8208	T	C	0.587431	1	0.150442	7.0E-01	0.00150961	0.00571604	0.069749	7.9E-01	0.0275637	8.7E-01
rs11705729	3	185507299	2.01659	A	T	0.6869	0.999805	0.436116	5.1E-01	-0.00290336	0.00604126	0.230966	6.3E-01	0.321053	5.7E-01
rs7697256	4	848335	0.00782825	C	T	0.727433	0.999147	1.06551	3.0E-01	0.00822045	0.00629409	1.70579	1.9E-01	1.35528	2.4E-01
rs7659144	4	3098321	0.0324978	C	G	0.656231	0.995037	21.7702	3.1E-06	0.0268533	0.00590009	20.7147	5.3E-06	21.3619	3.8E-06
rs4450871	4	4990298	0.0879764	A	G	0.554775	1	2.434	1.2E-01	0.00739672	0.00565049	1.71359	1.9E-01	1.70747	1.9E-01
rs1912897	4	26006133	0.455942	A	T	0.79303	0.98817	0.279351	6.0E-01	0.00220735	0.00696488	0.100442	7.5E-01	0.280126	6.0E-01
rs17644283	4	26308792	0.461396	A	G	0.370735	0.99507	2.1168	1.5E-01	0.00924889	0.005829	2.51762	1.1E-01	3.00565	8.3E-02
rs11133373	4	56215631	0.730194	C	G	0.682789	0.992346	2.20416	1.4E-01	-0.010383	0.00605397	2.94147	8.6E-02	2.90905	8.8E-02
rs3775403	4	89615174	1.04851	T	C	0.869029	0.98982	3.59514	5.8E-02	0.0165999	0.00835954	3.94315	4.7E-02	3.77195	5.2E-02
rs17014616	4	89736565	1.04925	A	T	0.931087	0.996962	2.2141	1.4E-01	-0.0126895	0.0110793	1.3118	2.5E-01	1.26298	2.6E-01
rs12647922	4	106063987	1.17944	C	T	0.794569	0.998343	4.66663	3.1E-02	0.0142883	0.00693716	4.24228	3.9E-02	4.74706	2.9E-02
rs7655064	4	120106348	1.31331	T	C	0.875314	0.995692	0.170953	6.8E-01	0.00373954	0.0084893	0.194041	6.6E-01	0.065468	8.0E-01
rs11727676	4	145659064	1.53853	T	C	0.903374	1	7.69086	5.6E-03	-0.0273158	0.00950591	8.25732	4.1E-03	7.95812	4.8E-03
rs13178917	5	4007353	0.10142	C	T	0.551974	0.99437	2.28098	1.3E-01	0.00857784	0.00562726	2.3236	1.3E-01	2.69254	1.0E-01
rs3792751	5	32773314	0.512212	C	T	0.626583	0.990118	0.0593322	8.1E-01	-0.000800981	0.00581679	0.0189617	8.9E-01	0.0323004	8.6E-01
rs17457629	5	38795199	0.597633	A	T	0.728239	0.988005	0.129822	7.2E-01	0.00356818	0.00633548	0.317202	5.7E-01	0.283878	5.9E-01
rs2448	5	53302354	0.644969	T	C	0.737842	0.999532	1.49225	2.2E-01	-0.00730618	0.00638689	1.30858	2.5E-01	1.27908	2.6E-01
rs1559215	5	54867827	0.667887	G	A	0.339397	0.996823	2.3554	1.2E-01	0.00905221	0.00593874	2.32338	1.3E-01	2.08591	1.5E-01
rs11949724	5	55832217	0.681021	G	A	0.635455	1	2.60163	1.1E-01	-0.0093873	0.00584243	2.58163	1.1E-01	2.49044	1.1E-01
rs1002473	5	56274077	0.686309	T	G	0.206197	0.999836	0.0867396	7.7E-01	0.00326558	0.00694951	0.220807	6.4E-01	0.342504	5.6E-01
rs34697	5	66298637	0.77068	A	G	0.432612	0.987874	0.243281	6.2E-01	-0.00255444	0.00570226	0.200677	6.5E-01	0.151084	7.0E-01
rs253407	5	74926778	0.860943	A	G	0.275724	1	2.85602	9.1E-02	-0.010997	0.00627641	3.0699	8.0E-02	2.6525	1.0E-01
rs6870983	5	87697533	1.01437	C	T	0.787184	0.995128	8.89493	2.9E-03	0.0193412	0.00685135	7.96917	4.8E-03	6.99553	8.2E-03
rs27361	5	102548967	1.1092	G	A	0.700242	0.998319	0.285818	5.9E-01	0.00231614	0.00612478	0.143004	7.1E-01	0.000395341	9.8E-01
rs34864074	5	112875535	1.20089	A	C	0.809873	0.995669	1.12897	2.9E-01	-0.00933193	0.00719329	1.68301	1.9E-01	2.22348	1.4E-01
rs10519585	5	118676529	1.27446	T	C	0.712535	0.977148	3.81798	5.1E-02	0.0126353	0.00625681	4.07814	4.3E-02	3.90742	4.8E-02
rs4705986	5	132349654	1.39065	T	G	0.937241	0.978165	9.01342	2.7E-03	0.038317	0.0116937	10.7369	1.1E-03	11.5716	6.7E-04
rs33999	5	141973349	1.48937	C	G	0.612065	0.9834	0.517335	4.7E-01	-0.00379914	0.00578747	0.430918	5.1E-01	0.328969	5.7E-01
rs10477191	5	142077715	1.49476	A	G	0.950886	0.911257	0.000408458	9.8E-01	-0.00375549	0.0136433	0.0757693	7.8E-01	0.253825	6.1E-01
rs72846967	5	171849098	1.88961	A	G	0.706231	0.999429	1.33438	2.5E-01	-0.007618	0.00615629	1.53124	2.2E-01	1.41234	2.3E-01
rs2053681	5	172746086	1.91113	A	G	0.485601	0.912476	0.0300969	8.6E-01	-0.00106284	0.00588475	0.0326199	8.6E-01	0.0684137	7.9E-01
rs201058	6	6726017	0.180973	A	G	0.438993	0.99583	0.445565	5.0E-01	-0.00293423	0.00565096	0.269615	6.0E-01	0.231913	6.3E-01
rs2326776	6	6761881	0.18302	G	A	0.790616	0.988382	0.131154	7.2E-01	-0.00209304	0.00692377	0.0913837	7.6E-01	0.0320297	8.6E-01
rs7751325	6	7209132	0.195952	C	T	0.550375	0.99847	5.07712	2.4E-02	0.0142597	0.00564175	6.38844	1.1E-02	6.58107	1.0E-02
rs17584626	6	20560435	0.409936	A	T	0.687051	0.984667	2.20244	1.4E-01	0.0100438	0.00608531	2.72417	9.9E-02	2.39214	1.2E-01
rs16896742	6	29922740	0.504051	A	G	0.638372	1	29.748	4.9E-08	-0.0318245	0.00581466	29.9555	4.4E-08	31.6891	1.8E-08
rs6939900	6	31228357	0.511505	C	T	0.645165	0.988593	30.6195	3.1E-08	-0.0326257	0.0058618	30.9783	2.6E-08	22.5134	2.1E-06
rs181133225	6	32454764	0.520293	T	C	0.893444	0.778953	17.9471	2.3E-05	-0.0410125	0.010231	16.0692	6.1E-05	16.3081	5.4E-05
rs1574430	6	43269029	0.669727	A	C	0.391321	0.999399	1.79613	1.8E-01	0.00798264	0.0057421	1.93264	1.6E-01	2.15251	1.4E-01
rs9381248	6	43734606	0.675407	C	T	0.87836	0.993046	0.271805	6.0E-01	-0.00505192	0.00860897	0.344358	5.6E-01	0.432419	5.1E-01
rs35349911	6	43785255	0.678849	C	T	0.409597	0.97009	2.33893	1.3E-01	-0.00900218	0.00579694	2.41156	1.2E-01	2.61824	1.1E-01
rs10452561	6	80805796	0.920872	T	C	0.874288	0.991795	0.424436	5.1E-01	-0.00591871	0.00846361	0.489039	4.8E-01	0.263908	6.1E-01
rs1902066	6	81346033	0.922431	T	C	0.437575	0.991679	0.218802	6.4E-01	-0.0017557	0.00567638	0.0956662	7.6E-01	0.167932	6.8E-01
rs6924944	6	100597579	1.0811	A	T	0.245827	0.981159	0.848927	3.6E-01	0.00634168	0.00658757	0.92674	3.4E-01	0.850967	3.6E-01
rs72969772	6	126187585	1.32503	A	G	0.980332	1	0.238909	6.2E-01	0.0117202	0.0202422	0.33524	5.6E-01	0.215249	6.4E-01
rs9986505	6	126445558	1.32603	A	G	0.6761	0.991308	0.00503157	9.4E-01	-0.00108844	0.0060135	0.0327606	8.6E-01	0.0654348	8.0E-01
rs74949497	6	126812007	1.32699	A	C	0.97518	1	0.0126642	9.1E-01	-0.00379263	0.0181179	0.0438191	8.3E-01	0.00640798	9.4E-01
rs9389689	6	139813632	1.50282	G	C	0.504922	0.997811	2.63314	1.0E-01	-0.00938164	0.00559646	2.81016	9.4E-02	2.66215	1.0E-01
rs851978	6	152029556	1.64243	G	T	0.726311	0.996212	6.50292	1.1E-02	-0.0144427	0.00630607	5.24539	2.2E-02	4.70354	3.0E-02
rs411154	6	160729347	1.77422	G	T	0.484807	0.999958	0.544229	4.6E-01	-0.00435583	0.0056126	0.602303	4.4E-01	0.738495	3.9E-01
rs960589	7	25823647	0.43812	A	C	0.837349	0.976235	0.391697	5.3E-01	0.00394111	0.00766705	0.264229	6.1E-01	0.164837	6.8E-01
rs12671127	7	26309246	0.44373	C	T	0.633613	0.988487	1.16074	2.8E-01	-0.00573038	0.00583723	0.963724	3.3E-01	0.902051	3.4E-01
rs2189239	7	27237453	0.453427	C	T	0.917096	0.977954	1.53045	2.2E-01	-0.0126806	0.0102955	1.517	2.2E-01	1.47976	2.2E-01
rs13223303	7	42692711	0.680137	T	C	0.70789	0.997675	0.915634	3.4E-01	0.00592303	0.00616505	0.923026	3.4E-01	0.869449	3.5E-01
rs42132	7	72809618	0.89708	C	T	0.812622	0.92392	35.9336	2.0E-09	0.0453849	0.00749959	36.6225	1.4E-09	36.6957	1.4E-09
rs2470945	7	104585760	1.19835	C	A	0.596387	0.999188	0.0412533	8.4E-01	-0.00132321	0.00568557	0.0541639	8.2E-01	0.0178593	8.9E-01
rs4313084	7	114586903	1.30546	C	T	0.0829266	0.999308	0.0279576	8.7E-01	0.00140839	0.0101591	0.0192194	8.9E-01	0.0245466	8.8E-01
rs12154627	7	130422934	1.4017	T	C	0.506907	0.97487	1.49943	2.2E-01	0.00601332	0.00566646	1.12617	2.9E-01	0.829594	3.6E-01
rs9987289	8	9183358	0.251807	A	G	0.0911685	1	27.6955	1.4E-07	-0.053713	0.00974427	30.3851	3.5E-08	28.7255	8.3E-08
rs73597699	8	19756592	0.471873	C	T	0.833146	0.994114	33.8589	5.9E-09	0.0424013	0.00755982	31.4583	2.0E-08	31.0752	2.5E-08
rs59296513	8	22882293	0.532451	G	A	0.680938	0.987429	31.9685	1.6E-08	0.0335825	0.00604857	30.8262	2.8E-08	30.3733	3.6E-08
rs7815496	8	38321607	0.69461	C	T	0.597431	0.996532	6.90375	8.6E-03	-0.0155344	0.00571397	7.3912	6.6E-03	8.13016	4.4E-03
rs10093418	8	72392687	0.950051	A	G	0.892444	0.978176	0.772786	3.8E-01	-0.00787374	0.00908907	0.750453	3.9E-01	0.519101	4.7E-01
rs144435165	8	126419938	1.45107	G	C	0.944194	0.785853	8.12767	4.4E-03	-0.0399755	0.0137583	8.44219	3.7E-03	8.29239	4.0E-03
rs283727	8	128313360	1.48991	G	A	0.465104	0.977161	0.173209	6.8E-01	-0.00235575	0.00570155	0.170715	6.8E-01	0.0835632	7.7E-01
rs2131919	9	95283887	1.12689	A	G	0.83667	0.999136	4.63943	3.1E-02	-0.0176041	0.00760688	5.35569	2.1E-02	5.43957	2.0E-02
rs2398893	9	96758342	1.14182	A	G	0.725421	0.999804	0.0369097	8.5E-01	0.00340112	0.00629296	0.292103	5.9E-01	0.471125	4.9E-01
rs12686004	9	107653426	1.24316	G	A	0.884341	1	0.388938	5.3E-01	0.00432874	0.00876174	0.244086	6.2E-01	0.343402	5.6E-01
rs10991414	9	107685589	1.24582	T	C	0.861068	0.989408	1.47427	2.2E-01	-0.00953495	0.00816773	1.36281	2.4E-01	1.4922	2.2E-01
rs73519946	9	107868862	1.24912	A	T	0.958103	0.989128	1.8509	1.7E-01	0.0214306	0.0140896	2.31353	1.3E-01	2.32469	1.3E-01
rs10982136	9	117058723	1.39113	A	G	0.882888	0.971614	34.0072	5.5E-09	-0.0526244	0.00885557	35.3136	2.8E-09	35.5449	2.5E-09
rs7096078	10	3560644	0.0740604	C	T	0.425467	0.981688	1.57426	2.1E-01	0.00676531	0.0057136	1.40202	2.4E-01	1.06548	3.0E-01
rs2907794	10	32391109	0.603202	G	A	0.758285	0.99713	3.72813	5.4E-02	0.0123493	0.00654503	3.5601	5.9E-02	3.72692	5.4E-02
rs2247486	10	33489594	0.609463	A	G	0.603119	0.998525	0.320625	5.7E-01	-0.00373947	0.00571283	0.428467	5.1E-01	0.536184	4.6E-01
rs12243209	10	63783406	0.859343	T	C	0.963634	0.99691	8.57011	3.4E-03	-0.0434024	0.0150229	8.3468	3.9E-03	7.86338	5.0E-03
rs10995041	10	63867523	0.860298	A	C	0.754056	0.97671	0.168781	6.8E-01	0.0034962	0.00660044	0.280573	6.0E-01	0.164999	6.8E-01
rs7089698	10	65384567	0.871611	A	G	0.465243	0.998398	14.1566	1.7E-04	0.0213324	0.00563609	14.3259	1.5E-04	13.8896	1.9E-04
rs703985	10	80940740	1.06575	A	T	0.590861	0.992524	1.85485	1.7E-01	0.00832752	0.00572489	2.11591	1.5E-01	1.80849	1.8E-01
rs11202614	10	89755643	1.15952	C	T	0.838039	0.997476	10.5007	1.2E-03	-0.0238746	0.00763909	9.76764	1.8E-03	9.82602	1.7E-03
rs10882028	10	93943900	1.2086	C	T	0.408953	0.999201	0.435817	5.1E-01	-0.00525655	0.00568377	0.85532	3.6E-01	0.84605	3.6E-01
rs7917772	10	104487443	1.30576	G	A	0.367969	1	0.025607	8.7E-01	-0.00204322	0.00580058	0.124076	7.2E-01	0.183592	6.7E-01
rs11596249	10	122812361	1.5266	T	G	0.911116	0.993945	5.62826	1.8E-02	-0.0222604	0.00986953	5.08714	2.4E-02	6.33438	1.2E-02
rs10788149	10	122967170	1.52881	G	A	0.320548	1	3.17129	7.5E-02	0.00979959	0.00602073	2.64922	1.0E-01	2.58564	1.1E-01
rs140201358	11	823586	0.0109832	C	G	0.986248	1	0.46623	4.9E-01	-0.0220687	0.0240826	0.839749	3.6E-01	0.58524	4.4E-01
rs7932891	11	10921512	0.210707	A	G	0.294517	0.99931	0.00928829	9.2E-01	0.00049096	0.00614645	0.00638032	9.4E-01	0.0195948	8.9E-01
rs11029441	11	26279145	0.452845	T	C	0.920415	0.988421	13.7681	2.1E-04	-0.0367483	0.0104201	12.4375	4.2E-04	12.7072	3.6E-04
rs12786130	11	27505954	0.464069	C	T	0.238291	0.989196	13.1565	2.9E-04	0.0229668	0.00661372	12.0589	5.2E-04	11.7388	6.1E-04
rs56386213	11	36291554	0.562467	A	G	0.595018	1	0.722906	4.0E-01	-0.00335775	0.00567966	0.349505	5.5E-01	0.113634	7.4E-01
rs2509963	11	62192931	0.710202	T	C	0.257705	0.993079	0.110074	7.4E-01	-0.00101058	0.00639503	0.0249722	8.7E-01	0.000472604	9.8E-01
rs11231137	11	62315699	0.714502	G	A	0.701274	0.997506	0.0772099	7.8E-01	-0.00131805	0.00612762	0.0462681	8.3E-01	0.00185304	9.7E-01
rs666194	11	65159382	0.737661	T	C	0.357112	0.971346	0.00451131	9.5E-01	-0.00113786	0.00593335	0.0367772	8.5E-01	0.017825	8.9E-01
rs61881114	11	68996697	0.758653	C	T	0.848445	0.991928	0.192613	6.6E-01	0.00327985	0.00782916	0.1755	6.8E-01	0.100585	7.5E-01
rs12362685	11	111478720	1.18727	A	T	0.621328	0.997217	7.37286	6.6E-03	-0.0157416	0.00579059	7.39018	6.6E-03	7.71202	5.5E-03
rs513533	11	116519358	1.25951	A	G	0.895505	0.969744	32.6139	1.1E-08	-0.0530161	0.00928882	32.5757	1.1E-08	32.9065	9.7E-09
rs28927680	11	116619073	1.26037	C	G	0.932558	1	31.4368	2.1E-08	-0.0627674	0.0111823	31.507	2.0E-08	33.3536	7.7E-09
rs747249	11	130271647	1.49781	A	G	0.360849	0.986641	0.241257	6.2E-01	0.00266629	0.00588272	0.205426	6.5E-01	0.0668911	8.0E-01
rs10771260	12	26253557	0.45721	A	C	0.608183	0.995844	0.178337	6.7E-01	-0.00343652	0.00576541	0.355285	5.5E-01	0.252765	6.2E-01
rs16915737	12	26403614	0.459048	C	T	0.928538	0.993226	0.117268	7.3E-01	0.00389224	0.010885	0.127863	7.2E-01	0.1113	7.4E-01
rs7310959	12	45968598	0.59006	G	A	0.897555	1	10.7742	1.0E-03	-0.0296181	0.00926023	10.2299	1.4E-03	10.4106	1.3E-03
rs75824359	12	54320490	0.68262	A	G	0.970266	0.973341	0.0125515	9.1E-01	0.00154244	0.0167164	0.00851403	9.3E-01	0.0586663	8.1E-01
rs7961915	12	66425288	0.795219	A	G	0.213926	0.943584	0.488694	4.8E-01	0.00447059	0.0070223	0.405294	5.2E-01	0.69218	4.1E-01
rs704067	12	89726027	1.03172	G	A	0.545146	0.989595	0.0798535	7.8E-01	-0.00254258	0.0056742	0.20079	6.5E-01	0.300243	5.8E-01
rs7958469	12	107052620	1.26171	G	A	0.638699	0.995036	6.37899	1.2E-02	-0.0148412	0.00584563	6.44576	1.1E-02	6.28302	1.2E-02
rs1169809	12	121688026	1.45624	G	A	0.700971	0.994402	9.93251	1.6E-03	-0.019794	0.00613365	10.4143	1.3E-03	10.5151	1.2E-03
rs139948644	12	123200016	1.46983	C	T	0.972202	0.923516	3.80653	5.1E-02	0.0314659	0.017701	3.16	7.5E-02	3.99994	4.6E-02
rs11060406	12	123339117	1.47024	C	T	0.96325	0.964271	3.5333	6.0E-02	-0.0297006	0.0151122	3.86256	4.9E-02	4.29288	3.8E-02
rs34149579	12	123345509	1.47026	G	T	0.947363	1	6.26241	1.2E-02	-0.0308773	0.0125456	6.05753	1.4E-02	5.80101	1.6E-02
rs11613189	12	124642803	1.48018	C	T	0.627038	0.983075	4.07037	4.4E-02	0.0123152	0.00587323	4.39671	3.6E-02	4.87072	2.7E-02
rs1045411	13	31033232	0.263482	C	T	0.7313	0.996942	13.6005	2.3E-04	0.0235096	0.00634483	13.7294	2.1E-04	13.4918	2.4E-04
rs10507524	13	44684600	0.468128	T	C	0.907237	0.994143	0.615475	4.3E-01	-0.00792536	0.00971947	0.664894	4.1E-01	0.379352	5.4E-01
rs7334326	13	50967732	0.53896	G	C	0.858576	0.996316	7.10023	7.7E-03	-0.0211067	0.00804875	6.87674	8.7E-03	6.98368	8.2E-03
rs8012185	14	58668484	0.537795	A	G	0.723155	0.991197	4.29777	3.8E-02	-0.0120258	0.00627952	3.66754	5.5E-02	4.48708	3.4E-02
rs1286138	14	91485445	0.882014	T	G	0.326286	0.996304	0.00299534	9.6E-01	-0.000203465	0.00597865	0.00115817	9.7E-01	0.0099491	9.2E-01
rs2124307	14	98344662	1.02722	T	C	0.377663	0.998341	0.732592	3.9E-01	-0.0042602	0.00579261	0.540892	4.6E-01	0.406608	5.2E-01
rs7402977	15	31726824	0.452929	G	A	0.733334	0.984393	0.185425	6.7E-01	-0.00316969	0.00638978	0.246071	6.2E-01	0.205875	6.5E-01
rs12437696	15	40878474	0.62928	A	G	0.51447	0.998802	1.27991	2.6E-01	0.00597202	0.00562902	1.12558	2.9E-01	1.13874	2.9E-01
rs11630710	15	56364758	0.756318	G	T	0.893172	0.979091	3.50249	6.1E-02	-0.0158156	0.00920345	2.95303	8.6E-02	3.15362	7.6E-02
rs12911939	15	63800065	0.876679	T	C	0.431976	0.996322	0.351009	5.5E-01	-0.0014683	0.00567485	0.0669453	8.0E-01	0.0151389	9.0E-01
rs762551	15	75041917	1.00314	C	A	0.274028	1	7.67361	5.6E-03	-0.0165372	0.00628398	6.92552	8.5E-03	7.12564	7.6E-03
rs2401948	16	1340854	0.0338191	G	C	0.470436	0.984992	0.0105836	9.2E-01	0.000273761	0.00565323	0.00234503	9.6E-01	0.050047	8.2E-01
rs3747577	16	4415696	0.082586	C	G	0.259467	0.988145	3.37224	6.6E-02	-0.0120905	0.00643361	3.53169	6.0E-02	3.47733	6.2E-02
rs12918743	16	11624245	0.272102	G	A	0.537734	0.991971	3.69621	5.5E-02	-0.0107881	0.00563424	3.66622	5.6E-02	3.92705	4.8E-02
rs4787456	16	28559573	0.542371	C	T	0.634142	0.996921	7.54494	6.0E-03	-0.0136392	0.00578858	5.55179	1.8E-02	5.69091	1.7E-02
rs10083738	16	29927702	0.553162	G	A	0.45121	0.999839	3.47229	6.2E-02	-0.00912017	0.00563695	2.61768	1.1E-01	2.66815	1.0E-01
rs16952242	16	53474250	0.64336	G	A	0.697908	0.997944	1.68466	1.9E-01	0.00840312	0.00611407	1.88895	1.7E-01	2.12174	1.5E-01
rs9937053	16	53799507	0.64597	G	A	0.577195	0.999601	3.4397	6.4E-02	-0.0107581	0.00567857	3.58917	5.8E-02	3.50449	6.1E-02
rs11866219	16	69549749	0.858341	A	C	0.415066	0.975783	13.8233	2.0E-04	0.0204281	0.00576516	12.5555	4.0E-04	12.5974	3.9E-04
rs67915813	16	71427627	0.871571	C	T	0.887103	0.995782	35.2316	2.9E-09	0.0543088	0.00888295	37.3788	9.7E-10	35.7525	2.2E-09
rs146843300	16	71465028	0.871721	G	A	0.98007	0.891525	47.7046	5.0E-12	-0.146519	0.0212109	47.7168	4.9E-12	47.0551	6.9E-12
rs61705884	16	72176640	0.873108	C	T	0.985444	1	41.8677	9.8E-11	0.150978	0.0235284	41.1759	1.4E-10	40.9079	1.6E-10
rs140845518	16	72234132	0.873293	G	A	0.983568	0.978049	80.8517	2.4E-19	-0.200349	0.0222245	81.2661	2.0E-19	83.9496	5.1E-20
rs727428	17	7537792	0.196849	T	C	0.44291	1	3.97336	4.6E-02	0.0115351	0.00563106	4.19627	4.1E-02	3.83203	5.0E-02
rs8075019	17	17455192	0.444844	G	A	0.875691	0.988404	9.02703	2.7E-03	-0.02824	0.00852926	10.9624	9.3E-04	11.1808	8.3E-04
rs16942379	17	21259827	0.471679	C	T	0.508165	0.995529	9.91393	1.6E-03	0.0174794	0.005623	9.66315	1.9E-03	8.69527	3.2E-03
rs11651639	17	27672320	0.49569	A	T	0.483934	0.999433	0.115913	7.3E-01	-0.00234112	0.00560643	0.174372	6.8E-01	0.163727	6.9E-01
rs2306593	17	34866546	0.59517	C	T	0.509195	0.996584	0.863189	3.5E-01	0.00509176	0.00561473	0.822391	3.6E-01	1.05359	3.0E-01
rs55883500	17	40395267	0.664304	T	G	0.691334	0.998762	0.522914	4.7E-01	-0.00468044	0.00606604	0.595337	4.4E-01	0.535232	4.6E-01
rs56328224	17	43572419	0.687192	C	T	0.774992	0.995527	1.94078	1.6E-01	-0.00996968	0.00674742	2.18317	1.4E-01	1.78356	1.8E-01
rs11871767	17	61698723	0.887174	A	G	0.724045	0.995857	0.0846157	7.7E-01	0.00218605	0.0062938	0.120641	7.3E-01	0.0548374	8.1E-01
rs7225826	17	67574721	0.971804	C	T	0.325119	0.997806	4.83442	2.8E-02	-0.0119359	0.00598161	3.98178	4.6E-02	3.30155	6.9E-02
rs312757	17	68347701	0.983463	C	G	0.322951	0.991143	0.98483	3.2E-01	0.00747621	0.00601731	1.54368	2.1E-01	1.68338	1.9E-01
rs3810068	18	2846499	0.0738566	T	C	0.595452	1	6.74376	9.4E-03	0.012077	0.00569806	4.49224	3.4E-02	4.69585	3.0E-02
rs4890429	18	40697481	0.611694	T	C	0.738773	0.995191	0.774443	3.8E-01	0.00648947	0.006407	1.02591	3.1E-01	0.862266	3.5E-01
rs357900	18	46585235	0.687097	T	A	0.110184	0.998906	0.0023813	9.6E-01	0.00217258	0.00894383	0.0590071	8.1E-01	0.220696	6.4E-01
rs3897645	18	57728947	0.82135	T	C	0.443585	1	0.00346778	9.5E-01	0.000660369	0.00566984	0.0135654	9.1E-01	0.00463813	9.5E-01
rs2331933	18	57955945	0.822668	T	G	0.652214	0.979252	0.52013	4.7E-01	0.00355483	0.00596401	0.355273	5.5E-01	0.429399	5.1E-01
rs12979965	19	2131148	0.0753026	A	G	0.499935	0.991113	1.2119	2.7E-01	0.00633397	0.00562853	1.26637	2.6E-01	1.54253	2.1E-01
rs2240702	19	4159873	0.144523	A	G	0.883396	0.986669	6.81658	9.0E-03	-0.0245727	0.00876658	7.8568	5.1E-03	6.35057	1.2E-02
rs1799815	19	7125519	0.224812	G	A	0.932212	1	2.17868	1.4E-01	0.0182672	0.0111311	2.69318	1.0E-01	3.18002	7.5E-02
rs35555265	19	17152232	0.420672	C	T	0.803227	0.993265	10.8904	9.7E-04	0.0246969	0.00706635	12.2151	4.7E-04	10.8297	1.0E-03
rs72999466	19	18248499	0.447893	C	T	0.742123	0.99893	2.64116	1.0E-01	0.0110969	0.00640839	2.99853	8.3E-02	3.20171	7.4E-02
rs1423056	19	33780444	0.560699	G	A	0.681795	0.903762	6.00145	1.4E-02	-0.0160026	0.00634271	6.36551	1.2E-02	6.87727	8.7E-03
rs113504807	19	33787954	0.561506	C	T	0.951238	0.934153	0.252186	6.2E-01	-0.00857627	0.0134459	0.406837	5.2E-01	0.419955	5.2E-01
rs544964	19	37409561	0.616104	A	G	0.417229	0.998743	0.000569266	9.8E-01	0.00155995	0.00569955	0.0749103	7.8E-01	0.0843572	7.7E-01
rs75627662	19	45413576	0.707181	C	T	0.794733	0.99737	18.2999	1.9E-05	-0.0268994	0.00697024	14.8932	1.1E-04	16.553	4.7E-05
rs11672660	19	46180184	0.718742	C	T	0.805452	0.999681	0.0279176	8.7E-01	-0.000662491	0.00707889	0.00875849	9.3E-01	0.00794356	9.3E-01
rs35068131	19	55983854	0.996203	T	C	0.534309	0.942965	0.300129	5.8E-01	0.00370561	0.00578566	0.410218	5.2E-01	0.458269	5.0E-01
rs151235402	20	569164	0.0196907	C	T	0.984757	0.956324	2.52584	1.1E-01	-0.0396069	0.0235372	2.8316	9.2E-02	2.63627	1.0E-01
rs805769	20	5667459	0.191037	T	C	0.595306	0.99253	0.0287004	8.7E-01	0.000296729	0.00573506	0.00267697	9.6E-01	0.00613996	9.4E-01
rs2207132	20	39142516	0.589709	G	A	0.966685	1	11.8995	5.6E-04	-0.053033	0.0156187	11.5293	6.9E-04	12.2825	4.6E-04
rs3091552	20	45440006	0.689385	C	G	0.264162	0.950692	0.15789	6.9E-01	0.00325751	0.00651094	0.250313	6.2E-01	0.126272	7.2E-01
rs1999536	20	45581777	0.691337	G	C	0.430706	0.994672	0.095845	7.6E-01	-0.00320043	0.00567389	0.318167	5.7E-01	0.383184	5.4E-01
rs1206829	20	45762552	0.696622	A	G	0.446378	0.998025	0.0580384	8.1E-01	-0.0030543	0.00563925	0.293347	5.9E-01	0.160524	6.9E-01
rs6063779	20	50964151	0.79129	A	G	0.716728	0.997749	4.17433	4.1E-02	0.0135083	0.00622644	4.70676	3.0E-02	5.35377	2.1E-02
rs28710106	20	51712678	0.801721	C	T	0.889914	0.997611	2.30937	1.3E-01	-0.0123106	0.00898117	1.87884	1.7E-01	1.81988	1.8E-01
rs6090040	20	62692060	1.09656	A	C	0.479429	0.988701	13.0061	3.1E-04	0.0202367	0.0056431	12.8601	3.4E-04	13.1784	2.8E-04
rs66836452	21	33058743	0.322744	C	T	0.898206	0.995819	1.33923	2.5E-01	0.0120865	0.00929608	1.69046	1.9E-01	2.10947	1.5E-01
rs2836139	21	39451403	0.432375	A	G	0.514897	0.9942	0.0916682	7.6E-01	0.000827883	0.00564885	0.0214792	8.8E-01	0.0489597	8.2E-01
rs9625551	22	29140529	0.338663	G	A	0.979191	0.995212	0.018254	8.9E-01	-0.00642845	0.0196208	0.107344	7.4E-01	0.0859303	7.7E-01
