SNP	CHR	BP	GENPOS	ALLELE1	ALLELE0	A1FREQ	INFO	CHISQ_LINREG	P_LINREG	BETA	SE	CHISQ_BOLT_LMM_INF	P_BOLT_LMM_INF	CHISQ_BOLT_LMM	P_BOLT_LMM
rs1294014	1	9325676	0.18921	C	T	0.732088	0.974098	3.0371	8.1E-02	-0.0116185	0.00635559	3.34184	6.8E-02	2.94145	8.6E-02
rs1294014	1	9325676	0.18921	C	T	0.732088	0.974098	3.0371	8.1E-02	-0.0116185	0.00635559	3.34184	6.8E-02	2.94145	8.6E-02
rs10753554	1	23619009	0.461644	T	C	0.260317	0.989627	3.208	7.3E-02	-0.0129605	0.00634947	4.1665	4.1E-02	4.35574	3.7E-02
rs72663503	1	39969059	0.670152	C	T	0.771573	0.996098	0.0919879	7.6E-01	0.00363527	0.00660592	0.302834	5.8E-01	0.488848	4.8E-01
rs657452	1	49589847	0.760469	A	G	0.390779	0.988645	0.00285841	9.6E-01	0.000295166	0.00568743	0.0026934	9.6E-01	0.00400862	9.5E-01
rs6587970	1	62833553	0.921104	G	A	0.438828	0.969175	31.4323	2.1E-08	0.0320386	0.00566166	32.0229	1.5E-08	28.8429	7.8E-08
rs1168100	1	63124542	0.922915	T	C	0.699098	0.991115	50.2629	1.3E-12	-0.0442676	0.00606485	53.2759	2.9E-13	61.147	5.3E-15
rs1526480	1	91209986	1.21385	T	C	0.625038	1	1.27778	2.6E-01	0.00546576	0.00574383	0.905519	3.4E-01	0.841454	3.6E-01
rs4375301	1	98298371	1.27828	A	G	0.767662	0.993807	0.00511303	9.4E-01	0.000435189	0.0065954	0.00435385	9.5E-01	0.000118016	9.9E-01
rs3108680	1	107572997	1.35724	T	C	0.652386	0.999501	0.361111	5.5E-01	-0.00530968	0.00585759	0.821671	3.6E-01	0.232807	6.3E-01
rs2076586	1	112273026	1.42823	C	T	0.753838	0.980886	0.000669585	9.8E-01	-0.000614698	0.0065039	0.00893256	9.2E-01	0.00231238	9.6E-01
rs115499511	1	119322589	1.50902	T	C	0.963678	0.975965	1.01068	3.1E-01	0.0169236	0.0149737	1.27739	2.6E-01	1.7917	1.8E-01
rs10494220	1	119572398	1.50995	C	T	0.872599	0.999593	0.0862987	7.7E-01	-0.00226217	0.00829752	0.0743281	7.9E-01	0.00941673	9.2E-01
rs114056923	1	154868744	1.69777	T	C	0.966966	1	1.10075	2.9E-01	-0.0168943	0.0155654	1.17804	2.8E-01	1.11432	2.9E-01
rs17345893	1	170171874	1.91645	C	T	0.933651	0.998406	0.00924841	9.2E-01	0.000571366	0.0111376	0.00263173	9.6E-01	0.0991918	7.5E-01
rs1953096	1	170318770	1.91758	G	A	0.762782	0.999479	6.69674	9.7E-03	-0.0177001	0.00653999	7.32479	6.8E-03	4.5729	3.2E-02
rs6697844	1	172308238	1.93873	C	T	0.56798	0.996349	2.04491	1.5E-01	0.00640107	0.00558023	1.31583	2.5E-01	2.04114	1.5E-01
rs633715	1	177852580	1.98813	T	C	0.789275	1	4.29632	3.8E-02	0.0145601	0.00680976	4.57156	3.3E-02	6.19264	1.3E-02
rs11807331	1	196427811	2.14315	T	C	0.684298	0.996378	2.2866	1.3E-01	0.00976792	0.00596611	2.68054	1.0E-01	2.34338	1.3E-01
rs11240351	1	205044339	2.25371	A	G	0.594795	0.998205	0.685361	4.1E-01	0.0027943	0.00564573	0.244966	6.2E-01	0.308297	5.8E-01
rs61823192	1	219294570	2.43535	C	T	0.971468	0.90297	0.100136	7.5E-01	-0.00791908	0.0175006	0.20476	6.5E-01	0.138326	7.1E-01
rs77278027	1	219392230	2.43543	C	T	0.93823	0.976746	0.00690822	9.3E-01	-0.00202144	0.0116529	0.0300921	8.6E-01	0.00152069	9.7E-01
rs6683741	1	219786717	2.43742	T	G	0.861853	0.991403	0.493105	4.8E-01	-0.00309936	0.00805225	0.148153	7.0E-01	0.0110453	9.2E-01
rs62106252	2	408713	0.00503892	G	A	0.950832	0.955734	1.20719	2.7E-01	0.0161524	0.013091	1.52239	2.2E-01	2.29269	1.3E-01
rs2867105	2	601905	0.00766081	T	G	0.178655	0.986439	0.158465	6.9E-01	-0.00304766	0.00729432	0.174568	6.8E-01	0.265571	6.1E-01
rs711869	2	13073967	0.297329	G	A	0.443249	0.983109	0.00069654	9.8E-01	0.000685904	0.00563072	0.0148388	9.0E-01	0.0282282	8.7E-01
rs11677500	2	24846815	0.456236	A	G	0.443553	0.997596	5.13655	2.3E-02	-0.012964	0.00558167	5.39451	2.0E-02	4.19713	4.0E-02
rs7933	2	43452183	0.682402	A	G	0.634849	0.981779	0.0560513	8.1E-01	-0.00173554	0.00580615	0.0893499	7.7E-01	0.153553	7.0E-01
rs36072157	2	48953740	0.765134	G	C	0.658175	0.956087	0.535415	4.6E-01	0.00560374	0.00597077	0.880839	3.5E-01	0.738266	3.9E-01
rs6546196	2	66144496	0.916561	G	A	0.525101	0.993792	0.0928453	7.6E-01	0.000671667	0.00558001	0.014489	9.0E-01	0.116602	7.3E-01
rs4316926	2	66749108	0.924328	G	A	0.396567	0.99766	0.24603	6.2E-01	0.000811158	0.00567769	0.0204111	8.9E-01	0.0371663	8.5E-01
rs2170702	2	67571130	0.937008	T	C	0.545622	0.996677	0.283744	5.9E-01	-0.000329589	0.00560073	0.00346304	9.5E-01	0.000253586	9.9E-01
rs12712049	2	100208830	1.21955	A	G	0.176674	0.985519	0.467873	4.9E-01	-0.00473698	0.00731331	0.419542	5.2E-01	0.161786	6.9E-01
rs72946301	2	111861838	1.33125	G	A	0.903863	0.964859	0.033734	8.5E-01	-0.000270183	0.00958355	0.000794811	9.8E-01	0.124023	7.2E-01
rs7593247	2	119337589	1.3956	C	T	0.503784	0.990163	0.103809	7.5E-01	0.00258141	0.00557148	0.21467	6.4E-01	0.331769	5.6E-01
rs114666647	2	158393301	1.76187	T	C	0.987759	1	2.27921	1.3E-01	0.0390087	0.0252455	2.38756	1.2E-01	2.20466	1.4E-01
rs11899550	2	158451825	1.76314	C	T	0.92902	0.994523	0.00480036	9.4E-01	-0.00223779	0.0108011	0.0429247	8.4E-01	0.0920538	7.6E-01
rs62173895	2	165477903	1.81419	G	C	0.329951	0.997788	7.97398	4.7E-03	-0.0160365	0.0059275	7.31941	6.8E-03	9.2268	2.4E-03
rs3769872	2	165565548	1.81514	C	T	0.941933	0.997539	0.0704659	7.9E-01	-0.00202986	0.0118938	0.0291265	8.6E-01	0.0406119	8.4E-01
rs115283512	2	172379649	1.89769	C	T	0.817449	0.996247	0.237668	6.3E-01	-0.00273988	0.00720406	0.144647	7.0E-01	0.222215	6.4E-01
rs62173497	2	187821910	2.04064	C	A	0.889372	0.96522	0.080767	7.8E-01	0.00213961	0.0089867	0.0566853	8.1E-01	0.0184273	8.9E-01
rs1837121	2	216292331	2.28555	G	A	0.273406	0.99918	0.9529	3.3E-01	-0.00643342	0.00622879	1.06678	3.0E-01	1.33547	2.5E-01
rs16857748	2	218382258	2.32414	C	T	0.903272	0.999764	2.98157	8.4E-02	0.0166204	0.00939232	3.13139	7.7E-02	3.15596	7.6E-02
rs16866785	2	226899056	2.44178	A	G	0.775296	0.992487	0.278177	6.0E-01	-0.00344187	0.00667106	0.266195	6.1E-01	0.588464	4.4E-01
rs305506	3	12026709	0.296805	G	T	0.113563	0.992655	1.33136	2.5E-01	0.00729737	0.00878536	0.689944	4.1E-01	0.83796	3.6E-01
rs114252958	3	12409938	0.29797	C	T	0.982978	0.956617	0.345904	5.6E-01	-0.0165012	0.0220131	0.561914	4.5E-01	0.340663	5.6E-01
rs13086654	3	35532275	0.595296	G	A	0.863267	0.996625	0.208397	6.5E-01	0.00595605	0.00805351	0.546948	4.6E-01	0.504402	4.8E-01
rs11926707	3	46925539	0.687568	T	C	0.379143	0.985514	0.387133	5.3E-01	0.0048535	0.00574293	0.714238	4.0E-01	0.132918	7.2E-01
rs614288	3	52220203	0.695484	T	C	0.466765	1	2.80852	9.4E-02	-0.00879208	0.00554667	2.51257	1.1E-01	3.89065	4.9E-02
rs11718560	3	64584862	0.868956	C	T	0.731847	0.985124	0.447743	5.0E-01	0.00430777	0.00629868	0.46774	4.9E-01	0.772887	3.8E-01
rs4688498	3	64674599	0.871028	C	T	0.669682	0.985151	0.000128394	9.9E-01	-0.00033918	0.00594012	0.00326039	9.5E-01	0.0193994	8.9E-01
rs9872683	3	123155892	1.35844	A	C	0.408022	0.993775	3.50677	6.1E-02	-0.00848532	0.00565033	2.25522	1.3E-01	2.11789	1.5E-01
rs62265318	3	128752986	1.42297	G	A	0.965093	0.926921	0.079607	7.8E-01	-0.00055574	0.0156726	0.00125736	9.7E-01	0.0105912	9.2E-01
rs143418767	3	129105690	1.42548	G	A	0.980767	0.944053	4.52663	3.3E-02	0.0395609	0.0208019	3.61683	5.7E-02	3.22283	7.3E-02
rs112551697	3	150018637	1.64271	G	A	0.96554	0.928479	0.0876469	7.7E-01	-0.00362658	0.0157257	0.0531836	8.2E-01	0.00168294	9.7E-01
rs7617389	3	156801088	1.71237	T	C	0.32586	0.969927	0.721508	4.0E-01	0.00532903	0.00601986	0.783653	3.8E-01	0.381566	5.4E-01
rs998749	3	168972802	1.77947	A	G	0.517178	0.992407	2.02658	1.5E-01	-0.00848946	0.00555784	2.33318	1.3E-01	2.10764	1.5E-01
rs56819515	3	170712913	1.7983	T	A	0.872117	0.99305	27.9483	1.2E-07	-0.0459367	0.00832522	30.4458	3.4E-08	34.9987	3.3E-09
rs1499813	3	171760427	1.8208	T	C	0.587431	1	0.287322	5.9E-01	0.00247644	0.00565723	0.191623	6.6E-01	0.759443	3.8E-01
rs11705729	3	185507299	2.01659	A	T	0.6869	0.999805	3.14296	7.6E-02	0.0102525	0.0059791	2.94026	8.6E-02	1.99902	1.6E-01
rs7697256	4	848335	0.00782825	C	T	0.727433	0.999147	1.24749	2.6E-01	0.00709948	0.00622502	1.30068	2.5E-01	1.25006	2.6E-01
rs7659144	4	3098321	0.0324978	C	G	0.656231	0.995037	4.02293	4.5E-02	0.0126797	0.00583535	4.72156	3.0E-02	3.86676	4.9E-02
rs4450871	4	4990298	0.0879764	A	G	0.554775	1	5.83555	1.6E-02	0.0113271	0.00558849	4.10816	4.3E-02	3.38461	6.6E-02
rs1912897	4	26006133	0.455942	A	T	0.79303	0.98817	0.673267	4.1E-01	-0.00784196	0.00688846	1.296	2.5E-01	0.839921	3.6E-01
rs17644283	4	26308792	0.461396	A	G	0.370735	0.99507	1.2259	2.7E-01	0.00701043	0.00576504	1.47871	2.2E-01	2.47219	1.2E-01
rs11133373	4	56215631	0.730194	C	G	0.682789	0.992346	0.868466	3.5E-01	0.00416279	0.00598754	0.48336	4.9E-01	0.534986	4.6E-01
rs3775403	4	89615174	1.04851	T	C	0.869029	0.98982	2.38452	1.2E-01	0.0107788	0.00826782	1.69966	1.9E-01	1.39704	2.4E-01
rs17014616	4	89736565	1.04925	A	T	0.931087	0.996962	0.00718005	9.3E-01	-0.00031094	0.0109577	0.000805222	9.8E-01	0.190563	6.6E-01
rs12647922	4	106063987	1.17944	C	T	0.794569	0.998343	0.778558	3.8E-01	0.00697708	0.00686104	1.03411	3.1E-01	1.62649	2.0E-01
rs7655064	4	120106348	1.31331	T	C	0.875314	0.995692	1.54403	2.1E-01	0.0107928	0.00839615	1.65237	2.0E-01	2.10394	1.5E-01
rs11727676	4	145659064	1.53853	T	C	0.903374	1	0.454241	5.0E-01	0.0051142	0.0094016	0.295905	5.9E-01	0.00473093	9.5E-01
rs13178917	5	4007353	0.10142	C	T	0.551974	0.99437	0.179622	6.7E-01	-0.00162621	0.00556785	0.0853055	7.7E-01	0.214827	6.4E-01
rs3792751	5	32773314	0.512212	C	T	0.626583	0.990118	3.88534	4.9E-02	-0.0114314	0.00575538	3.94503	4.7E-02	2.57694	1.1E-01
rs17457629	5	38795199	0.597633	A	T	0.728239	0.988005	1.67789	2.0E-01	-0.00694254	0.00626859	1.22658	2.7E-01	0.854496	3.6E-01
rs2448	5	53302354	0.644969	T	C	0.737842	0.999532	0.0537676	8.2E-01	0.00253954	0.00631946	0.161492	6.9E-01	0.288915	5.9E-01
rs1559215	5	54867827	0.667887	G	A	0.339397	0.996823	3.42684	6.4E-02	-0.01004	0.00587604	2.91941	8.8E-02	3.13666	7.7E-02
rs11949724	5	55832217	0.681021	G	A	0.635455	1	0.746317	3.9E-01	0.00353153	0.00578075	0.373213	5.4E-01	0.266895	6.1E-01
rs1002473	5	56274077	0.686309	T	G	0.206197	0.999836	0.672281	4.1E-01	0.00543971	0.00687614	0.625839	4.3E-01	0.718636	4.0E-01
rs34697	5	66298637	0.77068	A	G	0.432612	0.987874	0.460618	5.0E-01	0.00618346	0.00564206	1.20112	2.7E-01	1.58103	2.1E-01
rs253407	5	74926778	0.860943	A	G	0.275724	1	4.8528	2.8E-02	0.0135914	0.00621014	4.78987	2.9E-02	5.98897	1.4E-02
rs6870983	5	87697533	1.01437	C	T	0.787184	0.995128	0.0555618	8.1E-01	0.000559252	0.00677902	0.00680584	9.3E-01	0.0462998	8.3E-01
rs27361	5	102548967	1.1092	G	A	0.700242	0.998319	0.83367	3.6E-01	0.00503521	0.00606011	0.690357	4.1E-01	0.561325	4.5E-01
rs34864074	5	112875535	1.20089	A	C	0.809873	0.995669	0.143951	7.0E-01	0.00297327	0.00711734	0.174515	6.8E-01	0.0767562	7.8E-01
rs10519585	5	118676529	1.27446	T	C	0.712535	0.977148	0.227419	6.3E-01	-0.00218057	0.00619075	0.124067	7.2E-01	0.214369	6.4E-01
rs4705986	5	132349654	1.39065	T	G	0.937241	0.978165	2.75533	9.7E-02	-0.0148617	0.0115702	1.64989	2.0E-01	2.56918	1.1E-01
rs33999	5	141973349	1.48937	C	G	0.612065	0.9834	0.368349	5.4E-01	-0.00236194	0.00572636	0.170129	6.8E-01	0.167873	6.8E-01
rs10477191	5	142077715	1.49476	A	G	0.950886	0.911257	0.0159963	9.0E-01	-0.00455284	0.0134993	0.113748	7.4E-01	0.491928	4.8E-01
rs72846967	5	171849098	1.88961	A	G	0.706231	0.999429	2.0327	1.5E-01	-0.00886036	0.00609129	2.11585	1.5E-01	2.8038	9.4E-02
rs2053681	5	172746086	1.91113	A	G	0.485601	0.912476	0.888213	3.5E-01	0.00578349	0.00582262	0.986602	3.2E-01	0.370547	5.4E-01
rs201058	6	6726017	0.180973	A	G	0.438993	0.99583	0.186571	6.7E-01	0.00181195	0.00559376	0.104926	7.5E-01	0.0156939	9.0E-01
rs2326776	6	6761881	0.18302	G	A	0.790616	0.988382	3.35645	6.7E-02	-0.0112808	0.00685369	2.70912	1.0E-01	2.69324	1.0E-01
rs7751325	6	7209132	0.195952	C	T	0.550375	0.99847	2.83912	9.2E-02	-0.00780078	0.00558464	1.95113	1.6E-01	3.30635	6.9E-02
rs17584626	6	20560435	0.409936	A	T	0.687051	0.984667	0.715255	4.0E-01	-0.00424613	0.00602372	0.496888	4.8E-01	0.566223	4.5E-01
rs114376405	6	30770701	0.507083	G	A	0.988554	0.994696	3.44062	6.4E-02	0.0436696	0.0261511	2.78855	9.5E-02	3.29695	6.9E-02
rs3094225	6	31113052	0.510178	G	A	0.26968	0.999821	0.0770388	7.8E-01	-0.00128534	0.00626121	0.0421424	8.4E-01	0.0261733	8.7E-01
rs9267989	6	32219320	0.51869	G	T	0.79171	0.999726	1.94211	1.6E-01	-0.0105381	0.00681005	2.39455	1.2E-01	2.45521	1.2E-01
rs181133225	6	32454764	0.520293	T	C	0.893444	0.778953	0.735884	3.9E-01	-0.00726233	0.0101275	0.514222	4.7E-01	0.658816	4.2E-01
rs117108573	6	32489679	0.520303	C	T	0.921405	0.866866	1.80699	1.8E-01	-0.0141815	0.0110063	1.66019	2.0E-01	1.56626	2.1E-01
rs142779375	6	34165351	0.545713	T	G	0.952718	0.997081	7.57731	5.9E-03	0.0328444	0.0130693	6.31568	1.2E-02	7.63553	5.7E-03
rs1574430	6	43269029	0.669727	A	C	0.391321	0.999399	0.24127	6.2E-01	0.0024208	0.00568398	0.181389	6.7E-01	0.150782	7.0E-01
rs9381248	6	43734606	0.675407	C	T	0.87836	0.993046	1.04391	3.1E-01	-0.00913355	0.00852183	1.14872	2.8E-01	0.589934	4.4E-01
rs35349911	6	43785255	0.678849	C	T	0.409597	0.97009	0.00373206	9.5E-01	-0.000971286	0.00573826	0.0286506	8.7E-01	0.00219955	9.6E-01
rs10452561	6	80805796	0.920872	T	C	0.874288	0.991795	0.000163463	9.9E-01	-0.000318162	0.00837794	0.00144219	9.7E-01	0.121759	7.3E-01
rs1902066	6	81346033	0.922431	T	C	0.437575	0.991679	0.0762125	7.8E-01	-0.00184192	0.00561892	0.107457	7.4E-01	0.420845	5.2E-01
rs6924944	6	100597579	1.0811	A	T	0.245827	0.981159	1.02091	3.1E-01	0.005785	0.00652089	0.787032	3.7E-01	1.20935	2.7E-01
rs72969772	6	126187585	1.32503	A	G	0.980332	1	0.0973168	7.6E-01	0.00969082	0.0200373	0.233907	6.3E-01	0.403198	5.3E-01
rs9986505	6	126445558	1.32603	A	G	0.6761	0.991308	0.499863	4.8E-01	-0.005981	0.00595263	1.00956	3.2E-01	0.758485	3.8E-01
rs74949497	6	126812007	1.32699	A	C	0.97518	1	11.1025	8.6E-04	-0.0625794	0.0179345	12.1754	4.8E-04	9.36814	2.2E-03
rs9389689	6	139813632	1.50282	G	C	0.504922	0.997811	2.87353	9.0E-02	-0.00973678	0.00553981	3.08917	7.9E-02	2.19153	1.4E-01
rs851978	6	152029556	1.64243	G	T	0.726311	0.996212	0.571237	4.5E-01	0.00469909	0.00624224	0.566691	4.5E-01	0.360289	5.5E-01
rs411154	6	160729347	1.77422	G	T	0.484807	0.999958	0.768131	3.8E-01	0.00477047	0.00555579	0.737278	3.9E-01	0.535623	4.6E-01
rs6952546	7	988009	0.010567	G	A	0.847713	0.990161	36.3264	1.7E-09	-0.0443952	0.00776389	32.6974	1.1E-08	31.7803	1.7E-08
rs960589	7	25823647	0.43812	A	C	0.837349	0.976235	0.214456	6.4E-01	0.0046359	0.00758549	0.373509	5.4E-01	0.237765	6.3E-01
rs12671127	7	26309246	0.44373	C	T	0.633613	0.988487	0.981741	3.2E-01	0.00618035	0.00577513	1.14526	2.8E-01	1.36258	2.4E-01
rs2189239	7	27237453	0.453427	C	T	0.917096	0.977954	0.607789	4.4E-01	-0.00754918	0.010186	0.549283	4.6E-01	0.300149	5.8E-01
rs13223303	7	42692711	0.680137	T	C	0.70789	0.997675	2.1647	1.4E-01	0.0090293	0.00609946	2.19142	1.4E-01	2.00424	1.6E-01
rs35290475	7	72829437	0.898614	T	G	0.945941	0.861633	32.2624	1.3E-08	0.0721517	0.0132209	29.7833	4.8E-08	32.3694	1.3E-08
rs72649044	7	73029207	0.899737	C	T	0.966833	0.988652	0.0666317	8.0E-01	0.00361676	0.0155271	0.0542575	8.2E-01	0.0464607	8.3E-01
rs2470945	7	104585760	1.19835	C	A	0.596387	0.999188	1.68602	1.9E-01	0.00707889	0.00562508	1.5837	2.1E-01	2.03593	1.5E-01
rs4313084	7	114586903	1.30546	C	T	0.0829266	0.999308	5.10457	2.4E-02	0.0245976	0.010051	5.98919	1.4E-02	5.99351	1.4E-02
rs12154627	7	130422934	1.4017	T	C	0.506907	0.97487	3.86275	4.9E-02	0.0098574	0.00560617	3.09166	7.9E-02	3.3844	6.6E-02
rs11787217	8	11505735	0.278925	C	T	0.817367	0.967742	31.29	2.2E-08	-0.040122	0.00727198	30.441	3.4E-08	28.4499	9.6E-08
rs13266992	8	18239697	0.434935	T	C	0.81975	0.992408	33.6973	6.4E-09	-0.0420491	0.00722573	33.8649	5.9E-09	38.8098	4.7E-10
rs75218485	8	19777695	0.472089	C	T	0.976466	1	31.2602	2.3E-08	0.0997732	0.0182257	29.9681	4.4E-08	29.6299	5.2E-08
rs7844736	8	23551671	0.545238	A	G	0.828827	1	3.02893	8.2E-02	0.0112208	0.00737284	2.31623	1.3E-01	1.42772	2.3E-01
rs7815496	8	38321607	0.69461	C	T	0.597431	0.996532	0.0666905	8.0E-01	0.00136605	0.00565022	0.0584524	8.1E-01	0.0372792	8.5E-01
rs10093418	8	72392687	0.950051	A	G	0.892444	0.978176	0.305557	5.8E-01	-0.00774686	0.00898766	0.742948	3.9E-01	0.359538	5.5E-01
rs11778934	8	116551405	1.31515	C	G	0.462648	0.996114	29.4173	5.8E-08	-0.0305764	0.00559277	29.8894	4.6E-08	27.7179	1.4E-07
rs144435165	8	126419938	1.45107	G	C	0.944194	0.785853	6.11325	1.3E-02	-0.0332177	0.0136048	5.96147	1.5E-02	5.50758	1.9E-02
rs283727	8	128313360	1.48991	G	A	0.465104	0.977161	1.46102	2.3E-01	-0.00712621	0.00563794	1.59763	2.1E-01	1.68705	1.9E-01
rs7007949	8	144239660	1.76347	G	A	0.559463	0.973135	27.9168	1.3E-07	0.0311553	0.00563838	30.5319	3.3E-08	28.0725	1.2E-07
rs638485	9	15283446	0.337431	A	G	0.260639	0.996629	31.4975	2.0E-08	-0.035137	0.00634456	30.671	3.1E-08	31.3935	2.1E-08
rs2131919	9	95283887	1.12689	A	G	0.83667	0.999136	0.0624345	8.0E-01	0.00111981	0.00752599	0.0221391	8.8E-01	0.34794	5.6E-01
rs2398893	9	96758342	1.14182	A	G	0.725421	0.999804	0.48253	4.9E-01	-0.00367599	0.00622604	0.348599	5.5E-01	0.337376	5.6E-01
rs2066716	9	107568705	1.2385	C	T	0.917412	0.989079	40.5864	1.9E-10	-0.0639071	0.0101473	39.6641	3.0E-10	38.9369	4.4E-10
rs4743764	9	107629104	1.24193	T	C	0.603831	0.957686	54.1333	1.9E-13	0.042658	0.00580307	54.0362	2.0E-13	58.9764	1.6E-14
rs3905001	9	107668064	1.24346	G	C	0.70811	0.97055	74.3065	6.7E-18	-0.0522795	0.00620518	70.983	3.6E-17	69.9123	6.2E-17
rs7096078	10	3560644	0.0740604	C	T	0.425467	0.981688	0.393128	5.3E-01	-0.00292711	0.00565276	0.268137	6.0E-01	0.100606	7.5E-01
rs2907794	10	32391109	0.603202	G	A	0.758285	0.99713	0.327224	5.7E-01	-0.00388259	0.00647534	0.359516	5.5E-01	0.73288	3.9E-01
rs2247486	10	33489594	0.609463	A	G	0.603119	0.998525	1.63933	2.0E-01	0.00696289	0.005652	1.51766	2.2E-01	2.30441	1.3E-01
rs12247163	10	45931478	0.680359	G	A	0.810923	0.993046	30.2697	3.8E-08	-0.0395533	0.00710836	30.9619	2.6E-08	30.0826	4.1E-08
rs12243209	10	63783406	0.859343	T	C	0.963634	0.99691	1.54827e-05	1.0E+00	-0.00481739	0.0148629	0.105054	7.5E-01	0.0362525	8.5E-01
rs10995041	10	63867523	0.860298	A	C	0.754056	0.97671	3.81019	5.1E-02	-0.0116978	0.00653016	3.20895	7.3E-02	2.36408	1.2E-01
rs7089698	10	65384567	0.871611	A	G	0.465243	0.998398	2.28659	1.3E-01	-0.00507903	0.00557608	0.829666	3.6E-01	0.635659	4.3E-01
rs703985	10	80940740	1.06575	A	T	0.590861	0.992524	0.390488	5.3E-01	-0.00363282	0.00566393	0.41139	5.2E-01	0.563478	4.5E-01
rs11202614	10	89755643	1.15952	C	T	0.838039	0.997476	0.345423	5.6E-01	-0.00556951	0.00755775	0.543062	4.6E-01	0.835523	3.6E-01
rs10882028	10	93943900	1.2086	C	T	0.408953	0.999201	0.051388	8.2E-01	-0.00210324	0.00562325	0.139895	7.1E-01	0.724676	3.9E-01
rs7917772	10	104487443	1.30576	G	A	0.367969	1	1.16822	2.8E-01	-0.00680789	0.00573881	1.40728	2.4E-01	2.20503	1.4E-01
rs11596249	10	122812361	1.5266	T	G	0.911116	0.993945	2.87829	9.0E-02	0.0176276	0.00976444	3.25905	7.1E-02	2.50168	1.1E-01
rs10788149	10	122967170	1.52881	G	A	0.320548	1	0.930904	3.3E-01	0.00567146	0.00595662	0.906546	3.4E-01	0.514723	4.7E-01
rs140201358	11	823586	0.0109832	C	G	0.986248	1	4.12406	4.2E-02	-0.0489999	0.0238127	4.23422	4.0E-02	5.50794	1.9E-02
rs7932891	11	10921512	0.210707	A	G	0.294517	0.99931	0.626505	4.3E-01	0.00400151	0.00607758	0.433497	5.1E-01	0.560798	4.5E-01
rs11029441	11	26279145	0.452845	T	C	0.920415	0.988421	0.368217	5.4E-01	-0.00255072	0.0103033	0.0612875	8.0E-01	0.252456	6.2E-01
rs12786130	11	27505954	0.464069	C	T	0.238291	0.989196	0.347878	5.6E-01	-0.00461894	0.00653961	0.498862	4.8E-01	0.113273	7.4E-01
rs56386213	11	36291554	0.562467	A	G	0.595018	1	1.36635	2.4E-01	-0.00461582	0.00561602	0.675523	4.1E-01	0.806281	3.7E-01
rs2509963	11	62192931	0.710202	T	C	0.257705	0.993079	4.21819	4.0E-02	-0.0135544	0.00632337	4.59475	3.2E-02	5.48987	1.9E-02
rs11231137	11	62315699	0.714502	G	A	0.701274	0.997506	0.0174267	8.9E-01	0.00158864	0.00605896	0.0687476	7.9E-01	0.0540567	8.2E-01
rs666194	11	65159382	0.737661	T	C	0.357112	0.971346	0.194701	6.6E-01	0.00373517	0.00586687	0.405329	5.2E-01	0.29628	5.9E-01
rs61881114	11	68996697	0.758653	C	T	0.848445	0.991928	1.43418	2.3E-01	-0.00697735	0.00774144	0.81234	3.7E-01	0.310724	5.8E-01
rs12362685	11	111478720	1.18727	A	T	0.621328	0.997217	0.365491	5.5E-01	0.00495389	0.0057257	0.748575	3.9E-01	0.742054	3.9E-01
rs513533	11	116519358	1.25951	A	G	0.895505	0.969744	38.8006	4.7E-10	-0.0582887	0.00918474	40.275	2.2E-10	39.6862	3.0E-10
rs180376	11	116590039	1.26031	G	C	0.537273	0.996325	46.2327	1.1E-11	0.0388637	0.00556692	48.7368	2.9E-12	54.8887	1.3E-13
rs632153	11	116710239	1.26134	G	T	0.986009	0.987222	31.707	1.8E-08	-0.134259	0.0237686	31.9064	1.6E-08	34.3938	4.5E-09
rs747249	11	130271647	1.49781	A	G	0.360849	0.986641	3.87626	4.9E-02	-0.0108746	0.00581681	3.4951	6.2E-02	1.94672	1.6E-01
rs10771260	12	26253557	0.45721	A	C	0.608183	0.995844	0.85239	3.6E-01	0.00406438	0.00570501	0.507547	4.8E-01	0.163162	6.9E-01
rs16915737	12	26403614	0.459048	C	T	0.928538	0.993226	2.67621	1.0E-01	-0.0137886	0.0107709	1.63884	2.0E-01	1.7403	1.9E-01
rs7310959	12	45968598	0.59006	G	A	0.897555	1	1.7401	1.9E-01	-0.0139203	0.00916321	2.30782	1.3E-01	2.44944	1.2E-01
rs75824359	12	54320490	0.68262	A	G	0.970266	0.973341	0.186155	6.7E-01	0.00958778	0.0165412	0.335971	5.6E-01	0.657401	4.2E-01
rs7961915	12	66425288	0.795219	A	G	0.213926	0.943584	1.03971	3.1E-01	0.00715194	0.00694873	1.05934	3.0E-01	1.24194	2.7E-01
rs704067	12	89726027	1.03172	G	A	0.545146	0.989595	1.77619	1.8E-01	-0.0091387	0.00561475	2.64916	1.0E-01	2.21067	1.4E-01
rs1814852	12	103422206	1.20882	C	A	0.615659	0.979574	37.1687	1.1E-09	0.0332331	0.00576003	33.2883	7.9E-09	29.7482	4.9E-08
rs6606712	12	109851486	1.29234	A	G	0.574124	0.989418	29.2087	6.5E-08	-0.0309073	0.00563075	30.1295	4.0E-08	30.0913	4.1E-08
rs2649999	12	121380544	1.45376	T	C	0.330394	0.973048	32.9971	9.2E-09	0.03463	0.00598717	33.455	7.3E-09	32.2647	1.3E-08
rs1169809	12	121688026	1.45624	G	A	0.700971	0.994402	6.20166	1.3E-02	-0.0152249	0.00606939	6.29246	1.2E-02	6.17004	1.3E-02
rs34149579	12	123345509	1.47026	G	T	0.947363	1	0.0134223	9.1E-01	-0.00311442	0.0124142	0.0629389	8.0E-01	0.0167708	9.0E-01
rs1045411	13	31033232	0.263482	C	T	0.7313	0.996942	0.164168	6.9E-01	0.00169402	0.0062779	0.0728129	7.9E-01	0.0126697	9.1E-01
rs10507524	13	44684600	0.468128	T	C	0.907237	0.994143	0.0180471	8.9E-01	-0.0010533	0.00961695	0.0119958	9.1E-01	0.188106	6.6E-01
rs7334326	13	50967732	0.53896	G	C	0.858576	0.996316	0.935517	3.3E-01	-0.0085442	0.00796386	1.15106	2.8E-01	1.49957	2.2E-01
rs8012185	14	58668484	0.537795	A	G	0.723155	0.991197	4.50291	3.4E-02	-0.011969	0.00621242	3.71186	5.4E-02	4.37226	3.7E-02
rs1286138	14	91485445	0.882014	T	G	0.326286	0.996304	0.932156	3.3E-01	0.0045367	0.00591476	0.588309	4.4E-01	1.02477	3.1E-01
rs2124307	14	98344662	1.02722	T	C	0.377663	0.998341	0.0289426	8.6E-01	-0.000200609	0.00573071	0.00122541	9.7E-01	0.075841	7.8E-01
rs7402977	15	31726824	0.452929	G	A	0.733334	0.984393	0.140486	7.1E-01	0.00267362	0.00629549	0.180361	6.7E-01	0.158737	6.9E-01
rs12437696	15	40878474	0.62928	A	G	0.51447	0.998802	6.68869	9.7E-03	-0.0139419	0.00554595	6.31965	1.2E-02	6.22609	1.3E-02
rs11630710	15	56364758	0.756318	G	T	0.893172	0.979091	0.380659	5.4E-01	-0.00536539	0.00906764	0.350118	5.5E-01	0.635728	4.3E-01
rs2464467	15	58362438	0.778718	C	T	0.418595	0.989134	31.9947	1.5E-08	0.0325365	0.00563086	33.3882	7.5E-09	34.8714	3.5E-09
rs17240566	15	58448287	0.780403	G	A	0.418026	0.980683	55.035	1.2E-13	0.042627	0.00565468	56.8268	4.8E-14	59.1155	1.5E-14
rs2414569	15	58575660	0.78198	A	C	0.637813	0.900927	29.253	6.4E-08	0.033242	0.00604611	30.2288	3.8E-08	30.0054	4.3E-08
rs762551	15	75041917	1.00314	C	A	0.274028	1	0.000701706	9.8E-01	-0.000464449	0.00619125	0.00562755	9.4E-01	0.00158213	9.7E-01
rs2401948	16	1340854	0.0338191	G	C	0.470436	0.984992	2.64735	1.0E-01	-0.00835969	0.00559552	2.23203	1.4E-01	2.55421	1.1E-01
rs3747577	16	4415696	0.082586	C	G	0.259467	0.988145	0.0484758	8.3E-01	0.00304014	0.00636792	0.227924	6.3E-01	0.119007	7.3E-01
rs12918743	16	11624245	0.272102	G	A	0.537734	0.991971	0.467555	4.9E-01	-0.00433663	0.00557672	0.60471	4.4E-01	0.192559	6.6E-01
rs4787456	16	28559573	0.542371	C	T	0.634142	0.996921	0.0495565	8.2E-01	0.0021055	0.00572949	0.135045	7.1E-01	0.0760722	7.8E-01
rs10083738	16	29927702	0.553162	G	A	0.45121	0.999839	0.00548249	9.4E-01	-0.000326391	0.0055794	0.00342216	9.5E-01	0.00448206	9.5E-01
rs16952242	16	53474250	0.64336	G	A	0.697908	0.997944	0.388213	5.3E-01	-0.00287416	0.00605165	0.225566	6.3E-01	0.0182628	8.9E-01
rs9937053	16	53799507	0.64597	G	A	0.577195	0.999601	0.0228934	8.8E-01	0.00234918	0.00562059	0.174691	6.8E-01	0.226813	6.3E-01
rs11866219	16	69549749	0.858341	A	C	0.415066	0.975783	0.0869978	7.7E-01	-0.000824343	0.0057063	0.0208693	8.9E-01	0.0151218	9.0E-01
rs2550733	16	81449060	1.04439	A	G	0.430492	1	0.292511	5.9E-01	0.00359094	0.00561334	0.409237	5.2E-01	0.77569	3.8E-01
rs2927333	16	81509279	1.0455	A	G	0.679395	0.985143	0.361345	5.5E-01	0.00244152	0.00600489	0.165314	6.8E-01	0.035909	8.5E-01
rs727428	17	7537792	0.196849	T	C	0.44291	1	2.58784	1.1E-01	-0.00784887	0.00557131	1.98472	1.6E-01	2.07286	1.5E-01
rs8075019	17	17455192	0.444844	G	A	0.875691	0.988404	1.24261	2.6E-01	0.00842011	0.00843875	0.995585	3.2E-01	1.05694	3.0E-01
rs16942379	17	21259827	0.471679	C	T	0.508165	0.995529	0.00302046	9.6E-01	0.000689905	0.00556334	0.0153783	9.0E-01	0.00462693	9.5E-01
rs11651639	17	27672320	0.49569	A	T	0.483934	0.999433	0.147301	7.0E-01	0.00356756	0.00554694	0.413652	5.2E-01	0.368821	5.4E-01
rs2306593	17	34866546	0.59517	C	T	0.509195	0.996584	0.0660119	8.0E-01	-0.00109597	0.00555515	0.0389231	8.4E-01	0.17165	6.8E-01
rs55883500	17	40395267	0.664304	T	G	0.691334	0.998762	1.227	2.7E-01	-0.00799652	0.00600167	1.77524	1.8E-01	1.36918	2.4E-01
rs56328224	17	43572419	0.687192	C	T	0.774992	0.995527	5.85448	1.6E-02	0.0181597	0.00667582	7.39955	6.5E-03	7.47208	6.3E-03
rs11871767	17	61698723	0.887174	A	G	0.724045	0.995857	5.30004	2.1E-02	-0.0128767	0.00622701	4.27608	3.9E-02	5.39125	2.0E-02
rs7225826	17	67574721	0.971804	C	T	0.325119	0.997806	0.00199818	9.6E-01	-0.000318344	0.00591814	0.0028935	9.6E-01	0.0388786	8.4E-01
rs312757	17	68347701	0.983463	C	G	0.322951	0.991143	0.62965	4.3E-01	0.00513139	0.00595346	0.742901	3.9E-01	1.31575	2.5E-01
rs3810068	18	2846499	0.0738566	T	C	0.595452	1	4.2785	3.9E-02	0.00864249	0.00563472	2.35252	1.3E-01	1.48483	2.2E-01
rs4890429	18	40697481	0.611694	T	C	0.738773	0.995191	0.000140956	9.9E-01	0.00021287	0.00633579	0.00112882	9.7E-01	0.00868637	9.3E-01
rs357900	18	46585235	0.687097	T	A	0.110184	0.998906	7.91297	4.9E-03	-0.0212244	0.00884442	5.75878	1.6E-02	6.42894	1.1E-02
rs3897645	18	57728947	0.82135	T	C	0.443585	1	3.26787	7.1E-02	-0.00892537	0.00560682	2.53407	1.1E-01	1.79868	1.8E-01
rs2331933	18	57955945	0.822668	T	G	0.652214	0.979252	1.61138	2.0E-01	0.00645613	0.00589772	1.19833	2.7E-01	1.70799	1.9E-01
rs12979965	19	2131148	0.0753026	A	G	0.499935	0.991113	2.69311	1.0E-01	-0.00775738	0.00556424	1.94365	1.6E-01	1.09146	3.0E-01
rs2240702	19	4159873	0.144523	A	G	0.883396	0.986669	0.0631435	8.0E-01	-0.00424084	0.00866645	0.239454	6.2E-01	0.102662	7.5E-01
rs1799815	19	7125519	0.224812	G	A	0.932212	1	0.0240056	8.8E-01	0.00136158	0.011004	0.0153104	9.0E-01	0.0307541	8.6E-01
rs35555265	19	17152232	0.420672	C	T	0.803227	0.993265	1.47748	2.2E-01	0.00930348	0.00698564	1.77369	1.8E-01	1.16726	2.8E-01
rs72999466	19	18248499	0.447893	C	T	0.742123	0.99893	11.3989	7.3E-04	0.0199086	0.0063352	9.8755	1.7E-03	11.4444	7.2E-04
rs1423056	19	33780444	0.560699	G	A	0.681795	0.903762	0.0144519	9.0E-01	0.000435841	0.00627027	0.00483153	9.4E-01	0.00485463	9.4E-01
rs113504807	19	33787954	0.561506	C	T	0.951238	0.934153	1.43791	2.3E-01	-0.0177204	0.0132923	1.77724	1.8E-01	1.42384	2.3E-01
rs544964	19	37409561	0.616104	A	G	0.417229	0.998743	0.765346	3.8E-01	0.00488709	0.00563445	0.75231	3.9E-01	0.524848	4.7E-01
rs62119261	19	45122043	0.697479	A	C	0.953817	1	35.0389	3.2E-09	-0.0791874	0.0131846	36.0725	1.9E-09	37.0971	1.1E-09
rs11672660	19	46180184	0.718742	C	T	0.805452	0.999681	7.37202	6.6E-03	-0.017122	0.00699804	5.98624	1.4E-02	6.42277	1.1E-02
rs35068131	19	55983854	0.996203	T	C	0.534309	0.942965	0.302443	5.8E-01	0.00439111	0.00571958	0.589415	4.4E-01	0.526445	4.7E-01
rs151235402	20	569164	0.0196907	C	T	0.984757	0.956324	1.02063	3.1E-01	-0.0166496	0.0232752	0.511705	4.7E-01	0.557273	4.6E-01
rs805769	20	5667459	0.191037	T	C	0.595306	0.99253	1.06569	3.0E-01	0.00615548	0.00567122	1.17807	2.8E-01	0.59622	4.4E-01
rs2207132	20	39142516	0.589709	G	A	0.966685	1	5.29216	2.1E-02	-0.0271144	0.0154448	3.08202	7.9E-02	4.09825	4.3E-02
rs3091552	20	45440006	0.689385	C	G	0.264162	0.950692	0.763766	3.8E-01	0.00564248	0.00643846	0.768026	3.8E-01	0.477688	4.9E-01
rs1999536	20	45581777	0.691337	G	C	0.430706	0.994672	0.558277	4.5E-01	0.00307965	0.00561072	0.301276	5.8E-01	0.511869	4.7E-01
rs1206829	20	45762552	0.696622	A	G	0.446378	0.998025	0.551708	4.6E-01	0.00370204	0.00557648	0.44072	5.1E-01	0.332593	5.6E-01
rs6063779	20	50964151	0.79129	A	G	0.716728	0.997749	0.0452157	8.3E-01	-0.00229913	0.00615713	0.139434	7.1E-01	0.0409833	8.4E-01
rs28710106	20	51712678	0.801721	C	T	0.889914	0.997611	0.0551453	8.1E-01	-0.00465299	0.00888119	0.274487	6.0E-01	0.132574	7.2E-01
rs6090040	20	62692060	1.09656	A	C	0.479429	0.988701	3.55055	6.0E-02	0.00947795	0.00558028	2.88481	8.9E-02	2.04897	1.5E-01
rs66836452	21	33058743	0.322744	C	T	0.898206	0.995819	4.02157	4.5E-02	-0.0175985	0.00919602	3.66228	5.6E-02	4.5649	3.3E-02
rs2836139	21	39451403	0.432375	A	G	0.514897	0.9942	2.42329	1.2E-01	-0.00901664	0.00558805	2.60357	1.1E-01	2.89769	8.9E-02
rs9625551	22	29140529	0.338663	G	A	0.979191	0.995212	3.97772	4.6E-02	0.0391832	0.0194085	4.07582	4.4E-02	4.55368	3.3E-02
