SNP	CHR	BP	GENPOS	ALLELE1	ALLELE0	A1FREQ	INFO	CHISQ_LINREG	P_LINREG	BETA	SE	CHISQ_BOLT_LMM_INF	P_BOLT_LMM_INF	CHISQ_BOLT_LMM	P_BOLT_LMM
rs1294014	1	9325676	0.18921	C	T	0.732088	0.974098	1.94097	1.6E-01	-0.0103309	0.00644908	2.56613	1.1E-01	2.91766	8.8E-02
rs1294014	1	9325676	0.18921	C	T	0.732088	0.974098	1.94097	1.6E-01	-0.0103309	0.00644908	2.56613	1.1E-01	2.91766	8.8E-02
rs10753554	1	23619009	0.461644	T	C	0.260317	0.989627	4.8403	2.8E-02	-0.0141161	0.00644288	4.80034	2.8E-02	4.41053	3.6E-02
rs72663503	1	39969059	0.670152	C	T	0.771573	0.996098	7.42361	6.4E-03	0.0197894	0.0067031	8.71589	3.2E-03	9.58383	2.0E-03
rs657452	1	49589847	0.760469	A	G	0.390779	0.988645	0.12237	7.3E-01	0.00284603	0.00577109	0.2432	6.2E-01	0.0274126	8.7E-01
rs9436299	1	65892888	0.967508	C	A	0.325082	0.970882	2.59744	1.1E-01	0.0100482	0.00609687	2.71621	9.9E-02	3.0129	8.3E-02
rs1526480	1	91209986	1.21385	T	C	0.625038	1	1.78157	1.8E-01	-0.00769107	0.00582832	1.74135	1.9E-01	1.59653	2.1E-01
rs4375301	1	98298371	1.27828	A	G	0.767662	0.993807	0.749102	3.9E-01	0.00582345	0.00669243	0.757169	3.8E-01	0.925457	3.4E-01
rs3108680	1	107572997	1.35724	T	C	0.652386	0.999501	6.08339	1.4E-02	-0.0153942	0.00594376	6.70802	9.6E-03	4.7467	2.9E-02
rs4970824	1	109715950	1.38587	G	A	0.928233	0.973386	41.4346	1.2E-10	0.0722302	0.011044	42.7742	6.1E-11	43.5404	4.2E-11
rs2076586	1	112273026	1.42823	C	T	0.753838	0.980886	7.43477	6.4E-03	-0.0186289	0.00659957	7.96787	4.8E-03	8.20962	4.2E-03
rs115499511	1	119322589	1.50902	T	C	0.963678	0.975965	0.00650018	9.4E-01	0.000660362	0.015194	0.00188894	9.7E-01	0.00268477	9.6E-01
rs114056923	1	154868744	1.69777	T	C	0.966966	1	0.407948	5.2E-01	-0.0117908	0.0157943	0.557294	4.6E-01	0.581842	4.5E-01
rs17345893	1	170171874	1.91645	C	T	0.933651	0.998406	4.77697	2.9E-02	0.0234996	0.0113015	4.32364	3.8E-02	3.99908	4.6E-02
rs1953096	1	170318770	1.91758	G	A	0.762782	0.999479	0.161437	6.9E-01	0.00268355	0.0066362	0.163523	6.9E-01	0.00697948	9.3E-01
rs6697844	1	172308238	1.93873	C	T	0.56798	0.996349	0.951716	3.3E-01	-0.00577606	0.00566232	1.04058	3.1E-01	0.998932	3.2E-01
rs633715	1	177852580	1.98813	T	C	0.789275	1	5.74874	1.7E-02	0.0158331	0.00690994	5.25029	2.2E-02	5.02046	2.5E-02
rs11807331	1	196427811	2.14315	T	C	0.684298	0.996378	0.243416	6.2E-01	0.00292524	0.00605387	0.233484	6.3E-01	0.213756	6.4E-01
rs11240351	1	205044339	2.25371	A	G	0.594795	0.998205	0.000350122	9.9E-01	-0.000402393	0.00572878	0.00493376	9.4E-01	0.0024517	9.6E-01
rs61823192	1	219294570	2.43535	C	T	0.971468	0.90297	0.044831	8.3E-01	0.00190838	0.017758	0.0115489	9.1E-01	0.0289919	8.6E-01
rs77278027	1	219392230	2.43543	C	T	0.93823	0.976746	0.643499	4.2E-01	-0.00999324	0.0118243	0.714269	4.0E-01	0.271086	6.0E-01
rs6683741	1	219786717	2.43742	T	G	0.861853	0.991403	0.112819	7.4E-01	-0.00290187	0.00817071	0.126135	7.2E-01	0.00315681	9.6E-01
rs661955	1	234842856	2.62186	G	C	0.481801	0.978806	33.9653	5.6E-09	-0.032695	0.0056841	33.0856	8.8E-09	35.0138	3.3E-09
rs62106252	2	408713	0.00503892	G	A	0.950832	0.955734	2.69833	1.0E-01	-0.0203171	0.0132785	2.34112	1.3E-01	1.77274	1.8E-01
rs2867105	2	601905	0.00766081	T	G	0.178655	0.986439	2.16096e-05	1.0E+00	-0.00104362	0.00739879	0.0198959	8.9E-01	0.000125499	9.9E-01
rs711869	2	13073967	0.297329	G	A	0.443249	0.983109	0.0538106	8.2E-01	-0.000713465	0.00571136	0.0156051	9.0E-01	0.0121396	9.1E-01
rs144545816	2	21413077	0.420543	G	A	0.71544	0.993104	71.77	2.4E-17	-0.0534534	0.0062616	72.8753	1.4E-17	78.9902	6.2E-19
rs7933	2	43452183	0.682402	A	G	0.634849	0.981779	2.09687	1.5E-01	-0.00819844	0.00588931	1.93791	1.6E-01	1.70602	1.9E-01
rs56266464	2	44054991	0.686489	G	A	0.939556	0.986548	64.8635	8.0E-16	0.0982883	0.0119022	68.195	1.5E-16	68.5943	1.2E-16
rs36072157	2	48953740	0.765134	G	C	0.658175	0.956087	0.713115	4.0E-01	-0.00536721	0.00605628	0.785388	3.8E-01	1.00214	3.2E-01
rs6546196	2	66144496	0.916561	G	A	0.525101	0.993792	0.15099	7.0E-01	0.00198533	0.00565993	0.123039	7.3E-01	0.189241	6.6E-01
rs4316926	2	66749108	0.924328	G	A	0.396567	0.99766	5.09278	2.4E-02	0.0129035	0.005759	5.02016	2.5E-02	6.91051	8.6E-03
rs2170702	2	67571130	0.937008	T	C	0.545622	0.996677	0.524701	4.7E-01	0.00463625	0.00568094	0.666029	4.1E-01	0.652003	4.2E-01
rs12712049	2	100208830	1.21955	A	G	0.176674	0.985519	1.56831	2.1E-01	-0.0102188	0.00741805	1.89768	1.7E-01	1.32157	2.5E-01
rs72946301	2	111861838	1.33125	G	A	0.903863	0.964859	1.64654	2.0E-01	-0.014189	0.0097208	2.13058	1.4E-01	1.56987	2.1E-01
rs7593247	2	119337589	1.3956	C	T	0.503784	0.990163	0.37009	5.4E-01	0.00314763	0.00565128	0.310222	5.8E-01	0.436564	5.1E-01
rs114666647	2	158393301	1.76187	T	C	0.987759	1	2.80126	9.4E-02	-0.0427544	0.0256071	2.78767	9.5E-02	3.17908	7.5E-02
rs11899550	2	158451825	1.76314	C	T	0.92902	0.994523	1.93417	1.6E-01	0.0152007	0.0109558	1.92505	1.7E-01	1.73273	1.9E-01
rs62173895	2	165477903	1.81419	G	C	0.329951	0.997788	2.03162	1.5E-01	-0.00716591	0.0060124	1.42052	2.3E-01	1.44084	2.3E-01
rs3769872	2	165565548	1.81514	C	T	0.941933	0.997539	0.035178	8.5E-01	0.00313414	0.0120642	0.0674901	8.0E-01	0.0512293	8.2E-01
rs115283512	2	172379649	1.89769	C	T	0.817449	0.996247	0.0841846	7.7E-01	0.00158006	0.00730724	0.0467563	8.3E-01	0.109887	7.4E-01
rs62173497	2	187821910	2.04064	C	A	0.889372	0.96522	2.11356	1.5E-01	-0.0137755	0.00911541	2.28383	1.3E-01	2.89087	8.9E-02
rs1837121	2	216292331	2.28555	G	A	0.273406	0.99918	2.90957	8.8E-02	-0.0121573	0.006318	3.70266	5.4E-02	3.95912	4.7E-02
rs16857748	2	218382258	2.32414	C	T	0.903272	0.999764	0.438627	5.1E-01	0.00732546	0.00952684	0.591251	4.4E-01	0.378074	5.4E-01
rs16866785	2	226899056	2.44178	A	G	0.775296	0.992487	7.57583	5.9E-03	-0.0189679	0.0067666	7.85775	5.1E-03	6.96174	8.3E-03
rs305506	3	12026709	0.296805	G	T	0.113563	0.992655	0.982005	3.2E-01	0.00961475	0.00891319	1.16362	2.8E-01	1.4006	2.4E-01
rs114252958	3	12409938	0.29797	C	T	0.982978	0.956617	1.30004	2.5E-01	0.0220768	0.0223334	0.977161	3.2E-01	1.05936	3.0E-01
rs13086654	3	35532275	0.595296	G	A	0.863267	0.996625	0.00174619	9.7E-01	0.000864115	0.00817069	0.0111847	9.2E-01	0.0150539	9.0E-01
rs11926707	3	46925539	0.687568	T	C	0.379143	0.985514	0.0105994	9.2E-01	-0.000468491	0.00582649	0.00646529	9.4E-01	0.00666242	9.3E-01
rs614288	3	52220203	0.695484	T	C	0.466765	1	2.80163	9.4E-02	-0.00995794	0.00562738	3.13132	7.7E-02	3.31911	6.8E-02
rs11718560	3	64584862	0.868956	C	T	0.731847	0.985124	0.0436831	8.3E-01	-0.00118101	0.00639033	0.0341553	8.5E-01	0.0278575	8.7E-01
rs4688498	3	64674599	0.871028	C	T	0.669682	0.985151	4.42516	3.5E-02	-0.0124801	0.00602655	4.28841	3.8E-02	4.73078	3.0E-02
rs9872683	3	123155892	1.35844	A	C	0.408022	0.993775	1.90541	1.7E-01	-0.00777927	0.00573254	1.84155	1.7E-01	2.31208	1.3E-01
rs62265318	3	128752986	1.42297	G	A	0.965093	0.926921	0.00633373	9.4E-01	0.000709799	0.0159006	0.0019927	9.6E-01	0.02144	8.8E-01
rs143418767	3	129105690	1.42548	G	A	0.980767	0.944053	5.17376	2.3E-02	0.0482242	0.0211045	5.22129	2.2E-02	5.7815	1.6E-02
rs112551697	3	150018637	1.64271	G	A	0.96554	0.928479	0.374126	5.4E-01	0.0120948	0.0159545	0.574688	4.5E-01	0.393521	5.3E-01
rs7617389	3	156801088	1.71237	T	C	0.32586	0.969927	1.60686	2.0E-01	-0.0075785	0.00610744	1.53974	2.1E-01	2.21648	1.4E-01
rs998749	3	168972802	1.77947	A	G	0.517178	0.992407	3.03807	8.1E-02	-0.00791088	0.00563871	1.9683	1.6E-01	1.41332	2.3E-01
rs1499813	3	171760427	1.8208	T	C	0.587431	1	0.818709	3.7E-01	-0.00595361	0.00573955	1.07598	3.0E-01	1.17352	2.8E-01
rs11705729	3	185507299	2.01659	A	T	0.6869	0.999805	0.480413	4.9E-01	0.00373675	0.0060661	0.379464	5.4E-01	0.526579	4.7E-01
rs7697256	4	848335	0.00782825	C	T	0.727433	0.999147	0.0145728	9.0E-01	0.000262245	0.00631654	0.00172368	9.7E-01	0.135536	7.1E-01
rs7659144	4	3098321	0.0324978	C	G	0.656231	0.995037	0.0877693	7.7E-01	-0.0012504	0.00592114	0.044595	8.3E-01	0.000467199	9.8E-01
rs4450871	4	4990298	0.0879764	A	G	0.554775	1	0.340722	5.6E-01	0.00279949	0.00567065	0.24372	6.2E-01	0.305854	5.8E-01
rs1912897	4	26006133	0.455942	A	T	0.79303	0.98817	0.103658	7.5E-01	0.00175656	0.00698973	0.0631548	8.0E-01	0.00175199	9.7E-01
rs17644283	4	26308792	0.461396	A	G	0.370735	0.99507	0.541716	4.6E-01	-0.0042819	0.0058498	0.535786	4.6E-01	0.807382	3.7E-01
rs11133373	4	56215631	0.730194	C	G	0.682789	0.992346	0.749171	3.9E-01	-0.00590974	0.00607557	0.946155	3.3E-01	0.836195	3.6E-01
rs3775403	4	89615174	1.04851	T	C	0.869029	0.98982	0.0695702	7.9E-01	0.000189206	0.00838937	0.000508642	9.8E-01	0.0319966	8.6E-01
rs17014616	4	89736565	1.04925	A	T	0.931087	0.996962	0.0515637	8.2E-01	-0.00114514	0.0111188	0.0106073	9.2E-01	0.101602	7.5E-01
rs12647922	4	106063987	1.17944	C	T	0.794569	0.998343	1.0183	3.1E-01	-0.00686571	0.00696191	0.972555	3.2E-01	1.0646	3.0E-01
rs7655064	4	120106348	1.31331	T	C	0.875314	0.995692	2.78414	9.5E-02	0.0139479	0.00851959	2.6803	1.0E-01	2.74459	9.8E-02
rs11727676	4	145659064	1.53853	T	C	0.903374	1	0.0947754	7.6E-01	-0.00291958	0.00953983	0.0936615	7.6E-01	0.143405	7.0E-01
rs13178917	5	4007353	0.10142	C	T	0.551974	0.99437	0.647998	4.2E-01	-0.00371122	0.0056479	0.431776	5.1E-01	0.10848	7.4E-01
rs3792751	5	32773314	0.512212	C	T	0.626583	0.990118	0.00853289	9.3E-01	0.000239827	0.00583813	0.00168753	9.7E-01	0.178549	6.7E-01
rs17457629	5	38795199	0.597633	A	T	0.728239	0.988005	0.204854	6.5E-01	0.00370261	0.00635871	0.33906	5.6E-01	0.36273	5.5E-01
rs2448	5	53302354	0.644969	T	C	0.737842	0.999532	0.510658	4.7E-01	-0.00477414	0.00641032	0.554665	4.6E-01	0.482841	4.9E-01
rs1559215	5	54867827	0.667887	G	A	0.339397	0.996823	0.339599	5.6E-01	-0.00380672	0.00596052	0.407881	5.2E-01	0.467492	4.9E-01
rs11949724	5	55832217	0.681021	G	A	0.635455	1	0.326649	5.7E-01	0.00296439	0.00586386	0.255566	6.1E-01	0.180863	6.7E-01
rs1002473	5	56274077	0.686309	T	G	0.206197	0.999836	0.407068	5.2E-01	0.00466493	0.006975	0.447303	5.0E-01	0.74717	3.9E-01
rs34697	5	66298637	0.77068	A	G	0.432612	0.987874	0.155874	6.9E-01	-0.00201052	0.00572318	0.123407	7.3E-01	0.374364	5.4E-01
rs253407	5	74926778	0.860943	A	G	0.275724	1	40.9379	1.6E-10	0.0405899	0.00629943	41.5179	1.2E-10	44.2577	2.9E-11
rs6870983	5	87697533	1.01437	C	T	0.787184	0.995128	0.252707	6.2E-01	-0.00393023	0.00687648	0.326666	5.7E-01	0.34476	5.6E-01
rs27361	5	102548967	1.1092	G	A	0.700242	0.998319	1.1507	2.8E-01	0.00718019	0.00614724	1.3643	2.4E-01	1.85769	1.7E-01
rs34864074	5	112875535	1.20089	A	C	0.809873	0.995669	1.50354	2.2E-01	0.00929241	0.00721967	1.65662	2.0E-01	1.6449	2.0E-01
rs10519585	5	118676529	1.27446	T	C	0.712535	0.977148	0.980519	3.2E-01	-0.00551136	0.00627976	0.770251	3.8E-01	0.762017	3.8E-01
rs4705986	5	132349654	1.39065	T	G	0.937241	0.978165	0.0671489	8.0E-01	-0.00270999	0.0117366	0.0533155	8.2E-01	0.00387921	9.5E-01
rs33999	5	141973349	1.48937	C	G	0.612065	0.9834	0.0866558	7.7E-01	-0.00115429	0.00580869	0.0394884	8.4E-01	0.0521135	8.2E-01
rs10477191	5	142077715	1.49476	A	G	0.950886	0.911257	0.000831747	9.8E-01	-0.00280007	0.0136933	0.0418136	8.4E-01	0.00973654	9.2E-01
rs10062458	5	156367092	1.66277	T	C	0.34782	0.985353	33.945	5.7E-09	-0.0337067	0.00591768	32.4436	1.2E-08	33.574	6.9E-09
rs72846967	5	171849098	1.88961	A	G	0.706231	0.999429	1.31064	2.5E-01	-0.00736248	0.00617887	1.41981	2.3E-01	1.25037	2.6E-01
rs2053681	5	172746086	1.91113	A	G	0.485601	0.912476	0.0399399	8.4E-01	-0.00188913	0.00590634	0.102303	7.5E-01	0.195133	6.6E-01
rs201058	6	6726017	0.180973	A	G	0.438993	0.99583	0.0150366	9.0E-01	0.000905618	0.0056749	0.0254668	8.7E-01	0.0692721	7.9E-01
rs2326776	6	6761881	0.18302	G	A	0.790616	0.988382	0.986717	3.2E-01	-0.00724736	0.00695311	1.08643	3.0E-01	1.373	2.4E-01
rs7751325	6	7209132	0.195952	C	T	0.550375	0.99847	1.08186	3.0E-01	0.00589275	0.00566565	1.08177	3.0E-01	1.12845	2.9E-01
rs17584626	6	20560435	0.409936	A	T	0.687051	0.984667	1.631	2.0E-01	-0.00754148	0.0061111	1.52291	2.2E-01	2.16825	1.4E-01
rs55964643	6	26340872	0.494284	G	A	0.49645	0.936399	28.7955	8.0E-08	0.0318592	0.00577484	30.4362	3.5E-08	30.5324	3.3E-08
rs114376405	6	30770701	0.507083	G	A	0.988554	0.994696	3.46215	6.3E-02	-0.0510696	0.0265305	3.7054	5.4E-02	3.56806	5.9E-02
rs3094225	6	31113052	0.510178	G	A	0.26968	0.999821	0.813862	3.7E-01	-0.00618359	0.00635204	0.947665	3.3E-01	1.02419	3.1E-01
rs117108573	6	32489679	0.520303	C	T	0.921405	0.866866	0.903741	3.4E-01	0.00938144	0.011166	0.705901	4.0E-01	0.184378	6.7E-01
rs142779375	6	34165351	0.545713	T	G	0.952718	0.997081	0.220343	6.4E-01	-0.00718429	0.0132588	0.293601	5.9E-01	0.771664	3.8E-01
rs1574430	6	43269029	0.669727	A	C	0.391321	0.999399	1.64844	2.0E-01	0.00738039	0.00576643	1.63812	2.0E-01	1.61691	2.0E-01
rs9381248	6	43734606	0.675407	C	T	0.87836	0.993046	0.178235	6.7E-01	-0.00212531	0.00864544	0.0604322	8.1E-01	0.0343238	8.5E-01
rs35349911	6	43785255	0.678849	C	T	0.409597	0.97009	0.0921579	7.6E-01	-0.00189732	0.0058215	0.106221	7.4E-01	0.0455757	8.3E-01
rs10452561	6	80805796	0.920872	T	C	0.874288	0.991795	0.0211208	8.8E-01	0.0020257	0.00849947	0.0568025	8.1E-01	0.140085	7.1E-01
rs1902066	6	81346033	0.922431	T	C	0.437575	0.991679	0.0015683	9.7E-01	-0.000285684	0.00570043	0.00251164	9.6E-01	5.14337e-05	9.9E-01
rs6924944	6	100597579	1.0811	A	T	0.245827	0.981159	1.40139	2.4E-01	0.00806267	0.00661549	1.48537	2.2E-01	0.897188	3.4E-01
rs72969772	6	126187585	1.32503	A	G	0.980332	1	0.697679	4.0E-01	-0.0182658	0.0203279	0.807406	3.7E-01	0.325444	5.7E-01
rs9986505	6	126445558	1.32603	A	G	0.6761	0.991308	0.439741	5.1E-01	0.00386809	0.00603898	0.410267	5.2E-01	0.267673	6.0E-01
rs74949497	6	126812007	1.32699	A	C	0.97518	1	0.00380381	9.5E-01	-0.00127003	0.0181947	0.00487235	9.4E-01	1.36654e-06	1.0E+00
rs9389689	6	139813632	1.50282	G	C	0.504922	0.997811	0.428528	5.1E-01	-0.00398637	0.00562017	0.503103	4.8E-01	0.116715	7.3E-01
rs851978	6	152029556	1.64243	G	T	0.726311	0.996212	4.8468	2.8E-02	-0.0122758	0.00633279	3.75761	5.3E-02	4.83168	2.8E-02
rs998075	6	160468278	1.77084	A	G	0.53429	0.994008	37.0815	1.1E-09	0.0344266	0.00567189	36.8411	1.3E-09	37.1633	1.1E-09
rs118039278	6	160985526	1.7755	G	A	0.921465	0.991329	30.1375	4.0E-08	-0.0573573	0.0105083	29.7927	4.8E-08	33.4878	7.2E-09
rs960589	7	25823647	0.43812	A	C	0.837349	0.976235	0.228002	6.3E-01	0.00544757	0.00769699	0.500915	4.8E-01	0.736495	3.9E-01
rs12671127	7	26309246	0.44373	C	T	0.633613	0.988487	0.0601756	8.1E-01	-0.00115416	0.00586003	0.0387914	8.4E-01	0.1239	7.2E-01
rs2189239	7	27237453	0.453427	C	T	0.917096	0.977954	1.67882	2.0E-01	-0.0121003	0.0103357	1.3706	2.4E-01	1.43565	2.3E-01
rs13223303	7	42692711	0.680137	T	C	0.70789	0.997675	0.318353	5.7E-01	-0.00329555	0.00618912	0.283529	5.9E-01	0.116844	7.3E-01
rs17725246	7	44581986	0.698744	T	C	0.815924	0.999146	31.5464	1.9E-08	-0.0415234	0.00723411	32.947	9.5E-09	37.2104	1.1E-09
rs2240466	7	72856269	0.899612	G	A	0.874914	1	13.2494	2.7E-04	-0.0325315	0.00849556	14.6631	1.3E-04	15.8129	7.0E-05
rs72649044	7	73029207	0.899737	C	T	0.966833	0.988652	1.16626	2.8E-01	-0.0155989	0.0157553	0.980248	3.2E-01	1.56119	2.1E-01
rs6966632	7	77342199	0.936905	G	T	0.502987	0.998098	5.00918	2.5E-02	-0.0140413	0.00563085	6.21822	1.3E-02	5.94818	1.5E-02
rs2470945	7	104585760	1.19835	C	A	0.596387	0.999188	3.11062	7.8E-02	0.0103665	0.00570777	3.29859	6.9E-02	3.46936	6.3E-02
rs4313084	7	114586903	1.30546	C	T	0.0829266	0.999308	0.068925	7.9E-01	-0.00154405	0.0101987	0.0229207	8.8E-01	0.0107804	9.2E-01
rs12154627	7	130422934	1.4017	T	C	0.506907	0.97487	0.0415214	8.4E-01	-0.00150459	0.00568858	0.0699567	7.9E-01	0.1858	6.7E-01
rs7012637	8	9173209	0.251675	G	A	0.526887	0.985021	33.822	6.0E-09	-0.0323288	0.00567281	32.4774	1.2E-08	32.0915	1.5E-08
rs7844736	8	23551671	0.545238	A	G	0.828827	1	0.177657	6.7E-01	-0.00280478	0.00748189	0.140532	7.1E-01	1.99778e-05	1.0E+00
rs310289	8	23610756	0.545792	C	T	0.760888	0.994537	6.21324	1.3E-02	0.0160319	0.00662542	5.85523	1.6E-02	4.88842	2.7E-02
rs11992444	8	25464690	0.565812	G	T	0.49058	1	8.15363	4.3E-03	-0.0150843	0.00561569	7.2151	7.2E-03	6.68549	9.7E-03
rs6984017	8	25732287	0.571347	G	A	0.704196	0.98891	0.96295	3.3E-01	-0.0065417	0.00619301	1.11578	2.9E-01	1.76997	1.8E-01
rs7815496	8	38321607	0.69461	C	T	0.597431	0.996532	1.38029	2.4E-01	-0.00771731	0.00573379	1.81154	1.8E-01	1.09586	3.0E-01
rs10093418	8	72392687	0.950051	A	G	0.892444	0.978176	0.144834	7.0E-01	0.00253866	0.0091206	0.0774753	7.8E-01	0.107406	7.4E-01
rs144435165	8	126419938	1.45107	G	C	0.944194	0.785853	1.11584	2.9E-01	-0.0183984	0.0138061	1.77592	1.8E-01	1.9539	1.6E-01
rs283727	8	128313360	1.48991	G	A	0.465104	0.977161	0.146444	7.0E-01	-0.00302245	0.00572134	0.279077	6.0E-01	0.926972	3.4E-01
rs2131919	9	95283887	1.12689	A	G	0.83667	0.999136	0.0343313	8.5E-01	-0.00161153	0.00763693	0.0445288	8.3E-01	0.241578	6.2E-01
rs2398893	9	96758342	1.14182	A	G	0.725421	0.999804	1.17897	2.8E-01	0.00859791	0.00631781	1.85205	1.7E-01	2.16566	1.4E-01
rs12686004	9	107653426	1.24316	G	A	0.884341	1	15.7771	7.1E-05	0.0363964	0.00879634	17.1204	3.5E-05	17.6227	2.7E-05
rs10991414	9	107685589	1.24582	T	C	0.861068	0.989408	0.426498	5.1E-01	0.00520146	0.00819999	0.40237	5.3E-01	0.141029	7.1E-01
rs73519946	9	107868862	1.24912	A	T	0.958103	0.989128	7.04763	7.9E-03	0.0373939	0.0141452	6.9885	8.2E-03	7.16035	7.5E-03
rs687621	9	136137065	1.66206	A	G	0.681622	1	42.6536	6.5E-11	-0.0391206	0.00604142	41.9307	9.5E-11	43.3886	4.5E-11
rs7096078	10	3560644	0.0740604	C	T	0.425467	0.981688	0.126648	7.2E-01	-0.0012815	0.00573592	0.0499152	8.2E-01	0.157789	6.9E-01
rs2907794	10	32391109	0.603202	G	A	0.758285	0.99713	0.659216	4.2E-01	0.00454163	0.00657059	0.477764	4.9E-01	0.115513	7.3E-01
rs2247486	10	33489594	0.609463	A	G	0.603119	0.998525	0.428079	5.1E-01	0.00279085	0.00573515	0.236801	6.3E-01	0.369389	5.4E-01
rs12243209	10	63783406	0.859343	T	C	0.963634	0.99691	0.000690279	9.8E-01	0.000277183	0.0150816	0.000337783	9.9E-01	0.0943245	7.6E-01
rs10995041	10	63867523	0.860298	A	C	0.754056	0.97671	1.33652	2.5E-01	-0.00852481	0.00662622	1.65515	2.0E-01	0.869303	3.5E-01
rs7089698	10	65384567	0.871611	A	G	0.465243	0.998398	13.986	1.8E-04	-0.0198641	0.00565811	12.3252	4.5E-04	15.7336	7.3E-05
rs703985	10	80940740	1.06575	A	T	0.590861	0.992524	0.353811	5.5E-01	-0.00288607	0.00574725	0.252171	6.2E-01	0.499153	4.8E-01
rs11202614	10	89755643	1.15952	C	T	0.838039	0.997476	0.13419	7.1E-01	-0.00380256	0.00766893	0.245857	6.2E-01	0.107829	7.4E-01
rs10882028	10	93943900	1.2086	C	T	0.408953	0.999201	0.625179	4.3E-01	0.0036071	0.00570598	0.399628	5.3E-01	0.632654	4.3E-01
rs7917772	10	104487443	1.30576	G	A	0.367969	1	5.25952	2.2E-02	0.013321	0.00582323	5.23297	2.2E-02	6.67609	9.8E-03
rs11596249	10	122812361	1.5266	T	G	0.911116	0.993945	0.000251993	9.9E-01	-0.000287669	0.00990809	0.000842959	9.8E-01	0.00557289	9.4E-01
rs10788149	10	122967170	1.52881	G	A	0.320548	1	1.34953	2.5E-01	-0.00676057	0.00604425	1.25107	2.6E-01	1.57014	2.1E-01
rs140201358	11	823586	0.0109832	C	G	0.986248	1	0.241063	6.2E-01	-0.0117507	0.0241568	0.236618	6.3E-01	0.15415	6.9E-01
rs7932891	11	10921512	0.210707	A	G	0.294517	0.99931	2.53439	1.1E-01	-0.008281	0.00616541	1.80402	1.8E-01	2.83886	9.2E-02
rs11029441	11	26279145	0.452845	T	C	0.920415	0.988421	0.347691	5.6E-01	-0.00470219	0.0104522	0.202388	6.5E-01	0.0556085	8.1E-01
rs12786130	11	27505954	0.464069	C	T	0.238291	0.989196	8.18272	4.2E-03	-0.0180136	0.00663412	7.3728	6.6E-03	6.70689	9.6E-03
rs56386213	11	36291554	0.562467	A	G	0.595018	1	0.814731	3.7E-01	-0.00529146	0.00569718	0.862644	3.5E-01	1.14371	2.8E-01
rs2269928	11	61537529	0.703886	T	G	0.77337	0.962155	33.5255	7.0E-09	0.0391102	0.00686307	32.4745	1.2E-08	37.4949	9.2E-10
rs2072114	11	61605215	0.704106	A	G	0.878024	1	80.4114	3.0E-19	0.076481	0.00858964	79.2788	5.4E-19	87.6667	7.7E-21
rs2509963	11	62192931	0.710202	T	C	0.257705	0.993079	2.78842	9.5E-02	-0.0105822	0.00641475	2.7214	9.9E-02	2.64613	1.0E-01
rs11231137	11	62315699	0.714502	G	A	0.701274	0.997506	0.386226	5.3E-01	0.00351467	0.00614652	0.326973	5.7E-01	0.223294	6.4E-01
rs12362685	11	111478720	1.18727	A	T	0.621328	0.997217	0.00368754	9.5E-01	0.000480618	0.00580845	0.00684669	9.3E-01	8.96242e-05	9.9E-01
rs1003081	11	118913993	1.29361	C	T	0.544862	0.993306	1.92632	1.7E-01	0.0076198	0.00566193	1.81116	1.8E-01	1.95866	1.6E-01
rs579682	11	122014110	1.35175	C	T	0.283365	0.991186	0.184673	6.7E-01	-0.00173362	0.00627232	0.0763925	7.8E-01	0.00383439	9.5E-01
rs747249	11	130271647	1.49781	A	G	0.360849	0.986641	2.0358	1.5E-01	-0.00844072	0.00590087	2.0461	1.5E-01	3.55075	6.0E-02
rs10771260	12	26253557	0.45721	A	C	0.608183	0.995844	1.1599	2.8E-01	0.00643658	0.00578923	1.23614	2.7E-01	0.894713	3.4E-01
rs16915737	12	26403614	0.459048	C	T	0.928538	0.993226	0.0907586	7.6E-01	0.00293181	0.0109299	0.071951	7.9E-01	0.0904482	7.6E-01
rs7310959	12	45968598	0.59006	G	A	0.897555	1	0.611602	4.3E-01	0.0074149	0.00929849	0.635895	4.3E-01	0.299285	5.8E-01
rs75824359	12	54320490	0.68262	A	G	0.970266	0.973341	0.282732	5.9E-01	-0.0100603	0.0167854	0.359218	5.5E-01	0.560253	4.5E-01
rs7961915	12	66425288	0.795219	A	G	0.213926	0.943584	0.623734	4.3E-01	-0.00540643	0.00705131	0.587871	4.4E-01	0.552163	4.6E-01
rs704067	12	89726027	1.03172	G	A	0.545146	0.989595	0.219421	6.4E-01	-0.00263242	0.00569764	0.213461	6.4E-01	0.467786	4.9E-01
rs7958469	12	107052620	1.26171	G	A	0.638699	0.995036	1.1696	2.8E-01	-0.00588091	0.00586978	1.0038	3.2E-01	0.75918	3.8E-01
rs1169809	12	121688026	1.45624	G	A	0.700971	0.994402	3.02537	8.2E-02	0.0110797	0.00615899	3.23623	7.2E-02	2.48736	1.1E-01
rs139948644	12	123200016	1.46983	C	T	0.972202	0.923516	0.53155	4.7E-01	0.0153486	0.0177741	0.745696	3.9E-01	1.11854	2.9E-01
rs11060406	12	123339117	1.47024	C	T	0.96325	0.964271	0.0387142	8.4E-01	0.00404673	0.0151746	0.071117	7.9E-01	0.241193	6.2E-01
rs34149579	12	123345509	1.47026	G	T	0.947363	1	0.118942	7.3E-01	-0.003899	0.0125974	0.0957946	7.6E-01	0.0898293	7.6E-01
rs11613189	12	124642803	1.48018	C	T	0.627038	0.983075	0.346109	5.6E-01	0.00379787	0.00589749	0.414712	5.2E-01	0.297844	5.9E-01
rs1045411	13	31033232	0.263482	C	T	0.7313	0.996942	1.40362	2.4E-01	0.00750817	0.00636879	1.38981	2.4E-01	0.817954	3.7E-01
rs10507524	13	44684600	0.468128	T	C	0.907237	0.994143	0.998	3.2E-01	-0.00927064	0.00975618	0.902941	3.4E-01	0.844053	3.6E-01
rs7334326	13	50967732	0.53896	G	C	0.858576	0.996316	4.42417	3.5E-02	-0.0186362	0.00807915	5.32087	2.1E-02	5.31553	2.1E-02
rs8012185	14	58668484	0.537795	A	G	0.723155	0.991197	0.271182	6.0E-01	-0.00226087	0.0063041	0.128619	7.2E-01	0.160519	6.9E-01
rs1286138	14	91485445	0.882014	T	G	0.326286	0.996304	0.0831941	7.7E-01	-0.00252969	0.00600205	0.177638	6.7E-01	0.589866	4.4E-01
rs2124307	14	98344662	1.02722	T	C	0.377663	0.998341	3.8913	4.9E-02	0.0113712	0.00581528	3.82361	5.1E-02	3.39564	6.5E-02
rs7402977	15	31726824	0.452929	G	A	0.733334	0.984393	0.000103724	9.9E-01	0.000373665	0.00641252	0.00339552	9.5E-01	0.0225753	8.8E-01
rs12437696	15	40878474	0.62928	A	G	0.51447	0.998802	2.93857	8.6E-02	-0.00893234	0.00564905	2.50023	1.1E-01	3.18287	7.4E-02
rs11630710	15	56364758	0.756318	G	T	0.893172	0.979091	0.0166723	9.0E-01	-0.000499299	0.0092362	0.00292237	9.6E-01	0.00531127	9.4E-01
rs12911939	15	63800065	0.876679	T	C	0.431976	0.996322	3.28133	7.0E-02	-0.00952398	0.00569504	2.79668	9.4E-02	3.7777	5.2E-02
rs762551	15	75041917	1.00314	C	A	0.274028	1	5.66829	1.7E-02	-0.0156084	0.00630635	6.12581	1.3E-02	5.84488	1.6E-02
rs2401948	16	1340854	0.0338191	G	C	0.470436	0.984992	0.271005	6.0E-01	0.00284495	0.0056785	0.251005	6.2E-01	0.0809752	7.8E-01
rs3747577	16	4415696	0.082586	C	G	0.259467	0.988145	0.217346	6.4E-01	-0.0028023	0.00646236	0.188038	6.6E-01	0.284267	5.9E-01
rs12918743	16	11624245	0.272102	G	A	0.537734	0.991971	2.5082	1.1E-01	0.00722119	0.00565942	1.62807	2.0E-01	2.05938	1.5E-01
rs4787456	16	28559573	0.542371	C	T	0.634142	0.996921	0.42605	5.1E-01	-0.00300203	0.00581445	0.266571	6.1E-01	0.316338	5.7E-01
rs10083738	16	29927702	0.553162	G	A	0.45121	0.999839	0.221394	6.4E-01	0.00322988	0.00566214	0.325395	5.7E-01	0.157431	6.9E-01
rs16952242	16	53474250	0.64336	G	A	0.697908	0.997944	0.000587592	9.8E-01	6.28488e-05	0.00614139	0.000104727	9.9E-01	0.0118955	9.1E-01
rs9937053	16	53799507	0.64597	G	A	0.577195	0.999601	2.55364	1.1E-01	0.0107175	0.00570394	3.5305	6.0E-02	3.29916	6.9E-02
rs11866219	16	69549749	0.858341	A	C	0.415066	0.975783	0.0206879	8.9E-01	-0.000530571	0.00579092	0.00839445	9.3E-01	0.0244014	8.8E-01
rs2550733	16	81449060	1.04439	A	G	0.430492	1	0.0393862	8.4E-01	0.00138617	0.00569658	0.0592116	8.1E-01	0.027586	8.7E-01
rs2927333	16	81509279	1.0455	A	G	0.679395	0.985143	0.216365	6.4E-01	0.00336845	0.00609394	0.305537	5.8E-01	0.215517	6.4E-01
rs727428	17	7537792	0.196849	T	C	0.44291	1	5.04724	2.5E-02	0.0136084	0.00565351	5.794	1.6E-02	5.92384	1.5E-02
rs8075019	17	17455192	0.444844	G	A	0.875691	0.988404	0.0479798	8.3E-01	0.00161732	0.00856325	0.0356711	8.5E-01	0.0473816	8.3E-01
rs16942379	17	21259827	0.471679	C	T	0.508165	0.995529	0.657211	4.2E-01	-0.00359313	0.00564541	0.405092	5.2E-01	1.16984	2.8E-01
rs11651639	17	27672320	0.49569	A	T	0.483934	0.999433	0.00542468	9.4E-01	0.000365767	0.00562878	0.0042226	9.5E-01	0.00157618	9.7E-01
rs2306593	17	34866546	0.59517	C	T	0.509195	0.996584	0.24244	6.2E-01	-0.00336668	0.00563711	0.356691	5.5E-01	0.257102	6.1E-01
rs55883500	17	40395267	0.664304	T	G	0.691334	0.998762	0.00303193	9.6E-01	-0.00055093	0.00609022	0.00818327	9.3E-01	0.0235853	8.8E-01
rs56328224	17	43572419	0.687192	C	T	0.774992	0.995527	2.18433	1.4E-01	-0.00933994	0.00677431	1.90089	1.7E-01	1.75938	1.8E-01
rs11871767	17	61698723	0.887174	A	G	0.724045	0.995857	5.1272	2.4E-02	0.0143004	0.00631888	5.12174	2.4E-02	5.66776	1.7E-02
rs78196338	17	66973049	0.964759	G	A	0.960561	0.978498	29.4859	5.6E-08	-0.0825068	0.0145821	32.014	1.5E-08	32.8406	1.0E-08
rs3810068	18	2846499	0.0738566	T	C	0.595452	1	3.10841	7.8E-02	0.00867706	0.00571837	2.3025	1.3E-01	2.93939	8.6E-02
rs4890429	18	40697481	0.611694	T	C	0.738773	0.995191	2.86418	9.1E-02	0.0111368	0.00642985	2.99998	8.3E-02	3.5142	6.1E-02
rs357900	18	46585235	0.687097	T	A	0.110184	0.998906	1.60577	2.1E-01	0.0130592	0.00897572	2.11688	1.5E-01	1.29339	2.6E-01
rs3897645	18	57728947	0.82135	T	C	0.443585	1	1.32029	2.5E-01	-0.00618627	0.00569006	1.18202	2.8E-01	1.75094	1.9E-01
rs2331933	18	57955945	0.822668	T	G	0.652214	0.979252	5.42878	2.0E-02	0.0143531	0.00598528	5.75073	1.6E-02	5.83237	1.6E-02
rs12979965	19	2131148	0.0753026	A	G	0.499935	0.991113	0.30595	5.8E-01	0.00428483	0.00563242	0.578732	4.5E-01	0.787639	3.7E-01
rs2240702	19	4159873	0.144523	A	G	0.883396	0.986669	0.361765	5.5E-01	-0.0072733	0.00877264	0.687389	4.1E-01	0.426389	5.1E-01
rs1799815	19	7125519	0.224812	G	A	0.932212	1	0.128676	7.2E-01	-0.0030177	0.0111388	0.0733962	7.9E-01	0.16716	6.8E-01
rs35555265	19	17152232	0.420672	C	T	0.803227	0.993265	0.156511	6.9E-01	0.00374625	0.00707123	0.280674	6.0E-01	0.215578	6.4E-01
rs72999466	19	18248499	0.447893	C	T	0.742123	0.99893	0.2628	6.1E-01	0.00142569	0.00641282	0.0494258	8.2E-01	0.119599	7.3E-01
rs1423056	19	33780444	0.560699	G	A	0.681795	0.903762	0.121813	7.3E-01	0.0018136	0.0063471	0.0816455	7.8E-01	2.24128e-05	1.0E+00
rs113504807	19	33787954	0.561506	C	T	0.951238	0.934153	0.850305	3.6E-01	-0.0140682	0.0134552	1.0932	3.0E-01	1.01318	3.1E-01
rs544964	19	37409561	0.616104	A	G	0.417229	0.998743	2.19835	1.4E-01	0.0087668	0.00570349	2.36266	1.2E-01	3.00216	8.3E-02
rs62116588	19	44446097	0.68736	C	G	0.976805	0.933368	48.9013	2.7E-12	0.13409	0.0193322	48.1094	4.0E-12	52.9074	3.5E-13
rs28550459	19	45037783	0.693461	T	A	0.964339	0.862461	34.9448	3.4E-09	0.0954709	0.016261	34.4705	4.3E-09	35.5583	2.5E-09
rs141651018	19	46042665	0.717068	C	T	0.969731	0.964852	59.5361	1.2E-14	0.130936	0.0166745	61.6612	4.1E-15	64.418	1.0E-15
rs151235402	20	569164	0.0196907	C	T	0.984757	0.956324	3.23765	7.2E-02	0.0435073	0.0236174	3.3936	6.5E-02	3.27635	7.0E-02
rs805769	20	5667459	0.191037	T	C	0.595306	0.99253	0.37941	5.4E-01	0.00364653	0.0057546	0.401541	5.3E-01	0.140486	7.1E-01
rs2207132	20	39142516	0.589709	G	A	0.966685	1	23.657	1.2E-06	-0.074029	0.0156719	22.3131	2.3E-06	21.9108	2.9E-06
rs3091552	20	45440006	0.689385	C	G	0.264162	0.950692	1.67672	2.0E-01	-0.0107844	0.00653312	2.72492	9.9E-02	3.08554	7.9E-02
rs1999536	20	45581777	0.691337	G	C	0.430706	0.994672	1.71802	1.9E-01	0.00629882	0.00569321	1.22406	2.7E-01	1.89159	1.7E-01
rs1206829	20	45762552	0.696622	A	G	0.446378	0.998025	0.00820395	9.3E-01	-0.000943955	0.00565847	0.0278295	8.7E-01	0.0221097	8.8E-01
rs6063779	20	50964151	0.79129	A	G	0.716728	0.997749	0.0282379	8.7E-01	-0.00076767	0.00624765	0.0150979	9.0E-01	0.0193113	8.9E-01
rs28710106	20	51712678	0.801721	C	T	0.889914	0.997611	0.122049	7.3E-01	-0.00387061	0.00901177	0.184476	6.7E-01	0.275598	6.0E-01
rs6090040	20	62692060	1.09656	A	C	0.479429	0.988701	1.54947	2.1E-01	0.00627076	0.00566233	1.22645	2.7E-01	2.00286	1.6E-01
rs66836452	21	33058743	0.322744	C	T	0.898206	0.995819	0.00557587	9.4E-01	0.000850007	0.0093295	0.00830097	9.3E-01	0.0111574	9.2E-01
rs2836139	21	39451403	0.432375	A	G	0.514897	0.9942	2.50245	1.1E-01	0.00845206	0.00566916	2.22274	1.4E-01	2.36961	1.2E-01
rs9625551	22	29140529	0.338663	G	A	0.979191	0.995212	2.18839	1.4E-01	0.0299986	0.0196915	2.32083	1.3E-01	1.89979	1.7E-01
