SNP	CHR	BP	GENPOS	ALLELE1	ALLELE0	A1FREQ	INFO	CHISQ_LINREG	P_LINREG	BETA	SE	CHISQ_BOLT_LMM_INF	P_BOLT_LMM_INF
rs1294014	1	9325676	0.18921	C	T	0.73207	0.974098	6.14701	1.3E-02	-0.0134892	0.00640295	4.43824	3.5E-02	4.5774	3.2E-02
rs10753554	1	23619009	0.461644	T	C	0.260319	0.989627	1.59069	2.1E-01	0.00672291	0.00639704	1.10447	2.9E-01	0.983897	3.2E-01
rs114165349	1	27021913	0.501665	G	C	0.97664	0.985643	31.7831	1.7E-08	-0.10515	0.0185985	31.9642	1.6E-08	33.8551	5.9E-09
rs1537817	1	39639653	0.669778	C	T	0.790433	0.99902	27.4196	1.6E-07	-0.0377811	0.00686861	30.256	3.8E-08	30.7681	2.9E-08
rs657452	1	49589847	0.760469	A	G	0.39078	0.988645	2.0672	1.5E-01	0.00948863	0.0057299	2.74228	9.8E-02	2.87646	9.0E-02
rs624698	1	62900811	0.92277	A	G	0.582588	0.969721	57.662	3.1E-14	0.0453568	0.00574094	62.4194	2.8E-15	62.0651	3.3E-15
rs9436299	1	65892888	0.967508	C	A	0.325068	0.970882	0.0683522	7.9E-01	-0.000361123	0.00605336	0.00355891	9.5E-01	0.000426655	9.8E-01
rs1526480	1	91209986	1.21385	T	C	0.62503	1	6.1652	1.3E-02	-0.0140522	0.00578678	5.8968	1.5E-02	6.55981	1.0E-02
rs4375301	1	98298371	1.27828	A	G	0.767672	0.993807	2.34754	1.3E-01	-0.0107171	0.00664518	2.60102	1.1E-01	3.53382	6.0E-02
rs3108680	1	107572997	1.35724	T	C	0.652397	0.999501	0.0284452	8.7E-01	-0.00050349	0.00590153	0.00727867	9.3E-01	0.119118	7.3E-01
rs2076586	1	112273026	1.42823	C	T	0.753845	0.980886	0.907728	3.4E-01	0.00615958	0.00655263	0.88363	3.5E-01	0.361164	5.5E-01
rs115499511	1	119322589	1.50902	T	C	0.963681	0.975965	0.31893	5.7E-01	0.00809755	0.0150863	0.2881	5.9E-01	0.309238	5.8E-01
rs10494220	1	119572398	1.50995	C	T	0.872582	0.999593	1.02765	3.1E-01	-0.00701861	0.00835915	0.704982	4.0E-01	0.349185	5.5E-01
rs114056923	1	154868744	1.69777	T	C	0.966994	1	0.0614598	8.0E-01	0.004837	0.0156877	0.0950683	7.6E-01	0.049851	8.2E-01
rs17345893	1	170171874	1.91645	C	T	0.933643	0.998406	0.347521	5.6E-01	0.00714707	0.0112203	0.405742	5.2E-01	0.305814	5.8E-01
rs1953096	1	170318770	1.91758	G	A	0.762783	0.999479	0.399345	5.3E-01	-0.00421747	0.00658874	0.409732	5.2E-01	0.443136	5.1E-01
rs6697844	1	172308238	1.93873	C	T	0.567973	0.996349	2.01333	1.6E-01	-0.00797652	0.00562172	2.01321	1.6E-01	2.68403	1.0E-01
rs633715	1	177852580	1.98813	T	C	0.789264	1	0.730896	3.9E-01	-0.0042608	0.0068605	0.38572	5.3E-01	0.257657	6.1E-01
rs11807331	1	196427811	2.14315	T	C	0.684281	0.996378	4.57199	3.2E-02	0.0129151	0.0060108	4.61669	3.2E-02	4.71028	3.0E-02
rs11240351	1	205044339	2.25371	A	G	0.594767	0.998205	0.0225572	8.8E-01	-0.000755428	0.00568787	0.0176395	8.9E-01	0.0258177	8.7E-01
rs61823192	1	219294570	2.43535	C	T	0.971473	0.90297	0.244194	6.2E-01	0.00723368	0.0176328	0.168297	6.8E-01	0.00184439	9.7E-01
rs77278027	1	219392230	2.43543	C	T	0.938238	0.976746	0.0753394	7.8E-01	-0.00353568	0.0117421	0.0906676	7.6E-01	0.00232143	9.6E-01
rs6683741	1	219786717	2.43742	T	G	0.861851	0.991403	4.83104	2.8E-02	-0.0177696	0.00811232	4.79803	2.8E-02	5.5492	1.8E-02
rs6541295	1	230281698	2.53575	A	G	0.162558	0.995067	31.4924	2.0E-08	0.042364	0.00755709	31.4257	2.1E-08	33.6029	6.8E-09
rs62106252	2	408713	0.00503892	G	A	0.950826	0.955734	0.0660622	8.0E-01	0.00248071	0.0131769	0.0354425	8.5E-01	0.00236576	9.6E-01
rs2867105	2	601905	0.00766081	T	G	0.17867	0.986439	1.83411	1.8E-01	-0.0096836	0.00734239	1.7394	1.9E-01	1.88576	1.7E-01
rs711869	2	13073967	0.297329	G	A	0.443273	0.983109	0.466988	4.9E-01	-0.00225135	0.00566791	0.157775	6.9E-01	0.0867892	7.7E-01
rs112907566	2	21143289	0.419684	T	C	0.885945	0.989295	32.9961	9.2E-09	-0.0513116	0.00880473	33.9625	5.6E-09	36.643	1.4E-09
rs11677500	2	24846815	0.456236	A	G	0.443546	0.997596	1.10201	2.9E-01	0.00506433	0.00561862	0.812427	3.7E-01	0.540305	4.6E-01
rs4665378	2	27548038	0.473329	A	C	0.601226	0.998401	48.5112	3.3E-12	0.040376	0.00570556	50.0783	1.5E-12	50.1071	1.5E-12
rs7933	2	43452183	0.682402	A	G	0.634858	0.981779	2.3731	1.2E-01	-0.00951782	0.00584472	2.65184	1.0E-01	1.90772	1.7E-01
rs36072157	2	48953740	0.765134	G	C	0.658167	0.956087	5.73528	1.7E-02	-0.0135385	0.00601035	5.07388	2.4E-02	4.2125	4.0E-02
rs6546196	2	66144496	0.916561	G	A	0.525096	0.993792	1.73742	1.9E-01	-0.00825358	0.00561703	2.15909	1.4E-01	2.14751	1.4E-01
rs4316926	2	66749108	0.924328	G	A	0.396562	0.99766	0.506195	4.8E-01	0.00240615	0.00571518	0.177249	6.7E-01	0.362695	5.5E-01
rs2170702	2	67571130	0.937008	T	C	0.545604	0.996677	3.89972	4.8E-02	0.0116643	0.00563767	4.28075	3.9E-02	3.66445	5.6E-02
rs12712049	2	100208830	1.21955	A	G	0.176672	0.985519	4.29039	3.8E-02	0.0132821	0.00736162	3.25527	7.1E-02	3.35912	6.7E-02
rs72946301	2	111861838	1.33125	G	A	0.903867	0.964859	0.00152377	9.7E-01	-0.000628107	0.00964705	0.00423915	9.5E-01	0.00055833	9.8E-01
rs7593247	2	119337589	1.3956	C	T	0.503784	0.990163	0.681616	4.1E-01	-0.00344287	0.00560818	0.376876	5.4E-01	0.334004	5.6E-01
rs114666647	2	158393301	1.76187	T	C	0.987757	1	0.731729	3.9E-01	-0.0172253	0.025411	0.459501	5.0E-01	0.346529	5.6E-01
rs11899550	2	158451825	1.76314	C	T	0.929011	0.994523	0.29369	5.9E-01	-0.00327975	0.010872	0.0910052	7.6E-01	0.106887	7.4E-01
rs62173895	2	165477903	1.81419	G	C	0.329945	0.997788	47.4459	5.7E-12	-0.0402764	0.00596652	45.5678	1.5E-11	47.8055	4.7E-12
rs3769872	2	165565548	1.81514	C	T	0.941933	0.997539	0.801312	3.7E-01	0.0137105	0.0119726	1.31139	2.5E-01	1.7819	1.8E-01
rs115283512	2	172379649	1.89769	C	T	0.817457	0.996247	0.521235	4.7E-01	0.00535482	0.0072517	0.545269	4.6E-01	0.0995004	7.5E-01
rs62173497	2	187821910	2.04064	C	A	0.889382	0.96522	3.90958	4.8E-02	0.0175578	0.00904636	3.76699	5.2E-02	4.06587	4.4E-02
rs1837121	2	216292331	2.28555	G	A	0.273393	0.99918	0.692029	4.1E-01	-0.00580838	0.0062701	0.858147	3.5E-01	1.29297	2.6E-01
rs16857748	2	218382258	2.32414	C	T	0.90326	0.999764	0.0656715	8.0E-01	-0.00353558	0.00945401	0.139859	7.1E-01	0.0154023	9.0E-01
rs16866785	2	226899056	2.44178	A	G	0.775292	0.992487	9.34333	2.2E-03	0.0212543	0.00671508	10.0183	1.5E-03	10.3812	1.3E-03
rs305506	3	12026709	0.296805	G	T	0.113561	0.992655	2.09864	1.5E-01	0.0127986	0.00884718	2.09273	1.5E-01	2.40056	1.2E-01
rs114252958	3	12409938	0.29797	C	T	0.982976	0.956617	0.471054	4.9E-01	-0.0130365	0.0221667	0.345875	5.6E-01	0.0872293	7.7E-01
rs13086654	3	35532275	0.595296	G	A	0.863298	0.996625	2.44284	1.2E-01	-0.0110421	0.0081117	1.85302	1.7E-01	2.94092	8.6E-02
rs11926707	3	46925539	0.687568	T	C	0.379144	0.985514	9.10928	2.5E-03	-0.0169745	0.00578334	8.61458	3.3E-03	9.88692	1.7E-03
rs614288	3	52220203	0.695484	T	C	0.466737	1	1.10842	2.9E-01	0.00627908	0.00558568	1.26369	2.6E-01	0.830564	3.6E-01
rs11718560	3	64584862	0.868956	C	T	0.731836	0.985124	2.27388	1.3E-01	-0.00919821	0.0063429	2.10296	1.5E-01	1.92063	1.7E-01
rs4688498	3	64674599	0.871028	C	T	0.669672	0.985151	0.364896	5.5E-01	0.00242679	0.0059818	0.164589	6.8E-01	0.193531	6.6E-01
rs9872683	3	123155892	1.35844	A	C	0.40801	0.993775	0.565887	4.5E-01	0.00426255	0.00568996	0.561203	4.5E-01	1.04345	3.1E-01
rs62265318	3	128752986	1.42297	G	A	0.965088	0.926921	0.149858	7.0E-01	0.00976334	0.015782	0.382711	5.4E-01	0.428276	5.1E-01
rs143418767	3	129105690	1.42548	G	A	0.980772	0.944053	1.6567	2.0E-01	0.0355073	0.0209514	2.87216	9.0E-02	3.0765	7.9E-02
rs112551697	3	150018637	1.64271	G	A	0.965536	0.928479	3.95295	4.7E-02	-0.0298506	0.0158354	3.55342	5.9E-02	4.88651	2.7E-02
rs7617389	3	156801088	1.71237	T	C	0.325854	0.969927	0.507664	4.8E-01	0.00371275	0.00606203	0.375106	5.4E-01	0.666833	4.1E-01
rs998749	3	168972802	1.77947	A	G	0.517189	0.992407	3.13112	7.7E-02	0.00961732	0.00559689	2.95267	8.6E-02	2.96401	8.5E-02
rs1499813	3	171760427	1.8208	T	C	0.587426	1	2.92417	8.7E-02	-0.00951525	0.00569704	2.7896	9.5E-02	3.82445	5.1E-02
rs11705729	3	185507299	2.01659	A	T	0.686892	0.999805	6.06893	1.4E-02	-0.0138631	0.00602105	5.30122	2.1E-02	5.39646	2.0E-02
rs7697256	4	848335	0.00782825	C	T	0.727446	0.999147	10.143	1.4E-03	0.0209613	0.00627124	11.172	8.3E-04	9.8079	1.7E-03
rs7659144	4	3098321	0.0324978	C	G	0.656211	0.995037	16.4197	5.1E-05	0.0245256	0.00587849	17.4064	3.0E-05	17.4819	2.9E-05
rs4450871	4	4990298	0.0879764	A	G	0.55479	1	23.8204	1.1E-06	0.0278193	0.00562985	24.4173	7.8E-07	24.754	6.5E-07
rs1912897	4	26006133	0.455942	A	T	0.793044	0.98817	6.3745	1.2E-02	-0.0170998	0.00693945	6.072	1.4E-02	5.36044	2.1E-02
rs17644283	4	26308792	0.461396	A	G	0.370711	0.99507	0.924067	3.4E-01	0.00577995	0.0058076	0.990501	3.2E-01	0.824058	3.6E-01
rs11133373	4	56215631	0.730194	C	G	0.682788	0.992346	0.0264125	8.7E-01	-0.000810404	0.00603175	0.0180517	8.9E-01	0.0481964	8.3E-01
rs10021790	4	87772240	1.02884	T	C	0.630369	0.99281	33.3175	7.8E-09	-0.0343144	0.00581952	34.7679	3.7E-09	36.7515	1.3E-09
rs3775403	4	89615174	1.04851	T	C	0.869035	0.98982	5.96256	1.5E-02	0.0210035	0.0083291	6.35899	1.2E-02	5.87376	1.5E-02
rs17014616	4	89736565	1.04925	A	T	0.931078	0.996962	4.28553	3.8E-02	-0.0207046	0.0110383	3.51828	6.1E-02	3.90524	4.8E-02
rs13126505	4	102865304	1.15603	G	A	0.930525	0.963118	30.0149	4.3E-08	-0.0618387	0.0111775	30.6076	3.2E-08	34.2745	4.8E-09
rs12647922	4	106063987	1.17944	C	T	0.794567	0.998343	0.885194	3.5E-01	-0.00668258	0.00691211	0.934689	3.3E-01	1.08242	3.0E-01
rs7655064	4	120106348	1.31331	T	C	0.875306	0.995692	2.75215e-05	1.0E+00	0.00018879	0.00845814	0.000498205	9.8E-01	0.000200409	9.9E-01
rs11727676	4	145659064	1.53853	T	C	0.90337	1	0.595159	4.4E-01	-0.00685212	0.00947108	0.52342	4.7E-01	0.839684	3.6E-01
rs13178917	5	4007353	0.10142	C	T	0.55198	0.99437	2.54982	1.1E-01	0.0096768	0.00561014	2.9752	8.5E-02	1.85778	1.7E-01
rs3792751	5	32773314	0.512212	C	T	0.626591	0.990118	0.711282	4.0E-01	-0.00531885	0.00579901	0.841254	3.6E-01	0.477246	4.9E-01
rs17457629	5	38795199	0.597633	A	T	0.728228	0.988005	0.8538	3.6E-01	0.00646864	0.00631605	1.0489	3.1E-01	1.50426	2.2E-01
rs2448	5	53302354	0.644969	T	C	0.737872	0.999532	1.13268	2.9E-01	-0.00605449	0.00636754	0.904088	3.4E-01	1.03033	3.1E-01
rs1559215	5	54867827	0.667887	G	A	0.339385	0.996823	3.36018	6.7E-02	0.0109913	0.0059204	3.44663	6.3E-02	2.52778	1.1E-01
rs11949724	5	55832217	0.681021	G	A	0.63544	1	9.29198	2.3E-03	-0.0181404	0.00582452	9.7	1.8E-03	12.888	3.3E-04
rs1002473	5	56274077	0.686309	T	G	0.206216	0.999836	0.0707517	7.9E-01	0.00235137	0.00692817	0.115188	7.3E-01	0.197997	6.6E-01
rs34697	5	66298637	0.77068	A	G	0.432593	0.987874	0.997865	3.2E-01	0.00675424	0.00568502	1.41153	2.3E-01	1.38597	2.4E-01
rs253407	5	74926778	0.860943	A	G	0.275727	1	1.92248	1.7E-01	-0.00836737	0.00625715	1.78824	1.8E-01	1.74075	1.9E-01
rs6870983	5	87697533	1.01437	C	T	0.787189	0.995128	1.69702	1.9E-01	0.00942199	0.00683071	1.90262	1.7E-01	1.68826	1.9E-01
rs27361	5	102548967	1.1092	G	A	0.70022	0.998319	1.1864	2.8E-01	0.00610777	0.00610603	1.00057	3.2E-01	0.723454	4.0E-01
rs34864074	5	112875535	1.20089	A	C	0.809888	0.995669	0.833547	3.6E-01	-0.0083493	0.00717175	1.35535	2.4E-01	1.26448	2.6E-01
rs10519585	5	118676529	1.27446	T	C	0.712538	0.977148	4.77923	2.9E-02	0.0149427	0.00623759	5.7388	1.7E-02	4.79292	2.9E-02
rs4705986	5	132349654	1.39065	T	G	0.937241	0.978165	1.22351	2.7E-01	0.0160476	0.011658	1.89484	1.7E-01	1.56983	2.1E-01
rs33999	5	141973349	1.48937	C	G	0.612052	0.9834	4.41529	3.6E-02	-0.0106361	0.00576968	3.39833	6.5E-02	3.27817	7.0E-02
rs10477191	5	142077715	1.49476	A	G	0.95088	0.911257	1.979	1.6E-01	-0.0244836	0.013601	3.24047	7.2E-02	2.99236	8.4E-02
rs72846967	5	171849098	1.88961	A	G	0.70625	0.999429	0.902542	3.4E-01	-0.00550176	0.00613734	0.803607	3.7E-01	0.633485	4.3E-01
rs2053681	5	172746086	1.91113	A	G	0.485578	0.912476	1.15108	2.8E-01	-0.00534294	0.00586679	0.829393	3.6E-01	1.30459	2.5E-01
rs201058	6	6726017	0.180973	A	G	0.438977	0.99583	1.29357	2.6E-01	-0.00571274	0.00563272	1.02862	3.1E-01	0.722916	4.0E-01
rs2326776	6	6761881	0.18302	G	A	0.790622	0.988382	0.503182	4.8E-01	-0.00456061	0.00690116	0.436717	5.1E-01	0.550636	4.6E-01
rs7751325	6	7209132	0.195952	C	T	0.550366	0.99847	3.02066	8.2E-02	-0.00846092	0.00562338	2.26381	1.3E-01	1.75066	1.9E-01
rs17584626	6	20560435	0.409936	A	T	0.687041	0.984667	3.36733	6.7E-02	0.0115961	0.00606537	3.6552	5.6E-02	2.51683	1.1E-01
rs114376405	6	30770701	0.507083	G	A	0.988553	0.994696	0.0443747	8.3E-01	-0.00199508	0.026331	0.005741	9.4E-01	0.00319753	9.5E-01
rs3094225	6	31113052	0.510178	G	A	0.269691	0.999821	5.29437	2.1E-02	-0.0143978	0.00630454	5.21535	2.2E-02	5.78582	1.6E-02
rs9267989	6	32219320	0.51869	G	T	0.791715	0.999726	1.0197	3.1E-01	0.00868457	0.00685722	1.60399	2.1E-01	2.21268	1.4E-01
rs181133225	6	32454764	0.520293	T	C	0.893446	0.778953	0.000264069	9.9E-01	0.00185294	0.0101976	0.033016	8.6E-01	0.179195	6.7E-01
rs117108573	6	32489679	0.520303	C	T	0.921406	0.866866	0.0428512	8.4E-01	0.000867167	0.0110826	0.00612238	9.4E-01	0.136851	7.1E-01
rs142779375	6	34165351	0.545713	T	G	0.95272	0.997081	7.33496	6.8E-03	-0.0331353	0.0131602	6.33958	1.2E-02	4.93699	2.6E-02
rs1574430	6	43269029	0.669727	A	C	0.391307	0.999399	0.298762	5.8E-01	0.00192725	0.00572349	0.113385	7.4E-01	0.12335	7.3E-01
rs9381248	6	43734606	0.675407	C	T	0.878345	0.993046	0.98703	3.2E-01	-0.00783992	0.00858058	0.834815	3.6E-01	0.941336	3.3E-01
rs35349911	6	43785255	0.678849	C	T	0.409626	0.97009	4.34604	3.7E-02	-0.0126096	0.00577806	4.76255	2.9E-02	4.27313	3.9E-02
rs10452561	6	80805796	0.920872	T	C	0.874288	0.991795	0.200182	6.5E-01	-0.00309503	0.00843663	0.134583	7.1E-01	0.00121751	9.7E-01
rs1902066	6	81346033	0.922431	T	C	0.437583	0.991679	0.000460726	9.8E-01	0.000505175	0.00565771	0.00797263	9.3E-01	0.00381738	9.5E-01
rs6924944	6	100597579	1.0811	A	T	0.245809	0.981159	3.76999	5.2E-02	0.0133702	0.00656633	4.146	4.2E-02	4.35638	3.7E-02
rs72969772	6	126187585	1.32503	A	G	0.98033	1	0.690254	4.1E-01	-0.0120433	0.0201751	0.356334	5.5E-01	0.341777	5.6E-01
rs9986505	6	126445558	1.32603	A	G	0.676107	0.991308	0.692498	4.1E-01	0.00462507	0.00599374	0.595445	4.4E-01	0.841679	3.6E-01
rs74949497	6	126812007	1.32699	A	C	0.975185	1	5.30271	2.1E-02	-0.0461704	0.0180607	6.53521	1.1E-02	5.93928	1.5E-02
rs9389689	6	139813632	1.50282	G	C	0.504905	0.997811	29.068	7.0E-08	-0.0299745	0.00557841	28.8724	7.7E-08	30.0535	4.2E-08
rs851978	6	152029556	1.64243	G	T	0.726292	0.996212	0.381579	5.4E-01	0.00436274	0.00628545	0.481777	4.9E-01	0.642573	4.2E-01
rs411154	6	160729347	1.77422	G	T	0.484829	0.999958	0.510381	4.7E-01	-0.0048132	0.00559461	0.740164	3.9E-01	1.15537	2.8E-01
rs960589	7	25823647	0.43812	A	C	0.837344	0.976235	3.66595	5.6E-02	-0.0142249	0.00764038	3.4663	6.3E-02	3.91034	4.8E-02
rs12671127	7	26309246	0.44373	C	T	0.633646	0.988487	5.70691	1.7E-02	0.015099	0.00581708	6.73735	9.4E-03	5.89029	1.5E-02
rs2189239	7	27237453	0.453427	C	T	0.917092	0.977954	1.71029	1.9E-01	0.0109205	0.010259	1.13312	2.9E-01	1.16522	2.8E-01
rs13223303	7	42692711	0.680137	T	C	0.7079	0.997675	1.35474	2.4E-01	0.00864627	0.00614339	1.9808	1.6E-01	1.93009	1.6E-01
rs42130	7	72816787	0.897635	T	A	0.813862	0.898838	28.6707	8.6E-08	0.0415157	0.00756663	30.1036	4.1E-08	30.3799	3.6E-08
rs6966632	7	77342199	0.936905	G	T	0.502995	0.998098	4.57027	3.3E-02	0.0120256	0.00558893	4.62974	3.1E-02	3.20507	7.3E-02
rs2470945	7	104585760	1.19835	C	A	0.596367	0.999188	0.634355	4.3E-01	-0.00550175	0.00566544	0.943048	3.3E-01	1.0832	3.0E-01
rs4313084	7	114586903	1.30546	C	T	0.0829293	0.999308	0.255736	6.1E-01	-0.00291247	0.0101231	0.0827742	7.7E-01	0.0701992	7.9E-01
rs12154627	7	130422934	1.4017	T	C	0.506892	0.97487	39.8608	2.7E-10	0.0356985	0.0056465	39.9706	2.6E-10	42.6606	6.5E-11
rs330096	8	9171595	0.251664	G	C	0.756043	0.971568	47.487	5.5E-12	-0.0446458	0.0065869	45.941	1.2E-11	45.2484	1.7E-11
rs10085966	8	19576448	0.468197	C	T	0.520837	0.981569	30.6959	3.0E-08	0.0308638	0.0056333	30.0173	4.3E-08	28.9234	7.5E-08
rs150639794	8	19722870	0.471102	A	G	0.347379	0.891862	45.4363	1.6E-11	-0.0431953	0.00619826	48.5662	3.2E-12	50.1895	1.4E-12
rs74441678	8	19863114	0.472815	A	G	0.984176	0.957587	53.2469	2.9E-13	-0.167036	0.0228795	53.3004	2.9E-13	53.3344	2.8E-13
rs7815496	8	38321607	0.69461	C	T	0.59742	0.996532	5.24212	2.2E-02	-0.0133774	0.00568945	5.52846	1.9E-02	7.1977	7.3E-03
rs10093418	8	72392687	0.950051	A	G	0.892437	0.978176	7.07307	7.8E-03	-0.0234265	0.00905006	6.70056	9.6E-03	7.46809	6.3E-03
rs144435165	8	126419938	1.45107	G	C	0.944206	0.785853	33.2085	8.3E-09	-0.0809564	0.0137012	34.9129	3.4E-09	34.2989	4.7E-09
rs2954018	8	126477153	1.45319	C	T	0.298301	0.998357	79.373	5.1E-19	0.0562712	0.00610748	84.8885	3.2E-20	92.8896	5.5E-22
rs2131919	9	95283887	1.12689	A	G	0.836657	0.999136	8.73807	3.1E-03	-0.021958	0.00758281	8.38543	3.8E-03	7.81188	5.2E-03
rs2398893	9	96758342	1.14182	A	G	0.725418	0.999804	0.012497	9.1E-01	0.000143826	0.00627333	0.000525627	9.8E-01	0.0164407	9.0E-01
rs12686004	9	107653426	1.24316	G	A	0.884327	1	1.0684	3.0E-01	-0.00934391	0.00873385	1.14458	2.8E-01	0.529137	4.7E-01
rs10991414	9	107685589	1.24582	T	C	0.861066	0.989408	3.95298	4.7E-02	-0.0177319	0.00814201	4.74295	2.9E-02	4.07958	4.3E-02
rs73519946	9	107868862	1.24912	A	T	0.958098	0.989128	1.09778	2.9E-01	0.0161198	0.0140446	1.31735	2.5E-01	1.70654	1.9E-01
rs7096078	10	3560644	0.0740604	C	T	0.425475	0.981688	0.635454	4.3E-01	0.00532316	0.00569345	0.874153	3.5E-01	1.53185	2.2E-01
rs2907794	10	32391109	0.603202	G	A	0.758294	0.99713	1.27093	2.6E-01	0.00710776	0.00652189	1.18773	2.8E-01	0.641943	4.2E-01
rs2247486	10	33489594	0.609463	A	G	0.603124	0.998525	0.678433	4.1E-01	0.00521529	0.00569304	0.839205	3.6E-01	0.489987	4.8E-01
rs12243209	10	63783406	0.859343	T	C	0.96363	0.99691	3.6473	5.6E-02	-0.0279108	0.0149692	3.47653	6.2E-02	4.95687	2.6E-02
rs10995041	10	63867523	0.860298	A	C	0.754054	0.97671	0.0601184	8.1E-01	9.79608e-05	0.00657708	0.000221839	9.9E-01	0.00303806	9.6E-01
rs7089698	10	65384567	0.871611	A	G	0.465222	0.998398	11.1644	8.3E-04	0.0180746	0.00561631	10.3571	1.3E-03	11.7895	6.0E-04
rs703985	10	80940740	1.06575	A	T	0.590873	0.992524	8.93814	2.8E-03	0.0175676	0.00570518	9.4817	2.1E-03	9.57665	2.0E-03
rs11202614	10	89755643	1.15952	C	T	0.838066	0.997476	6.33744	1.2E-02	-0.0196069	0.00761287	6.63319	1.0E-02	7.54653	6.0E-03
rs10882028	10	93943900	1.2086	C	T	0.408955	0.999201	4.99736	2.5E-02	-0.0131413	0.00566378	5.38353	2.0E-02	5.55601	1.8E-02
rs7917772	10	104487443	1.30576	G	A	0.368001	1	0.803175	3.7E-01	-0.00642516	0.00578015	1.23563	2.7E-01	0.987886	3.2E-01
rs11596249	10	122812361	1.5266	T	G	0.911137	0.993945	10.394	1.3E-03	-0.031833	0.00983559	10.475	1.2E-03	11.5439	6.8E-04
rs10788149	10	122967170	1.52881	G	A	0.320558	1	4.99452	2.5E-02	0.0137126	0.00599942	5.22422	2.2E-02	5.92141	1.5E-02
rs140201358	11	823586	0.0109832	C	G	0.986246	1	7.87652	5.0E-03	-0.0693393	0.0239813	8.36012	3.8E-03	8.13796	4.3E-03
rs7932891	11	10921512	0.210707	A	G	0.294515	0.99931	4.78377	2.9E-02	0.0131065	0.00612106	4.5848	3.2E-02	3.6604	5.6E-02
rs11029441	11	26279145	0.452845	T	C	0.920413	0.988421	8.01468	4.6E-03	-0.0300911	0.0103768	8.40914	3.7E-03	9.62762	1.9E-03
rs12786130	11	27505954	0.464069	C	T	0.238289	0.989196	18.1463	2.0E-05	0.0276796	0.0065862	17.6624	2.6E-05	20.2408	6.8E-06
rs56386213	11	36291554	0.562467	A	G	0.595047	1	0.00177459	9.7E-01	0.00136831	0.00565624	0.0585215	8.1E-01	0.13362	7.1E-01
rs112181005	11	47010491	0.664695	G	A	0.856428	0.996382	30.1264	4.0E-08	0.0439419	0.00796	30.4741	3.4E-08	29.2438	6.4E-08
rs198423	11	61514670	0.703053	G	C	0.664338	0.986572	32.7173	1.1E-08	-0.0341555	0.005964	32.7979	1.0E-08	34.0091	5.5E-09
rs4564341	11	61573540	0.704001	C	T	0.928008	0.991114	84.2175	4.4E-20	-0.101341	0.0108272	87.6072	8.0E-21	87.0328	1.1E-20
rs117220229	11	61604324	0.704103	T	A	0.961889	0.998134	28.6884	8.5E-08	-0.0799291	0.0145896	30.0141	4.3E-08	28.0517	1.2E-07
rs12362685	11	111478720	1.18727	A	T	0.621327	0.997217	0.000924196	9.8E-01	-0.000166631	0.00576638	0.000835031	9.8E-01	7.15866e-05	9.9E-01
rs513533	11	116519358	1.25951	A	G	0.895508	0.969744	105.382	1.0E-24	-0.0957439	0.00925037	107.128	4.2E-25	111.057	5.8E-26
rs112771035	11	126225876	1.42416	C	G	0.92797	0.997671	44.0103	3.3E-11	-0.0713239	0.010811	43.525	4.2E-11	41.6675	1.1E-10
rs10771260	12	26253557	0.45721	A	C	0.608173	0.995844	1.86879	1.7E-01	-0.00714747	0.00574644	1.54706	2.1E-01	1.93862	1.6E-01
rs16915737	12	26403614	0.459048	C	T	0.928544	0.993226	0.00244935	9.6E-01	0.000725853	0.0108511	0.00447453	9.5E-01	5.89131e-05	9.9E-01
rs7310959	12	45968598	0.59006	G	A	0.897566	1	8.57936	3.4E-03	-0.0268604	0.0092303	8.46823	3.6E-03	8.21952	4.1E-03
rs75824359	12	54320490	0.68262	A	G	0.97027	0.973341	0.658395	4.2E-01	0.0136219	0.0166629	0.668298	4.1E-01	0.8843	3.5E-01
rs11172134	12	57645789	0.721226	T	A	0.798802	0.990461	32.1681	1.4E-08	0.0403424	0.00696107	33.587	6.8E-09	33.5738	6.9E-09
rs7961915	12	66425288	0.795219	A	G	0.213951	0.943584	0.859102	3.5E-01	0.00578439	0.00699917	0.683001	4.1E-01	0.637851	4.2E-01
rs704067	12	89726027	1.03172	G	A	0.545137	0.989595	0.383142	5.4E-01	0.00306352	0.00565583	0.293392	5.9E-01	0.466974	4.9E-01
rs7958469	12	107052620	1.26171	G	A	0.638701	0.995036	10.006	1.6E-03	-0.0188922	0.00582655	10.5133	1.2E-03	12.1375	4.9E-04
rs1169809	12	121688026	1.45624	G	A	0.700981	0.994402	9.70451	1.8E-03	-0.0196406	0.00611369	10.3206	1.3E-03	10.0447	1.5E-03
rs139948644	12	123200016	1.46983	C	T	0.972198	0.923516	12.0403	5.2E-04	0.0575822	0.0176422	10.653	1.1E-03	13.0116	3.1E-04
rs11060406	12	123339117	1.47024	C	T	0.963245	0.964271	5.35729	2.1E-02	-0.0351426	0.015062	5.44378	2.0E-02	6.5771	1.0E-02
rs34149579	12	123345509	1.47026	G	T	0.947364	1	12.2702	4.6E-04	-0.0428441	0.0125048	11.739	6.1E-04	11.2665	7.9E-04
rs11613189	12	124642803	1.48018	C	T	0.627014	0.983075	3.36747	6.6E-02	0.0104431	0.00585421	3.18214	7.4E-02	3.49596	6.2E-02
rs1045411	13	31033232	0.263482	C	T	0.731322	0.996942	1.72792	1.9E-01	0.0106675	0.00632365	2.84571	9.2E-02	2.1657	1.4E-01
rs10507524	13	44684600	0.468128	T	C	0.907225	0.994143	1.55295	2.1E-01	-0.0123301	0.0096864	1.62035	2.0E-01	2.32524	1.3E-01
rs7334326	13	50967732	0.53896	G	C	0.858558	0.996316	2.24613	1.3E-01	-0.0128419	0.00802143	2.56303	1.1E-01	2.36242	1.2E-01
rs8012185	14	58668484	0.537795	A	G	0.723143	0.991197	3.7407	5.3E-02	-0.0117319	0.00625858	3.51385	6.1E-02	3.91625	4.8E-02
rs1286138	14	91485445	0.882014	T	G	0.326272	0.996304	1.53451	2.2E-01	0.00665392	0.00595903	1.24682	2.6E-01	1.37156	2.4E-01
rs2124307	14	98344662	1.02722	T	C	0.377671	0.998341	1.59966	2.1E-01	-0.00588981	0.00577344	1.04072	3.1E-01	1.30861	2.5E-01
rs7402977	15	31726824	0.452929	G	A	0.733341	0.984393	0.628669	4.3E-01	-0.0062538	0.00636586	0.965103	3.3E-01	0.651756	4.2E-01
rs12437696	15	40878474	0.62928	A	G	0.514448	0.998802	3.65358	5.6E-02	0.0115782	0.00560752	4.26324	3.9E-02	3.74703	5.3E-02
rs62020665	15	43020324	0.640949	C	G	0.911923	0.939942	35.8092	2.2E-09	-0.0623775	0.0101927	37.4523	9.4E-10	37.7786	7.9E-10
rs11630710	15	56364758	0.756318	G	T	0.893182	0.979091	10.9943	9.1E-04	-0.0282898	0.0091687	9.52012	2.0E-03	7.64944	5.7E-03
rs8034373	15	58542377	0.781618	C	T	0.922957	0.979957	32.4914	1.2E-08	-0.0592463	0.0106088	31.1883	2.3E-08	29.391	5.9E-08
rs62000866	15	58701049	0.785709	T	A	0.942929	0.921149	37.7098	8.2E-10	-0.0756628	0.0125623	36.2768	1.7E-09	37.9617	7.2E-10
rs17190510	15	58726463	0.787844	G	C	0.846003	0.988393	42.1022	8.7E-11	0.0519566	0.00778667	44.5223	2.5E-11	43.9674	3.3E-11
rs762551	15	75041917	1.00314	C	A	0.274031	1	1.1481	2.8E-01	-0.00511533	0.0062602	0.667684	4.1E-01	0.512768	4.7E-01
rs2401948	16	1340854	0.0338191	G	C	0.470432	0.984992	0.809149	3.7E-01	-0.00588966	0.00562918	1.09469	3.0E-01	1.3256	2.5E-01
rs3747577	16	4415696	0.082586	C	G	0.259453	0.988145	0.036455	8.5E-01	0.00196809	0.00640636	0.0943777	7.6E-01	0.313409	5.8E-01
rs12918743	16	11624245	0.272102	G	A	0.537731	0.991971	2.69405	1.0E-01	-0.0092926	0.00561036	2.74342	9.8E-02	2.55108	1.1E-01
rs4787456	16	28559573	0.542371	C	T	0.634158	0.996921	1.63204	2.0E-01	-0.00589595	0.005764	1.04631	3.1E-01	1.57379	2.1E-01
rs10083738	16	29927702	0.553162	G	A	0.451236	0.999839	0.338954	5.6E-01	-0.00215557	0.00561291	0.147485	7.0E-01	0.194514	6.6E-01
rs16952242	16	53474250	0.64336	G	A	0.697901	0.997944	0.00279292	9.6E-01	0.000513834	0.00608791	0.00712376	9.3E-01	0.0147809	9.0E-01
rs9937053	16	53799507	0.64597	G	A	0.577189	0.999601	1.6763	2.0E-01	0.00728051	0.00565419	1.65799	2.0E-01	2.18462	1.4E-01
rs11866219	16	69549749	0.858341	A	C	0.415071	0.975783	13.4617	2.4E-04	0.0203454	0.00574061	12.5608	3.9E-04	11.824	5.8E-04
rs2550733	16	81449060	1.04439	A	G	0.430475	1	0.963008	3.3E-01	0.0055821	0.00564707	0.977123	3.2E-01	1.18594	2.8E-01
rs2927333	16	81509279	1.0455	A	G	0.679399	0.985143	9.48623	2.1E-03	0.0179276	0.0060408	8.80754	3.0E-03	9.73272	1.8E-03
rs727428	17	7537792	0.196849	T	C	0.442911	1	7.94122	4.8E-03	0.0157119	0.00561163	7.83935	5.1E-03	8.00528	4.7E-03
rs8075019	17	17455192	0.444844	G	A	0.875707	0.988404	10.2245	1.4E-03	-0.029833	0.00850021	12.3178	4.5E-04	15.5409	8.1E-05
rs16942379	17	21259827	0.471679	C	T	0.508136	0.995529	5.09097	2.4E-02	0.012385	0.00560369	4.88477	2.7E-02	5.41527	2.0E-02
rs11651639	17	27672320	0.49569	A	T	0.483892	0.999433	2.29429	1.3E-01	-0.00891174	0.0055873	2.54403	1.1E-01	3.29887	6.9E-02
rs2306593	17	34866546	0.59517	C	T	0.509212	0.996584	2.39461	1.2E-01	0.00880017	0.00559545	2.4735	1.2E-01	2.95203	8.6E-02
rs9898547	17	38136026	0.641101	G	T	0.547302	0.994967	28.4745	9.5E-08	0.0310373	0.00564287	30.2529	3.8E-08	26.9265	2.1E-07
rs56328224	17	43572419	0.687192	C	T	0.774979	0.995527	7.66624	5.6E-03	-0.019717	0.0067241	8.59828	3.4E-03	7.72056	5.5E-03
rs11871767	17	61698723	0.887174	A	G	0.724058	0.995857	0.320217	5.7E-01	-0.00348081	0.00627227	0.307973	5.8E-01	0.115073	7.3E-01
rs7225826	17	67574721	0.971804	C	T	0.325145	0.997806	2.96152	8.5E-02	-0.00862588	0.00596099	2.09397	1.5E-01	1.78747	1.8E-01
rs312757	17	68347701	0.983463	C	G	0.322945	0.991143	0.878897	3.5E-01	0.00534693	0.00599666	0.795041	3.7E-01	0.98957	3.2E-01
rs3810068	18	2846499	0.0738566	T	C	0.595449	1	7.34344	6.7E-03	0.0119593	0.00567977	4.43356	3.5E-02	4.96244	2.6E-02
rs4890429	18	40697481	0.611694	T	C	0.738779	0.995191	3.89219	4.9E-02	0.0142045	0.0063866	4.94665	2.6E-02	6.24132	1.2E-02
rs357900	18	46585235	0.687097	T	A	0.110182	0.998906	0.456693	5.0E-01	0.00872616	0.00891516	0.958051	3.3E-01	0.836084	3.6E-01
rs3897645	18	57728947	0.82135	T	C	0.44357	1	2.50465	1.1E-01	0.00990869	0.00565163	3.07387	8.0E-02	3.71203	5.4E-02
rs2331933	18	57955945	0.822668	T	G	0.652244	0.979252	0.477265	4.9E-01	-0.00353709	0.00594524	0.353961	5.5E-01	0.441472	5.1E-01
rs12979965	19	2131148	0.0753026	A	G	0.499935	0.991113	0.0873154	7.7E-01	0.00250915	0.00560727	0.200239	6.5E-01	0.133548	7.1E-01
rs2240702	19	4159873	0.144523	A	G	0.883397	0.986669	6.94585	8.4E-03	-0.0241557	0.00873313	7.65064	5.7E-03	6.51563	1.1E-02
rs1799815	19	7125519	0.224812	G	A	0.932204	1	3.23658	7.2E-02	0.0199808	0.0110881	3.2472	7.2E-02	4.09414	4.3E-02
rs35555265	19	17152232	0.420672	C	T	0.803218	0.993265	4.36746	3.7E-02	0.0153752	0.00703928	4.77072	2.9E-02	3.73715	5.3E-02
rs72999466	19	18248499	0.447893	C	T	0.742114	0.99893	1.00766	3.2E-01	-0.00478466	0.00638384	0.561744	4.5E-01	0.681409	4.1E-01
rs1423056	19	33780444	0.560699	G	A	0.681797	0.903762	0.225694	6.3E-01	0.00326641	0.00631867	0.267233	6.1E-01	0.111115	7.4E-01
rs113504807	19	33787954	0.561506	C	T	0.951231	0.934153	1.40212	2.4E-01	-0.0148277	0.0133939	1.22556	2.7E-01	0.895218	3.4E-01
rs544964	19	37409561	0.616104	A	G	0.41725	0.998743	0.486233	4.9E-01	0.0054569	0.00567775	0.92372	3.4E-01	1.28625	2.6E-01
rs41290120	19	45382675	0.70669	G	A	0.951012	0.991385	34.2619	4.8E-09	-0.0753832	0.0130053	33.5978	6.8E-09	35.8932	2.1E-09
rs283810	19	45388241	0.706927	T	G	0.934159	0.990326	43.6226	4.0E-11	-0.0768653	0.0112987	46.2813	1.0E-11	48.2028	3.8E-12
rs35068131	19	55983854	0.996203	T	C	0.534321	0.942965	3.6552	5.6E-02	0.0112866	0.00576356	3.83482	5.0E-02	2.66847	1.0E-01
rs151235402	20	569164	0.0196907	C	T	0.984763	0.956324	3.88117	4.9E-02	-0.0458837	0.0234493	3.82874	5.0E-02	4.91475	2.7E-02
rs805769	20	5667459	0.191037	T	C	0.595297	0.99253	0.643554	4.2E-01	-0.0050798	0.00571248	0.790757	3.7E-01	0.825534	3.6E-01
rs2207132	20	39142516	0.589709	G	A	0.966689	1	24.701	6.7E-07	-0.0783351	0.015558	25.3516	4.8E-07	29.6273	5.2E-08
rs1800961	20	43042364	0.652832	C	T	0.969952	1	33.4052	7.5E-09	-0.0936415	0.0163527	32.7913	1.0E-08	31.7063	1.8E-08
rs2200586	20	44351554	0.670408	T	C	0.874424	0.990591	36.5131	1.5E-09	-0.0500952	0.00844212	35.2119	3.0E-09	36.0078	2.0E-09
rs1999536	20	45581777	0.691337	G	C	0.430698	0.994672	4.30503	3.8E-02	0.010522	0.00565159	3.46622	6.3E-02	3.95253	4.7E-02
rs6063779	20	50964151	0.79129	A	G	0.716732	0.997749	3.46617	6.3E-02	0.0120844	0.00620178	3.7968	5.1E-02	4.93475	2.6E-02
rs6090040	20	62692060	1.09656	A	C	0.479418	0.988701	21.4492	3.6E-06	0.0255698	0.00562082	20.6946	5.4E-06	23.7788	1.1E-06
rs66836452	21	33058743	0.322744	C	T	0.898201	0.995819	2.59035	1.1E-01	-0.0126527	0.00926531	1.86485	1.7E-01	1.57548	2.1E-01
rs2836139	21	39451403	0.432375	A	G	0.514891	0.9942	2.64546	1.0E-01	0.00725027	0.0056302	1.6583	2.0E-01	0.633597	4.3E-01
rs9625551	22	29140529	0.338663	G	A	0.979188	0.995212	0.316182	5.7E-01	0.00822523	0.0195528	0.176961	6.7E-01	0.0729299	7.9E-01
