rs1294014	1	9325676	0.18921	C	T	0.732088	0.974098	10.2838	1.3E-03	-0.0194476	0.00642934	9.1495	2.5E-03	10.831	1.0E-03
rs10753554	1	23619009	0.461644	T	C	0.260317	0.989627	0.24767	6.2E-01	-0.00410787	0.00642315	0.409014	5.2E-01	0.438108	5.1E-01
rs75460349	1	27180088	0.501718	A	C	0.976332	0.967852	31.7481	1.8E-08	-0.104237	0.0187206	31.0032	2.6E-08	31.5208	2.0E-08
rs72663503	1	39969059	0.670152	C	T	0.771573	0.996098	7.07456	7.8E-03	-0.0171984	0.00668258	6.62353	1.0E-02	8.30777	3.9E-03
rs657452	1	49589847	0.760469	A	G	0.390779	0.988645	1.6688	2.0E-01	0.0089284	0.00575342	2.40821	1.2E-01	2.26108	1.3E-01
rs11591147	1	55505647	0.809828	G	T	0.982511	1	57.7985	2.9E-14	0.160011	0.021378	56.0225	7.2E-14	59.8829	1.0E-14
rs646179	1	62902874	0.922787	A	G	0.394311	0.984822	45.0496	1.9E-11	0.0394283	0.00577461	46.6199	8.6E-12	52.965	3.4E-13
rs9436299	1	65892888	0.967508	C	A	0.325082	0.970882	0.00950742	9.2E-01	-0.000740935	0.0060782	0.0148597	9.0E-01	0.0122374	9.1E-01
rs1526480	1	91209986	1.21385	T	C	0.625038	1	8.99794	2.7E-03	-0.0170658	0.00581048	8.62637	3.3E-03	7.61281	5.8E-03
rs4375301	1	98298371	1.27828	A	G	0.767662	0.993807	2.44839	1.2E-01	-0.0109055	0.00667194	2.67169	1.0E-01	3.2211	7.3E-02
rs3108680	1	107572997	1.35724	T	C	0.652386	0.999501	0.300351	5.8E-01	-0.00370926	0.00592556	0.391845	5.3E-01	0.588921	4.4E-01
rs611793	1	109621436	1.38384	A	C	0.867877	0.971065	33.3345	7.8E-09	0.0474458	0.00837804	32.0708	1.5E-08	29.7575	4.9E-08
rs2076586	1	112273026	1.42823	C	T	0.753838	0.980886	0.226846	6.3E-01	-0.00338483	0.00657937	0.26467	6.1E-01	0.744767	3.9E-01
rs115499511	1	119322589	1.50902	T	C	0.963678	0.975965	0.264603	6.1E-01	0.00877212	0.0151475	0.335372	5.6E-01	0.361538	5.5E-01
rs10494220	1	119572398	1.50995	C	T	0.872599	0.999593	0.321882	5.7E-01	-0.00291955	0.00839381	0.12098	7.3E-01	0.0366484	8.5E-01
rs114056923	1	154868744	1.69777	T	C	0.966966	1	0.274936	6.0E-01	0.00719498	0.015746	0.208795	6.5E-01	0.0925558	7.6E-01
rs17345893	1	170171874	1.91645	C	T	0.933651	0.998406	0.640936	4.2E-01	0.0100872	0.0112669	0.80155	3.7E-01	0.700036	4.0E-01
rs1953096	1	170318770	1.91758	G	A	0.762782	0.999479	0.00460413	9.5E-01	0.000487361	0.00661588	0.00542659	9.4E-01	0.0145905	9.0E-01
rs6697844	1	172308238	1.93873	C	T	0.56798	0.996349	5.46118	1.9E-02	-0.0146522	0.00564498	6.7372	9.4E-03	7.3509	6.7E-03
rs633715	1	177852580	1.98813	T	C	0.789275	1	0.0710805	7.9E-01	0.00341171	0.00688878	0.245278	6.2E-01	0.511552	4.7E-01
rs11807331	1	196427811	2.14315	T	C	0.684298	0.996378	7.8896	5.0E-03	0.0163048	0.00603534	7.29841	6.9E-03	6.84205	8.9E-03
rs11240351	1	205044339	2.25371	A	G	0.594795	0.998205	0.0659039	8.0E-01	-0.00243027	0.00571124	0.181071	6.7E-01	0.310943	5.8E-01
rs61823192	1	219294570	2.43535	C	T	0.971468	0.90297	0.000772377	9.8E-01	-0.0017102	0.0177037	0.00933186	9.2E-01	0.214712	6.4E-01
rs77278027	1	219392230	2.43543	C	T	0.93823	0.976746	0.508888	4.8E-01	-0.00871015	0.0117881	0.545964	4.6E-01	0.435327	5.1E-01
rs6683741	1	219786717	2.43742	T	G	0.861853	0.991403	8.74985	3.1E-03	-0.0237726	0.00814569	8.5172	3.5E-03	8.19304	4.2E-03
rs4631704	1	230293530	2.53595	C	T	0.39136	0.985874	35.9867	2.0E-09	0.0362985	0.00578209	39.4102	3.4E-10	44.5649	2.5E-11
rs62106252	2	408713	0.00503892	G	A	0.950832	0.955734	0.136249	7.1E-01	-0.00454521	0.0132324	0.117987	7.3E-01	0.136762	7.1E-01
rs2867105	2	601905	0.00766081	T	G	0.178655	0.986439	0.0120808	9.1E-01	-0.00166385	0.00737307	0.0509248	8.2E-01	0.0381868	8.5E-01
rs711869	2	13073967	0.297329	G	A	0.443249	0.983109	0.373112	5.4E-01	-0.00172978	0.00569151	0.0923695	7.6E-01	0.0776199	7.8E-01
rs113178254	2	20921906	0.417157	C	T	0.934529	0.997165	32.2249	1.4E-08	0.0629497	0.011371	30.6473	3.1E-08	30.5032	3.3E-08
rs4971538	2	21121130	0.419459	T	G	0.87799	0.993171	43.9022	3.5E-11	-0.0578894	0.00857429	45.5828	1.5E-11	49.4685	2.0E-12
rs1275541	2	27389195	0.473183	A	G	0.303753	0.98562	36.4195	1.6E-09	-0.0359865	0.00613949	34.357	4.6E-09	34.7922	3.7E-09
rs7933	2	43452183	0.682402	A	G	0.634849	0.981779	1.79526	1.8E-01	-0.00801457	0.00586884	1.8649	1.7E-01	0.998045	3.2E-01
rs4299376	2	44072576	0.686578	G	T	0.325137	0.998057	40.6764	1.8E-10	0.038904	0.00600008	42.0411	8.9E-11	41.6779	1.1E-10
rs36072157	2	48953740	0.765134	G	C	0.658175	0.956087	4.3545	3.7E-02	-0.0121607	0.00603523	4.06003	4.4E-02	3.40558	6.5E-02
rs6546196	2	66144496	0.916561	G	A	0.525101	0.993792	3.39758	6.5E-02	-0.0111311	0.00564025	3.89474	4.8E-02	3.8216	5.1E-02
rs4316926	2	66749108	0.924328	G	A	0.396567	0.99766	0.922041	3.4E-01	0.00371685	0.00573899	0.419448	5.2E-01	0.695515	4.0E-01
rs2170702	2	67571130	0.937008	T	C	0.545622	0.996677	3.76867	5.2E-02	0.0121944	0.0056612	4.63987	3.1E-02	4.15475	4.2E-02
rs12712049	2	100208830	1.21955	A	G	0.176674	0.985519	3.89052	4.9E-02	0.0136126	0.00739227	3.39101	6.6E-02	3.11946	7.7E-02
rs72946301	2	111861838	1.33125	G	A	0.903863	0.964859	0.212357	6.4E-01	0.00346244	0.00968702	0.127757	7.2E-01	0.525278	4.7E-01
rs7593247	2	119337589	1.3956	C	T	0.503784	0.990163	0.0106322	9.2E-01	0.00102487	0.00563164	0.0331184	8.6E-01	0.0601739	8.1E-01
rs114666647	2	158393301	1.76187	T	C	0.987759	1	2.25185	1.3E-01	-0.0366735	0.0255181	2.06541	1.5E-01	1.49909	2.2E-01
rs11899550	2	158451825	1.76314	C	T	0.92902	0.994523	3.31881e-05	1.0E+00	0.00176659	0.0109177	0.0261825	8.7E-01	0.0447823	8.3E-01
rs62173895	2	165477903	1.81419	G	C	0.329951	0.997788	38.0202	7.0E-10	-0.035026	0.0059915	34.1751	5.0E-09	35.6071	2.4E-09
rs3769872	2	165565548	1.81514	C	T	0.941933	0.997539	4.70399	3.0E-02	0.028727	0.0120223	5.70964	1.7E-02	6.4811	1.1E-02
rs115283512	2	172379649	1.89769	C	T	0.817449	0.996247	0.157644	6.9E-01	0.00256404	0.00728184	0.123984	7.2E-01	0.00387685	9.5E-01
rs62173497	2	187821910	2.04064	C	A	0.889372	0.96522	0.948121	3.3E-01	0.00782472	0.00908373	0.742009	3.9E-01	0.783738	3.8E-01
rs1837121	2	216292331	2.28555	G	A	0.273406	0.99918	0.162724	6.9E-01	-0.00327926	0.00629604	0.271279	6.0E-01	0.493299	4.8E-01
rs16857748	2	218382258	2.32414	C	T	0.903272	0.999764	0.999586	3.2E-01	-0.0101047	0.00949373	1.13284	2.9E-01	0.967176	3.3E-01
rs16866785	2	226899056	2.44178	A	G	0.775296	0.992487	7.88309	5.0E-03	0.0186566	0.00674308	7.65501	5.7E-03	8.97586	2.7E-03
rs305506	3	12026709	0.296805	G	T	0.113563	0.992655	4.57991	3.2E-02	0.0189216	0.00888697	4.53324	3.3E-02	5.23163	2.2E-02
rs114252958	3	12409938	0.29797	C	T	0.982978	0.956617	0.00356795	9.5E-01	-0.00275447	0.0222676	0.0153012	9.0E-01	0.01027	9.2E-01
rs13086654	3	35532275	0.595296	G	A	0.863267	0.996625	2.25854	1.3E-01	-0.0106808	0.00814665	1.7189	1.9E-01	2.65993	1.0E-01
rs11926707	3	46925539	0.687568	T	C	0.379143	0.985514	14.2201	1.6E-04	-0.0210332	0.00580935	13.1086	2.9E-04	13.7595	2.1E-04
rs614288	3	52220203	0.695484	T	C	0.466765	1	1.22931	2.7E-01	0.00644779	0.00561082	1.32059	2.5E-01	0.863959	3.5E-01
rs11718560	3	64584862	0.868956	C	T	0.731847	0.985124	4.626	3.1E-02	-0.0137068	0.00637153	4.62788	3.1E-02	4.19839	4.0E-02
rs4688498	3	64674599	0.871028	C	T	0.669682	0.985151	0.0410592	8.4E-01	-0.00163215	0.00600882	0.0737809	7.9E-01	0.0526245	8.2E-01
rs9872683	3	123155892	1.35844	A	C	0.408022	0.993775	0.00967064	9.2E-01	-0.000219033	0.00571568	0.00146853	9.7E-01	0.00076875	9.8E-01
rs62265318	3	128752986	1.42297	G	A	0.965093	0.926921	0.0735745	7.9E-01	0.00825204	0.0158539	0.270927	6.0E-01	0.21376	6.4E-01
rs143418767	3	129105690	1.42548	G	A	0.980767	0.944053	0.948488	3.3E-01	0.0277847	0.0210424	1.74349	1.9E-01	1.86031	1.7E-01
rs112551697	3	150018637	1.64271	G	A	0.96554	0.928479	2.43994	1.2E-01	-0.0215098	0.0159075	1.82839	1.8E-01	2.55198	1.1E-01
rs7617389	3	156801088	1.71237	T	C	0.32586	0.969927	1.13336	2.9E-01	0.00666548	0.00608948	1.19813	2.7E-01	1.58397	2.1E-01
rs998749	3	168972802	1.77947	A	G	0.517178	0.992407	2.54599	1.1E-01	0.00977479	0.00562212	3.02284	8.2E-02	2.95873	8.5E-02
rs1499813	3	171760427	1.8208	T	C	0.587431	1	1.13863	2.9E-01	-0.00655852	0.00572266	1.31346	2.5E-01	2.21934	1.4E-01
rs11705729	3	185507299	2.01659	A	T	0.6869	0.999805	4.42486	3.5E-02	-0.0126309	0.00604825	4.36126	3.7E-02	4.58062	3.2E-02
rs7697256	4	848335	0.00782825	C	T	0.727433	0.999147	4.44197	3.5E-02	0.0139832	0.0062987	4.92846	2.6E-02	5.08687	2.4E-02
rs7659144	4	3098321	0.0324978	C	G	0.656231	0.995037	13.7088	2.1E-04	0.0224401	0.00590441	14.4443	1.4E-04	16.2583	5.5E-05
rs4450871	4	4990298	0.0879764	A	G	0.554775	1	28.1408	1.1E-07	0.0295073	0.00565464	27.2302	1.8E-07	28.2774	1.1E-07
rs1912897	4	26006133	0.455942	A	T	0.79303	0.98817	5.87963	1.5E-02	-0.0173194	0.00696999	6.17451	1.3E-02	6.06548	1.4E-02
rs17644283	4	26308792	0.461396	A	G	0.370735	0.99507	0.622888	4.3E-01	0.00509877	0.00583328	0.764022	3.8E-01	0.439554	5.1E-01
rs11133373	4	56215631	0.730194	C	G	0.682789	0.992346	2.27445	1.3E-01	-0.0102299	0.00605841	2.85119	9.1E-02	2.01641	1.6E-01
rs28716151	4	87799931	1.02887	A	G	0.633496	0.995654	30.0382	4.2E-08	-0.0330597	0.00584886	31.9489	1.6E-08	33.1694	8.4E-09
rs3775403	4	89615174	1.04851	T	C	0.869029	0.98982	3.83709	5.0E-02	0.0155919	0.00836568	3.47374	6.2E-02	3.09506	7.9E-02
rs17014616	4	89736565	1.04925	A	T	0.931087	0.996962	8.46793	3.6E-03	-0.0301002	0.0110874	7.37023	6.6E-03	7.56284	6.0E-03
rs12647922	4	106063987	1.17944	C	T	0.794569	0.998343	0.788644	3.7E-01	-0.0054466	0.00694225	0.615533	4.3E-01	0.805375	3.7E-01
rs7655064	4	120106348	1.31331	T	C	0.875314	0.995692	0.577412	4.5E-01	0.00625828	0.00849552	0.542663	4.6E-01	0.326411	5.7E-01
rs11727676	4	145659064	1.53853	T	C	0.903374	1	3.95274	4.7E-02	-0.0189432	0.00951288	3.96534	4.6E-02	5.38987	2.0E-02
rs13178917	5	4007353	0.10142	C	T	0.551974	0.99437	2.44327	1.2E-01	0.00995313	0.00563127	3.12397	7.7E-02	2.82816	9.3E-02
rs3792751	5	32773314	0.512212	C	T	0.626583	0.990118	0.331681	5.6E-01	-0.00322175	0.00582093	0.306337	5.8E-01	0.374762	5.4E-01
rs17457629	5	38795199	0.597633	A	T	0.728239	0.988005	1.28883	2.6E-01	0.00814761	0.00633999	1.65152	2.0E-01	1.64951	2.0E-01
rs2448	5	53302354	0.644969	T	C	0.737842	0.999532	1.47379	2.2E-01	-0.00724928	0.00639144	1.28645	2.6E-01	1.53886	2.1E-01
rs1559215	5	54867827	0.667887	G	A	0.339397	0.996823	2.58142	1.1E-01	0.00933546	0.00594297	2.46755	1.2E-01	1.99412	1.6E-01
rs11949724	5	55832217	0.681021	G	A	0.635455	1	5.65626	1.7E-02	-0.0140831	0.00584659	5.80217	1.6E-02	6.91496	8.5E-03
rs1002473	5	56274077	0.686309	T	G	0.206197	0.999836	0.726699	3.9E-01	0.00637963	0.00695446	0.84152	3.6E-01	0.824238	3.6E-01
rs34697	5	66298637	0.77068	A	G	0.432612	0.987874	0.17905	6.7E-01	0.00370413	0.00570632	0.421367	5.2E-01	0.502124	4.8E-01
rs253407	5	74926778	0.860943	A	G	0.275724	1	3.92656	4.8E-02	0.0126894	0.00628088	4.08168	4.3E-02	4.1018	4.3E-02
rs6870983	5	87697533	1.01437	C	T	0.787184	0.995128	0.9396	3.3E-01	0.00695779	0.00685623	1.02985	3.1E-01	0.816341	3.7E-01
rs27361	5	102548967	1.1092	G	A	0.700242	0.998319	1.15139	2.8E-01	0.00671519	0.00612914	1.20038	2.7E-01	1.09087	3.0E-01
rs34864074	5	112875535	1.20089	A	C	0.809873	0.995669	0.312938	5.8E-01	-0.0047966	0.00719841	0.444012	5.1E-01	0.475127	4.9E-01
rs10519585	5	118676529	1.27446	T	C	0.712535	0.977148	5.72063	1.7E-02	0.0161612	0.00626126	6.66229	9.8E-03	6.21127	1.3E-02
rs4705986	5	132349654	1.39065	T	G	0.937241	0.978165	1.71508	1.9E-01	0.0188112	0.011702	2.58412	1.1E-01	3.01246	8.3E-02
rs33999	5	141973349	1.48937	C	G	0.612065	0.9834	5.05454	2.5E-02	-0.0117269	0.00579159	4.09989	4.3E-02	3.72799	5.4E-02
rs10477191	5	142077715	1.49476	A	G	0.950886	0.911257	2.47862	1.2E-01	-0.0267029	0.013653	3.82525	5.0E-02	3.91729	4.8E-02
rs10062458	5	156367092	1.66277	T	C	0.34782	0.985353	47.1672	6.5E-12	-0.0403475	0.00590025	46.7619	8.0E-12	48.3229	3.6E-12
rs72846967	5	171849098	1.88961	A	G	0.706231	0.999429	3.54531	6.0E-02	-0.0114374	0.00616068	3.44665	6.3E-02	2.71424	9.9E-02
rs2053681	5	172746086	1.91113	A	G	0.485601	0.912476	2.14533	1.4E-01	-0.00764839	0.00588894	1.68681	1.9E-01	2.26493	1.3E-01
rs201058	6	6726017	0.180973	A	G	0.438993	0.99583	0.104146	7.5E-01	0.00271408	0.00565472	0.23037	6.3E-01	0.320462	5.7E-01
rs2326776	6	6761881	0.18302	G	A	0.790616	0.988382	0.974994	3.2E-01	-0.00677172	0.00692838	0.955289	3.3E-01	1.16002	2.8E-01
rs7751325	6	7209132	0.195952	C	T	0.550375	0.99847	0.0207307	8.9E-01	-0.000395312	0.0056455	0.00490315	9.4E-01	0.0133409	9.1E-01
rs17584626	6	20560435	0.409936	A	T	0.687051	0.984667	1.48272	2.2E-01	0.00795726	0.00608936	1.70759	1.9E-01	1.04863	3.1E-01
rs114376405	6	30770701	0.507083	G	A	0.988554	0.994696	0.000194273	9.9E-01	-0.0066571	0.0264361	0.0634126	8.0E-01	0.0523469	8.2E-01
rs3094225	6	31113052	0.510178	G	A	0.26968	0.999821	7.78331	5.3E-03	-0.0175136	0.00632945	7.6563	5.7E-03	6.37039	1.2E-02
rs9267989	6	32219320	0.51869	G	T	0.79171	0.999726	0.0419796	8.4E-01	0.0022774	0.00688426	0.109437	7.4E-01	0.204725	6.5E-01
rs181133225	6	32454764	0.520293	T	C	0.893444	0.778953	0.0217186	8.8E-01	-0.000623301	0.0102378	0.00370663	9.5E-01	0.0214125	8.8E-01
rs117108573	6	32489679	0.520303	C	T	0.921405	0.866866	0.0736157	7.9E-01	-0.000932918	0.0111263	0.00703051	9.3E-01	0.0151069	9.0E-01
rs142779375	6	34165351	0.545713	T	G	0.952718	0.997081	11.9199	5.6E-04	-0.0466468	0.0132117	12.466	4.1E-04	12.1709	4.9E-04
rs1574430	6	43269029	0.669727	A	C	0.391321	0.999399	0.495645	4.8E-01	0.00344894	0.00574592	0.36029	5.5E-01	0.490436	4.8E-01
rs9381248	6	43734606	0.675407	C	T	0.87836	0.993046	3.31285	6.9E-02	-0.0154567	0.00861469	3.21924	7.3E-02	3.59573	5.8E-02
rs35349911	6	43785255	0.678849	C	T	0.409597	0.97009	4.36453	3.7E-02	-0.012915	0.00580079	4.95693	2.6E-02	4.78486	2.9E-02
rs10452561	6	80805796	0.920872	T	C	0.874288	0.991795	0.306631	5.8E-01	-0.00410069	0.00846924	0.234437	6.3E-01	0.00551021	9.4E-01
rs1902066	6	81346033	0.922431	T	C	0.437575	0.991679	1.03254	3.1E-01	-0.00570019	0.00568016	1.00707	3.2E-01	0.889947	3.5E-01
rs6924944	6	100597579	1.0811	A	T	0.245827	0.981159	3.19106	7.4E-02	0.0125283	0.00659196	3.61206	5.7E-02	3.49682	6.1E-02
rs72969772	6	126187585	1.32503	A	G	0.980332	1	0.583204	4.5E-01	-0.0132048	0.0202556	0.424984	5.1E-01	0.364514	5.5E-01
rs9986505	6	126445558	1.32603	A	G	0.6761	0.991308	3.07956	7.9E-02	0.00963963	0.0060175	2.56619	1.1E-01	2.34808	1.3E-01
rs74949497	6	126812007	1.32699	A	C	0.97518	1	5.07492	2.4E-02	-0.0426061	0.01813	5.52267	1.9E-02	5.22057	2.2E-02
rs9389689	6	139813632	1.50282	G	C	0.504922	0.997811	30.3065	3.7E-08	-0.0304407	0.00560018	29.5465	5.5E-08	31.5714	1.9E-08
rs851978	6	152029556	1.64243	G	T	0.726311	0.996212	2.74623	9.7E-02	-0.00839774	0.00631026	1.77105	1.8E-01	1.63602	2.0E-01
rs9365100	6	160248806	1.76828	G	A	0.98445	0.969721	28.7273	8.3E-08	0.125482	0.0229534	29.8859	4.6E-08	30.2893	3.7E-08
rs960589	7	25823647	0.43812	A	C	0.837349	0.976235	3.10132	7.8E-02	-0.0121432	0.00767281	2.50472	1.1E-01	2.49455	1.1E-01
rs12671127	7	26309246	0.44373	C	T	0.633613	0.988487	2.45939	1.2E-01	0.0103646	0.00584161	3.14802	7.6E-02	2.42301	1.2E-01
rs2189239	7	27237453	0.453427	C	T	0.917096	0.977954	0.323942	5.7E-01	0.00484999	0.0103032	0.221582	6.4E-01	0.24864	6.2E-01
rs13223303	7	42692711	0.680137	T	C	0.70789	0.997675	1.44052	2.3E-01	0.00810288	0.00616968	1.72486	1.9E-01	1.85966	1.7E-01
rs42132	7	72809618	0.89708	C	T	0.812622	0.92392	42.2388	8.1E-11	0.0486163	0.00750522	41.9602	9.3E-11	38.8234	4.6E-10
rs2470945	7	104585760	1.19835	C	A	0.596387	0.999188	0.0518196	8.2E-01	0.00107234	0.00568983	0.0355197	8.5E-01	0.0296182	8.6E-01
rs4313084	7	114586903	1.30546	C	T	0.0829266	0.999308	0.0488375	8.3E-01	0.0033614	0.0101667	0.109315	7.4E-01	0.213998	6.4E-01
rs12154627	7	130422934	1.4017	T	C	0.506907	0.97487	44.0898	3.1E-11	0.036551	0.00567071	41.5454	1.2E-10	43.4802	4.3E-11
rs4921913	8	18272377	0.43529	C	T	0.221394	0.999648	32.1227	1.4E-08	0.0377936	0.00675924	31.2637	2.3E-08	29.4189	5.8E-08
rs11781244	8	19622636	0.469011	C	T	0.821433	0.978327	37.4006	9.6E-10	0.044319	0.00740684	35.8026	2.2E-09	39.375	3.5E-10
rs10103634	8	19890612	0.473319	G	A	0.679853	1	99.5142	1.9E-23	0.0588152	0.00599412	96.2782	1.0E-22	102.107	5.3E-24
rs7815496	8	38321607	0.69461	C	T	0.597431	0.996532	8.7545	3.1E-03	-0.0171212	0.00571331	8.98035	2.7E-03	9.57776	2.0E-03
rs7826120	8	59371725	0.81908	T	C	0.332931	0.994459	33.0221	9.1E-09	0.0330172	0.00598174	30.4667	3.4E-08	31.2691	2.2E-08
rs10093418	8	72392687	0.950051	A	G	0.892444	0.978176	4.72621	3.0E-02	-0.0206018	0.00908801	5.13891	2.3E-02	5.33497	2.1E-02
rs144435165	8	126419938	1.45107	G	C	0.944194	0.785853	32.2768	1.3E-08	-0.0816685	0.0137567	35.2435	2.9E-09	34.5217	4.2E-09
rs2954018	8	126477153	1.45319	C	T	0.298303	0.998357	73.9837	7.9E-18	0.0539327	0.00613285	77.3356	1.4E-18	81.4187	1.8E-19
rs2131919	9	95283887	1.12689	A	G	0.83667	0.999136	5.00398	2.5E-02	-0.0171308	0.00761402	5.06204	2.4E-02	4.71033	3.0E-02
rs2398893	9	96758342	1.14182	A	G	0.725421	0.999804	0.0584502	8.1E-01	0.00353946	0.00629886	0.315756	5.7E-01	0.232832	6.3E-01
rs12686004	9	107653426	1.24316	G	A	0.884341	1	2.84822	9.1E-02	0.0152628	0.00876995	3.02884	8.2E-02	3.76266	5.2E-02
rs10991414	9	107685589	1.24582	T	C	0.861068	0.989408	2.26992	1.3E-01	-0.012353	0.00817539	2.28312	1.3E-01	2.47276	1.2E-01
rs73519946	9	107868862	1.24912	A	T	0.958103	0.989128	0.943936	3.3E-01	0.0150096	0.0141028	1.13274	2.9E-01	1.76425	1.8E-01
rs7096078	10	3560644	0.0740604	C	T	0.425467	0.981688	0.209749	6.5E-01	0.00376048	0.00571813	0.432492	5.1E-01	0.316087	5.7E-01
rs2907794	10	32391109	0.603202	G	A	0.758285	0.99713	1.5524	2.1E-01	0.00758856	0.00655021	1.34217	2.5E-01	0.729196	3.9E-01
rs2247486	10	33489594	0.609463	A	G	0.603119	0.998525	1.41235	2.3E-01	0.00606296	0.00571736	1.12455	2.9E-01	0.766952	3.8E-01
rs12243209	10	63783406	0.859343	T	C	0.963634	0.99691	3.05567	8.0E-02	-0.0259958	0.0150348	2.9896	8.4E-02	3.99597	4.6E-02
rs10995041	10	63867523	0.860298	A	C	0.754056	0.97671	0.345604	5.6E-01	-0.00402385	0.00660567	0.371064	5.4E-01	0.479853	4.9E-01
rs7089698	10	65384567	0.871611	A	G	0.465243	0.998398	8.67171	3.2E-03	0.0175772	0.00564056	9.71078	1.8E-03	8.72396	3.1E-03
rs703985	10	80940740	1.06575	A	T	0.590861	0.992524	8.10348	4.4E-03	0.0166209	0.00572942	8.41561	3.7E-03	8.39949	3.8E-03
rs11202614	10	89755643	1.15952	C	T	0.838039	0.997476	6.49866	1.1E-02	-0.0206037	0.00764514	7.26308	7.0E-03	7.511	6.1E-03
rs10882028	10	93943900	1.2086	C	T	0.408953	0.999201	1.5321	2.2E-01	-0.00774694	0.00568828	1.85481	1.7E-01	1.67369	2.0E-01
rs7917772	10	104487443	1.30576	G	A	0.367969	1	0.00147609	9.7E-01	-0.00106759	0.00580517	0.0338204	8.5E-01	0.000440325	9.8E-01
rs11596249	10	122812361	1.5266	T	G	0.911116	0.993945	6.80707	9.1E-03	-0.0248437	0.00987735	6.32632	1.2E-02	7.78885	5.3E-03
rs10788149	10	122967170	1.52881	G	A	0.320548	1	3.87016	4.9E-02	0.0123945	0.0060255	4.23127	4.0E-02	4.04065	4.4E-02
rs140201358	11	823586	0.0109832	C	G	0.986248	1	4.91618	2.7E-02	-0.0570805	0.0240927	5.61312	1.8E-02	4.96108	2.6E-02
rs7932891	11	10921512	0.210707	A	G	0.294517	0.99931	0.844148	3.6E-01	0.00576184	0.00614903	0.878029	3.5E-01	0.280093	6.0E-01
rs11029441	11	26279145	0.452845	T	C	0.920415	0.988421	7.98695	4.7E-03	-0.0277218	0.0104245	7.07192	7.8E-03	7.25188	7.1E-03
rs12786130	11	27505954	0.464069	C	T	0.238291	0.989196	7.58761	5.9E-03	0.0184421	0.0066165	7.76896	5.3E-03	8.12371	4.4E-03
rs56386213	11	36291554	0.562467	A	G	0.595018	1	4.34182e-05	9.9E-01	0.00149705	0.00568205	0.0694163	7.9E-01	0.126385	7.2E-01
rs2509963	11	62192931	0.710202	T	C	0.257705	0.993079	5.40083	2.0E-02	-0.0146164	0.00639772	5.21954	2.2E-02	4.78289	2.9E-02
rs11231137	11	62315699	0.714502	G	A	0.701274	0.997506	5.44261	2.0E-02	-0.0142002	0.00613019	5.36589	2.1E-02	5.65693	1.7E-02
rs666194	11	65159382	0.737661	T	C	0.357112	0.971346	0.429663	5.1E-01	0.00366984	0.00593584	0.382234	5.4E-01	0.436301	5.1E-01
rs61881114	11	68996697	0.758653	C	T	0.848445	0.991928	1.75953	1.8E-01	0.0103332	0.00783245	1.74048	1.9E-01	1.69461	1.9E-01
rs12362685	11	111478720	1.18727	A	T	0.621328	0.997217	0.0620293	8.0E-01	0.00176854	0.00579302	0.0932006	7.6E-01	0.0696727	7.9E-01
rs78221557	11	116515528	1.25942	G	A	0.98124	0.969038	34.4954	4.3E-09	-0.122203	0.0209695	33.9615	5.6E-09	36.069	1.9E-09
rs55776558	11	116527521	1.25984	T	C	0.953162	0.985638	86.4781	1.4E-20	-0.126493	0.0133865	89.2893	3.4E-21	89.2733	3.4E-21
rs579682	11	122014110	1.35175	C	T	0.283365	0.991186	0.128071	7.2E-01	0.00275371	0.00625566	0.193771	6.6E-01	0.425707	5.1E-01
rs747249	11	130271647	1.49781	A	G	0.360849	0.986641	0.99093	3.2E-01	-0.00680204	0.0058852	1.33585	2.5E-01	1.27192	2.6E-01
rs10771260	12	26253557	0.45721	A	C	0.608183	0.995844	1.20878	2.7E-01	-0.00656756	0.00577092	1.29514	2.6E-01	1.65885	2.0E-01
rs16915737	12	26403614	0.459048	C	T	0.928538	0.993226	0.00691396	9.3E-01	0.00152747	0.0108954	0.0196547	8.9E-01	0.00431796	9.5E-01
rs7310959	12	45968598	0.59006	G	A	0.897555	1	12.8219	3.4E-04	-0.0329117	0.00926908	12.6075	3.8E-04	12.8608	3.4E-04
rs75824359	12	54320490	0.68262	A	G	0.970266	0.973341	0.708838	4.0E-01	0.0150935	0.0167323	0.813704	3.7E-01	1.3479	2.5E-01
rs7961915	12	66425288	0.795219	A	G	0.213926	0.943584	0.244936	6.2E-01	0.00335849	0.00702901	0.228297	6.3E-01	0.221953	6.4E-01
rs704067	12	89726027	1.03172	G	A	0.545146	0.989595	0.0138165	9.1E-01	-3.63241e-05	0.00567962	4.09028e-05	9.9E-01	0.00202854	9.6E-01
rs7958469	12	107052620	1.26171	G	A	0.638699	0.995036	17.4395	3.0E-05	-0.0242634	0.00585121	17.1954	3.4E-05	17.1486	3.5E-05
rs1169809	12	121688026	1.45624	G	A	0.700971	0.994402	5.47431	1.9E-02	-0.0153855	0.00613951	6.27996	1.2E-02	7.35559	6.7E-03
rs139948644	12	123200016	1.46983	C	T	0.972202	0.923516	5.37047	2.0E-02	0.040665	0.0177179	5.26768	2.2E-02	5.70872	1.7E-02
rs11060406	12	123339117	1.47024	C	T	0.96325	0.964271	5.92504	1.5E-02	-0.0363242	0.0151266	5.76645	1.6E-02	6.04947	1.4E-02
rs34149579	12	123345509	1.47026	G	T	0.947363	1	20.1093	7.3E-06	-0.0561114	0.0125576	19.9659	7.9E-06	20.4072	6.3E-06
rs11613189	12	124642803	1.48018	C	T	0.627038	0.983075	7.76702	5.3E-03	0.0164362	0.00587884	7.81665	5.2E-03	8.11678	4.4E-03
rs1045411	13	31033232	0.263482	C	T	0.7313	0.996942	7.57384	5.9E-03	0.0192775	0.00635018	9.21571	2.4E-03	8.70384	3.2E-03
rs10507524	13	44684600	0.468128	T	C	0.907237	0.994143	0.266317	6.1E-01	-0.00464418	0.00972767	0.227929	6.3E-01	0.325855	5.7E-01
rs7334326	13	50967732	0.53896	G	C	0.858576	0.996316	11.1254	8.5E-04	-0.0277162	0.00805555	11.8379	5.8E-04	12.064	5.1E-04
rs8012185	14	58668484	0.537795	A	G	0.723155	0.991197	2.98657	8.4E-02	-0.00944132	0.00628552	2.25623	1.3E-01	2.9767	8.4E-02
rs1286138	14	91485445	0.882014	T	G	0.326286	0.996304	1.11018	2.9E-01	0.00534218	0.00598436	0.796898	3.7E-01	1.00531	3.2E-01
rs2124307	14	98344662	1.02722	T	C	0.377663	0.998341	0.0742873	7.9E-01	0.00219504	0.00579814	0.143321	7.1E-01	0.0604234	8.1E-01
rs7402977	15	31726824	0.452929	G	A	0.733334	0.984393	0.076835	7.8E-01	0.000984978	0.0063947	0.0237253	8.8E-01	0.0586253	8.1E-01
rs12437696	15	40878474	0.62928	A	G	0.51447	0.998802	4.22754	4.0E-02	0.0124057	0.00563335	4.8496	2.8E-02	4.23626	4.0E-02
rs149492745	15	43099550	0.641031	C	T	0.977336	0.916905	29.9132	4.5E-08	-0.109981	0.019689	31.2024	2.3E-08	31.7155	1.8E-08
rs11630710	15	56364758	0.756318	G	T	0.893172	0.979091	0.91888	3.4E-01	-0.0073451	0.00921054	0.635953	4.3E-01	0.477326	4.9E-01
rs12911939	15	63800065	0.876679	T	C	0.431976	0.996322	1.31802	2.5E-01	0.00870852	0.00567922	2.35132	1.3E-01	1.83763	1.8E-01
rs762551	15	75041917	1.00314	C	A	0.274028	1	6.22337	1.3E-02	-0.0154422	0.00628882	6.02947	1.4E-02	5.61835	1.8E-02
rs2401948	16	1340854	0.0338191	G	C	0.470436	0.984992	0.568817	4.5E-01	-0.0043084	0.00565989	0.579451	4.5E-01	0.653722	4.2E-01
rs3747577	16	4415696	0.082586	C	G	0.259467	0.988145	0.119718	7.3E-01	0.00287329	0.00644118	0.198988	6.6E-01	0.438442	5.1E-01
rs12918743	16	11624245	0.272102	G	A	0.537734	0.991971	0.96564	3.3E-01	-0.00586337	0.00564088	1.08044	3.0E-01	0.941691	3.3E-01
rs4787456	16	28559573	0.542371	C	T	0.634142	0.996921	2.19735	1.4E-01	-0.00659331	0.0057954	1.29432	2.6E-01	1.74807	1.9E-01
rs10083738	16	29927702	0.553162	G	A	0.45121	0.999839	0.0792441	7.8E-01	-0.000698904	0.00564359	0.0153364	9.0E-01	0.058191	8.1E-01
rs16952242	16	53474250	0.64336	G	A	0.697908	0.997944	0.437149	5.1E-01	-0.00314226	0.00612127	0.263513	6.1E-01	0.392556	5.3E-01
rs9937053	16	53799507	0.64597	G	A	0.577195	0.999601	1.40201	2.4E-01	0.00761074	0.00568525	1.79207	1.8E-01	2.27434	1.3E-01
rs11866219	16	69549749	0.858341	A	C	0.415066	0.975783	21.8749	2.9E-06	0.0266749	0.00577194	21.3581	3.8E-06	19.7724	8.7E-06
rs2550733	16	81449060	1.04439	A	G	0.430492	1	2.11009	1.5E-01	0.00857941	0.00567791	2.28317	1.3E-01	2.32433	1.3E-01
rs2927333	16	81509279	1.0455	A	G	0.679395	0.985143	7.82309	5.2E-03	0.0166904	0.00607397	7.5507	6.0E-03	7.92861	4.9E-03
rs727428	17	7537792	0.196849	T	C	0.44291	1	7.5926	5.9E-03	0.016101	0.0056361	8.16111	4.3E-03	9.71651	1.8E-03
rs8075019	17	17455192	0.444844	G	A	0.875691	0.988404	7.85044	5.1E-03	-0.026267	0.00853688	9.4672	2.1E-03	11.5051	6.9E-04
rs16942379	17	21259827	0.471679	C	T	0.508165	0.995529	3.58165	5.8E-02	0.0108665	0.00562803	3.72794	5.4E-02	3.42136	6.4E-02
rs11651639	17	27672320	0.49569	A	T	0.483934	0.999433	1.48508	2.2E-01	-0.00679484	0.00561145	1.46625	2.3E-01	2.12188	1.5E-01
rs2306593	17	34866546	0.59517	C	T	0.509195	0.996584	0.799529	3.7E-01	0.00488425	0.00561975	0.755375	3.8E-01	0.915037	3.4E-01
rs55883500	17	40395267	0.664304	T	G	0.691334	0.998762	2.41108	1.2E-01	-0.00994714	0.00607146	2.68417	1.0E-01	3.71103	5.4E-02
rs56328224	17	43572419	0.687192	C	T	0.774992	0.995527	7.55487	6.0E-03	-0.0189841	0.00675345	7.90182	4.9E-03	7.0618	7.9E-03
rs11871767	17	61698723	0.887174	A	G	0.724045	0.995857	0.127525	7.2E-01	-0.00198259	0.00629943	0.0990523	7.5E-01	0.00725489	9.3E-01
rs7225826	17	67574721	0.971804	C	T	0.325119	0.997806	1.31353	2.5E-01	-0.00503295	0.00598696	0.706695	4.0E-01	0.310763	5.8E-01
rs312757	17	68347701	0.983463	C	G	0.322951	0.991143	0.772171	3.8E-01	0.00568082	0.00602269	0.889694	3.5E-01	1.18864	2.8E-01
rs3810068	18	2846499	0.0738566	T	C	0.595452	1	11.6433	6.4E-04	0.0162964	0.00570376	8.16324	4.3E-03	8.78882	3.0E-03
rs4890429	18	40697481	0.611694	T	C	0.738773	0.995191	6.53709	1.1E-02	0.0182512	0.00641342	8.09852	4.4E-03	9.18593	2.4E-03
rs357900	18	46585235	0.687097	T	A	0.110184	0.998906	1.65917	2.0E-01	0.0147409	0.00895278	2.711	1.0E-01	2.63612	1.0E-01
rs3897645	18	57728947	0.82135	T	C	0.443585	1	0.466049	4.9E-01	0.00503759	0.00567552	0.787835	3.7E-01	0.897941	3.4E-01
rs2331933	18	57955945	0.822668	T	G	0.652214	0.979252	0.0206171	8.9E-01	0.000821027	0.00596998	0.0189134	8.9E-01	0.0413905	8.4E-01
rs12979965	19	2131148	0.0753026	A	G	0.499935	0.991113	9.92997e-05	9.9E-01	0.00189058	0.00562905	0.112803	7.4E-01	0.115065	7.3E-01
rs2240702	19	4159873	0.144523	A	G	0.883396	0.986669	5.20981	2.2E-02	-0.0226881	0.00876739	6.69665	9.7E-03	5.17805	2.3E-02
rs1799815	19	7125519	0.224812	G	A	0.932212	1	6.15637	1.3E-02	0.0277593	0.0111322	6.2181	1.3E-02	6.53593	1.1E-02
rs35555265	19	17152232	0.420672	C	T	0.803227	0.993265	5.44021	2.0E-02	0.0172659	0.007067	5.96906	1.5E-02	4.7245	3.0E-02
rs72999466	19	18248499	0.447893	C	T	0.742123	0.99893	1.63216	2.0E-01	-0.00800419	0.00640898	1.55975	2.1E-01	1.25569	2.6E-01
rs1423056	19	33780444	0.560699	G	A	0.681795	0.903762	0.0920516	7.6E-01	0.00179044	0.0063433	0.0796693	7.8E-01	0.0139862	9.1E-01
rs113504807	19	33787954	0.561506	C	T	0.951238	0.934153	0.627102	4.3E-01	-0.011231	0.0134471	0.697563	4.0E-01	0.606308	4.4E-01
rs544964	19	37409561	0.616104	A	G	0.417229	0.998743	1.55613	2.1E-01	0.00780133	0.00570008	1.87316	1.7E-01	2.31453	1.3E-01
rs148933445	19	45302504	0.703392	G	A	0.978083	0.864857	36.9758	1.2E-09	0.127123	0.0205726	38.1828	6.4E-10	36.4161	1.6E-09
rs112422902	19	45369203	0.706302	G	A	0.966483	0.980938	29.3014	6.2E-08	0.0871583	0.0157544	30.6066	3.2E-08	30.3997	3.5E-08
rs35068131	19	55983854	0.996203	T	C	0.534309	0.942965	0.780127	3.8E-01	0.00629067	0.00578619	1.18197	2.8E-01	0.51335	4.7E-01
rs151235402	20	569164	0.0196907	C	T	0.984757	0.956324	3.91114	4.8E-02	-0.0458921	0.0235459	3.79879	5.1E-02	3.82274	5.1E-02
rs805769	20	5667459	0.191037	T	C	0.595306	0.99253	0.283185	5.9E-01	-0.00347845	0.00573719	0.367599	5.4E-01	0.48338	4.9E-01
rs2902941	20	39091514	0.587859	A	G	0.644838	0.991217	33.0747	8.9E-09	0.0329577	0.00582699	31.9909	1.5E-08	31.9422	1.6E-08
rs6129762	20	39763155	0.597598	G	C	0.524051	0.997875	30.2338	3.8E-08	-0.0308085	0.00560139	30.2518	3.8E-08	28.7835	8.1E-08
rs6073958	20	44551855	0.671278	T	C	0.801896	0.998749	29.9912	4.3E-08	-0.038759	0.00704126	30.3002	3.7E-08	27.5178	1.6E-07
rs1999536	20	45581777	0.691337	G	C	0.430706	0.994672	6.88346	8.7E-03	0.0128136	0.00567599	5.09634	2.4E-02	5.77612	1.6E-02
rs6090040	20	62692060	1.09656	A	C	0.479429	0.988701	20.3634	6.4E-06	0.0250958	0.00564519	19.7626	8.8E-06	21.779	3.1E-06
rs66836452	21	33058743	0.322744	C	T	0.898206	0.995819	0.786911	3.8E-01	-0.00541327	0.00930399	0.338518	5.6E-01	0.16432	6.9E-01
rs2836139	21	39451403	0.432375	A	G	0.514897	0.9942	1.10585	2.9E-01	0.00441065	0.00565366	0.608621	4.4E-01	0.344877	5.6E-01
rs9625551	22	29140529	0.338663	G	A	0.979191	0.995212	0.0121433	9.1E-01	-0.00300093	0.0196347	0.0233595	8.8E-01	0.196909	6.6E-01
