SNP	CHR	BP	GENPOS	ALLELE1	ALLELE0	A1FREQ	INFO	CHISQ_LINREG	P_LINREG	BETA	SE	CHISQ_BOLT_LMM_INF	P_BOLT_LMM_INF
rs1294014	1	9325676	0.18921	C	T	0.732088	0.974098	5.31667	2.1E-02	-0.0151729	0.00644676	5.53933	1.9E-02	5.98597	1.4E-02
rs10753554	1	23619009	0.461644	T	C	0.260317	0.989627	2.98167	8.4E-02	-0.0114049	0.00644056	3.13574	7.7E-02	3.07117	8.0E-02
rs72663503	1	39969059	0.670152	C	T	0.771573	0.996098	5.53398e-05	9.9E-01	0.0010931	0.00670069	0.0266121	8.7E-01	0.0292485	8.6E-01
rs657452	1	49589847	0.760469	A	G	0.390779	0.988645	0.862613	3.5E-01	0.00644681	0.00576901	1.24878	2.6E-01	0.772713	3.8E-01
rs624698	1	62900811	0.92277	A	G	0.58261	0.969721	42.9619	5.6E-11	0.0389864	0.00578019	45.4929	1.5E-11	51.153	8.5E-13
rs9436299	1	65892888	0.967508	C	A	0.325082	0.970882	0.642987	4.2E-01	0.00473685	0.00609467	0.604059	4.4E-01	1.27956	2.6E-01
rs1526480	1	91209986	1.21385	T	C	0.625038	1	5.54271	1.9E-02	-0.013759	0.00582623	5.57695	1.8E-02	4.93834	2.6E-02
rs4375301	1	98298371	1.27828	A	G	0.767662	0.993807	0.102691	7.5E-01	-0.00250802	0.00669002	0.140543	7.1E-01	0.164808	6.8E-01
rs3108680	1	107572997	1.35724	T	C	0.652386	0.999501	3.17727	7.5E-02	-0.0113423	0.00594162	3.64414	5.6E-02	2.41326	1.2E-01
rs34928492	1	109613013	1.38376	C	G	0.864257	0.974417	29.4809	5.6E-08	0.0452953	0.00828757	29.8711	4.6E-08	27.2639	1.8E-07
rs4970829	1	109757295	1.38629	G	A	0.928491	1	60.5147	7.3E-15	0.0863961	0.0109051	62.7662	2.3E-15	63.8162	1.4E-15
rs2076586	1	112273026	1.42823	C	T	0.753838	0.980886	4.32092	3.8E-02	-0.0142625	0.0065972	4.67381	3.1E-02	5.54526	1.9E-02
rs114056923	1	154868744	1.69777	T	C	0.966966	1	0.00918937	9.2E-01	-0.00275037	0.0157887	0.0303454	8.6E-01	0.00661311	9.4E-01
rs17345893	1	170171874	1.91645	C	T	0.933651	0.998406	3.0065	8.3E-02	0.0187758	0.0112974	2.76209	9.7E-02	2.39018	1.2E-01
rs1953096	1	170318770	1.91758	G	A	0.762782	0.999479	0.613046	4.3E-01	0.0051925	0.00663381	0.612671	4.3E-01	0.421923	5.2E-01
rs6697844	1	172308238	1.93873	C	T	0.56798	0.996349	2.17931	1.4E-01	-0.00930221	0.00566028	2.70082	1.0E-01	3.0307	8.2E-02
rs633715	1	177852580	1.98813	T	C	0.789275	1	3.20449	7.3E-02	0.0121983	0.00690745	3.11861	7.7E-02	3.09193	7.9E-02
rs11807331	1	196427811	2.14315	T	C	0.684298	0.996378	3.20466	7.3E-02	0.0104625	0.00605169	2.98895	8.4E-02	3.32918	6.8E-02
rs11240351	1	205044339	2.25371	A	G	0.594795	0.998205	0.0279963	8.7E-01	-0.00165707	0.00572671	0.0837275	7.7E-01	0.0616551	8.0E-01
rs61823192	1	219294570	2.43535	C	T	0.971468	0.90297	0.0883375	7.7E-01	0.00379504	0.0177516	0.0457042	8.3E-01	0.00800679	9.3E-01
rs77278027	1	219392230	2.43543	C	T	0.93823	0.976746	0.518823	4.7E-01	-0.00877218	0.01182	0.550778	4.6E-01	0.375863	5.4E-01
rs6683741	1	219786717	2.43742	T	G	0.861853	0.991403	2.90927	8.8E-02	-0.0140504	0.00816776	2.9592	8.5E-02	2.4166	1.2E-01
rs661955	1	234842856	2.62186	G	C	0.481801	0.978806	39.1847	3.9E-10	-0.0349723	0.00568205	37.8824	7.5E-10	42.9147	5.7E-11
rs62106252	2	408713	0.00503892	G	A	0.950832	0.955734	1.62353	2.0E-01	-0.0158548	0.01327	1.42751	2.3E-01	1.07276	3.0E-01
rs2867105	2	601905	0.00766081	T	G	0.178655	0.986439	0.00878685	9.3E-01	-0.00195329	0.00739406	0.0697857	7.9E-01	0.0162904	9.0E-01
rs711869	2	13073967	0.297329	G	A	0.443249	0.983109	0.167473	6.8E-01	-0.00124186	0.00570771	0.0473394	8.3E-01	0.00230842	9.6E-01
rs143590503	2	21107494	0.419183	T	G	0.848008	0.94877	28.8361	7.9E-08	0.0438357	0.00803043	29.7974	4.8E-08	30.9707	2.6E-08
rs1083864	2	27619049	0.473426	C	G	0.554774	0.996404	33.9485	5.7E-09	0.033302	0.00567023	34.4936	4.3E-09	36.6215	1.4E-09
rs7933	2	43452183	0.682402	A	G	0.634849	0.981779	2.50292	1.1E-01	-0.0087194	0.00588554	2.19483	1.4E-01	1.67837	2.0E-01
rs56266464	2	44054991	0.686489	G	A	0.939556	0.986548	58.7884	1.8E-14	0.0933275	0.0118945	61.5635	4.3E-15	61.7306	3.9E-15
rs36072157	2	48953740	0.765134	G	C	0.658175	0.956087	3.57485	5.9E-02	-0.0114422	0.00605241	3.57407	5.9E-02	3.50442	6.1E-02
rs1877026	2	63072208	0.885693	A	G	0.152553	0.992931	31.823	1.7E-08	0.0440629	0.00783016	31.6669	1.8E-08	33.7153	6.4E-09
rs4316926	2	66749108	0.924328	G	A	0.396567	0.99766	3.51325	6.1E-02	0.0102818	0.00575532	3.19154	7.4E-02	4.60005	3.2E-02
rs2170702	2	67571130	0.937008	T	C	0.545622	0.996677	1.43435	2.3E-01	0.00768919	0.00567731	1.83432	1.8E-01	1.65305	2.0E-01
rs12712049	2	100208830	1.21955	A	G	0.176674	0.985519	0.0684195	7.9E-01	0.000981628	0.0074133	0.0175336	8.9E-01	0.0790196	7.8E-01
rs72946301	2	111861838	1.33125	G	A	0.903863	0.964859	0.855802	3.5E-01	-0.0104286	0.00971459	1.15239	2.8E-01	0.769258	3.8E-01
rs7593247	2	119337589	1.3956	C	T	0.503784	0.990163	0.206832	6.5E-01	0.00259993	0.00564766	0.211926	6.5E-01	0.328597	5.7E-01
rs114666647	2	158393301	1.76187	T	C	0.987759	1	3.65861	5.6E-02	-0.0489706	0.0255907	3.66188	5.6E-02	3.47733	6.2E-02
rs11899550	2	158451825	1.76314	C	T	0.92902	0.994523	1.25279	2.6E-01	0.0128516	0.0109488	1.3778	2.4E-01	1.17001	2.8E-01
rs62173895	2	165477903	1.81419	G	C	0.329951	0.997788	15.2562	9.4E-05	-0.0217809	0.00600855	13.1405	2.9E-04	13.2316	2.8E-04
rs3769872	2	165565548	1.81514	C	T	0.941933	0.997539	1.45777	2.3E-01	0.0158274	0.0120565	1.72336	1.9E-01	2.17143	1.4E-01
rs115283512	2	172379649	1.89769	C	T	0.817449	0.996247	0.439245	5.1E-01	0.00400299	0.00730257	0.300481	5.8E-01	0.00374552	9.5E-01
rs62173497	2	187821910	2.04064	C	A	0.889372	0.96522	0.232615	6.3E-01	-0.00491504	0.00910958	0.29111	5.9E-01	0.326919	5.7E-01
rs1837121	2	216292331	2.28555	G	A	0.273406	0.99918	1.75789	1.8E-01	-0.00938881	0.00631396	2.21115	1.4E-01	2.34832	1.3E-01
rs16857748	2	218382258	2.32414	C	T	0.903272	0.999764	0.00117372	9.7E-01	0.000249956	0.00952075	0.000689265	9.8E-01	0.000440608	9.8E-01
rs16866785	2	226899056	2.44178	A	G	0.775296	0.992487	0.139399	7.1E-01	-0.00292796	0.00676227	0.187476	6.7E-01	0.0332483	8.6E-01
rs305506	3	12026709	0.296805	G	T	0.113563	0.992655	2.87563	9.0E-02	0.0157048	0.00891003	3.10677	7.8E-02	3.88537	4.9E-02
rs114252958	3	12409938	0.29797	C	T	0.982978	0.956617	0.560714	4.5E-01	0.0142935	0.0223254	0.409901	5.2E-01	0.415819	5.2E-01
rs13086654	3	35532275	0.595296	G	A	0.863267	0.996625	0.715242	4.0E-01	-0.00580238	0.00816779	0.504666	4.8E-01	0.807953	3.7E-01
rs11926707	3	46925539	0.687568	T	C	0.379143	0.985514	3.67823	5.5E-02	-0.0108896	0.00582442	3.49555	6.2E-02	3.52659	6.0E-02
rs614288	3	52220203	0.695484	T	C	0.466765	1	0.0113616	9.2E-01	-0.000856464	0.00562538	0.02318	8.8E-01	0.0586929	8.1E-01
rs11718560	3	64584862	0.868956	C	T	0.731847	0.985124	1.70087	1.9E-01	-0.00832408	0.00638806	1.69799	1.9E-01	1.6407	2.0E-01
rs4688498	3	64674599	0.871028	C	T	0.669682	0.985151	2.44547	1.2E-01	-0.00932953	0.00602441	2.39823	1.2E-01	2.82985	9.3E-02
rs9872683	3	123155892	1.35844	A	C	0.408022	0.993775	0.68893	4.1E-01	-0.0046032	0.00573051	0.645259	4.2E-01	0.793208	3.7E-01
rs62265318	3	128752986	1.42297	G	A	0.965093	0.926921	0.00894022	9.2E-01	0.000762534	0.015895	0.00230142	9.6E-01	0.00400324	9.5E-01
rs143418767	3	129105690	1.42548	G	A	0.980767	0.944053	2.62775	1.1E-01	0.037624	0.021097	3.18043	7.5E-02	3.39856	6.5E-02
rs112551697	3	150018637	1.64271	G	A	0.96554	0.928479	0.20422	6.5E-01	-0.00462608	0.0159488	0.0841336	7.7E-01	0.282461	6.0E-01
rs7617389	3	156801088	1.71237	T	C	0.32586	0.969927	0.116045	7.3E-01	-0.00194849	0.00610528	0.101856	7.5E-01	0.16722	6.8E-01
rs998749	3	168972802	1.77947	A	G	0.517178	0.992407	0.0203204	8.9E-01	0.00100233	0.00563671	0.0316209	8.6E-01	0.0821459	7.7E-01
rs1499813	3	171760427	1.8208	T	C	0.587431	1	1.38228	2.4E-01	-0.00737915	0.00573751	1.65411	2.0E-01	2.50564	1.1E-01
rs11705729	3	185507299	2.01659	A	T	0.6869	0.999805	0.389611	5.3E-01	-0.00398376	0.00606395	0.431595	5.1E-01	0.408399	5.2E-01
rs7697256	4	848335	0.00782825	C	T	0.727433	0.999147	0.779886	3.8E-01	0.00545752	0.00631449	0.746988	3.9E-01	1.70973	1.9E-01
rs7659144	4	3098321	0.0324978	C	G	0.656231	0.995037	1.81848	1.8E-01	0.00845727	0.00591922	2.04142	1.5E-01	2.80646	9.4E-02
rs4450871	4	4990298	0.0879764	A	G	0.554775	1	8.09486	4.4E-03	0.0157231	0.00566881	7.69288	5.5E-03	8.34361	3.9E-03
rs1912897	4	26006133	0.455942	A	T	0.79303	0.98817	0.958482	3.3E-01	-0.0074061	0.00698746	1.12341	2.9E-01	1.44614	2.3E-01
rs17644283	4	26308792	0.461396	A	G	0.370735	0.99507	0.0736106	7.9E-01	-0.00170417	0.0058479	0.0849233	7.7E-01	0.315252	5.7E-01
rs11133373	4	56215631	0.730194	C	G	0.682789	0.992346	1.95783	1.6E-01	-0.00937479	0.0060736	2.38249	1.2E-01	2.30294	1.3E-01
rs3775403	4	89615174	1.04851	T	C	0.869029	0.98982	0.490735	4.8E-01	0.00377384	0.00838665	0.202484	6.5E-01	0.0856868	7.7E-01
rs17014616	4	89736565	1.04925	A	T	0.931087	0.996962	2.12028	1.5E-01	-0.0142768	0.0111152	1.64979	2.0E-01	0.884851	3.5E-01
rs12647922	4	106063987	1.17944	C	T	0.794569	0.998343	1.6261	2.0E-01	-0.00816898	0.00695965	1.37772	2.4E-01	1.53793	2.1E-01
rs7655064	4	120106348	1.31331	T	C	0.875314	0.995692	2.6426	1.0E-01	0.0133934	0.00851682	2.47303	1.2E-01	2.37824	1.2E-01
rs11727676	4	145659064	1.53853	T	C	0.903374	1	1.14703	2.8E-01	-0.010441	0.00953673	1.19863	2.7E-01	1.64007	2.0E-01
rs13178917	5	4007353	0.10142	C	T	0.551974	0.99437	0.0006443	9.8E-01	0.00128472	0.00564509	0.0517938	8.2E-01	0.31241	5.8E-01
rs3792751	5	32773314	0.512212	C	T	0.626583	0.990118	0.209848	6.5E-01	0.00245657	0.00583522	0.177233	6.7E-01	0.00018594	9.9E-01
rs17457629	5	38795199	0.597633	A	T	0.728239	0.988005	0.410275	5.2E-01	0.00484791	0.00635555	0.581838	4.5E-01	0.717433	4.0E-01
rs2448	5	53302354	0.644969	T	C	0.737842	0.999532	0.568826	4.5E-01	-0.00495162	0.00640713	0.597267	4.4E-01	0.797004	3.7E-01
rs1559215	5	54867827	0.667887	G	A	0.339397	0.996823	0.323455	5.7E-01	0.00309945	0.00595755	0.270666	6.0E-01	0.109534	7.4E-01
rs11949724	5	55832217	0.681021	G	A	0.635455	1	0.59459	4.4E-01	-0.004649	0.00586095	0.629194	4.3E-01	1.01648	3.1E-01
rs1002473	5	56274077	0.686309	T	G	0.206197	0.999836	0.988518	3.2E-01	0.00729579	0.00697153	1.09519	3.0E-01	1.3676	2.4E-01
rs34697	5	66298637	0.77068	A	G	0.432612	0.987874	0.034378	8.5E-01	0.00168364	0.00572033	0.0866273	7.7E-01	0.0371386	8.5E-01
rs253407	5	74926778	0.860943	A	G	0.275724	1	26.0776	3.3E-07	0.0325323	0.00629629	26.6968	2.4E-07	28.8731	7.7E-08
rs6870983	5	87697533	1.01437	C	T	0.787184	0.995128	0.00130481	9.7E-01	0.000636762	0.00687306	0.0085833	9.3E-01	0.00127735	9.7E-01
rs27361	5	102548967	1.1092	G	A	0.700242	0.998319	1.32359	2.5E-01	0.0072282	0.00614419	1.38398	2.4E-01	1.54055	2.1E-01
rs34864074	5	112875535	1.20089	A	C	0.809873	0.995669	0.147361	7.0E-01	0.00268751	0.00721608	0.138707	7.1E-01	0.0668657	8.0E-01
rs10519585	5	118676529	1.27446	T	C	0.712535	0.977148	0.572261	4.5E-01	0.00579687	0.00627663	0.852971	3.6E-01	0.749443	3.9E-01
rs4705986	5	132349654	1.39065	T	G	0.937241	0.978165	0.257417	6.1E-01	0.00734922	0.0117307	0.392494	5.3E-01	0.539185	4.6E-01
rs33999	5	141973349	1.48937	C	G	0.612065	0.9834	1.94445	1.6E-01	-0.00723488	0.0058058	1.55288	2.1E-01	1.32706	2.5E-01
rs10477191	5	142077715	1.49476	A	G	0.950886	0.911257	0.603035	4.4E-01	-0.013935	0.0136865	1.03664	3.1E-01	0.716151	4.0E-01
rs4704726	5	156354477	1.66272	G	A	0.636458	0.987029	40.1174	2.4E-10	-0.037227	0.00585256	40.4598	2.0E-10	42.966	5.6E-11
rs72846967	5	171849098	1.88961	A	G	0.706231	0.999429	2.15796	1.4E-01	-0.00917706	0.0061758	2.20811	1.4E-01	1.7393	1.9E-01
rs2053681	5	172746086	1.91113	A	G	0.485601	0.912476	1.1283	2.9E-01	-0.00620979	0.0059034	1.1065	2.9E-01	1.58006	2.1E-01
rs201058	6	6726017	0.180973	A	G	0.438993	0.99583	0.020288	8.9E-01	0.00131413	0.00567122	0.0536941	8.2E-01	0.177101	6.7E-01
rs2326776	6	6761881	0.18302	G	A	0.790616	0.988382	0.983454	3.2E-01	-0.00730169	0.00694859	1.10421	2.9E-01	1.31055	2.5E-01
rs7751325	6	7209132	0.195952	C	T	0.550375	0.99847	0.070406	7.9E-01	0.00150862	0.00566197	0.0709941	7.9E-01	0.0227811	8.8E-01
rs17584626	6	20560435	0.409936	A	T	0.687051	0.984667	0.304142	5.8E-01	-0.00323525	0.00610713	0.280636	6.0E-01	0.796272	3.7E-01
rs114376405	6	30770701	0.507083	G	A	0.988554	0.994696	2.7609	9.7E-02	-0.0452995	0.0265132	2.91918	8.8E-02	2.67405	1.0E-01
rs3094225	6	31113052	0.510178	G	A	0.26968	0.999821	4.7119	3.0E-02	-0.0135198	0.00634791	4.53609	3.3E-02	4.76872	2.9E-02
rs9267989	6	32219320	0.51869	G	T	0.79171	0.999726	0.000638817	9.8E-01	-0.000559317	0.00690435	0.00656252	9.4E-01	0.0363414	8.5E-01
rs181133225	6	32454764	0.520293	T	C	0.893444	0.778953	0.671554	4.1E-01	0.00754302	0.0102677	0.539689	4.6E-01	0.174228	6.8E-01
rs117108573	6	32489679	0.520303	C	T	0.921405	0.866866	0.29386	5.9E-01	0.00572183	0.0111587	0.262929	6.1E-01	0.0138882	9.1E-01
rs142779375	6	34165351	0.545713	T	G	0.952718	0.997081	4.90628	2.7E-02	-0.0302609	0.0132502	5.21574	2.2E-02	6.00547	1.4E-02
rs1574430	6	43269029	0.669727	A	C	0.391321	0.999399	0.669482	4.1E-01	0.00415571	0.00576269	0.520045	4.7E-01	0.513969	4.7E-01
rs9381248	6	43734606	0.675407	C	T	0.87836	0.993046	0.883069	3.5E-01	-0.00708386	0.00863983	0.672249	4.1E-01	0.695927	4.0E-01
rs35349911	6	43785255	0.678849	C	T	0.409597	0.97009	2.048	1.5E-01	-0.00868374	0.00581772	2.22796	1.4E-01	2.26433	1.3E-01
rs10452561	6	80805796	0.920872	T	C	0.874288	0.991795	0.0186578	8.9E-01	-0.000290144	0.00849395	0.00116683	9.7E-01	0.00778337	9.3E-01
rs1902066	6	81346033	0.922431	T	C	0.437575	0.991679	0.115338	7.3E-01	-0.00223727	0.00569673	0.154236	6.9E-01	0.179707	6.7E-01
rs6924944	6	100597579	1.0811	A	T	0.245827	0.981159	3.38822	6.6E-02	0.0127772	0.00661119	3.73518	5.3E-02	3.07393	8.0E-02
rs72969772	6	126187585	1.32503	A	G	0.980332	1	0.910709	3.4E-01	-0.0195392	0.0203147	0.925101	3.4E-01	0.444485	5.0E-01
rs9986505	6	126445558	1.32603	A	G	0.6761	0.991308	1.8864	1.7E-01	0.00799995	0.00603506	1.75716	1.8E-01	1.62394	2.0E-01
rs74949497	6	126812007	1.32699	A	C	0.97518	1	1.25272	2.6E-01	-0.02257	0.0181829	1.54077	2.1E-01	1.57834	2.1E-01
rs9389689	6	139813632	1.50282	G	C	0.504922	0.997811	11.7928	5.9E-04	-0.0191884	0.00561652	11.672	6.3E-04	10.5072	1.2E-03
rs851978	6	152029556	1.64243	G	T	0.726311	0.996212	5.17014	2.3E-02	-0.0125789	0.00632868	3.95059	4.7E-02	4.60209	3.2E-02
rs998075	6	160468278	1.77084	A	G	0.53429	0.994008	46.3701	9.8E-12	0.0382961	0.00566821	45.6476	1.4E-11	46.0731	1.1E-11
rs960589	7	25823647	0.43812	A	C	0.837349	0.976235	0.467641	4.9E-01	-0.00351645	0.00769354	0.208908	6.5E-01	0.147237	7.0E-01
rs12671127	7	26309246	0.44373	C	T	0.633613	0.988487	0.417799	5.2E-01	0.00435988	0.0058574	0.554037	4.6E-01	0.242972	6.2E-01
rs2189239	7	27237453	0.453427	C	T	0.917096	0.977954	0.250511	6.2E-01	-0.00472353	0.0103311	0.209047	6.5E-01	0.150412	7.0E-01
rs13223303	7	42692711	0.680137	T	C	0.70789	0.997675	0.0189843	8.9E-01	0.00125384	0.00618635	0.0410789	8.4E-01	0.114715	7.3E-01
rs2240466	7	72856269	0.899612	G	A	0.874914	1	7.75095	5.4E-03	0.0219676	0.00849175	6.69221	9.7E-03	5.52009	1.9E-02
rs72649044	7	73029207	0.899737	C	T	0.966833	0.988652	0.142931	7.1E-01	-0.00532318	0.0157483	0.114255	7.4E-01	0.17928	6.7E-01
rs6966632	7	77342199	0.936905	G	T	0.502987	0.998098	2.60401	1.1E-01	-0.0101128	0.00562833	3.22839	7.2E-02	3.11269	7.8E-02
rs2470945	7	104585760	1.19835	C	A	0.596387	0.999188	1.18608	2.8E-01	0.00621359	0.00570521	1.18616	2.8E-01	1.40565	2.4E-01
rs4313084	7	114586903	1.30546	C	T	0.0829266	0.999308	0.00836274	9.3E-01	-3.29183e-05	0.0101942	1.04273e-05	1.0E+00	7.78344e-05	9.9E-01
rs12154627	7	130422934	1.4017	T	C	0.506907	0.97487	11.4724	7.1E-04	0.0184014	0.00568603	10.4733	1.2E-03	10.4268	1.2E-03
rs286	8	19815256	0.4726	A	T	0.914108	0.995062	30.5133	3.3E-08	0.0565025	0.0100679	31.4964	2.0E-08	34.3334	4.6E-09
rs7844736	8	23551671	0.545238	A	G	0.828827	1	0.189484	6.6E-01	-0.00291826	0.00747907	0.152249	7.0E-01	0.000574101	9.8E-01
rs11992444	8	25464690	0.565812	G	T	0.49058	1	3.7058	5.4E-02	-0.00942055	0.00561357	2.81627	9.3E-02	2.66339	1.0E-01
rs7815496	8	38321607	0.69461	C	T	0.597431	0.996532	5.04186	2.5E-02	-0.0135572	0.00573163	5.59479	1.8E-02	4.62125	3.2E-02
rs55704109	8	59323247	0.819013	G	A	0.5057	0.919152	33.753	6.3E-09	0.0337931	0.00588434	32.9809	9.3E-09	37.5804	8.8E-10
rs10093418	8	72392687	0.950051	A	G	0.892444	0.978176	0.543735	4.6E-01	-0.0080604	0.00911716	0.781617	3.8E-01	0.581097	4.5E-01
rs144435165	8	126419938	1.45107	G	C	0.944194	0.785853	12.3667	4.4E-04	-0.0531264	0.0138009	14.8187	1.2E-04	14.8729	1.2E-04
rs283727	8	128313360	1.48991	G	A	0.465104	0.977161	0.0750023	7.8E-01	-0.00218399	0.00571917	0.145826	7.0E-01	0.324124	5.7E-01
rs2131919	9	95283887	1.12689	A	G	0.83667	0.999136	1.98831	1.6E-01	-0.0105494	0.0076336	1.90985	1.7E-01	2.49357	1.1E-01
rs2398893	9	96758342	1.14182	A	G	0.725421	0.999804	0.505112	4.8E-01	0.00631385	0.00631506	0.999617	3.2E-01	0.957066	3.3E-01
rs12686004	9	107653426	1.24316	G	A	0.884341	1	6.00882	1.4E-02	0.0226119	0.0087925	6.61374	1.0E-02	7.35781	6.7E-03
rs10991414	9	107685589	1.24582	T	C	0.861068	0.989408	0.327477	5.7E-01	-0.0045965	0.00819641	0.31449	5.7E-01	0.622931	4.3E-01
rs73519946	9	107868862	1.24912	A	T	0.958103	0.989128	4.10713	4.3E-02	0.0291315	0.014139	4.24509	3.9E-02	4.15524	4.2E-02
rs687621	9	136137065	1.66206	A	G	0.681622	1	30.7529	2.9E-08	-0.0331919	0.00603879	30.2109	3.9E-08	29.7133	5.0E-08
rs7096078	10	3560644	0.0740604	C	T	0.425467	0.981688	0.014962	9.0E-01	0.00172331	0.00573336	0.0903459	7.6E-01	0.00754598	9.3E-01
rs2907794	10	32391109	0.603202	G	A	0.758285	0.99713	1.59063	2.1E-01	0.00756891	0.00656766	1.32815	2.5E-01	0.5391	4.6E-01
rs2247486	10	33489594	0.609463	A	G	0.603119	0.998525	1.0123	3.1E-01	0.00516796	0.00573259	0.812712	3.7E-01	0.862404	3.5E-01
rs12243209	10	63783406	0.859343	T	C	0.963634	0.99691	0.598964	4.4E-01	-0.0113571	0.0150748	0.567579	4.5E-01	0.469211	4.9E-01
rs10995041	10	63867523	0.860298	A	C	0.754056	0.97671	1.17463	2.8E-01	-0.00803897	0.00662327	1.47318	2.2E-01	1.07015	3.0E-01
rs7089698	10	65384567	0.871611	A	G	0.465243	0.998398	0.115243	7.3E-01	-0.000775811	0.00565558	0.0188173	8.9E-01	0.202386	6.5E-01
rs703985	10	80940740	1.06575	A	T	0.590861	0.992524	2.49922	1.1E-01	0.00949563	0.00574468	2.73222	9.8E-02	1.97747	1.6E-01
rs11202614	10	89755643	1.15952	C	T	0.838039	0.997476	1.84378	1.7E-01	-0.0116836	0.00766551	2.32313	1.3E-01	1.75458	1.9E-01
rs10882028	10	93943900	1.2086	C	T	0.408953	0.999201	0.0186291	8.9E-01	-0.00155588	0.00570343	0.0744181	7.9E-01	0.0428525	8.4E-01
rs7917772	10	104487443	1.30576	G	A	0.367969	1	2.05184	1.5E-01	0.00822867	0.00582063	1.99857	1.6E-01	2.56647	1.1E-01
rs11596249	10	122812361	1.5266	T	G	0.911116	0.993945	1.5238	2.2E-01	-0.0120233	0.00990366	1.47386	2.2E-01	1.50448	2.2E-01
rs10788149	10	122967170	1.52881	G	A	0.320548	1	0.177797	6.7E-01	0.00309504	0.00604155	0.262443	6.1E-01	0.136417	7.1E-01
rs140201358	11	823586	0.0109832	C	G	0.986248	1	1.78069	1.8E-01	-0.0335795	0.0241529	1.9329	1.6E-01	1.25291	2.6E-01
rs7932891	11	10921512	0.210707	A	G	0.294517	0.99931	0.476783	4.9E-01	-0.0031439	0.00616441	0.260108	6.1E-01	0.99737	3.2E-01
rs11029441	11	26279145	0.452845	T	C	0.920415	0.988421	3.17149	7.5E-02	-0.016658	0.0104505	2.5408	1.1E-01	2.02438	1.5E-01
rs12786130	11	27505954	0.464069	C	T	0.238291	0.989196	0.445244	5.0E-01	-0.00344374	0.00663304	0.269547	6.0E-01	0.268917	6.0E-01
rs56386213	11	36291554	0.562467	A	G	0.595018	1	0.1789	6.7E-01	-0.0020216	0.00569625	0.125955	7.2E-01	0.216985	6.4E-01
rs174528	11	61543499	0.703973	T	C	0.623454	0.995598	47.8503	4.6E-12	0.0397469	0.0058183	46.6675	8.4E-12	53.732	2.3E-13
rs11231137	11	62315699	0.714502	G	A	0.701274	0.997506	0.869033	3.5E-01	-0.00602708	0.00614552	0.961828	3.3E-01	1.3434	2.5E-01
rs61881114	11	68996697	0.758653	C	T	0.848445	0.991928	3.39504	6.5E-02	0.0140486	0.00785204	3.20113	7.4E-02	3.36146	6.7E-02
rs12362685	11	111478720	1.18727	A	T	0.621328	0.997217	0.10589	7.4E-01	0.0018262	0.0058075	0.098882	7.5E-01	0.0777666	7.8E-01
rs513533	11	116519358	1.25951	A	G	0.895505	0.969744	40.7372	1.7E-10	-0.0598583	0.00931596	41.2851	1.3E-10	45.9171	1.2E-11
rs11220466	11	126258862	1.4244	G	A	0.854642	0.989161	28.1339	1.1E-07	-0.0441709	0.00800902	30.4168	3.5E-08	28.8458	7.8E-08
rs747249	11	130271647	1.49781	A	G	0.360849	0.986641	1.37755	2.4E-01	-0.00729191	0.00589991	1.52754	2.2E-01	2.70893	1.0E-01
rs10771260	12	26253557	0.45721	A	C	0.608183	0.995844	0.176142	6.7E-01	0.0024463	0.00578642	0.17873	6.7E-01	0.0766132	7.8E-01
rs16915737	12	26403614	0.459048	C	T	0.928538	0.993226	0.060073	8.1E-01	0.00251495	0.0109246	0.0529962	8.2E-01	0.0246032	8.8E-01
rs7310959	12	45968598	0.59006	G	A	0.897555	1	1.37485	2.4E-01	-0.0109518	0.00929397	1.38857	2.4E-01	1.78586	1.8E-01
rs75824359	12	54320490	0.68262	A	G	0.970266	0.973341	0.0441895	8.3E-01	-0.00402853	0.0167773	0.0576569	8.1E-01	0.0573813	8.1E-01
rs7961915	12	66425288	0.795219	A	G	0.213926	0.943584	0.281487	6.0E-01	-0.00353476	0.00704789	0.251538	6.2E-01	0.206581	6.5E-01
rs704067	12	89726027	1.03172	G	A	0.545146	0.989595	0.0528136	8.2E-01	0.00108228	0.00569487	0.0361172	8.5E-01	0.0212071	8.8E-01
rs7958469	12	107052620	1.26171	G	A	0.638699	0.995036	7.91801	4.9E-03	-0.0160648	0.00586693	7.49774	6.2E-03	6.13074	1.3E-02
rs1169809	12	121688026	1.45624	G	A	0.700971	0.994402	0.0935451	7.6E-01	0.00142204	0.006156	0.0533616	8.2E-01	0.0051378	9.4E-01
rs139948644	12	123200016	1.46983	C	T	0.972202	0.923516	3.01602	8.2E-02	0.0329969	0.0177655	3.44979	6.3E-02	3.81978	5.1E-02
rs11060406	12	123339117	1.47024	C	T	0.96325	0.964271	0.482258	4.9E-01	-0.0104469	0.0151673	0.474421	4.9E-01	0.229379	6.3E-01
rs34149579	12	123345509	1.47026	G	T	0.947363	1	6.32691	1.2E-02	-0.0315525	0.0125913	6.27947	1.2E-02	6.46971	1.1E-02
rs11613189	12	124642803	1.48018	C	T	0.627038	0.983075	3.42228	6.4E-02	0.011191	0.00589463	3.60435	5.8E-02	3.57751	5.9E-02
rs1045411	13	31033232	0.263482	C	T	0.7313	0.996942	3.37313	6.6E-02	0.0123128	0.00636618	3.74072	5.3E-02	2.78807	9.5E-02
rs10507524	13	44684600	0.468128	T	C	0.907237	0.994143	0.814499	3.7E-01	-0.00878603	0.00975218	0.811675	3.7E-01	0.743829	3.9E-01
rs7334326	13	50967732	0.53896	G	C	0.858576	0.996316	10.0981	1.5E-03	-0.0272803	0.00807584	11.411	7.3E-04	10.9903	9.2E-04
rs9577874	13	114518789	1.29081	G	A	0.636822	0.985281	31.0189	2.6E-08	-0.0322952	0.00590506	29.9107	4.5E-08	31.759	1.7E-08
rs8012185	14	58668484	0.537795	A	G	0.723155	0.991197	0.360541	5.5E-01	-0.00282135	0.00630175	0.200443	6.5E-01	0.282452	6.0E-01
rs1286138	14	91485445	0.882014	T	G	0.326286	0.996304	1.47229e-05	1.0E+00	-0.000851921	0.00599981	0.0201616	8.9E-01	0.139599	7.1E-01
rs2124307	14	98344662	1.02722	T	C	0.377663	0.998341	1.41191	2.3E-01	0.00701095	0.00581311	1.45457	2.3E-01	1.06235	3.0E-01
rs7402977	15	31726824	0.452929	G	A	0.733334	0.984393	0.108634	7.4E-01	0.00212609	0.00640994	0.110016	7.4E-01	0.0531747	8.2E-01
rs12437696	15	40878474	0.62928	A	G	0.51447	0.998802	0.0219818	8.8E-01	2.36971e-05	0.00564678	1.76112e-05	1.0E+00	0.145841	7.0E-01
rs11630710	15	56364758	0.756318	G	T	0.893172	0.979091	0.423466	5.2E-01	-0.00493264	0.00923248	0.285445	5.9E-01	0.347092	5.6E-01
rs12911939	15	63800065	0.876679	T	C	0.431976	0.996322	0.599652	4.4E-01	-0.00318571	0.00569275	0.313162	5.8E-01	0.693566	4.0E-01
rs762551	15	75041917	1.00314	C	A	0.274028	1	7.93997	4.8E-03	-0.0180758	0.00630381	8.2222	4.1E-03	8.84958	2.9E-03
rs2401948	16	1340854	0.0338191	G	C	0.470436	0.984992	0.0428934	8.4E-01	-0.00118674	0.00567593	0.0437158	8.3E-01	0.176165	6.7E-01
rs3747577	16	4415696	0.082586	C	G	0.259467	0.988145	0.044086	8.3E-01	0.00180984	0.00645943	0.0785036	7.8E-01	0.0156751	9.0E-01
rs12918743	16	11624245	0.272102	G	A	0.537734	0.991971	0.442434	5.1E-01	0.00237252	0.00565686	0.175902	6.7E-01	0.222119	6.4E-01
rs4787456	16	28559573	0.542371	C	T	0.634142	0.996921	1.42545	2.3E-01	-0.00591202	0.00581182	1.03478	3.1E-01	1.33983	2.5E-01
rs10083738	16	29927702	0.553162	G	A	0.45121	0.999839	0.0529159	8.2E-01	0.00186025	0.00565958	0.108037	7.4E-01	0.0562836	8.1E-01
rs16952242	16	53474250	0.64336	G	A	0.697908	0.997944	0.298015	5.9E-01	-0.00276472	0.00613861	0.202844	6.5E-01	0.256213	6.1E-01
rs9937053	16	53799507	0.64597	G	A	0.577195	0.999601	2.36837	1.2E-01	0.0102606	0.00570136	3.23882	7.2E-02	3.21954	7.3E-02
rs11866219	16	69549749	0.858341	A	C	0.415066	0.975783	5.87641	1.5E-02	0.0141317	0.0057883	5.96057	1.5E-02	5.40265	2.0E-02
rs2550733	16	81449060	1.04439	A	G	0.430492	1	1.85265	1.7E-01	0.00804535	0.005694	1.99644	1.6E-01	1.9342	1.6E-01
rs2927333	16	81509279	1.0455	A	G	0.679395	0.985143	1.85584	1.7E-01	0.00887829	0.00609118	2.12449	1.4E-01	1.95422	1.6E-01
rs727428	17	7537792	0.196849	T	C	0.44291	1	9.07772	2.6E-03	0.0177232	0.00565068	9.83746	1.7E-03	11.0101	9.1E-04
rs8075019	17	17455192	0.444844	G	A	0.875691	0.988404	2.0051	1.6E-01	-0.0130698	0.00855897	2.33181	1.3E-01	2.45855	1.2E-01
rs16942379	17	21259827	0.471679	C	T	0.508165	0.995529	0.185595	6.7E-01	0.00317371	0.00564259	0.316357	5.7E-01	0.076273	7.8E-01
rs11651639	17	27672320	0.49569	A	T	0.483934	0.999433	0.0927143	7.6E-01	-0.00174498	0.00562597	0.0962028	7.6E-01	0.200951	6.5E-01
rs2306593	17	34866546	0.59517	C	T	0.509195	0.996584	0.0111126	9.2E-01	0.00026809	0.00563429	0.00226403	9.6E-01	0.00383345	9.5E-01
rs55883500	17	40395267	0.664304	T	G	0.691334	0.998762	0.682123	4.1E-01	-0.00526697	0.00608717	0.748671	3.9E-01	0.701836	4.0E-01
rs56328224	17	43572419	0.687192	C	T	0.774992	0.995527	6.7847	9.2E-03	-0.0173496	0.00677093	6.56574	1.0E-02	5.6129	1.8E-02
rs11871767	17	61698723	0.887174	A	G	0.724045	0.995857	1.39197	2.4E-01	0.00760488	0.00631572	1.4499	2.3E-01	1.85869	1.7E-01
rs78196338	17	66973049	0.964759	G	A	0.960561	0.978498	37.2878	1.0E-09	-0.0914596	0.0145748	39.3779	3.5E-10	39.3952	3.5E-10
rs3810068	18	2846499	0.0738566	T	C	0.595452	1	6.37705	1.2E-02	0.0124947	0.00571656	4.7773	2.9E-02	5.43434	2.0E-02
rs4890429	18	40697481	0.611694	T	C	0.738773	0.995191	7.05336	7.9E-03	0.0180408	0.00642781	7.87747	5.0E-03	8.7157	3.2E-03
rs357900	18	46585235	0.687097	T	A	0.110184	0.998906	3.47751	6.2E-02	0.019005	0.00897287	4.48616	3.4E-02	3.79088	5.2E-02
rs3897645	18	57728947	0.82135	T	C	0.443585	1	0.101249	7.5E-01	-0.00106056	0.00568825	0.0347629	8.5E-01	0.099938	7.5E-01
rs2331933	18	57955945	0.822668	T	G	0.652214	0.979252	2.37634	1.2E-01	0.00938028	0.00598337	2.45776	1.2E-01	2.59255	1.1E-01
rs12979965	19	2131148	0.0753026	A	G	0.499935	0.991113	0.0382152	8.5E-01	0.00248992	0.0056346	0.195275	6.6E-01	0.331527	5.6E-01
rs2240702	19	4159873	0.144523	A	G	0.883396	0.986669	2.78646	9.5E-02	-0.0171665	0.00877604	3.8262	5.0E-02	3.32737	6.8E-02
rs1799815	19	7125519	0.224812	G	A	0.932212	1	1.38217	2.4E-01	0.0139025	0.0111431	1.55657	2.1E-01	1.31843	2.5E-01
rs79915079	19	11229066	0.319635	G	A	0.973807	0.995135	32.3652	1.3E-08	0.102187	0.0176149	33.6533	6.6E-09	34.2248	4.9E-09
rs35555265	19	17152232	0.420672	C	T	0.803227	0.993265	1.89734	1.7E-01	0.0104379	0.00707398	2.17719	1.4E-01	1.69276	1.9E-01
rs1423056	19	33780444	0.560699	G	A	0.681795	0.903762	0.129295	7.2E-01	0.00185066	0.00634956	0.0849502	7.7E-01	5.42665e-05	9.9E-01
rs113504807	19	33787954	0.561506	C	T	0.951238	0.934153	1.12488	2.9E-01	-0.0152558	0.0134604	1.28457	2.6E-01	1.12605	2.9E-01
rs544964	19	37409561	0.616104	A	G	0.417229	0.998743	3.32873	6.8E-02	0.0107097	0.0057057	3.52318	6.1E-02	4.10383	4.3E-02
rs62115478	19	44543760	0.688013	A	G	0.971162	0.945735	36.804	1.3E-09	0.106557	0.0173101	37.8936	7.5E-10	43.0689	5.3E-11
rs142751148	19	45100982	0.69683	G	T	0.973358	0.950645	59.5073	1.2E-14	0.138055	0.0178559	59.7778	1.1E-14	59.8248	1.0E-14
rs11672660	19	46180184	0.718742	C	T	0.805452	0.999681	4.05167	4.4E-02	0.0157182	0.00708654	4.91972	2.7E-02	6.88306	8.7E-03
rs35068131	19	55983854	0.996203	T	C	0.534309	0.942965	0.000207662	9.9E-01	0.00103892	0.0057919	0.032175	8.6E-01	0.00674685	9.3E-01
rs151235402	20	569164	0.0196907	C	T	0.984757	0.956324	0.0636816	8.0E-01	0.00648802	0.0236061	0.0755402	7.8E-01	0.114483	7.4E-01
rs805769	20	5667459	0.191037	T	C	0.595306	0.99253	0.00552543	9.4E-01	-0.000205619	0.00575185	0.00127795	9.7E-01	0.0522026	8.2E-01
rs2207132	20	39142516	0.589709	G	A	0.966685	1	40.1129	2.4E-10	-0.0972696	0.0156644	38.5591	5.3E-10	40.0355	2.5E-10
rs3091552	20	45440006	0.689385	C	G	0.264162	0.950692	0.907733	3.4E-01	-0.00864869	0.00652999	1.75418	1.9E-01	2.12323	1.5E-01
rs1999536	20	45581777	0.691337	G	C	0.430706	0.994672	4.28917	3.8E-02	0.0102018	0.00569049	3.21407	7.3E-02	3.67294	5.5E-02
rs1206829	20	45762552	0.696622	A	G	0.446378	0.998025	0.461318	5.0E-01	-0.00474537	0.00565576	0.703977	4.0E-01	0.216221	6.4E-01
rs6063779	20	50964151	0.79129	A	G	0.716728	0.997749	0.175158	6.8E-01	0.00324279	0.00624466	0.269662	6.0E-01	0.449729	5.0E-01
rs28710106	20	51712678	0.801721	C	T	0.889914	0.997611	0.55343	4.6E-01	-0.00721249	0.00900745	0.64116	4.2E-01	0.870349	3.5E-01
rs6090040	20	62692060	1.09656	A	C	0.479429	0.988701	8.48445	3.6E-03	0.015938	0.00565962	7.93042	4.9E-03	9.56587	2.0E-03
rs66836452	21	33058743	0.322744	C	T	0.898206	0.995819	0.273974	6.0E-01	-0.00289686	0.00932617	0.0964825	7.6E-01	0.121572	7.3E-01
rs2836139	21	39451403	0.432375	A	G	0.514897	0.9942	1.89194	1.7E-01	0.00705696	0.00566713	1.55063	2.1E-01	1.51144	2.2E-01
rs9625551	22	29140529	0.338663	G	A	0.979191	0.995212	0.790646	3.7E-01	0.0178442	0.0196823	0.821948	3.6E-01	0.419015	5.2E-01
