SNP	CHR	BP	GENPOS	ALLELE1	ALLELE0	A1FREQ	INFO	CHISQ_LINREG	P_LINREG	BETA	SE	CHISQ_BOLT_LMM_INF	P_BOLT_LMM_INF	CHISQ_BOLT_LMM	P_BOLT_LMM
rs1294014	1	9325676	0.18921	C	T	0.732088	0.974098	7.63712	5.7E-03	0.0156898	0.00638554	6.03725	1.4E-02	6.57707	1.0E-02
rs1294014	1	9325676	0.18921	C	T	0.732088	0.974098	7.63712	5.7E-03	0.0156898	0.00638554	6.03725	1.4E-02	6.57707	1.0E-02
rs10753554	1	23619009	0.461644	T	C	0.260317	0.989627	1.85654	1.7E-01	-0.00718112	0.0063794	1.26714	2.6E-01	1.38041	2.4E-01
rs114165349	1	27021913	0.501665	G	C	0.976643	0.985643	30.9568	2.6E-08	0.104062	0.0185487	31.4743	2.0E-08	33.3477	7.7E-09
rs61779310	1	39942297	0.670037	C	G	0.766232	1	28.5341	9.2E-08	0.0361464	0.00657071	30.2625	3.8E-08	35.0521	3.2E-09
rs657452	1	49589847	0.760469	A	G	0.390779	0.988645	0.63439	4.3E-01	-0.00605687	0.00571423	1.12352	2.9E-01	1.0446	3.1E-01
rs624698	1	62900811	0.92277	A	G	0.58261	0.969721	127.804	1.2E-29	-0.0659359	0.0057253	132.632	1.1E-30	134.235	4.9E-31
rs9436299	1	65892888	0.967508	C	A	0.325082	0.970882	0.51538	4.7E-01	0.00652544	0.00603679	1.16844	2.8E-01	0.964642	3.3E-01
rs1526480	1	91209986	1.21385	T	C	0.625038	1	6.08803	1.4E-02	0.0144862	0.0057709	6.30117	1.2E-02	5.4013	2.0E-02
rs4375301	1	98298371	1.27828	A	G	0.767662	0.993807	5.76483	1.6E-02	0.0159464	0.00662648	5.7911	1.6E-02	6.86475	8.8E-03
rs3108680	1	107572997	1.35724	T	C	0.652386	0.999501	0.0335635	8.5E-01	0.00127769	0.0058852	0.0471335	8.3E-01	0.176796	6.7E-01
rs2076586	1	112273026	1.42823	C	T	0.753838	0.980886	3.59017	5.8E-02	-0.0124374	0.00653454	3.62267	5.7E-02	1.99257	1.6E-01
rs115499511	1	119322589	1.50902	T	C	0.963678	0.975965	1.80656	1.8E-01	-0.0202724	0.0150443	1.81579	1.8E-01	1.84592	1.7E-01
rs10494220	1	119572398	1.50995	C	T	0.872599	0.999593	1.66148	2.0E-01	0.00952866	0.00833662	1.30642	2.5E-01	0.830184	3.6E-01
rs114056923	1	154868744	1.69777	T	C	0.966966	1	0.361266	5.5E-01	-0.00859122	0.0156387	0.301792	5.8E-01	0.142896	7.1E-01
rs17345893	1	170171874	1.91645	C	T	0.933651	0.998406	0.577015	4.5E-01	0.00632826	0.0111901	0.319814	5.7E-01	0.311967	5.8E-01
rs1953096	1	170318770	1.91758	G	A	0.762782	0.999479	0.503187	4.8E-01	0.00504007	0.00657081	0.588349	4.4E-01	0.549537	4.6E-01
rs6697844	1	172308238	1.93873	C	T	0.56798	0.996349	0.919434	3.4E-01	0.00631882	0.00560653	1.27023	2.6E-01	1.21211	2.7E-01
rs633715	1	177852580	1.98813	T	C	0.789275	1	0.675998	4.1E-01	0.00362622	0.00684185	0.280906	6.0E-01	0.0631486	8.0E-01
rs11807331	1	196427811	2.14315	T	C	0.684298	0.996378	8.72254	3.1E-03	-0.0178369	0.00599422	8.85465	2.9E-03	9.0694	2.6E-03
rs11240351	1	205044339	2.25371	A	G	0.594795	0.998205	0.480492	4.9E-01	0.00432433	0.00567233	0.581184	4.5E-01	0.55737	4.6E-01
rs61823192	1	219294570	2.43535	C	T	0.971468	0.90297	0.0262391	8.7E-01	-0.00232788	0.0175831	0.017528	8.9E-01	0.0661224	8.0E-01
rs77278027	1	219392230	2.43543	C	T	0.93823	0.976746	0.00125116	9.7E-01	0.000424991	0.0117078	0.00131768	9.7E-01	0.0168943	9.0E-01
rs6683741	1	219786717	2.43742	T	G	0.861853	0.991403	7.16115	7.4E-03	0.0208042	0.0080902	6.61275	1.0E-02	6.95477	8.4E-03
rs4631704	1	230293530	2.53595	C	T	0.39136	0.985874	27.3981	1.7E-07	-0.0314545	0.0057427	30.0008	4.3E-08	32.9177	9.6E-09
rs62106252	2	408713	0.00503892	G	A	0.950832	0.955734	3.2177	7.3E-02	-0.0235351	0.013145	3.2056	7.3E-02	3.04823	8.1E-02
rs2867105	2	601905	0.00766081	T	G	0.178655	0.986439	2.85784	9.1E-02	0.0113895	0.0073244	2.41803	1.2E-01	2.75007	9.7E-02
rs711869	2	13073967	0.297329	G	A	0.443249	0.983109	0.242628	6.2E-01	0.00156616	0.00565394	0.0767308	7.8E-01	0.0232955	8.8E-01
rs11677500	2	24846815	0.456236	A	G	0.443553	0.997596	0.486928	4.9E-01	0.00542712	0.00560469	0.93764	3.3E-01	1.10905	2.9E-01
rs7933	2	43452183	0.682402	A	G	0.634849	0.981779	1.60766	2.0E-01	0.00839243	0.0058301	2.07216	1.5E-01	1.90659	1.7E-01
rs36072157	2	48953740	0.765134	G	C	0.658175	0.956087	5.30093	2.1E-02	0.0132047	0.00599539	4.8509	2.8E-02	5.00545	2.5E-02
rs6546196	2	66144496	0.916561	G	A	0.525101	0.993792	1.54067	2.1E-01	0.0077431	0.00560302	1.90979	1.7E-01	1.62472	2.0E-01
rs4316926	2	66749108	0.924328	G	A	0.396567	0.99766	0.0097868	9.2E-01	0.0022691	0.00570111	0.158412	6.9E-01	0.0425246	8.4E-01
rs2170702	2	67571130	0.937008	T	C	0.545622	0.996677	1.61115	2.0E-01	-0.00792023	0.00562383	1.9834	1.6E-01	1.97442	1.6E-01
rs12712049	2	100208830	1.21955	A	G	0.176674	0.985519	4.12614	4.2E-02	-0.0145283	0.00734347	3.91408	4.8E-02	3.85402	5.0E-02
rs72946301	2	111861838	1.33125	G	A	0.903863	0.964859	2.49348	1.1E-01	-0.0151715	0.00962307	2.48557	1.1E-01	3.65887	5.6E-02
rs7593247	2	119337589	1.3956	C	T	0.503784	0.990163	0.0879487	7.7E-01	0.000487814	0.00559446	0.00760311	9.3E-01	0.0267249	8.7E-01
rs114666647	2	158393301	1.76187	T	C	0.987759	1	0.143928	7.0E-01	-0.0129686	0.0253497	0.261721	6.1E-01	0.464003	5.0E-01
rs11899550	2	158451825	1.76314	C	T	0.92902	0.994523	0.147743	7.0E-01	0.00221307	0.0108456	0.0416372	8.4E-01	0.0510944	8.2E-01
rs62173895	2	165477903	1.81419	G	C	0.329951	0.997788	33.2672	8.0E-09	0.0336688	0.00595195	31.9989	1.5E-08	33.9796	5.6E-09
rs3769872	2	165565548	1.81514	C	T	0.941933	0.997539	2.7647	9.6E-02	-0.0217406	0.0119429	3.31378	6.9E-02	3.63834	5.6E-02
rs115283512	2	172379649	1.89769	C	T	0.817449	0.996247	0.0566479	8.1E-01	-0.00168965	0.00723378	0.0545585	8.2E-01	0.00315645	9.6E-01
rs62173497	2	187821910	2.04064	C	A	0.889372	0.96522	3.78671	5.2E-02	-0.0162579	0.00902376	3.24605	7.2E-02	3.43307	6.4E-02
rs1837121	2	216292331	2.28555	G	A	0.273406	0.99918	0.00773942	9.3E-01	0.000966593	0.00625448	0.0238839	8.8E-01	0.177727	6.7E-01
rs16857748	2	218382258	2.32414	C	T	0.903272	0.999764	0.96378	3.3E-01	0.0109398	0.00943106	1.34555	2.5E-01	1.10923	2.9E-01
rs16866785	2	226899056	2.44178	A	G	0.775296	0.992487	14.1528	1.7E-04	-0.0256057	0.00669857	14.612	1.3E-04	16.4506	5.0E-05
rs305506	3	12026709	0.296805	G	T	0.113563	0.992655	1.50473	2.2E-01	-0.00945344	0.00882303	1.14801	2.8E-01	1.34062	2.5E-01
rs114252958	3	12409938	0.29797	C	T	0.982978	0.956617	0.127985	7.2E-01	0.00911809	0.0221074	0.170111	6.8E-01	0.00820705	9.3E-01
rs13086654	3	35532275	0.595296	G	A	0.863267	0.996625	3.00838	8.3E-02	0.0124882	0.00808803	2.38404	1.2E-01	3.34399	6.7E-02
rs11926707	3	46925539	0.687568	T	C	0.379143	0.985514	14.0889	1.7E-04	0.0207123	0.00576755	12.8965	3.3E-04	14.3415	1.5E-04
rs614288	3	52220203	0.695484	T	C	0.466765	1	2.41988	1.2E-01	-0.00901333	0.00557045	2.61812	1.1E-01	1.576	2.1E-01
rs11718560	3	64584862	0.868956	C	T	0.731847	0.985124	3.04325	8.1E-02	0.0102422	0.00632569	2.62162	1.1E-01	2.27589	1.3E-01
rs4688498	3	64674599	0.871028	C	T	0.669682	0.985151	2.04726	1.5E-01	-0.00747745	0.00596559	1.57109	2.1E-01	1.92425	1.7E-01
rs9872683	3	123155892	1.35844	A	C	0.408022	0.993775	0.114875	7.3E-01	-0.00279195	0.00567455	0.242076	6.2E-01	0.487358	4.9E-01
rs62265318	3	128752986	1.42297	G	A	0.965093	0.926921	0.0107197	9.2E-01	-0.00298785	0.0157398	0.0360345	8.5E-01	0.0666322	8.0E-01
rs143418767	3	129105690	1.42548	G	A	0.980767	0.944053	0.205174	6.5E-01	-0.0157769	0.020891	0.570327	4.5E-01	0.837788	3.6E-01
rs112551697	3	150018637	1.64271	G	A	0.96554	0.928479	4.10541	4.3E-02	0.030397	0.0157931	3.70449	5.4E-02	4.83159	2.8E-02
rs7617389	3	156801088	1.71237	T	C	0.32586	0.969927	2.26961	1.3E-01	-0.00848645	0.00604566	1.97044	1.6E-01	3.15264	7.6E-02
rs998749	3	168972802	1.77947	A	G	0.517178	0.992407	3.94926	4.7E-02	-0.0104386	0.00558167	3.4975	6.1E-02	3.27339	7.0E-02
rs1499813	3	171760427	1.8208	T	C	0.587431	1	0.437524	5.1E-01	0.00374474	0.00568149	0.43443	5.1E-01	0.829602	3.6E-01
rs11705729	3	185507299	2.01659	A	T	0.6869	0.999805	3.42725	6.4E-02	0.0108753	0.00600474	3.28014	7.0E-02	3.82364	5.1E-02
rs7697256	4	848335	0.00782825	C	T	0.727433	0.999147	8.34486	3.9E-03	-0.0194181	0.00625476	9.63808	1.9E-03	9.06224	2.6E-03
rs7659144	4	3098321	0.0324978	C	G	0.656231	0.995037	17.1391	3.5E-05	-0.024786	0.00586322	17.8706	2.4E-05	17.042	3.7E-05
rs4450871	4	4990298	0.0879764	A	G	0.554775	1	27.8243	1.3E-07	-0.0288828	0.00561519	26.4576	2.7E-07	27.5312	1.5E-07
rs1912897	4	26006133	0.455942	A	T	0.79303	0.98817	12.396	4.3E-04	0.0248635	0.00692136	12.9044	3.3E-04	11.3966	7.4E-04
rs17644283	4	26308792	0.461396	A	G	0.370735	0.99507	3.07775	7.9E-02	-0.0111307	0.00579258	3.69233	5.5E-02	3.35139	6.7E-02
rs11133373	4	56215631	0.730194	C	G	0.682789	0.992346	0.154166	6.9E-01	0.00331004	0.00601615	0.302712	5.8E-01	0.0595843	8.1E-01
rs10021790	4	87772240	1.02884	T	C	0.630384	0.99281	34.9342	3.4E-09	0.0358104	0.00580443	38.0627	6.9E-10	40.2621	2.2E-10
rs3775403	4	89615174	1.04851	T	C	0.869029	0.98982	6.58856	1.0E-02	-0.0226426	0.00830731	7.429	6.4E-03	6.50681	1.1E-02
rs17014616	4	89736565	1.04925	A	T	0.931087	0.996962	10.2678	1.4E-03	0.0338473	0.01101	9.45084	2.1E-03	9.42327	2.1E-03
rs12647922	4	106063987	1.17944	C	T	0.794569	0.998343	0.0819237	7.7E-01	0.00181661	0.00689381	0.0694392	7.9E-01	0.103223	7.5E-01
rs7655064	4	120106348	1.31331	T	C	0.875314	0.995692	0.0552907	8.1E-01	-0.00251764	0.00843625	0.0890608	7.7E-01	0.18818	6.6E-01
rs11727676	4	145659064	1.53853	T	C	0.903374	1	1.42454	2.3E-01	0.0118092	0.00944652	1.56277	2.1E-01	2.39078	1.2E-01
rs13178917	5	4007353	0.10142	C	T	0.551974	0.99437	2.53457	1.1E-01	-0.00965463	0.00559417	2.97852	8.4E-02	1.71643	1.9E-01
rs3792751	5	32773314	0.512212	C	T	0.626583	0.990118	0.289887	5.9E-01	0.0028955	0.00578258	0.250729	6.2E-01	0.116713	7.3E-01
rs17457629	5	38795199	0.597633	A	T	0.728239	0.988005	0.0558388	8.1E-01	-0.00216286	0.00629821	0.117929	7.3E-01	0.159969	6.9E-01
rs2448	5	53302354	0.644969	T	C	0.737842	0.999532	1.14849	2.8E-01	0.00580754	0.00634933	0.83662	3.6E-01	1.14133	2.9E-01
rs1559215	5	54867827	0.667887	G	A	0.339397	0.996823	2.55958	1.1E-01	-0.00936854	0.00590381	2.51813	1.1E-01	1.8413	1.7E-01
rs11949724	5	55832217	0.681021	G	A	0.635455	1	7.45372	6.3E-03	0.0156753	0.00580807	7.28398	7.0E-03	9.09365	2.6E-03
rs1002473	5	56274077	0.686309	T	G	0.206197	0.999836	0.867552	3.5E-01	-0.00653925	0.00690863	0.895926	3.4E-01	0.918966	3.4E-01
rs34697	5	66298637	0.77068	A	G	0.432612	0.987874	2.30955	1.3E-01	-0.0100878	0.00566872	3.16681	7.5E-02	2.95722	8.5E-02
rs253407	5	74926778	0.860943	A	G	0.275724	1	3.6093	5.7E-02	0.0122304	0.00623949	3.84225	5.0E-02	4.08352	4.3E-02
rs6870983	5	87697533	1.01437	C	T	0.787184	0.995128	2.11198	1.5E-01	-0.00979738	0.00681105	2.06915	1.5E-01	1.58429	2.1E-01
rs27361	5	102548967	1.1092	G	A	0.700242	0.998319	0.0818396	7.7E-01	-0.00113701	0.00608876	0.0348715	8.5E-01	0.000358662	9.8E-01
rs34864074	5	112875535	1.20089	A	C	0.809873	0.995669	1.98498	1.6E-01	0.0106044	0.00715098	2.19908	1.4E-01	2.25226	1.3E-01
rs10519585	5	118676529	1.27446	T	C	0.712535	0.977148	5.55569	1.8E-02	-0.0152308	0.00622001	5.99604	1.4E-02	5.03427	2.5E-02
rs4705986	5	132349654	1.39065	T	G	0.937241	0.978165	0.806099	3.7E-01	-0.0144547	0.0116249	1.54612	2.1E-01	1.44618	2.3E-01
rs33999	5	141973349	1.48937	C	G	0.612065	0.9834	1.87736	1.7E-01	0.00739141	0.00575343	1.65045	2.0E-01	1.49264	2.2E-01
rs10477191	5	142077715	1.49476	A	G	0.950886	0.911257	4.06454	4.4E-02	0.0324754	0.0135631	5.73316	1.7E-02	6.24514	1.2E-02
rs72846967	5	171849098	1.88961	A	G	0.706231	0.999429	3.52389	6.0E-02	0.0108689	0.00612008	3.15394	7.6E-02	3.07383	8.0E-02
rs2053681	5	172746086	1.91113	A	G	0.485601	0.912476	0.223902	6.4E-01	0.00154824	0.00585014	0.0700393	7.9E-01	0.383983	5.4E-01
rs201058	6	6726017	0.180973	A	G	0.438993	0.99583	1.46336	2.3E-01	0.00560789	0.0056181	0.996366	3.2E-01	0.928187	3.4E-01
rs2326776	6	6761881	0.18302	G	A	0.790616	0.988382	1.71708	1.9E-01	0.00827164	0.00688352	1.44399	2.3E-01	1.71548	1.9E-01
rs7751325	6	7209132	0.195952	C	T	0.550375	0.99847	4.49629	3.4E-02	0.0108176	0.00560895	3.71966	5.4E-02	3.56463	5.9E-02
rs17584626	6	20560435	0.409936	A	T	0.687051	0.984667	1.81541	1.8E-01	-0.00842804	0.00604993	1.94067	1.6E-01	1.3277	2.5E-01
rs114376405	6	30770701	0.507083	G	A	0.988554	0.994696	0.757046	3.8E-01	-0.0145862	0.0262649	0.308411	5.8E-01	0.356164	5.5E-01
rs3094225	6	31113052	0.510178	G	A	0.26968	0.999821	5.95477	1.5E-02	0.0157324	0.00628846	6.25893	1.2E-02	6.36126	1.2E-02
rs9267989	6	32219320	0.51869	G	T	0.79171	0.999726	0.15063	7.0E-01	-0.00460021	0.00683968	0.45236	5.0E-01	0.601485	4.4E-01
rs181133225	6	32454764	0.520293	T	C	0.893444	0.778953	0.289528	5.9E-01	0.00244559	0.0101715	0.0578086	8.1E-01	0.0347181	8.5E-01
rs117108573	6	32489679	0.520303	C	T	0.921405	0.866866	0.678982	4.1E-01	0.00508092	0.0110542	0.211265	6.5E-01	0.136149	7.1E-01
rs142779375	6	34165351	0.545713	T	G	0.952718	0.997081	7.25944	7.1E-03	0.0352305	0.0131261	7.20383	7.3E-03	5.78295	1.6E-02
rs1574430	6	43269029	0.669727	A	C	0.391321	0.999399	0.0984486	7.5E-01	-0.00150178	0.00570872	0.0692042	7.9E-01	0.133055	7.2E-01
rs9381248	6	43734606	0.675407	C	T	0.87836	0.993046	2.00696	1.6E-01	0.0126094	0.00855892	2.17045	1.4E-01	1.97497	1.6E-01
rs35349911	6	43785255	0.678849	C	T	0.409597	0.97009	2.16371	1.4E-01	0.00897268	0.00576323	2.42389	1.2E-01	2.31442	1.3E-01
rs10452561	6	80805796	0.920872	T	C	0.874288	0.991795	0.0296939	8.6E-01	0.00196673	0.0084144	0.0546316	8.2E-01	0.0372855	8.5E-01
rs1902066	6	81346033	0.922431	T	C	0.437575	0.991679	2.31171	1.3E-01	0.00816583	0.00564338	2.09374	1.5E-01	2.4889	1.1E-01
rs6924944	6	100597579	1.0811	A	T	0.245827	0.981159	1.42074	2.3E-01	-0.00771451	0.00654927	1.38749	2.4E-01	1.05308	3.0E-01
rs72969772	6	126187585	1.32503	A	G	0.980332	1	0.642939	4.2E-01	0.0109945	0.0201245	0.29847	5.8E-01	0.427148	5.1E-01
rs9986505	6	126445558	1.32603	A	G	0.6761	0.991308	3.59064	5.8E-02	-0.010351	0.00597854	2.99762	8.3E-02	3.38228	6.6E-02
rs74949497	6	126812007	1.32699	A	C	0.97518	1	12.7441	3.6E-04	0.0659807	0.0180126	13.4178	2.5E-04	12.223	4.7E-04
rs9389689	6	139813632	1.50282	G	C	0.504922	0.997811	27.3018	1.7E-07	0.0289177	0.00556392	27.0127	2.0E-07	30.2243	3.8E-08
rs851978	6	152029556	1.64243	G	T	0.726311	0.996212	0.133971	7.1E-01	-0.00269609	0.00626941	0.184933	6.7E-01	0.446713	5.0E-01
rs2282137	6	160468180	1.77084	G	A	0.984432	0.989502	35.237	2.9E-09	-0.1344	0.0225838	35.4161	2.7E-09	35.6075	2.4E-09
rs960589	7	25823647	0.43812	A	C	0.837349	0.976235	5.13468	2.3E-02	0.0165613	0.00762004	4.72359	3.0E-02	5.38432	2.0E-02
rs12671127	7	26309246	0.44373	C	T	0.633613	0.988487	4.89166	2.7E-02	-0.013875	0.00580144	5.72002	1.7E-02	5.46265	1.9E-02
rs2189239	7	27237453	0.453427	C	T	0.917096	0.977954	1.4555	2.3E-01	-0.00974371	0.0102324	0.90677	3.4E-01	1.11751	2.9E-01
rs13223303	7	42692711	0.680137	T	C	0.70789	0.997675	2.74957	9.7E-02	-0.0106881	0.00612725	3.0428	8.1E-02	3.2241	7.3E-02
rs35867424	7	72032358	0.893844	G	A	0.97046	0.950986	29.9337	4.5E-08	-0.093074	0.0168405	30.5456	3.3E-08	30.1549	4.0E-08
rs145099458	7	73004315	0.899692	C	T	0.95906	0.930743	43.2057	4.9E-11	-0.0966918	0.0145326	44.2681	2.9E-11	46.7486	8.1E-12
rs2470945	7	104585760	1.19835	C	A	0.596387	0.999188	2.0922	1.5E-01	0.00879967	0.0056507	2.42509	1.2E-01	2.40407	1.2E-01
rs4313084	7	114586903	1.30546	C	T	0.0829266	0.999308	0.00392979	9.5E-01	-0.00280359	0.0100968	0.0771018	7.8E-01	0.212969	6.4E-01
rs12154627	7	130422934	1.4017	T	C	0.506907	0.97487	58.747	1.8E-14	-0.043077	0.00563171	58.5072	2.0E-14	64.1022	1.2E-15
rs330096	8	9171595	0.251664	G	C	0.75605	0.971568	37.1525	1.1E-09	0.0395073	0.00656717	36.1908	1.8E-09	35.7866	2.2E-09
rs13277738	8	18241507	0.434993	C	T	0.850781	0.99455	39.3297	3.6E-10	0.0482277	0.00782341	38.0014	7.1E-10	36.9921	1.2E-09
rs62496677	8	19636940	0.469846	A	C	0.808299	0.995456	49.757	1.7E-12	-0.047137	0.0070773	44.3596	2.7E-11	47.4346	5.7E-12
rs74441678	8	19863114	0.472815	A	G	0.984178	0.957587	45.7861	1.3E-11	0.154614	0.0228119	45.938	1.2E-11	43.8224	3.6E-11
rs147649176	8	19941197	0.473738	C	A	0.984939	0.966297	35.2385	2.9E-09	0.140421	0.0232059	36.6154	1.4E-09	38.4055	5.7E-10
rs7815496	8	38321607	0.69461	C	T	0.597431	0.996532	7.87474	5.0E-03	0.0152168	0.00567246	7.19625	7.3E-03	8.67144	3.2E-03
rs10093418	8	72392687	0.950051	A	G	0.892444	0.978176	6.87322	8.7E-03	0.02375	0.00902304	6.92819	8.5E-03	7.30035	6.9E-03
rs144435165	8	126419938	1.45107	G	C	0.944194	0.785853	29.5128	5.6E-08	0.0752393	0.0136584	30.3452	3.6E-08	28.8891	7.7E-08
rs2954018	8	126477153	1.45319	C	T	0.298303	0.998357	74.6993	5.5E-18	-0.0541218	0.00608901	79.0045	6.2E-19	85.1763	2.7E-20
rs2131919	9	95283887	1.12689	A	G	0.83667	0.999136	5.98405	1.4E-02	0.0191323	0.00756242	6.40049	1.1E-02	4.80541	2.8E-02
rs2398893	9	96758342	1.14182	A	G	0.725421	0.999804	0.523125	4.7E-01	0.00419696	0.00625617	0.450042	5.0E-01	0.50385	4.8E-01
rs12686004	9	107653426	1.24316	G	A	0.884341	1	1.86033	1.7E-01	0.0116358	0.00871052	1.78446	1.8E-01	1.30236	2.5E-01
rs10991414	9	107685589	1.24582	T	C	0.861068	0.989408	3.75249	5.3E-02	0.0165264	0.00811998	4.14234	4.2E-02	3.68792	5.5E-02
rs73519946	9	107868862	1.24912	A	T	0.958103	0.989128	0.502689	4.8E-01	0.00897288	0.0140072	0.410356	5.2E-01	0.24297	6.2E-01
rs7096078	10	3560644	0.0740604	C	T	0.425467	0.981688	0.722002	4.0E-01	-0.00509398	0.00567958	0.804419	3.7E-01	1.18062	2.8E-01
rs2907794	10	32391109	0.603202	G	A	0.758285	0.99713	0.312037	5.8E-01	-0.00328412	0.00650605	0.254802	6.1E-01	0.111025	7.4E-01
rs2247486	10	33489594	0.609463	A	G	0.603119	0.998525	0.672222	4.1E-01	-0.00463999	0.00567882	0.667602	4.1E-01	0.606576	4.4E-01
rs12243209	10	63783406	0.859343	T	C	0.963634	0.99691	3.27219	7.0E-02	0.027636	0.0149334	3.42476	6.4E-02	4.553	3.3E-02
rs10995041	10	63867523	0.860298	A	C	0.754056	0.97671	0.321709	5.7E-01	0.00250585	0.00656114	0.145865	7.0E-01	0.296898	5.9E-01
rs7089698	10	65384567	0.871611	A	G	0.465243	0.998398	14.7587	1.2E-04	-0.0216043	0.00560253	14.87	1.2E-04	16.0126	6.3E-05
rs703985	10	80940740	1.06575	A	T	0.590861	0.992524	11.5156	6.9E-04	-0.019286	0.0056908	11.4852	7.0E-04	11.9201	5.6E-04
rs11202614	10	89755643	1.15952	C	T	0.838039	0.997476	5.97155	1.5E-02	0.0184815	0.00759361	5.92353	1.5E-02	6.87521	8.7E-03
rs10882028	10	93943900	1.2086	C	T	0.408953	0.999201	4.70498	3.0E-02	0.0127015	0.00564993	5.05389	2.5E-02	5.78257	1.6E-02
rs7917772	10	104487443	1.30576	G	A	0.367969	1	3.34126	6.8E-02	0.0114488	0.00576604	3.94244	4.7E-02	3.24973	7.1E-02
rs11596249	10	122812361	1.5266	T	G	0.911116	0.993945	4.377	3.6E-02	0.0195404	0.00981077	3.96699	4.6E-02	4.64071	3.1E-02
rs10788149	10	122967170	1.52881	G	A	0.320548	1	6.21944	1.3E-02	-0.0150843	0.00598488	6.35246	1.2E-02	6.82981	9.0E-03
rs140201358	11	823586	0.0109832	C	G	0.986248	1	7.46992	6.3E-03	0.0693939	0.02392	8.41631	3.7E-03	8.27525	4.0E-03
rs7932891	11	10921512	0.210707	A	G	0.294517	0.99931	3.39526	6.5E-02	-0.0103015	0.00610495	2.84734	9.2E-02	2.63525	1.0E-01
rs11029441	11	26279145	0.452845	T	C	0.920415	0.988421	6.47961	1.1E-02	0.0255596	0.0103497	6.0989	1.4E-02	6.74724	9.4E-03
rs12786130	11	27505954	0.464069	C	T	0.238291	0.989196	20.0305	7.6E-06	-0.0290006	0.00656906	19.4898	1.0E-05	22.0777	2.6E-06
rs56386213	11	36291554	0.562467	A	G	0.595018	1	0.229926	6.3E-01	-0.0047835	0.00564131	0.719003	4.0E-01	1.05165	3.1E-01
rs174528	11	61543499	0.703973	T	C	0.623454	0.995598	52.2491	4.9E-13	0.0426175	0.00576218	54.7019	1.4E-13	55.192	1.1E-13
rs11231137	11	62315699	0.714502	G	A	0.701274	0.997506	4.07434	4.4E-02	0.0120693	0.00608624	3.93249	4.7E-02	4.27268	3.9E-02
rs61881114	11	68996697	0.758653	C	T	0.848445	0.991928	0.00587764	9.4E-01	-0.000695546	0.0077763	0.00800027	9.3E-01	0.0475594	8.3E-01
rs12362685	11	111478720	1.18727	A	T	0.621328	0.997217	0.447312	5.0E-01	-0.00452142	0.00575149	0.618001	4.3E-01	0.541285	4.6E-01
rs78221557	11	116515528	1.25942	G	A	0.98124	0.969038	52.4613	4.4E-13	0.15044	0.0208192	52.2156	5.0E-13	52.7371	3.8E-13
rs141584077	11	116523304	1.2596	A	T	0.921494	0.881057	62.6589	2.5E-15	0.0863345	0.0110073	61.5185	4.4E-15	62.0006	3.4E-15
rs10790164	11	116699389	1.26119	A	G	0.0337732	1	75.8665	3.0E-18	-0.132955	0.0150426	78.1202	9.7E-19	80.2662	3.3E-19
rs747249	11	130271647	1.49781	A	G	0.360849	0.986641	0.244612	6.2E-01	0.00386423	0.00584301	0.437374	5.1E-01	0.0756668	7.8E-01
rs10771260	12	26253557	0.45721	A	C	0.608183	0.995844	6.06816	1.4E-02	0.0146095	0.00573108	6.49829	1.1E-02	7.23641	7.1E-03
rs16915737	12	26403614	0.459048	C	T	0.928538	0.993226	0.701891	4.0E-01	0.00747069	0.0108201	0.476712	4.9E-01	0.480207	4.9E-01
rs7310959	12	45968598	0.59006	G	A	0.897555	1	13.7525	2.1E-04	0.0338836	0.00920509	13.5495	2.3E-04	12.7083	3.6E-04
rs75824359	12	54320490	0.68262	A	G	0.970266	0.973341	0.600325	4.4E-01	-0.0136609	0.0166168	0.67587	4.1E-01	1.20717	2.7E-01
rs7961915	12	66425288	0.795219	A	G	0.213926	0.943584	3.05794	8.0E-02	-0.0117481	0.00698049	2.83248	9.2E-02	2.61114	1.1E-01
rs704067	12	89726027	1.03172	G	A	0.545146	0.989595	0.0898174	7.6E-01	-0.000526371	0.00564041	0.00870889	9.3E-01	0.0602019	8.1E-01
rs7958469	12	107052620	1.26171	G	A	0.638699	0.995036	14.3487	1.5E-04	0.0224416	0.00581082	14.9153	1.1E-04	16.2423	5.6E-05
rs1169809	12	121688026	1.45624	G	A	0.700971	0.994402	16.8032	4.1E-05	0.0263303	0.00609713	18.6493	1.6E-05	18.6967	1.5E-05
rs139948644	12	123200016	1.46983	C	T	0.972202	0.923516	8.75419	3.1E-03	-0.0480536	0.0175956	7.45839	6.3E-03	8.61682	3.3E-03
rs11060406	12	123339117	1.47024	C	T	0.96325	0.964271	4.86972	2.7E-02	0.032621	0.0150222	4.71548	3.0E-02	7.04844	7.9E-03
rs34149579	12	123345509	1.47026	G	T	0.947363	1	21.0002	4.6E-06	0.0561689	0.0124709	20.2859	6.7E-06	20.3394	6.5E-06
rs11613189	12	124642803	1.48018	C	T	0.627038	0.983075	3.93032	4.7E-02	-0.0108897	0.00583826	3.4791	6.2E-02	3.22379	7.3E-02
rs1045411	13	31033232	0.263482	C	T	0.7313	0.996942	3.78473	5.2E-02	-0.013772	0.00630645	4.76896	2.9E-02	4.02605	4.5E-02
rs10507524	13	44684600	0.468128	T	C	0.907237	0.994143	0.2962	5.9E-01	0.00473857	0.00966068	0.240591	6.2E-01	0.293428	5.9E-01
rs7334326	13	50967732	0.53896	G	C	0.858576	0.996316	3.33104	6.8E-02	0.0144046	0.00800007	3.24204	7.2E-02	3.45152	6.3E-02
rs35678857	13	95222890	0.91089	C	A	0.649884	0.995747	30.0073	4.3E-08	0.0321158	0.00585365	30.1011	4.1E-08	27.6899	1.4E-07
rs8012185	14	58668484	0.537795	A	G	0.723155	0.991197	6.55321	1.0E-02	0.0157303	0.00624254	6.34968	1.2E-02	7.72085	5.5E-03
rs1286138	14	91485445	0.882014	T	G	0.326286	0.996304	2.29809	1.3E-01	-0.00866662	0.00594344	2.1263	1.4E-01	2.7267	9.9E-02
rs2124307	14	98344662	1.02722	T	C	0.377663	0.998341	1.9645	1.6E-01	0.00727152	0.0057585	1.59453	2.1E-01	1.83026	1.8E-01
rs7402977	15	31726824	0.452929	G	A	0.733334	0.984393	0.300457	5.8E-01	-0.00255436	0.00634704	0.161965	6.9E-01	0.441421	5.1E-01
rs12437696	15	40878474	0.62928	A	G	0.51447	0.998802	2.87841	9.0E-02	-0.00952684	0.00559137	2.90309	8.8E-02	2.5812	1.1E-01
rs62020665	15	43020324	0.640949	C	G	0.911926	0.939942	41.4542	1.2E-10	0.0654284	0.0101633	41.444	1.2E-10	43.2558	4.8E-11
rs11630710	15	56364758	0.756318	G	T	0.893172	0.979091	4.7649	2.9E-02	0.0184442	0.00914189	4.07051	4.4E-02	3.29602	6.9E-02
rs12911939	15	63800065	0.876679	T	C	0.431976	0.996322	17.1873	3.4E-05	-0.0256939	0.00563689	20.7769	5.2E-06	20.8546	5.0E-06
rs762551	15	75041917	1.00314	C	A	0.274028	1	3.71943	5.4E-02	0.0109413	0.00624195	3.07255	8.0E-02	2.62865	1.0E-01
rs2401948	16	1340854	0.0338191	G	C	0.470436	0.984992	1.23586	2.7E-01	0.00684397	0.00561687	1.48466	2.2E-01	1.58677	2.1E-01
rs3747577	16	4415696	0.082586	C	G	0.259467	0.988145	0.27424	6.0E-01	-0.00379006	0.00639223	0.351551	5.5E-01	1.00471	3.2E-01
rs12918743	16	11624245	0.272102	G	A	0.537734	0.991971	3.7094	5.4E-02	0.0102347	0.00559801	3.34258	6.8E-02	2.84107	9.2E-02
rs4787456	16	28559573	0.542371	C	T	0.634142	0.996921	1.57453	2.1E-01	0.00607075	0.00575135	1.11415	2.9E-01	1.74658	1.9E-01
rs10083738	16	29927702	0.553162	G	A	0.45121	0.999839	1.3614	2.4E-01	0.00615716	0.0056007	1.20859	2.7E-01	1.10244	2.9E-01
rs16952242	16	53474250	0.64336	G	A	0.697908	0.997944	0.748454	3.9E-01	0.00490152	0.00607475	0.651037	4.2E-01	0.991603	3.2E-01
rs9937053	16	53799507	0.64597	G	A	0.577195	0.999601	0.225517	6.3E-01	-0.00256398	0.00564204	0.206517	6.5E-01	0.469952	4.9E-01
rs73591961	16	67801309	0.850294	G	A	0.900207	0.997652	29.794	4.8E-08	-0.0519799	0.00930744	31.1897	2.3E-08	33.0705	8.9E-09
rs11866219	16	69549749	0.858341	A	C	0.415066	0.975783	14.0875	1.7E-04	-0.0208749	0.00572808	13.281	2.7E-04	13.658	2.2E-04
rs2550733	16	81449060	1.04439	A	G	0.430492	1	2.33288	1.3E-01	-0.008889	0.00563476	2.4886	1.1E-01	2.50705	1.1E-01
rs2927333	16	81509279	1.0455	A	G	0.679395	0.985143	9.0574	2.6E-03	-0.0169206	0.00602781	7.87978	5.0E-03	7.7049	5.5E-03
rs727428	17	7537792	0.196849	T	C	0.44291	1	3.36257	6.7E-02	-0.0105234	0.00559713	3.53493	6.0E-02	3.70032	5.4E-02
rs8075019	17	17455192	0.444844	G	A	0.875691	0.988404	3.9124	4.8E-02	0.0200726	0.00847786	5.60576	1.8E-02	6.77916	9.2E-03
rs16942379	17	21259827	0.471679	C	T	0.508165	0.995529	9.74461	1.8E-03	-0.016857	0.00558912	9.09654	2.6E-03	10.0731	1.5E-03
rs11651639	17	27672320	0.49569	A	T	0.483934	0.999433	0.883681	3.5E-01	0.00489656	0.00557265	0.772075	3.8E-01	0.980603	3.2E-01
rs2306593	17	34866546	0.59517	C	T	0.509195	0.996584	1.39958	2.4E-01	-0.00691991	0.00558089	1.53742	2.2E-01	1.46044	2.3E-01
rs55883500	17	40395267	0.664304	T	G	0.691334	0.998762	4.1804	4.1E-02	0.0129959	0.00602948	4.64572	3.1E-02	5.8577	1.6E-02
rs56328224	17	43572419	0.687192	C	T	0.774992	0.995527	0.51756	4.7E-01	0.00549954	0.00670676	0.6724	4.1E-01	0.694854	4.0E-01
rs11871767	17	61698723	0.887174	A	G	0.724045	0.995857	3.80145	5.1E-02	0.0119036	0.00625587	3.62059	5.7E-02	3.58208	5.8E-02
rs7225826	17	67574721	0.971804	C	T	0.325119	0.997806	3.75439	5.3E-02	0.010275	0.00594557	2.98659	8.4E-02	2.70998	1.0E-01
rs312757	17	68347701	0.983463	C	G	0.322951	0.991143	4.38686	3.6E-02	-0.0132798	0.00598105	4.9298	2.6E-02	5.89499	1.5E-02
rs3810068	18	2846499	0.0738566	T	C	0.595452	1	10.4228	1.2E-03	-0.0153708	0.0056643	7.36378	6.7E-03	7.93812	4.8E-03
rs4890429	18	40697481	0.611694	T	C	0.738773	0.995191	2.31975	1.3E-01	-0.0117285	0.00636905	3.39105	6.6E-02	3.74338	5.3E-02
rs357900	18	46585235	0.687097	T	A	0.110184	0.998906	0.00952627	9.2E-01	-0.00405719	0.00889084	0.20824	6.5E-01	0.228173	6.3E-01
rs3897645	18	57728947	0.82135	T	C	0.443585	1	0.213538	6.4E-01	-0.00405525	0.00563625	0.51767	4.7E-01	0.86184	3.5E-01
rs2331933	18	57955945	0.822668	T	G	0.652214	0.979252	0.142582	7.1E-01	0.00255396	0.00592868	0.185572	6.7E-01	0.166986	6.8E-01
rs12979965	19	2131148	0.0753026	A	G	0.499935	0.991113	0.0183715	8.9E-01	-0.000250241	0.00559112	0.00200317	9.6E-01	0.0153458	9.0E-01
rs2240702	19	4159873	0.144523	A	G	0.883396	0.986669	7.50847	6.1E-03	0.025283	0.00870832	8.42923	3.7E-03	7.14982	7.5E-03
rs1799815	19	7125519	0.224812	G	A	0.932212	1	9.39598	2.2E-03	-0.0324603	0.0110572	8.61823	3.3E-03	10.2883	1.3E-03
rs35555265	19	17152232	0.420672	C	T	0.803227	0.993265	3.57695	5.9E-02	-0.0134019	0.00701939	3.64531	5.6E-02	2.62071	1.1E-01
rs72999466	19	18248499	0.447893	C	T	0.742123	0.99893	1.88394	1.7E-01	0.00751146	0.0063658	1.39233	2.4E-01	1.2696	2.6E-01
rs1423056	19	33780444	0.560699	G	A	0.681795	0.903762	0.118283	7.3E-01	0.00170331	0.00630056	0.0730853	7.9E-01	0.346262	5.6E-01
rs113504807	19	33787954	0.561506	C	T	0.951238	0.934153	0.223023	6.4E-01	0.0056595	0.0133565	0.179544	6.7E-01	0.122416	7.3E-01
rs544964	19	37409561	0.616104	A	G	0.417229	0.998743	0.111775	7.4E-01	-0.00307486	0.00566167	0.294958	5.9E-01	0.389869	5.3E-01
rs112450640	19	45296364	0.703043	G	A	0.98057	0.986145	34.9286	3.4E-09	0.117289	0.0203481	33.2254	8.2E-09	35.299	2.8E-09
rs372642577	19	45432488	0.707888	C	A	0.911967	0.614237	33.8497	6.0E-09	-0.0761696	0.0125295	36.957	1.2E-09	36.1739	1.8E-09
rs431001	19	54813266	0.957116	G	A	0.673806	0.993878	32.8457	1.0E-08	-0.0343134	0.00595852	33.1627	8.5E-09	33.6071	6.7E-09
rs151235402	20	569164	0.0196907	C	T	0.984757	0.956324	6.07225	1.4E-02	0.054487	0.0233884	5.42733	2.0E-02	6.86755	8.8E-03
rs805769	20	5667459	0.191037	T	C	0.595306	0.99253	0.0605587	8.1E-01	-0.000557634	0.00569881	0.00957483	9.2E-01	0.00177924	9.7E-01
rs2207132	20	39142516	0.589709	G	A	0.966685	1	24.9491	5.9E-07	0.076442	0.0155199	24.2596	8.4E-07	28.7778	8.1E-08
rs3091552	20	45440006	0.689385	C	G	0.264162	0.950692	0.44339	5.1E-01	-0.00426986	0.00646978	0.435561	5.1E-01	0.0838527	7.7E-01
rs1999536	20	45581777	0.691337	G	C	0.430706	0.994672	3.05669	8.0E-02	-0.00837249	0.00563802	2.20525	1.4E-01	2.16287	1.4E-01
rs1206829	20	45762552	0.696622	A	G	0.446378	0.998025	1.75308	1.9E-01	0.00898209	0.0056036	2.56933	1.1E-01	2.58934	1.1E-01
rs6063779	20	50964151	0.79129	A	G	0.716728	0.997749	2.36564	1.2E-01	-0.0102479	0.00618708	2.74348	9.8E-02	4.25813	3.9E-02
rs28710106	20	51712678	0.801721	C	T	0.889914	0.997611	4.00046	4.5E-02	0.0167889	0.00892439	3.53907	6.0E-02	3.08227	7.9E-02
rs6090040	20	62692060	1.09656	A	C	0.479429	0.988701	18.807	1.4E-05	-0.0239575	0.00560743	18.2539	1.9E-05	20.904	4.8E-06
rs66836452	21	33058743	0.322744	C	T	0.898206	0.995819	1.31414	2.5E-01	0.00836799	0.00924002	0.820156	3.7E-01	0.6719	4.1E-01
rs2836139	21	39451403	0.432375	A	G	0.514897	0.9942	0.00151127	9.7E-01	0.00218406	0.00561479	0.151308	7.0E-01	0.62282	4.3E-01
rs9625551	22	29140529	0.338663	G	A	0.979191	0.995212	0.017823	8.9E-01	-0.00111802	0.019502	0.00328654	9.5E-01	0.0131712	9.1E-01
