SNP	CHR	BP	GENPOS	ALLELE1	ALLELE0	A1FREQ	INFO	CHISQ_LINREG	P_LINREG	BETA	SE	CHISQ_BOLT_LMM_INF	P_BOLT_LMM_INF
rs1294014	1	9325676	0.18921	C	T	0.732088	0.974098	8.81912	3.0E-03	-0.0165526	0.00638823	6.71386	9.6E-03	7.5949	5.9E-03
rs10753554	1	23619009	0.461644	T	C	0.260317	0.989627	1.65563	2.0E-01	0.00682569	0.00638209	1.14385	2.8E-01	1.09296	3.0E-01
rs193084249	1	26987646	0.50164	A	G	0.976179	0.957438	32.0458	1.5E-08	-0.105529	0.0186584	31.9885	1.6E-08	33.0319	9.1E-09
rs72663503	1	39969059	0.670152	C	T	0.771573	0.996098	24.7081	6.7E-07	-0.0335288	0.00663985	25.4988	4.4E-07	30.7751	2.9E-08
rs657452	1	49589847	0.760469	A	G	0.390779	0.988645	0.926912	3.4E-01	0.00719218	0.00571664	1.58285	2.1E-01	1.34245	2.5E-01
rs624698	1	62900811	0.92277	A	G	0.58261	0.969721	123.674	9.9E-29	0.0651974	0.00572771	129.568	5.1E-30	132.948	9.3E-31
rs9436299	1	65892888	0.967508	C	A	0.325082	0.970882	0.00225354	9.6E-01	-0.00267637	0.00603934	0.196387	6.6E-01	0.156921	6.9E-01
rs1526480	1	91209986	1.21385	T	C	0.625038	1	5.13442	2.3E-02	-0.0129614	0.00577333	5.04021	2.5E-02	4.22971	4.0E-02
rs4375301	1	98298371	1.27828	A	G	0.767662	0.993807	4.06819	4.4E-02	-0.0135993	0.00662928	4.20822	4.0E-02	5.33673	2.1E-02
rs3108680	1	107572997	1.35724	T	C	0.652386	0.999501	3.07294e-05	1.0E+00	-7.70672e-05	0.00588768	0.000171337	9.9E-01	0.0542971	8.2E-01
rs2076586	1	112273026	1.42823	C	T	0.753838	0.980886	2.20324	1.4E-01	0.00991843	0.0065373	2.30191	1.3E-01	0.942396	3.3E-01
rs115499511	1	119322589	1.50902	T	C	0.963678	0.975965	1.01978	3.1E-01	0.0149997	0.0150507	0.993246	3.2E-01	1.10998	2.9E-01
rs10494220	1	119572398	1.50995	C	T	0.872599	0.999593	1.42256	2.3E-01	-0.00825294	0.00834014	0.979198	3.2E-01	0.605232	4.4E-01
rs114056923	1	154868744	1.69777	T	C	0.966966	1	0.0917142	7.6E-01	0.00456088	0.0156453	0.0849823	7.7E-01	0.0401392	8.4E-01
rs17345893	1	170171874	1.91645	C	T	0.933651	0.998406	0.127212	7.2E-01	-0.00185992	0.0111949	0.0276027	8.7E-01	0.0427946	8.4E-01
rs1953096	1	170318770	1.91758	G	A	0.762782	0.999479	0.637552	4.2E-01	-0.00556083	0.00657358	0.715607	4.0E-01	0.597177	4.4E-01
rs6697844	1	172308238	1.93873	C	T	0.56798	0.996349	2.01635	1.6E-01	-0.00918334	0.00560889	2.68069	1.0E-01	2.84975	9.1E-02
rs633715	1	177852580	1.98813	T	C	0.789275	1	0.451935	5.0E-01	-0.0019265	0.00684474	0.0792181	7.8E-01	0.00614488	9.4E-01
rs11807331	1	196427811	2.14315	T	C	0.684298	0.996378	10.6726	1.1E-03	0.0197132	0.00599675	10.8064	1.0E-03	11.4244	7.2E-04
rs11240351	1	205044339	2.25371	A	G	0.594795	0.998205	0.814897	3.7E-01	-0.00561185	0.00567472	0.977963	3.2E-01	0.894808	3.4E-01
rs61823192	1	219294570	2.43535	C	T	0.971468	0.90297	0.0246588	8.8E-01	-0.00337902	0.0175905	0.0369001	8.5E-01	0.492265	4.8E-01
rs77278027	1	219392230	2.43543	C	T	0.93823	0.976746	0.0254559	8.7E-01	-0.00305153	0.0117127	0.0678764	7.9E-01	0.00591901	9.4E-01
rs6683741	1	219786717	2.43742	T	G	0.861853	0.991403	7.95854	4.8E-03	-0.0219049	0.00809361	7.3248	6.8E-03	8.02786	4.6E-03
rs4631704	1	230293530	2.53595	C	T	0.39136	0.985874	47.097	6.8E-12	0.0409902	0.00574512	50.905	9.7E-13	55.3083	1.0E-13
rs62106252	2	408713	0.00503892	G	A	0.950832	0.955734	1.4326	2.3E-01	0.0156907	0.0131491	1.42395	2.3E-01	1.1546	2.8E-01
rs2867105	2	601905	0.00766081	T	G	0.178655	0.986439	1.65572	2.0E-01	-0.00891174	0.00732666	1.47949	2.2E-01	1.88838	1.7E-01
rs711869	2	13073967	0.297329	G	A	0.443249	0.983109	0.169169	6.8E-01	-0.000772539	0.00565568	0.0186582	8.9E-01	0.0020565	9.6E-01
rs11677500	2	24846815	0.456236	A	G	0.443553	0.997596	0.127006	7.2E-01	-0.00352733	0.00560642	0.395842	5.3E-01	0.500497	4.8E-01
rs7933	2	43452183	0.682402	A	G	0.634849	0.981779	2.67832	1.0E-01	-0.0105603	0.0058319	3.27892	7.0E-02	3.08608	7.9E-02
rs36072157	2	48953740	0.765134	G	C	0.658175	0.956087	4.76339	2.9E-02	-0.0122217	0.00599724	4.15299	4.2E-02	3.9241	4.8E-02
rs6546196	2	66144496	0.916561	G	A	0.525101	0.993792	1.50187	2.2E-01	-0.00781128	0.00560475	1.94237	1.6E-01	1.63944	2.0E-01
rs4316926	2	66749108	0.924328	G	A	0.396567	0.99766	0.0813831	7.8E-01	-0.00135256	0.00570286	0.0562503	8.1E-01	0.00381494	9.5E-01
rs2170702	2	67571130	0.937008	T	C	0.545622	0.996677	2.10968	1.5E-01	0.00917943	0.00562556	2.66256	1.0E-01	2.47952	1.2E-01
rs12712049	2	100208830	1.21955	A	G	0.176674	0.985519	6.43702	1.1E-02	0.0180113	0.00734573	6.01203	1.4E-02	5.55264	1.8E-02
rs72946301	2	111861838	1.33125	G	A	0.903863	0.964859	0.975361	3.2E-01	0.00945968	0.00962604	0.965734	3.3E-01	1.64229	2.0E-01
rs7593247	2	119337589	1.3956	C	T	0.503784	0.990163	0.198912	6.6E-01	-0.0012889	0.00559619	0.0530461	8.2E-01	0.0379713	8.5E-01
rs114666647	2	158393301	1.76187	T	C	0.987759	1	0.000592432	9.8E-01	0.00441516	0.0253575	0.0303166	8.6E-01	0.1367	7.1E-01
rs11899550	2	158451825	1.76314	C	T	0.92902	0.994523	0.4927	4.8E-01	-0.0055275	0.010849	0.259586	6.1E-01	0.25243	6.2E-01
rs62173895	2	165477903	1.81419	G	C	0.329951	0.997788	35.7963	2.2E-09	-0.0348031	0.00595379	34.1704	5.0E-09	36.5186	1.5E-09
rs3769872	2	165565548	1.81514	C	T	0.941933	0.997539	2.43544	1.2E-01	0.0212772	0.0119466	3.17206	7.5E-02	3.79435	5.1E-02
rs115283512	2	172379649	1.89769	C	T	0.817449	0.996247	0.0944709	7.6E-01	0.0022805	0.007236	0.099326	7.5E-01	6.81365e-07	1.0E+00
rs62173497	2	187821910	2.04064	C	A	0.889372	0.96522	3.12302	7.7E-02	0.0146643	0.00902655	2.63924	1.0E-01	2.77884	9.6E-02
rs1837121	2	216292331	2.28555	G	A	0.273406	0.99918	0.000865183	9.8E-01	-0.00100572	0.00625641	0.0258404	8.7E-01	0.290876	5.9E-01
rs16857748	2	218382258	2.32414	C	T	0.903272	0.999764	1.06753	3.0E-01	-0.0115887	0.00943397	1.50897	2.2E-01	1.18975	2.8E-01
rs16866785	2	226899056	2.44178	A	G	0.775296	0.992487	16.8279	4.1E-05	0.0278548	0.00670064	17.281	3.2E-05	18.2713	1.9E-05
rs305506	3	12026709	0.296805	G	T	0.113563	0.992655	2.01935	1.6E-01	0.0110425	0.00882861	1.56442	2.1E-01	1.78766	1.8E-01
rs114252958	3	12409938	0.29797	C	T	0.982978	0.956617	0.286957	5.9E-01	-0.0118802	0.0221214	0.288416	5.9E-01	0.00910962	9.2E-01
rs13086654	3	35532275	0.595296	G	A	0.863267	0.996625	2.58822	1.1E-01	-0.0112829	0.00809316	1.94359	1.6E-01	2.94967	8.6E-02
rs11926707	3	46925539	0.687568	T	C	0.379143	0.985514	13.2425	2.7E-04	-0.0199304	0.0057712	11.9261	5.5E-04	13.47	2.4E-04
rs614288	3	52220203	0.695484	T	C	0.466765	1	2.49366	1.1E-01	0.00937086	0.00557398	2.82636	9.3E-02	1.63249	2.0E-01
rs11718560	3	64584862	0.868956	C	T	0.731847	0.985124	2.51888	1.1E-01	-0.0093741	0.00632969	2.19328	1.4E-01	1.70237	1.9E-01
rs4688498	3	64674599	0.871028	C	T	0.669682	0.985151	1.7554	1.9E-01	0.00662643	0.00596937	1.23226	2.7E-01	1.47856	2.2E-01
rs9872683	3	123155892	1.35844	A	C	0.408022	0.993775	0.516846	4.7E-01	0.00496467	0.00567815	0.764482	3.8E-01	1.27423	2.6E-01
rs62265318	3	128752986	1.42297	G	A	0.965093	0.926921	0.0115184	9.1E-01	0.00744784	0.0157498	0.223621	6.4E-01	0.347209	5.6E-01
rs143418767	3	129105690	1.42548	G	A	0.980767	0.944053	0.151876	7.0E-01	0.0160962	0.0209043	0.592891	4.4E-01	0.800827	3.7E-01
rs112551697	3	150018637	1.64271	G	A	0.96554	0.928479	4.45322	3.5E-02	-0.0316977	0.0158031	4.02322	4.5E-02	5.52992	1.9E-02
rs7617389	3	156801088	1.71237	T	C	0.32586	0.969927	2.1778	1.4E-01	0.0085489	0.00604949	1.99702	1.6E-01	3.18304	7.4E-02
rs998749	3	168972802	1.77947	A	G	0.517178	0.992407	4.06599	4.4E-02	0.0104802	0.0055852	3.52093	6.1E-02	3.18482	7.4E-02
rs1499813	3	171760427	1.8208	T	C	0.587431	1	0.143785	7.0E-01	-0.00217216	0.00568509	0.145986	7.0E-01	0.456855	5.0E-01
rs11705729	3	185507299	2.01659	A	T	0.6869	0.999805	3.95541	4.7E-02	-0.0115403	0.00600854	3.68891	5.5E-02	4.43634	3.5E-02
rs7697256	4	848335	0.00782825	C	T	0.727433	0.999147	9.99345	1.6E-03	0.0211954	0.00625817	11.4706	7.1E-04	10.5885	1.1E-03
rs7659144	4	3098321	0.0324978	C	G	0.656231	0.995037	17.8103	2.4E-05	0.0255148	0.00586642	18.9164	1.4E-05	18.2105	2.0E-05
rs4450871	4	4990298	0.0879764	A	G	0.554775	1	33.1965	8.3E-09	0.0318212	0.00561825	32.0797	1.5E-08	32.5145	1.2E-08
rs1912897	4	26006133	0.455942	A	T	0.79303	0.98817	10.9425	9.4E-04	-0.0233894	0.00692514	11.4073	7.3E-04	10.4328	1.2E-03
rs17644283	4	26308792	0.461396	A	G	0.370735	0.99507	2.25379	1.3E-01	0.00970731	0.00579574	2.8053	9.4E-02	2.66923	1.0E-01
rs11133373	4	56215631	0.730194	C	G	0.682789	0.992346	0.160547	6.9E-01	-0.00320934	0.00601943	0.284264	5.9E-01	0.00376327	9.5E-01
rs10021790	4	87772240	1.02884	T	C	0.630384	0.99281	31.9476	1.6E-08	-0.0344598	0.00580759	35.2073	3.0E-09	37.8165	7.8E-10
rs3775403	4	89615174	1.04851	T	C	0.869029	0.98982	7.65381	5.7E-03	0.0242448	0.00831184	8.50827	3.5E-03	7.12474	7.6E-03
rs17014616	4	89736565	1.04925	A	T	0.931087	0.996962	9.70839	1.8E-03	-0.0325005	0.011016	8.7042	3.2E-03	8.55812	3.4E-03
rs12647922	4	106063987	1.17944	C	T	0.794569	0.998343	0.13168	7.2E-01	-0.00174488	0.00689757	0.0639937	8.0E-01	0.0958285	7.6E-01
rs7655064	4	120106348	1.31331	T	C	0.875314	0.995692	0.00541586	9.4E-01	0.00107972	0.00844086	0.0163626	9.0E-01	0.0858965	7.7E-01
rs11727676	4	145659064	1.53853	T	C	0.903374	1	2.49871	1.1E-01	-0.0150412	0.00945167	2.53251	1.1E-01	3.62173	5.7E-02
rs13178917	5	4007353	0.10142	C	T	0.551974	0.99437	3.47054	6.2E-02	0.011373	0.00559768	4.12797	4.2E-02	2.28375	1.3E-01
rs3792751	5	32773314	0.512212	C	T	0.626583	0.990118	0.808809	3.7E-01	-0.00520883	0.00578621	0.810388	3.7E-01	0.484203	4.9E-01
rs17457629	5	38795199	0.597633	A	T	0.728239	0.988005	0.184654	6.7E-01	0.00349688	0.00630217	0.307881	5.8E-01	0.455957	5.0E-01
rs2448	5	53302354	0.644969	T	C	0.737842	0.999532	1.38128	2.4E-01	-0.00629128	0.00635331	0.980568	3.2E-01	1.49182	2.2E-01
rs1559215	5	54867827	0.667887	G	A	0.339397	0.996823	3.23459	7.2E-02	0.0106807	0.00590751	3.26884	7.1E-02	2.23995	1.3E-01
rs11949724	5	55832217	0.681021	G	A	0.635455	1	9.57216	2.0E-03	-0.0179784	0.00581172	9.56961	2.0E-03	11.9415	5.5E-04
rs1002473	5	56274077	0.686309	T	G	0.206197	0.999836	0.649984	4.2E-01	0.00577863	0.00691297	0.698748	4.0E-01	0.78766	3.7E-01
rs34697	5	66298637	0.77068	A	G	0.432612	0.987874	1.92748	1.7E-01	0.00948434	0.00567228	2.79575	9.5E-02	2.61408	1.1E-01
rs10940157	5	67516306	0.78664	G	A	0.796577	0.993724	29.2883	6.2E-08	0.0380036	0.00692392	30.1263	4.0E-08	33.8169	6.1E-09
rs253407	5	74926778	0.860943	A	G	0.275724	1	3.42693	6.4E-02	-0.0118013	0.00624341	3.57288	5.9E-02	3.58462	5.8E-02
rs6870983	5	87697533	1.01437	C	T	0.787184	0.995128	2.00111	1.6E-01	0.00927609	0.00681533	1.85249	1.7E-01	1.46087	2.3E-01
rs27361	5	102548967	1.1092	G	A	0.700242	0.998319	0.401457	5.3E-01	0.0033769	0.00609258	0.307208	5.8E-01	0.180639	6.7E-01
rs34864074	5	112875535	1.20089	A	C	0.809873	0.995669	1.37151	2.4E-01	-0.00903914	0.00715547	1.5958	2.1E-01	1.60579	2.1E-01
rs10519585	5	118676529	1.27446	T	C	0.712535	0.977148	8.00081	4.7E-03	0.0183609	0.00622391	8.70284	3.2E-03	7.74968	5.4E-03
rs4705986	5	132349654	1.39065	T	G	0.937241	0.978165	0.642414	4.2E-01	0.0141145	0.0116322	1.47234	2.2E-01	1.39923	2.4E-01
rs33999	5	141973349	1.48937	C	G	0.612065	0.9834	3.15392	7.6E-02	-0.00920517	0.00575704	2.55661	1.1E-01	2.33363	1.3E-01
rs10477191	5	142077715	1.49476	A	G	0.950886	0.911257	4.20495	4.0E-02	-0.0340047	0.0135716	6.27796	1.2E-02	6.47307	1.1E-02
rs72846967	5	171849098	1.88961	A	G	0.706231	0.999429	2.91678	8.8E-02	-0.0100991	0.00612392	2.71959	9.9E-02	2.64802	1.0E-01
rs2053681	5	172746086	1.91113	A	G	0.485601	0.912476	0.441265	5.1E-01	-0.00260132	0.00585381	0.197473	6.6E-01	0.751295	3.9E-01
rs201058	6	6726017	0.180973	A	G	0.438993	0.99583	0.880144	3.5E-01	-0.00413275	0.00562095	0.540578	4.6E-01	0.475397	4.9E-01
rs2326776	6	6761881	0.18302	G	A	0.790616	0.988382	1.41844	2.3E-01	-0.00750116	0.00688701	1.1863	2.8E-01	1.33931	2.5E-01
rs7751325	6	7209132	0.195952	C	T	0.550375	0.99847	3.66541	5.6E-02	-0.00935859	0.00561179	2.7811	9.5E-02	2.38075	1.2E-01
rs17584626	6	20560435	0.409936	A	T	0.687051	0.984667	3.44716	6.3E-02	0.0118852	0.006053	3.8554	5.0E-02	2.88847	8.9E-02
rs114376405	6	30770701	0.507083	G	A	0.988554	0.994696	1.11599	2.9E-01	0.0174192	0.0262783	0.439401	5.1E-01	0.615525	4.3E-01
rs3094225	6	31113052	0.510178	G	A	0.26968	0.999821	5.74603	1.7E-02	-0.0154502	0.00629166	6.03031	1.4E-02	6.19211	1.3E-02
rs9267989	6	32219320	0.51869	G	T	0.79171	0.999726	0.0498523	8.2E-01	0.00398345	0.00684316	0.338848	5.6E-01	0.556856	4.6E-01
rs181133225	6	32454764	0.520293	T	C	0.893444	0.778953	0.47354	4.9E-01	-0.00354939	0.0101767	0.121645	7.3E-01	0.0358077	8.5E-01
rs117108573	6	32489679	0.520303	C	T	0.921405	0.866866	1.12984	2.9E-01	-0.0072968	0.0110598	0.435278	5.1E-01	0.178126	6.7E-01
rs142779375	6	34165351	0.545713	T	G	0.952718	0.997081	9.26301	2.3E-03	-0.0394991	0.0131328	9.04609	2.6E-03	7.14797	7.5E-03
rs1574430	6	43269029	0.669727	A	C	0.391321	0.999399	0.0656392	8.0E-01	0.000922636	0.00571161	0.0260941	8.7E-01	0.0458934	8.3E-01
rs9381248	6	43734606	0.675407	C	T	0.87836	0.993046	3.31396	6.9E-02	-0.0160543	0.00856326	3.51481	6.1E-02	3.41902	6.4E-02
rs35349911	6	43785255	0.678849	C	T	0.409597	0.97009	2.57197	1.1E-01	-0.00995832	0.00576616	2.98263	8.4E-02	2.92457	8.7E-02
rs10452561	6	80805796	0.920872	T	C	0.874288	0.991795	0.00792458	9.3E-01	-0.00117845	0.00841867	0.0195946	8.9E-01	0.0784494	7.8E-01
rs1902066	6	81346033	0.922431	T	C	0.437575	0.991679	1.53099	2.2E-01	-0.00653482	0.00564624	1.33952	2.5E-01	1.69568	1.9E-01
rs6924944	6	100597579	1.0811	A	T	0.245827	0.981159	2.06062	1.5E-01	0.00952933	0.0065526	2.11494	1.5E-01	2.05638	1.5E-01
rs72969772	6	126187585	1.32503	A	G	0.980332	1	0.238129	6.3E-01	-0.00433304	0.0201347	0.0463122	8.3E-01	0.125035	7.2E-01
rs9986505	6	126445558	1.32603	A	G	0.6761	0.991308	2.33974	1.3E-01	0.0078724	0.00598157	1.73214	1.9E-01	2.15285	1.4E-01
rs74949497	6	126812007	1.32699	A	C	0.97518	1	12.8418	3.4E-04	-0.0663031	0.0180217	13.5355	2.3E-04	12.6609	3.7E-04
rs9495498	6	139813283	1.50282	C	T	0.503461	0.997212	31.699	1.8E-08	-0.0310662	0.00556895	31.1193	2.4E-08	34.9899	3.3E-09
rs851978	6	152029556	1.64243	G	T	0.726311	0.996212	0.26048	6.1E-01	0.0040113	0.00627259	0.408957	5.2E-01	0.754871	3.8E-01
rs2282137	6	160468180	1.77084	G	A	0.984432	0.989502	30.9091	2.7E-08	0.126717	0.0225953	31.4511	2.0E-08	31.3549	2.1E-08
rs960589	7	25823647	0.43812	A	C	0.837349	0.976235	3.75055	5.3E-02	-0.0140301	0.00762412	3.38643	6.6E-02	4.00405	4.5E-02
rs12671127	7	26309246	0.44373	C	T	0.633613	0.988487	5.98356	1.4E-02	0.0153115	0.00580455	6.95826	8.3E-03	6.56086	1.0E-02
rs2189239	7	27237453	0.453427	C	T	0.917096	0.977954	1.75718	1.8E-01	0.0111168	0.0102378	1.17908	2.8E-01	1.40856	2.4E-01
rs13223303	7	42692711	0.680137	T	C	0.70789	0.997675	3.26266	7.1E-02	0.0117486	0.00613053	3.6726	5.5E-02	3.76567	5.2E-02
rs35867424	7	72032358	0.893844	G	A	0.97046	0.950986	31.7745	1.7E-08	0.0964593	0.0168495	32.7729	1.0E-08	32.4941	1.2E-08
rs113452856	7	72859135	0.899612	G	A	0.96835	0.994361	35.1432	3.1E-09	0.0946763	0.0159275	35.3334	2.8E-09	36.6323	1.4E-09
rs72649044	7	73029207	0.899737	C	T	0.966833	0.988652	0.442754	5.1E-01	0.00829831	0.0156062	0.28274	5.9E-01	0.0892891	7.7E-01
rs6966632	7	77342199	0.936905	G	T	0.502987	0.998098	1.60819	2.0E-01	0.00701636	0.00557754	1.58248	2.1E-01	0.928665	3.4E-01
rs2470945	7	104585760	1.19835	C	A	0.596387	0.999188	1.17633	2.8E-01	-0.00680272	0.00565373	1.44776	2.3E-01	1.62592	2.0E-01
rs4313084	7	114586903	1.30546	C	T	0.0829266	0.999308	0.0512208	8.2E-01	0.00442803	0.0101022	0.192128	6.6E-01	0.294894	5.9E-01
rs12154627	7	130422934	1.4017	T	C	0.506907	0.97487	65.2128	6.7E-16	0.0454335	0.00563473	65.0139	7.4E-16	71.5367	2.7E-17
rs62493791	8	9168897	0.251645	T	G	0.758098	0.977591	36.0075	2.0E-09	0.039967	0.00656096	37.1081	1.1E-09	38.1996	6.4E-10
rs13277738	8	18241507	0.434993	C	T	0.850781	0.99455	38.6356	5.1E-10	-0.0476841	0.00782368	37.1472	1.1E-09	35.9575	2.0E-09
rs10085966	8	19576448	0.468197	C	T	0.520826	0.981569	36.9948	1.2E-09	0.0337613	0.00561659	36.1322	1.8E-09	34.2831	4.8E-09
rs276	8	19814289	0.472524	T	C	0.98139	0.964355	75.8341	3.1E-18	-0.187304	0.0209926	79.6088	4.6E-19	80.2014	3.4E-19
rs1372345	8	19852948	0.4728	C	A	0.835022	0.999604	32.836	1.0E-08	0.0422186	0.00751481	31.5625	1.9E-08	31.8973	1.6E-08
rs7815496	8	38321607	0.69461	C	T	0.597431	0.996532	6.32943	1.2E-02	-0.0138087	0.00567265	5.92559	1.5E-02	7.32062	6.8E-03
rs10093418	8	72392687	0.950051	A	G	0.892444	0.978176	7.81745	5.2E-03	-0.0251098	0.00902335	7.74376	5.4E-03	7.90201	4.9E-03
rs144435165	8	126419938	1.45107	G	C	0.944194	0.785853	34.9745	3.3E-09	-0.0820868	0.0136589	36.1176	1.9E-09	34.9689	3.4E-09
rs2954018	8	126477153	1.45319	C	T	0.298303	0.998357	85.7541	2.0E-20	0.0584763	0.00608921	92.2227	7.7E-22	100.654	1.1E-23
rs7009673	8	126630159	1.45646	C	T	0.710504	0.988231	27.835	1.3E-07	-0.0339662	0.00616258	30.3787	3.6E-08	30.9517	2.6E-08
rs2131919	9	95283887	1.12689	A	G	0.83667	0.999136	5.9925	1.4E-02	-0.0188636	0.00756669	6.21497	1.3E-02	4.85613	2.8E-02
rs2398893	9	96758342	1.14182	A	G	0.725421	0.999804	0.496501	4.8E-01	-0.00352065	0.00625971	0.316328	5.7E-01	0.330305	5.7E-01
rs12686004	9	107653426	1.24316	G	A	0.884341	1	0.122708	7.3E-01	0.00315431	0.00871544	0.130988	7.2E-01	0.505342	4.8E-01
rs10991414	9	107685589	1.24582	T	C	0.861068	0.989408	3.68785	5.5E-02	-0.0161949	0.00812458	3.97335	4.6E-02	3.32898	6.8E-02
rs73519946	9	107868862	1.24912	A	T	0.958103	0.989128	0.000535446	9.8E-01	0.00156513	0.0140151	0.0124712	9.1E-01	0.0826317	7.7E-01
rs7096078	10	3560644	0.0740604	C	T	0.425467	0.981688	0.187281	6.7E-01	0.00312144	0.00568264	0.301724	5.8E-01	0.658523	4.2E-01
rs2907794	10	32391109	0.603202	G	A	0.758285	0.99713	0.330112	5.7E-01	0.00323682	0.00650957	0.247248	6.2E-01	0.0916908	7.6E-01
rs2247486	10	33489594	0.609463	A	G	0.603119	0.998525	0.658437	4.2E-01	0.00429133	0.00568188	0.570426	4.5E-01	0.419598	5.2E-01
rs12243209	10	63783406	0.859343	T	C	0.963634	0.99691	3.01108	8.3E-02	-0.0265566	0.0149415	3.15904	7.6E-02	4.34385	3.7E-02
rs10995041	10	63867523	0.860298	A	C	0.754056	0.97671	0.202308	6.5E-01	-0.00137573	0.00656468	0.0439174	8.3E-01	0.122363	7.3E-01
rs7089698	10	65384567	0.871611	A	G	0.465243	0.998398	11.3805	7.4E-04	0.0192198	0.00560556	11.756	6.1E-04	12.6223	3.8E-04
rs703985	10	80940740	1.06575	A	T	0.590861	0.992524	8.6773	3.2E-03	0.0170878	0.00569387	9.00651	2.7E-03	9.84396	1.7E-03
rs11202614	10	89755643	1.15952	C	T	0.838039	0.997476	6.78348	9.2E-03	-0.0202384	0.00759771	7.09555	7.7E-03	8.40537	3.7E-03
rs10882028	10	93943900	1.2086	C	T	0.408953	0.999201	4.92514	2.6E-02	-0.0131231	0.00565298	5.3891	2.0E-02	5.79234	1.6E-02
rs7917772	10	104487443	1.30576	G	A	0.367969	1	2.40106	1.2E-01	-0.0100549	0.00576915	3.03758	8.1E-02	2.31016	1.3E-01
rs11596249	10	122812361	1.5266	T	G	0.911116	0.993945	4.45609	3.5E-02	-0.0197459	0.00981606	4.04651	4.4E-02	4.42209	3.5E-02
rs10788149	10	122967170	1.52881	G	A	0.320548	1	7.32252	6.8E-03	0.0166514	0.00598811	7.73253	5.4E-03	8.50859	3.5E-03
rs140201358	11	823586	0.0109832	C	G	0.986248	1	10.2069	1.4E-03	-0.0811806	0.023929	11.5095	6.9E-04	11.7285	6.2E-04
rs7932891	11	10921512	0.210707	A	G	0.294517	0.99931	5.05057	2.5E-02	0.0127653	0.00610726	4.3689	3.7E-02	3.92713	4.8E-02
rs11029441	11	26279145	0.452845	T	C	0.920415	0.988421	8.03075	4.6E-03	-0.0288572	0.0103536	7.76823	5.3E-03	8.89271	2.9E-03
rs12786130	11	27505954	0.464069	C	T	0.238291	0.989196	20.1945	7.0E-06	0.0290498	0.00657155	19.5411	9.8E-06	21.4952	3.5E-06
rs56386213	11	36291554	0.562467	A	G	0.595018	1	0.198457	6.6E-01	0.00468506	0.00564344	0.689195	4.1E-01	1.17759	2.8E-01
rs4647725	11	47245389	0.664953	T	C	0.841692	0.996416	34.6783	3.9E-09	0.0447371	0.00762662	34.409	4.5E-09	34.673	3.9E-09
rs174528	11	61543499	0.703973	T	C	0.623454	0.995598	110.474	7.7E-26	-0.0621173	0.00576436	116.124	4.5E-27	119.216	9.4E-28
rs11231137	11	62315699	0.714502	G	A	0.701274	0.997506	6.67355	9.8E-03	-0.0155288	0.00608854	6.50502	1.1E-02	6.64422	9.9E-03
rs61881114	11	68996697	0.758653	C	T	0.848445	0.991928	0.0102933	9.2E-01	0.000606626	0.00777924	0.0060809	9.4E-01	0.0459126	8.3E-01
rs12362685	11	111478720	1.18727	A	T	0.621328	0.997217	0.437799	5.1E-01	0.00436875	0.00575366	0.576534	4.5E-01	0.461576	5.0E-01
rs139118317	11	116399521	1.25458	C	T	0.989174	0.917436	34.8926	3.5E-09	-0.163923	0.0279946	34.2873	4.8E-09	36.3769	1.6E-09
rs78221557	11	116515528	1.25942	G	A	0.98124	0.969038	54.8963	1.3E-13	-0.153196	0.020827	54.1056	1.9E-13	54.5413	1.5E-13
rs55776558	11	116527521	1.25984	T	C	0.953162	0.985638	113.288	1.9E-26	-0.144729	0.0132956	118.493	1.4E-27	120.326	5.4E-28
rs116886525	11	116671391	1.26072	C	T	0.990683	0.968355	33.4384	7.4E-09	-0.175533	0.029499	35.4083	2.7E-09	34.5119	4.2E-09
rs747249	11	130271647	1.49781	A	G	0.360849	0.986641	0.232498	6.3E-01	-0.0040324	0.00584521	0.475911	4.9E-01	0.111691	7.4E-01
rs10771260	12	26253557	0.45721	A	C	0.608183	0.995844	4.3601	3.7E-02	-0.0121863	0.00573402	4.51674	3.4E-02	4.93771	2.6E-02
rs16915737	12	26403614	0.459048	C	T	0.928538	0.993226	0.591007	4.4E-01	-0.00670229	0.0108257	0.383297	5.4E-01	0.449624	5.0E-01
rs7310959	12	45968598	0.59006	G	A	0.897555	1	14.9468	1.1E-04	-0.0353116	0.00920981	14.7006	1.3E-04	14.0583	1.8E-04
rs75824359	12	54320490	0.68262	A	G	0.970266	0.973341	0.949327	3.3E-01	0.017438	0.0166253	1.10015	2.9E-01	1.69115	1.9E-01
rs7961915	12	66425288	0.795219	A	G	0.213926	0.943584	2.85621	9.1E-02	0.0112193	0.00698407	2.58054	1.1E-01	2.50327	1.1E-01
rs704067	12	89726027	1.03172	G	A	0.545146	0.989595	0.00389832	9.5E-01	-0.000849444	0.0056433	0.022657	8.8E-01	4.02878e-05	9.9E-01
rs7958469	12	107052620	1.26171	G	A	0.638699	0.995036	16.8685	4.0E-05	-0.0244083	0.0058138	17.626	2.7E-05	19.9685	7.9E-06
rs1169809	12	121688026	1.45624	G	A	0.700971	0.994402	17.8234	2.4E-05	-0.0269158	0.00610026	19.4679	1.0E-05	19.5662	9.7E-06
rs139948644	12	123200016	1.46983	C	T	0.972202	0.923516	10.8294	1.0E-03	0.0541662	0.0176046	9.46686	2.1E-03	11.1664	8.3E-04
rs11060406	12	123339117	1.47024	C	T	0.96325	0.964271	9.73117	1.8E-03	-0.0456033	0.0150299	9.20619	2.4E-03	12.7399	3.6E-04
rs34149579	12	123345509	1.47026	G	T	0.947363	1	23.8526	1.0E-06	-0.0603182	0.0124773	23.3698	1.3E-06	24.2488	8.5E-07
rs11613189	12	124642803	1.48018	C	T	0.627038	0.983075	4.83446	2.8E-02	0.012409	0.00584125	4.51295	3.4E-02	4.45931	3.5E-02
rs1045411	13	31033232	0.263482	C	T	0.7313	0.996942	3.3553	6.7E-02	0.0135377	0.00631038	4.60235	3.2E-02	4.30686	3.8E-02
rs10507524	13	44684600	0.468128	T	C	0.907237	0.994143	0.381144	5.4E-01	-0.00539921	0.0096667	0.311963	5.8E-01	0.382416	5.4E-01
rs7334326	13	50967732	0.53896	G	C	0.858576	0.996316	4.49274	3.4E-02	-0.0169975	0.00800506	4.50859	3.4E-02	4.4428	3.5E-02
rs8012185	14	58668484	0.537795	A	G	0.723155	0.991197	6.27922	1.2E-02	-0.0152874	0.00624593	5.99064	1.4E-02	7.44268	6.4E-03
rs1286138	14	91485445	0.882014	T	G	0.326286	0.996304	2.77912	9.6E-02	0.00924479	0.00594666	2.41684	1.2E-01	3.06261	8.0E-02
rs2124307	14	98344662	1.02722	T	C	0.377663	0.998341	1.96577	1.6E-01	-0.00716569	0.00576162	1.54678	2.1E-01	1.98224	1.6E-01
rs7402977	15	31726824	0.452929	G	A	0.733334	0.984393	0.0739896	7.9E-01	0.000869841	0.00635084	0.0187593	8.9E-01	0.0949083	7.6E-01
rs12437696	15	40878474	0.62928	A	G	0.51447	0.998802	4.21975	4.0E-02	0.0118458	0.00559472	4.48306	3.4E-02	4.09704	4.3E-02
rs62020665	15	43020324	0.640949	C	G	0.911926	0.939942	33.7311	6.3E-09	-0.0594541	0.0101694	34.1801	5.0E-09	36.8885	1.3E-09
rs11630710	15	56364758	0.756318	G	T	0.893172	0.979091	6.21265	1.3E-02	-0.0207433	0.00914737	5.14236	2.3E-02	3.98775	4.6E-02
rs12911939	15	63800065	0.876679	T	C	0.431976	0.996322	14.7137	1.3E-04	0.0242346	0.00564027	18.4618	1.7E-05	18.1656	2.0E-05
rs762551	15	75041917	1.00314	C	A	0.274028	1	2.85367	9.1E-02	-0.00924635	0.00624569	2.19169	1.4E-01	1.84596	1.7E-01
rs2401948	16	1340854	0.0338191	G	C	0.470436	0.984992	1.13246	2.9E-01	-0.00652135	0.00561774	1.34757	2.5E-01	1.47481	2.2E-01
rs3747577	16	4415696	0.082586	C	G	0.259467	0.988145	0.22367	6.4E-01	0.00351847	0.00639321	0.302879	5.8E-01	0.851074	3.6E-01
rs12918743	16	11624245	0.272102	G	A	0.537734	0.991971	4.90161	2.7E-02	-0.0117859	0.00559887	4.43125	3.5E-02	3.99834	4.6E-02
rs4787456	16	28559573	0.542371	C	T	0.634142	0.996921	2.25071	1.3E-01	-0.00711011	0.00575224	1.52784	2.2E-01	2.24357	1.3E-01
rs10083738	16	29927702	0.553162	G	A	0.45121	0.999839	0.971881	3.2E-01	-0.00496755	0.00560156	0.786441	3.8E-01	0.685132	4.1E-01
rs16952242	16	53474250	0.64336	G	A	0.697908	0.997944	1.05521	3.0E-01	-0.00570315	0.00607568	0.881129	3.5E-01	1.31556	2.5E-01
rs9937053	16	53799507	0.64597	G	A	0.577195	0.999601	0.577875	4.5E-01	0.00428009	0.00564291	0.575307	4.5E-01	1.02693	3.1E-01
rs11866219	16	69549749	0.858341	A	C	0.415066	0.975783	14.6906	1.3E-04	0.0213706	0.00572896	13.9149	1.9E-04	13.8971	1.9E-04
rs2550733	16	81449060	1.04439	A	G	0.430492	1	3.41706	6.5E-02	0.0106653	0.00563563	3.5815	5.8E-02	3.71182	5.4E-02
rs2927333	16	81509279	1.0455	A	G	0.679395	0.985143	12.5633	3.9E-04	0.0199378	0.00602874	10.9371	9.4E-04	11.2395	8.0E-04
rs727428	17	7537792	0.196849	T	C	0.44291	1	4.6571	3.1E-02	0.0124731	0.00560021	4.96068	2.6E-02	5.16581	2.3E-02
rs8075019	17	17455192	0.444844	G	A	0.875691	0.988404	5.17413	2.3E-02	-0.0232096	0.00848252	7.48664	6.2E-03	9.7928	1.8E-03
rs16942379	17	21259827	0.471679	C	T	0.508165	0.995529	7.28995	6.9E-03	0.014804	0.00559219	7.00803	8.1E-03	8.18277	4.2E-03
rs11651639	17	27672320	0.49569	A	T	0.483934	0.999433	1.25042	2.6E-01	-0.00601973	0.00557571	1.16561	2.8E-01	1.70505	1.9E-01
rs2306593	17	34866546	0.59517	C	T	0.509195	0.996584	1.41758	2.3E-01	0.00687994	0.00558396	1.51804	2.2E-01	1.73106	1.9E-01
rs2305481	17	38138624	0.641113	G	A	0.62953	0.995541	31.1679	2.4E-08	0.0325586	0.00580852	31.4195	2.1E-08	27.8624	1.3E-07
rs56328224	17	43572419	0.687192	C	T	0.774992	0.995527	1.90114	1.7E-01	-0.0101887	0.00671045	2.30533	1.3E-01	2.3602	1.2E-01
rs11871767	17	61698723	0.887174	A	G	0.724045	0.995857	3.69329	5.5E-02	-0.0116102	0.00625931	3.44051	6.4E-02	3.15675	7.6E-02
rs7225826	17	67574721	0.971804	C	T	0.325119	0.997806	2.2421	1.3E-01	-0.00749858	0.00594884	1.58889	2.1E-01	1.3891	2.4E-01
rs312757	17	68347701	0.983463	C	G	0.322951	0.991143	3.88785	4.9E-02	0.012325	0.00598434	4.2417	3.9E-02	4.90867	2.7E-02
rs4969179	17	76391454	1.1662	T	G	0.396379	0.998105	33.6613	6.6E-09	0.032301	0.00571832	31.9077	1.6E-08	31.645	1.9E-08
rs3810068	18	2846499	0.0738566	T	C	0.595452	1	12.7421	3.6E-04	0.0166945	0.00566829	8.6745	3.2E-03	10.0751	1.5E-03
rs4890429	18	40697481	0.611694	T	C	0.738773	0.995191	2.57411	1.1E-01	0.0121915	0.00637353	3.65893	5.6E-02	4.38724	3.6E-02
rs357900	18	46585235	0.687097	T	A	0.110184	0.998906	0.00218527	9.6E-01	0.00260685	0.0088971	0.0858491	7.7E-01	0.0918877	7.6E-01
rs3897645	18	57728947	0.82135	T	C	0.443585	1	0.712335	4.0E-01	0.00629048	0.00564022	1.24387	2.6E-01	1.96281	1.6E-01
rs2331933	18	57955945	0.822668	T	G	0.652214	0.979252	0.174594	6.8E-01	-0.0026655	0.00593285	0.20185	6.5E-01	0.251244	6.2E-01
rs12979965	19	2131148	0.0753026	A	G	0.499935	0.991113	0.0194735	8.9E-01	0.000435624	0.00559388	0.00606452	9.4E-01	0.00245499	9.6E-01
rs2240702	19	4159873	0.144523	A	G	0.883396	0.986669	7.24708	7.1E-03	-0.0252023	0.00871262	8.36727	3.8E-03	7.08224	7.8E-03
rs1799815	19	7125519	0.224812	G	A	0.932212	1	8.67391	3.2E-03	0.0315009	0.0110626	8.10832	4.4E-03	9.55247	2.0E-03
rs35555265	19	17152232	0.420672	C	T	0.803227	0.993265	4.78507	2.9E-02	0.0158425	0.00702285	5.08885	2.4E-02	3.79424	5.1E-02
rs72999466	19	18248499	0.447893	C	T	0.742123	0.99893	0.579474	4.5E-01	-0.00364076	0.00636895	0.326776	5.7E-01	0.280044	6.0E-01
rs1423056	19	33780444	0.560699	G	A	0.681795	0.903762	0.0434873	8.3E-01	-0.000925382	0.00630367	0.0215504	8.8E-01	0.189194	6.6E-01
rs113504807	19	33787954	0.561506	C	T	0.951238	0.934153	0.428523	5.1E-01	-0.00842959	0.0133631	0.397923	5.3E-01	0.184624	6.7E-01
rs544964	19	37409561	0.616104	A	G	0.417229	0.998743	0.0833399	7.7E-01	0.00293812	0.00566447	0.269043	6.0E-01	0.484083	4.9E-01
rs62117160	19	45232161	0.700034	G	A	0.954396	1	52.5857	4.1E-13	-0.0943646	0.0133534	49.9387	1.6E-12	53.7568	2.3E-13
rs112450640	19	45296364	0.703043	G	A	0.98057	0.986145	53.4938	2.6E-13	-0.145082	0.0203581	50.7869	1.0E-12	55.5359	9.2E-14
rs372642577	19	45432488	0.707888	C	A	0.911967	0.614237	26.413	2.8E-07	0.0686027	0.0125357	29.9493	4.4E-08	28.2886	1.0E-07
rs35068131	19	55983854	0.996203	T	C	0.534309	0.942965	5.39212	2.0E-02	0.0142609	0.00575004	6.15105	1.3E-02	4.55515	3.3E-02
rs151235402	20	569164	0.0196907	C	T	0.984757	0.956324	6.52845	1.1E-02	-0.0575698	0.0234006	6.05251	1.4E-02	7.65766	5.7E-03
rs805769	20	5667459	0.191037	T	C	0.595306	0.99253	0.0095968	9.2E-01	-0.0012396	0.00570178	0.0472651	8.3E-01	0.0666078	8.0E-01
rs2207132	20	39142516	0.589709	G	A	0.966685	1	26.3241	2.9E-07	-0.0789016	0.0155281	25.8189	3.7E-07	31.487	2.0E-08
rs3091552	20	45440006	0.689385	C	G	0.264162	0.950692	0.626003	4.3E-01	0.00499742	0.00647316	0.596019	4.4E-01	0.0941908	7.6E-01
rs1999536	20	45581777	0.691337	G	C	0.430706	0.994672	4.26167	3.9E-02	0.00990543	0.00564096	3.08348	7.9E-02	3.06643	8.0E-02
rs1206829	20	45762552	0.696622	A	G	0.446378	0.998025	1.56499	2.1E-01	-0.00891149	0.00560653	2.52646	1.1E-01	2.50775	1.1E-01
rs6063779	20	50964151	0.79129	A	G	0.716728	0.997749	3.3239	6.8E-02	0.0119162	0.00619031	3.70556	5.4E-02	5.17831	2.3E-02
rs28710106	20	51712678	0.801721	C	T	0.889914	0.997611	4.23019	4.0E-02	-0.017009	0.00892905	3.62865	5.7E-02	2.88307	9.0E-02
rs6090040	20	62692060	1.09656	A	C	0.479429	0.988701	23.1851	1.5E-06	0.0264861	0.00561036	22.2872	2.3E-06	25.9316	3.5E-07
rs66836452	21	33058743	0.322744	C	T	0.898206	0.995819	1.95073	1.6E-01	-0.010541	0.00924603	1.29972	2.5E-01	1.02187	3.1E-01
rs2836139	21	39451403	0.432375	A	G	0.514897	0.9942	0.316917	5.7E-01	0.00115456	0.00561844	0.0422283	8.4E-01	0.106121	7.4E-01
rs9625551	22	29140529	0.338663	G	A	0.979191	0.995212	0.00100183	9.7E-01	-0.00262806	0.019514	0.0181377	8.9E-01	0.118431	7.3E-01
