SNP	CHR	BP	GENPOS	ALLELE1	ALLELE0	A1FREQ	INFO	CHISQ_LINREG	P_LINREG	BETA	SE	CHISQ_BOLT_LMM_INF	P_BOLT_LMM_INF	CHISQ_BOLT_LMM	P_BOLT_LMM
rs1294014	1	9325676	0.18921	C	T	0.732088	0.974098	6.83053	9.0E-03	-0.0171603	0.00645089	7.0764	7.8E-03	7.5432	6.0E-03
rs10753554	1	23619009	0.461644	T	C	0.260317	0.989627	2.43312	1.2E-01	-0.00999997	0.00644468	2.40766	1.2E-01	2.35936	1.2E-01
rs72663503	1	39969059	0.670152	C	T	0.771573	0.996098	0.175104	6.8E-01	0.00378263	0.00670497	0.318269	5.7E-01	0.305376	5.8E-01
rs657452	1	49589847	0.760469	A	G	0.390779	0.988645	2.44672	1.2E-01	0.0102782	0.0057727	3.17013	7.5E-02	2.31932	1.3E-01
rs624698	1	62900811	0.92277	A	G	0.58261	0.969721	44.4124	2.7E-11	0.0396558	0.00578389	47.0082	7.1E-12	52.4941	4.3E-13
rs9436299	1	65892888	0.967508	C	A	0.325082	0.970882	0.385377	5.3E-01	0.00298069	0.00609857	0.238879	6.3E-01	0.74443	3.9E-01
rs1526480	1	91209986	1.21385	T	C	0.625038	1	9.21072	2.4E-03	-0.017478	0.00582995	8.9878	2.7E-03	8.92265	2.8E-03
rs4375301	1	98298371	1.27828	A	G	0.767662	0.993807	0.475335	4.9E-01	-0.00460325	0.0066943	0.472845	4.9E-01	0.549976	4.6E-01
rs3108680	1	107572997	1.35724	T	C	0.652386	0.999501	1.07685	3.0E-01	-0.00638685	0.00594542	1.154	2.8E-01	0.668982	4.1E-01
rs611793	1	109621436	1.38384	A	C	0.867877	0.971065	32.7502	1.0E-08	0.0474131	0.00840612	31.813	1.7E-08	29.7781	4.8E-08
rs4970829	1	109757295	1.38629	G	A	0.928491	1	47.8296	4.6E-12	0.0770484	0.0109121	49.855	1.7E-12	51.1166	8.7E-13
rs2076586	1	112273026	1.42823	C	T	0.753838	0.980886	3.10472	7.8E-02	-0.0120461	0.00660142	3.32981	6.8E-02	3.97964	4.6E-02
rs114056923	1	154868744	1.69777	T	C	0.966966	1	6.98303e-05	9.9E-01	-0.00210806	0.0157988	0.0178041	8.9E-01	0.00121603	9.7E-01
rs17345893	1	170171874	1.91645	C	T	0.933651	0.998406	3.4738	6.2E-02	0.021442	0.0113046	3.59763	5.8E-02	3.23454	7.2E-02
rs1953096	1	170318770	1.91758	G	A	0.762782	0.999479	0.0927004	7.6E-01	0.00227522	0.00663806	0.11748	7.3E-01	0.0865916	7.7E-01
rs6697844	1	172308238	1.93873	C	T	0.56798	0.996349	4.46087	3.5E-02	-0.0125653	0.0056639	4.92168	2.7E-02	5.58067	1.8E-02
rs633715	1	177852580	1.98813	T	C	0.789275	1	1.59688	2.1E-01	0.00963979	0.00691187	1.94511	1.6E-01	2.16967	1.4E-01
rs11807331	1	196427811	2.14315	T	C	0.684298	0.996378	2.47007	1.2E-01	0.00902207	0.00605556	2.21975	1.4E-01	2.42809	1.2E-01
rs11240351	1	205044339	2.25371	A	G	0.594795	0.998205	1.26676	2.6E-01	-0.0068951	0.00573038	1.44782	2.3E-01	1.5254	2.2E-01
rs61823192	1	219294570	2.43535	C	T	0.971468	0.90297	0.237993	6.3E-01	-0.00961275	0.017763	0.292862	5.9E-01	0.446089	5.0E-01
rs77278027	1	219392230	2.43543	C	T	0.93823	0.976746	0.325945	5.7E-01	-0.00712071	0.0118276	0.362454	5.5E-01	0.226647	6.3E-01
rs6683741	1	219786717	2.43742	T	G	0.861853	0.991403	3.95558	4.7E-02	-0.0158584	0.00817299	3.76491	5.2E-02	3.24311	7.2E-02
rs661955	1	234842856	2.62186	G	C	0.481801	0.978806	34.3042	4.7E-09	-0.0330049	0.00568569	33.6969	6.4E-09	37.5476	8.9E-10
rs62106252	2	408713	0.00503892	G	A	0.950832	0.955734	0.999288	3.2E-01	-0.0124998	0.013279	0.886089	3.5E-01	0.70395	4.0E-01
rs2867105	2	601905	0.00766081	T	G	0.178655	0.986439	0.0858905	7.7E-01	-0.0025292	0.00739906	0.116846	7.3E-01	0.0277789	8.7E-01
rs711869	2	13073967	0.297329	G	A	0.443249	0.983109	0.0550845	8.1E-01	-0.000444985	0.00571157	0.00606987	9.4E-01	0.0142108	9.1E-01
rs3903032	2	21119850	0.419449	A	T	0.877441	0.983296	51.8394	6.0E-13	-0.0630522	0.00862849	53.3987	2.7E-13	55.4448	9.6E-14
rs4665378	2	27548038	0.473329	A	C	0.601213	0.998401	48.066	4.1E-12	0.0402775	0.0057492	49.0807	2.5E-12	49.9827	1.6E-12
rs7933	2	43452183	0.682402	A	G	0.634849	0.981779	2.32792	1.3E-01	-0.009298	0.00588952	2.49241	1.1E-01	1.7596	1.8E-01
rs56266464	2	44054991	0.686489	G	A	0.939556	0.986548	34.0183	5.5E-09	0.0704908	0.0119026	35.0738	3.2E-09	33.7919	6.1E-09
rs36072157	2	48953740	0.765134	G	C	0.658175	0.956087	4.57764	3.2E-02	-0.0130915	0.0060565	4.67234	3.1E-02	4.377	3.6E-02
rs6546196	2	66144496	0.916561	G	A	0.525101	0.993792	0.840379	3.6E-01	-0.00580223	0.00566013	1.05084	3.1E-01	0.85167	3.6E-01
rs4316926	2	66749108	0.924328	G	A	0.396567	0.99766	3.27566	7.0E-02	0.00927436	0.00575921	2.59323	1.1E-01	3.67081	5.5E-02
rs2170702	2	67571130	0.937008	T	C	0.545622	0.996677	3.5129	6.1E-02	0.0111229	0.00568115	3.83323	5.0E-02	3.30442	6.9E-02
rs12712049	2	100208830	1.21955	A	G	0.176674	0.985519	0.5236	4.7E-01	0.00429483	0.00741832	0.335182	5.6E-01	0.470812	4.9E-01
rs72946301	2	111861838	1.33125	G	A	0.903863	0.964859	0.298412	5.8E-01	0.003887	0.00972115	0.15988	6.9E-01	0.372086	5.4E-01
rs7593247	2	119337589	1.3956	C	T	0.503784	0.990163	0.300721	5.8E-01	0.00311246	0.00565148	0.303306	5.8E-01	0.472836	4.9E-01
rs114666647	2	158393301	1.76187	T	C	0.987759	1	2.46922	1.2E-01	-0.0381956	0.025608	2.22472	1.4E-01	1.99556	1.6E-01
rs11899550	2	158451825	1.76314	C	T	0.92902	0.994523	0.116534	7.3E-01	0.00458484	0.0109562	0.175119	6.8E-01	0.12965	7.2E-01
rs62173895	2	165477903	1.81419	G	C	0.329951	0.997788	21.9944	2.7E-06	-0.0261955	0.00601262	18.9813	1.3E-05	18.8831	1.4E-05
rs3769872	2	165565548	1.81514	C	T	0.941933	0.997539	1.35497	2.4E-01	0.0159541	0.0120646	1.7487	1.9E-01	1.84694	1.7E-01
rs115283512	2	172379649	1.89769	C	T	0.817449	0.996247	0.0573126	8.1E-01	0.0016728	0.0073075	0.0524022	8.2E-01	0.0550611	8.1E-01
rs62173497	2	187821910	2.04064	C	A	0.889372	0.96522	0.128468	7.2E-01	-0.00412492	0.00911574	0.204762	6.5E-01	0.22488	6.4E-01
rs1837121	2	216292331	2.28555	G	A	0.273406	0.99918	0.906131	3.4E-01	-0.00717179	0.00631823	1.28844	2.6E-01	1.37204	2.4E-01
rs16857748	2	218382258	2.32414	C	T	0.903272	0.999764	0.06537	8.0E-01	-0.0025234	0.00952719	0.0701524	7.9E-01	0.0810377	7.8E-01
rs16866785	2	226899056	2.44178	A	G	0.775296	0.992487	0.632575	4.3E-01	0.00526107	0.00676685	0.60447	4.4E-01	0.990435	3.2E-01
rs305506	3	12026709	0.296805	G	T	0.113563	0.992655	3.34007	6.8E-02	0.0163984	0.00891616	3.38259	6.6E-02	3.96772	4.6E-02
rs114252958	3	12409938	0.29797	C	T	0.982978	0.956617	1.09867	2.9E-01	0.0223419	0.0223408	1.0001	3.2E-01	1.00911	3.2E-01
rs13086654	3	35532275	0.595296	G	A	0.863267	0.996625	0.835205	3.6E-01	-0.00637753	0.00817341	0.608834	4.4E-01	0.866968	3.5E-01
rs11926707	3	46925539	0.687568	T	C	0.379143	0.985514	6.67827	9.8E-03	-0.0143534	0.00582843	6.06462	1.4E-02	5.69272	1.7E-02
rs614288	3	52220203	0.695484	T	C	0.466765	1	0.0939552	7.6E-01	0.00118267	0.00562925	0.0441395	8.3E-01	0.0092552	9.2E-01
rs11718560	3	64584862	0.868956	C	T	0.731847	0.985124	2.46054	1.2E-01	-0.00982045	0.00639246	2.36008	1.2E-01	2.15932	1.4E-01
rs4688498	3	64674599	0.871028	C	T	0.669682	0.985151	0.345737	5.6E-01	-0.00359351	0.00602856	0.355313	5.5E-01	0.516114	4.7E-01
rs9872683	3	123155892	1.35844	A	C	0.408022	0.993775	0.818281	3.7E-01	-0.00487833	0.00573445	0.723701	3.9E-01	1.04521	3.1E-01
rs62265318	3	128752986	1.42297	G	A	0.965093	0.926921	0.0113497	9.2E-01	0.00558696	0.0159059	0.123376	7.3E-01	0.00965067	9.2E-01
rs143418767	3	129105690	1.42548	G	A	0.980767	0.944053	3.33854	6.8E-02	0.0430487	0.0211116	4.15795	4.1E-02	4.42129	3.5E-02
rs112551697	3	150018637	1.64271	G	A	0.96554	0.928479	0.178616	6.7E-01	-0.00386666	0.0159598	0.0586973	8.1E-01	0.2809	6.0E-01
rs7617389	3	156801088	1.71237	T	C	0.32586	0.969927	0.0577766	8.1E-01	-0.00147615	0.00610948	0.0583786	8.1E-01	0.0885469	7.7E-01
rs998749	3	168972802	1.77947	A	G	0.517178	0.992407	0.0313473	8.6E-01	0.00194681	0.00564058	0.119124	7.3E-01	0.224674	6.4E-01
rs1499813	3	171760427	1.8208	T	C	0.587431	1	1.34614	2.5E-01	-0.00735437	0.00574146	1.64077	2.0E-01	2.27779	1.3E-01
rs11705729	3	185507299	2.01659	A	T	0.6869	0.999805	0.701504	4.0E-01	-0.00507542	0.00606812	0.699578	4.0E-01	0.497123	4.8E-01
rs7697256	4	848335	0.00782825	C	T	0.727433	0.999147	2.22273	1.4E-01	0.0097283	0.00631811	2.37083	1.2E-01	3.47269	6.2E-02
rs7659144	4	3098321	0.0324978	C	G	0.656231	0.995037	3.33334	6.8E-02	0.0114399	0.00592261	3.73094	5.3E-02	4.56239	3.3E-02
rs4450871	4	4990298	0.0879764	A	G	0.554775	1	12.4608	4.2E-04	0.0194128	0.00567206	11.7137	6.2E-04	12.1034	5.0E-04
rs1912897	4	26006133	0.455942	A	T	0.79303	0.98817	0.8975	3.4E-01	-0.00688583	0.00699147	0.970009	3.2E-01	1.17013	2.8E-01
rs17644283	4	26308792	0.461396	A	G	0.370735	0.99507	0.0694772	7.9E-01	-0.000893606	0.00585125	0.0233235	8.8E-01	0.160165	6.9E-01
rs11133373	4	56215631	0.730194	C	G	0.682789	0.992346	2.70564	1.0E-01	-0.0106238	0.00607708	3.0561	8.0E-02	2.92262	8.7E-02
rs3775403	4	89615174	1.04851	T	C	0.869029	0.98982	1.62594	2.0E-01	0.0101548	0.00839145	1.46444	2.3E-01	1.17657	2.8E-01
rs17014616	4	89736565	1.04925	A	T	0.931087	0.996962	4.12765	4.2E-02	-0.0207904	0.0111216	3.49458	6.2E-02	2.54576	1.1E-01
rs12647922	4	106063987	1.17944	C	T	0.794569	0.998343	0.521081	4.7E-01	-0.00496065	0.00696364	0.507464	4.8E-01	0.67622	4.1E-01
rs7655064	4	120106348	1.31331	T	C	0.875314	0.995692	2.15444	1.4E-01	0.0124117	0.0085217	2.12132	1.5E-01	1.87244	1.7E-01
rs11727676	4	145659064	1.53853	T	C	0.903374	1	3.70854	5.4E-02	-0.0181716	0.0095422	3.62652	5.7E-02	4.09385	4.3E-02
rs13178917	5	4007353	0.10142	C	T	0.551974	0.99437	0.54766	4.6E-01	0.00481698	0.00564848	0.727254	3.9E-01	1.12925	2.9E-01
rs3792751	5	32773314	0.512212	C	T	0.626583	0.990118	0.325099	5.7E-01	-0.0030634	0.00583872	0.275278	6.0E-01	0.913228	3.4E-01
rs17457629	5	38795199	0.597633	A	T	0.728239	0.988005	1.4608	2.3E-01	0.00882208	0.00635936	1.92449	1.7E-01	2.14461	1.4E-01
rs2448	5	53302354	0.644969	T	C	0.737842	0.999532	1.79552	1.8E-01	-0.00833339	0.00641097	1.68964	1.9E-01	2.08075	1.5E-01
rs1559215	5	54867827	0.667887	G	A	0.339397	0.996823	1.36924	2.4E-01	0.00680841	0.00596113	1.30447	2.5E-01	0.970129	3.2E-01
rs11949724	5	55832217	0.681021	G	A	0.635455	1	1.98114	1.6E-01	-0.00836536	0.00586446	2.03476	1.5E-01	2.45605	1.2E-01
rs1002473	5	56274077	0.686309	T	G	0.206197	0.999836	0.802932	3.7E-01	0.00685676	0.00697571	0.966188	3.3E-01	1.05379	3.0E-01
rs34697	5	66298637	0.77068	A	G	0.432612	0.987874	0.110734	7.4E-01	-0.00141094	0.00572376	0.0607651	8.1E-01	0.152406	7.0E-01
rs253407	5	74926778	0.860943	A	G	0.275724	1	13.8195	2.0E-04	0.0237103	0.00630007	14.1639	1.7E-04	15.2743	9.3E-05
rs6870983	5	87697533	1.01437	C	T	0.787184	0.995128	0.0431515	8.4E-01	0.000280039	0.00687718	0.00165812	9.7E-01	9.87281e-05	9.9E-01
rs27361	5	102548967	1.1092	G	A	0.700242	0.998319	1.19734	2.7E-01	0.00704043	0.00614787	1.31144	2.5E-01	1.4161	2.3E-01
rs34864074	5	112875535	1.20089	A	C	0.809873	0.995669	0.365548	5.5E-01	0.00415541	0.00722041	0.33121	5.6E-01	0.265389	6.1E-01
rs10519585	5	118676529	1.27446	T	C	0.712535	0.977148	1.22969	2.7E-01	0.00763226	0.00628039	1.47684	2.2E-01	1.2798	2.6E-01
rs4705986	5	132349654	1.39065	T	G	0.937241	0.978165	0.521454	4.7E-01	0.0104778	0.0117378	0.796843	3.7E-01	0.881309	3.5E-01
rs33999	5	141973349	1.48937	C	G	0.612065	0.9834	1.23	2.7E-01	-0.00580511	0.00580929	0.998564	3.2E-01	0.683469	4.1E-01
rs10477191	5	142077715	1.49476	A	G	0.950886	0.911257	1.39412	2.4E-01	-0.020928	0.0136947	2.33534	1.3E-01	1.88495	1.7E-01
rs10062458	5	156367092	1.66277	T	C	0.34782	0.985353	48.2034	3.8E-12	-0.0404802	0.00591828	46.7837	7.9E-12	49.2188	2.3E-12
rs72846967	5	171849098	1.88961	A	G	0.706231	0.999429	2.36567	1.2E-01	-0.00965377	0.0061795	2.44055	1.2E-01	2.02666	1.5E-01
rs2053681	5	172746086	1.91113	A	G	0.485601	0.912476	1.50369	2.2E-01	-0.00725823	0.00590694	1.50986	2.2E-01	1.96815	1.6E-01
rs201058	6	6726017	0.180973	A	G	0.438993	0.99583	0.00139875	9.7E-01	0.000962244	0.00567457	0.0287545	8.7E-01	0.161506	6.9E-01
rs2326776	6	6761881	0.18302	G	A	0.790616	0.988382	1.34679	2.5E-01	-0.00836448	0.0069527	1.44734	2.3E-01	1.68845	1.9E-01
rs7751325	6	7209132	0.195952	C	T	0.550375	0.99847	1.35715	2.4E-01	0.00699266	0.00566532	1.52348	2.2E-01	1.35584	2.4E-01
rs17584626	6	20560435	0.409936	A	T	0.687051	0.984667	0.172321	6.8E-01	0.00304742	0.00611074	0.248701	6.2E-01	0.0452569	8.3E-01
rs114376405	6	30770701	0.507083	G	A	0.988554	0.994696	1.59295	2.1E-01	-0.0407089	0.0265289	2.35472	1.2E-01	1.90146	1.7E-01
rs3094225	6	31113052	0.510178	G	A	0.26968	0.999821	9.21047	2.4E-03	-0.02004	0.00635167	9.95451	1.6E-03	10.1746	1.4E-03
rs9267989	6	32219320	0.51869	G	T	0.79171	0.999726	0.195233	6.6E-01	-0.00241434	0.00690843	0.122134	7.3E-01	0.19071	6.6E-01
rs181133225	6	32454764	0.520293	T	C	0.893444	0.778953	0.000373486	9.8E-01	0.00085414	0.0102738	0.00691191	9.3E-01	0.0156246	9.0E-01
rs117108573	6	32489679	0.520303	C	T	0.921405	0.866866	0.070759	7.9E-01	-0.00152223	0.0111653	0.0185872	8.9E-01	0.156679	6.9E-01
rs142779375	6	34165351	0.545713	T	G	0.952718	0.997081	6.28458	1.2E-02	-0.0340029	0.0132581	6.57766	1.0E-02	7.48772	6.2E-03
rs1574430	6	43269029	0.669727	A	C	0.391321	0.999399	1.69975	1.9E-01	0.00770748	0.00576609	1.78674	1.8E-01	1.57599	2.1E-01
rs9381248	6	43734606	0.675407	C	T	0.87836	0.993046	2.6506	1.0E-01	-0.0133451	0.00864494	2.38297	1.2E-01	2.42269	1.2E-01
rs35349911	6	43785255	0.678849	C	T	0.409597	0.97009	2.28073	1.3E-01	-0.00909729	0.00582116	2.44234	1.2E-01	2.3992	1.2E-01
rs10452561	6	80805796	0.920872	T	C	0.874288	0.991795	0.257855	6.1E-01	-0.00412482	0.00849897	0.235547	6.3E-01	0.0867291	7.7E-01
rs1902066	6	81346033	0.922431	T	C	0.437575	0.991679	0.075522	7.8E-01	-0.00166806	0.0057001	0.0856361	7.7E-01	0.0649284	8.0E-01
rs6924944	6	100597579	1.0811	A	T	0.245827	0.981159	2.34522	1.3E-01	0.010285	0.0066151	2.41732	1.2E-01	1.98808	1.6E-01
rs72969772	6	126187585	1.32503	A	G	0.980332	1	1.18766	2.8E-01	-0.022089	0.0203268	1.1809	2.8E-01	0.6359	4.3E-01
rs9986505	6	126445558	1.32603	A	G	0.6761	0.991308	1.90208	1.7E-01	0.00762619	0.00603863	1.59492	2.1E-01	1.63871	2.0E-01
rs74949497	6	126812007	1.32699	A	C	0.97518	1	0.985719	3.2E-01	-0.0198642	0.0181936	1.19208	2.7E-01	1.23626	2.7E-01
rs9389689	6	139813632	1.50282	G	C	0.504922	0.997811	12.378	4.3E-04	-0.0199004	0.00561984	12.5394	4.0E-04	11.6658	6.4E-04
rs851978	6	152029556	1.64243	G	T	0.726311	0.996212	6.10515	1.3E-02	-0.0134244	0.00633242	4.49419	3.4E-02	5.34012	2.1E-02
rs998075	6	160468278	1.77084	A	G	0.53429	0.994008	44.6813	2.3E-11	0.0372941	0.00567156	43.2389	4.8E-11	44.2337	2.9E-11
rs960589	7	25823647	0.43812	A	C	0.837349	0.976235	0.0937901	7.6E-01	-0.0011346	0.00769767	0.0217253	8.8E-01	0.000935611	9.8E-01
rs12671127	7	26309246	0.44373	C	T	0.633613	0.988487	0.307577	5.8E-01	0.00418821	0.00586054	0.510719	4.7E-01	0.257837	6.1E-01
rs2189239	7	27237453	0.453427	C	T	0.917096	0.977954	0.435299	5.1E-01	-0.0067628	0.0103366	0.428054	5.1E-01	0.345762	5.6E-01
rs13223303	7	42692711	0.680137	T	C	0.70789	0.997675	0.0928491	7.6E-01	0.00227538	0.00618967	0.135137	7.1E-01	0.189741	6.6E-01
rs2240466	7	72856269	0.899612	G	A	0.874914	1	31.9399	1.6E-08	0.0472616	0.0084963	30.9426	2.7E-08	29.1763	6.6E-08
rs72649044	7	73029207	0.899737	C	T	0.966833	0.988652	0.0674162	8.0E-01	0.00495692	0.0157567	0.0989675	7.5E-01	0.0414466	8.4E-01
rs6966632	7	77342199	0.936905	G	T	0.502987	0.998098	0.775126	3.8E-01	-0.00616251	0.00563135	1.19754	2.7E-01	1.02169	3.1E-01
rs2470945	7	104585760	1.19835	C	A	0.596387	0.999188	1.67768	2.0E-01	0.00773153	0.00570827	1.83452	1.8E-01	2.06419	1.5E-01
rs4313084	7	114586903	1.30546	C	T	0.0829266	0.999308	0.000906318	9.8E-01	0.00114018	0.0101996	0.0124961	9.1E-01	0.00114817	9.7E-01
rs12154627	7	130422934	1.4017	T	C	0.506907	0.97487	14.509	1.4E-04	0.0212501	0.00568908	13.9521	1.9E-04	14.1867	1.7E-04
rs286	8	19815256	0.4726	A	T	0.914108	0.995062	37.5744	8.8E-10	0.0619384	0.0100733	37.8077	7.8E-10	40.4597	2.0E-10
rs7844736	8	23551671	0.545238	A	G	0.828827	1	0.0212	8.8E-01	-0.00105554	0.00748307	0.0198972	8.9E-01	0.0851889	7.7E-01
rs11992444	8	25464690	0.565812	G	T	0.49058	1	2.92547	8.7E-02	-0.00832851	0.00561658	2.19883	1.4E-01	2.12588	1.4E-01
rs7815496	8	38321607	0.69461	C	T	0.597431	0.996532	4.92105	2.7E-02	-0.0132017	0.0057347	5.29952	2.1E-02	4.84039	2.8E-02
rs55704109	8	59323247	0.819013	G	A	0.5057	0.919152	31.1532	2.4E-08	0.0328151	0.00588749	31.0662	2.5E-08	33.7242	6.4E-09
rs10093418	8	72392687	0.950051	A	G	0.892444	0.978176	2.79491	9.5E-02	-0.0153792	0.00912204	2.84239	9.2E-02	2.71528	9.9E-02
rs144435165	8	126419938	1.45107	G	C	0.944194	0.785853	17.4339	3.0E-05	-0.0600822	0.0138082	18.9328	1.4E-05	19.4499	1.0E-05
rs283727	8	128313360	1.48991	G	A	0.465104	0.977161	0.00230856	9.6E-01	-0.000174078	0.00572224	0.000925454	9.8E-01	0.0198544	8.9E-01
rs2131919	9	95283887	1.12689	A	G	0.83667	0.999136	2.68632	1.0E-01	-0.0130345	0.00763733	2.91275	8.8E-02	3.31811	6.9E-02
rs2398893	9	96758342	1.14182	A	G	0.725421	0.999804	0.746742	3.9E-01	0.00728351	0.00631814	1.32893	2.5E-01	1.25906	2.6E-01
rs12686004	9	107653426	1.24316	G	A	0.884341	1	10.9377	9.4E-04	0.0297747	0.0087968	11.4563	7.1E-04	12.6524	3.8E-04
rs10991414	9	107685589	1.24582	T	C	0.861068	0.989408	0.314613	5.7E-01	-0.00485105	0.00820042	0.349945	5.5E-01	0.56164	4.5E-01
rs73519946	9	107868862	1.24912	A	T	0.958103	0.989128	4.77763	2.9E-02	0.0315124	0.014146	4.96246	2.6E-02	5.31392	2.1E-02
rs687621	9	136137065	1.66206	A	G	0.681622	1	32.2816	1.3E-08	-0.0350489	0.00604174	33.6531	6.6E-09	33.498	7.1E-09
rs7096078	10	3560644	0.0740604	C	T	0.425467	0.981688	0.0271534	8.7E-01	0.00161253	0.00573662	0.0790139	7.8E-01	0.0206225	8.9E-01
rs2907794	10	32391109	0.603202	G	A	0.758285	0.99713	1.65899	2.0E-01	0.00772614	0.00657139	1.38233	2.4E-01	0.622864	4.3E-01
rs2247486	10	33489594	0.609463	A	G	0.603119	0.998525	1.14019	2.9E-01	0.00504239	0.00573585	0.772819	3.8E-01	0.786396	3.8E-01
rs12243209	10	63783406	0.859343	T	C	0.963634	0.99691	1.03213	3.1E-01	-0.0144722	0.0150834	0.920595	3.4E-01	0.743443	3.9E-01
rs10995041	10	63867523	0.860298	A	C	0.754056	0.97671	1.06124	3.0E-01	-0.00701999	0.00662703	1.12211	2.9E-01	0.850972	3.6E-01
rs7089698	10	65384567	0.871611	A	G	0.465243	0.998398	0.00677888	9.3E-01	0.00121597	0.0056588	0.0461744	8.3E-01	0.00432031	9.5E-01
rs703985	10	80940740	1.06575	A	T	0.590861	0.992524	1.31777	2.5E-01	0.00741726	0.00574795	1.66518	2.0E-01	1.16386	2.8E-01
rs11202614	10	89755643	1.15952	C	T	0.838039	0.997476	2.97	8.5E-02	-0.0135136	0.00766987	3.10433	7.8E-02	2.71974	9.9E-02
rs10882028	10	93943900	1.2086	C	T	0.408953	0.999201	0.151329	7.0E-01	-0.00347027	0.00570667	0.369795	5.4E-01	0.21784	6.4E-01
rs7917772	10	104487443	1.30576	G	A	0.367969	1	1.26022	2.6E-01	0.00604005	0.00582394	1.07559	3.0E-01	1.5098	2.2E-01
rs11596249	10	122812361	1.5266	T	G	0.911116	0.993945	2.60978	1.1E-01	-0.0157668	0.00990929	2.53163	1.1E-01	2.48344	1.2E-01
rs10788149	10	122967170	1.52881	G	A	0.320548	1	0.0965542	7.6E-01	0.0021746	0.00604498	0.129411	7.2E-01	0.105025	7.5E-01
rs140201358	11	823586	0.0109832	C	G	0.986248	1	2.27367	1.3E-01	-0.0377851	0.0241691	2.4441	1.2E-01	1.88215	1.7E-01
rs7932891	11	10921512	0.210707	A	G	0.294517	0.99931	0.0314387	8.6E-01	-0.000111499	0.00616855	0.000326718	9.9E-01	0.261301	6.1E-01
rs11029441	11	26279145	0.452845	T	C	0.920415	0.988421	4.80714	2.8E-02	-0.0219047	0.0104575	4.38751	3.6E-02	3.547	6.0E-02
rs12786130	11	27505954	0.464069	C	T	0.238291	0.989196	0.0338819	8.5E-01	0.00157249	0.0066375	0.0561263	8.1E-01	0.10006	7.5E-01
rs56386213	11	36291554	0.562467	A	G	0.595018	1	0.12865	7.2E-01	-0.00135271	0.00570008	0.056318	8.1E-01	0.0866011	7.7E-01
rs2509963	11	62192931	0.710202	T	C	0.257705	0.993079	5.84407	1.6E-02	-0.014884	0.00641802	5.37821	2.0E-02	4.80894	2.8E-02
rs11231137	11	62315699	0.714502	G	A	0.701274	0.997506	0.93493	3.3E-01	-0.00610161	0.00614965	0.984438	3.2E-01	1.30464	2.5E-01
rs666194	11	65159382	0.737661	T	C	0.357112	0.971346	0.1526	7.0E-01	0.00239835	0.00595468	0.162222	6.9E-01	0.175511	6.8E-01
rs61881114	11	68996697	0.758653	C	T	0.848445	0.991928	4.07139	4.4E-02	0.0148703	0.00785731	3.58173	5.8E-02	3.65688	5.6E-02
rs12362685	11	111478720	1.18727	A	T	0.621328	0.997217	0.249933	6.2E-01	0.00344952	0.0058114	0.352334	5.5E-01	0.330083	5.7E-01
rs513533	11	116519358	1.25951	A	G	0.895505	0.969744	47.0485	6.9E-12	-0.0639277	0.00932221	47.0263	7.0E-12	51.1475	8.6E-13
rs76970536	11	126250680	1.42435	G	A	0.927484	0.992938	30.328	3.6E-08	-0.0610495	0.0109026	31.355	2.1E-08	30.7465	2.9E-08
rs10771260	12	26253557	0.45721	A	C	0.608183	0.995844	0.313038	5.8E-01	-0.0032009	0.00578954	0.305672	5.8E-01	0.454018	5.0E-01
rs16915737	12	26403614	0.459048	C	T	0.928538	0.993226	0.587125	4.4E-01	0.0083306	0.0109305	0.58086	4.5E-01	0.165152	6.8E-01
rs7310959	12	45968598	0.59006	G	A	0.897555	1	3.07276	8.0E-02	-0.015288	0.00929899	2.70291	1.0E-01	3.03501	8.1E-02
rs75824359	12	54320490	0.68262	A	G	0.970266	0.973341	0.0218853	8.8E-01	0.00211266	0.0167863	0.0158397	9.0E-01	0.0121397	9.1E-01
rs7961915	12	66425288	0.795219	A	G	0.213926	0.943584	0.0122034	9.1E-01	-0.000914157	0.00705169	0.0168056	9.0E-01	0.012365	9.1E-01
rs704067	12	89726027	1.03172	G	A	0.545146	0.989595	0.203912	6.5E-01	-0.00292966	0.00569794	0.264361	6.1E-01	0.37841	5.4E-01
rs7958469	12	107052620	1.26171	G	A	0.638699	0.995036	9.32874	2.3E-03	-0.0176504	0.0058701	9.04105	2.6E-03	7.90134	4.9E-03
rs1169809	12	121688026	1.45624	G	A	0.700971	0.994402	0.194453	6.6E-01	-0.00253293	0.00615932	0.169114	6.8E-01	0.541728	4.6E-01
rs139948644	12	123200016	1.46983	C	T	0.972202	0.923516	2.27293	1.3E-01	0.0267713	0.017775	2.26838	1.3E-01	2.87104	9.0E-02
rs11060406	12	123339117	1.47024	C	T	0.96325	0.964271	2.49731	1.1E-01	-0.0225983	0.0151754	2.21753	1.4E-01	1.72851	1.9E-01
rs34149579	12	123345509	1.47026	G	T	0.947363	1	8.05058	4.5E-03	-0.0348912	0.0125981	7.67043	5.6E-03	7.91195	4.9E-03
rs11613189	12	124642803	1.48018	C	T	0.627038	0.983075	4.41125	3.6E-02	0.0126037	0.00589781	4.56684	3.3E-02	4.67982	3.1E-02
rs1045411	13	31033232	0.263482	C	T	0.7313	0.996942	5.35626	2.1E-02	0.0161323	0.00636968	6.41445	1.1E-02	5.68734	1.7E-02
rs10507524	13	44684600	0.468128	T	C	0.907237	0.994143	1.26563	2.6E-01	-0.00990848	0.00975754	1.03118	3.1E-01	1.00173	3.2E-01
rs7334326	13	50967732	0.53896	G	C	0.858576	0.996316	10.6862	1.1E-03	-0.0274426	0.00808028	11.5345	6.8E-04	10.657	1.1E-03
rs6602893	13	114517011	1.29073	G	A	0.626968	0.980258	30.5912	3.2E-08	-0.0326952	0.00588765	30.8378	2.8E-08	32.6745	1.1E-08
rs8012185	14	58668484	0.537795	A	G	0.723155	0.991197	3.457	6.3E-02	-0.0100792	0.00630509	2.55544	1.1E-01	2.96314	8.5E-02
rs1286138	14	91485445	0.882014	T	G	0.326286	0.996304	0.245268	6.2E-01	0.00224627	0.00600299	0.14002	7.1E-01	0.0350554	8.5E-01
rs2124307	14	98344662	1.02722	T	C	0.377663	0.998341	1.05036	3.1E-01	0.00625164	0.0058162	1.15534	2.8E-01	0.910711	3.4E-01
rs7402977	15	31726824	0.452929	G	A	0.733334	0.984393	0.108073	7.4E-01	0.00196759	0.00641394	0.0941062	7.6E-01	0.0718619	7.9E-01
rs12437696	15	40878474	0.62928	A	G	0.51447	0.998802	0.426976	5.1E-01	0.00407879	0.0056503	0.521097	4.7E-01	0.253311	6.1E-01
rs11630710	15	56364758	0.756318	G	T	0.893172	0.979091	0.593622	4.4E-01	-0.00544225	0.00923825	0.347039	5.6E-01	0.369964	5.4E-01
rs12911939	15	63800065	0.876679	T	C	0.431976	0.996322	0.507453	4.8E-01	-0.00253327	0.0056963	0.197778	6.6E-01	0.558931	4.5E-01
rs762551	15	75041917	1.00314	C	A	0.274028	1	8.49877	3.6E-03	-0.0181353	0.00630774	8.26613	4.0E-03	9.05852	2.6E-03
rs2401948	16	1340854	0.0338191	G	C	0.470436	0.984992	0.0253926	8.7E-01	0.000593363	0.00567887	0.0109173	9.2E-01	0.00441614	9.5E-01
rs3747577	16	4415696	0.082586	C	G	0.259467	0.988145	0.00707469	9.3E-01	-0.000127562	0.00646278	0.00038959	9.8E-01	0.0024206	9.6E-01
rs12918743	16	11624245	0.272102	G	A	0.537734	0.991971	0.0171643	9.0E-01	-0.000139473	0.00565979	0.000607265	9.8E-01	7.80708e-05	9.9E-01
rs4787456	16	28559573	0.542371	C	T	0.634142	0.996921	1.09899	2.9E-01	-0.00436466	0.00581483	0.563414	4.5E-01	0.741871	3.9E-01
rs10083738	16	29927702	0.553162	G	A	0.45121	0.999839	0.0137682	9.1E-01	0.00174205	0.00566251	0.0946461	7.6E-01	0.0396564	8.4E-01
rs16952242	16	53474250	0.64336	G	A	0.697908	0.997944	0.0344554	8.5E-01	0.00141234	0.00614179	0.0528793	8.2E-01	0.0136707	9.1E-01
rs9937053	16	53799507	0.64597	G	A	0.577195	0.999601	2.5936	1.1E-01	0.010128	0.00570431	3.15242	7.6E-02	3.352	6.7E-02
rs11866219	16	69549749	0.858341	A	C	0.415066	0.975783	8.32876	3.9E-03	0.0162814	0.00579129	7.90376	4.9E-03	6.78909	9.2E-03
rs2550733	16	81449060	1.04439	A	G	0.430492	1	1.69049	1.9E-01	0.0076609	0.00569695	1.80832	1.8E-01	1.60978	2.0E-01
rs2927333	16	81509279	1.0455	A	G	0.679395	0.985143	4.67176	3.1E-02	0.0131967	0.00609434	4.68899	3.0E-02	4.88153	2.7E-02
rs727428	17	7537792	0.196849	T	C	0.44291	1	9.15316	2.5E-03	0.0178846	0.00565382	10.0063	1.6E-03	11.3263	7.6E-04
rs8075019	17	17455192	0.444844	G	A	0.875691	0.988404	4.05418	4.4E-02	-0.0190085	0.00856372	4.92685	2.6E-02	5.16977	2.3E-02
rs16942379	17	21259827	0.471679	C	T	0.508165	0.995529	0.966612	3.3E-01	0.00583692	0.00564572	1.06888	3.0E-01	0.768683	3.8E-01
rs11651639	17	27672320	0.49569	A	T	0.483934	0.999433	0.528327	4.7E-01	-0.00415219	0.00562908	0.5441	4.6E-01	0.774936	3.8E-01
rs2306593	17	34866546	0.59517	C	T	0.509195	0.996584	0.121438	7.3E-01	0.00143752	0.00563741	0.0650236	8.0E-01	0.099316	7.5E-01
rs55883500	17	40395267	0.664304	T	G	0.691334	0.998762	1.30497	2.5E-01	-0.00714725	0.00609055	1.3771	2.4E-01	1.52668	2.2E-01
rs56328224	17	43572419	0.687192	C	T	0.774992	0.995527	7.78894	5.3E-03	-0.0186786	0.00677468	7.60174	5.8E-03	6.93144	8.5E-03
rs11871767	17	61698723	0.887174	A	G	0.724045	0.995857	2.71996	9.9E-02	0.0102864	0.00631923	2.6497	1.0E-01	3.38933	6.6E-02
rs7225826	17	67574721	0.971804	C	T	0.325119	0.997806	0.65896	4.2E-01	-0.00375606	0.00600578	0.391135	5.3E-01	0.314234	5.8E-01
rs312757	17	68347701	0.983463	C	G	0.322951	0.991143	0.19558	6.6E-01	0.00232021	0.00604162	0.147485	7.0E-01	0.104594	7.5E-01
rs3810068	18	2846499	0.0738566	T	C	0.595452	1	8.18397	4.2E-03	0.0139026	0.0057198	5.90786	1.5E-02	6.64498	9.9E-03
rs4890429	18	40697481	0.611694	T	C	0.738773	0.995191	6.19534	1.3E-02	0.0168099	0.00643145	6.8314	9.0E-03	7.9088	4.9E-03
rs357900	18	46585235	0.687097	T	A	0.110184	0.998906	1.26374	2.6E-01	0.0124538	0.00897795	1.92419	1.7E-01	1.8042	1.8E-01
rs3897645	18	57728947	0.82135	T	C	0.443585	1	0.000678322	9.8E-01	0.000309456	0.00569148	0.0029563	9.6E-01	0.00405705	9.5E-01
rs2331933	18	57955945	0.822668	T	G	0.652214	0.979252	1.54416	2.1E-01	0.00761239	0.00598677	1.6168	2.0E-01	1.41388	2.3E-01
rs12979965	19	2131148	0.0753026	A	G	0.499935	0.991113	0.744746	3.9E-01	0.0060453	0.00564113	1.14842	2.8E-01	1.32076	2.5E-01
rs2240702	19	4159873	0.144523	A	G	0.883396	0.986669	2.37693	1.2E-01	-0.0155622	0.00878621	3.13719	7.7E-02	2.89019	8.9E-02
rs1799815	19	7125519	0.224812	G	A	0.932212	1	1.93434	1.6E-01	0.0161693	0.0111561	2.10068	1.5E-01	1.92145	1.7E-01
rs35555265	19	17152232	0.420672	C	T	0.803227	0.993265	3.38505	6.6E-02	0.0140223	0.00708217	3.92018	4.8E-02	3.26032	7.1E-02
rs72999466	19	18248499	0.447893	C	T	0.742123	0.99893	0.303784	5.8E-01	-0.00422674	0.00642274	0.433082	5.1E-01	0.248769	6.2E-01
rs1423056	19	33780444	0.560699	G	A	0.681795	0.903762	0.00271202	9.6E-01	-0.000542957	0.00635692	0.00729522	9.3E-01	0.146959	7.0E-01
rs113504807	19	33787954	0.561506	C	T	0.951238	0.934153	0.632978	4.3E-01	-0.0121637	0.013476	0.814724	3.7E-01	0.640864	4.2E-01
rs544964	19	37409561	0.616104	A	G	0.417229	0.998743	1.20971	2.7E-01	0.00708424	0.00571231	1.53802	2.1E-01	1.74581	1.9E-01
rs62115552	19	44610355	0.688364	A	G	0.960207	1	53.9918	2.0E-13	0.109731	0.0146796	55.8764	7.7E-14	60.8098	6.3E-15
rs35068131	19	55983854	0.996203	T	C	0.534309	0.942965	0.00483232	9.4E-01	0.000299072	0.00579861	0.00266014	9.6E-01	0.021494	8.8E-01
rs151235402	20	569164	0.0196907	C	T	0.984757	0.956324	0.0156892	9.0E-01	-0.00336363	0.023618	0.0202829	8.9E-01	0.0205987	8.9E-01
rs805769	20	5667459	0.191037	T	C	0.595306	0.99253	0.00101824	9.7E-01	-0.00075846	0.00575477	0.0173704	9.0E-01	0.0794381	7.8E-01
rs2207132	20	39142516	0.589709	G	A	0.966685	1	43.1222	5.1E-11	-0.102187	0.0156723	42.5133	7.0E-11	44.6676	2.3E-11
rs117912918	20	44391067	0.670483	C	T	0.875868	0.996372	32.5242	1.2E-08	-0.0483809	0.00855885	31.9534	1.6E-08	30.724	3.0E-08
rs3091552	20	45440006	0.689385	C	G	0.264162	0.950692	0.788043	3.7E-01	-0.00813135	0.00653331	1.54903	2.1E-01	1.94481	1.6E-01
rs1999536	20	45581777	0.691337	G	C	0.430706	0.994672	7.96691	4.8E-03	0.0144029	0.00569338	6.39967	1.1E-02	7.06761	7.8E-03
rs6063779	20	50964151	0.79129	A	G	0.716728	0.997749	1.25281	2.6E-01	0.00767367	0.00624783	1.50851	2.2E-01	1.95215	1.6E-01
rs6090040	20	62692060	1.09656	A	C	0.479429	0.988701	16.2643	5.5E-05	0.0221203	0.00566249	15.2605	9.4E-05	17.0999	3.5E-05
rs66836452	21	33058743	0.322744	C	T	0.898206	0.995819	0.0800526	7.8E-01	-0.000433329	0.00933128	0.00215652	9.6E-01	0.0030491	9.6E-01
rs2836139	21	39451403	0.432375	A	G	0.514897	0.9942	5.24785	2.2E-02	0.0115422	0.00567024	4.14359	4.2E-02	4.08331	4.3E-02
rs9625551	22	29140529	0.338663	G	A	0.979191	0.995212	0.0525488	8.2E-01	0.0032463	0.0196934	0.0271729	8.7E-01	8.94754e-05	9.9E-01
