SNP	CHR	BP	GENPOS	ALLELE1	ALLELE0	A1FREQ	INFO	CHISQ_LINREG	P_LINREG	BETA	SE	CHISQ_BOLT_LMM_INF	P_BOLT_LMM_INF	CHISQ_BOLT_LMM	P_BOLT_LMM
rs1294014	1	9325676	0.18921	C	T	0.732088	0.974098	5.94403	1.5E-02	0.013437	0.00635733	4.46742	3.5E-02	5.12367	2.4E-02
rs1294014	1	9325676	0.18921	C	T	0.732088	0.974098	5.94403	1.5E-02	0.013437	0.00635733	4.46742	3.5E-02	5.12367	2.4E-02
rs10753554	1	23619009	0.461644	T	C	0.260317	0.989627	0.701188	4.0E-01	-0.00372734	0.00635122	0.344416	5.6E-01	0.375605	5.4E-01
rs72663503	1	39969059	0.670152	C	T	0.771573	0.996098	19.4292	1.0E-05	0.029498	0.00660774	19.9287	8.0E-06	22.3829	2.2E-06
rs657452	1	49589847	0.760469	A	G	0.390779	0.988645	2.62377	1.1E-01	-0.0103026	0.00568899	3.27965	7.0E-02	3.99883	4.6E-02
rs11591147	1	55505647	0.809828	G	T	0.982511	1	30.7491	2.9E-08	0.121032	0.0211386	32.783	1.0E-08	32.8392	1.0E-08
rs7534572	1	62999675	0.922881	C	G	0.351807	0.999944	117.284	2.5E-27	0.0646131	0.00579794	124.192	7.6E-29	127.752	1.3E-29
rs9436299	1	65892888	0.967508	C	A	0.325082	0.970882	1.50434	2.2E-01	0.0101804	0.00601013	2.86921	9.0E-02	2.82174	9.3E-02
rs1526480	1	91209986	1.21385	T	C	0.625038	1	4.99409	2.5E-02	0.0130196	0.00574541	5.13516	2.3E-02	4.97582	2.6E-02
rs4375301	1	98298371	1.27828	A	G	0.767662	0.993807	4.4885	3.4E-02	0.0142865	0.00659721	4.68955	3.0E-02	5.53161	1.9E-02
rs3108680	1	107572997	1.35724	T	C	0.652386	0.999501	2.25674	1.3E-01	-0.00907366	0.0058592	2.39822	1.2E-01	1.55121	2.1E-01
rs2076586	1	112273026	1.42823	C	T	0.753838	0.980886	3.71085	5.4E-02	-0.012666	0.00650568	3.7905	5.2E-02	3.13382	7.7E-02
rs115499511	1	119322589	1.50902	T	C	0.963678	0.975965	0.0153332	9.0E-01	-0.000904938	0.0149779	0.00365038	9.5E-01	0.0058791	9.4E-01
rs10494220	1	119572398	1.50995	C	T	0.872599	0.999593	2.39853	1.2E-01	0.0104328	0.0082998	1.58004	2.1E-01	1.38073	2.4E-01
rs114056923	1	154868744	1.69777	T	C	0.966966	1	0.610206	4.3E-01	-0.0111938	0.0155696	0.516889	4.7E-01	0.305121	5.8E-01
rs17345893	1	170171874	1.91645	C	T	0.933651	0.998406	0.386002	5.3E-01	0.00246482	0.0111407	0.0489491	8.2E-01	0.100287	7.5E-01
rs1953096	1	170318770	1.91758	G	A	0.762782	0.999479	1.64031	2.0E-01	0.00839193	0.00654179	1.64562	2.0E-01	1.0434	3.1E-01
rs6697844	1	172308238	1.93873	C	T	0.56798	0.996349	1.53329	2.2E-01	0.00797831	0.00558176	2.04305	1.5E-01	1.81834	1.8E-01
rs633715	1	177852580	1.98813	T	C	0.789275	1	1.21229	2.7E-01	0.00428835	0.00681163	0.396349	5.3E-01	0.216853	6.4E-01
rs11807331	1	196427811	2.14315	T	C	0.684298	0.996378	5.32995	2.1E-02	-0.0136173	0.00596774	5.20671	2.2E-02	4.42799	3.5E-02
rs11240351	1	205044339	2.25371	A	G	0.594795	0.998205	0.646448	4.2E-01	0.0053679	0.00564727	0.903508	3.4E-01	1.01135	3.1E-01
rs61823192	1	219294570	2.43535	C	T	0.971468	0.90297	0.42973	5.1E-01	0.0108714	0.0175054	0.38568	5.3E-01	1.14148	2.9E-01
rs77278027	1	219392230	2.43543	C	T	0.93823	0.976746	0.0884459	7.7E-01	-0.0024897	0.0116561	0.0456234	8.3E-01	0.126705	7.2E-01
rs6683741	1	219786717	2.43742	T	G	0.861853	0.991403	7.38215	6.6E-03	0.0199509	0.00805446	6.13554	1.3E-02	6.60916	1.0E-02
rs4631704	1	230293530	2.53595	C	T	0.39136	0.985874	45.6077	1.4E-11	-0.0404002	0.00571734	49.9321	1.6E-12	52.4512	4.4E-13
rs62106252	2	408713	0.00503892	G	A	0.950832	0.955734	1.94581	1.6E-01	-0.0176713	0.0130815	1.82484	1.8E-01	1.47888	2.2E-01
rs2867105	2	601905	0.00766081	T	G	0.178655	0.986439	1.70765	1.9E-01	0.00800664	0.00728899	1.20661	2.7E-01	1.50982	2.2E-01
rs711869	2	13073967	0.297329	G	A	0.443249	0.983109	0.0790973	7.8E-01	0.000435098	0.0056266	0.00597973	9.4E-01	0.0280256	8.7E-01
rs57871280	2	21104795	0.419078	C	T	0.764877	0.971721	33.6109	6.7E-09	0.0376689	0.00663938	32.1892	1.4E-08	35.0843	3.2E-09
rs1275539	2	27386799	0.473172	T	C	0.333105	0.955176	34.7206	3.8E-09	0.0334397	0.00600372	31.023	2.5E-08	34.1575	5.1E-09
rs62128744	2	27404674	0.473242	C	G	0.909461	0.989277	43.9789	3.3E-11	0.0632396	0.00972757	42.2639	8.0E-11	43.2058	4.9E-11
rs7933	2	43452183	0.682402	A	G	0.634849	0.981779	0.00476248	9.4E-01	0.00161625	0.00580191	0.0776021	7.8E-01	0.0567705	8.1E-01
rs36072157	2	48953740	0.765134	G	C	0.658175	0.956087	2.62945	1.0E-01	0.00890277	0.00596641	2.22651	1.4E-01	2.2874	1.3E-01
rs6546196	2	66144496	0.916561	G	A	0.525101	0.993792	5.34347	2.1E-02	0.0140749	0.00557593	6.37173	1.2E-02	5.94676	1.5E-02
rs4316926	2	66749108	0.924328	G	A	0.396567	0.99766	0.532279	4.7E-01	0.00739625	0.00567354	1.69948	1.9E-01	1.58389	2.1E-01
rs2170702	2	67571130	0.937008	T	C	0.545622	0.996677	2.43313	1.2E-01	-0.0100347	0.00559664	3.21483	7.3E-02	3.31424	6.9E-02
rs12712049	2	100208830	1.21955	A	G	0.176674	0.985519	5.15982	2.3E-02	-0.0159957	0.00730797	4.79087	2.9E-02	4.50298	3.4E-02
rs72946301	2	111861838	1.33125	G	A	0.903863	0.964859	6.14829	1.3E-02	-0.0244582	0.00957655	6.52273	1.1E-02	8.75813	3.1E-03
rs7593247	2	119337589	1.3956	C	T	0.503784	0.990163	0.0274179	8.7E-01	-0.000201193	0.00556742	0.00130592	9.7E-01	0.00341393	9.5E-01
rs114666647	2	158393301	1.76187	T	C	0.987759	1	0.0532627	8.2E-01	-0.00954427	0.0252271	0.143137	7.1E-01	0.380144	5.4E-01
rs11899550	2	158451825	1.76314	C	T	0.92902	0.994523	1.243	2.6E-01	0.0100667	0.0107932	0.869909	3.5E-01	0.854475	3.6E-01
rs62173895	2	165477903	1.81419	G	C	0.329951	0.997788	42.903	5.8E-11	0.0376296	0.00592318	40.3599	2.1E-10	43.2237	4.9E-11
rs3769872	2	165565548	1.81514	C	T	0.941933	0.997539	2.13223	1.4E-01	-0.0202988	0.0118852	2.91695	8.8E-02	3.30701	6.9E-02
rs115283512	2	172379649	1.89769	C	T	0.817449	0.996247	0.240802	6.2E-01	0.00290336	0.0071988	0.162661	6.9E-01	0.385133	5.3E-01
rs62173497	2	187821910	2.04064	C	A	0.889372	0.96522	6.13853	1.3E-02	-0.0214336	0.00898014	5.69669	1.7E-02	7.47086	6.3E-03
rs1837121	2	216292331	2.28555	G	A	0.273406	0.99918	0.332445	5.6E-01	-0.00386248	0.00622424	0.385088	5.3E-01	0.106797	7.4E-01
rs16857748	2	218382258	2.32414	C	T	0.903272	0.999764	0.517713	4.7E-01	0.00862872	0.00938547	0.845242	3.6E-01	0.751727	3.9E-01
rs16866785	2	226899056	2.44178	A	G	0.775296	0.992487	22.1292	2.5E-06	-0.0322595	0.00666619	23.4185	1.3E-06	23.8735	1.0E-06
rs305506	3	12026709	0.296805	G	T	0.113563	0.992655	2.83846	9.2E-02	-0.0126164	0.00878581	2.06209	1.5E-01	1.54966	2.1E-01
rs114252958	3	12409938	0.29797	C	T	0.982978	0.956617	0.21419	6.4E-01	0.0081451	0.0220142	0.136895	7.1E-01	0.0198418	8.9E-01
rs13086654	3	35532275	0.595296	G	A	0.863267	0.996625	2.31524	1.3E-01	0.0105068	0.00805392	1.70187	1.9E-01	1.93098	1.6E-01
rs11926707	3	46925539	0.687568	T	C	0.379143	0.985514	13.7704	2.1E-04	0.0199308	0.00574322	12.0431	5.2E-04	13.0124	3.1E-04
rs614288	3	52220203	0.695484	T	C	0.466765	1	4.75819	2.9E-02	-0.0123085	0.00554696	4.92382	2.6E-02	3.51071	6.1E-02
rs11718560	3	64584862	0.868956	C	T	0.731847	0.985124	5.16222	2.3E-02	0.014259	0.006299	5.12433	2.4E-02	5.13276	2.3E-02
rs4688498	3	64674599	0.871028	C	T	0.669682	0.985151	4.44066	3.5E-02	-0.0119371	0.00594042	4.03799	4.4E-02	3.94976	4.7E-02
rs9872683	3	123155892	1.35844	A	C	0.408022	0.993775	0.000129729	9.9E-01	-0.000879991	0.00565062	0.024253	8.8E-01	0.114542	7.4E-01
rs62265318	3	128752986	1.42297	G	A	0.965093	0.926921	1.65744e-05	1.0E+00	-0.0051274	0.0156734	0.107021	7.4E-01	0.0736799	7.9E-01
rs143418767	3	129105690	1.42548	G	A	0.980767	0.944053	0.214612	6.4E-01	-0.0170676	0.0208029	0.673125	4.1E-01	0.710289	4.0E-01
rs112551697	3	150018637	1.64271	G	A	0.96554	0.928479	3.24942	7.1E-02	0.0270119	0.0157265	2.95018	8.6E-02	3.6209	5.7E-02
rs7617389	3	156801088	1.71237	T	C	0.32586	0.969927	3.8603	4.9E-02	-0.0115137	0.00602016	3.65776	5.6E-02	4.55976	3.3E-02
rs998749	3	168972802	1.77947	A	G	0.517178	0.992407	5.60718	1.8E-02	-0.011314	0.00555812	4.14356	4.2E-02	3.82845	5.0E-02
rs1499813	3	171760427	1.8208	T	C	0.587431	1	0.485878	4.9E-01	0.0040777	0.00565752	0.519491	4.7E-01	0.766273	3.8E-01
rs11705729	3	185507299	2.01659	A	T	0.6869	0.999805	4.55379	3.3E-02	0.0118356	0.00597941	3.91798	4.8E-02	4.43231	3.5E-02
rs7697256	4	848335	0.00782825	C	T	0.727433	0.999147	7.14171	7.5E-03	-0.0183067	0.00622733	8.64202	3.3E-03	8.55546	3.4E-03
rs7659144	4	3098321	0.0324978	C	G	0.656231	0.995037	19.597	9.6E-06	-0.0263125	0.00583751	20.3174	6.6E-06	18.278	1.9E-05
rs4450871	4	4990298	0.0879764	A	G	0.554775	1	24.6554	6.9E-07	-0.0268296	0.00559057	23.0312	1.6E-06	23.3463	1.4E-06
rs1912897	4	26006133	0.455942	A	T	0.79303	0.98817	7.09868	7.7E-03	0.0188347	0.00689101	7.47054	6.3E-03	6.58721	1.0E-02
rs17644283	4	26308792	0.461396	A	G	0.370735	0.99507	2.99112	8.4E-02	-0.0116287	0.00576718	4.0657	4.4E-02	3.9319	4.7E-02
rs11133373	4	56215631	0.730194	C	G	0.682789	0.992346	0.322659	5.7E-01	0.00426367	0.00598977	0.506695	4.8E-01	0.130324	7.2E-01
rs28716151	4	87799931	1.02887	A	G	0.633496	0.995654	32.1766	1.4E-08	0.0341212	0.00578259	34.818	3.6E-09	39.5895	3.1E-10
rs3775403	4	89615174	1.04851	T	C	0.869029	0.98982	4.83528	2.8E-02	-0.0202057	0.00827089	5.96819	1.5E-02	5.63683	1.8E-02
rs17014616	4	89736565	1.04925	A	T	0.931087	0.996962	5.43558	2.0E-02	0.0242592	0.0109618	4.89771	2.7E-02	5.79189	1.6E-02
rs12647922	4	106063987	1.17944	C	T	0.794569	0.998343	0.193879	6.6E-01	-0.00253013	0.00686358	0.135888	7.1E-01	0.106323	7.4E-01
rs7655064	4	120106348	1.31331	T	C	0.875314	0.995692	0.0744984	7.8E-01	-0.00286212	0.00839926	0.116116	7.3E-01	0.123001	7.3E-01
rs11727676	4	145659064	1.53853	T	C	0.903374	1	1.97826	1.6E-01	0.013667	0.00940509	2.11164	1.5E-01	3.10458	7.8E-02
rs13178917	5	4007353	0.10142	C	T	0.551974	0.99437	3.35137	6.7E-02	-0.0104222	0.0055699	3.50126	6.1E-02	2.25591	1.3E-01
rs3792751	5	32773314	0.512212	C	T	0.626583	0.990118	2.76399	9.6E-02	0.00866848	0.0057575	2.26683	1.3E-01	1.5947	2.1E-01
rs17457629	5	38795199	0.597633	A	T	0.728239	0.988005	0.254699	6.1E-01	-0.00443832	0.00627089	0.500933	4.8E-01	0.44459	5.0E-01
rs2448	5	53302354	0.644969	T	C	0.737842	0.999532	1.16186	2.8E-01	0.00545538	0.00632179	0.744683	3.9E-01	0.938348	3.3E-01
rs1559215	5	54867827	0.667887	G	A	0.339397	0.996823	3.45253	6.3E-02	-0.0111335	0.0058782	3.58735	5.8E-02	3.46143	6.3E-02
rs11949724	5	55832217	0.681021	G	A	0.635455	1	7.04471	7.9E-03	0.015877	0.00578288	7.53792	6.0E-03	8.8243	3.0E-03
rs1002473	5	56274077	0.686309	T	G	0.206197	0.999836	0.348435	5.6E-01	-0.00454392	0.00687866	0.436368	5.1E-01	0.454143	5.0E-01
rs34697	5	66298637	0.77068	A	G	0.432612	0.987874	0.218348	6.4E-01	-0.00407682	0.00564413	0.521734	4.7E-01	0.492157	4.8E-01
rs10940157	5	67516306	0.78664	G	A	0.796577	0.993724	29.9798	4.4E-08	-0.0384956	0.00688956	31.2204	2.3E-08	33.5645	6.9E-09
rs253407	5	74926778	0.860943	A	G	0.275724	1	8.97667	2.7E-03	0.0187037	0.00621242	9.06427	2.6E-03	7.8884	5.0E-03
rs6870983	5	87697533	1.01437	C	T	0.787184	0.995128	2.13576	1.4E-01	-0.00903791	0.00678151	1.77616	1.8E-01	0.887267	3.5E-01
rs27361	5	102548967	1.1092	G	A	0.700242	0.998319	0.316214	5.7E-01	-0.00282782	0.00606234	0.217581	6.4E-01	0.0268878	8.7E-01
rs34864074	5	112875535	1.20089	A	C	0.809873	0.995669	0.638413	4.2E-01	0.00719484	0.00711996	1.02115	3.1E-01	1.28493	2.6E-01
rs10519585	5	118676529	1.27446	T	C	0.712535	0.977148	7.34442	6.7E-03	-0.0171348	0.00619302	7.65512	5.7E-03	7.34221	6.7E-03
rs4705986	5	132349654	1.39065	T	G	0.937241	0.978165	1.35785	2.4E-01	-0.0185593	0.0115745	2.57112	1.1E-01	2.35745	1.2E-01
rs33999	5	141973349	1.48937	C	G	0.612065	0.9834	2.1953	1.4E-01	0.00753286	0.00572847	1.72919	1.9E-01	1.63959	2.0E-01
rs10477191	5	142077715	1.49476	A	G	0.950886	0.911257	1.09122	3.0E-01	0.0211438	0.0135042	2.45146	1.2E-01	3.06641	8.0E-02
rs72846967	5	171849098	1.88961	A	G	0.706231	0.999429	1.53676	2.2E-01	0.00731424	0.00609353	1.44079	2.3E-01	1.41977	2.3E-01
rs2053681	5	172746086	1.91113	A	G	0.485601	0.912476	0.859182	3.5E-01	0.00414964	0.00582476	0.507533	4.8E-01	0.900967	3.4E-01
rs201058	6	6726017	0.180973	A	G	0.438993	0.99583	0.000351275	9.9E-01	-0.000974916	0.00558948	0.0304223	8.6E-01	0.00357608	9.5E-01
rs2326776	6	6761881	0.18302	G	A	0.790616	0.988382	1.05464	3.0E-01	0.00631546	0.00684844	0.850407	3.6E-01	0.619331	4.3E-01
rs7751325	6	7209132	0.195952	C	T	0.550375	0.99847	0.916114	3.4E-01	0.00403419	0.00558037	0.522622	4.7E-01	0.381875	5.4E-01
rs17584626	6	20560435	0.409936	A	T	0.687051	0.984667	4.4884	3.4E-02	-0.0135647	0.0060191	5.07871	2.4E-02	4.10603	4.3E-02
rs114376405	6	30770701	0.507083	G	A	0.988554	0.994696	2.92773	8.7E-02	-0.0330694	0.0261311	1.60154	2.1E-01	1.51251	2.2E-01
rs3094225	6	31113052	0.510178	G	A	0.26968	0.999821	7.52074	6.1E-03	0.017299	0.00625642	7.64519	5.7E-03	7.68543	5.6E-03
rs9267989	6	32219320	0.51869	G	T	0.79171	0.999726	0.0332676	8.6E-01	-0.00134073	0.00680483	0.0388195	8.4E-01	0.229557	6.3E-01
rs181133225	6	32454764	0.520293	T	C	0.893444	0.778953	1.93676	1.6E-01	0.00987542	0.0101197	0.952302	3.3E-01	0.324626	5.7E-01
rs117108573	6	32489679	0.520303	C	T	0.921405	0.866866	3.04226	8.1E-02	0.0135802	0.0109979	1.52472	2.2E-01	0.634131	4.3E-01
rs142779375	6	34165351	0.545713	T	G	0.952718	0.997081	3.49644	6.2E-02	0.0253441	0.0130592	3.76632	5.2E-02	2.97066	8.5E-02
rs1574430	6	43269029	0.669727	A	C	0.391321	0.999399	0.000113355	9.9E-01	-0.000218602	0.00567963	0.00148139	9.7E-01	0.00718689	9.3E-01
rs9381248	6	43734606	0.675407	C	T	0.87836	0.993046	2.73401	9.8E-02	0.0156425	0.0085153	3.37452	6.6E-02	3.36759	6.6E-02
rs35349911	6	43785255	0.678849	C	T	0.409597	0.97009	3.01621	8.2E-02	0.0110452	0.00573387	3.71066	5.4E-02	3.89769	4.8E-02
rs10452561	6	80805796	0.920872	T	C	0.874288	0.991795	0.780963	3.8E-01	0.00814948	0.00837152	0.947656	3.3E-01	0.238153	6.3E-01
rs1902066	6	81346033	0.922431	T	C	0.437575	0.991679	0.490451	4.8E-01	0.00319045	0.00561462	0.322895	5.7E-01	0.452223	5.0E-01
rs6924944	6	100597579	1.0811	A	T	0.245827	0.981159	0.735058	3.9E-01	-0.00518442	0.0065159	0.63307	4.3E-01	0.847138	3.6E-01
rs72969772	6	126187585	1.32503	A	G	0.980332	1	0.17071	6.8E-01	0.00359236	0.0200219	0.0321919	8.6E-01	0.147266	7.0E-01
rs9986505	6	126445558	1.32603	A	G	0.6761	0.991308	1.18944	2.8E-01	-0.00516947	0.00594807	0.755335	3.8E-01	1.14224	2.9E-01
rs74949497	6	126812007	1.32699	A	C	0.97518	1	8.25529	4.1E-03	0.052125	0.0179208	8.46012	3.6E-03	7.62848	5.7E-03
rs9389689	6	139813632	1.50282	G	C	0.504922	0.997811	21.0005	4.6E-06	0.0255851	0.00553557	21.3624	3.8E-06	25.4532	4.5E-07
rs851978	6	152029556	1.64243	G	T	0.726311	0.996212	0.0372749	8.5E-01	-0.00213054	0.00623746	0.116671	7.3E-01	0.316411	5.7E-01
rs9365100	6	160248806	1.76828	G	A	0.98445	0.969721	50.9832	9.3E-13	-0.166964	0.0226886	54.1539	1.9E-13	54.7183	1.4E-13
rs960589	7	25823647	0.43812	A	C	0.837349	0.976235	2.17718	1.4E-01	0.0116316	0.00758617	2.3509	1.3E-01	3.04685	8.1E-02
rs12671127	7	26309246	0.44373	C	T	0.633613	0.988487	3.08135	7.9E-02	-0.0116412	0.00577565	4.06253	4.4E-02	3.84134	5.0E-02
rs2189239	7	27237453	0.453427	C	T	0.917096	0.977954	0.70274	4.0E-01	-0.00590068	0.0101869	0.335523	5.6E-01	0.289484	5.9E-01
rs13223303	7	42692711	0.680137	T	C	0.70789	0.997675	3.32098	6.8E-02	-0.0119421	0.00610001	3.83264	5.0E-02	4.19686	4.0E-02
rs71553230	7	71997829	0.893615	T	A	0.963499	0.829255	36.0823	1.9E-09	-0.0982719	0.016213	36.7394	1.4E-09	36.9203	1.2E-09
rs113296769	7	72924064	0.899614	A	G	0.980734	1	30.5325	3.3E-08	-0.112281	0.0201517	31.0448	2.5E-08	33.1691	8.4E-09
rs6966632	7	77342199	0.936905	G	T	0.502987	0.998098	1.08811	3.0E-01	-0.00619862	0.00554978	1.24749	2.6E-01	1.03206	3.1E-01
rs2470945	7	104585760	1.19835	C	A	0.596387	0.999188	0.463682	5.0E-01	0.00422445	0.00562558	0.563904	4.5E-01	0.792326	3.7E-01
rs4313084	7	114586903	1.30546	C	T	0.0829266	0.999308	0.459507	5.0E-01	-0.00816636	0.0100519	0.660027	4.2E-01	0.609872	4.3E-01
rs12154627	7	130422934	1.4017	T	C	0.506907	0.97487	44.7193	2.3E-11	-0.0369843	0.00560668	43.5135	4.2E-11	49.781	1.7E-12
rs2980478	8	8088230	0.237388	T	C	0.524982	0.963758	28.4954	9.4E-08	-0.0322614	0.0056689	32.387	1.3E-08	29.988	4.3E-08
rs13277738	8	18241507	0.434993	C	T	0.850781	0.99455	30.6065	3.2E-08	0.0431207	0.00778699	30.6643	3.1E-08	30.5351	3.3E-08
rs10085966	8	19576448	0.468197	C	T	0.520826	0.981569	31.0657	2.5E-08	-0.0307549	0.00559025	30.2669	3.8E-08	29.5233	5.5E-08
rs276	8	19814289	0.472524	T	C	0.98139	0.964355	63.5042	1.6E-15	0.16912	0.0208941	65.5153	5.8E-16	67.0463	2.7E-16
rs75835816	8	19885513	0.473283	G	C	0.983467	0.972561	100.544	1.2E-23	0.217942	0.0220462	97.7271	4.8E-23	101.334	7.8E-24
rs7815496	8	38321607	0.69461	C	T	0.597431	0.996532	4.53142	3.3E-02	0.0113071	0.00564605	4.01061	4.5E-02	5.4518	2.0E-02
rs10093418	8	72392687	0.950051	A	G	0.892444	0.978176	12.0503	5.2E-04	0.0309303	0.00898103	11.8609	5.7E-04	12.4155	4.3E-04
rs144435165	8	126419938	1.45107	G	C	0.944194	0.785853	29.0202	7.2E-08	0.0717921	0.0135948	27.8874	1.3E-07	28.2088	1.1E-07
rs2954018	8	126477153	1.45319	C	T	0.298303	0.998357	66.8079	3.0E-16	-0.0520761	0.00606065	73.8308	8.5E-18	78.7113	7.2E-19
rs2131919	9	95283887	1.12689	A	G	0.83667	0.999136	3.516	6.1E-02	0.0148328	0.00752865	3.88161	4.9E-02	4.05369	4.4E-02
rs2398893	9	96758342	1.14182	A	G	0.725421	0.999804	0.312037	5.8E-01	0.00279679	0.00622824	0.201647	6.5E-01	0.386241	5.3E-01
rs12686004	9	107653426	1.24316	G	A	0.884341	1	0.814747	3.7E-01	-0.00684332	0.00867162	0.622778	4.3E-01	1.04203	3.1E-01
rs10991414	9	107685589	1.24582	T	C	0.861068	0.989408	3.30191	6.9E-02	0.014947	0.00808373	3.41887	6.4E-02	2.06322	1.5E-01
rs73519946	9	107868862	1.24912	A	T	0.958103	0.989128	0.662517	4.2E-01	0.00905616	0.0139447	0.421767	5.2E-01	0.319822	5.7E-01
rs7096078	10	3560644	0.0740604	C	T	0.425467	0.981688	1.22901	2.7E-01	-0.00694792	0.00565377	1.5102	2.2E-01	2.13858	1.4E-01
rs2907794	10	32391109	0.603202	G	A	0.758285	0.99713	0.342268	5.6E-01	-0.00393742	0.00647649	0.36961	5.4E-01	0.409261	5.2E-01
rs2247486	10	33489594	0.609463	A	G	0.603119	0.998525	1.29395	2.6E-01	-0.00641832	0.00565301	1.28909	2.6E-01	1.12122	2.9E-01
rs12243209	10	63783406	0.859343	T	C	0.963634	0.99691	3.76677	5.2E-02	0.0291082	0.0148656	3.83413	5.0E-02	5.23968	2.2E-02
rs10995041	10	63867523	0.860298	A	C	0.754056	0.97671	0.164772	6.8E-01	0.000903875	0.00653132	0.019152	8.9E-01	0.261893	6.1E-01
rs7089698	10	65384567	0.871611	A	G	0.465243	0.998398	30.1418	4.0E-08	-0.0306656	0.00557707	30.2336	3.8E-08	32.7801	1.0E-08
rs703985	10	80940740	1.06575	A	T	0.590861	0.992524	6.97652	8.3E-03	-0.0150574	0.00566494	7.06493	7.9E-03	8.82932	3.0E-03
rs11202614	10	89755643	1.15952	C	T	0.838039	0.997476	5.23327	2.2E-02	0.0167212	0.0075591	4.89321	2.7E-02	6.34257	1.2E-02
rs10882028	10	93943900	1.2086	C	T	0.408953	0.999201	3.06132	8.0E-02	0.0104302	0.00562426	3.43916	6.4E-02	3.92635	4.8E-02
rs7917772	10	104487443	1.30576	G	A	0.367969	1	3.90092	4.8E-02	0.0132783	0.00573983	5.35165	2.1E-02	4.55786	3.3E-02
rs11596249	10	122812361	1.5266	T	G	0.911116	0.993945	4.14075	4.2E-02	0.0183427	0.00976618	3.52759	6.0E-02	3.83075	5.0E-02
rs10788149	10	122967170	1.52881	G	A	0.320548	1	6.63264	1.0E-02	-0.0152702	0.00595768	6.56956	1.0E-02	7.00053	8.1E-03
rs140201358	11	823586	0.0109832	C	G	0.986248	1	6.58477	1.0E-02	0.0653034	0.0238162	7.51843	6.1E-03	7.51745	6.1E-03
rs7932891	11	10921512	0.210707	A	G	0.294517	0.99931	5.45432	2.0E-02	-0.0126557	0.00607847	4.33494	3.7E-02	4.65431	3.1E-02
rs11029441	11	26279145	0.452845	T	C	0.920415	0.988421	8.07943	4.5E-03	0.028919	0.0103048	7.87567	5.0E-03	9.48253	2.1E-03
rs12786130	11	27505954	0.464069	C	T	0.238291	0.989196	25.2594	5.0E-07	-0.0318074	0.00654056	23.6497	1.2E-06	23.5595	1.2E-06
rs56386213	11	36291554	0.562467	A	G	0.595018	1	0.132764	7.2E-01	-0.00444033	0.00561684	0.624953	4.3E-01	1.3008	2.5E-01
rs11230796	11	61529267	0.703345	T	G	0.757492	0.978914	31.5851	1.9E-08	0.0381538	0.00653198	34.1181	5.2E-09	38.411	5.7E-10
rs174565	11	61591636	0.70404	C	G	0.873035	0.998534	86.0655	1.7E-20	0.0800137	0.0083403	92.0375	8.5E-22	94.5325	2.4E-22
rs11231137	11	62315699	0.714502	G	A	0.701274	0.997506	3.78606	5.2E-02	0.0110867	0.00605984	3.34719	6.7E-02	3.07888	7.9E-02
rs12362685	11	111478720	1.18727	A	T	0.621328	0.997217	0.463919	5.0E-01	-0.00522093	0.00572654	0.831213	3.6E-01	0.761556	3.8E-01
rs11601584	11	116571284	1.26014	T	C	0.770062	0.994722	37.8493	7.6E-10	0.0412852	0.00660818	39.0323	4.2E-10	39.908	2.7E-10
rs747249	11	130271647	1.49781	A	G	0.360849	0.986641	0.0103387	9.2E-01	0.000363959	0.00581766	0.0039139	9.5E-01	0.0682267	7.9E-01
rs10771260	12	26253557	0.45721	A	C	0.608183	0.995844	4.15553	4.1E-02	0.0122737	0.00570703	4.62518	3.2E-02	4.71108	3.0E-02
rs16915737	12	26403614	0.459048	C	T	0.928538	0.993226	0.0115588	9.1E-01	-0.00119126	0.0107747	0.0122236	9.1E-01	0.0205682	8.9E-01
rs7310959	12	45968598	0.59006	G	A	0.897555	1	18.4303	1.8E-05	0.0390145	0.00916646	18.1155	2.1E-05	18.4303	1.8E-05
rs75824359	12	54320490	0.68262	A	G	0.970266	0.973341	2.30147	1.3E-01	-0.0276317	0.0165471	2.78852	9.5E-02	4.41279	3.6E-02
rs7961915	12	66425288	0.795219	A	G	0.213926	0.943584	1.72516	1.9E-01	-0.00872324	0.00695119	1.57484	2.1E-01	1.7765	1.8E-01
rs704067	12	89726027	1.03172	G	A	0.545146	0.989595	0.27629	6.0E-01	0.00440553	0.00561674	0.615217	4.3E-01	0.593355	4.4E-01
rs7958469	12	107052620	1.26171	G	A	0.638699	0.995036	12.0828	5.1E-04	0.0206164	0.00578644	12.6941	3.7E-04	14.134	1.7E-04
rs1169809	12	121688026	1.45624	G	A	0.700971	0.994402	21.1674	4.2E-06	0.0288876	0.00607154	22.6374	2.0E-06	22.658	1.9E-06
rs139948644	12	123200016	1.46983	C	T	0.972202	0.923516	2.30844	1.3E-01	-0.0204952	0.0175217	1.3682	2.4E-01	1.85641	1.7E-01
rs11060406	12	123339117	1.47024	C	T	0.96325	0.964271	6.12307	1.3E-02	0.0375094	0.0149592	6.2873	1.2E-02	7.97686	4.7E-03
rs34149579	12	123345509	1.47026	G	T	0.947363	1	12.2727	4.6E-04	0.0433399	0.0124186	12.1796	4.8E-04	12.9599	3.2E-04
rs11613189	12	124642803	1.48018	C	T	0.627038	0.983075	3.69946	5.4E-02	-0.0105642	0.00581375	3.30184	6.9E-02	3.17744	7.5E-02
rs1045411	13	31033232	0.263482	C	T	0.7313	0.996942	3.43551	6.4E-02	-0.0139567	0.00627935	4.94009	2.6E-02	5.02953	2.5E-02
rs10507524	13	44684600	0.468128	T	C	0.907237	0.994143	0.117289	7.3E-01	0.00280115	0.00961917	0.0848006	7.7E-01	0.146892	7.0E-01
rs7334326	13	50967732	0.53896	G	C	0.858576	0.996316	2.30158	1.3E-01	0.011333	0.0079657	2.02416	1.5E-01	2.33499	1.3E-01
rs8012185	14	58668484	0.537795	A	G	0.723155	0.991197	9.41382	2.2E-03	0.0180093	0.00621499	8.39676	3.8E-03	11.0847	8.7E-04
rs1286138	14	91485445	0.882014	T	G	0.326286	0.996304	2.21635	1.4E-01	-0.00849852	0.00591721	2.06278	1.5E-01	2.91383	8.8E-02
rs2124307	14	98344662	1.02722	T	C	0.377663	0.998341	1.78941	1.8E-01	0.00720503	0.00573308	1.57941	2.1E-01	1.85832	1.7E-01
rs7402977	15	31726824	0.452929	G	A	0.733334	0.984393	0.00475276	9.5E-01	0.000632893	0.0063228	0.0100194	9.2E-01	4.82587e-05	9.9E-01
rs12437696	15	40878474	0.62928	A	G	0.51447	0.998802	5.85233	1.6E-02	-0.0133065	0.00557002	5.70713	1.7E-02	5.53626	1.9E-02
rs148470008	15	42664157	0.639986	A	G	0.980494	0.986804	33.1086	8.7E-09	0.114363	0.0202191	31.9924	1.5E-08	31.2148	2.3E-08
rs11630710	15	56364758	0.756318	G	T	0.893172	0.979091	1.87871	1.7E-01	0.0105881	0.00910698	1.35172	2.4E-01	1.10238	2.9E-01
rs12911939	15	63800065	0.876679	T	C	0.431976	0.996322	8.53132	3.5E-03	-0.0190528	0.00561537	11.5122	6.9E-04	12.1329	5.0E-04
rs762551	15	75041917	1.00314	C	A	0.274028	1	0.458226	5.0E-01	0.00298832	0.00621811	0.23096	6.3E-01	0.259504	6.1E-01
rs2401948	16	1340854	0.0338191	G	C	0.470436	0.984992	1.4085	2.4E-01	0.00699216	0.00559821	1.56	2.1E-01	1.2905	2.6E-01
rs3747577	16	4415696	0.082586	C	G	0.259467	0.988145	0.217019	6.4E-01	-0.0037717	0.00637098	0.350479	5.5E-01	0.860073	3.5E-01
rs12918743	16	11624245	0.272102	G	A	0.537734	0.991971	6.25288	1.2E-02	0.0127289	0.0055794	5.20481	2.3E-02	5.09352	2.4E-02
rs4787456	16	28559573	0.542371	C	T	0.634142	0.996921	0.652452	4.2E-01	0.0027328	0.00573224	0.227283	6.3E-01	0.474747	4.9E-01
rs10083738	16	29927702	0.553162	G	A	0.45121	0.999839	0.474404	4.9E-01	0.00318451	0.00558208	0.325457	5.7E-01	0.222012	6.4E-01
rs16952242	16	53474250	0.64336	G	A	0.697908	0.997944	0.00499374	9.4E-01	-0.000833838	0.00605456	0.018967	8.9E-01	3.44823e-06	1.0E+00
rs9937053	16	53799507	0.64597	G	A	0.577195	0.999601	0.232199	6.3E-01	-0.00212202	0.00562329	0.142403	7.1E-01	0.313534	5.8E-01
rs11866219	16	69549749	0.858341	A	C	0.415066	0.975783	21.3529	3.8E-06	-0.0252701	0.00570904	19.5924	9.6E-06	20.5276	5.9E-06
rs2550733	16	81449060	1.04439	A	G	0.430492	1	0.936776	3.3E-01	-0.00560462	0.00561603	0.995939	3.2E-01	0.96874	3.2E-01
rs2927333	16	81509279	1.0455	A	G	0.679395	0.985143	5.89854	1.5E-02	-0.012904	0.00600778	4.61338	3.2E-02	4.82061	2.8E-02
rs727428	17	7537792	0.196849	T	C	0.44291	1	0.372048	5.4E-01	-0.00368523	0.00557366	0.437169	5.1E-01	0.792488	3.7E-01
rs8075019	17	17455192	0.444844	G	A	0.875691	0.988404	6.86356	8.8E-03	0.0253992	0.0084423	9.05143	2.6E-03	11.5868	6.6E-04
rs16942379	17	21259827	0.471679	C	T	0.508165	0.995529	10.3379	1.3E-03	-0.0171659	0.00556567	9.51259	2.0E-03	10.5525	1.2E-03
rs11651639	17	27672320	0.49569	A	T	0.483934	0.999433	1.30735	2.5E-01	0.00584651	0.00554928	1.10999	2.9E-01	1.4793	2.2E-01
rs2306593	17	34866546	0.59517	C	T	0.509195	0.996584	3.13327	7.7E-02	-0.0101743	0.00555748	3.3516	6.7E-02	4.20057	4.0E-02
rs55883500	17	40395267	0.664304	T	G	0.691334	0.998762	3.31583	6.9E-02	0.011864	0.0060042	3.9044	4.8E-02	5.36364	2.1E-02
rs56328224	17	43572419	0.687192	C	T	0.774992	0.995527	0.93558	3.3E-01	0.00645214	0.00667863	0.933324	3.3E-01	0.928317	3.4E-01
rs11871767	17	61698723	0.887174	A	G	0.724045	0.995857	2.63203	1.0E-01	0.00959663	0.00622963	2.37308	1.2E-01	2.23774	1.3E-01
rs7225826	17	67574721	0.971804	C	T	0.325119	0.997806	1.17209	2.8E-01	0.00495609	0.00592063	0.700715	4.0E-01	0.766195	3.8E-01
rs312757	17	68347701	0.983463	C	G	0.322951	0.991143	0.986532	3.2E-01	-0.00590493	0.00595597	0.982936	3.2E-01	1.6582	2.0E-01
rs3810068	18	2846499	0.0738566	T	C	0.595452	1	6.81438	9.0E-03	-0.01125	0.00564011	3.97861	4.6E-02	4.14603	4.2E-02
rs4890429	18	40697481	0.611694	T	C	0.738773	0.995191	2.26461	1.3E-01	-0.0112229	0.00634185	3.13168	7.7E-02	3.4611	6.3E-02
rs357900	18	46585235	0.687097	T	A	0.110184	0.998906	0.569802	4.5E-01	0.00306646	0.00885287	0.119979	7.3E-01	0.0823433	7.7E-01
rs3897645	18	57728947	0.82135	T	C	0.443585	1	0.518636	4.7E-01	-0.00526722	0.00561218	0.880843	3.5E-01	1.50697	2.2E-01
rs2331933	18	57955945	0.822668	T	G	0.652214	0.979252	0.633213	4.3E-01	0.00524072	0.00590336	0.788103	3.7E-01	0.568804	4.5E-01
rs12979965	19	2131148	0.0753026	A	G	0.499935	0.991113	0.0200432	8.9E-01	-0.000376162	0.00556158	0.00457459	9.5E-01	0.0448511	8.3E-01
rs2240702	19	4159873	0.144523	A	G	0.883396	0.986669	3.99021	4.6E-02	0.0188096	0.00866231	4.71512	3.0E-02	3.43679	6.4E-02
rs1799815	19	7125519	0.224812	G	A	0.932212	1	5.41071	2.0E-02	-0.0242992	0.0109987	4.88089	2.7E-02	5.94983	1.5E-02
rs35555265	19	17152232	0.420672	C	T	0.803227	0.993265	4.94094	2.6E-02	-0.015844	0.0069823	5.1491	2.3E-02	4.09152	4.3E-02
rs72999466	19	18248499	0.447893	C	T	0.742123	0.99893	0.818964	3.7E-01	0.0040283	0.00633217	0.404705	5.2E-01	0.483023	4.9E-01
rs1423056	19	33780444	0.560699	G	A	0.681795	0.903762	0.133388	7.1E-01	0.00224254	0.00626727	0.128033	7.2E-01	0.208267	6.5E-01
rs113504807	19	33787954	0.561506	C	T	0.951238	0.934153	0.000105596	9.9E-01	-0.000290247	0.0132859	0.000477255	9.8E-01	0.00185572	9.7E-01
rs544964	19	37409561	0.616104	A	G	0.417229	0.998743	0.000183092	9.9E-01	-0.00123591	0.00563176	0.0481598	8.3E-01	0.0420771	8.4E-01
rs62115552	19	44610355	0.688364	A	G	0.960207	1	33.2218	8.2E-09	0.0807208	0.0144726	31.1084	2.4E-08	31.867	1.7E-08
rs28399637	19	45324138	0.704609	G	A	0.684756	1	88.6091	4.8E-21	-0.0576871	0.00597316	93.2716	4.6E-22	94.7864	2.1E-22
rs35068131	19	55983854	0.996203	T	C	0.534309	0.942965	1.57288	2.1E-01	-0.0075773	0.00571684	1.75677	1.9E-01	1.05558	3.0E-01
rs151235402	20	569164	0.0196907	C	T	0.984757	0.956324	11.2061	8.2E-04	0.0773526	0.0232879	11.0329	9.0E-04	12.4617	4.2E-04
rs805769	20	5667459	0.191037	T	C	0.595306	0.99253	0.0867813	7.7E-01	0.00318657	0.00567432	0.31537	5.7E-01	0.467654	4.9E-01
rs2207132	20	39142516	0.589709	G	A	0.966685	1	13.5071	2.4E-04	0.0562367	0.0154533	13.2434	2.7E-04	17.5574	2.8E-05
rs3091552	20	45440006	0.689385	C	G	0.264162	0.950692	1.551	2.1E-01	-0.00814944	0.00644198	1.60036	2.1E-01	1.11877	2.9E-01
rs1999536	20	45581777	0.691337	G	C	0.430706	0.994672	5.23352	2.2E-02	-0.0115104	0.00561379	4.20404	4.0E-02	4.11755	4.2E-02
rs1206829	20	45762552	0.696622	A	G	0.446378	0.998025	0.101617	7.5E-01	0.0038997	0.00557953	0.488503	4.8E-01	0.547878	4.6E-01
rs6063779	20	50964151	0.79129	A	G	0.716728	0.997749	2.25374	1.3E-01	-0.00984086	0.0061605	2.55173	1.1E-01	3.72317	5.4E-02
rs28710106	20	51712678	0.801721	C	T	0.889914	0.997611	1.76145	1.8E-01	0.0106344	0.00888605	1.43221	2.3E-01	1.21799	2.7E-01
rs6090040	20	62692060	1.09656	A	C	0.479429	0.988701	22.0343	2.7E-06	-0.0259895	0.00558334	21.6674	3.2E-06	22.1592	2.5E-06
rs66836452	21	33058743	0.322744	C	T	0.898206	0.995819	1.96386	1.6E-01	0.0104688	0.00919977	1.29492	2.6E-01	0.782412	3.8E-01
rs2836139	21	39451403	0.432375	A	G	0.514897	0.9942	0.210761	6.5E-01	-0.000530955	0.00559033	0.00902072	9.2E-01	0.0817132	7.7E-01
rs9625551	22	29140529	0.338663	G	A	0.979191	0.995212	0.872413	3.5E-01	0.0205864	0.0194189	1.12386	2.9E-01	1.59261	2.1E-01
