SNP	CHR	BP	GENPOS	ALLELE1	ALLELE0	A1FREQ	INFO	CHISQ_LINREG	P_LINREG	BETA	SE	CHISQ_BOLT_LMM_INF	P_BOLT_LMM_INF	CHISQ_BOLT_LMM	P_BOLT_LMM
rs1294014	1	9325676	0.18921	C	T	0.732088	0.974098	3.09466	7.9E-02	-0.0121341	0.00645993	3.52827	6.0E-02	3.60765	5.8E-02
rs1294014	1	9325676	0.18921	C	T	0.732088	0.974098	3.09466	7.9E-02	-0.0121341	0.00645993	3.52827	6.0E-02	3.60765	5.8E-02
rs10753554	1	23619009	0.461644	T	C	0.260317	0.989627	3.21638	7.3E-02	-0.0112256	0.00645371	3.02552	8.2E-02	2.98963	8.4E-02
rs72663503	1	39969059	0.670152	C	T	0.771573	0.996098	3.9805	4.6E-02	0.0144752	0.00671437	4.64774	3.1E-02	4.94753	2.6E-02
rs657452	1	49589847	0.760469	A	G	0.390779	0.988645	1.08924	3.0E-01	0.00700517	0.00578079	1.46846	2.3E-01	0.922611	3.4E-01
rs9436299	1	65892888	0.967508	C	A	0.325082	0.970882	1.50526	2.2E-01	0.00760703	0.00610712	1.55152	2.1E-01	2.13721	1.4E-01
rs1526480	1	91209986	1.21385	T	C	0.625038	1	5.1874	2.3E-02	-0.0129932	0.00583812	4.95323	2.6E-02	4.61181	3.2E-02
rs4375301	1	98298371	1.27828	A	G	0.767662	0.993807	0.133755	7.1E-01	0.00232282	0.00670368	0.120062	7.3E-01	0.145931	7.0E-01
rs3108680	1	107572997	1.35724	T	C	0.652386	0.999501	3.04177	8.1E-02	-0.0107077	0.00595375	3.23455	7.2E-02	1.96814	1.6E-01
rs4970824	1	109715950	1.38587	G	A	0.928233	0.973386	51.5156	7.1E-13	0.0804935	0.0110626	52.9427	3.4E-13	54.7344	1.4E-13
rs79868705	1	109815074	1.38704	G	A	0.959195	0.986899	33.1314	8.6E-09	0.0812904	0.0143687	32.0068	1.5E-08	33.788	6.1E-09
rs115499511	1	119322589	1.50902	T	C	0.963678	0.975965	0.163382	6.9E-01	-0.00517342	0.0152196	0.115545	7.3E-01	0.133583	7.1E-01
rs114056923	1	154868744	1.69777	T	C	0.966966	1	0.215884	6.4E-01	-0.00895025	0.0158209	0.320043	5.7E-01	0.231877	6.3E-01
rs17345893	1	170171874	1.91645	C	T	0.933651	0.998406	5.71623	1.7E-02	0.0260156	0.0113205	5.28124	2.2E-02	5.17952	2.3E-02
rs1953096	1	170318770	1.91758	G	A	0.762782	0.999479	0.524181	4.7E-01	0.00497118	0.00664736	0.55927	4.5E-01	0.225257	6.4E-01
rs6697844	1	172308238	1.93873	C	T	0.56798	0.996349	3.06967	8.0E-02	-0.0102131	0.00567184	3.24242	7.2E-02	3.43383	6.4E-02
rs633715	1	177852580	1.98813	T	C	0.789275	1	3.13488	7.7E-02	0.0120052	0.00692155	3.00838	8.3E-02	2.80619	9.4E-02
rs11807331	1	196427811	2.14315	T	C	0.684298	0.996378	0.688607	4.1E-01	0.00469532	0.00606405	0.599522	4.4E-01	0.841411	3.6E-01
rs11240351	1	205044339	2.25371	A	G	0.594795	0.998205	0.354306	5.5E-01	-0.00353742	0.00573841	0.380005	5.4E-01	0.397798	5.3E-01
rs61823192	1	219294570	2.43535	C	T	0.971468	0.90297	0.00872796	9.3E-01	-0.00301832	0.0177879	0.0287928	8.7E-01	0.0386957	8.4E-01
rs77278027	1	219392230	2.43543	C	T	0.93823	0.976746	0.66187	4.2E-01	-0.00976299	0.0118442	0.679446	4.1E-01	0.357189	5.5E-01
rs6683741	1	219786717	2.43742	T	G	0.861853	0.991403	0.780861	3.8E-01	-0.00767067	0.00818444	0.878392	3.5E-01	0.487748	4.8E-01
rs661955	1	234842856	2.62186	G	C	0.481801	0.978806	33.8818	5.9E-09	-0.0328263	0.00569366	33.24	8.1E-09	36.2813	1.7E-09
rs62106252	2	408713	0.00503892	G	A	0.950832	0.955734	2.92082	8.7E-02	-0.0214352	0.013299	2.59784	1.1E-01	2.56075	1.1E-01
rs2867105	2	601905	0.00766081	T	G	0.178655	0.986439	8.09431e-05	9.9E-01	-0.000958487	0.00741022	0.0167305	9.0E-01	0.000719444	9.8E-01
rs711869	2	13073967	0.297329	G	A	0.443249	0.983109	0.18726	6.7E-01	-0.00188821	0.00572018	0.108964	7.4E-01	0.00677544	9.3E-01
rs144545816	2	21413077	0.420543	G	A	0.71544	0.993104	87.0416	1.1E-20	-0.0590735	0.00627127	88.7309	4.5E-21	94.2334	2.8E-22
rs7933	2	43452183	0.682402	A	G	0.634849	0.981779	2.6652	1.0E-01	-0.00936068	0.00589841	2.51852	1.1E-01	2.02935	1.5E-01
rs56266464	2	44054991	0.686489	G	A	0.939556	0.986548	56.2405	6.4E-14	0.0916189	0.0119205	59.0715	1.5E-14	58.7393	1.8E-14
rs36072157	2	48953740	0.765134	G	C	0.658175	0.956087	2.51588	1.1E-01	-0.00999662	0.00606564	2.71615	9.9E-02	2.6999	1.0E-01
rs6546196	2	66144496	0.916561	G	A	0.525101	0.993792	0.00584661	9.4E-01	-0.000733068	0.00566867	0.0167234	9.0E-01	0.000496986	9.8E-01
rs4316926	2	66749108	0.924328	G	A	0.396567	0.99766	5.16853	2.3E-02	0.0129562	0.0057679	5.04571	2.5E-02	7.37866	6.6E-03
rs2170702	2	67571130	0.937008	T	C	0.545622	0.996677	1.52313	2.2E-01	0.00714452	0.00568972	1.57675	2.1E-01	1.58514	2.1E-01
rs12712049	2	100208830	1.21955	A	G	0.176674	0.985519	0.0235406	8.8E-01	-0.00222435	0.00742951	0.0896368	7.6E-01	0.0143855	9.0E-01
rs72946301	2	111861838	1.33125	G	A	0.903863	0.964859	0.458147	5.0E-01	-0.00826123	0.00973582	0.72002	4.0E-01	0.509239	4.8E-01
rs7593247	2	119337589	1.3956	C	T	0.503784	0.990163	0.432612	5.1E-01	0.00341163	0.00566001	0.363319	5.5E-01	0.521963	4.7E-01
rs114666647	2	158393301	1.76187	T	C	0.987759	1	3.03482	8.1E-02	-0.0436247	0.0256467	2.89336	8.9E-02	3.07424	8.0E-02
rs11899550	2	158451825	1.76314	C	T	0.92902	0.994523	0.945965	3.3E-01	0.0109019	0.0109727	0.987135	3.2E-01	0.909397	3.4E-01
rs62173895	2	165477903	1.81419	G	C	0.329951	0.997788	5.02775	2.5E-02	-0.011985	0.00602169	3.96132	4.7E-02	3.51661	6.1E-02
rs3769872	2	165565548	1.81514	C	T	0.941933	0.997539	0.403284	5.3E-01	0.0086924	0.0120828	0.517538	4.7E-01	0.411627	5.2E-01
rs115283512	2	172379649	1.89769	C	T	0.817449	0.996247	0.149077	7.0E-01	0.00235198	0.00731853	0.103281	7.5E-01	0.0512721	8.2E-01
rs62173497	2	187821910	2.04064	C	A	0.889372	0.96522	1.47138	2.3E-01	-0.0116578	0.00912949	1.63057	2.0E-01	1.91833	1.7E-01
rs1837121	2	216292331	2.28555	G	A	0.273406	0.99918	1.78223	1.8E-01	-0.00960775	0.00632776	2.30538	1.3E-01	2.60946	1.1E-01
rs16857748	2	218382258	2.32414	C	T	0.903272	0.999764	0.0275219	8.7E-01	0.00207774	0.00954156	0.0474181	8.3E-01	0.00588649	9.4E-01
rs16866785	2	226899056	2.44178	A	G	0.775296	0.992487	1.48176	2.2E-01	-0.0086036	0.00677706	1.61168	2.0E-01	1.01635	3.1E-01
rs305506	3	12026709	0.296805	G	T	0.113563	0.992655	1.55251	2.1E-01	0.0119631	0.00892735	1.79573	1.8E-01	2.29947	1.3E-01
rs114252958	3	12409938	0.29797	C	T	0.982978	0.956617	1.7556	1.9E-01	0.0279542	0.0223688	1.56174	2.1E-01	1.53989	2.1E-01
rs13086654	3	35532275	0.595296	G	A	0.863267	0.996625	0.0820515	7.7E-01	-0.00176071	0.00818367	0.0462891	8.3E-01	0.141419	7.1E-01
rs11926707	3	46925539	0.687568	T	C	0.379143	0.985514	0.966168	3.3E-01	-0.00559612	0.00583575	0.919562	3.4E-01	0.717889	4.0E-01
rs614288	3	52220203	0.695484	T	C	0.466765	1	0.381199	5.4E-01	-0.00401784	0.00563632	0.508152	4.8E-01	0.596104	4.4E-01
rs11718560	3	64584862	0.868956	C	T	0.731847	0.985124	0.509119	4.8E-01	-0.00445849	0.00640048	0.485234	4.9E-01	0.4558	5.0E-01
rs4688498	3	64674599	0.871028	C	T	0.669682	0.985151	2.65616	1.0E-01	-0.00981118	0.00603613	2.64196	1.0E-01	3.05229	8.1E-02
rs9872683	3	123155892	1.35844	A	C	0.408022	0.993775	0.766352	3.8E-01	-0.0050129	0.00574165	0.762263	3.8E-01	1.11211	2.9E-01
rs62265318	3	128752986	1.42297	G	A	0.965093	0.926921	0.0089164	9.2E-01	0.003589	0.0159259	0.0507855	8.2E-01	0.00119524	9.7E-01
rs143418767	3	129105690	1.42548	G	A	0.980767	0.944053	3.78051	5.2E-02	0.0434294	0.0211381	4.22121	4.0E-02	4.44104	3.5E-02
rs112551697	3	150018637	1.64271	G	A	0.96554	0.928479	0.00368121	9.5E-01	0.00347423	0.0159798	0.0472687	8.3E-01	3.08105e-05	1.0E+00
rs7617389	3	156801088	1.71237	T	C	0.32586	0.969927	1.29242	2.6E-01	-0.00680679	0.00611715	1.23819	2.7E-01	1.674	2.0E-01
rs998749	3	168972802	1.77947	A	G	0.517178	0.992407	1.19972	2.7E-01	-0.00452879	0.00564767	0.643023	4.2E-01	0.357471	5.5E-01
rs1499813	3	171760427	1.8208	T	C	0.587431	1	1.23784	2.7E-01	-0.00705911	0.00574867	1.50787	2.2E-01	1.83876	1.8E-01
rs11705729	3	185507299	2.01659	A	T	0.6869	0.999805	0.00601909	9.4E-01	-0.000608151	0.00607574	0.010019	9.2E-01	0.000609674	9.8E-01
rs7697256	4	848335	0.00782825	C	T	0.727433	0.999147	0.387647	5.3E-01	0.00374388	0.00632626	0.350228	5.5E-01	0.917011	3.4E-01
rs7659144	4	3098321	0.0324978	C	G	0.656231	0.995037	0.162249	6.9E-01	0.00285226	0.00593025	0.23133	6.3E-01	0.435486	5.1E-01
rs4450871	4	4990298	0.0879764	A	G	0.554775	1	2.21232	1.4E-01	0.00834603	0.00567938	2.15952	1.4E-01	2.37247	1.2E-01
rs1912897	4	26006133	0.455942	A	T	0.79303	0.98817	0.00224236	9.6E-01	-0.000467168	0.00700049	0.00445338	9.5E-01	0.0675711	7.9E-01
rs17644283	4	26308792	0.461396	A	G	0.370735	0.99507	0.506169	4.8E-01	-0.00411698	0.0058588	0.493786	4.8E-01	0.904305	3.4E-01
rs11133373	4	56215631	0.730194	C	G	0.682789	0.992346	2.08909	1.5E-01	-0.00909358	0.00608492	2.23337	1.4E-01	2.1553	1.4E-01
rs3775403	4	89615174	1.04851	T	C	0.869029	0.98982	0.316387	5.7E-01	0.00340845	0.00840228	0.164559	6.8E-01	0.090477	7.6E-01
rs17014616	4	89736565	1.04925	A	T	0.931087	0.996962	1.12144	2.9E-01	-0.0103742	0.0111359	0.867883	3.5E-01	0.272517	6.0E-01
rs12647922	4	106063987	1.17944	C	T	0.794569	0.998343	1.16313	2.8E-01	-0.00737938	0.00697262	1.12007	2.9E-01	1.29882	2.5E-01
rs7655064	4	120106348	1.31331	T	C	0.875314	0.995692	2.06163	1.5E-01	0.012021	0.00853269	1.98476	1.6E-01	1.90757	1.7E-01
rs11727676	4	145659064	1.53853	T	C	0.903374	1	1.35634	2.4E-01	-0.0107799	0.00955451	1.27296	2.6E-01	1.59399	2.1E-01
rs13178917	5	4007353	0.10142	C	T	0.551974	0.99437	0.0129982	9.1E-01	0.00011254	0.00565665	0.000395819	9.8E-01	0.117905	7.3E-01
rs3792751	5	32773314	0.512212	C	T	0.626583	0.990118	0.0613375	8.0E-01	0.00131906	0.00584716	0.0508908	8.2E-01	0.0601487	8.1E-01
rs17457629	5	38795199	0.597633	A	T	0.728239	0.988005	1.10388	2.9E-01	0.00743161	0.00636856	1.36171	2.4E-01	1.62155	2.0E-01
rs2448	5	53302354	0.644969	T	C	0.737842	0.999532	1.09708	2.9E-01	-0.00686869	0.00642024	1.14458	2.8E-01	1.19777	2.7E-01
rs1559215	5	54867827	0.667887	G	A	0.339397	0.996823	0.0515072	8.2E-01	0.00102528	0.00596975	0.0294968	8.6E-01	0.000343248	9.9E-01
rs11949724	5	55832217	0.681021	G	A	0.635455	1	0.159143	6.9E-01	-0.00242099	0.00587294	0.169932	6.8E-01	0.327981	5.7E-01
rs1002473	5	56274077	0.686309	T	G	0.206197	0.999836	0.575629	4.5E-01	0.00573979	0.00698579	0.675088	4.1E-01	0.905045	3.4E-01
rs34697	5	66298637	0.77068	A	G	0.432612	0.987874	0.389155	5.3E-01	-0.00340658	0.00573204	0.353198	5.5E-01	0.764926	3.8E-01
rs253407	5	74926778	0.860943	A	G	0.275724	1	27.2129	1.8E-07	0.0332575	0.00630918	27.7864	1.4E-07	30.4421	3.4E-08
rs6870983	5	87697533	1.01437	C	T	0.787184	0.995128	0.0859365	7.7E-01	-0.00248996	0.00688712	0.13071	7.2E-01	0.0993173	7.5E-01
rs27361	5	102548967	1.1092	G	A	0.700242	0.998319	0.540086	4.6E-01	0.00484936	0.00615676	0.62039	4.3E-01	0.883007	3.5E-01
rs34864074	5	112875535	1.20089	A	C	0.809873	0.995669	1.22711	2.7E-01	0.00814702	0.00723085	1.26946	2.6E-01	1.38583	2.4E-01
rs10519585	5	118676529	1.27446	T	C	0.712535	0.977148	0.00576415	9.4E-01	0.00124421	0.00628948	0.0391342	8.4E-01	0.0252089	8.7E-01
rs4705986	5	132349654	1.39065	T	G	0.937241	0.978165	0.103789	7.5E-01	0.00414365	0.0117547	0.124263	7.2E-01	0.231069	6.3E-01
rs33999	5	141973349	1.48937	C	G	0.612065	0.9834	0.437842	5.1E-01	-0.00336325	0.00581769	0.334208	5.6E-01	0.322518	5.7E-01
rs10477191	5	142077715	1.49476	A	G	0.950886	0.911257	0.433626	5.1E-01	-0.0112039	0.0137145	0.667382	4.1E-01	0.417104	5.2E-01
rs10062458	5	156367092	1.66277	T	C	0.34782	0.985353	36.567	1.5E-09	-0.0351606	0.00592684	35.1938	3.0E-09	36.513	1.5E-09
rs72846967	5	171849098	1.88961	A	G	0.706231	0.999429	1.28921	2.6E-01	-0.0072899	0.00618844	1.38766	2.4E-01	1.23713	2.7E-01
rs2053681	5	172746086	1.91113	A	G	0.485601	0.912476	0.47143	4.9E-01	-0.00451668	0.00591548	0.582987	4.5E-01	0.896103	3.4E-01
rs201058	6	6726017	0.180973	A	G	0.438993	0.99583	5.13502e-07	1.0E+00	0.000381083	0.00568315	0.00449637	9.5E-01	0.0714703	7.9E-01
rs2326776	6	6761881	0.18302	G	A	0.790616	0.988382	0.742948	3.9E-01	-0.00650962	0.00696321	0.873962	3.5E-01	1.07649	3.0E-01
rs7751325	6	7209132	0.195952	C	T	0.550375	0.99847	2.31433	1.3E-01	0.00851324	0.00567389	2.25128	1.3E-01	2.4895	1.1E-01
rs17584626	6	20560435	0.409936	A	T	0.687051	0.984667	0.247708	6.2E-01	-0.00264138	0.00611997	0.186278	6.7E-01	0.44779	5.0E-01
rs114376405	6	30770701	0.507083	G	A	0.988554	0.994696	4.46458	3.5E-02	-0.0587753	0.026569	4.89372	2.7E-02	4.60179	3.2E-02
rs3094225	6	31113052	0.510178	G	A	0.26968	0.999821	3.67492	5.5E-02	-0.0127455	0.00636127	4.01443	4.5E-02	4.4142	3.6E-02
rs9267989	6	32219320	0.51869	G	T	0.79171	0.999726	0.105206	7.5E-01	-0.0026742	0.00691887	0.149388	7.0E-01	0.290299	5.9E-01
rs181133225	6	32454764	0.520293	T	C	0.893444	0.778953	0.450136	5.0E-01	0.00613134	0.0102893	0.35509	5.5E-01	0.0883006	7.7E-01
rs117108573	6	32489679	0.520303	C	T	0.921405	0.866866	0.232811	6.3E-01	0.00499997	0.0111822	0.19993	6.5E-01	0.008275	9.3E-01
rs142779375	6	34165351	0.545713	T	G	0.952718	0.997081	3.35595	6.7E-02	-0.0245582	0.0132781	3.42074	6.4E-02	4.69063	3.0E-02
rs1574430	6	43269029	0.669727	A	C	0.391321	0.999399	1.90427	1.7E-01	0.00797508	0.00577481	1.90719	1.7E-01	1.74468	1.9E-01
rs9381248	6	43734606	0.675407	C	T	0.87836	0.993046	0.584841	4.4E-01	-0.00538264	0.00865801	0.386504	5.3E-01	0.249681	6.2E-01
rs35349911	6	43785255	0.678849	C	T	0.409597	0.97009	0.687217	4.1E-01	-0.00481382	0.00582996	0.681786	4.1E-01	0.691977	4.1E-01
rs10452561	6	80805796	0.920872	T	C	0.874288	0.991795	0.000131631	9.9E-01	0.000512644	0.00851181	0.00362733	9.5E-01	0.0311247	8.6E-01
rs1902066	6	81346033	0.922431	T	C	0.437575	0.991679	7.75612e-05	9.9E-01	-0.000318706	0.00570871	0.00311677	9.6E-01	0.000622661	9.8E-01
rs6924944	6	100597579	1.0811	A	T	0.245827	0.981159	1.70783	1.9E-01	0.00907973	0.0066251	1.87829	1.7E-01	1.32814	2.5E-01
rs72969772	6	126187585	1.32503	A	G	0.980332	1	0.829506	3.6E-01	-0.0198778	0.0203575	0.953428	3.3E-01	0.385327	5.3E-01
rs9986505	6	126445558	1.32603	A	G	0.6761	0.991308	0.820577	3.7E-01	0.00542448	0.00604775	0.804503	3.7E-01	0.599097	4.4E-01
rs74949497	6	126812007	1.32699	A	C	0.97518	1	0.0595908	8.1E-01	0.0027271	0.0182211	0.0224002	8.8E-01	0.0350606	8.5E-01
rs9389689	6	139813632	1.50282	G	C	0.504922	0.997811	3.50251	6.1E-02	-0.0107016	0.00562833	3.61526	5.7E-02	2.77559	9.6E-02
rs851978	6	152029556	1.64243	G	T	0.726311	0.996212	6.7528	9.4E-03	-0.0145938	0.00634199	5.29522	2.1E-02	6.86715	8.8E-03
rs998075	6	160468278	1.77084	A	G	0.53429	0.994008	37.0815	1.1E-09	0.0341293	0.00568013	36.1027	1.9E-09	36.4288	1.6E-09
rs960589	7	25823647	0.43812	A	C	0.837349	0.976235	0.024147	8.8E-01	0.00252783	0.00770838	0.10754	7.4E-01	0.277942	6.0E-01
rs12671127	7	26309246	0.44373	C	T	0.633613	0.988487	0.00546723	9.4E-01	-3.14812e-05	0.0058687	2.87752e-05	1.0E+00	0.0424585	8.4E-01
rs2189239	7	27237453	0.453427	C	T	0.917096	0.977954	0.915126	3.4E-01	-0.00910079	0.010351	0.773028	3.8E-01	0.854905	3.6E-01
rs13223303	7	42692711	0.680137	T	C	0.70789	0.997675	0.144184	7.0E-01	-0.00207598	0.00619828	0.112177	7.4E-01	0.0164648	9.0E-01
rs2240466	7	72856269	0.899612	G	A	0.874914	1	0.0761689	7.8E-01	-0.00344004	0.00850812	0.163478	6.9E-01	0.365813	5.5E-01
rs72649044	7	73029207	0.899737	C	T	0.966833	0.988652	0.266659	6.1E-01	-0.00693552	0.0157786	0.193206	6.6E-01	0.509944	4.8E-01
rs6966632	7	77342199	0.936905	G	T	0.502987	0.998098	1.56732	2.1E-01	-0.00828509	0.00563918	2.15855	1.4E-01	1.98935	1.6E-01
rs2470945	7	104585760	1.19835	C	A	0.596387	0.999188	2.30672	1.3E-01	0.0090614	0.00571621	2.51289	1.1E-01	2.79767	9.4E-02
rs4313084	7	114586903	1.30546	C	T	0.0829266	0.999308	0.179006	6.7E-01	-0.00343775	0.0102138	0.113285	7.4E-01	0.0965805	7.6E-01
rs12154627	7	130422934	1.4017	T	C	0.506907	0.97487	1.77341	1.8E-01	0.00728544	0.005697	1.63538	2.0E-01	1.39415	2.4E-01
rs4841132	8	9183596	0.25181	A	G	0.0911363	1	31.3778	2.1E-08	-0.0548697	0.00983313	31.1374	2.4E-08	33.248	8.1E-09
rs7844736	8	23551671	0.545238	A	G	0.828827	1	0.487122	4.9E-01	-0.00459558	0.0074938	0.376078	5.4E-01	0.0219235	8.8E-01
rs310289	8	23610756	0.545792	C	T	0.760888	0.994537	4.99155	2.5E-02	0.0141988	0.00663596	4.57822	3.2E-02	3.67249	5.5E-02
rs11992444	8	25464690	0.565812	G	T	0.49058	1	7.01064	8.1E-03	-0.0138132	0.00562463	6.03114	1.4E-02	5.60922	1.8E-02
rs6984017	8	25732287	0.571347	G	A	0.704196	0.98891	0.891204	3.5E-01	-0.0061031	0.00620286	0.968092	3.3E-01	1.64402	2.0E-01
rs7815496	8	38321607	0.69461	C	T	0.597431	0.996532	2.44189	1.2E-01	-0.00984156	0.00574292	2.93672	8.7E-02	2.03321	1.5E-01
rs10093418	8	72392687	0.950051	A	G	0.892444	0.978176	0.0776382	7.8E-01	-0.00284865	0.00913511	0.0972412	7.6E-01	0.0751306	7.8E-01
rs144435165	8	126419938	1.45107	G	C	0.944194	0.785853	4.56884	3.3E-02	-0.0329136	0.013828	5.66539	1.7E-02	5.99401	1.4E-02
rs283727	8	128313360	1.48991	G	A	0.465104	0.977161	5.18026e-05	9.9E-01	-0.000658584	0.00573044	0.0132083	9.1E-01	0.177488	6.7E-01
rs2131919	9	95283887	1.12689	A	G	0.83667	0.999136	0.973189	3.2E-01	-0.00773099	0.00764813	1.02178	3.1E-01	1.63523	2.0E-01
rs2398893	9	96758342	1.14182	A	G	0.725421	0.999804	1.15681	2.8E-01	0.00852526	0.00632708	1.81555	1.8E-01	1.95049	1.6E-01
rs12686004	9	107653426	1.24316	G	A	0.884341	1	9.8929	1.7E-03	0.0289482	0.00880925	10.7986	1.0E-03	11.3511	7.5E-04
rs10991414	9	107685589	1.24582	T	C	0.861068	0.989408	0.00343188	9.5E-01	0.000159249	0.00821202	0.000376058	9.8E-01	0.0659429	8.0E-01
rs73519946	9	107868862	1.24912	A	T	0.958103	0.989128	7.39143	6.6E-03	0.038395	0.014166	7.34611	6.7E-03	7.64906	5.7E-03
rs687621	9	136137065	1.66206	A	G	0.681622	1	41.7466	1.0E-10	-0.03935	0.00605029	42.2997	7.8E-11	43.3585	4.6E-11
rs7096078	10	3560644	0.0740604	C	T	0.425467	0.981688	0.0750998	7.8E-01	-0.000968078	0.00574451	0.0283998	8.7E-01	0.120676	7.3E-01
rs2907794	10	32391109	0.603202	G	A	0.758285	0.99713	1.4721	2.3E-01	0.0072055	0.00658043	1.199	2.7E-01	0.487595	4.9E-01
rs2247486	10	33489594	0.609463	A	G	0.603119	0.998525	0.340235	5.6E-01	0.00234074	0.00574374	0.16608	6.8E-01	0.197528	6.6E-01
rs12243209	10	63783406	0.859343	T	C	0.963634	0.99691	0.110692	7.4E-01	-0.00411874	0.0151042	0.0743595	7.9E-01	0.00114257	9.7E-01
rs10995041	10	63867523	0.860298	A	C	0.754056	0.97671	0.622066	4.3E-01	-0.0059756	0.00663615	0.810832	3.7E-01	0.40485	5.2E-01
rs7089698	10	65384567	0.871611	A	G	0.465243	0.998398	4.16318	4.1E-02	-0.0107725	0.00566658	3.61402	5.7E-02	5.14031	2.3E-02
rs703985	10	80940740	1.06575	A	T	0.590861	0.992524	0.0132576	9.1E-01	0.00133974	0.00575586	0.0541779	8.2E-01	0.0101485	9.2E-01
rs11202614	10	89755643	1.15952	C	T	0.838039	0.997476	0.727258	3.9E-01	-0.00722783	0.00768042	0.885618	3.5E-01	0.550822	4.6E-01
rs10882028	10	93943900	1.2086	C	T	0.408953	0.999201	0.137681	7.1E-01	0.00117314	0.00571452	0.0421446	8.4E-01	0.153448	7.0E-01
rs7917772	10	104487443	1.30576	G	A	0.367969	1	5.03364	2.5E-02	0.0131438	0.00583195	5.07945	2.4E-02	6.0921	1.4E-02
rs11596249	10	122812361	1.5266	T	G	0.911116	0.993945	0.744308	3.9E-01	-0.00868952	0.00992292	0.766854	3.8E-01	0.659322	4.2E-01
rs10788149	10	122967170	1.52881	G	A	0.320548	1	0.607754	4.4E-01	-0.00441427	0.0060533	0.531782	4.7E-01	0.584276	4.4E-01
rs140201358	11	823586	0.0109832	C	G	0.986248	1	0.524198	4.7E-01	-0.0182686	0.0241968	0.570027	4.5E-01	0.370803	5.4E-01
rs7932891	11	10921512	0.210707	A	G	0.294517	0.99931	1.08931	3.0E-01	-0.00500389	0.0061756	0.656535	4.2E-01	1.43104	2.3E-01
rs11029441	11	26279145	0.452845	T	C	0.920415	0.988421	1.26709	2.6E-01	-0.0107556	0.0104695	1.0554	3.0E-01	0.574527	4.5E-01
rs12786130	11	27505954	0.464069	C	T	0.238291	0.989196	3.37534	6.6E-02	-0.011328	0.00664508	2.90609	8.8E-02	2.54117	1.1E-01
rs56386213	11	36291554	0.562467	A	G	0.595018	1	0.267382	6.1E-01	-0.00311349	0.00570659	0.297673	5.9E-01	0.364761	5.5E-01
rs174528	11	61543499	0.703973	T	C	0.623454	0.995598	83.9369	5.1E-20	0.0532578	0.00582886	83.483	6.4E-20	94.356	2.6E-22
rs11231137	11	62315699	0.714502	G	A	0.701274	0.997506	0.0413963	8.4E-01	-0.00165864	0.00615668	0.0725793	7.9E-01	0.224053	6.4E-01
rs61881114	11	68996697	0.758653	C	T	0.848445	0.991928	6.49061	1.1E-02	0.0188775	0.00786629	5.75902	1.6E-02	5.90287	1.5E-02
rs12362685	11	111478720	1.18727	A	T	0.621328	0.997217	0.007752	9.3E-01	0.000627125	0.00581805	0.0116186	9.1E-01	0.0261948	8.7E-01
rs1003081	11	118913993	1.29361	C	T	0.544862	0.993306	0.0447233	8.3E-01	0.000947565	0.00567129	0.0279161	8.7E-01	0.0410837	8.4E-01
rs579682	11	122014110	1.35175	C	T	0.283365	0.991186	0.0160812	9.0E-01	0.00134807	0.00628269	0.0460397	8.3E-01	0.174052	6.8E-01
rs747249	11	130271647	1.49781	A	G	0.360849	0.986641	0.65739	4.2E-01	-0.00513163	0.00591062	0.75378	3.9E-01	1.71147	1.9E-01
rs10771260	12	26253557	0.45721	A	C	0.608183	0.995844	0.0763088	7.8E-01	0.00184346	0.00579785	0.101096	7.5E-01	0.0345231	8.5E-01
rs16915737	12	26403614	0.459048	C	T	0.928538	0.993226	0.62271	4.3E-01	0.00770621	0.0109462	0.495628	4.8E-01	0.0846425	7.7E-01
rs7310959	12	45968598	0.59006	G	A	0.897555	1	0.00297708	9.6E-01	0.00105253	0.00931232	0.0127747	9.1E-01	0.0156973	9.0E-01
rs75824359	12	54320490	0.68262	A	G	0.970266	0.973341	0.302997	5.8E-01	-0.0104357	0.0168104	0.385375	5.3E-01	0.645194	4.2E-01
rs7961915	12	66425288	0.795219	A	G	0.213926	0.943584	0.390431	5.3E-01	-0.00430899	0.0070618	0.372323	5.4E-01	0.287987	5.9E-01
rs704067	12	89726027	1.03172	G	A	0.545146	0.989595	0.0906986	7.6E-01	-0.00159835	0.00570612	0.0784627	7.8E-01	0.151443	7.0E-01
rs7958469	12	107052620	1.26171	G	A	0.638699	0.995036	2.83726	9.2E-02	-0.0093974	0.00587852	2.55552	1.1E-01	1.93715	1.6E-01
rs1169809	12	121688026	1.45624	G	A	0.700971	0.994402	2.04802	1.5E-01	0.00907519	0.00616816	2.16471	1.4E-01	1.56309	2.1E-01
rs139948644	12	123200016	1.46983	C	T	0.972202	0.923516	1.25264	2.6E-01	0.0218842	0.0178005	1.51145	2.2E-01	1.99032	1.6E-01
rs11060406	12	123339117	1.47024	C	T	0.96325	0.964271	0.40431	5.2E-01	-0.00836732	0.0151972	0.303141	5.8E-01	0.113717	7.4E-01
rs34149579	12	123345509	1.47026	G	T	0.947363	1	2.32271	1.3E-01	-0.018777	0.0126162	2.21511	1.4E-01	2.00276	1.6E-01
rs11613189	12	124642803	1.48018	C	T	0.627038	0.983075	1.98011	1.6E-01	0.00870273	0.00590627	2.17112	1.4E-01	1.99883	1.6E-01
rs1045411	13	31033232	0.263482	C	T	0.7313	0.996942	2.61456	1.1E-01	0.0107915	0.00637814	2.8627	9.1E-02	2.06415	1.5E-01
rs10507524	13	44684600	0.468128	T	C	0.907237	0.994143	1.18587	2.8E-01	-0.00995954	0.0097705	1.03907	3.1E-01	0.912245	3.4E-01
rs7334326	13	50967732	0.53896	G	C	0.858576	0.996316	6.59143	1.0E-02	-0.0221708	0.00809102	7.50859	6.1E-03	6.90914	8.6E-03
rs11621792	14	24871926	0.147512	C	T	0.547453	0.985433	32.3433	1.3E-08	-0.0323438	0.0057131	32.0508	1.5E-08	38.856	4.6E-10
rs8012185	14	58668484	0.537795	A	G	0.723155	0.991197	0.678494	4.1E-01	-0.00415222	0.0063136	0.43252	5.1E-01	0.484232	4.9E-01
rs1286138	14	91485445	0.882014	T	G	0.326286	0.996304	0.000510964	9.8E-01	-0.000886471	0.0060111	0.0217481	8.8E-01	0.192504	6.6E-01
rs2124307	14	98344662	1.02722	T	C	0.377663	0.998341	2.706	1.0E-01	0.0098007	0.00582405	2.83181	9.2E-02	2.56848	1.1E-01
rs7402977	15	31726824	0.452929	G	A	0.733334	0.984393	0.00273225	9.6E-01	-0.000160216	0.0064223	0.000622344	9.8E-01	0.0105984	9.2E-01
rs12437696	15	40878474	0.62928	A	G	0.51447	0.998802	0.230656	6.3E-01	-0.00219544	0.00565767	0.15058	7.0E-01	0.356186	5.5E-01
rs11630710	15	56364758	0.756318	G	T	0.893172	0.979091	0.0816123	7.8E-01	-0.00163585	0.00925029	0.0312734	8.6E-01	0.0371364	8.5E-01
rs12911939	15	63800065	0.876679	T	C	0.431976	0.996322	3.60231	5.8E-02	-0.0100594	0.00570373	3.11048	7.8E-02	4.62625	3.1E-02
rs762551	15	75041917	1.00314	C	A	0.274028	1	6.89073	8.7E-03	-0.0167934	0.00631596	7.06961	7.8E-03	7.42325	6.4E-03
rs2401948	16	1340854	0.0338191	G	C	0.470436	0.984992	0.561849	4.5E-01	0.00395978	0.00568662	0.484881	4.9E-01	0.249565	6.2E-01
rs3747577	16	4415696	0.082586	C	G	0.259467	0.988145	0.0720707	7.9E-01	-0.00159986	0.0064716	0.0611139	8.0E-01	0.194322	6.6E-01
rs12918743	16	11624245	0.272102	G	A	0.537734	0.991971	1.34141	2.5E-01	0.00517807	0.00566751	0.83474	3.6E-01	0.995207	3.2E-01
rs4787456	16	28559573	0.542371	C	T	0.634142	0.996921	0.541984	4.6E-01	-0.00330941	0.00582276	0.323031	5.7E-01	0.376177	5.4E-01
rs10083738	16	29927702	0.553162	G	A	0.45121	0.999839	0.170243	6.8E-01	0.00317004	0.00567024	0.312555	5.8E-01	0.162698	6.9E-01
rs16952242	16	53474250	0.64336	G	A	0.697908	0.997944	0.0806759	7.8E-01	0.00198231	0.00615017	0.103888	7.5E-01	0.153978	6.9E-01
rs9937053	16	53799507	0.64597	G	A	0.577195	0.999601	2.18581	1.4E-01	0.00968476	0.0057121	2.87466	9.0E-02	2.55725	1.1E-01
rs11866219	16	69549749	0.858341	A	C	0.415066	0.975783	1.19529	2.7E-01	0.00632093	0.0057992	1.18803	2.8E-01	0.89798	3.4E-01
rs2550733	16	81449060	1.04439	A	G	0.430492	1	0.588561	4.4E-01	0.00459342	0.00570472	0.648341	4.2E-01	0.558408	4.5E-01
rs2927333	16	81509279	1.0455	A	G	0.679395	0.985143	1.4701	2.3E-01	0.00800319	0.00610265	1.71984	1.9E-01	1.63342	2.0E-01
rs72837682	17	7063650	0.189607	T	C	0.797303	0.968367	31.9075	1.6E-08	0.0410331	0.0071125	33.283	8.0E-09	36.4921	1.5E-09
rs727428	17	7537792	0.196849	T	C	0.44291	1	8.23256	4.1E-03	0.0170295	0.0056616	9.04747	2.6E-03	9.54588	2.0E-03
rs8075019	17	17455192	0.444844	G	A	0.875691	0.988404	1.07773	3.0E-01	-0.00941419	0.00857551	1.20516	2.7E-01	1.08272	3.0E-01
rs16942379	17	21259827	0.471679	C	T	0.508165	0.995529	0.00359501	9.5E-01	0.000348403	0.0056535	0.00379778	9.5E-01	0.118379	7.3E-01
rs11651639	17	27672320	0.49569	A	T	0.483934	0.999433	0.0737957	7.9E-01	-0.00184937	0.00563684	0.107641	7.4E-01	0.12357	7.3E-01
rs2306593	17	34866546	0.59517	C	T	0.509195	0.996584	0.119073	7.3E-01	-0.00254406	0.00564518	0.203095	6.5E-01	0.147287	7.0E-01
rs55883500	17	40395267	0.664304	T	G	0.691334	0.998762	0.100221	7.5E-01	-0.0018462	0.00609894	0.0916326	7.6E-01	0.04623	8.3E-01
rs56328224	17	43572419	0.687192	C	T	0.774992	0.995527	7.10104	7.7E-03	-0.0178407	0.00678401	6.91596	8.5E-03	6.47285	1.1E-02
rs11871767	17	61698723	0.887174	A	G	0.724045	0.995857	6.35362	1.2E-02	0.0156828	0.00632793	6.1422	1.3E-02	6.957	8.3E-03
rs7225826	17	67574721	0.971804	C	T	0.325119	0.997806	0.295882	5.9E-01	-0.00243846	0.00601405	0.164398	6.9E-01	0.151506	7.0E-01
rs312757	17	68347701	0.983463	C	G	0.322951	0.991143	0.0228389	8.8E-01	-0.00113951	0.00604994	0.0354756	8.5E-01	0.119162	7.3E-01
rs3810068	18	2846499	0.0738566	T	C	0.595452	1	4.0887	4.3E-02	0.010259	0.00572687	3.20906	7.3E-02	4.00472	4.5E-02
rs4890429	18	40697481	0.611694	T	C	0.738773	0.995191	3.98683	4.6E-02	0.0131944	0.0064394	4.19842	4.0E-02	4.89886	2.7E-02
rs357900	18	46585235	0.687097	T	A	0.110184	0.998906	2.67344	1.0E-01	0.0160959	0.00898905	3.20628	7.3E-02	2.36732	1.2E-01
rs3897645	18	57728947	0.82135	T	C	0.443585	1	0.101232	7.5E-01	-0.0016036	0.00569851	0.0791901	7.8E-01	0.228758	6.3E-01
rs2331933	18	57955945	0.822668	T	G	0.652214	0.979252	2.9608	8.5E-02	0.0107626	0.00599417	3.22384	7.3E-02	3.03239	8.2E-02
rs12979965	19	2131148	0.0753026	A	G	0.499935	0.991113	0.819435	3.7E-01	0.00601811	0.00564138	1.13802	2.9E-01	1.34117	2.5E-01
rs2240702	19	4159873	0.144523	A	G	0.883396	0.986669	0.85229	3.6E-01	-0.00978251	0.00878659	1.23954	2.7E-01	1.12848	2.9E-01
rs1799815	19	7125519	0.224812	G	A	0.932212	1	0.160028	6.9E-01	0.00534086	0.0111565	0.229173	6.3E-01	0.138289	7.1E-01
rs35555265	19	17152232	0.420672	C	T	0.803227	0.993265	0.88962	3.5E-01	0.00749813	0.00708248	1.12082	2.9E-01	0.830266	3.6E-01
rs72999466	19	18248499	0.447893	C	T	0.742123	0.99893	0.0120745	9.1E-01	-0.00049739	0.00642302	0.00599673	9.4E-01	0.00378203	9.5E-01
rs1423056	19	33780444	0.560699	G	A	0.681795	0.903762	0.00618416	9.4E-01	0.000173271	0.00635719	0.000742881	9.8E-01	0.0707324	7.9E-01
rs113504807	19	33787954	0.561506	C	T	0.951238	0.934153	1.12353	2.9E-01	-0.0157941	0.0134766	1.37351	2.4E-01	1.25766	2.6E-01
rs544964	19	37409561	0.616104	A	G	0.417229	0.998743	1.73623	1.9E-01	0.00802322	0.00571256	1.97258	1.6E-01	2.58322	1.1E-01
rs73036721	19	44400412	0.687081	C	T	0.98452	1	31.0915	2.5E-08	0.13026	0.02282	32.5829	1.1E-08	32.9449	9.5E-09
rs62116588	19	44446097	0.68736	C	G	0.976805	0.933368	47.3858	5.8E-12	0.133648	0.0193629	47.6411	5.1E-12	52.4682	4.4E-13
rs142034848	19	45176557	0.698229	A	G	0.98484	0.861888	44.6199	2.4E-11	-0.167655	0.0247992	45.7042	1.4E-11	45.695	1.4E-11
rs35068131	19	55983854	0.996203	T	C	0.534309	0.942965	0.422391	5.2E-01	-0.00319393	0.00579887	0.303363	5.8E-01	0.471259	4.9E-01
rs151235402	20	569164	0.0196907	C	T	0.984757	0.956324	1.46315	2.3E-01	0.0281027	0.0236516	1.41181	2.3E-01	1.33864	2.5E-01
rs805769	20	5667459	0.191037	T	C	0.595306	0.99253	0.052121	8.2E-01	0.00122556	0.00576295	0.0452249	8.3E-01	7.5429e-05	9.9E-01
rs2207132	20	39142516	0.589709	G	A	0.966685	1	26.8528	2.2E-07	-0.0807702	0.0156946	26.485	2.7E-07	26.9567	2.1E-07
rs3091552	20	45440006	0.689385	C	G	0.264162	0.950692	1.90357	1.7E-01	-0.0112774	0.0065426	2.97112	8.5E-02	3.37367	6.6E-02
rs1999536	20	45581777	0.691337	G	C	0.430706	0.994672	3.32857	6.8E-02	0.00905822	0.00570148	2.52413	1.1E-01	3.33696	6.8E-02
rs1206829	20	45762552	0.696622	A	G	0.446378	0.998025	0.33799	5.6E-01	-0.0040568	0.00566668	0.512519	4.7E-01	0.167766	6.8E-01
rs6063779	20	50964151	0.79129	A	G	0.716728	0.997749	0.326003	5.7E-01	0.00407212	0.00625672	0.423593	5.2E-01	0.651528	4.2E-01
rs28710106	20	51712678	0.801721	C	T	0.889914	0.997611	0.393545	5.3E-01	-0.00562979	0.00902484	0.38914	5.3E-01	0.512184	4.7E-01
rs6090040	20	62692060	1.09656	A	C	0.479429	0.988701	4.78041	2.9E-02	0.0118105	0.00567054	4.33801	3.7E-02	5.64551	1.8E-02
rs66836452	21	33058743	0.322744	C	T	0.898206	0.995819	0.000575436	9.8E-01	0.00175542	0.00934311	0.0353003	8.5E-01	4.6437e-06	1.0E+00
rs2836139	21	39451403	0.432375	A	G	0.514897	0.9942	4.39576	3.6E-02	0.0111853	0.00567743	3.88141	4.9E-02	3.79638	5.1E-02
rs9625551	22	29140529	0.338663	G	A	0.979191	0.995212	0.589137	4.4E-01	0.0144456	0.0197194	0.536642	4.6E-01	0.346573	5.6E-01
