SNP	CHR	BP	GENPOS	ALLELE1	ALLELE0	A1FREQ	INFO	CHISQ_LINREG	P_LINREG	BETA	SE	CHISQ_BOLT_LMM_INF	P_BOLT_LMM_INF
rs1294014	1	9325676	0.18921	C	T	0.732088	0.974098	4.477	3.4E-02	-0.013901	0.00645101	4.6434	3.1E-02	5.12708	2.4E-02
rs10753554	1	23619009	0.461644	T	C	0.260317	0.989627	4.14561	4.2E-02	-0.0134733	0.00644481	4.37047	3.7E-02	4.12019	4.2E-02
rs72663503	1	39969059	0.670152	C	T	0.771573	0.996098	0.13137	7.2E-01	0.00347063	0.00670511	0.26792	6.0E-01	0.237823	6.3E-01
rs657452	1	49589847	0.760469	A	G	0.390779	0.988645	0.37029	5.4E-01	0.00452698	0.00577282	0.614951	4.3E-01	0.360715	5.5E-01
rs624698	1	62900811	0.92277	A	G	0.58261	0.969721	59.1447	1.5E-14	0.0454738	0.005784	61.8109	3.8E-15	67.3659	2.3E-16
rs9436299	1	65892888	0.967508	C	A	0.325082	0.970882	0.957106	3.3E-01	0.00587028	0.00609869	0.926499	3.4E-01	1.65499	2.0E-01
rs1526480	1	91209986	1.21385	T	C	0.625038	1	4.07138	4.4E-02	-0.0116591	0.00583007	3.99929	4.6E-02	3.343	6.7E-02
rs4375301	1	98298371	1.27828	A	G	0.767662	0.993807	0.00121022	9.7E-01	-4.91429e-05	0.00669443	5.38884e-05	9.9E-01	0.00839695	9.3E-01
rs3108680	1	107572997	1.35724	T	C	0.652386	0.999501	4.44938	3.5E-02	-0.0133396	0.00594554	5.03385	2.5E-02	3.67053	5.5E-02
rs611793	1	109621436	1.38384	A	C	0.867877	0.971065	29.8556	4.7E-08	0.0462657	0.00840629	30.2907	3.7E-08	27.6752	1.4E-07
rs4970829	1	109757295	1.38629	G	A	0.928491	1	55.6163	8.8E-14	0.0828762	0.0109123	57.6799	3.1E-14	58.9101	1.7E-14
rs2076586	1	112273026	1.42823	C	T	0.753838	0.980886	4.83499	2.8E-02	-0.0149125	0.00660155	5.10284	2.4E-02	6.04209	1.4E-02
rs114056923	1	154868744	1.69777	T	C	0.966966	1	0.00309026	9.6E-01	-0.00210009	0.0157991	0.017669	8.9E-01	0.0110184	9.2E-01
rs17345893	1	170171874	1.91645	C	T	0.933651	0.998406	3.43853	6.4E-02	0.0200526	0.0113049	3.14638	7.6E-02	2.7918	9.5E-02
rs1953096	1	170318770	1.91758	G	A	0.762782	0.999479	0.556676	4.6E-01	0.00500676	0.00663819	0.568871	4.5E-01	0.388255	5.3E-01
rs6697844	1	172308238	1.93873	C	T	0.56798	0.996349	1.64886	2.0E-01	-0.00827922	0.00566401	2.13663	1.4E-01	2.42708	1.2E-01
rs633715	1	177852580	1.98813	T	C	0.789275	1	2.93466	8.7E-02	0.0117391	0.00691201	2.88445	8.9E-02	2.6274	1.1E-01
rs11807331	1	196427811	2.14315	T	C	0.684298	0.996378	3.11887	7.7E-02	0.0104026	0.00605569	2.95094	8.6E-02	3.28906	7.0E-02
rs11240351	1	205044339	2.25371	A	G	0.594795	0.998205	0.0849972	7.7E-01	0.000972795	0.00573049	0.0288177	8.7E-01	0.0449349	8.3E-01
rs61823192	1	219294570	2.43535	C	T	0.971468	0.90297	0.589156	4.4E-01	0.0118001	0.0177633	0.441291	5.1E-01	0.296627	5.9E-01
rs77278027	1	219392230	2.43543	C	T	0.93823	0.976746	0.89102	3.5E-01	-0.0112518	0.0118278	0.904965	3.4E-01	0.662578	4.2E-01
rs6683741	1	219786717	2.43742	T	G	0.861853	0.991403	2.53459	1.1E-01	-0.0132239	0.00817315	2.61781	1.1E-01	2.16138	1.4E-01
rs661955	1	234842856	2.62186	G	C	0.481801	0.978806	34.6142	4.0E-09	-0.032907	0.0056858	33.496	7.1E-09	38.604	5.2E-10
rs62106252	2	408713	0.00503892	G	A	0.950832	0.955734	1.86496	1.7E-01	-0.017337	0.0132789	1.70463	1.9E-01	1.26516	2.6E-01
rs2867105	2	601905	0.00766081	T	G	0.178655	0.986439	0.00261665	9.6E-01	-0.00105895	0.00739897	0.0204836	8.9E-01	0.000564225	9.8E-01
rs711869	2	13073967	0.297329	G	A	0.443249	0.983109	0.1903	6.6E-01	-0.00129643	0.0057115	0.0515229	8.2E-01	0.000214015	9.9E-01
rs3903032	2	21119850	0.419449	A	T	0.877441	0.983296	51.1076	8.7E-13	-0.0626169	0.0086284	52.6651	4.0E-13	56.7115	5.0E-14
rs4665972	2	27598097	0.473423	T	C	0.393862	0.987959	38.4352	5.7E-10	0.0350254	0.00579377	36.5463	1.5E-09	37.6057	8.7E-10
rs7933	2	43452183	0.682402	A	G	0.634849	0.981779	2.26065	1.3E-01	-0.00841959	0.00588946	2.04377	1.5E-01	1.57609	2.1E-01
rs56266464	2	44054991	0.686489	G	A	0.939556	0.986548	61.9227	3.6E-15	0.0958022	0.0119024	64.7856	8.4E-16	66.3555	3.8E-16
rs36072157	2	48953740	0.765134	G	C	0.658175	0.956087	2.46818	1.2E-01	-0.00944502	0.00605643	2.43205	1.2E-01	2.36301	1.2E-01
rs1877026	2	63072208	0.885693	A	G	0.152553	0.992931	31.4759	2.0E-08	0.0437017	0.00783536	31.1085	2.4E-08	31.9984	1.5E-08
rs4316926	2	66749108	0.924328	G	A	0.396567	0.99766	3.77584	5.2E-02	0.0106882	0.00575915	3.4442	6.3E-02	4.72633	3.0E-02
rs2170702	2	67571130	0.937008	T	C	0.545622	0.996677	1.15386	2.8E-01	0.00704802	0.00568109	1.53911	2.1E-01	1.30485	2.5E-01
rs12712049	2	100208830	1.21955	A	G	0.176674	0.985519	0.00852448	9.3E-01	-0.000117271	0.00741823	0.000249909	9.9E-01	0.0156494	9.0E-01
rs72946301	2	111861838	1.33125	G	A	0.903863	0.964859	1.55994	2.1E-01	-0.0133893	0.00972105	1.8971	1.7E-01	1.41713	2.3E-01
rs7593247	2	119337589	1.3956	C	T	0.503784	0.990163	0.00828614	9.3E-01	0.00054133	0.00565142	0.00917505	9.2E-01	0.0568339	8.1E-01
rs114666647	2	158393301	1.76187	T	C	0.987759	1	4.77085	2.9E-02	-0.0562812	0.0256078	4.8304	2.8E-02	4.52098	3.3E-02
rs11899550	2	158451825	1.76314	C	T	0.92902	0.994523	1.79137	1.8E-01	0.0151375	0.010956	1.90898	1.7E-01	1.7366	1.9E-01
rs62173895	2	165477903	1.81419	G	C	0.329951	0.997788	15.2201	9.6E-05	-0.0218364	0.00601255	13.19	2.8E-04	13.1231	2.9E-04
rs3769872	2	165565548	1.81514	C	T	0.941933	0.997539	1.13417	2.9E-01	0.0141582	0.0120645	1.3772	2.4E-01	1.77178	1.8E-01
rs115283512	2	172379649	1.89769	C	T	0.817449	0.996247	0.160859	6.9E-01	0.00228969	0.00730742	0.0981805	7.5E-01	0.0431584	8.4E-01
rs62173497	2	187821910	2.04064	C	A	0.889372	0.96522	0.296108	5.9E-01	-0.00542498	0.00911564	0.354178	5.5E-01	0.349407	5.5E-01
rs1837121	2	216292331	2.28555	G	A	0.273406	0.99918	2.28509	1.3E-01	-0.0104957	0.00631816	2.75959	9.7E-02	2.82549	9.3E-02
rs16857748	2	218382258	2.32414	C	T	0.903272	0.999764	0.0236737	8.8E-01	-0.000732544	0.00952708	0.00591218	9.4E-01	0.00512475	9.4E-01
rs16866785	2	226899056	2.44178	A	G	0.775296	0.992487	0.516974	4.7E-01	-0.00535487	0.00676677	0.626232	4.3E-01	0.315567	5.7E-01
rs305506	3	12026709	0.296805	G	T	0.113563	0.992655	2.24014	1.3E-01	0.0138453	0.00891466	2.4121	1.2E-01	2.9736	8.5E-02
rs114252958	3	12409938	0.29797	C	T	0.982978	0.956617	0.560372	4.5E-01	0.0140476	0.022337	0.395509	5.3E-01	0.394945	5.3E-01
rs13086654	3	35532275	0.595296	G	A	0.863267	0.996625	0.414606	5.2E-01	-0.00436318	0.00817203	0.285067	5.9E-01	0.543552	4.6E-01
rs11926707	3	46925539	0.687568	T	C	0.379143	0.985514	3.39556	6.5E-02	-0.0105024	0.00582745	3.24802	7.2E-02	3.32432	6.8E-02
rs614288	3	52220203	0.695484	T	C	0.466765	1	0.346016	5.6E-01	-0.00337266	0.00562831	0.35908	5.5E-01	0.518488	4.7E-01
rs11718560	3	64584862	0.868956	C	T	0.731847	0.985124	1.20778	2.7E-01	-0.00694885	0.00639138	1.18205	2.8E-01	1.11512	2.9E-01
rs4688498	3	64674599	0.871028	C	T	0.669682	0.985151	2.7663	9.6E-02	-0.0098847	0.00602755	2.68934	1.0E-01	3.13515	7.7E-02
rs9872683	3	123155892	1.35844	A	C	0.408022	0.993775	0.678572	4.1E-01	-0.00463979	0.00573349	0.654876	4.2E-01	0.80853	3.7E-01
rs62265318	3	128752986	1.42297	G	A	0.965093	0.926921	0.000799283	9.8E-01	0.00269301	0.0159033	0.0286751	8.7E-01	0.00589191	9.4E-01
rs143418767	3	129105690	1.42548	G	A	0.980767	0.944053	2.82206	9.3E-02	0.0383174	0.021108	3.29532	6.9E-02	3.64934	5.6E-02
rs112551697	3	150018637	1.64271	G	A	0.96554	0.928479	0.147651	7.0E-01	-0.00365275	0.0159571	0.0524	8.2E-01	0.229778	6.3E-01
rs7617389	3	156801088	1.71237	T	C	0.32586	0.969927	0.0328213	8.6E-01	-0.000861966	0.00610845	0.0199121	8.9E-01	0.0315364	8.6E-01
rs998749	3	168972802	1.77947	A	G	0.517178	0.992407	0.00431676	9.5E-01	0.00210305	0.00563964	0.139059	7.1E-01	0.20498	6.5E-01
rs1499813	3	171760427	1.8208	T	C	0.587431	1	1.42609	2.3E-01	-0.00750308	0.00574049	1.70836	1.9E-01	2.56206	1.1E-01
rs11705729	3	185507299	2.01659	A	T	0.6869	0.999805	0.361834	5.5E-01	-0.00412271	0.0060671	0.461746	5.0E-01	0.445139	5.0E-01
rs7697256	4	848335	0.00782825	C	T	0.727433	0.999147	0.554337	4.6E-01	0.00456686	0.00631854	0.522398	4.7E-01	1.30978	2.5E-01
rs7659144	4	3098321	0.0324978	C	G	0.656231	0.995037	1.37718	2.4E-01	0.00751162	0.00592301	1.60836	2.0E-01	2.29955	1.3E-01
rs4450871	4	4990298	0.0879764	A	G	0.554775	1	8.47038	3.6E-03	0.0160325	0.00567245	7.98844	4.7E-03	8.62305	3.3E-03
rs1912897	4	26006133	0.455942	A	T	0.79303	0.98817	0.783672	3.8E-01	-0.00657659	0.00699194	0.884719	3.5E-01	1.1299	2.9E-01
rs17644283	4	26308792	0.461396	A	G	0.370735	0.99507	0.197893	6.6E-01	-0.00273721	0.00585165	0.218806	6.4E-01	0.546707	4.6E-01
rs11133373	4	56215631	0.730194	C	G	0.682789	0.992346	1.3751	2.4E-01	-0.00805893	0.0060775	1.75835	1.8E-01	1.64554	2.0E-01
rs3775403	4	89615174	1.04851	T	C	0.869029	0.98982	0.283992	5.9E-01	0.00212465	0.00839203	0.0640976	8.0E-01	0.0120766	9.1E-01
rs17014616	4	89736565	1.04925	A	T	0.931087	0.996962	1.75287	1.9E-01	-0.0129785	0.0111223	1.36164	2.4E-01	0.66913	4.1E-01
rs12647922	4	106063987	1.17944	C	T	0.794569	0.998343	1.85914	1.7E-01	-0.00881225	0.00696411	1.60119	2.1E-01	1.93547	1.6E-01
rs7655064	4	120106348	1.31331	T	C	0.875314	0.995692	2.27782	1.3E-01	0.0124733	0.00852228	2.14216	1.4E-01	2.00151	1.6E-01
rs11727676	4	145659064	1.53853	T	C	0.903374	1	0.565622	4.5E-01	-0.00734764	0.00954285	0.592843	4.4E-01	0.949811	3.3E-01
rs13178917	5	4007353	0.10142	C	T	0.551974	0.99437	0.0774918	7.8E-01	0.00279457	0.00564852	0.244771	6.2E-01	0.593999	4.4E-01
rs3792751	5	32773314	0.512212	C	T	0.626583	0.990118	0.107865	7.4E-01	0.00168047	0.00583876	0.0828359	7.7E-01	0.0139373	9.1E-01
rs17457629	5	38795199	0.597633	A	T	0.728239	0.988005	0.680858	4.1E-01	0.00596107	0.0063594	0.878651	3.5E-01	0.978494	3.2E-01
rs2448	5	53302354	0.644969	T	C	0.737842	0.999532	0.217713	6.4E-01	-0.00311005	0.00641101	0.235332	6.3E-01	0.278513	6.0E-01
rs1559215	5	54867827	0.667887	G	A	0.339397	0.996823	0.133598	7.1E-01	0.00196347	0.00596117	0.10849	7.4E-01	0.0212507	8.8E-01
rs11949724	5	55832217	0.681021	G	A	0.635455	1	0.264233	6.1E-01	-0.00315795	0.0058645	0.289966	5.9E-01	0.59413	4.4E-01
rs1002473	5	56274077	0.686309	T	G	0.206197	0.999836	0.633663	4.3E-01	0.0058559	0.00697575	0.704701	4.0E-01	1.0106	3.1E-01
rs34697	5	66298637	0.77068	A	G	0.432612	0.987874	0.0115966	9.1E-01	0.00114344	0.0057238	0.0399075	8.4E-01	0.00933415	9.2E-01
rs253407	5	74926778	0.860943	A	G	0.275724	1	28.7562	8.2E-08	0.034061	0.00630011	29.2292	6.4E-08	31.2858	2.2E-08
rs6870983	5	87697533	1.01437	C	T	0.787184	0.995128	0.000675014	9.8E-01	0.000308305	0.00687723	0.00200972	9.6E-01	0.000372704	9.8E-01
rs27361	5	102548967	1.1092	G	A	0.700242	0.998319	2.19783	1.4E-01	0.00947925	0.00614791	2.37735	1.2E-01	2.63688	1.0E-01
rs34864074	5	112875535	1.20089	A	C	0.809873	0.995669	0.130332	7.2E-01	0.00241254	0.00722046	0.11164	7.4E-01	0.0426577	8.4E-01
rs10519585	5	118676529	1.27446	T	C	0.712535	0.977148	0.125888	7.2E-01	0.00319664	0.00628044	0.259064	6.1E-01	0.185953	6.7E-01
rs4705986	5	132349654	1.39065	T	G	0.937241	0.978165	0.137434	7.1E-01	0.00591425	0.0117378	0.253876	6.1E-01	0.355044	5.5E-01
rs33999	5	141973349	1.48937	C	G	0.612065	0.9834	3.35664	6.7E-02	-0.00975962	0.00580932	2.82237	9.3E-02	2.76109	9.7E-02
rs10477191	5	142077715	1.49476	A	G	0.950886	0.911257	0.359729	5.5E-01	-0.0114944	0.0136948	0.70447	4.0E-01	0.464244	5.0E-01
rs4704726	5	156354477	1.66272	G	A	0.636458	0.987029	37.6048	8.7E-10	-0.0359426	0.00585611	37.6703	8.4E-10	39.475	3.3E-10
rs72846967	5	171849098	1.88961	A	G	0.706231	0.999429	2.12968	1.4E-01	-0.00921639	0.00617954	2.22438	1.4E-01	1.61524	2.0E-01
rs2053681	5	172746086	1.91113	A	G	0.485601	0.912476	1.21094	2.7E-01	-0.00636455	0.00590698	1.16093	2.8E-01	1.62032	2.0E-01
rs201058	6	6726017	0.180973	A	G	0.438993	0.99583	0.0704261	7.9E-01	0.0020349	0.00567491	0.128578	7.2E-01	0.309403	5.8E-01
rs2326776	6	6761881	0.18302	G	A	0.790616	0.988382	0.42614	5.1E-01	-0.0049269	0.00695311	0.502098	4.8E-01	0.648041	4.2E-01
rs7751325	6	7209132	0.195952	C	T	0.550375	0.99847	0.0234392	8.8E-01	0.000855196	0.00566566	0.022784	8.8E-01	0.00137492	9.7E-01
rs17584626	6	20560435	0.409936	A	T	0.687051	0.984667	0.292138	5.9E-01	-0.00313217	0.0061111	0.262695	6.1E-01	0.71844	4.0E-01
rs114376405	6	30770701	0.507083	G	A	0.988554	0.994696	1.43309	2.3E-01	-0.033063	0.0265305	1.55308	2.1E-01	1.52874	2.2E-01
rs3094225	6	31113052	0.510178	G	A	0.26968	0.999821	2.73173	9.8E-02	-0.0102355	0.00635204	2.59651	1.1E-01	2.81405	9.3E-02
rs9267989	6	32219320	0.51869	G	T	0.79171	0.999726	0.0179501	8.9E-01	0.000109803	0.00690884	0.000252592	9.9E-01	0.0117383	9.1E-01
rs181133225	6	32454764	0.520293	T	C	0.893444	0.778953	1.15084	2.8E-01	0.0100395	0.0102744	0.954802	3.3E-01	0.39077	5.3E-01
rs117108573	6	32489679	0.520303	C	T	0.921405	0.866866	0.94626	3.3E-01	0.0104449	0.011166	0.875006	3.5E-01	0.253047	6.1E-01
rs142779375	6	34165351	0.545713	T	G	0.952718	0.997081	3.08223	7.9E-02	-0.0242581	0.0132588	3.34736	6.7E-02	3.73609	5.3E-02
rs1574430	6	43269029	0.669727	A	C	0.391321	0.999399	0.340319	5.6E-01	0.00290975	0.00576644	0.254622	6.1E-01	0.277572	6.0E-01
rs9381248	6	43734606	0.675407	C	T	0.87836	0.993046	0.534862	4.6E-01	-0.00537751	0.00864545	0.38689	5.3E-01	0.372239	5.4E-01
rs35349911	6	43785255	0.678849	C	T	0.409597	0.97009	1.50835	2.2E-01	-0.00768001	0.0058215	1.74042	1.9E-01	1.78964	1.8E-01
rs10452561	6	80805796	0.920872	T	C	0.874288	0.991795	0.000579565	9.8E-01	0.000793023	0.00849947	0.00870538	9.3E-01	0.0652999	8.0E-01
rs1902066	6	81346033	0.922431	T	C	0.437575	0.991679	0.0663442	8.0E-01	-0.00193189	0.00570044	0.114855	7.3E-01	0.132112	7.2E-01
rs6924944	6	100597579	1.0811	A	T	0.245827	0.981159	2.98838	8.4E-02	0.0121436	0.00661549	3.36954	6.6E-02	2.85418	9.1E-02
rs72969772	6	126187585	1.32503	A	G	0.980332	1	0.982387	3.2E-01	-0.0202093	0.020328	0.98836	3.2E-01	0.624282	4.3E-01
rs9986505	6	126445558	1.32603	A	G	0.6761	0.991308	2.22621	1.4E-01	0.00878899	0.00603899	2.11812	1.5E-01	2.13336	1.4E-01
rs74949497	6	126812007	1.32699	A	C	0.97518	1	0.803981	3.7E-01	-0.0183174	0.0181947	1.01353	3.1E-01	1.01878	3.1E-01
rs9389689	6	139813632	1.50282	G	C	0.504922	0.997811	10.5254	1.2E-03	-0.0181314	0.00562017	10.4079	1.3E-03	9.72882	1.8E-03
rs851978	6	152029556	1.64243	G	T	0.726311	0.996212	5.03059	2.5E-02	-0.0125676	0.00633279	3.93836	4.7E-02	4.357	3.7E-02
rs998075	6	160468278	1.77084	A	G	0.53429	0.994008	46.4101	9.6E-12	0.0386247	0.00567189	46.3739	9.8E-12	46.9737	7.2E-12
rs960589	7	25823647	0.43812	A	C	0.837349	0.976235	0.310615	5.8E-01	-0.00229127	0.00769819	0.088588	7.7E-01	0.0576867	8.1E-01
rs12671127	7	26309246	0.44373	C	T	0.633613	0.988487	0.420507	5.2E-01	0.00434164	0.00586093	0.548748	4.6E-01	0.288344	5.9E-01
rs2189239	7	27237453	0.453427	C	T	0.917096	0.977954	0.0869302	7.7E-01	-0.00280309	0.0103373	0.0735294	7.9E-01	0.0463254	8.3E-01
rs13223303	7	42692711	0.680137	T	C	0.70789	0.997675	0.0410333	8.4E-01	0.00177028	0.00619008	0.0817884	7.7E-01	0.200472	6.5E-01
rs2240466	7	72856269	0.899612	G	A	0.874914	1	2.31028	1.3E-01	0.0111608	0.00849687	1.72535	1.9E-01	1.17287	2.8E-01
rs72649044	7	73029207	0.899737	C	T	0.966833	0.988652	0.22658	6.3E-01	-0.00695477	0.0157578	0.194795	6.6E-01	0.272701	6.0E-01
rs6966632	7	77342199	0.936905	G	T	0.502987	0.998098	2.48201	1.2E-01	-0.0098226	0.00563173	3.04208	8.1E-02	3.02313	8.2E-02
rs2470945	7	104585760	1.19835	C	A	0.596387	0.999188	1.45812	2.3E-01	0.00685311	0.00570865	1.44115	2.3E-01	1.63204	2.0E-01
rs4313084	7	114586903	1.30546	C	T	0.0829266	0.999308	0.0467379	8.3E-01	-0.00100106	0.0102003	0.00963149	9.2E-01	0.00217235	9.6E-01
rs12154627	7	130422934	1.4017	T	C	0.506907	0.97487	7.39044	6.6E-03	0.0146385	0.00568946	6.61986	1.0E-02	6.51312	1.1E-02
rs286	8	19815256	0.4726	A	T	0.914108	0.995062	32.8414	1.0E-08	0.0586503	0.0100749	33.8888	5.8E-09	37.2233	1.1E-09
rs7844736	8	23551671	0.545238	A	G	0.828827	1	0.447789	5.0E-01	-0.00473683	0.00748431	0.400564	5.3E-01	0.127595	7.2E-01
rs11992444	8	25464690	0.565812	G	T	0.49058	1	3.94563	4.7E-02	-0.00994091	0.00561751	3.13159	7.7E-02	3.0434	8.1E-02
rs7815496	8	38321607	0.69461	C	T	0.597431	0.996532	4.31811	3.8E-02	-0.0125491	0.00573565	4.78698	2.9E-02	3.89431	4.8E-02
rs10093418	8	72392687	0.950051	A	G	0.892444	0.978176	0.0597233	8.1E-01	-0.00371835	0.00912355	0.166101	6.8E-01	0.115623	7.3E-01
rs144435165	8	126419938	1.45107	G	C	0.944194	0.785853	8.9866	2.7E-03	-0.0459047	0.0138105	11.0483	8.9E-04	10.6206	1.1E-03
rs283727	8	128313360	1.48991	G	A	0.465104	0.977161	0.15288	7.0E-01	-0.00260019	0.00572319	0.206412	6.5E-01	0.365632	5.5E-01
rs2131919	9	95283887	1.12689	A	G	0.83667	0.999136	1.20537	2.7E-01	-0.00814168	0.00763791	1.13626	2.9E-01	1.68506	1.9E-01
rs2398893	9	96758342	1.14182	A	G	0.725421	0.999804	0.857699	3.5E-01	0.00755539	0.00631863	1.42978	2.3E-01	1.37888	2.4E-01
rs12686004	9	107653426	1.24316	G	A	0.884341	1	3.88368	4.9E-02	0.0181805	0.00879747	4.27064	3.9E-02	4.94287	2.6E-02
rs10991414	9	107685589	1.24582	T	C	0.861068	0.989408	0.0449622	8.3E-01	-0.00154148	0.00820104	0.0353296	8.5E-01	0.156757	6.9E-01
rs73519946	9	107868862	1.24912	A	T	0.958103	0.989128	3.84029	5.0E-02	0.0281521	0.014147	3.95997	4.7E-02	3.67376	5.5E-02
rs687621	9	136137065	1.66206	A	G	0.681622	1	44.7628	2.2E-11	-0.039891	0.0060422	43.5871	4.1E-11	43.7498	3.7E-11
rs7096078	10	3560644	0.0740604	C	T	0.425467	0.981688	0.0554091	8.1E-01	0.00250779	0.00573675	0.191095	6.6E-01	0.0370465	8.5E-01
rs2907794	10	32391109	0.603202	G	A	0.758285	0.99713	0.964298	3.3E-01	0.00583168	0.00657155	0.787501	3.7E-01	0.28013	6.0E-01
rs2247486	10	33489594	0.609463	A	G	0.603119	0.998525	1.10606	2.9E-01	0.0054684	0.00573599	0.908874	3.4E-01	1.00211	3.2E-01
rs12243209	10	63783406	0.859343	T	C	0.963634	0.99691	0.482551	4.9E-01	-0.0102881	0.0150838	0.465214	5.0E-01	0.465768	4.9E-01
rs10995041	10	63867523	0.860298	A	C	0.754056	0.97671	1.0566	3.0E-01	-0.00770592	0.00662719	1.35204	2.4E-01	0.972174	3.2E-01
rs7089698	10	65384567	0.871611	A	G	0.465243	0.998398	0.635855	4.3E-01	-0.00336662	0.00565893	0.353932	5.5E-01	0.929634	3.3E-01
rs703985	10	80940740	1.06575	A	T	0.590861	0.992524	1.6527	2.0E-01	0.00779012	0.00574809	1.83672	1.8E-01	1.32051	2.5E-01
rs11202614	10	89755643	1.15952	C	T	0.838039	0.997476	1.64028	2.0E-01	-0.011125	0.00767005	2.1038	1.5E-01	1.59404	2.1E-01
rs10882028	10	93943900	1.2086	C	T	0.408953	0.999201	0.017725	8.9E-01	-0.00144616	0.00570681	0.0642168	8.0E-01	0.036557	8.5E-01
rs7917772	10	104487443	1.30576	G	A	0.367969	1	1.77316	1.8E-01	0.00762018	0.00582408	1.71189	1.9E-01	2.2162	1.4E-01
rs11596249	10	122812361	1.5266	T	G	0.911116	0.993945	2.38965	1.2E-01	-0.0151536	0.00990953	2.33844	1.3E-01	2.38482	1.2E-01
rs10788149	10	122967170	1.52881	G	A	0.320548	1	0.0822415	7.7E-01	0.00225561	0.00604513	0.139225	7.1E-01	0.0228662	8.8E-01
rs140201358	11	823586	0.0109832	C	G	0.986248	1	1.39029	2.4E-01	-0.0296138	0.0241684	1.50139	2.2E-01	0.768193	3.8E-01
rs7932891	11	10921512	0.210707	A	G	0.294517	0.99931	0.67197	4.1E-01	-0.00397432	0.00616835	0.415132	5.2E-01	1.3	2.5E-01
rs11029441	11	26279145	0.452845	T	C	0.920415	0.988421	2.18203	1.4E-01	-0.0137901	0.0104572	1.73902	1.9E-01	1.43447	2.3E-01
rs12786130	11	27505954	0.464069	C	T	0.238291	0.989196	0.736102	3.9E-01	-0.00471336	0.00663728	0.50429	4.8E-01	0.533451	4.7E-01
rs56386213	11	36291554	0.562467	A	G	0.595018	1	0.155841	6.9E-01	-0.00185996	0.00569989	0.106481	7.4E-01	0.151057	7.0E-01
rs174528	11	61543499	0.703973	T	C	0.623454	0.995598	53.6067	2.4E-13	0.0420539	0.00582202	52.1752	5.1E-13	59.5699	1.2E-14
rs11231137	11	62315699	0.714502	G	A	0.701274	0.997506	0.607266	4.4E-01	-0.0049975	0.00614945	0.660441	4.2E-01	0.899719	3.4E-01
rs61881114	11	68996697	0.758653	C	T	0.848445	0.991928	2.94305	8.6E-02	0.0130939	0.00785706	2.77727	9.6E-02	2.79273	9.5E-02
rs12362685	11	111478720	1.18727	A	T	0.621328	0.997217	0.0206997	8.9E-01	0.000796702	0.00581122	0.0187957	8.9E-01	0.00175864	9.7E-01
rs513533	11	116519358	1.25951	A	G	0.895505	0.969744	38.4101	5.7E-10	-0.0580738	0.00932191	38.8106	4.7E-10	43.3935	4.5E-11
rs12804228	11	126260684	1.42442	A	G	0.914785	0.983631	39.2188	3.8E-10	-0.0658169	0.0101623	41.9464	9.4E-11	39.4181	3.4E-10
rs747249	11	130271647	1.49781	A	G	0.360849	0.986641	2.36736	1.2E-01	-0.00934088	0.00590368	2.50339	1.1E-01	3.81137	5.1E-02
rs10771260	12	26253557	0.45721	A	C	0.608183	0.995844	0.458271	5.0E-01	0.00392271	0.00578977	0.459039	5.0E-01	0.232501	6.3E-01
rs16915737	12	26403614	0.459048	C	T	0.928538	0.993226	0.00275394	9.6E-01	-0.000761855	0.0109309	0.00485768	9.4E-01	0.213305	6.4E-01
rs7310959	12	45968598	0.59006	G	A	0.897555	1	1.40975	2.4E-01	-0.0111837	0.00929936	1.44633	2.3E-01	1.85941	1.7E-01
rs75824359	12	54320490	0.68262	A	G	0.970266	0.973341	0.00387054	9.5E-01	-0.0012924	0.016787	0.00592717	9.4E-01	0.00189297	9.7E-01
rs7961915	12	66425288	0.795219	A	G	0.213926	0.943584	0.314279	5.8E-01	-0.00390354	0.00705197	0.306404	5.8E-01	0.270248	6.0E-01
rs704067	12	89726027	1.03172	G	A	0.545146	0.989595	0.187573	6.6E-01	0.00223167	0.00569817	0.153387	7.0E-01	0.140903	7.1E-01
rs7958469	12	107052620	1.26171	G	A	0.638699	0.995036	5.74308	1.7E-02	-0.0135773	0.00587033	5.34938	2.1E-02	4.30858	3.8E-02
rs148608463	12	121413027	1.45395	G	A	0.646603	0.995407	32.9091	9.7E-09	-0.0331564	0.00591029	31.4716	2.0E-08	32.2586	1.3E-08
rs139948644	12	123200016	1.46983	C	T	0.972202	0.923516	3.05206	8.1E-02	0.0330838	0.0177758	3.46397	6.3E-02	3.59715	5.8E-02
rs1045411	13	31033232	0.263482	C	T	0.7313	0.996942	3.61841	5.7E-02	0.0126355	0.00636996	3.93471	4.7E-02	2.85881	9.1E-02
rs10507524	13	44684600	0.468128	T	C	0.907237	0.994143	0.587906	4.4E-01	-0.00712503	0.00975797	0.533157	4.7E-01	0.545674	4.6E-01
rs7334326	13	50967732	0.53896	G	C	0.858576	0.996316	7.82224	5.2E-03	-0.024112	0.00808063	8.90382	2.8E-03	8.33535	3.9E-03
rs12868938	13	114541617	1.29136	C	G	0.626007	0.982484	35.39	2.7E-09	-0.0335362	0.00586609	32.6836	1.1E-08	30.8637	2.8E-08
rs8012185	14	58668484	0.537795	A	G	0.723155	0.991197	0.0683224	7.9E-01	-0.000675179	0.00630527	0.0114665	9.1E-01	0.0494298	8.2E-01
rs1286138	14	91485445	0.882014	T	G	0.326286	0.996304	0.190947	6.6E-01	-0.00355003	0.00600316	0.349706	5.5E-01	0.552821	4.6E-01
rs2124307	14	98344662	1.02722	T	C	0.377663	0.998341	1.8917	1.7E-01	0.0082172	0.00581636	1.99593	1.6E-01	1.55425	2.1E-01
rs7402977	15	31726824	0.452929	G	A	0.733334	0.984393	0.0622324	8.0E-01	0.00161957	0.00641363	0.0637663	8.0E-01	0.0178915	8.9E-01
rs12437696	15	40878474	0.62928	A	G	0.51447	0.998802	0.0139219	9.1E-01	0.000341905	0.00565003	0.00366193	9.5E-01	0.108272	7.4E-01
rs11630710	15	56364758	0.756318	G	T	0.893172	0.979091	0.350742	5.5E-01	-0.00467448	0.0092378	0.256053	6.1E-01	0.246149	6.2E-01
rs12911939	15	63800065	0.876679	T	C	0.431976	0.996322	1.12491	2.9E-01	-0.00491827	0.00569603	0.745556	3.9E-01	1.12148	2.9E-01
rs762551	15	75041917	1.00314	C	A	0.274028	1	8.59957	3.4E-03	-0.0187879	0.00630743	8.87256	2.9E-03	9.07503	2.6E-03
rs2401948	16	1340854	0.0338191	G	C	0.470436	0.984992	0.1567	6.9E-01	-0.00206555	0.00567846	0.132316	7.2E-01	0.30805	5.8E-01
rs3747577	16	4415696	0.082586	C	G	0.259467	0.988145	0.0112129	9.2E-01	0.00109215	0.00646231	0.0285617	8.7E-01	1.46634e-05	1.0E+00
rs12918743	16	11624245	0.272102	G	A	0.537734	0.991971	0.590493	4.4E-01	0.0030907	0.00565938	0.298246	5.8E-01	0.354586	5.5E-01
rs4787456	16	28559573	0.542371	C	T	0.634142	0.996921	1.82083	1.8E-01	-0.00667281	0.00581441	1.31706	2.5E-01	1.66834	2.0E-01
rs10083738	16	29927702	0.553162	G	A	0.45121	0.999839	0.0691856	7.9E-01	0.00196598	0.0056621	0.120559	7.3E-01	0.0687356	7.9E-01
rs16952242	16	53474250	0.64336	G	A	0.697908	0.997944	0.807803	3.7E-01	-0.00499268	0.00614135	0.660906	4.2E-01	0.742488	3.9E-01
rs9937053	16	53799507	0.64597	G	A	0.577195	0.999601	3.19296	7.4E-02	0.0116834	0.0057039	4.19561	4.1E-02	4.18005	4.1E-02
rs11866219	16	69549749	0.858341	A	C	0.415066	0.975783	5.07845	2.4E-02	0.0131479	0.00579088	5.15494	2.3E-02	4.83281	2.8E-02
rs2550733	16	81449060	1.04439	A	G	0.430492	1	1.28081	2.6E-01	0.00670656	0.00569654	1.38605	2.4E-01	1.38072	2.4E-01
rs2927333	16	81509279	1.0455	A	G	0.679395	0.985143	1.51196	2.2E-01	0.00792922	0.0060939	1.69305	1.9E-01	1.62962	2.0E-01
rs727428	17	7537792	0.196849	T	C	0.44291	1	9.80136	1.7E-03	0.0181281	0.00565382	10.2806	1.3E-03	10.8335	1.0E-03
rs8075019	17	17455192	0.444844	G	A	0.875691	0.988404	0.813645	3.7E-01	-0.00855794	0.00856372	0.998652	3.2E-01	1.01664	3.1E-01
rs16942379	17	21259827	0.471679	C	T	0.508165	0.995529	4.67044e-06	1.0E+00	0.000666018	0.00564572	0.0139166	9.1E-01	0.0256615	8.7E-01
rs11651639	17	27672320	0.49569	A	T	0.483934	0.999433	0.123981	7.2E-01	-0.00194668	0.00562909	0.119595	7.3E-01	0.225585	6.3E-01
rs2306593	17	34866546	0.59517	C	T	0.509195	0.996584	0.000127306	9.9E-01	-0.000440094	0.00563741	0.00609441	9.4E-01	0.000628211	9.8E-01
rs55883500	17	40395267	0.664304	T	G	0.691334	0.998762	0.36818	5.4E-01	-0.00415803	0.00609055	0.466083	4.9E-01	0.40479	5.2E-01
rs56328224	17	43572419	0.687192	C	T	0.774992	0.995527	5.24433	2.2E-02	-0.0152699	0.00677468	5.08036	2.4E-02	4.22106	4.0E-02
rs11871767	17	61698723	0.887174	A	G	0.724045	0.995857	1.02305	3.1E-01	0.00669937	0.00631923	1.12393	2.9E-01	1.41501	2.3E-01
rs113120414	17	66945345	0.964692	A	G	0.942645	0.937715	32.8403	1.0E-08	-0.0727695	0.0124938	33.9245	5.7E-09	36.4627	1.6E-09
rs7225826	17	67574721	0.971804	C	T	0.325119	0.997806	0.972349	3.2E-01	-0.00486765	0.00600578	0.656902	4.2E-01	0.556378	4.6E-01
rs3810068	18	2846499	0.0738566	T	C	0.595452	1	4.06742	4.4E-02	0.00958194	0.00571991	2.80627	9.4E-02	3.34072	6.8E-02
rs4890429	18	40697481	0.611694	T	C	0.738773	0.995191	6.97803	8.3E-03	0.0179738	0.00643157	7.80991	5.2E-03	8.64193	3.3E-03
rs357900	18	46585235	0.687097	T	A	0.110184	0.998906	3.96784	4.6E-02	0.0199985	0.00897813	4.96162	2.6E-02	4.26983	3.9E-02
rs3897645	18	57728947	0.82135	T	C	0.443585	1	0.233289	6.3E-01	-0.00215834	0.00569159	0.143805	7.0E-01	0.252396	6.2E-01
rs2331933	18	57955945	0.822668	T	G	0.652214	0.979252	2.31557	1.3E-01	0.00939106	0.00598688	2.46053	1.2E-01	2.49833	1.1E-01
rs12979965	19	2131148	0.0753026	A	G	0.499935	0.991113	0.124603	7.2E-01	0.00348018	0.00564034	0.380709	5.4E-01	0.519604	4.7E-01
rs2240702	19	4159873	0.144523	A	G	0.883396	0.986669	3.38124	6.6E-02	-0.0185538	0.00878497	4.4605	3.5E-02	3.90037	4.8E-02
rs1799815	19	7125519	0.224812	G	A	0.932212	1	1.0937	3.0E-01	0.0126584	0.0111545	1.28784	2.6E-01	0.936831	3.3E-01
rs79915079	19	11229066	0.319635	G	A	0.973807	0.995135	33.0949	8.8E-09	0.1033	0.0176328	34.3205	4.7E-09	35.4145	2.7E-09
rs35555265	19	17152232	0.420672	C	T	0.803227	0.993265	0.839443	3.6E-01	0.00723059	0.00708117	1.04265	3.1E-01	0.900898	3.4E-01
rs1423056	19	33780444	0.560699	G	A	0.681795	0.903762	0.231511	6.3E-01	0.00276592	0.00635602	0.189369	6.6E-01	0.0417667	8.4E-01
rs113504807	19	33787954	0.561506	C	T	0.951238	0.934153	0.881902	3.5E-01	-0.0137712	0.0134741	1.04459	3.1E-01	0.917742	3.4E-01
rs544964	19	37409561	0.616104	A	G	0.417229	0.998743	3.09041	7.9E-02	0.010116	0.00571151	3.13704	7.7E-02	3.806	5.1E-02
rs62115478	19	44543760	0.688013	A	G	0.971162	0.945735	31.9613	1.6E-08	0.0993143	0.0173277	32.8506	1.0E-08	37.0233	1.2E-09
rs74747585	19	45039971	0.694152	T	C	0.974322	0.945812	43.8666	3.5E-11	0.120961	0.0182016	44.1643	3.0E-11	44.1706	3.0E-11
rs35068131	19	55983854	0.996203	T	C	0.534309	0.942965	0.00151334	9.7E-01	0.00122461	0.0057978	0.044614	8.3E-01	0.00121302	9.7E-01
rs151235402	20	569164	0.0196907	C	T	0.984757	0.956324	0.22581	6.3E-01	0.0122543	0.0236196	0.26917	6.0E-01	0.393817	5.3E-01
rs805769	20	5667459	0.191037	T	C	0.595306	0.99253	0.0173162	9.0E-01	-0.000529044	0.00575516	0.00845026	9.3E-01	0.0551446	8.1E-01
rs2207132	20	39142516	0.589709	G	A	0.966685	1	41.856	9.8E-11	-0.0992524	0.0156734	40.101	2.4E-10	42.2692	8.0E-11
rs3091552	20	45440006	0.689385	C	G	0.264162	0.950692	1.06618	3.0E-01	-0.00914125	0.00653375	1.95743	1.6E-01	2.49051	1.1E-01
rs1999536	20	45581777	0.691337	G	C	0.430706	0.994672	2.87463	9.0E-02	0.0082049	0.00569377	2.07657	1.5E-01	2.47123	1.2E-01
rs1206829	20	45762552	0.696622	A	G	0.446378	0.998025	0.301815	5.8E-01	-0.00380446	0.00565901	0.451964	5.0E-01	0.0995511	7.5E-01
rs6063779	20	50964151	0.79129	A	G	0.716728	0.997749	0.0221369	8.8E-01	0.00150473	0.00624826	0.0579962	8.1E-01	0.12183	7.3E-01
rs28710106	20	51712678	0.801721	C	T	0.889914	0.997611	0.532895	4.7E-01	-0.00721233	0.00901264	0.640394	4.2E-01	0.979805	3.2E-01
rs6090040	20	62692060	1.09656	A	C	0.479429	0.988701	6.89903	8.6E-03	0.0143268	0.00566287	6.40068	1.1E-02	7.57794	5.9E-03
rs66836452	21	33058743	0.322744	C	T	0.898206	0.995819	0.402332	5.3E-01	-0.00397585	0.00933127	0.181543	6.7E-01	0.169147	6.8E-01
rs2836139	21	39451403	0.432375	A	G	0.514897	0.9942	1.36093	2.4E-01	0.00595737	0.00567023	1.10384	2.9E-01	0.994721	3.2E-01
rs9625551	22	29140529	0.338663	G	A	0.979191	0.995212	0.925952	3.4E-01	0.0199503	0.0196934	1.02626	3.1E-01	0.605871	4.4E-01
