SNP	CHR	BP	GENPOS	ALLELE1	ALLELE0	A1FREQ	INFO	CHISQ_LINREG	P_LINREG	BETA	SE	CHISQ_BOLT_LMM_INF	P_BOLT_LMM_INF
rs1294014	1	9325676	0.18921	C	T	0.732076	0.974098	0.276401	6.0E-01	-0.0029682	0.00641577	0.214037	6.4E-01
rs10753554	1	23619009	0.461644	T	C	0.260297	0.989627	8.70014e-05	9.9E-01	-5.01077e-06	0.00641012	6.11049e-07	1.0E+00
rs72663503	1	39969059	0.670152	C	T	0.771594	0.996098	7.57479	5.9E-03	-0.0171983	0.00666882	6.65081	9.9E-03
rs657452	1	49589847	0.760469	A	G	0.390782	0.988645	0.784237	3.8E-01	-0.00492554	0.00574126	0.736027	3.9E-01
rs9436299	1	65892888	0.967508	C	A	0.325073	0.970882	0.6847	4.1E-01	-0.0051556	0.00606554	0.722467	4.0E-01
rs1526480	1	91209986	1.21385	T	C	0.625036	1	1.10671	2.9E-01	-0.00618183	0.0057982	1.1367	2.9E-01
rs4375301	1	98298371	1.27828	A	G	0.767651	0.993807	3.44356	6.3E-02	-0.012565	0.00665785	3.56168	5.9E-02
rs3108680	1	107572997	1.35724	T	C	0.652393	0.999501	9.12193	2.5E-03	0.0177277	0.005913	8.98857	2.7E-03
rs35358959	1	109824250	1.38736	G	A	0.919912	0.978071	1.29641	2.5E-01	0.010845	0.0104248	1.08224	3.0E-01
rs2076586	1	112273026	1.42823	C	T	0.753835	0.980886	0.0534557	8.2E-01	-0.000527699	0.00656549	0.0064601	9.4E-01
rs115499511	1	119322589	1.50902	T	C	0.963676	0.975965	0.0532137	8.2E-01	0.0028812	0.0151153	0.0363338	8.5E-01
rs114056923	1	154868744	1.69777	T	C	0.966965	1	0.488944	4.8E-01	0.0122754	0.0157125	0.610347	4.3E-01
rs17345893	1	170171874	1.91645	C	T	0.933648	0.998406	0.910819	3.4E-01	0.0118263	0.011243	1.10646	2.9E-01
rs1953096	1	170318770	1.91758	G	A	0.76277	0.999479	0.881886	3.5E-01	-0.00667115	0.00660192	1.02108	3.1E-01
rs6697844	1	172308238	1.93873	C	T	0.567967	0.996349	0.529368	4.7E-01	-0.00479324	0.00563312	0.724037	3.9E-01
rs633715	1	177852580	1.98813	T	C	0.789281	1	0.292998	5.9E-01	-0.00344267	0.00687428	0.250805	6.2E-01
rs11807331	1	196427811	2.14315	T	C	0.684298	0.996378	0.0423828	8.4E-01	-0.0014095	0.00602258	0.0547725	8.1E-01
rs11240351	1	205044339	2.25371	A	G	0.594799	0.998205	1.19991	2.7E-01	-0.0077685	0.0056993	1.85794	1.7E-01
rs61823192	1	219294570	2.43535	C	T	0.971468	0.90297	3.03706	8.1E-02	-0.031297	0.017666	3.13852	7.6E-02
rs77278027	1	219392230	2.43543	C	T	0.938227	0.976746	0.105121	7.5E-01	0.00204428	0.0117631	0.0302023	8.6E-01
rs6683741	1	219786717	2.43742	T	G	0.861854	0.991403	1.76688	1.8E-01	-0.0105536	0.00812855	1.68566	1.9E-01
rs7543050	1	230278291	2.53573	C	G	0.20008	0.991591	4.40339	3.6E-02	-0.0139235	0.00699447	3.96264	4.7E-02
rs62106252	2	408713	0.00503892	G	A	0.950837	0.955734	2.48019	1.2E-01	0.022448	0.0132051	2.88983	8.9E-02
rs2867105	2	601905	0.00766081	T	G	0.178649	0.986439	2.34324	1.3E-01	-0.0125598	0.00735794	2.91377	8.8E-02
rs711869	2	13073967	0.297329	G	A	0.443247	0.983109	1.40648	2.4E-01	-0.0070385	0.00567961	1.53576	2.2E-01
rs11677500	2	24846815	0.456236	A	G	0.443551	0.997596	0.459297	5.0E-01	-0.00405092	0.00563016	0.517684	4.7E-01
rs7933	2	43452183	0.682402	A	G	0.63484	0.981779	0.116914	7.3E-01	-0.0015593	0.00585651	0.0708896	7.9E-01
rs56266464	2	44054991	0.686489	G	A	0.939561	0.986548	0.0186096	8.9E-01	0.00184872	0.0118363	0.0243955	8.8E-01
rs36072157	2	48953740	0.765134	G	C	0.658182	0.956087	0.0174473	8.9E-01	-0.000422885	0.00602269	0.00493018	9.4E-01
rs6546196	2	66144496	0.916561	G	A	0.52511	0.993792	0.00280518	9.6E-01	-0.000215067	0.00562858	0.00145999	9.7E-01
rs4316926	2	66749108	0.924328	G	A	0.396562	0.99766	1.45083	2.3E-01	-0.00777775	0.00572683	1.8445	1.7E-01
rs2170702	2	67571130	0.937008	T	C	0.545608	0.996677	0.902025	3.4E-01	0.00637596	0.00564935	1.27378	2.6E-01
rs12712049	2	100208830	1.21955	A	G	0.176682	0.985519	0.70736	4.0E-01	0.00681448	0.00737667	0.853383	3.6E-01
rs72946301	2	111861838	1.33125	G	A	0.903858	0.964859	1.6873	1.9E-01	0.0123451	0.00966653	1.63097	2.0E-01
rs7593247	2	119337589	1.3956	C	T	0.503776	0.990163	1.33893	2.5E-01	0.00720158	0.00561997	1.64205	2.0E-01
rs114666647	2	158393301	1.76187	T	C	0.987766	1	2.07503	1.5E-01	0.0357349	0.0254721	1.96814	1.6E-01
rs11899550	2	158451825	1.76314	C	T	0.929017	0.994523	4.37954	3.6E-02	0.0218486	0.0108946	4.02187	4.5E-02
rs62173895	2	165477903	1.81419	G	C	0.329958	0.997788	9.49456	2.1E-03	-0.0178309	0.00597891	8.89413	2.9E-03
rs3769872	2	165565548	1.81514	C	T	0.94193	0.997539	2.54738	1.1E-01	0.0194856	0.0119968	2.63813	1.0E-01
rs115283512	2	172379649	1.89769	C	T	0.817448	0.996247	0.162691	6.9E-01	-0.00386781	0.00726654	0.283319	5.9E-01
rs62173497	2	187821910	2.04064	C	A	0.889367	0.96522	0.39926	5.3E-01	-0.00580099	0.00906452	0.409556	5.2E-01
rs1837121	2	216292331	2.28555	G	A	0.273387	0.99918	0.131593	7.2E-01	0.00184606	0.00628302	0.086329	7.7E-01
rs16857748	2	218382258	2.32414	C	T	0.903268	0.999764	0.237097	6.3E-01	0.00424895	0.00947365	0.201154	6.5E-01
rs16866785	2	226899056	2.44178	A	G	0.775294	0.992487	0.486643	4.9E-01	0.00400267	0.0067289	0.353844	5.5E-01
rs305506	3	12026709	0.296805	G	T	0.113568	0.992655	1.12701	2.9E-01	0.00825422	0.00886257	0.867426	3.5E-01
rs114252958	3	12409938	0.29797	C	T	0.982985	0.956617	7.32867	6.8E-03	0.0588609	0.0222116	7.02254	8.0E-03
rs13086654	3	35532275	0.595296	G	A	0.863269	0.996625	0.000700323	9.8E-01	0.000697587	0.00812442	0.00737245	9.3E-01
rs11926707	3	46925539	0.687568	T	C	0.379129	0.985514	0.560182	4.5E-01	-0.0041588	0.00579353	0.515287	4.7E-01
rs614288	3	52220203	0.695484	T	C	0.466764	1	0.889494	3.5E-01	0.00510681	0.00559557	0.832933	3.6E-01
rs11718560	3	64584862	0.868956	C	T	0.73185	0.985124	0.060036	8.1E-01	-0.00237745	0.00635409	0.139996	7.1E-01
rs4688498	3	64674599	0.871028	C	T	0.669691	0.985151	0.572444	4.5E-01	0.00428767	0.00599233	0.511978	4.7E-01
rs9872683	3	123155892	1.35844	A	C	0.408017	0.993775	0.766943	3.8E-01	-0.00422071	0.00570015	0.548273	4.6E-01
rs62265318	3	128752986	1.42297	G	A	0.965099	0.926921	1.773	1.8E-01	0.0205964	0.0158118	1.69675	1.9E-01
rs143418767	3	129105690	1.42548	G	A	0.980766	0.944053	0.0292785	8.6E-01	-0.00235444	0.0209846	0.0125886	9.1E-01
rs112551697	3	150018637	1.64271	G	A	0.965538	0.928479	0.828987	3.6E-01	-0.0121811	0.0158638	0.589598	4.4E-01
rs7617389	3	156801088	1.71237	T	C	0.325852	0.969927	0.000189719	9.9E-01	0.000331019	0.00607277	0.00297121	9.6E-01
rs998749	3	168972802	1.77947	A	G	0.517179	0.992407	1.05671	3.0E-01	-0.00536849	0.00560665	0.916849	3.4E-01
rs1499813	3	171760427	1.8208	T	C	0.587419	1	1.53193	2.2E-01	0.00696971	0.00570705	1.49144	2.2E-01
rs11705729	3	185507299	2.01659	A	T	0.686901	0.999805	2.54469	1.1E-01	-0.0103413	0.00603169	2.93949	8.6E-02
rs7697256	4	848335	0.00782825	C	T	0.727427	0.999147	0.545931	4.6E-01	0.00511799	0.0062817	0.663811	4.2E-01
rs7659144	4	3098321	0.0324978	C	G	0.656223	0.995037	3.80015	5.1E-02	0.0118914	0.00588849	4.07806	4.3E-02
rs4450871	4	4990298	0.0879764	A	G	0.554786	1	3.85884	4.9E-02	0.0107787	0.00563959	3.65287	5.6E-02
rs1912897	4	26006133	0.455942	A	T	0.793044	0.98817	0.115506	7.3E-01	-0.00336512	0.00695158	0.234333	6.3E-01
rs17644283	4	26308792	0.461396	A	G	0.370737	0.99507	1.52552	2.2E-01	0.00667969	0.00581751	1.31837	2.5E-01
rs11133373	4	56215631	0.730194	C	G	0.682781	0.992346	1.36649	2.4E-01	-0.0076417	0.00604207	1.59959	2.1E-01
rs3775403	4	89615174	1.04851	T	C	0.86903	0.98982	0.467916	4.9E-01	0.00415317	0.00834316	0.247798	6.2E-01
rs17014616	4	89736565	1.04925	A	T	0.931092	0.996962	5.40112	2.0E-02	-0.0259403	0.0110578	5.50314	1.9E-02
rs12647922	4	106063987	1.17944	C	T	0.794559	0.998343	4.59265	3.2E-02	0.0155995	0.00692349	5.07657	2.4E-02
rs7655064	4	120106348	1.31331	T	C	0.875316	0.995692	2.39553	1.2E-01	0.0141878	0.00847267	2.80408	9.4E-02
rs11727676	4	145659064	1.53853	T	C	0.903377	1	3.99525	4.6E-02	-0.0191858	0.00948738	4.08947	4.3E-02
rs13178917	5	4007353	0.10142	C	T	0.551984	0.99437	5.817	1.6E-02	0.0136209	0.0056166	5.88117	1.5E-02
rs3792751	5	32773314	0.512212	C	T	0.626597	0.990118	0.0194697	8.9E-01	0.000923407	0.00580582	0.0252964	8.7E-01
rs17457629	5	38795199	0.597633	A	T	0.728225	0.988005	1.44471	2.3E-01	0.008166	0.00632345	1.66767	2.0E-01
rs2448	5	53302354	0.644969	T	C	0.737829	0.999532	3.85851	4.9E-02	-0.0120589	0.00637477	3.57836	5.9E-02
rs1559215	5	54867827	0.667887	G	A	0.339397	0.996823	0.236586	6.3E-01	0.0024526	0.00592765	0.171194	6.8E-01
rs11949724	5	55832217	0.681021	G	A	0.635445	1	2.99554	8.3E-02	-0.0105044	0.00583136	3.24492	7.2E-02
rs1002473	5	56274077	0.686309	T	G	0.206207	0.999836	1.58825	2.1E-01	0.00936403	0.00693628	1.82252	1.8E-01
rs34697	5	66298637	0.77068	A	G	0.4326	0.987874	0.121952	7.3E-01	-0.000704417	0.00569146	0.0153183	9.0E-01
rs253407	5	74926778	0.860943	A	G	0.275713	1	0.136959	7.1E-01	-0.00256358	0.00626471	0.167453	6.8E-01
rs6870983	5	87697533	1.01437	C	T	0.78719	0.995128	5.83505	1.6E-02	0.0166209	0.00683836	5.90754	1.5E-02
rs27361	5	102548967	1.1092	G	A	0.70025	0.998319	0.651805	4.2E-01	0.00490274	0.00611332	0.643166	4.2E-01
rs34864074	5	112875535	1.20089	A	C	0.809872	0.995669	1.26478	2.6E-01	-0.0086194	0.00717964	1.44128	2.3E-01
rs10519585	5	118676529	1.27446	T	C	0.712539	0.977148	1.59134	2.1E-01	0.0085148	0.00624494	1.85906	1.7E-01
rs4705986	5	132349654	1.39065	T	G	0.937238	0.978165	0.163782	6.9E-01	0.00607552	0.0116713	0.270974	6.0E-01
rs33999	5	141973349	1.48937	C	G	0.612054	0.9834	0.621691	4.3E-01	0.00546502	0.0057765	0.895063	3.4E-01
rs10477191	5	142077715	1.49476	A	G	0.950883	0.911257	1.59628	2.1E-01	-0.0191163	0.0136172	1.97075	1.6E-01
rs72846967	5	171849098	1.88961	A	G	0.706241	0.999429	0.000459622	9.8E-01	6.68963e-05	0.00614456	0.000118528	9.9E-01
rs2053681	5	172746086	1.91113	A	G	0.485617	0.912476	0.0808039	7.8E-01	-0.00140515	0.00587368	0.0572299	8.1E-01
rs201058	6	6726017	0.180973	A	G	0.43899	0.99583	1.42444	2.3E-01	0.0062869	0.00564397	1.2408	2.7E-01
rs2326776	6	6761881	0.18302	G	A	0.790622	0.988382	0.497397	4.8E-01	0.00557695	0.00691535	0.650378	4.2E-01
rs7751325	6	7209132	0.195952	C	T	0.550378	0.99847	4.41674	3.6E-02	0.0118487	0.00563477	4.42169	3.5E-02
rs17584626	6	20560435	0.409936	A	T	0.687035	0.984667	12.7075	3.6E-04	0.0221275	0.00607792	13.2542	2.7E-04
rs55964643	6	26340872	0.494284	G	A	0.496441	0.936399	0.961576	3.3E-01	0.00574118	0.00574346	0.999209	3.2E-01
rs114376405	6	30770701	0.507083	G	A	0.988554	0.994696	0.314351	5.8E-01	-0.0184479	0.0263859	0.488824	4.8E-01
rs3094225	6	31113052	0.510178	G	A	0.269685	0.999821	5.08372	2.4E-02	-0.013645	0.00631752	4.66502	3.1E-02
rs117108573	6	32489679	0.520303	C	T	0.921402	0.866866	1.76063	1.8E-01	0.0138271	0.0111052	1.55028	2.1E-01
rs142779375	6	34165351	0.545713	T	G	0.952716	0.997081	0.571397	4.5E-01	0.00873696	0.0131866	0.438991	5.1E-01
rs1574430	6	43269029	0.669727	A	C	0.391324	0.999399	0.831121	3.6E-01	-0.00527807	0.00573507	0.846982	3.6E-01
rs9381248	6	43734606	0.675407	C	T	0.878354	0.993046	1.23485	2.7E-01	0.0087586	0.00859838	1.03761	3.1E-01
rs35349911	6	43785255	0.678849	C	T	0.409609	0.97009	1.22946	2.7E-01	0.0060702	0.0057899	1.09917	2.9E-01
rs10452561	6	80805796	0.920872	T	C	0.87429	0.991795	0.00430808	9.5E-01	0.000225067	0.00845335	0.000708872	9.8E-01
rs1902066	6	81346033	0.922431	T	C	0.43758	0.991679	0.0779638	7.8E-01	-0.00166086	0.00566943	0.0858193	7.7E-01
rs6924944	6	100597579	1.0811	A	T	0.245822	0.981159	1.34219	2.5E-01	-0.00743722	0.00657953	1.27771	2.6E-01
rs72969772	6	126187585	1.32503	A	G	0.980331	1	0.00176775	9.7E-01	0.00212711	0.0202172	0.0110698	9.2E-01
rs9986505	6	126445558	1.32603	A	G	0.676109	0.991308	2.17983	1.4E-01	0.00883212	0.0060061	2.16244	1.4E-01
rs74949497	6	126812007	1.32699	A	C	0.975179	1	0.210858	6.5E-01	0.00846692	0.0180955	0.218931	6.4E-01
rs9389689	6	139813632	1.50282	G	C	0.504922	0.997811	0.0158169	9.0E-01	-0.000808522	0.00558953	0.0209234	8.8E-01
rs851978	6	152029556	1.64243	G	T	0.726314	0.996212	2.49139	1.1E-01	-0.00942623	0.00629861	2.23968	1.3E-01
rs9365100	6	160248806	1.76828	G	A	0.984449	0.969721	0.692521	4.1E-01	-0.0181192	0.0229098	0.625509	4.3E-01
rs3824081	7	1024581	0.0111133	T	C	0.474026	0.994464	0.760855	3.8E-01	-0.00400585	0.00562523	0.507118	4.8E-01
rs960589	7	25823647	0.43812	A	C	0.837341	0.976235	0.198654	6.6E-01	0.00373122	0.00765228	0.23775	6.3E-01
rs12671127	7	26309246	0.44373	C	T	0.633603	0.988487	1.7695	1.8E-01	-0.00817587	0.00582604	1.96934	1.6E-01
rs2189239	7	27237453	0.453427	C	T	0.917101	0.977954	1.4336	2.3E-01	0.0128062	0.0102761	1.55305	2.1E-01
rs13223303	7	42692711	0.680137	T	C	0.707876	0.997675	1.74583	1.9E-01	0.00764823	0.00615324	1.54495	2.1E-01
rs71553230	7	71997829	0.893615	T	A	0.963498	0.829255	0.744032	3.9E-01	-0.0131828	0.0163542	0.649766	4.2E-01
rs35196119	7	72308420	0.894655	T	A	0.921338	0.998892	0.227856	6.3E-01	0.00472636	0.0104258	0.205511	6.5E-01
rs6966632	7	77342199	0.936905	G	T	0.502987	0.998098	0.867765	3.5E-01	0.00562612	0.00559827	1.00997	3.1E-01
rs2470945	7	104585760	1.19835	C	A	0.596367	0.999188	0.482237	4.9E-01	0.00407733	0.00567474	0.516249	4.7E-01
rs4313084	7	114586903	1.30546	C	T	0.0829226	0.999308	0.0301739	8.6E-01	-0.00178858	0.0101398	0.0311141	8.6E-01
rs12154627	7	130422934	1.4017	T	C	0.506905	0.97487	7.45203	6.3E-03	0.0143304	0.00565561	6.42035	1.1E-02
rs2980478	8	8088230	0.237388	T	C	0.524981	0.963758	0.0317687	8.6E-01	-0.000522083	0.00572547	0.00831491	9.3E-01
rs7017756	8	19618498	0.468976	T	C	0.132765	0.988969	2.96107	8.5E-02	0.0137834	0.00827867	2.77198	9.6E-02
rs7011846	8	19785656	0.472099	G	A	0.973936	0.953458	0.209119	6.5E-01	0.00619265	0.0180762	0.117365	7.3E-01
rs190118115	8	19793581	0.472107	C	T	0.981498	0.949118	1.36603	2.4E-01	-0.022362	0.0212652	1.10582	2.9E-01
rs117910839	8	19822741	0.472654	T	A	0.96886	0.96561	0.626546	4.3E-01	-0.0120797	0.0163925	0.543029	4.6E-01
rs11992444	8	25464690	0.565812	G	T	0.490572	1	0.974222	3.2E-01	0.00541957	0.00558502	0.94163	3.3E-01
rs7815496	8	38321607	0.69461	C	T	0.597428	0.996532	4.74241	2.9E-02	-0.0124503	0.00570245	4.76692	2.9E-02
rs10093418	8	72392687	0.950051	A	G	0.892438	0.978176	3.70638	5.4E-02	-0.0193184	0.00907069	4.5359	3.3E-02
rs144435165	8	126419938	1.45107	G	C	0.944191	0.785853	6.46983	1.1E-02	-0.0360325	0.0137305	6.88678	8.7E-03
rs283727	8	128313360	1.48991	G	A	0.46511	0.977161	0.164843	6.8E-01	0.00247112	0.00569008	0.188604	6.6E-01
rs2131919	9	95283887	1.12689	A	G	0.836662	0.999136	0.0881415	7.7E-01	-0.0024413	0.00759157	0.103414	7.5E-01
rs2398893	9	96758342	1.14182	A	G	0.725416	0.999804	1.5932	2.1E-01	-0.00754634	0.00628033	1.4438	2.3E-01
rs12686004	9	107653426	1.24316	G	A	0.884336	1	2.40064	1.2E-01	0.0126261	0.00874407	2.08501	1.5E-01
rs10991414	9	107685589	1.24582	T	C	0.861077	0.989408	0.601148	4.4E-01	0.00684972	0.00815152	0.706103	4.0E-01
rs73519946	9	107868862	1.24912	A	T	0.958101	0.989128	3.51439	6.1E-02	0.0275652	0.0140611	3.8431	5.0E-02
rs7873635	9	136132012	1.66202	T	C	0.415776	0.99671	0.0166486	9.0E-01	-3.55212e-05	0.00567672	3.91543e-05	1.0E+00
rs7096078	10	3560644	0.0740604	C	T	0.425455	0.981688	2.32625	1.3E-01	0.00904513	0.00570335	2.51519	1.1E-01
rs2907794	10	32391109	0.603202	G	A	0.758274	0.99713	0.0352033	8.5E-01	-0.00160474	0.00653323	0.060333	8.1E-01
rs2247486	10	33489594	0.609463	A	G	0.603116	0.998525	0.557379	4.6E-01	-0.00452374	0.00570252	0.629306	4.3E-01
rs12243209	10	63783406	0.859343	T	C	0.963641	0.99691	4.79275	2.9E-02	-0.0356917	0.0149971	5.66397	1.7E-02
rs10995041	10	63867523	0.860298	A	C	0.754044	0.97671	0.193143	6.6E-01	0.0026953	0.00658856	0.167353	6.8E-01
rs7089698	10	65384567	0.871611	A	G	0.465257	0.998398	1.3176	2.5E-01	0.00815381	0.00562601	2.10049	1.5E-01
rs703985	10	80940740	1.06575	A	T	0.590873	0.992524	0.0572796	8.1E-01	0.00175271	0.00571462	0.0940691	7.6E-01
rs11202614	10	89755643	1.15952	C	T	0.838039	0.997476	0.724392	3.9E-01	-0.00722171	0.00762536	0.896931	3.4E-01
rs10882028	10	93943900	1.2086	C	T	0.408964	0.999201	0.00456652	9.5E-01	-6.21549e-05	0.00567357	0.000120016	9.9E-01
rs7917772	10	104487443	1.30576	G	A	0.367979	1	2.72351	9.9E-02	-0.00955305	0.00579015	2.7221	9.9E-02
rs11596249	10	122812361	1.5266	T	G	0.911112	0.993945	0.453965	5.0E-01	-0.00579223	0.00985165	0.34568	5.6E-01
rs10788149	10	122967170	1.52881	G	A	0.320556	1	1.31188	2.5E-01	0.00695116	0.0060099	1.33777	2.5E-01
rs140201358	11	823586	0.0109832	C	G	0.986247	1	2.90497	8.8E-02	0.0406087	0.0240273	2.85646	9.1E-02
rs7932891	11	10921512	0.210707	A	G	0.294507	0.99931	0.199083	6.6E-01	-0.00239201	0.00613263	0.152136	7.0E-01
rs11029441	11	26279145	0.452845	T	C	0.920419	0.988421	5.88802	1.5E-02	-0.0232327	0.0103966	4.99366	2.5E-02
rs12786130	11	27505954	0.464069	C	T	0.238286	0.989196	0.493643	4.8E-01	-0.00425089	0.00659865	0.415002	5.2E-01
rs56386213	11	36291554	0.562467	A	G	0.595039	1	0.206106	6.5E-01	-0.00167219	0.00566688	0.0870729	7.7E-01
rs198459	11	61525020	0.703178	G	A	0.783761	0.990165	0.0462587	8.3E-01	-0.00169584	0.0068228	0.0617795	8.0E-01
rs56271783	11	64004723	0.731099	G	C	0.954254	0.977129	0.159254	6.9E-01	0.0035807	0.0135681	0.0696467	7.9E-01
rs61881114	11	68996697	0.758653	C	T	0.848454	0.991928	1.9604	1.6E-01	0.0111569	0.00781144	2.03999	1.5E-01
rs12362685	11	111478720	1.18727	A	T	0.621334	0.997217	0.117519	7.3E-01	-0.00193416	0.00577751	0.112074	7.4E-01
rs4938301	11	116575473	1.26018	G	A	0.79443	0.992895	0.0438901	8.3E-01	0.00126487	0.00695603	0.0330651	8.6E-01
rs1003081	11	118913993	1.29361	C	T	0.544856	0.993306	1.49467	2.2E-01	-0.00703937	0.00563164	1.56242	2.1E-01
rs747249	11	130271647	1.49781	A	G	0.360843	0.986641	0.116828	7.3E-01	0.00281981	0.00586924	0.230821	6.3E-01
rs10771260	12	26253557	0.45721	A	C	0.608196	0.995844	1.09559	3.0E-01	-0.00658019	0.00575386	1.30785	2.5E-01
rs16915737	12	26403614	0.459048	C	T	0.928542	0.993226	0.115627	7.3E-01	-0.00290245	0.010863	0.071389	7.9E-01
rs7310959	12	45968598	0.59006	G	A	0.897558	1	0.00174116	9.7E-01	-0.00138774	0.0092414	0.0225497	8.8E-01
rs75824359	12	54320490	0.68262	A	G	0.970264	0.973341	0.0126204	9.1E-01	0.002103	0.0166819	0.0158924	9.0E-01
rs7961915	12	66425288	0.795219	A	G	0.213936	0.943584	1.2343	2.7E-01	0.00789979	0.00700789	1.27074	2.6E-01
rs704067	12	89726027	1.03172	G	A	0.545156	0.989595	2.25101	1.3E-01	0.00787012	0.00566259	1.93167	1.6E-01
rs7958469	12	107052620	1.26171	G	A	0.638722	0.995036	6.51226	1.1E-02	-0.0151573	0.0058339	6.75032	9.4E-03
rs1169809	12	121688026	1.45624	G	A	0.700989	0.994402	1.655	2.0E-01	-0.00867994	0.00612126	2.01073	1.6E-01
rs139948644	12	123200016	1.46983	C	T	0.9722	0.923516	0.22357	6.4E-01	-0.0085154	0.0176644	0.232386	6.3E-01
rs11060406	12	123339117	1.47024	C	T	0.963248	0.964271	0.049037	8.2E-01	-0.00261972	0.015081	0.030175	8.6E-01
rs34149579	12	123345509	1.47026	G	T	0.94736	1	4.78889	2.9E-02	-0.0278349	0.0125197	4.94296	2.6E-02
rs11613189	12	124642803	1.48018	C	T	0.627036	0.983075	0.015783	9.0E-01	0.000585794	0.00586137	0.0099883	9.2E-01
rs1045411	13	31033232	0.263482	C	T	0.731303	0.996942	3.21255	7.3E-02	0.0107	0.00633229	2.85527	9.1E-02
rs10507524	13	44684600	0.468128	T	C	0.907232	0.994143	3.28591	7.0E-02	-0.0184053	0.00970017	3.60019	5.8E-02
rs7334326	13	50967732	0.53896	G	C	0.858577	0.996316	2.02904	1.5E-01	-0.0119069	0.00803291	2.19712	1.4E-01
rs8012185	14	58668484	0.537795	A	G	0.723149	0.991197	0.081497	7.8E-01	-0.00193923	0.0062674	0.0957379	7.6E-01
rs1286138	14	91485445	0.882014	T	G	0.326294	0.996304	1.52444	2.2E-01	0.00678154	0.00596712	1.2916	2.6E-01
rs2124307	14	98344662	1.02722	T	C	0.377657	0.998341	0.042252	8.4E-01	-0.00151532	0.00578155	0.0686945	7.9E-01
rs7402977	15	31726824	0.452929	G	A	0.733321	0.984393	0.327957	5.7E-01	0.00438112	0.00637532	0.472243	4.9E-01
rs12437696	15	40878474	0.62928	A	G	0.514455	0.998802	1.71301	1.9E-01	-0.00723874	0.00561635	1.66118	2.0E-01
rs149492745	15	43099550	0.641031	C	T	0.977335	0.916905	4.12286	4.2E-02	-0.0378408	0.019629	3.71642	5.4E-02
rs11630710	15	56364758	0.756318	G	T	0.893175	0.979091	0.625591	4.3E-01	0.00738065	0.00918275	0.646016	4.2E-01
rs12911939	15	63800065	0.876679	T	C	0.431964	0.996322	3.44432	6.3E-02	0.0115104	0.00566203	4.13272	4.2E-02
rs762551	15	75041917	1.00314	C	A	0.274033	1	1.00203	3.2E-01	0.00621486	0.00626976	0.982566	3.2E-01
rs2401948	16	1340854	0.0338191	G	C	0.470435	0.984992	0.710891	4.0E-01	-0.00416129	0.00564398	0.543605	4.6E-01
rs3747577	16	4415696	0.082586	C	G	0.259472	0.988145	0.230319	6.3E-01	-0.00208297	0.00642319	0.105163	7.5E-01
rs12918743	16	11624245	0.272102	G	A	0.537719	0.991971	3.78432	5.2E-02	-0.011533	0.00562518	4.20349	4.0E-02
rs4787456	16	28559573	0.542371	C	T	0.63414	0.996921	1.62349	2.0E-01	0.00777807	0.00577937	1.81127	1.8E-01
rs10083738	16	29927702	0.553162	G	A	0.451223	0.999839	0.384758	5.4E-01	-0.00427402	0.00562788	0.576744	4.5E-01
rs16952242	16	53474250	0.64336	G	A	0.697893	0.997944	0.12929	7.2E-01	-0.00221735	0.00610419	0.131951	7.2E-01
rs9937053	16	53799507	0.64597	G	A	0.57719	0.999601	0.0813884	7.8E-01	-0.00156528	0.00566934	0.0762291	7.8E-01
rs11866219	16	69549749	0.858341	A	C	0.415062	0.975783	33.6174	6.7E-09	0.0333561	0.00575593	33.5831	6.8E-09
rs2550733	16	81449060	1.04439	A	G	0.430497	1	0.379811	5.4E-01	0.00349298	0.00566203	0.380582	5.4E-01
rs2927333	16	81509279	1.0455	A	G	0.679412	0.985143	1.66341	2.0E-01	0.00728795	0.00605737	1.44758	2.3E-01
rs727428	17	7537792	0.196849	T	C	0.442891	1	0.479857	4.9E-01	-0.00333993	0.00561988	0.353199	5.5E-01
rs8075019	17	17455192	0.444844	G	A	0.875693	0.988404	1.05161	3.1E-01	0.0086655	0.00851219	1.03635	3.1E-01
rs16942379	17	21259827	0.471679	C	T	0.508158	0.995529	0.255166	6.1E-01	0.00359781	0.0056117	0.411043	5.2E-01
rs11651639	17	27672320	0.49569	A	T	0.483934	0.999433	0.0923723	7.6E-01	0.00193462	0.00559507	0.119559	7.3E-01
rs2306593	17	34866546	0.59517	C	T	0.509196	0.996584	2.74283	9.8E-02	-0.00904461	0.00560353	2.60529	1.1E-01
rs55883500	17	40395267	0.664304	T	G	0.691319	0.998762	4.7685	2.9E-02	-0.0137691	0.00605388	5.17301	2.3E-02
rs56328224	17	43572419	0.687192	C	T	0.774989	0.995527	0.00165785	9.7E-01	0.000601852	0.00673386	0.00798823	9.3E-01
rs11871767	17	61698723	0.887174	A	G	0.724048	0.995857	0.136294	7.1E-01	-0.00124566	0.00628113	0.0393296	8.4E-01
rs75003668	17	64195431	0.918963	A	G	0.966641	0.97092	2.6931	1.0E-01	0.0270048	0.0158091	2.91787	8.8E-02
rs113120414	17	66945345	0.964692	A	G	0.942643	0.937715	0.353854	5.5E-01	0.00697742	0.0124183	0.315694	5.7E-01
rs3810068	18	2846499	0.0738566	T	C	0.595449	1	6.651	9.9E-03	0.0134392	0.00568501	5.58833	1.8E-02
rs4890429	18	40697481	0.611694	T	C	0.738768	0.995191	0.912442	3.4E-01	0.00608329	0.00639236	0.90564	3.4E-01
rs357900	18	46585235	0.687097	T	A	0.110181	0.998906	0.455416	5.0E-01	-0.00561084	0.00892349	0.395354	5.3E-01
rs3897645	18	57728947	0.82135	T	C	0.443583	1	0.002552	9.6E-01	0.00090655	0.00565679	0.0256828	8.7E-01
rs2331933	18	57955945	0.822668	T	G	0.652206	0.979252	0.639223	4.2E-01	0.00396893	0.00595039	0.444892	5.0E-01
rs12979965	19	2131148	0.0753026	A	G	0.499935	0.991113	1.55732	2.1E-01	-0.00667386	0.00561689	1.41176	2.3E-01
rs2240702	19	4159873	0.144523	A	G	0.883391	0.986669	1.89838	1.7E-01	-0.014335	0.00874823	2.68505	1.0E-01
rs1799815	19	7125519	0.224812	G	A	0.932209	1	7.04994	7.9E-03	0.030283	0.0111078	7.43263	6.4E-03
rs35555265	19	17152232	0.420672	C	T	0.803226	0.993265	3.59158	5.8E-02	0.0128222	0.00705163	3.30633	6.9E-02
rs72999466	19	18248499	0.447893	C	T	0.742119	0.99893	0.322816	5.7E-01	0.00286997	0.00639504	0.201405	6.5E-01
rs1423056	19	33780444	0.560699	G	A	0.681801	0.903762	0.173601	6.8E-01	-0.00244724	0.00632964	0.149485	7.0E-01
rs113504807	19	33787954	0.561506	C	T	0.951243	0.934153	0.095805	7.6E-01	0.00164128	0.0134185	0.0149609	9.0E-01
rs544964	19	37409561	0.616104	A	G	0.417233	0.998743	0.586545	4.4E-01	-0.00440252	0.00568784	0.599112	4.4E-01
rs62116588	19	44446097	0.68736	C	G	0.976804	0.933368	0.338767	5.6E-01	0.0119026	0.0192783	0.381195	5.4E-01
rs142751148	19	45100982	0.69683	G	T	0.973357	0.950645	0.529719	4.7E-01	-0.0129517	0.0177993	0.52948	4.7E-01
rs181765708	19	45880690	0.715179	C	T	0.983745	0.92116	1.11411	2.9E-01	-0.0240429	0.0230261	1.09027	3.0E-01
rs35068131	19	55983854	0.996203	T	C	0.534318	0.942965	0.194963	6.6E-01	0.00258094	0.00577363	0.199829	6.5E-01
rs151235402	20	569164	0.0196907	C	T	0.984758	0.956324	1.16806	2.8E-01	-0.0236236	0.023484	1.01192	3.1E-01
rs805769	20	5667459	0.191037	T	C	0.595318	0.99253	7.2694	7.0E-03	-0.0148384	0.00572216	6.72441	9.5E-03
rs2618568	20	17843968	0.423696	C	A	0.3842	0.989119	0.236833	6.3E-01	-0.00287264	0.00576899	0.247949	6.2E-01
rs2207132	20	39142516	0.589709	G	A	0.966683	1	4.14177	4.2E-02	-0.0294016	0.0155832	3.55982	5.9E-02
rs3091552	20	45440006	0.689385	C	G	0.264166	0.950692	0.349978	5.5E-01	0.00338522	0.00649624	0.27155	6.0E-01
rs1999536	20	45581777	0.691337	G	C	0.430703	0.994672	0.162613	6.9E-01	0.00201836	0.00566099	0.12712	7.2E-01
rs1206829	20	45762552	0.696622	A	G	0.446384	0.998025	0.689281	4.1E-01	-0.00514447	0.00562651	0.835995	3.6E-01
rs6063779	20	50964151	0.79129	A	G	0.716747	0.997749	0.209339	6.5E-01	0.00248058	0.00621283	0.159415	6.9E-01
rs28710106	20	51712678	0.801721	C	T	0.889917	0.997611	1.05012	3.1E-01	-0.0104144	0.00896102	1.35067	2.5E-01
rs6090040	20	62692060	1.09656	A	C	0.479436	0.988701	10.0051	1.6E-03	0.0176705	0.00563054	9.84912	1.7E-03
rs66836452	21	33058743	0.322744	C	T	0.898201	0.995819	9.67886	1.9E-03	-0.0280784	0.00927425	9.16616	2.5E-03
rs2836139	21	39451403	0.432375	A	G	0.514906	0.9942	1.68965	1.9E-01	-0.00704609	0.00563584	1.56307	2.1E-01
rs9625551	22	29140529	0.338663	G	A	0.97919	0.995212	4.1685	4.1E-02	0.0383526	0.019573	3.83949	5.0E-02
