SNP	CHR	BP	GENPOS	ALLELE1	ALLELE0	A1FREQ	INFO	CHISQ_LINREG	P_LINREG	BETA	SE	CHISQ_BOLT_LMM_INF	P_BOLT_LMM_INF	CHISQ_BOLT_LMM	P_BOLT_LMM
rs1294014	1	9325676	0.18921	C	T	0.732088	0.974098	6.15638	1.3E-02	-0.0164165	0.00644193	6.49422	1.1E-02	6.87619	8.7E-03
rs1294014	1	9325676	0.18921	C	T	0.732088	0.974098	6.15638	1.3E-02	-0.0164165	0.00644193	6.49422	1.1E-02	6.87619	8.7E-03
rs10753554	1	23619009	0.461644	T	C	0.260317	0.989627	3.72984	5.3E-02	-0.0130166	0.00643573	4.09072	4.3E-02	3.87827	4.9E-02
rs72663503	1	39969059	0.670152	C	T	0.771573	0.996098	0.0158161	9.0E-01	0.00202132	0.00669566	0.0911345	7.6E-01	0.0843944	7.7E-01
rs657452	1	49589847	0.760469	A	G	0.390779	0.988645	0.430624	5.1E-01	0.00494898	0.00576469	0.737021	3.9E-01	0.382998	5.4E-01
rs624698	1	62900811	0.92277	A	G	0.58261	0.969721	91.388	1.2E-21	0.0562636	0.00577585	94.8903	2.0E-22	104.007	2.0E-24
rs9436299	1	65892888	0.967508	C	A	0.325082	0.970882	0.667777	4.1E-01	0.00442846	0.0060901	0.528758	4.7E-01	1.07546	3.0E-01
rs1526480	1	91209986	1.21385	T	C	0.625038	1	4.8753	2.7E-02	-0.0128793	0.00582186	4.89399	2.7E-02	4.36921	3.7E-02
rs4375301	1	98298371	1.27828	A	G	0.767662	0.993807	0.0688528	7.9E-01	-0.00176641	0.006685	0.0698197	7.9E-01	0.0986237	7.5E-01
rs3108680	1	107572997	1.35724	T	C	0.652386	0.999501	5.49287	1.9E-02	-0.0146918	0.00593717	6.12337	1.3E-02	4.29172	3.8E-02
rs4970829	1	109757295	1.38629	G	A	0.928491	1	43.2572	4.8E-11	0.0730476	0.010897	44.9367	2.0E-11	45.3099	1.7E-11
rs2076586	1	112273026	1.42823	C	T	0.753838	0.980886	3.79915	5.1E-02	-0.0133889	0.00659225	4.125	4.2E-02	5.16125	2.3E-02
rs114056923	1	154868744	1.69777	T	C	0.966966	1	0.0011589	9.7E-01	-0.00229329	0.0157768	0.021129	8.8E-01	0.0237011	8.8E-01
rs17345893	1	170171874	1.91645	C	T	0.933651	0.998406	2.15025	1.4E-01	0.0161653	0.011289	2.0505	1.5E-01	1.69373	1.9E-01
rs1953096	1	170318770	1.91758	G	A	0.762782	0.999479	0.146982	7.0E-01	0.00245704	0.00662884	0.137388	7.1E-01	0.046475	8.3E-01
rs6697844	1	172308238	1.93873	C	T	0.56798	0.996349	1.53189	2.2E-01	-0.00775127	0.00565604	1.87811	1.7E-01	2.14369	1.4E-01
rs633715	1	177852580	1.98813	T	C	0.789275	1	3.7705	5.2E-02	0.0134914	0.00690227	3.82056	5.1E-02	4.20935	4.0E-02
rs11807331	1	196427811	2.14315	T	C	0.684298	0.996378	2.88563	8.9E-02	0.010158	0.00604716	2.82171	9.3E-02	3.25643	7.1E-02
rs11240351	1	205044339	2.25371	A	G	0.594795	0.998205	0.00119336	9.7E-01	-0.000822834	0.00572242	0.0206759	8.9E-01	0.0242464	8.8E-01
rs61823192	1	219294570	2.43535	C	T	0.971468	0.90297	0.265164	6.1E-01	0.00712609	0.0177383	0.16139	6.9E-01	0.0989593	7.5E-01
rs77278027	1	219392230	2.43543	C	T	0.93823	0.976746	0.233681	6.3E-01	-0.00608695	0.0118112	0.26559	6.1E-01	0.13876	7.1E-01
rs6683741	1	219786717	2.43742	T	G	0.861853	0.991403	2.46248	1.2E-01	-0.0124463	0.00816164	2.32554	1.3E-01	1.79643	1.8E-01
rs661955	1	234842856	2.62186	G	C	0.481801	0.978806	32.3704	1.3E-08	-0.0318087	0.00567779	31.3857	2.1E-08	35.4705	2.6E-09
rs62106252	2	408713	0.00503892	G	A	0.950832	0.955734	0.516603	4.7E-01	-0.00849435	0.0132629	0.410188	5.2E-01	0.188977	6.6E-01
rs2867105	2	601905	0.00766081	T	G	0.178655	0.986439	0.291705	5.9E-01	-0.00464595	0.00739008	0.395231	5.3E-01	0.246287	6.2E-01
rs711869	2	13073967	0.297329	G	A	0.443249	0.983109	0.215709	6.4E-01	-0.00161647	0.00570464	0.0802931	7.8E-01	0.00401157	9.5E-01
rs12720816	2	21239667	0.419939	T	C	0.606216	0.97208	134.069	5.3E-31	-0.0670119	0.0058094	133.058	8.8E-31	137.594	8.9E-32
rs11677500	2	24846815	0.456236	A	G	0.443553	0.997596	0.705702	4.0E-01	0.00421548	0.00565495	0.555695	4.6E-01	0.484842	4.9E-01
rs7933	2	43452183	0.682402	A	G	0.634849	0.981779	2.45288	1.2E-01	-0.00918548	0.00588238	2.43836	1.2E-01	2.00801	1.6E-01
rs56266464	2	44054991	0.686489	G	A	0.939556	0.986548	59.0521	1.5E-14	0.0929997	0.0118881	61.1976	5.2E-15	61.8952	3.6E-15
rs36072157	2	48953740	0.765134	G	C	0.658175	0.956087	2.45994	1.2E-01	-0.00935783	0.00604916	2.3931	1.2E-01	2.53954	1.1E-01
rs1877026	2	63072208	0.885693	A	G	0.152553	0.992931	32.6193	1.1E-08	0.0442149	0.00782595	31.92	1.6E-08	32.5185	1.2E-08
rs4316926	2	66749108	0.924328	G	A	0.396567	0.99766	3.76245	5.2E-02	0.0101068	0.00575223	3.08711	7.9E-02	3.81075	5.1E-02
rs2170702	2	67571130	0.937008	T	C	0.545622	0.996677	1.42187	2.3E-01	0.00772783	0.00567426	1.8548	1.7E-01	1.47691	2.2E-01
rs12712049	2	100208830	1.21955	A	G	0.176674	0.985519	0.132759	7.2E-01	-0.00360704	0.00740932	0.236998	6.3E-01	0.129855	7.2E-01
rs72946301	2	111861838	1.33125	G	A	0.903863	0.964859	0.157378	6.9E-01	-0.00500167	0.00970937	0.265368	6.1E-01	0.0892501	7.7E-01
rs7593247	2	119337589	1.3956	C	T	0.503784	0.990163	0.0342884	8.5E-01	0.00127939	0.00564463	0.0513733	8.2E-01	0.142175	7.1E-01
rs114666647	2	158393301	1.76187	T	C	0.987759	1	2.92586	8.7E-02	-0.0431632	0.025577	2.84793	9.1E-02	2.72893	9.9E-02
rs11899550	2	158451825	1.76314	C	T	0.92902	0.994523	1.11923	2.9E-01	0.0120872	0.0109429	1.22008	2.7E-01	0.975934	3.2E-01
rs62173895	2	165477903	1.81419	G	C	0.329951	0.997788	19.954	7.9E-06	-0.0252208	0.00600533	17.6378	2.7E-05	17.7782	2.5E-05
rs3769872	2	165565548	1.81514	C	T	0.941933	0.997539	0.997762	3.2E-01	0.0135524	0.01205	1.2649	2.6E-01	1.58769	2.1E-01
rs115283512	2	172379649	1.89769	C	T	0.817449	0.996247	0.048999	8.2E-01	0.00124067	0.00729864	0.0288955	8.7E-01	0.148076	7.0E-01
rs62173497	2	187821910	2.04064	C	A	0.889372	0.96522	0.218098	6.4E-01	-0.00490432	0.00910468	0.290154	5.9E-01	0.334728	5.6E-01
rs1837121	2	216292331	2.28555	G	A	0.273406	0.99918	3.06536	8.0E-02	-0.012298	0.00631057	3.79782	5.1E-02	3.93067	4.7E-02
rs16857748	2	218382258	2.32414	C	T	0.903272	0.999764	0.0119048	9.1E-01	0.00148608	0.00951563	0.02439	8.8E-01	0.0176098	8.9E-01
rs16866785	2	226899056	2.44178	A	G	0.775296	0.992487	0.535429	4.6E-01	-0.00504868	0.00675864	0.558003	4.6E-01	0.336654	5.6E-01
rs305506	3	12026709	0.296805	G	T	0.113563	0.992655	2.4354	1.2E-01	0.0138965	0.00890314	2.43627	1.2E-01	3.22888	7.2E-02
rs114252958	3	12409938	0.29797	C	T	0.982978	0.956617	0.441959	5.1E-01	0.0116527	0.0223082	0.27285	6.0E-01	0.338616	5.6E-01
rs13086654	3	35532275	0.595296	G	A	0.863267	0.996625	0.625261	4.3E-01	-0.00543117	0.00816148	0.442842	5.1E-01	0.811929	3.7E-01
rs11926707	3	46925539	0.687568	T	C	0.379143	0.985514	3.48215	6.2E-02	-0.0103723	0.00581992	3.17626	7.5E-02	3.61484	5.7E-02
rs614288	3	52220203	0.695484	T	C	0.466765	1	0.791876	3.7E-01	-0.0052008	0.00562103	0.856068	3.5E-01	1.08193	3.0E-01
rs11718560	3	64584862	0.868956	C	T	0.731847	0.985124	1.09526	3.0E-01	-0.00638407	0.00638313	1.0003	3.2E-01	1.08179	3.0E-01
rs4688498	3	64674599	0.871028	C	T	0.669682	0.985151	2.08346	1.5E-01	-0.00863617	0.00601976	2.05818	1.5E-01	2.41053	1.2E-01
rs9872683	3	123155892	1.35844	A	C	0.408022	0.993775	1.66169	2.0E-01	-0.00693607	0.00572608	1.46728	2.3E-01	1.73977	1.9E-01
rs62265318	3	128752986	1.42297	G	A	0.965093	0.926921	0.00249143	9.6E-01	0.00382083	0.0158827	0.0578716	8.1E-01	0.0275401	8.7E-01
rs143418767	3	129105690	1.42548	G	A	0.980767	0.944053	4.35956	3.7E-02	0.0463924	0.0210807	4.84309	2.8E-02	5.46097	1.9E-02
rs112551697	3	150018637	1.64271	G	A	0.96554	0.928479	0.0730145	7.9E-01	-0.0018601	0.0159365	0.0136235	9.1E-01	0.114374	7.4E-01
rs7617389	3	156801088	1.71237	T	C	0.32586	0.969927	0.0438784	8.3E-01	-0.0011865	0.00610056	0.0378268	8.5E-01	0.065526	8.0E-01
rs998749	3	168972802	1.77947	A	G	0.517178	0.992407	0.0650387	8.0E-01	-0.000129807	0.00563235	0.000531153	9.8E-01	0.0034272	9.5E-01
rs1499813	3	171760427	1.8208	T	C	0.587431	1	1.41184	2.3E-01	-0.00753648	0.00573308	1.72807	1.9E-01	2.12887	1.4E-01
rs11705729	3	185507299	2.01659	A	T	0.6869	0.999805	0.105753	7.5E-01	-0.0024402	0.00605926	0.162185	6.9E-01	0.150665	7.0E-01
rs7697256	4	848335	0.00782825	C	T	0.727433	0.999147	1.13967	2.9E-01	0.00664008	0.00630996	1.10737	2.9E-01	2.02333	1.5E-01
rs7659144	4	3098321	0.0324978	C	G	0.656231	0.995037	2.08255	1.5E-01	0.0090857	0.00591497	2.35945	1.2E-01	3.11073	7.8E-02
rs4450871	4	4990298	0.0879764	A	G	0.554775	1	8.72594	3.1E-03	0.0158346	0.00566475	7.81359	5.2E-03	8.60142	3.4E-03
rs1912897	4	26006133	0.455942	A	T	0.79303	0.98817	0.980947	3.2E-01	-0.00766219	0.00698245	1.20418	2.7E-01	1.43411	2.3E-01
rs17644283	4	26308792	0.461396	A	G	0.370735	0.99507	0.0687223	7.9E-01	-0.0013214	0.00584371	0.0511316	8.2E-01	0.198492	6.6E-01
rs11133373	4	56215631	0.730194	C	G	0.682789	0.992346	0.903461	3.4E-01	-0.00678312	0.00606924	1.24908	2.6E-01	1.10134	2.9E-01
rs3775403	4	89615174	1.04851	T	C	0.869029	0.98982	1.01723	3.1E-01	0.00684199	0.00838063	0.666517	4.1E-01	0.431774	5.1E-01
rs17014616	4	89736565	1.04925	A	T	0.931087	0.996962	2.13865	1.4E-01	-0.0144986	0.0111072	1.70389	1.9E-01	1.1321	2.9E-01
rs12647922	4	106063987	1.17944	C	T	0.794569	0.998343	1.58038	2.1E-01	-0.00835915	0.00695466	1.44468	2.3E-01	1.67231	2.0E-01
rs7655064	4	120106348	1.31331	T	C	0.875314	0.995692	2.51343	1.1E-01	0.0133119	0.00851071	2.44651	1.2E-01	2.49296	1.1E-01
rs11727676	4	145659064	1.53853	T	C	0.903374	1	0.36784	5.4E-01	-0.00602444	0.00952989	0.39963	5.3E-01	0.531261	4.7E-01
rs13178917	5	4007353	0.10142	C	T	0.551974	0.99437	3.68474e-05	1.0E+00	0.00115849	0.00564117	0.0421744	8.4E-01	0.20574	6.5E-01
rs3792751	5	32773314	0.512212	C	T	0.626583	0.990118	0.0123012	9.1E-01	-0.000690873	0.00583116	0.0140374	9.1E-01	0.269664	6.0E-01
rs17457629	5	38795199	0.597633	A	T	0.728239	0.988005	0.355949	5.5E-01	0.00481669	0.00635113	0.575169	4.5E-01	0.633014	4.3E-01
rs2448	5	53302354	0.644969	T	C	0.737842	0.999532	0.608047	4.4E-01	-0.00481584	0.00640267	0.565746	4.5E-01	0.535471	4.6E-01
rs1559215	5	54867827	0.667887	G	A	0.339397	0.996823	0.00158416	9.7E-01	-0.000339684	0.00595341	0.0032555	9.5E-01	0.0607523	8.1E-01
rs11949724	5	55832217	0.681021	G	A	0.635455	1	0.200316	6.5E-01	-0.00302338	0.00585687	0.266473	6.1E-01	0.612729	4.3E-01
rs1002473	5	56274077	0.686309	T	G	0.206197	0.999836	1.01983	3.1E-01	0.00723352	0.00696668	1.07807	3.0E-01	1.55677	2.1E-01
rs34697	5	66298637	0.77068	A	G	0.432612	0.987874	0.140944	7.1E-01	0.0028465	0.00571635	0.247961	6.2E-01	0.134869	7.1E-01
rs253407	5	74926778	0.860943	A	G	0.275724	1	27.1556	1.9E-07	0.0330531	0.00629191	27.5968	1.5E-07	29.4167	5.8E-08
rs6870983	5	87697533	1.01437	C	T	0.787184	0.995128	0.113948	7.4E-01	0.00201084	0.00686828	0.0857153	7.7E-01	0.0642554	8.0E-01
rs27361	5	102548967	1.1092	G	A	0.700242	0.998319	2.01539	1.6E-01	0.0090944	0.00613991	2.19393	1.4E-01	2.19002	1.4E-01
rs34864074	5	112875535	1.20089	A	C	0.809873	0.995669	0.214866	6.4E-01	0.00341639	0.00721106	0.224459	6.4E-01	0.0972888	7.6E-01
rs10519585	5	118676529	1.27446	T	C	0.712535	0.977148	0.00351229	9.5E-01	0.00126859	0.00627227	0.0409068	8.4E-01	0.00686437	9.3E-01
rs4705986	5	132349654	1.39065	T	G	0.937241	0.978165	0.082605	7.7E-01	0.00544636	0.0117226	0.215858	6.4E-01	0.219914	6.4E-01
rs33999	5	141973349	1.48937	C	G	0.612065	0.9834	1.80448	1.8E-01	-0.00711761	0.00580177	1.50504	2.2E-01	1.26985	2.6E-01
rs10477191	5	142077715	1.49476	A	G	0.950886	0.911257	0.487264	4.9E-01	-0.0136066	0.013677	0.989726	3.2E-01	0.801144	3.7E-01
rs4704726	5	156354477	1.66272	G	A	0.636458	0.987029	33.9233	5.7E-09	-0.0338886	0.00584849	33.5752	6.9E-09	35.9561	2.0E-09
rs72846967	5	171849098	1.88961	A	G	0.706231	0.999429	3.58716	5.8E-02	-0.0117499	0.0061715	3.62485	5.7E-02	2.91911	8.8E-02
rs2053681	5	172746086	1.91113	A	G	0.485601	0.912476	0.435377	5.1E-01	-0.00388445	0.00589929	0.433569	5.1E-01	0.685446	4.1E-01
rs201058	6	6726017	0.180973	A	G	0.438993	0.99583	7.5905e-05	9.9E-01	0.00057327	0.005668	0.0102296	9.2E-01	0.0989501	7.5E-01
rs2326776	6	6761881	0.18302	G	A	0.790616	0.988382	1.31375	2.5E-01	-0.00806616	0.00694465	1.34907	2.5E-01	1.60384	2.1E-01
rs7751325	6	7209132	0.195952	C	T	0.550375	0.99847	0.0295885	8.6E-01	0.00138678	0.00565876	0.0600584	8.1E-01	0.00446447	9.5E-01
rs17584626	6	20560435	0.409936	A	T	0.687051	0.984667	0.444457	5.0E-01	-0.0037933	0.00610366	0.386236	5.3E-01	0.908855	3.4E-01
rs114376405	6	30770701	0.507083	G	A	0.988554	0.994696	0.886617	3.5E-01	-0.0286877	0.0264982	1.17208	2.8E-01	1.07633	3.0E-01
rs3094225	6	31113052	0.510178	G	A	0.26968	0.999821	3.34112	6.8E-02	-0.0118333	0.00634431	3.47894	6.2E-02	3.71105	5.4E-02
rs9267989	6	32219320	0.51869	G	T	0.79171	0.999726	0.0467615	8.3E-01	-0.00204202	0.00690043	0.0875723	7.7E-01	0.137332	7.1E-01
rs181133225	6	32454764	0.520293	T	C	0.893444	0.778953	0.699287	4.0E-01	0.00828196	0.0102619	0.651347	4.2E-01	0.283451	5.9E-01
rs117108573	6	32489679	0.520303	C	T	0.921405	0.866866	0.433958	5.1E-01	0.00755405	0.0111524	0.458799	5.0E-01	0.103818	7.5E-01
rs142779375	6	34165351	0.545713	T	G	0.952718	0.997081	2.04788	1.5E-01	-0.0201168	0.0132427	2.30761	1.3E-01	2.79292	9.5E-02
rs1574430	6	43269029	0.669727	A	C	0.391321	0.999399	0.862236	3.5E-01	0.0050995	0.00575942	0.783968	3.8E-01	0.839572	3.6E-01
rs9381248	6	43734606	0.675407	C	T	0.87836	0.993046	0.607084	4.4E-01	-0.00560901	0.00863493	0.421945	5.2E-01	0.515498	4.7E-01
rs35349911	6	43785255	0.678849	C	T	0.409597	0.97009	0.908217	3.4E-01	-0.0059576	0.00581442	1.04986	3.1E-01	0.893578	3.4E-01
rs10452561	6	80805796	0.920872	T	C	0.874288	0.991795	0.0170433	9.0E-01	-0.000465286	0.00848913	0.0030041	9.6E-01	0.00444317	9.5E-01
rs1902066	6	81346033	0.922431	T	C	0.437575	0.991679	0.207674	6.5E-01	-0.00295179	0.0056935	0.268791	6.0E-01	0.321743	5.7E-01
rs6924944	6	100597579	1.0811	A	T	0.245827	0.981159	3.29714	6.9E-02	0.0122397	0.00660744	3.43144	6.4E-02	2.76357	9.6E-02
rs72969772	6	126187585	1.32503	A	G	0.980332	1	1.16428	2.8E-01	-0.0211913	0.0203032	1.08939	3.0E-01	0.691845	4.1E-01
rs9986505	6	126445558	1.32603	A	G	0.6761	0.991308	2.22833	1.4E-01	0.00847127	0.00603163	1.97255	1.6E-01	1.92624	1.7E-01
rs74949497	6	126812007	1.32699	A	C	0.97518	1	2.18783	1.4E-01	-0.0292848	0.0181726	2.59688	1.1E-01	2.54859	1.1E-01
rs9389689	6	139813632	1.50282	G	C	0.504922	0.997811	9.3627	2.2E-03	-0.0172355	0.00561333	9.42769	2.1E-03	8.32546	3.9E-03
rs851978	6	152029556	1.64243	G	T	0.726311	0.996212	4.86149	2.7E-02	-0.0123773	0.00632508	3.82928	5.0E-02	4.19453	4.1E-02
rs998075	6	160468278	1.77084	A	G	0.53429	0.994008	45.6121	1.4E-11	0.0381846	0.00566499	45.4337	1.6E-11	46.086	1.1E-11
rs960589	7	25823647	0.43812	A	C	0.837349	0.976235	0.52976	4.7E-01	-0.00377302	0.0076883	0.240834	6.2E-01	0.232087	6.3E-01
rs12671127	7	26309246	0.44373	C	T	0.633613	0.988487	0.690304	4.1E-01	0.00557138	0.0058534	0.905961	3.4E-01	0.558244	4.5E-01
rs2189239	7	27237453	0.453427	C	T	0.917096	0.977954	0.239974	6.2E-01	-0.00459972	0.010324	0.198503	6.6E-01	0.121961	7.3E-01
rs13223303	7	42692711	0.680137	T	C	0.70789	0.997675	0.0524503	8.2E-01	0.00178452	0.00618213	0.0833235	7.7E-01	0.15824	6.9E-01
rs2240466	7	72856269	0.899612	G	A	0.874914	1	2.78495	9.5E-02	0.012653	0.00848595	2.22323	1.4E-01	1.76853	1.8E-01
rs72649044	7	73029207	0.899737	C	T	0.966833	0.988652	0.329592	5.7E-01	-0.00841508	0.0157375	0.28592	5.9E-01	0.385688	5.3E-01
rs6966632	7	77342199	0.936905	G	T	0.502987	0.998098	3.10461	7.8E-02	-0.0110523	0.00562449	3.86132	4.9E-02	3.80286	5.1E-02
rs2470945	7	104585760	1.19835	C	A	0.596387	0.999188	1.20259	2.7E-01	0.00629841	0.00570132	1.22043	2.7E-01	1.34322	2.5E-01
rs4313084	7	114586903	1.30546	C	T	0.0829266	0.999308	0.00950743	9.2E-01	0.000826276	0.0101872	0.0065787	9.4E-01	0.00213042	9.6E-01
rs12154627	7	130422934	1.4017	T	C	0.506907	0.97487	9.09117	2.6E-03	0.016549	0.00568216	8.48234	3.6E-03	8.38527	3.8E-03
rs117026536	8	19818773	0.472625	G	T	0.900105	0.996683	30.2421	3.8E-08	0.0524227	0.0093901	31.1672	2.4E-08	34.6854	3.9E-09
rs7844736	8	23551671	0.545238	A	G	0.828827	1	0.000638662	9.8E-01	0.00010498	0.00747399	0.000197292	9.9E-01	0.039451	8.4E-01
rs11992444	8	25464690	0.565812	G	T	0.49058	1	3.21403	7.3E-02	-0.00884869	0.00560976	2.48811	1.1E-01	2.30771	1.3E-01
rs7815496	8	38321607	0.69461	C	T	0.597431	0.996532	5.43677	2.0E-02	-0.0138638	0.00572773	5.85869	1.6E-02	5.2598	2.2E-02
rs1030431	8	59311697	0.818981	A	G	0.332921	0.99086	31.9798	1.6E-08	0.0333441	0.00600299	30.8534	2.8E-08	36.4239	1.6E-09
rs10093418	8	72392687	0.950051	A	G	0.892444	0.978176	0.513373	4.7E-01	-0.00771246	0.00911096	0.716568	4.0E-01	0.538658	4.6E-01
rs144435165	8	126419938	1.45107	G	C	0.944194	0.785853	13.3352	2.6E-04	-0.0539658	0.0137915	15.3114	9.1E-05	15.2626	9.4E-05
rs283727	8	128313360	1.48991	G	A	0.465104	0.977161	0.13491	7.1E-01	-0.00265548	0.00571529	0.215878	6.4E-01	0.4694	4.9E-01
rs2131919	9	95283887	1.12689	A	G	0.83667	0.999136	1.09927	2.9E-01	-0.00817614	0.00762783	1.14893	2.8E-01	1.32353	2.5E-01
rs2398893	9	96758342	1.14182	A	G	0.725421	0.999804	0.464187	5.0E-01	0.00589808	0.00631028	0.873623	3.5E-01	0.757909	3.8E-01
rs12686004	9	107653426	1.24316	G	A	0.884341	1	7.35816	6.7E-03	0.0248346	0.00878586	7.98996	4.7E-03	8.82811	3.0E-03
rs10991414	9	107685589	1.24582	T	C	0.861068	0.989408	0.312889	5.8E-01	-0.00466169	0.00819021	0.323964	5.7E-01	0.643534	4.2E-01
rs73519946	9	107868862	1.24912	A	T	0.958103	0.989128	4.18825	4.1E-02	0.0292804	0.0141284	4.29509	3.8E-02	3.98766	4.6E-02
rs687621	9	136137065	1.66206	A	G	0.681622	1	39.1487	3.9E-10	-0.0373622	0.00603422	38.3374	6.0E-10	38.8583	4.6E-10
rs7096078	10	3560644	0.0740604	C	T	0.425467	0.981688	0.196891	6.6E-01	0.00340216	0.00572911	0.352643	5.5E-01	0.152899	7.0E-01
rs2907794	10	32391109	0.603202	G	A	0.758285	0.99713	0.65836	4.2E-01	0.00462539	0.00656279	0.496729	4.8E-01	0.0734962	7.9E-01
rs2247486	10	33489594	0.609463	A	G	0.603119	0.998525	1.31199	2.5E-01	0.00589716	0.00572834	1.05981	3.0E-01	1.09066	3.0E-01
rs12243209	10	63783406	0.859343	T	C	0.963634	0.99691	0.741425	3.9E-01	-0.0130214	0.0150637	0.74723	3.9E-01	0.742863	3.9E-01
rs10995041	10	63867523	0.860298	A	C	0.754056	0.97671	1.93961	1.6E-01	-0.00977396	0.00661836	2.18092	1.4E-01	1.57907	2.1E-01
rs7089698	10	65384567	0.871611	A	G	0.465243	0.998398	1.95919	1.6E-01	-0.00670837	0.00565139	1.40904	2.4E-01	2.42729	1.2E-01
rs703985	10	80940740	1.06575	A	T	0.590861	0.992524	1.16997	2.8E-01	0.00658426	0.00574043	1.3156	2.5E-01	0.855419	3.6E-01
rs11202614	10	89755643	1.15952	C	T	0.838039	0.997476	2.06339	1.5E-01	-0.0119427	0.00765983	2.43091	1.2E-01	2.14988	1.4E-01
rs10882028	10	93943900	1.2086	C	T	0.408953	0.999201	0.0684144	7.9E-01	-0.00246138	0.0056992	0.186521	6.7E-01	0.193859	6.6E-01
rs7917772	10	104487443	1.30576	G	A	0.367969	1	1.08999	3.0E-01	0.00576317	0.00581632	0.981806	3.2E-01	1.3601	2.4E-01
rs11596249	10	122812361	1.5266	T	G	0.911116	0.993945	1.39229	2.4E-01	-0.0114835	0.00989633	1.34648	2.5E-01	1.58185	2.1E-01
rs10788149	10	122967170	1.52881	G	A	0.320548	1	0.0274151	8.7E-01	0.00137706	0.00603707	0.0520302	8.2E-01	0.000521283	9.8E-01
rs140201358	11	823586	0.0109832	C	G	0.986248	1	2.48318	1.2E-01	-0.0385644	0.0241365	2.55283	1.1E-01	1.69298	1.9E-01
rs7932891	11	10921512	0.210707	A	G	0.294517	0.99931	0.593616	4.4E-01	-0.00383664	0.00616022	0.387891	5.3E-01	1.19694	2.7E-01
rs11029441	11	26279145	0.452845	T	C	0.920415	0.988421	2.53729	1.1E-01	-0.0148974	0.0104434	2.03486	1.5E-01	1.74426	1.9E-01
rs12786130	11	27505954	0.464069	C	T	0.238291	0.989196	0.229705	6.3E-01	-0.00257562	0.00662854	0.150983	7.0E-01	0.106299	7.4E-01
rs56386213	11	36291554	0.562467	A	G	0.595018	1	0.417102	5.2E-01	-0.00290915	0.00569239	0.261182	6.1E-01	0.461821	5.0E-01
rs174528	11	61543499	0.703973	T	C	0.623454	0.995598	58.8848	1.7E-14	0.0442323	0.00581435	57.8731	2.8E-14	65.5967	5.5E-16
rs11231137	11	62315699	0.714502	G	A	0.701274	0.997506	0.060758	8.1E-01	-0.00155966	0.00614135	0.0644961	8.0E-01	0.0942658	7.6E-01
rs61881114	11	68996697	0.758653	C	T	0.848445	0.991928	2.92822	8.7E-02	0.0130832	0.00784671	2.78004	9.5E-02	2.84215	9.2E-02
rs12362685	11	111478720	1.18727	A	T	0.621328	0.997217	0.118892	7.3E-01	0.00219897	0.00580356	0.143566	7.0E-01	0.067642	7.9E-01
rs513533	11	116519358	1.25951	A	G	0.895505	0.969744	37.5001	9.1E-10	-0.0575235	0.00930964	38.1791	6.5E-10	42.657	6.5E-11
rs12804228	11	126260684	1.42442	A	G	0.914785	0.983631	35.509	2.5E-09	-0.0627825	0.0101489	38.2685	6.2E-10	36.1864	1.8E-09
rs747249	11	130271647	1.49781	A	G	0.360849	0.986641	2.93319	8.7E-02	-0.0103675	0.00589591	3.09203	7.9E-02	4.1923	4.1E-02
rs10771260	12	26253557	0.45721	A	C	0.608183	0.995844	0.0230531	8.8E-01	0.000877974	0.00578219	0.0230558	8.8E-01	0.00620398	9.4E-01
rs16915737	12	26403614	0.459048	C	T	0.928538	0.993226	0.00621665	9.4E-01	-0.000433169	0.0109166	0.00157448	9.7E-01	0.217893	6.4E-01
rs7310959	12	45968598	0.59006	G	A	0.897555	1	1.40833	2.4E-01	-0.0109647	0.00928718	1.39388	2.4E-01	1.75135	1.9E-01
rs75824359	12	54320490	0.68262	A	G	0.970266	0.973341	0.00303829	9.6E-01	0.000584633	0.016765	0.00121607	9.7E-01	0.00016128	9.9E-01
rs7961915	12	66425288	0.795219	A	G	0.213926	0.943584	0.061946	8.0E-01	-0.0018259	0.00704273	0.0672156	8.0E-01	0.0569217	8.1E-01
rs704067	12	89726027	1.03172	G	A	0.545146	0.989595	0.0368976	8.5E-01	-0.00147049	0.00569071	0.0667716	8.0E-01	0.125834	7.2E-01
rs7958469	12	107052620	1.26171	G	A	0.638699	0.995036	6.51318	1.1E-02	-0.0146404	0.00586264	6.23617	1.3E-02	5.50057	1.9E-02
rs2649999	12	121380544	1.45376	T	C	0.330394	0.973048	38.0408	6.9E-10	0.0372755	0.00606817	37.7339	8.1E-10	40.7533	1.7E-10
rs1169809	12	121688026	1.45624	G	A	0.700971	0.994402	0.0530389	8.2E-01	-0.0015708	0.0061515	0.0652047	8.0E-01	0.3588	5.5E-01
rs34149579	12	123345509	1.47026	G	T	0.947363	1	4.77738	2.9E-02	-0.0268678	0.0125821	4.55991	3.3E-02	4.68804	3.0E-02
rs1045411	13	31033232	0.263482	C	T	0.7313	0.996942	4.05373	4.4E-02	0.0134211	0.00636153	4.45097	3.5E-02	3.54045	6.0E-02
rs10507524	13	44684600	0.468128	T	C	0.907237	0.994143	1.25445	2.6E-01	-0.0103231	0.00974506	1.12215	2.9E-01	1.26398	2.6E-01
rs7334326	13	50967732	0.53896	G	C	0.858576	0.996316	7.92379	4.9E-03	-0.024115	0.00806995	8.9296	2.8E-03	8.36987	3.8E-03
rs6602909	13	114551993	1.29145	T	C	0.670097	0.995889	32.7907	1.0E-08	-0.0330104	0.00599024	30.3677	3.6E-08	28.3977	9.9E-08
rs8012185	14	58668484	0.537795	A	G	0.723155	0.991197	1.27736	2.6E-01	-0.00581582	0.00629671	0.85309	3.6E-01	1.11314	2.9E-01
rs1286138	14	91485445	0.882014	T	G	0.326286	0.996304	8.51237e-05	9.9E-01	-0.000896156	0.00599501	0.0223454	8.8E-01	0.0995984	7.5E-01
rs2124307	14	98344662	1.02722	T	C	0.377663	0.998341	1.82819	1.8E-01	0.00797378	0.00580846	1.88454	1.7E-01	1.33806	2.5E-01
rs7402977	15	31726824	0.452929	G	A	0.733334	0.984393	0.0870394	7.7E-01	0.00181261	0.00640448	0.0801016	7.8E-01	0.0197623	8.9E-01
rs12437696	15	40878474	0.62928	A	G	0.51447	0.998802	0.222242	6.4E-01	-0.001917	0.00564197	0.115447	7.3E-01	0.546043	4.6E-01
rs11630710	15	56364758	0.756318	G	T	0.893172	0.979091	1.02869	3.1E-01	-0.0082549	0.00922463	0.800804	3.7E-01	0.708377	4.0E-01
rs12911939	15	63800065	0.876679	T	C	0.431976	0.996322	0.128101	7.2E-01	-0.000682114	0.0056879	0.0143817	9.0E-01	0.0655047	8.0E-01
rs762551	15	75041917	1.00314	C	A	0.274028	1	8.76708	3.1E-03	-0.0188695	0.00629844	8.97542	2.7E-03	9.53486	2.0E-03
rs2401948	16	1340854	0.0338191	G	C	0.470436	0.984992	0.0975507	7.5E-01	-0.00179485	0.00567117	0.100163	7.5E-01	0.289188	5.9E-01
rs3747577	16	4415696	0.082586	C	G	0.259467	0.988145	0.0226559	8.8E-01	-0.000435762	0.00645402	0.00455867	9.5E-01	0.0154692	9.0E-01
rs12918743	16	11624245	0.272102	G	A	0.537734	0.991971	0.472781	4.9E-01	0.00262482	0.00565212	0.215662	6.4E-01	0.279939	6.0E-01
rs4787456	16	28559573	0.542371	C	T	0.634142	0.996921	1.29342	2.6E-01	-0.00528849	0.00580695	0.829407	3.6E-01	1.18519	2.8E-01
rs10083738	16	29927702	0.553162	G	A	0.45121	0.999839	0.000913857	9.8E-01	0.000681417	0.00565484	0.0145206	9.0E-01	0.00430072	9.5E-01
rs16952242	16	53474250	0.64336	G	A	0.697908	0.997944	0.516118	4.7E-01	-0.00404571	0.00613347	0.435087	5.1E-01	0.426689	5.1E-01
rs9937053	16	53799507	0.64597	G	A	0.577195	0.999601	2.47111	1.2E-01	0.010428	0.00569659	3.35101	6.7E-02	3.44039	6.4E-02
rs11866219	16	69549749	0.858341	A	C	0.415066	0.975783	3.59156	5.8E-02	0.0110224	0.00578345	3.63224	5.7E-02	3.49904	6.1E-02
rs2550733	16	81449060	1.04439	A	G	0.430492	1	0.988169	3.2E-01	0.00590035	0.00568923	1.07559	3.0E-01	1.0886	3.0E-01
rs2927333	16	81509279	1.0455	A	G	0.679395	0.985143	2.6039	1.1E-01	0.00997468	0.00608608	2.6861	1.0E-01	2.44492	1.2E-01
rs727428	17	7537792	0.196849	T	C	0.44291	1	8.44083	3.7E-03	0.0170719	0.00564672	9.14047	2.5E-03	9.6592	1.9E-03
rs8075019	17	17455192	0.444844	G	A	0.875691	0.988404	0.591115	4.4E-01	-0.00772096	0.00855297	0.814908	3.7E-01	0.842638	3.6E-01
rs16942379	17	21259827	0.471679	C	T	0.508165	0.995529	0.0398671	8.4E-01	0.00169583	0.00563864	0.0904521	7.6E-01	0.00856285	9.3E-01
rs11651639	17	27672320	0.49569	A	T	0.483934	0.999433	0.125481	7.2E-01	-0.00186738	0.00562202	0.110326	7.4E-01	0.231751	6.3E-01
rs2306593	17	34866546	0.59517	C	T	0.509195	0.996584	0.0652813	8.0E-01	0.00106596	0.00563034	0.0358439	8.5E-01	0.0535912	8.2E-01
rs55883500	17	40395267	0.664304	T	G	0.691334	0.998762	0.926975	3.4E-01	-0.0064256	0.00608291	1.11585	2.9E-01	1.04857	3.1E-01
rs56328224	17	43572419	0.687192	C	T	0.774992	0.995527	2.62166	1.1E-01	-0.0105577	0.00676618	2.43475	1.2E-01	1.86635	1.7E-01
rs11871767	17	61698723	0.887174	A	G	0.724045	0.995857	0.795827	3.7E-01	0.0058055	0.0063113	0.846141	3.6E-01	1.06922	3.0E-01
rs113120414	17	66945345	0.964692	A	G	0.942645	0.937715	35.3698	2.7E-09	-0.075713	0.0124781	36.8168	1.3E-09	39.2248	3.8E-10
rs7225826	17	67574721	0.971804	C	T	0.325119	0.997806	1.64402	2.0E-01	-0.00668136	0.00599824	1.24074	2.7E-01	0.977503	3.2E-01
rs3810068	18	2846499	0.0738566	T	C	0.595452	1	7.45332	6.3E-03	0.0130616	0.00571228	5.22844	2.2E-02	5.81641	1.6E-02
rs4890429	18	40697481	0.611694	T	C	0.738773	0.995191	6.29897	1.2E-02	0.0171805	0.006423	7.15478	7.5E-03	8.12811	4.4E-03
rs357900	18	46585235	0.687097	T	A	0.110184	0.998906	1.9425	1.6E-01	0.015262	0.00896615	2.89742	8.9E-02	2.39099	1.2E-01
rs80204526	18	47066144	0.688344	C	A	0.988773	0.972466	38.3407	5.9E-10	-0.168112	0.027044	38.6417	5.1E-10	36.868	1.3E-09
rs3897645	18	57728947	0.82135	T	C	0.443585	1	1.04549	3.1E-01	-0.0050285	0.00568399	0.782654	3.8E-01	0.905377	3.4E-01
rs2331933	18	57955945	0.822668	T	G	0.652214	0.979252	3.60087	5.8E-02	0.0114366	0.0059789	3.65889	5.6E-02	3.53188	6.0E-02
rs12979965	19	2131148	0.0753026	A	G	0.499935	0.991113	0.093905	7.6E-01	0.00320218	0.00563315	0.323137	5.7E-01	0.392492	5.3E-01
rs2240702	19	4159873	0.144523	A	G	0.883396	0.986669	3.87943	4.9E-02	-0.0195417	0.00877378	4.9608	2.6E-02	4.09408	4.3E-02
rs1799815	19	7125519	0.224812	G	A	0.932212	1	1.36411	2.4E-01	0.0136819	0.0111403	1.50835	2.2E-01	1.38087	2.4E-01
rs35555265	19	17152232	0.420672	C	T	0.803227	0.993265	0.983494	3.2E-01	0.00795356	0.00707216	1.26479	2.6E-01	1.0265	3.1E-01
rs72999466	19	18248499	0.447893	C	T	0.742123	0.99893	0.553581	4.6E-01	-0.00602663	0.00641366	0.882952	3.5E-01	0.566526	4.5E-01
rs12979148	19	19406869	0.462131	T	C	0.871067	0.998269	29.1877	6.6E-08	0.0472469	0.0083805	31.7838	1.7E-08	33.3162	7.8E-09
rs1423056	19	33780444	0.560699	G	A	0.681795	0.903762	0.212064	6.5E-01	0.00276154	0.00634792	0.189251	6.6E-01	0.0223128	8.8E-01
rs113504807	19	33787954	0.561506	C	T	0.951238	0.934153	1.19375	2.7E-01	-0.0158106	0.0134569	1.38041	2.4E-01	1.30865	2.5E-01
rs544964	19	37409561	0.616104	A	G	0.417229	0.998743	2.77623	9.6E-02	0.00991768	0.00570423	3.02291	8.2E-02	3.55047	6.0E-02
rs62115478	19	44543760	0.688013	A	G	0.971162	0.945735	30.1118	4.1E-08	0.0962012	0.0173056	30.902	2.7E-08	34.8791	3.5E-09
rs74747585	19	45039971	0.694152	T	C	0.974322	0.945812	40.4655	2.0E-10	0.116012	0.0181784	40.7282	1.7E-10	40.8732	1.6E-10
rs35068131	19	55983854	0.996203	T	C	0.534309	0.942965	0.111593	7.4E-01	0.00294636	0.00579041	0.258913	6.1E-01	0.0877141	7.7E-01
rs151235402	20	569164	0.0196907	C	T	0.984757	0.956324	0.298189	5.9E-01	0.0147684	0.023588	0.391999	5.3E-01	0.495246	4.8E-01
rs805769	20	5667459	0.191037	T	C	0.595306	0.99253	0.0661087	8.0E-01	0.00136052	0.00574746	0.0560346	8.1E-01	0.000593917	9.8E-01
rs2207132	20	39142516	0.589709	G	A	0.966685	1	49.2825	2.2E-12	-0.107154	0.0156524	46.8657	7.6E-12	48.2961	3.7E-12
rs3091552	20	45440006	0.689385	C	G	0.264162	0.950692	0.449302	5.0E-01	-0.00657702	0.00652501	1.016	3.1E-01	1.36172	2.4E-01
rs1999536	20	45581777	0.691337	G	C	0.430706	0.994672	3.73758	5.3E-02	0.00937531	0.00568615	2.71853	9.9E-02	3.15299	7.6E-02
rs1206829	20	45762552	0.696622	A	G	0.446378	0.998025	0.403048	5.3E-01	-0.0044327	0.00565144	0.615203	4.3E-01	0.159191	6.9E-01
rs6063779	20	50964151	0.79129	A	G	0.716728	0.997749	0.0284243	8.7E-01	0.00152593	0.0062399	0.0598015	8.1E-01	0.171468	6.8E-01
rs28710106	20	51712678	0.801721	C	T	0.889914	0.997611	1.39885	2.4E-01	-0.011149	0.00900058	1.53438	2.2E-01	1.90868	1.7E-01
rs6090040	20	62692060	1.09656	A	C	0.479429	0.988701	9.28059	2.3E-03	0.0164509	0.0056553	8.46187	3.6E-03	9.94184	1.6E-03
rs66836452	21	33058743	0.322744	C	T	0.898206	0.995819	0.0959343	7.6E-01	-0.000720049	0.00931939	0.00596965	9.4E-01	0.0137257	9.1E-01
rs2836139	21	39451403	0.432375	A	G	0.514897	0.9942	1.8539	1.7E-01	0.00665262	0.00566301	1.38004	2.4E-01	1.34032	2.5E-01
rs9625551	22	29140529	0.338663	G	A	0.979191	0.995212	1.55281	2.1E-01	0.0254511	0.0196679	1.67455	2.0E-01	1.30705	2.5E-01
