SNP	CHR	BP	GENPOS	ALLELE1	ALLELE0	A1FREQ	INFO	CHISQ_LINREG	P_LINREG	BETA	SE	CHISQ_BOLT_LMM_INF	P_BOLT_LMM_INF
rs1294014	1	9325676	0.18921	C	T	0.732088	0.974098	7.43861	6.4E-03	-0.0170242	0.00644281	6.98202	8.2E-03	7.82028	5.2E-03
rs10753554	1	23619009	0.461644	T	C	0.260317	0.989627	1.04863	3.1E-01	-0.00709462	0.00643661	1.21491	2.7E-01	1.18356	2.8E-01
rs72663503	1	39969059	0.670152	C	T	0.771573	0.996098	2.7277	9.9E-02	-0.0103615	0.00669658	2.3941	1.2E-01	3.03132	8.2E-02
rs657452	1	49589847	0.760469	A	G	0.390779	0.988645	1.56919	2.1E-01	0.00863108	0.00576548	2.24109	1.3E-01	1.69937	1.9E-01
rs624698	1	62900811	0.92277	A	G	0.58261	0.969721	78.2514	9.1E-19	0.0525932	0.00577665	82.8911	8.7E-20	86.7011	1.3E-20
rs9436299	1	65892888	0.967508	C	A	0.325082	0.970882	0.538563	4.6E-01	0.00358903	0.00609094	0.347204	5.6E-01	0.857884	3.5E-01
rs1526480	1	91209986	1.21385	T	C	0.625038	1	7.91934	4.9E-03	-0.0162304	0.00582266	7.76994	5.3E-03	7.34995	6.7E-03
rs4375301	1	98298371	1.27828	A	G	0.767662	0.993807	0.433629	5.1E-01	-0.00484534	0.00668592	0.525203	4.7E-01	0.904351	3.4E-01
rs3108680	1	107572997	1.35724	T	C	0.652386	0.999501	2.05711	1.5E-01	-0.00897238	0.00593798	2.28317	1.3E-01	1.87076	1.7E-01
rs34680256	1	109595380	1.3836	G	C	0.864465	0.965557	31.4782	2.0E-08	0.0462063	0.00832748	30.7876	2.9E-08	27.2154	1.8E-07
rs4970829	1	109757295	1.38629	G	A	0.928491	1	43.217	4.9E-11	0.0737453	0.0108985	45.7866	1.3E-11	46.8263	7.8E-12
rs2076586	1	112273026	1.42823	C	T	0.753838	0.980886	1.19507	2.7E-01	-0.0075918	0.00659315	1.32588	2.5E-01	2.30833	1.3E-01
rs114056923	1	154868744	1.69777	T	C	0.966966	1	0.00223214	9.6E-01	-0.000524629	0.015779	0.00110547	9.7E-01	0.00818739	9.3E-01
rs17345893	1	170171874	1.91645	C	T	0.933651	0.998406	2.0563	1.5E-01	0.015976	0.0112905	2.0022	1.6E-01	1.73136	1.9E-01
rs1953096	1	170318770	1.91758	G	A	0.762782	0.999479	0.275586	6.0E-01	0.00355338	0.00662975	0.287269	5.9E-01	0.2356	6.3E-01
rs6697844	1	172308238	1.93873	C	T	0.56798	0.996349	3.36446	6.7E-02	-0.0113751	0.00565681	4.04361	4.4E-02	4.7054	3.0E-02
rs633715	1	177852580	1.98813	T	C	0.789275	1	1.03576	3.1E-01	0.0078454	0.00690322	1.2916	2.6E-01	1.47245	2.2E-01
rs11807331	1	196427811	2.14315	T	C	0.684298	0.996378	5.76917	1.6E-02	0.014224	0.00604799	5.53121	1.9E-02	5.66925	1.7E-02
rs11240351	1	205044339	2.25371	A	G	0.594795	0.998205	0.0982089	7.5E-01	-0.0025659	0.00572321	0.201003	6.5E-01	0.243498	6.2E-01
rs61823192	1	219294570	2.43535	C	T	0.971468	0.90297	0.190846	6.6E-01	0.00588078	0.0177408	0.109882	7.4E-01	0.00401547	9.5E-01
rs77278027	1	219392230	2.43543	C	T	0.93823	0.976746	0.403334	5.3E-01	-0.00791682	0.0118128	0.449154	5.0E-01	0.272446	6.0E-01
rs6683741	1	219786717	2.43742	T	G	0.861853	0.991403	5.61579	1.8E-02	-0.0193506	0.00816276	5.61971	1.8E-02	5.2922	2.1E-02
rs661955	1	234842856	2.62186	G	C	0.481801	0.978806	33.4445	7.3E-09	-0.0323961	0.00567857	32.5467	1.2E-08	38.1084	6.7E-10
rs62106252	2	408713	0.00503892	G	A	0.950832	0.955734	0.704636	4.0E-01	-0.010656	0.0132605	0.645762	4.2E-01	0.600175	4.4E-01
rs2867105	2	601905	0.00766081	T	G	0.178655	0.986439	0.344017	5.6E-01	-0.00542475	0.00738874	0.539037	4.6E-01	0.298833	5.8E-01
rs711869	2	13073967	0.297329	G	A	0.443249	0.983109	0.173145	6.8E-01	-0.000850164	0.00570361	0.0222181	8.8E-01	0.00153608	9.7E-01
rs3903032	2	21119850	0.419449	A	T	0.877441	0.983296	62.7821	2.3E-15	-0.0693479	0.00861647	64.775	8.4E-16	69.1259	9.2E-17
rs4665378	2	27548038	0.473329	A	C	0.601213	0.998401	40.7081	1.8E-10	0.0370901	0.00574118	41.7363	1.0E-10	42.1235	8.6E-11
rs7933	2	43452183	0.682402	A	G	0.634849	0.981779	3.32389	6.8E-02	-0.0105219	0.00588131	3.20069	7.4E-02	1.99662	1.6E-01
rs56266464	2	44054991	0.686489	G	A	0.939556	0.986548	41.3496	1.3E-10	0.0781612	0.011886	43.2426	4.8E-11	42.0762	8.8E-11
rs36072157	2	48953740	0.765134	G	C	0.658175	0.956087	5.64716	1.7E-02	-0.0141343	0.00604806	5.46159	1.9E-02	5.07795	2.4E-02
rs12620918	2	63268355	0.885798	T	C	0.826656	0.992379	31.3809	2.1E-08	-0.0411889	0.00744445	30.6122	3.2E-08	31.27	2.2E-08
rs6546196	2	66144496	0.916561	G	A	0.525101	0.993792	1.34955	2.5E-01	-0.00711309	0.00565224	1.58371	2.1E-01	1.43793	2.3E-01
rs4316926	2	66749108	0.924328	G	A	0.396567	0.99766	3.5216	6.1E-02	0.00961488	0.00575119	2.79494	9.5E-02	3.99726	4.6E-02
rs2170702	2	67571130	0.937008	T	C	0.545622	0.996677	2.56568	1.1E-01	0.01017	0.00567323	3.21352	7.3E-02	2.66335	1.0E-01
rs12712049	2	100208830	1.21955	A	G	0.176674	0.985519	1.71233	1.9E-01	0.00847445	0.00740798	1.30865	2.5E-01	1.38569	2.4E-01
rs72946301	2	111861838	1.33125	G	A	0.903863	0.964859	0.0875402	7.7E-01	-0.0039602	0.00970761	0.166421	6.8E-01	0.0161016	9.0E-01
rs7593247	2	119337589	1.3956	C	T	0.503784	0.990163	0.0201687	8.9E-01	0.00117755	0.00564361	0.0435353	8.3E-01	0.0660193	8.0E-01
rs114666647	2	158393301	1.76187	T	C	0.987759	1	3.3163	6.9E-02	-0.0453655	0.0255723	3.1471	7.6E-02	2.65688	1.0E-01
rs11899550	2	158451825	1.76314	C	T	0.92902	0.994523	0.546049	4.6E-01	0.00919428	0.0109409	0.706205	4.0E-01	0.811221	3.7E-01
rs62173895	2	165477903	1.81419	G	C	0.329951	0.997788	33.1627	8.5E-09	-0.0325704	0.00600424	29.426	5.8E-08	31.2536	2.3E-08
rs3769872	2	165565548	1.81514	C	T	0.941933	0.997539	1.71498	1.9E-01	0.0177933	0.0120478	2.18121	1.4E-01	3.04931	8.1E-02
rs115283512	2	172379649	1.89769	C	T	0.817449	0.996247	0.155593	6.9E-01	0.00240074	0.00729732	0.108234	7.4E-01	0.0475821	8.3E-01
rs62173497	2	187821910	2.04064	C	A	0.889372	0.96522	0.148497	7.0E-01	0.00255755	0.00910303	0.0789364	7.8E-01	0.071854	7.9E-01
rs1837121	2	216292331	2.28555	G	A	0.273406	0.99918	1.52551	2.2E-01	-0.00895492	0.00630942	2.01439	1.6E-01	2.22858	1.4E-01
rs16857748	2	218382258	2.32414	C	T	0.903272	0.999764	0.139959	7.1E-01	-0.00344366	0.00951391	0.131015	7.2E-01	0.137158	7.1E-01
rs16866785	2	226899056	2.44178	A	G	0.775296	0.992487	0.99841	3.2E-01	0.0065215	0.00675742	0.931395	3.3E-01	1.49166	2.2E-01
rs305506	3	12026709	0.296805	G	T	0.113563	0.992655	3.06538	8.0E-02	0.0158001	0.00890508	3.14808	7.6E-02	3.66324	5.6E-02
rs114252958	3	12409938	0.29797	C	T	0.982978	0.956617	0.213271	6.4E-01	0.00881807	0.022313	0.156181	6.9E-01	0.248956	6.2E-01
rs13086654	3	35532275	0.595296	G	A	0.863267	0.996625	1.35577	2.4E-01	-0.00812158	0.00816326	0.989815	3.2E-01	1.80004	1.8E-01
rs11926707	3	46925539	0.687568	T	C	0.379143	0.985514	7.40973	6.5E-03	-0.0151729	0.00582119	6.79381	9.1E-03	6.97809	8.3E-03
rs614288	3	52220203	0.695484	T	C	0.466765	1	0.0442201	8.3E-01	0.00123575	0.00562226	0.0483099	8.3E-01	0.0118256	9.1E-01
rs11718560	3	64584862	0.868956	C	T	0.731847	0.985124	2.8294	9.3E-02	-0.0106494	0.00638452	2.78223	9.5E-02	2.40545	1.2E-01
rs4688498	3	64674599	0.871028	C	T	0.669682	0.985151	0.664934	4.1E-01	-0.00510718	0.00602107	0.719474	4.0E-01	0.744069	3.9E-01
rs9872683	3	123155892	1.35844	A	C	0.408022	0.993775	0.0465029	8.3E-01	-0.00095503	0.00572733	0.0278054	8.7E-01	0.0256007	8.7E-01
rs62265318	3	128752986	1.42297	G	A	0.965093	0.926921	0.00277424	9.6E-01	0.00430239	0.0158862	0.0733466	7.9E-01	0.0459858	8.3E-01
rs143418767	3	129105690	1.42548	G	A	0.980767	0.944053	2.53813	1.1E-01	0.0392714	0.0210853	3.46891	6.3E-02	3.68731	5.5E-02
rs695983	3	136064547	1.494	G	A	0.287875	0.996419	34.6415	4.0E-09	-0.0358204	0.006229	33.0691	8.9E-09	32.2784	1.3E-08
rs112551697	3	150018637	1.64271	G	A	0.96554	0.928479	1.15029	2.8E-01	-0.0143213	0.01594	0.807222	3.7E-01	1.28911	2.6E-01
rs7617389	3	156801088	1.71237	T	C	0.32586	0.969927	0.16348	6.9E-01	0.00253411	0.00610189	0.172473	6.8E-01	0.314384	5.8E-01
rs998749	3	168972802	1.77947	A	G	0.517178	0.992407	0.563047	4.5E-01	0.00534378	0.00563358	0.899765	3.4E-01	0.956089	3.3E-01
rs1499813	3	171760427	1.8208	T	C	0.587431	1	2.35537	1.2E-01	-0.00932415	0.00573433	2.64395	1.0E-01	4.29007	3.8E-02
rs11705729	3	185507299	2.01659	A	T	0.6869	0.999805	1.23812	2.7E-01	-0.00672971	0.00606058	1.233	2.7E-01	1.19561	2.7E-01
rs7697256	4	848335	0.00782825	C	T	0.727433	0.999147	4.16225	4.1E-02	0.0132134	0.00631151	4.38291	3.6E-02	5.33086	2.1E-02
rs7659144	4	3098321	0.0324978	C	G	0.656231	0.995037	6.01209	1.4E-02	0.0152754	0.00591642	6.66601	9.8E-03	8.01691	4.6E-03
rs4450871	4	4990298	0.0879764	A	G	0.554775	1	18.4339	1.8E-05	0.0237454	0.00566614	17.5625	2.8E-05	18.0778	2.1E-05
rs1912897	4	26006133	0.455942	A	T	0.79303	0.98817	3.21309	7.3E-02	-0.0128107	0.00698416	3.36447	6.7E-02	3.76025	5.2E-02
rs17644283	4	26308792	0.461396	A	G	0.370735	0.99507	0.0273275	8.7E-01	-0.000901197	0.00584514	0.0237712	8.8E-01	0.19734	6.6E-01
rs11133373	4	56215631	0.730194	C	G	0.682789	0.992346	1.46386	2.3E-01	-0.00818772	0.00607073	1.81905	1.8E-01	1.44311	2.3E-01
rs3775403	4	89615174	1.04851	T	C	0.869029	0.98982	2.42744	1.2E-01	0.0116494	0.00838268	1.93127	1.6E-01	1.37755	2.4E-01
rs17014616	4	89736565	1.04925	A	T	0.931087	0.996962	4.25542	3.9E-02	-0.0207224	0.0111099	3.47902	6.2E-02	2.68694	1.0E-01
rs12647922	4	106063987	1.17944	C	T	0.794569	0.998343	1.65065	2.0E-01	-0.00835441	0.00695636	1.44234	2.3E-01	1.8183	1.8E-01
rs7655064	4	120106348	1.31331	T	C	0.875314	0.995692	1.53425	2.2E-01	0.0103489	0.0085128	1.47789	2.2E-01	1.08722	3.0E-01
rs11727676	4	145659064	1.53853	T	C	0.903374	1	1.95133	1.6E-01	-0.0132568	0.00953222	1.93415	1.6E-01	2.64161	1.0E-01
rs13178917	5	4007353	0.10142	C	T	0.551974	0.99437	0.735797	3.9E-01	0.00600415	0.00564286	1.13215	2.9E-01	1.18844	2.8E-01
rs3792751	5	32773314	0.512212	C	T	0.626583	0.990118	0.0811114	7.8E-01	-0.00183011	0.00583291	0.0984421	7.5E-01	0.252392	6.2E-01
rs17457629	5	38795199	0.597633	A	T	0.728239	0.988005	1.25591	2.6E-01	0.00812022	0.00635304	1.6337	2.0E-01	1.91175	1.7E-01
rs2448	5	53302354	0.644969	T	C	0.737842	0.999532	0.485609	4.9E-01	-0.00424527	0.0064046	0.439366	5.1E-01	0.636297	4.3E-01
rs1559215	5	54867827	0.667887	G	A	0.339397	0.996823	1.33057	2.5E-01	0.00674567	0.0059552	1.28309	2.6E-01	0.704177	4.0E-01
rs11949724	5	55832217	0.681021	G	A	0.635455	1	3.24297	7.2E-02	-0.0108215	0.00585863	3.41178	6.5E-02	4.33478	3.7E-02
rs1002473	5	56274077	0.686309	T	G	0.206197	0.999836	0.730254	3.9E-01	0.00628933	0.00696877	0.814509	3.7E-01	1.21696	2.7E-01
rs34697	5	66298637	0.77068	A	G	0.432612	0.987874	0.231581	6.3E-01	0.00369847	0.00571807	0.418355	5.2E-01	0.434076	5.1E-01
rs253407	5	74926778	0.860943	A	G	0.275724	1	11.4652	7.1E-04	0.0217725	0.0062938	11.9671	5.4E-04	11.921	5.6E-04
rs6870983	5	87697533	1.01437	C	T	0.787184	0.995128	0.201199	6.5E-01	0.0031772	0.00687034	0.213862	6.4E-01	0.144819	7.0E-01
rs27361	5	102548967	1.1092	G	A	0.700242	0.998319	1.60415	2.1E-01	0.00796285	0.00614176	1.68094	1.9E-01	1.69813	1.9E-01
rs34864074	5	112875535	1.20089	A	C	0.809873	0.995669	0.0391222	8.4E-01	0.000963104	0.00721323	0.0178274	8.9E-01	0.00135704	9.7E-01
rs10519585	5	118676529	1.27446	T	C	0.712535	0.977148	2.47627	1.2E-01	0.0110951	0.00627415	3.12715	7.7E-02	2.78487	9.5E-02
rs4705986	5	132349654	1.39065	T	G	0.937241	0.978165	0.669903	4.1E-01	0.0125184	0.0117261	1.1397	2.9E-01	1.44684	2.3E-01
rs33999	5	141973349	1.48937	C	G	0.612065	0.9834	4.60641	3.2E-02	-0.011331	0.00580351	3.81202	5.1E-02	3.58285	5.8E-02
rs10477191	5	142077715	1.49476	A	G	0.950886	0.911257	1.85811	1.7E-01	-0.0236393	0.0136811	2.98555	8.4E-02	2.58614	1.1E-01
rs4704726	5	156354477	1.66272	G	A	0.636458	0.987029	36.2228	1.8E-09	-0.0353034	0.00585025	36.4154	1.6E-09	38.7413	4.8E-10
rs72846967	5	171849098	1.88961	A	G	0.706231	0.999429	2.34057	1.3E-01	-0.00948286	0.00617335	2.35959	1.2E-01	1.6452	2.0E-01
rs2053681	5	172746086	1.91113	A	G	0.485601	0.912476	1.65003	2.0E-01	-0.00720112	0.00590106	1.48915	2.2E-01	2.20897	1.4E-01
rs201058	6	6726017	0.180973	A	G	0.438993	0.99583	0.0197721	8.9E-01	-9.96228e-05	0.00566793	0.000308936	9.9E-01	0.0471854	8.3E-01
rs2326776	6	6761881	0.18302	G	A	0.790616	0.988382	0.894618	3.4E-01	-0.00662646	0.00694456	0.910485	3.4E-01	1.17852	2.8E-01
rs7751325	6	7209132	0.195952	C	T	0.550375	0.99847	0.086432	7.7E-01	-0.00113079	0.00565869	0.0399329	8.4E-01	0.110047	7.4E-01
rs17584626	6	20560435	0.409936	A	T	0.687051	0.984667	0.172266	6.8E-01	0.00300879	0.00610359	0.243003	6.2E-01	0.00932168	9.2E-01
rs114376405	6	30770701	0.507083	G	A	0.988554	0.994696	0.943494	3.3E-01	-0.0303012	0.0264979	1.30767	2.5E-01	1.29271	2.6E-01
rs3094225	6	31113052	0.510178	G	A	0.26968	0.999821	6.7103	9.6E-03	-0.0162426	0.00634424	6.55469	1.0E-02	6.24702	1.2E-02
rs9267989	6	32219320	0.51869	G	T	0.79171	0.999726	0.0104524	9.2E-01	0.00101423	0.00690035	0.0216039	8.8E-01	0.0233927	8.8E-01
rs181133225	6	32454764	0.520293	T	C	0.893444	0.778953	0.139574	7.1E-01	0.00403865	0.0102618	0.154892	6.9E-01	0.0590334	8.1E-01
rs117108573	6	32489679	0.520303	C	T	0.921405	0.866866	0.0303195	8.6E-01	0.00321101	0.0111523	0.0829004	7.7E-01	0.0159454	9.0E-01
rs142779375	6	34165351	0.545713	T	G	0.952718	0.997081	7.98348	4.7E-03	-0.0376663	0.0132425	8.09027	4.5E-03	8.27134	4.0E-03
rs1574430	6	43269029	0.669727	A	C	0.391321	0.999399	0.384059	5.4E-01	0.00296714	0.00575935	0.265417	6.1E-01	0.437709	5.1E-01
rs9381248	6	43734606	0.675407	C	T	0.87836	0.993046	1.30439	2.5E-01	-0.00901634	0.00863482	1.09032	3.0E-01	1.13028	2.9E-01
rs35349911	6	43785255	0.678849	C	T	0.409597	0.97009	3.96554	4.6E-02	-0.0122155	0.00581435	4.41385	3.6E-02	4.13854	4.2E-02
rs10452561	6	80805796	0.920872	T	C	0.874288	0.991795	0.0928299	7.6E-01	-0.00173966	0.00848903	0.0419963	8.4E-01	0.0067338	9.3E-01
rs1902066	6	81346033	0.922431	T	C	0.437575	0.991679	0.104376	7.5E-01	-0.00196965	0.00569343	0.119683	7.3E-01	0.135153	7.1E-01
rs6924944	6	100597579	1.0811	A	T	0.245827	0.981159	4.3723	3.7E-02	0.0143358	0.00660736	4.70749	3.0E-02	4.35213	3.7E-02
rs72969772	6	126187585	1.32503	A	G	0.980332	1	0.823321	3.6E-01	-0.0168249	0.020303	0.686732	4.1E-01	0.448378	5.0E-01
rs9986505	6	126445558	1.32603	A	G	0.6761	0.991308	1.7458	1.9E-01	0.00744327	0.00603156	1.52289	2.2E-01	1.43023	2.3E-01
rs74949497	6	126812007	1.32699	A	C	0.97518	1	3.62904	5.7E-02	-0.0371804	0.0181723	4.18606	4.1E-02	4.22305	4.0E-02
rs9389689	6	139813632	1.50282	G	C	0.504922	0.997811	24.5332	7.3E-07	-0.0276554	0.00561326	24.2734	8.4E-07	24.7575	6.5E-07
rs851978	6	152029556	1.64243	G	T	0.726311	0.996212	3.26751	7.1E-02	-0.0094479	0.00632501	2.23125	1.4E-01	2.47813	1.2E-01
rs998075	6	160468278	1.77084	A	G	0.53429	0.994008	43.1925	5.0E-11	0.0369257	0.00566492	42.4884	7.1E-11	42.9117	5.7E-11
rs960589	7	25823647	0.43812	A	C	0.837349	0.976235	1.13182	2.9E-01	-0.00644847	0.00768929	0.703301	4.0E-01	0.544317	4.6E-01
rs12671127	7	26309246	0.44373	C	T	0.633613	0.988487	1.65655	2.0E-01	0.00842154	0.00585416	2.06944	1.5E-01	1.55326	2.1E-01
rs2189239	7	27237453	0.453427	C	T	0.917096	0.977954	0.00207975	9.6E-01	0.00015092	0.0103253	0.00021364	9.9E-01	5.90961e-05	9.9E-01
rs13223303	7	42692711	0.680137	T	C	0.70789	0.997675	0.746003	3.9E-01	0.00613648	0.00618293	0.985031	3.2E-01	1.12229	2.9E-01
rs2240466	7	72856269	0.899612	G	A	0.874914	1	42.982	5.5E-11	0.0543451	0.00848705	41.0022	1.5E-10	38.2305	6.3E-10
rs72649044	7	73029207	0.899737	C	T	0.966833	0.988652	0.0138004	9.1E-01	0.00203705	0.0157396	0.0167502	9.0E-01	0.0155015	9.0E-01
rs6966632	7	77342199	0.936905	G	T	0.502987	0.998098	0.237839	6.3E-01	-0.00363079	0.00562522	0.416604	5.2E-01	0.454247	5.0E-01
rs2470945	7	104585760	1.19835	C	A	0.596387	0.999188	0.581092	4.5E-01	0.00423189	0.00570205	0.550816	4.6E-01	0.57528	4.5E-01
rs4313084	7	114586903	1.30546	C	T	0.0829266	0.999308	0.030925	8.6E-01	-7.4059e-05	0.0101885	5.28363e-05	9.9E-01	0.000625886	9.8E-01
rs12154627	7	130422934	1.4017	T	C	0.506907	0.97487	28.2894	1.0E-07	0.029533	0.00568289	27.0071	2.0E-07	27.7509	1.4E-07
rs6586871	8	19714106	0.47101	A	T	0.220009	0.967685	34.2697	4.8E-09	-0.0401339	0.00689883	33.8433	6.0E-09	34.0353	5.4E-09
rs190118115	8	19793581	0.472107	C	T	0.981499	0.949118	65.7484	5.1E-16	-0.168711	0.0213582	62.396	2.8E-15	65.8711	4.8E-16
rs11992444	8	25464690	0.565812	G	T	0.49058	1	1.73453	1.9E-01	-0.00587605	0.00560938	1.09734	2.9E-01	1.25212	2.6E-01
rs7815496	8	38321607	0.69461	C	T	0.597431	0.996532	6.60276	1.0E-02	-0.0153269	0.00572735	7.16146	7.4E-03	6.88469	8.7E-03
rs55704109	8	59323247	0.819013	G	A	0.5057	0.919152	31.1808	2.4E-08	0.0323032	0.00587994	30.1817	3.9E-08	31.2874	2.2E-08
rs10093418	8	72392687	0.950051	A	G	0.892444	0.978176	2.64175	1.0E-01	-0.0157419	0.00911035	2.98568	8.4E-02	2.74751	9.7E-02
rs144435165	8	126419938	1.45107	G	C	0.944194	0.785853	25.26	5.0E-07	-0.0736087	0.0137905	28.4902	9.4E-08	27.1352	1.9E-07
rs2954018	8	126477153	1.45319	C	T	0.298303	0.998357	64.3435	1.0E-15	0.0500674	0.00614792	66.3215	3.8E-16	70.4812	4.6E-17
rs2131919	9	95283887	1.12689	A	G	0.83667	0.999136	3.78498	5.2E-02	-0.0146481	0.00762962	3.68603	5.5E-02	4.15408	4.2E-02
rs2398893	9	96758342	1.14182	A	G	0.725421	0.999804	0.277142	6.0E-01	0.00518267	0.00631177	0.674225	4.1E-01	0.578748	4.5E-01
rs12686004	9	107653426	1.24316	G	A	0.884341	1	2.47081	1.2E-01	0.014488	0.00878792	2.71798	9.9E-02	3.18361	7.4E-02
rs10991414	9	107685589	1.24582	T	C	0.861068	0.989408	1.16967	2.8E-01	-0.00900676	0.00819214	1.20877	2.7E-01	1.64615	2.0E-01
rs73519946	9	107868862	1.24912	A	T	0.958103	0.989128	3.09952	7.8E-02	0.0259147	0.0141317	3.36283	6.7E-02	3.93776	4.7E-02
rs687621	9	136137065	1.66206	A	G	0.681622	1	37.08	1.1E-09	-0.0370373	0.00603564	37.6557	8.4E-10	37.9355	7.3E-10
rs7096078	10	3560644	0.0740604	C	T	0.425467	0.981688	0.108853	7.4E-01	0.00302688	0.00572974	0.279074	6.0E-01	0.12815	7.2E-01
rs2907794	10	32391109	0.603202	G	A	0.758285	0.99713	2.03092	1.5E-01	0.00876121	0.00656352	1.78178	1.8E-01	0.818564	3.7E-01
rs2247486	10	33489594	0.609463	A	G	0.603119	0.998525	1.09604	3.0E-01	0.00540726	0.00572898	0.89084	3.5E-01	0.801265	3.7E-01
rs12243209	10	63783406	0.859343	T	C	0.963634	0.99691	1.67445	2.0E-01	-0.0189823	0.0150653	1.58759	2.1E-01	2.07252	1.5E-01
rs10995041	10	63867523	0.860298	A	C	0.754056	0.97671	1.09067	3.0E-01	-0.00720959	0.00661909	1.18638	2.8E-01	1.01441	3.1E-01
rs7089698	10	65384567	0.871611	A	G	0.465243	0.998398	1.47348	2.2E-01	0.00775378	0.00565202	1.882	1.7E-01	1.27545	2.6E-01
rs703985	10	80940740	1.06575	A	T	0.590861	0.992524	5.52001	1.9E-02	0.0141078	0.00574106	6.03853	1.4E-02	5.02965	2.5E-02
rs11202614	10	89755643	1.15952	C	T	0.838039	0.997476	4.20802	4.0E-02	-0.0168036	0.00766068	4.81139	2.8E-02	4.68681	3.0E-02
rs10882028	10	93943900	1.2086	C	T	0.408953	0.999201	1.11158	2.9E-01	-0.00692391	0.00569983	1.47563	2.2E-01	1.32025	2.5E-01
rs7917772	10	104487443	1.30576	G	A	0.367969	1	0.400744	5.3E-01	0.00328592	0.00581696	0.319096	5.7E-01	0.564737	4.5E-01
rs11596249	10	122812361	1.5266	T	G	0.911116	0.993945	4.66296	3.1E-02	-0.0212053	0.00989742	4.59034	3.2E-02	5.22839	2.2E-02
rs10788149	10	122967170	1.52881	G	A	0.320548	1	1.42098	2.3E-01	0.00780039	0.00603774	1.6691	2.0E-01	1.4636	2.3E-01
rs140201358	11	823586	0.0109832	C	G	0.986248	1	4.77842	2.9E-02	-0.0545737	0.0241432	5.1095	2.4E-02	4.31727	3.8E-02
rs7932891	11	10921512	0.210707	A	G	0.294517	0.99931	0.089491	7.6E-01	0.00259365	0.00616192	0.17717	6.7E-01	0.00505969	9.4E-01
rs11029441	11	26279145	0.452845	T	C	0.920415	0.988421	5.27681	2.2E-02	-0.0225505	0.0104463	4.66001	3.1E-02	4.46372	3.5E-02
rs12786130	11	27505954	0.464069	C	T	0.238291	0.989196	1.45236	2.3E-01	0.00855638	0.00663037	1.66535	2.0E-01	2.00516	1.6E-01
rs56386213	11	36291554	0.562467	A	G	0.595018	1	0.0386658	8.4E-01	-0.000248522	0.00569395	0.00190502	9.7E-01	0.00180707	9.7E-01
rs2509963	11	62192931	0.710202	T	C	0.257705	0.993079	8.17447	4.2E-03	-0.0181798	0.00641113	8.04095	4.6E-03	6.97584	8.3E-03
rs11231137	11	62315699	0.714502	G	A	0.701274	0.997506	2.97735	8.4E-02	-0.0107889	0.00614304	3.08449	7.9E-02	3.47908	6.2E-02
rs666194	11	65159382	0.737661	T	C	0.357112	0.971346	0.210443	6.5E-01	0.002446	0.00594829	0.169095	6.8E-01	0.212265	6.4E-01
rs61881114	11	68996697	0.758653	C	T	0.848445	0.991928	2.32155	1.3E-01	0.0118382	0.00784887	2.27486	1.3E-01	2.69262	1.0E-01
rs12362685	11	111478720	1.18727	A	T	0.621328	0.997217	0.019555	8.9E-01	0.000804966	0.00580516	0.0192277	8.9E-01	0.00269058	9.6E-01
rs513533	11	116519358	1.25951	A	G	0.895505	0.969744	88.6439	4.7E-21	-0.0881125	0.0093122	89.5304	3.0E-21	94.6904	2.2E-22
rs747249	11	130271647	1.49781	A	G	0.360849	0.986641	1.30635	2.5E-01	-0.00752518	0.00589753	1.62814	2.0E-01	2.0026	1.6E-01
rs10771260	12	26253557	0.45721	A	C	0.608183	0.995844	0.106487	7.4E-01	-0.00173011	0.00578325	0.0894958	7.6E-01	0.317406	5.7E-01
rs16915737	12	26403614	0.459048	C	T	0.928538	0.993226	0.0213989	8.8E-01	0.00196464	0.0109186	0.0323764	8.6E-01	0.00977179	9.2E-01
rs7310959	12	45968598	0.59006	G	A	0.897555	1	6.03182	1.4E-02	-0.0225771	0.00928888	5.90759	1.5E-02	6.41222	1.1E-02
rs75824359	12	54320490	0.68262	A	G	0.970266	0.973341	0.00962305	9.2E-01	0.00165465	0.0167681	0.00973752	9.2E-01	0.0331786	8.6E-01
rs7961915	12	66425288	0.795219	A	G	0.213926	0.943584	0.0173939	9.0E-01	-0.00102627	0.00704403	0.0212267	8.8E-01	0.0137388	9.1E-01
rs704067	12	89726027	1.03172	G	A	0.545146	0.989595	0.119587	7.3E-01	0.0015883	0.00569175	0.0778706	7.8E-01	0.0673834	8.0E-01
rs7958469	12	107052620	1.26171	G	A	0.638699	0.995036	12.1321	5.0E-04	-0.0201495	0.00586372	11.8082	5.9E-04	10.5904	1.1E-03
rs1169809	12	121688026	1.45624	G	A	0.700971	0.994402	1.10473	2.9E-01	-0.00698048	0.00615263	1.28721	2.6E-01	2.21628	1.4E-01
rs139948644	12	123200016	1.46983	C	T	0.972202	0.923516	6.75982	9.3E-03	0.0464731	0.0177557	6.85056	8.9E-03	7.10869	7.7E-03
rs11060406	12	123339117	1.47024	C	T	0.96325	0.964271	2.89673	8.9E-02	-0.0252559	0.015159	2.7758	9.6E-02	2.54497	1.1E-01
rs34149579	12	123345509	1.47026	G	T	0.947363	1	13.0986	3.0E-04	-0.0449963	0.0125844	12.7846	3.5E-04	12.6048	3.8E-04
rs11613189	12	124642803	1.48018	C	T	0.627038	0.983075	4.73142	3.0E-02	0.0128574	0.0058914	4.7629	2.9E-02	5.00948	2.5E-02
rs1045411	13	31033232	0.263482	C	T	0.7313	0.996942	5.11633	2.4E-02	0.0157376	0.00636312	6.11699	1.3E-02	5.13973	2.3E-02
rs10507524	13	44684600	0.468128	T	C	0.907237	0.994143	0.919172	3.4E-01	-0.00883459	0.00974749	0.821462	3.6E-01	1.11402	2.9E-01
rs7334326	13	50967732	0.53896	G	C	0.858576	0.996316	9.93903	1.6E-03	-0.0269261	0.00807196	11.1273	8.5E-04	10.6573	1.1E-03
rs6602909	13	114551993	1.29145	T	C	0.670097	0.995889	34.5877	4.1E-09	-0.0338248	0.00599173	31.8689	1.6E-08	30.3361	3.6E-08
rs8012185	14	58668484	0.537795	A	G	0.723155	0.991197	1.45328	2.3E-01	-0.00640533	0.00629831	1.03427	3.1E-01	1.1226	2.9E-01
rs1286138	14	91485445	0.882014	T	G	0.326286	0.996304	0.0645477	8.0E-01	0.000467722	0.00599653	0.0060838	9.4E-01	0.000140397	9.9E-01
rs2124307	14	98344662	1.02722	T	C	0.377663	0.998341	0.381603	5.4E-01	0.0042675	0.00580994	0.539516	4.6E-01	0.361885	5.5E-01
rs7402977	15	31726824	0.452929	G	A	0.733334	0.984393	0.00296889	9.6E-01	0.00010173	0.00640664	0.000252139	9.9E-01	0.00749797	9.3E-01
rs12437696	15	40878474	0.62928	A	G	0.51447	0.998802	0.571028	4.5E-01	0.00515006	0.00564387	0.832665	3.6E-01	0.3401	5.6E-01
rs11630710	15	56364758	0.756318	G	T	0.893172	0.979091	2.36038	1.2E-01	-0.012524	0.00922774	1.84204	1.7E-01	1.48378	2.2E-01
rs12911939	15	63800065	0.876679	T	C	0.431976	0.996322	0.000180125	9.9E-01	0.00187328	0.00568982	0.108395	7.4E-01	0.019633	8.9E-01
rs762551	15	75041917	1.00314	C	A	0.274028	1	8.95579	2.8E-03	-0.0185167	0.00630056	8.63709	3.3E-03	8.69035	3.2E-03
rs2401948	16	1340854	0.0338191	G	C	0.470436	0.984992	0.355151	5.5E-01	-0.00350689	0.00567057	0.382464	5.4E-01	0.474247	4.9E-01
rs3747577	16	4415696	0.082586	C	G	0.259467	0.988145	0.0402194	8.4E-01	0.00189771	0.00645334	0.0864749	7.7E-01	0.18984	6.6E-01
rs12918743	16	11624245	0.272102	G	A	0.537734	0.991971	0.0440666	8.3E-01	-0.002216	0.00565152	0.153747	6.9E-01	0.0874245	7.7E-01
rs4787456	16	28559573	0.542371	C	T	0.634142	0.996921	2.06817	1.5E-01	-0.00669971	0.00580633	1.3314	2.5E-01	2.03049	1.5E-01
rs10083738	16	29927702	0.553162	G	A	0.45121	0.999839	0.000926077	9.8E-01	0.000774332	0.00565424	0.0187545	8.9E-01	0.00108116	9.7E-01
rs16952242	16	53474250	0.64336	G	A	0.697908	0.997944	0.493147	4.8E-01	-0.00377185	0.00613282	0.378258	5.4E-01	0.552551	4.6E-01
rs9937053	16	53799507	0.64597	G	A	0.577195	0.999601	2.9319	8.7E-02	0.0110243	0.00569598	3.74595	5.3E-02	4.23246	4.0E-02
rs11866219	16	69549749	0.858341	A	C	0.415066	0.975783	13.2832	2.7E-04	0.0207788	0.00578284	12.911	3.3E-04	11.9921	5.3E-04
rs12924886	16	72075593	0.872968	A	T	0.810966	0.994637	31.8336	1.7E-08	-0.0404598	0.0071956	31.6164	1.9E-08	35.7789	2.2E-09
rs2550733	16	81449060	1.04439	A	G	0.430492	1	2.68254	1.0E-01	0.00949223	0.00568863	2.78434	9.5E-02	2.80659	9.4E-02
rs2927333	16	81509279	1.0455	A	G	0.679395	0.985143	6.23969	1.2E-02	0.0152637	0.00608544	6.29122	1.2E-02	6.38491	1.2E-02
rs727428	17	7537792	0.196849	T	C	0.44291	1	10.7706	1.0E-03	0.0189756	0.00564761	11.2891	7.8E-04	12.6424	3.8E-04
rs8075019	17	17455192	0.444844	G	A	0.875691	0.988404	4.60711	3.2E-02	-0.0203766	0.00855431	5.67408	1.7E-02	6.56886	1.0E-02
rs16942379	17	21259827	0.471679	C	T	0.508165	0.995529	1.70855	1.9E-01	0.00781716	0.00563952	1.92138	1.7E-01	1.65826	2.0E-01
rs11651639	17	27672320	0.49569	A	T	0.483934	0.999433	0.572935	4.5E-01	-0.0043454	0.0056229	0.597225	4.4E-01	0.958364	3.3E-01
rs2306593	17	34866546	0.59517	C	T	0.509195	0.996584	0.375002	5.4E-01	0.00321308	0.00563122	0.325566	5.7E-01	0.402309	5.3E-01
rs55883500	17	40395267	0.664304	T	G	0.691334	0.998762	1.81841	1.8E-01	-0.0086311	0.00608386	2.01268	1.6E-01	2.37398	1.2E-01
rs56328224	17	43572419	0.687192	C	T	0.774992	0.995527	7.30344	6.9E-03	-0.0184647	0.00676724	7.44493	6.4E-03	6.23531	1.3E-02
rs11871767	17	61698723	0.887174	A	G	0.724045	0.995857	0.317226	5.7E-01	0.00376616	0.00631228	0.355978	5.5E-01	0.886114	3.5E-01
rs78196338	17	66973049	0.964759	G	A	0.960561	0.978498	36.0328	1.9E-09	-0.0890164	0.0145669	37.3428	9.9E-10	36.1955	1.8E-09
rs3810068	18	2846499	0.0738566	T	C	0.595452	1	8.21674	4.2E-03	0.01348	0.0057147	5.56404	1.8E-02	6.29755	1.2E-02
rs4890429	18	40697481	0.611694	T	C	0.738773	0.995191	8.74512	3.1E-03	0.0202808	0.00642572	9.96156	1.6E-03	11.0711	8.8E-04
rs357900	18	46585235	0.687097	T	A	0.110184	0.998906	2.69399	1.0E-01	0.0176222	0.00896995	3.85957	4.9E-02	3.64755	5.6E-02
rs3897645	18	57728947	0.82135	T	C	0.443585	1	0.102935	7.5E-01	0.00267059	0.00568641	0.220566	6.4E-01	0.207166	6.5E-01
rs2331933	18	57955945	0.822668	T	G	0.652214	0.979252	0.878628	3.5E-01	0.0058937	0.00598143	0.970882	3.2E-01	0.899866	3.4E-01
rs12979965	19	2131148	0.0753026	A	G	0.499935	0.991113	0.176628	6.7E-01	0.00374416	0.00563732	0.441128	5.1E-01	0.361687	5.5E-01
rs2240702	19	4159873	0.144523	A	G	0.883396	0.986669	5.97414	1.5E-02	-0.0239806	0.00878027	7.45942	6.3E-03	6.12143	1.3E-02
rs1799815	19	7125519	0.224812	G	A	0.932212	1	3.28325	7.0E-02	0.020839	0.0111485	3.49397	6.2E-02	3.20188	7.4E-02
rs35555265	19	17152232	0.420672	C	T	0.803227	0.993265	3.19274	7.4E-02	0.0135268	0.00707738	3.65297	5.6E-02	2.79464	9.5E-02
rs72999466	19	18248499	0.447893	C	T	0.742123	0.99893	0.346825	5.6E-01	-0.00428151	0.0064184	0.444981	5.0E-01	0.239457	6.2E-01
rs1423056	19	33780444	0.560699	G	A	0.681795	0.903762	0.25838	6.1E-01	0.00294306	0.00635262	0.214632	6.4E-01	0.0147931	9.0E-01
rs113504807	19	33787954	0.561506	C	T	0.951238	0.934153	1.4619	2.3E-01	-0.017148	0.0134669	1.62141	2.0E-01	1.29995	2.5E-01
rs544964	19	37409561	0.616104	A	G	0.417229	0.998743	2.69879	1.0E-01	0.00997992	0.00570845	3.05645	8.0E-02	3.5331	6.0E-02
rs62119261	19	45122043	0.697479	A	C	0.953817	1	50.9976	9.2E-13	0.0960173	0.0133578	51.669	6.6E-13	53.0968	3.2E-13
rs61642202	19	45345283	0.705129	A	C	0.989532	0.975922	34.1834	5.0E-09	-0.159676	0.0279313	32.6809	1.1E-08	29.6575	5.2E-08
rs11672660	19	46180184	0.718742	C	T	0.805452	0.999681	0.443059	5.1E-01	0.00597205	0.00708995	0.709514	4.0E-01	1.45968	2.3E-01
rs35068131	19	55983854	0.996203	T	C	0.534309	0.942965	0.56481	4.5E-01	0.00535887	0.00579469	0.855235	3.6E-01	0.236605	6.3E-01
rs151235402	20	569164	0.0196907	C	T	0.984757	0.956324	0.429461	5.1E-01	-0.0147068	0.0235933	0.38856	5.3E-01	0.330421	5.7E-01
rs805769	20	5667459	0.191037	T	C	0.595306	0.99253	0.132877	7.2E-01	-0.00218481	0.00574873	0.144438	7.0E-01	0.200792	6.5E-01
rs2902941	20	39091514	0.587859	A	G	0.644838	0.991217	37.5353	9.0E-10	0.0348554	0.00583871	35.6374	2.4E-09	34.3666	4.6E-09
rs6065295	20	39626335	0.597418	C	T	0.576349	0.996403	31.1039	2.4E-08	-0.0323618	0.00568738	32.3773	1.3E-08	30.3065	3.7E-08
rs3091552	20	45440006	0.689385	C	G	0.264162	0.950692	0.308155	5.8E-01	-0.00595323	0.00652645	0.832051	3.6E-01	1.35907	2.4E-01
rs6063779	20	50964151	0.79129	A	G	0.716728	0.997749	1.09561	3.0E-01	0.00732314	0.00624128	1.37673	2.4E-01	1.91415	1.7E-01
rs28710106	20	51712678	0.801721	C	T	0.889914	0.997611	2.28081	1.3E-01	-0.013603	0.00900257	2.28315	1.3E-01	2.3528	1.3E-01
rs6090040	20	62692060	1.09656	A	C	0.479429	0.988701	17.7523	2.5E-05	0.023196	0.00565655	16.8161	4.1E-05	19.544	9.8E-06
rs66836452	21	33058743	0.322744	C	T	0.898206	0.995819	1.43075	2.3E-01	-0.00864627	0.00932254	0.860179	3.5E-01	0.747414	3.9E-01
rs2836139	21	39451403	0.432375	A	G	0.514897	0.9942	2.86561	9.0E-02	0.00824464	0.00566493	2.11814	1.5E-01	1.67475	2.0E-01
rs9625551	22	29140529	0.338663	G	A	0.979191	0.995212	0.34162	5.6E-01	0.0110463	0.0196736	0.31526	5.7E-01	0.0473132	8.3E-01
