SNP	CHR	BP	GENPOS	ALLELE1	ALLELE0	A1FREQ	INFO	CHISQ_LINREG	P_LINREG	BETA	SE	CHISQ_BOLT_LMM_INF	P_BOLT_LMM_INF	CHISQ_BOLT_LMM	P_BOLT_LMM
rs1294014	1	9325676	0.18921	C	T	0.732088	0.974098	0.665351	4.1E-01	0.00392945	0.00638986	0.378165	5.4E-01	0.454041	5.0E-01
rs1294014	1	9325676	0.18921	C	T	0.732088	0.974098	0.665351	4.1E-01	0.00392945	0.00638986	0.378165	5.4E-01	0.454041	5.0E-01
rs10753554	1	23619009	0.461644	T	C	0.260317	0.989627	0.314633	5.7E-01	-0.00289449	0.00638371	0.205588	6.5E-01	0.271443	6.0E-01
rs72663503	1	39969059	0.670152	C	T	0.771573	0.996098	4.84636	2.8E-02	0.0152747	0.00664154	5.28939	2.1E-02	4.7121	3.0E-02
rs657452	1	49589847	0.760469	A	G	0.390779	0.988645	0.301866	5.8E-01	-0.00353306	0.00571809	0.381769	5.4E-01	0.825417	3.6E-01
rs2495477	1	55518467	0.810628	A	G	0.606604	0.96027	36.9661	1.2E-09	0.0364838	0.00581748	39.3306	3.6E-10	34.6539	3.9E-09
rs9436299	1	65892888	0.967508	C	A	0.325082	0.970882	3.9699	4.6E-02	0.0132407	0.00604087	4.8042	2.8E-02	4.73288	3.0E-02
rs1526480	1	91209986	1.21385	T	C	0.625038	1	0.284709	5.9E-01	-0.00274191	0.0057748	0.225441	6.3E-01	0.198748	6.6E-01
rs4375301	1	98298371	1.27828	A	G	0.767662	0.993807	3.70011	5.4E-02	0.0131755	0.00663096	3.94801	4.7E-02	4.59947	3.2E-02
rs3108680	1	107572997	1.35724	T	C	0.652386	0.999501	10.3972	1.3E-03	-0.0190502	0.00588917	10.4638	1.2E-03	9.69654	1.8E-03
rs4970829	1	109757295	1.38629	G	A	0.928491	1	47.0379	7.0E-12	0.0745245	0.0108089	47.5376	5.4E-12	46.2584	1.0E-11
rs2076586	1	112273026	1.42823	C	T	0.753838	0.980886	3.60327	5.8E-02	-0.012678	0.00653896	3.75911	5.3E-02	5.1564	2.3E-02
rs114056923	1	154868744	1.69777	T	C	0.966966	1	0.0336265	8.5E-01	0.00253517	0.0156493	0.0262438	8.7E-01	0.0184745	8.9E-01
rs17345893	1	170171874	1.91645	C	T	0.933651	0.998406	1.18438	2.8E-01	0.00843347	0.0111977	0.567224	4.5E-01	0.640711	4.2E-01
rs1953096	1	170318770	1.91758	G	A	0.762782	0.999479	5.98869	1.4E-02	0.0165503	0.00657525	6.33562	1.2E-02	4.51267	3.4E-02
rs6697844	1	172308238	1.93873	C	T	0.56798	0.996349	0.205059	6.5E-01	0.0037826	0.00561032	0.454577	5.0E-01	0.309817	5.8E-01
rs633715	1	177852580	1.98813	T	C	0.789275	1	0.906522	3.4E-01	0.00515537	0.00684648	0.567004	4.5E-01	0.445935	5.0E-01
rs11807331	1	196427811	2.14315	T	C	0.684298	0.996378	0.394425	5.3E-01	-0.00326691	0.00599827	0.296634	5.9E-01	0.151617	7.0E-01
rs11240351	1	205044339	2.25371	A	G	0.594795	0.998205	0.0860785	7.7E-01	0.00253846	0.00567617	0.200001	6.5E-01	0.354879	5.5E-01
rs61823192	1	219294570	2.43535	C	T	0.971468	0.90297	1.3306	2.5E-01	0.0180268	0.0175949	1.04969	3.1E-01	2.09069	1.5E-01
rs77278027	1	219392230	2.43543	C	T	0.93823	0.976746	0.101068	7.5E-01	-0.00216974	0.0117157	0.0342986	8.5E-01	0.0419779	8.4E-01
rs6683741	1	219786717	2.43742	T	G	0.861853	0.991403	1.11379	2.9E-01	0.00690995	0.00809567	0.728526	3.9E-01	0.859644	3.5E-01
rs62106252	2	408713	0.00503892	G	A	0.950832	0.955734	1.55738	2.1E-01	-0.0169466	0.013153	1.66002	2.0E-01	1.46788	2.3E-01
rs2867105	2	601905	0.00766081	T	G	0.178655	0.986439	0.433392	5.1E-01	-0.00514139	0.00732886	0.49214	4.8E-01	0.362613	5.5E-01
rs711869	2	13073967	0.297329	G	A	0.443249	0.983109	0.539663	4.6E-01	0.00433892	0.00565738	0.588211	4.4E-01	1.38937	2.4E-01
rs11677500	2	24846815	0.456236	A	G	0.443553	0.997596	5.42093	2.0E-02	0.0130003	0.0056081	5.37368	2.0E-02	5.69197	1.7E-02
rs4665378	2	27548038	0.473329	A	C	0.601213	0.998401	37.0026	1.2E-09	-0.0348212	0.00569465	37.3899	9.7E-10	39.7665	2.9E-10
rs7933	2	43452183	0.682402	A	G	0.634849	0.981779	0.554285	4.6E-01	-0.00357859	0.00583365	0.376308	5.4E-01	0.191682	6.6E-01
rs56266464	2	44054991	0.686489	G	A	0.939556	0.986548	55.6917	8.5E-14	0.0919507	0.0117897	60.8285	6.2E-15	64.2792	1.1E-15
rs36072157	2	48953740	0.765134	G	C	0.658175	0.956087	0.203977	6.5E-01	-0.00343559	0.00599904	0.327974	5.7E-01	0.0282013	8.7E-01
rs6546196	2	66144496	0.916561	G	A	0.525101	0.993792	1.77184	1.8E-01	0.00848105	0.00560643	2.28837	1.3E-01	2.56219	1.1E-01
rs4316926	2	66749108	0.924328	G	A	0.396567	0.99766	3.83979	5.0E-02	0.0126104	0.00570457	4.88666	2.7E-02	7.01847	8.1E-03
rs2170702	2	67571130	0.937008	T	C	0.545622	0.996677	0.241306	6.2E-01	-0.00308996	0.00562725	0.301519	5.8E-01	0.209129	6.5E-01
rs12712049	2	100208830	1.21955	A	G	0.176674	0.985519	5.06693	2.4E-02	-0.0175797	0.00734794	5.7239	1.7E-02	5.43589	2.0E-02
rs72946301	2	111861838	1.33125	G	A	0.903863	0.964859	2.21061	1.4E-01	-0.0167326	0.00962893	3.01974	8.2E-02	3.64524	5.6E-02
rs7593247	2	119337589	1.3956	C	T	0.503784	0.990163	0.171959	6.8E-01	0.00226421	0.00559787	0.163601	6.9E-01	0.20153	6.5E-01
rs114666647	2	158393301	1.76187	T	C	0.987759	1	6.23639	1.3E-02	-0.066009	0.0253651	6.77225	9.3E-03	6.73671	9.4E-03
rs11899550	2	158451825	1.76314	C	T	0.92902	0.994523	3.07999	7.9E-02	0.0192188	0.0108522	3.13629	7.7E-02	2.63032	1.0E-01
rs62173895	2	165477903	1.81419	G	C	0.329951	0.997788	0.972301	3.2E-01	0.0062793	0.00595557	1.11167	2.9E-01	1.0903	3.0E-01
rs3769872	2	165565548	1.81514	C	T	0.941933	0.997539	1.98996	1.6E-01	-0.0170607	0.0119502	2.03819	1.5E-01	2.2508	1.3E-01
rs115283512	2	172379649	1.89769	C	T	0.817449	0.996247	0.0858598	7.7E-01	0.00143542	0.00723818	0.0393278	8.4E-01	0.101318	7.5E-01
rs62173497	2	187821910	2.04064	C	A	0.889372	0.96522	2.7615	9.7E-02	-0.0146481	0.00902925	2.63184	1.0E-01	4.17171	4.1E-02
rs1837121	2	216292331	2.28555	G	A	0.273406	0.99918	3.51925	6.1E-02	-0.0130807	0.00625829	4.36866	3.7E-02	4.38485	3.6E-02
rs16857748	2	218382258	2.32414	C	T	0.903272	0.999764	0.0247968	8.7E-01	-0.000348825	0.0094368	0.00136636	9.7E-01	0.00165639	9.7E-01
rs16866785	2	226899056	2.44178	A	G	0.775296	0.992487	13.8396	2.0E-04	-0.0249622	0.00670265	13.8699	2.0E-04	12.3082	4.5E-04
rs305506	3	12026709	0.296805	G	T	0.113563	0.992655	0.779535	3.8E-01	-0.00474052	0.00883016	0.288214	5.9E-01	0.169139	6.8E-01
rs114252958	3	12409938	0.29797	C	T	0.982978	0.956617	0.966655	3.3E-01	0.0197574	0.0221253	0.797408	3.7E-01	0.970077	3.2E-01
rs13086654	3	35532275	0.595296	G	A	0.863267	0.996625	0.0267282	8.7E-01	0.000305579	0.00809458	0.00142514	9.7E-01	0.0187215	8.9E-01
rs11926707	3	46925539	0.687568	T	C	0.379143	0.985514	1.74449	1.9E-01	0.00705062	0.00577222	1.492	2.2E-01	1.28821	2.6E-01
rs614288	3	52220203	0.695484	T	C	0.466765	1	6.65563	9.9E-03	-0.0147076	0.00557496	6.95983	8.3E-03	6.09137	1.4E-02
rs11718560	3	64584862	0.868956	C	T	0.731847	0.985124	0.153501	7.0E-01	0.00296386	0.0063308	0.219178	6.4E-01	0.178157	6.7E-01
rs4688498	3	64674599	0.871028	C	T	0.669682	0.985151	1.59458	2.1E-01	-0.00669099	0.00597041	1.25595	2.6E-01	1.65061	2.0E-01
rs9872683	3	123155892	1.35844	A	C	0.408022	0.993775	0.0098403	9.2E-01	-0.000904326	0.00567914	0.0253562	8.7E-01	0.00605753	9.4E-01
rs62265318	3	128752986	1.42297	G	A	0.965093	0.926921	0.00160841	9.7E-01	-0.000987475	0.0157525	0.00392963	9.5E-01	0.00845158	9.3E-01
rs143418767	3	129105690	1.42548	G	A	0.980767	0.944053	0.303157	5.8E-01	0.0128657	0.0209079	0.378653	5.4E-01	0.391423	5.3E-01
rs112551697	3	150018637	1.64271	G	A	0.96554	0.928479	2.26298	1.3E-01	0.0242963	0.0158059	2.36289	1.2E-01	2.18014	1.4E-01
rs7617389	3	156801088	1.71237	T	C	0.32586	0.969927	2.65862	1.0E-01	-0.0100727	0.00605056	2.77143	9.6E-02	3.13762	7.7E-02
rs998749	3	168972802	1.77947	A	G	0.517178	0.992407	0.630404	4.3E-01	-0.00243094	0.00558618	0.189373	6.6E-01	0.234358	6.3E-01
rs1499813	3	171760427	1.8208	T	C	0.587431	1	2.04876	1.5E-01	-0.00862916	0.00568608	2.30309	1.3E-01	2.64987	1.0E-01
rs11705729	3	185507299	2.01659	A	T	0.6869	0.999805	1.40106	2.4E-01	0.00633794	0.0060096	1.11226	2.9E-01	2.06343	1.5E-01
rs7697256	4	848335	0.00782825	C	T	0.727433	0.999147	0.488952	4.8E-01	-0.00519187	0.00625859	0.68817	4.1E-01	0.376531	5.4E-01
rs7659144	4	3098321	0.0324978	C	G	0.656231	0.995037	10.0804	1.5E-03	-0.0183101	0.00586681	9.74047	1.8E-03	9.10401	2.6E-03
rs4450871	4	4990298	0.0879764	A	G	0.554775	1	8.18149	4.2E-03	-0.0160634	0.00561862	8.17367	4.3E-03	7.69632	5.5E-03
rs1912897	4	26006133	0.455942	A	T	0.79303	0.98817	2.75415	9.7E-02	0.0124985	0.0069256	3.25686	7.1E-02	3.09199	7.9E-02
rs17644283	4	26308792	0.461396	A	G	0.370735	0.99507	6.53969	1.1E-02	-0.0157984	0.00579613	7.42933	6.4E-03	7.25458	7.1E-03
rs11133373	4	56215631	0.730194	C	G	0.682789	0.992346	0.145504	7.0E-01	0.00208915	0.00601983	0.12044	7.3E-01	0.0789277	7.8E-01
rs3775403	4	89615174	1.04851	T	C	0.869029	0.98982	0.794859	3.7E-01	-0.0088976	0.0083124	1.14576	2.8E-01	1.49878	2.2E-01
rs17014616	4	89736565	1.04925	A	T	0.931087	0.996962	2.06819	1.5E-01	0.0165915	0.0110168	2.2681	1.3E-01	3.32799	6.8E-02
rs12647922	4	106063987	1.17944	C	T	0.794569	0.998343	4.08961	4.3E-02	-0.0143959	0.00689803	4.35538	3.7E-02	4.59149	3.2E-02
rs7655064	4	120106348	1.31331	T	C	0.875314	0.995692	0.256852	6.1E-01	0.0037966	0.00844142	0.202282	6.5E-01	0.218769	6.4E-01
rs11727676	4	145659064	1.53853	T	C	0.903374	1	0.165359	6.8E-01	0.00422383	0.0094523	0.199682	6.5E-01	0.315614	5.7E-01
rs13178917	5	4007353	0.10142	C	T	0.551974	0.99437	0.838051	3.6E-01	-0.00485692	0.00559749	0.752896	3.9E-01	0.476323	4.9E-01
rs3792751	5	32773314	0.512212	C	T	0.626583	0.990118	1.53262	2.2E-01	0.00647024	0.00578601	1.2505	2.6E-01	0.707604	4.0E-01
rs17457629	5	38795199	0.597633	A	T	0.728239	0.988005	0.215824	6.4E-01	0.00315029	0.00630195	0.249891	6.2E-01	0.262792	6.1E-01
rs2448	5	53302354	0.644969	T	C	0.737842	0.999532	1.02186	3.1E-01	0.00546124	0.0063531	0.738944	3.9E-01	1.05295	3.0E-01
rs1559215	5	54867827	0.667887	G	A	0.339397	0.996823	0.000683953	9.8E-01	-0.000517864	0.00590731	0.00768512	9.3E-01	0.0731017	7.9E-01
rs11949724	5	55832217	0.681021	G	A	0.635455	1	2.98569	8.4E-02	0.0103567	0.00581152	3.17585	7.5E-02	3.2117	7.3E-02
rs1002473	5	56274077	0.686309	T	G	0.206197	0.999836	1.08696	3.0E-01	-0.00743214	0.00691274	1.15592	2.8E-01	0.811308	3.7E-01
rs34697	5	66298637	0.77068	A	G	0.432612	0.987874	0.0253032	8.7E-01	-0.000643255	0.00567209	0.0128611	9.1E-01	0.0323988	8.6E-01
rs7710706	5	74343769	0.860085	G	A	0.642166	0.992025	32.4924	1.2E-08	-0.0328121	0.00584287	31.5366	2.0E-08	35.1298	3.1E-09
rs6870983	5	87697533	1.01437	C	T	0.787184	0.995128	0.975093	3.2E-01	-0.00599926	0.0068151	0.77491	3.8E-01	0.465663	4.9E-01
rs27361	5	102548967	1.1092	G	A	0.700242	0.998319	1.44436	2.3E-01	0.00859895	0.00609237	1.99213	1.6E-01	2.74389	9.8E-02
rs34864074	5	112875535	1.20089	A	C	0.809873	0.995669	1.04333	3.1E-01	0.00780293	0.00715523	1.18924	2.8E-01	1.49226	2.2E-01
rs10519585	5	118676529	1.27446	T	C	0.712535	0.977148	5.27881	2.2E-02	-0.0140616	0.0062237	5.10469	2.4E-02	4.60679	3.2E-02
rs4705986	5	132349654	1.39065	T	G	0.937241	0.978165	0.124993	7.2E-01	-0.00625248	0.0116318	0.288942	5.9E-01	0.0599401	8.1E-01
rs33999	5	141973349	1.48937	C	G	0.612065	0.9834	0.0165909	9.0E-01	0.000256977	0.00575684	0.0019926	9.6E-01	0.00588988	9.4E-01
rs10477191	5	142077715	1.49476	A	G	0.950886	0.911257	0.118921	7.3E-01	0.00506841	0.0135711	0.13948	7.1E-01	0.337829	5.6E-01
rs72846967	5	171849098	1.88961	A	G	0.706231	0.999429	0.491261	4.8E-01	0.00432023	0.00612372	0.497718	4.8E-01	0.79409	3.7E-01
rs2053681	5	172746086	1.91113	A	G	0.485601	0.912476	0.529289	4.7E-01	-0.00521561	0.00585361	0.793893	3.7E-01	0.82958	3.6E-01
rs201058	6	6726017	0.180973	A	G	0.438993	0.99583	1.48283	2.2E-01	-0.00646632	0.00562079	1.32349	2.5E-01	0.820051	3.7E-01
rs2326776	6	6761881	0.18302	G	A	0.790616	0.988382	0.535413	4.6E-01	0.00415619	0.0068868	0.364213	5.5E-01	0.271227	6.0E-01
rs7751325	6	7209132	0.195952	C	T	0.550375	0.99847	0.353433	5.5E-01	0.00305303	0.00561163	0.295995	5.9E-01	0.24064	6.2E-01
rs17584626	6	20560435	0.409936	A	T	0.687051	0.984667	2.28148	1.3E-01	-0.0101744	0.00605282	2.82555	9.3E-02	2.91576	8.8E-02
rs114376405	6	30770701	0.507083	G	A	0.988554	0.994696	6.36941	1.2E-02	-0.0623144	0.0262775	5.62354	1.8E-02	5.75833	1.6E-02
rs3094225	6	31113052	0.510178	G	A	0.26968	0.999821	0.968385	3.3E-01	0.00587905	0.00629147	0.873194	3.5E-01	0.514812	4.7E-01
rs9267989	6	32219320	0.51869	G	T	0.79171	0.999726	1.09871	2.9E-01	0.00606516	0.00684295	0.785592	3.8E-01	0.760069	3.8E-01
rs181133225	6	32454764	0.520293	T	C	0.893444	0.778953	5.80566	1.6E-02	0.021641	0.0101764	4.52237	3.3E-02	3.87864	4.9E-02
rs117108573	6	32489679	0.520303	C	T	0.921405	0.866866	7.39552	6.5E-03	0.027128	0.0110595	6.01677	1.4E-02	4.56064	3.3E-02
rs142779375	6	34165351	0.545713	T	G	0.952718	0.997081	0.0514197	8.2E-01	-0.00145924	0.0131324	0.0123471	9.1E-01	0.0600766	8.1E-01
rs1574430	6	43269029	0.669727	A	C	0.391321	0.999399	0.201699	6.5E-01	0.00204516	0.00571144	0.128222	7.2E-01	0.0830502	7.7E-01
rs9381248	6	43734606	0.675407	C	T	0.87836	0.993046	1.39074	2.4E-01	0.0119903	0.008563	1.96069	1.6E-01	2.25467	1.3E-01
rs35349911	6	43785255	0.678849	C	T	0.409597	0.97009	0.0805422	7.8E-01	-0.00148567	0.00576599	0.0663889	8.0E-01	0.006881	9.3E-01
rs10452561	6	80805796	0.920872	T	C	0.874288	0.991795	0.0711509	7.9E-01	0.00393895	0.00841842	0.218927	6.4E-01	0.13259	7.2E-01
rs1902066	6	81346033	0.922431	T	C	0.437575	0.991679	0.543691	4.6E-01	0.00323176	0.00564607	0.327632	5.7E-01	0.506261	4.8E-01
rs6924944	6	100597579	1.0811	A	T	0.245827	0.981159	0.336887	5.6E-01	0.00427921	0.0065524	0.426508	5.1E-01	0.220976	6.4E-01
rs72969772	6	126187585	1.32503	A	G	0.980332	1	0.200433	6.5E-01	-0.0114093	0.0201341	0.321111	5.7E-01	0.0579236	8.1E-01
rs9986505	6	126445558	1.32603	A	G	0.6761	0.991308	0.0525071	8.2E-01	0.00227109	0.00598139	0.144167	7.0E-01	0.0165297	9.0E-01
rs74949497	6	126812007	1.32699	A	C	0.97518	1	1.80762	1.8E-01	0.0225917	0.0180212	1.57155	2.1E-01	1.6339	2.0E-01
rs9389689	6	139813632	1.50282	G	C	0.504922	0.997811	0.998487	3.2E-01	0.00528642	0.00556657	0.901875	3.4E-01	1.09075	3.0E-01
rs851978	6	152029556	1.64243	G	T	0.726311	0.996212	0.463383	5.0E-01	-0.00370829	0.0062724	0.349527	5.5E-01	0.72601	3.9E-01
rs2282137	6	160468180	1.77084	G	A	0.984432	0.989502	32.134	1.4E-08	-0.128185	0.0225946	32.1857	1.4E-08	32.6235	1.1E-08
rs562660689	6	160703358	1.77413	A	G	0.844088	0.995196	32.2843	1.3E-08	-0.0450325	0.00767034	34.4685	4.3E-09	39.5064	3.3E-10
rs960589	7	25823647	0.43812	A	C	0.837349	0.976235	0.084177	7.7E-01	0.00421952	0.00762541	0.306196	5.8E-01	0.651247	4.2E-01
rs12671127	7	26309246	0.44373	C	T	0.633613	0.988487	0.116771	7.3E-01	-0.00259635	0.00580553	0.200006	6.5E-01	0.320551	5.7E-01
rs2189239	7	27237453	0.453427	C	T	0.917096	0.977954	0.0266142	8.7E-01	-6.82831e-05	0.0102396	4.44696e-05	9.9E-01	0.000309035	9.9E-01
rs13223303	7	42692711	0.680137	T	C	0.70789	0.997675	2.5438	1.1E-01	-0.00975983	0.00613157	2.53362	1.1E-01	2.28782	1.3E-01
rs17725246	7	44581986	0.698744	T	C	0.815924	0.999146	33.1102	8.7E-09	-0.0418134	0.00716683	34.039	5.4E-09	36.8729	1.3E-09
rs35867424	7	72032358	0.893844	G	A	0.97046	0.950986	37.3927	9.7E-10	-0.109249	0.0168523	42.0257	9.0E-11	44.3662	2.7E-11
rs113452856	7	72859135	0.899612	G	A	0.96835	0.994361	34.2893	4.7E-09	-0.0937379	0.0159302	34.6247	4.0E-09	38.7276	4.9E-10
rs72649044	7	73029207	0.899737	C	T	0.966833	0.988652	6.30179	1.2E-02	-0.0366698	0.0156088	5.51922	1.9E-02	5.55323	1.8E-02
rs6966632	7	77342199	0.936905	G	T	0.502987	0.998098	0.990746	3.2E-01	-0.00655261	0.00557849	1.37973	2.4E-01	1.56692	2.1E-01
rs2470945	7	104585760	1.19835	C	A	0.596387	0.999188	0.664475	4.1E-01	0.00435981	0.00565469	0.594454	4.4E-01	0.69054	4.1E-01
rs4313084	7	114586903	1.30546	C	T	0.0829266	0.999308	5.63687	1.8E-02	-0.0236126	0.0101039	5.46147	1.9E-02	4.45815	3.5E-02
rs12154627	7	130422934	1.4017	T	C	0.506907	0.97487	10.988	9.2E-04	-0.0177528	0.00563568	9.92293	1.6E-03	12.186	4.8E-04
rs2980478	8	8088230	0.237388	T	C	0.524982	0.963758	45.2871	1.7E-11	-0.0389021	0.00570138	46.5572	8.9E-12	48.7409	2.9E-12
rs62496677	8	19636940	0.469846	A	C	0.808299	0.995456	36.5308	1.5E-09	-0.0403895	0.00708471	32.5007	1.2E-08	32.8274	1.0E-08
rs66462329	8	19912060	0.473335	G	A	0.718482	0.996492	59.8101	1.0E-14	-0.0482687	0.00618711	60.8632	6.1E-15	65.4296	6.0E-16
rs7815496	8	38321607	0.69461	C	T	0.597431	0.996532	0.0571741	8.1E-01	-0.00213402	0.0056784	0.141236	7.1E-01	0.0129476	9.1E-01
rs10093418	8	72392687	0.950051	A	G	0.892444	0.978176	3.85176	5.0E-02	0.0176062	0.00903249	3.79939	5.1E-02	3.86545	4.9E-02
rs144435165	8	126419938	1.45107	G	C	0.944194	0.785853	4.71453	3.0E-02	0.0254224	0.0136727	3.45721	6.3E-02	4.09894	4.3E-02
rs283727	8	128313360	1.48991	G	A	0.465104	0.977161	0.123855	7.2E-01	0.00130156	0.00566606	0.0527674	8.2E-01	0.0529664	8.2E-01
rs675849	9	15298666	0.337659	T	C	0.138628	0.996826	30.9772	2.6E-08	0.0447505	0.00807742	30.6938	3.0E-08	32.691	1.1E-08
rs2131919	9	95283887	1.12689	A	G	0.83667	0.999136	1.11913	2.9E-01	0.00863026	0.00756536	1.30134	2.5E-01	0.773085	3.8E-01
rs2398893	9	96758342	1.14182	A	G	0.725421	0.999804	3.09879	7.8E-02	0.0117902	0.00625861	3.54886	6.0E-02	4.57308	3.2E-02
rs12686004	9	107653426	1.24316	G	A	0.884341	1	15.4486	8.5E-05	-0.0337234	0.00871391	14.9774	1.1E-04	15.4438	8.5E-05
rs10991414	9	107685589	1.24582	T	C	0.861068	0.989408	1.99968	1.6E-01	0.0105214	0.00812314	1.67763	2.0E-01	0.79034	3.7E-01
rs73519946	9	107868862	1.24912	A	T	0.958103	0.989128	3.65072	5.6E-02	0.0265933	0.0140127	3.60166	5.8E-02	2.08233	1.5E-01
rs7857390	9	136128546	1.66194	A	G	0.41692	0.985267	36.504	1.5E-09	-0.0334491	0.00568783	34.584	4.1E-09	37.7107	8.2E-10
rs7096078	10	3560644	0.0740604	C	T	0.425467	0.981688	0.62062	4.3E-01	0.00499967	0.00568344	0.773857	3.8E-01	0.161529	6.9E-01
rs2907794	10	32391109	0.603202	G	A	0.758285	0.99713	0.429465	5.1E-01	0.00363925	0.00651047	0.312463	5.8E-01	0.0238095	8.8E-01
rs2247486	10	33489594	0.609463	A	G	0.603119	0.998525	0.451843	5.0E-01	-0.0035336	0.00568268	0.38666	5.3E-01	0.170231	6.8E-01
rs12243209	10	63783406	0.859343	T	C	0.963634	0.99691	0.58453	4.4E-01	0.0135872	0.0149436	0.826706	3.6E-01	0.944015	3.3E-01
rs10995041	10	63867523	0.860298	A	C	0.754056	0.97671	0.704319	4.0E-01	-0.00663944	0.0065656	1.02262	3.1E-01	0.312591	5.8E-01
rs7089698	10	65384567	0.871611	A	G	0.465243	0.998398	32.088	1.5E-08	-0.0328763	0.00560634	34.388	4.5E-09	37.8312	7.7E-10
rs703985	10	80940740	1.06575	A	T	0.590861	0.992524	0.00887711	9.2E-01	0.000924672	0.00569466	0.0263657	8.7E-01	0.114753	7.3E-01
rs11202614	10	89755643	1.15952	C	T	0.838039	0.997476	1.10049	2.9E-01	0.00734628	0.00759876	0.934651	3.3E-01	1.83477	1.8E-01
rs10882028	10	93943900	1.2086	C	T	0.408953	0.999201	0.123332	7.3E-01	0.00223399	0.00565377	0.15613	6.9E-01	0.254279	6.1E-01
rs7917772	10	104487443	1.30576	G	A	0.367969	1	2.81314	9.3E-02	0.00996778	0.00576995	2.98437	8.4E-02	3.12178	7.7E-02
rs11596249	10	122812361	1.5266	T	G	0.911116	0.993945	0.117416	7.3E-01	-0.00556499	0.00981743	0.321317	5.7E-01	0.077283	7.8E-01
rs10788149	10	122967170	1.52881	G	A	0.320548	1	4.08116	4.3E-02	-0.0113076	0.00598895	3.56484	5.9E-02	3.62633	5.7E-02
rs140201358	11	823586	0.0109832	C	G	0.986248	1	1.09369	3.0E-01	0.0291047	0.0239404	1.47796	2.2E-01	1.94302	1.6E-01
rs7932891	11	10921512	0.210707	A	G	0.294517	0.99931	6.42582	1.1E-02	-0.0131384	0.00611018	4.62354	3.2E-02	6.35119	1.2E-02
rs11029441	11	26279145	0.452845	T	C	0.920415	0.988421	1.94711	1.6E-01	0.0130939	0.0103586	1.59787	2.1E-01	2.94731	8.6E-02
rs12786130	11	27505954	0.464069	C	T	0.238291	0.989196	6.92189	8.5E-03	-0.0162307	0.00657469	6.09432	1.4E-02	4.77667	2.9E-02
rs56386213	11	36291554	0.562467	A	G	0.595018	1	0.120584	7.3E-01	-0.00351943	0.00564614	0.388544	5.3E-01	0.483033	4.9E-01
rs2269928	11	61537529	0.703886	T	G	0.77337	0.962155	35.0688	3.2E-09	0.041177	0.00680159	36.6511	1.4E-09	38.9831	4.3E-10
rs2072114	11	61605215	0.704106	A	G	0.878024	1	71.1365	3.3E-17	0.0714093	0.0085127	70.3679	4.9E-17	76.6624	2.0E-18
rs2509963	11	62192931	0.710202	T	C	0.257705	0.993079	0.56684	4.5E-01	-0.00485785	0.00635729	0.583908	4.4E-01	0.355754	5.5E-01
rs11231137	11	62315699	0.714502	G	A	0.701274	0.997506	2.10002	1.5E-01	0.00820728	0.00609145	1.81533	1.8E-01	1.70198	1.9E-01
rs12362685	11	111478720	1.18727	A	T	0.621328	0.997217	0.0539862	8.2E-01	-0.00275876	0.00575641	0.22968	6.3E-01	0.467438	4.9E-01
rs11216109	11	116580815	1.26023	C	G	0.791164	0.994761	39.484	3.3E-10	0.0442974	0.00686876	41.5911	1.1E-10	41.7986	1.0E-10
rs1003081	11	118913993	1.29361	C	T	0.544862	0.993306	0.130481	7.2E-01	0.00181244	0.00561121	0.104331	7.5E-01	0.0714152	7.9E-01
rs579682	11	122014110	1.35175	C	T	0.283365	0.991186	0.343066	5.6E-01	-0.00316611	0.00621613	0.259425	6.1E-01	0.0609703	8.0E-01
rs747249	11	130271647	1.49781	A	G	0.360849	0.986641	0.404917	5.2E-01	-0.00415775	0.00584801	0.505476	4.8E-01	1.1488	2.8E-01
rs10771260	12	26253557	0.45721	A	C	0.608183	0.995844	2.37674	1.2E-01	0.0103556	0.00573505	3.26041	7.1E-02	2.89429	8.9E-02
rs16915737	12	26403614	0.459048	C	T	0.928538	0.993226	0.0302677	8.6E-01	3.39841e-05	0.0108276	9.85112e-06	1.0E+00	0.108698	7.4E-01
rs7310959	12	45968598	0.59006	G	A	0.897555	1	9.65506	1.9E-03	0.0292779	0.00921146	10.1023	1.5E-03	9.94162	1.6E-03
rs75824359	12	54320490	0.68262	A	G	0.970266	0.973341	0.145329	7.0E-01	-0.00832051	0.0166283	0.250382	6.2E-01	0.588296	4.4E-01
rs7961915	12	66425288	0.795219	A	G	0.213926	0.943584	4.3027	3.8E-02	-0.0148003	0.00698532	4.48917	3.4E-02	6.1181	1.3E-02
rs704067	12	89726027	1.03172	G	A	0.545146	0.989595	1.74003	1.9E-01	0.00850283	0.00564431	2.26937	1.3E-01	2.20558	1.4E-01
rs7958469	12	107052620	1.26171	G	A	0.638699	0.995036	0.597569	4.4E-01	0.00454582	0.00581485	0.611151	4.3E-01	1.02179	3.1E-01
rs1169809	12	121688026	1.45624	G	A	0.700971	0.994402	10.9174	9.5E-04	0.0205637	0.00610135	11.3593	7.5E-04	10.2304	1.4E-03
rs139948644	12	123200016	1.46983	C	T	0.972202	0.923516	0.216041	6.4E-01	0.0107642	0.0176077	0.373729	5.4E-01	0.513588	4.7E-01
rs11060406	12	123339117	1.47024	C	T	0.96325	0.964271	4.56721	3.3E-02	0.0339832	0.0150326	5.11047	2.4E-02	5.93485	1.5E-02
rs34149579	12	123345509	1.47026	G	T	0.947363	1	1.697	1.9E-01	0.0181455	0.0124796	2.11418	1.5E-01	2.55168	1.1E-01
rs11613189	12	124642803	1.48018	C	T	0.627038	0.983075	0.15866	6.9E-01	-0.0021023	0.0058423	0.129485	7.2E-01	0.133226	7.2E-01
rs1045411	13	31033232	0.263482	C	T	0.7313	0.996942	0.0235572	8.8E-01	0.00127501	0.00631061	0.0408207	8.4E-01	0.00600215	9.4E-01
rs10507524	13	44684600	0.468128	T	C	0.907237	0.994143	0.832158	3.6E-01	-0.00913412	0.00966706	0.89278	3.4E-01	0.397885	5.3E-01
rs7334326	13	50967732	0.53896	G	C	0.858576	0.996316	0.238218	6.3E-01	-0.00536516	0.00800535	0.449164	5.0E-01	0.258618	6.1E-01
rs8012185	14	58668484	0.537795	A	G	0.723155	0.991197	8.03315	4.6E-03	0.0174386	0.00624608	7.79487	5.2E-03	9.11876	2.5E-03
rs1286138	14	91485445	0.882014	T	G	0.326286	0.996304	5.57042	1.8E-02	-0.0141638	0.00594681	5.6727	1.7E-02	6.77532	9.2E-03
rs2124307	14	98344662	1.02722	T	C	0.377663	0.998341	2.31936	1.3E-01	0.00924385	0.00576176	2.57392	1.1E-01	3.15817	7.6E-02
rs7402977	15	31726824	0.452929	G	A	0.733334	0.984393	0.19484	6.6E-01	-0.00217621	0.00635274	0.11735	7.3E-01	0.183142	6.7E-01
rs12437696	15	40878474	0.62928	A	G	0.51447	0.998802	1.06718	3.0E-01	-0.00475355	0.00559639	0.721475	4.0E-01	0.881215	3.5E-01
rs149492745	15	43099550	0.641031	C	T	0.977336	0.916905	37.5881	8.7E-10	0.11514	0.0195598	34.6518	3.9E-09	32.4278	1.2E-08
rs11630710	15	56364758	0.756318	G	T	0.893172	0.979091	0.666463	4.1E-01	-0.00614957	0.0091501	0.451688	5.0E-01	0.236178	6.3E-01
rs12911939	15	63800065	0.876679	T	C	0.431976	0.996322	8.65485	3.3E-03	-0.0181574	0.00564195	10.3574	1.3E-03	11.5331	6.8E-04
rs762551	15	75041917	1.00314	C	A	0.274028	1	6.18362	1.3E-02	-0.015731	0.00624755	6.34004	1.2E-02	5.15607	2.3E-02
rs2401948	16	1340854	0.0338191	G	C	0.470436	0.984992	0.812469	3.7E-01	0.00475721	0.00562022	0.71647	4.0E-01	0.402971	5.3E-01
rs3747577	16	4415696	0.082586	C	G	0.259467	0.988145	0.0780729	7.8E-01	-0.0026803	0.00639603	0.175608	6.8E-01	0.0815716	7.8E-01
rs12918743	16	11624245	0.272102	G	A	0.537734	0.991971	5.3901	2.0E-02	0.0112219	0.00560134	4.01373	4.5E-02	4.40647	3.6E-02
rs4787456	16	28559573	0.542371	C	T	0.634142	0.996921	2.32529	1.3E-01	-0.00869478	0.00575477	2.28276	1.3E-01	2.59212	1.1E-01
rs10083738	16	29927702	0.553162	G	A	0.45121	0.999839	0.138185	7.1E-01	0.00256455	0.00560403	0.209422	6.5E-01	0.148918	7.0E-01
rs16952242	16	53474250	0.64336	G	A	0.697908	0.997944	0.65352	4.2E-01	-0.00624461	0.00607836	1.05545	3.0E-01	1.43018	2.3E-01
rs9937053	16	53799507	0.64597	G	A	0.577195	0.999601	2.78785	9.5E-02	0.0106504	0.0056454	3.5591	5.9E-02	3.30052	6.9E-02
rs11866219	16	69549749	0.858341	A	C	0.415066	0.975783	3.82491	5.0E-02	-0.0111474	0.00573148	3.78279	5.2E-02	3.78156	5.2E-02
rs2550733	16	81449060	1.04439	A	G	0.430492	1	0.0132421	9.1E-01	-0.00141607	0.00563811	0.0630811	8.0E-01	0.040651	8.4E-01
rs2927333	16	81509279	1.0455	A	G	0.679395	0.985143	0.332384	5.6E-01	-0.0024172	0.0060314	0.160616	6.9E-01	0.10889	7.4E-01
rs727428	17	7537792	0.196849	T	C	0.44291	1	8.28476	4.0E-03	0.0156111	0.0056001	7.771	5.3E-03	6.57151	1.0E-02
rs8075019	17	17455192	0.444844	G	A	0.875691	0.988404	2.34348	1.3E-01	0.0136502	0.00848236	2.58969	1.1E-01	3.42873	6.4E-02
rs16942379	17	21259827	0.471679	C	T	0.508165	0.995529	4.86042	2.7E-02	-0.0120173	0.00559208	4.61812	3.2E-02	6.15112	1.3E-02
rs11651639	17	27672320	0.49569	A	T	0.483934	0.999433	0.148982	7.0E-01	-0.00313317	0.00557561	0.315779	5.7E-01	0.474015	4.9E-01
rs2306593	17	34866546	0.59517	C	T	0.509195	0.996584	0.211061	6.5E-01	-0.0031314	0.00558385	0.314492	5.7E-01	0.325156	5.7E-01
rs55883500	17	40395267	0.664304	T	G	0.691334	0.998762	0.808161	3.7E-01	0.005367	0.00603268	0.791483	3.7E-01	1.32398	2.5E-01
rs56328224	17	43572419	0.687192	C	T	0.774992	0.995527	1.0904	3.0E-01	-0.00776685	0.00671032	1.33969	2.5E-01	1.11496	2.9E-01
rs11871767	17	61698723	0.887174	A	G	0.724045	0.995857	5.94229	1.5E-02	0.0147443	0.00625919	5.54893	1.8E-02	6.44692	1.1E-02
rs1801689	17	64210580	0.919581	A	C	0.96949	1	36.1569	1.8E-09	-0.0985513	0.0162182	36.925	1.2E-09	41.2328	1.4E-10
rs113120414	17	66945345	0.964692	A	G	0.942645	0.937715	39.2356	3.8E-10	-0.0793351	0.0123751	41.0995	1.4E-10	48.3331	3.6E-12
rs3810068	18	2846499	0.0738566	T	C	0.595452	1	1.74438	1.9E-01	-0.00713146	0.00566616	1.58409	2.1E-01	1.06512	3.0E-01
rs4890429	18	40697481	0.611694	T	C	0.738773	0.995191	1.94188	1.6E-01	0.00907568	0.00637114	2.02919	1.5E-01	1.65869	2.0E-01
rs357900	18	46585235	0.687097	T	A	0.110184	0.998906	6.80682	9.1E-03	0.0218578	0.00889377	6.04007	1.4E-02	5.71948	1.7E-02
rs3897645	18	57728947	0.82135	T	C	0.443585	1	0.0293666	8.6E-01	-0.00153988	0.00563811	0.0745947	7.8E-01	0.262087	6.1E-01
rs2331933	18	57955945	0.822668	T	G	0.652214	0.979252	2.37085	1.2E-01	0.010207	0.00593063	2.96205	8.5E-02	2.30835	1.3E-01
rs12979965	19	2131148	0.0753026	A	G	0.499935	0.991113	2.51439	1.1E-01	0.00912373	0.00558184	2.67172	1.0E-01	1.60025	2.1E-01
rs2240702	19	4159873	0.144523	A	G	0.883396	0.986669	0.670434	4.1E-01	-0.0069232	0.00869385	0.634146	4.3E-01	0.859863	3.5E-01
rs1799815	19	7125519	0.224812	G	A	0.932212	1	2.74725	9.7E-02	-0.0166016	0.0110388	2.26181	1.3E-01	3.46072	6.3E-02
rs35555265	19	17152232	0.420672	C	T	0.803227	0.993265	4.37074	3.7E-02	-0.0138628	0.00700773	3.91332	4.8E-02	3.92091	4.8E-02
rs72999466	19	18248499	0.447893	C	T	0.742123	0.99893	1.87585	1.7E-01	-0.010028	0.00635523	2.4898	1.1E-01	2.01457	1.6E-01
rs1423056	19	33780444	0.560699	G	A	0.681795	0.903762	1.21803	2.7E-01	0.00741252	0.0062901	1.38873	2.4E-01	0.866875	3.5E-01
rs113504807	19	33787954	0.561506	C	T	0.951238	0.934153	0.0475292	8.3E-01	-0.00217727	0.0133343	0.0266614	8.7E-01	0.0159072	9.0E-01
rs544964	19	37409561	0.616104	A	G	0.417229	0.998743	0.823635	3.6E-01	0.00509889	0.00565227	0.813778	3.7E-01	1.55513	2.1E-01
rs62116588	19	44446097	0.68736	C	G	0.976805	0.933368	43.1424	5.1E-11	0.126645	0.0191586	43.6971	3.8E-11	45.656	1.4E-11
rs55840997	19	44480979	0.687479	G	A	0.981353	1	30.016	4.3E-08	0.113023	0.0205782	30.1662	4.0E-08	34.7299	3.8E-09
rs35068131	19	55983854	0.996203	T	C	0.534309	0.942965	0.0470296	8.3E-01	-0.00106216	0.00573766	0.0342699	8.5E-01	0.0490967	8.2E-01
rs151235402	20	569164	0.0196907	C	T	0.984757	0.956324	13.5459	2.3E-04	0.0844126	0.0234039	13.0088	3.1E-04	11.8138	5.9E-04
rs805769	20	5667459	0.191037	T	C	0.595306	0.99253	0.148451	7.0E-01	-0.00168521	0.00570259	0.08733	7.7E-01	0.0561096	8.1E-01
rs2618568	20	17843968	0.423696	C	A	0.384197	0.989119	34.4683	4.3E-09	0.0339936	0.00574913	34.9615	3.4E-09	36.2776	1.7E-09
rs2207132	20	39142516	0.589709	G	A	0.966685	1	5.09002	2.4E-02	-0.03708	0.0155303	5.70061	1.7E-02	4.36821	3.7E-02
rs3091552	20	45440006	0.689385	C	G	0.264162	0.950692	0.644042	4.2E-01	-0.00722944	0.00647408	1.24696	2.6E-01	1.70298	1.9E-01
rs1999536	20	45581777	0.691337	G	C	0.430706	0.994672	0.649487	4.2E-01	-0.00418649	0.00564176	0.550643	4.6E-01	0.498536	4.8E-01
rs1206829	20	45762552	0.696622	A	G	0.446378	0.998025	0.0246813	8.8E-01	0.00140671	0.00560733	0.0629358	8.0E-01	0.225643	6.3E-01
rs6063779	20	50964151	0.79129	A	G	0.716728	0.997749	1.82987	1.8E-01	-0.00765142	0.00619119	1.52734	2.2E-01	1.76544	1.8E-01
rs28710106	20	51712678	0.801721	C	T	0.889914	0.997611	0.0022816	9.6E-01	-0.000552408	0.00893032	0.00382637	9.5E-01	0.015495	9.0E-01
rs6090040	20	62692060	1.09656	A	C	0.479429	0.988701	2.27204	1.3E-01	-0.00876826	0.00561115	2.44187	1.2E-01	1.84509	1.7E-01
rs66836452	21	33058743	0.322744	C	T	0.898206	0.995819	0.739249	3.9E-01	0.00852982	0.00924521	0.851229	3.6E-01	0.353733	5.5E-01
rs2836139	21	39451403	0.432375	A	G	0.514897	0.9942	4.33775	3.7E-02	0.0115068	0.00561794	4.19523	4.1E-02	3.66226	5.6E-02
rs9625551	22	29140529	0.338663	G	A	0.979191	0.995212	0.908857	3.4E-01	0.0230959	0.019512	1.40108	2.4E-01	1.12464	2.9E-01
