SNP	CHR	BP	GENPOS	ALLELE1	ALLELE0	A1FREQ	INFO	CHISQ_LINREG	P_LINREG	BETA	SE	CHISQ_BOLT_LMM_INF	P_BOLT_LMM_INF	CHISQ_BOLT_LMM	P_BOLT_LMM
rs1294014	1	9325676	0.18921	C	T	0.732088	0.974098	2.46645	1.2E-01	-0.00794336	0.00637707	1.55155	2.1E-01	1.77799	1.8E-01
rs1294014	1	9325676	0.18921	C	T	0.732088	0.974098	2.46645	1.2E-01	-0.00794336	0.00637707	1.55155	2.1E-01	1.77799	1.8E-01
rs10753554	1	23619009	0.461644	T	C	0.260317	0.989627	2.62667	1.1E-01	0.00926433	0.00637093	2.11457	1.5E-01	2.04442	1.5E-01
rs72663503	1	39969059	0.670152	C	T	0.771573	0.996098	16.5674	4.7E-05	-0.0281217	0.00662825	18.0005	2.2E-05	19.0105	1.3E-05
rs657452	1	49589847	0.760469	A	G	0.390779	0.988645	2.98715	8.4E-02	0.0105286	0.00570665	3.40392	6.5E-02	3.71107	5.4E-02
rs9436299	1	65892888	0.967508	C	A	0.325082	0.970882	2.84618	9.2E-02	-0.0119495	0.00602878	3.92865	4.7E-02	4.35941	3.7E-02
rs1526480	1	91209986	1.21385	T	C	0.625038	1	0.825319	3.6E-01	-0.00562682	0.00576324	0.953219	3.3E-01	0.911672	3.4E-01
rs4375301	1	98298371	1.27828	A	G	0.767662	0.993807	3.60037	5.8E-02	-0.0135535	0.00661769	4.19461	4.1E-02	5.80843	1.6E-02
rs3108680	1	107572997	1.35724	T	C	0.652386	0.999501	11.9546	5.5E-04	0.0213547	0.00587739	13.2014	2.8E-04	12.7683	3.5E-04
rs4970834	1	109814880	1.38703	C	T	0.813975	0.988774	38.1723	6.5E-10	-0.0435929	0.00717993	36.8632	1.3E-09	40.1459	2.4E-10
rs10494220	1	119572398	1.50995	C	T	0.872599	0.999593	0.392977	5.3E-01	-0.00406766	0.00832556	0.238705	6.3E-01	0.168775	6.8E-01
rs114056923	1	154868744	1.69777	T	C	0.966966	1	0.0337394	8.5E-01	-0.00260513	0.015618	0.0278234	8.7E-01	0.060585	8.1E-01
rs17345893	1	170171874	1.91645	C	T	0.933651	0.998406	0.52319	4.7E-01	-0.00450937	0.0111753	0.162823	6.9E-01	0.457814	5.0E-01
rs1953096	1	170318770	1.91758	G	A	0.762782	0.999479	4.20078	4.0E-02	-0.0137679	0.00656209	4.40201	3.6E-02	3.30005	6.9E-02
rs6697844	1	172308238	1.93873	C	T	0.56798	0.996349	0.443668	5.1E-01	-0.00457379	0.00559909	0.667295	4.1E-01	0.63135	4.3E-01
rs633715	1	177852580	1.98813	T	C	0.789275	1	1.35162	2.4E-01	-0.0052495	0.00683277	0.590257	4.4E-01	0.357914	5.5E-01
rs11807331	1	196427811	2.14315	T	C	0.684298	0.996378	1.92428	1.7E-01	0.00816063	0.00598627	1.85838	1.7E-01	1.46557	2.3E-01
rs11240351	1	205044339	2.25371	A	G	0.594795	0.998205	0.983098	3.2E-01	-0.00645095	0.0056648	1.29681	2.5E-01	1.60357	2.1E-01
rs61823192	1	219294570	2.43535	C	T	0.971468	0.90297	1.47444	2.2E-01	-0.0200566	0.0175597	1.30461	2.5E-01	3.30491	6.9E-02
rs77278027	1	219392230	2.43543	C	T	0.93823	0.976746	0.210978	6.5E-01	0.00385683	0.0116923	0.108809	7.4E-01	0.280309	6.0E-01
rs6683741	1	219786717	2.43742	T	G	0.861853	0.991403	3.34422	6.7E-02	-0.0131536	0.00807947	2.65049	1.0E-01	2.9238	8.7E-02
rs11122400	1	230280259	2.53575	C	G	0.537736	1	33.6596	6.6E-09	0.0334717	0.0055588	36.2571	1.7E-09	39.8199	2.8E-10
rs62106252	2	408713	0.00503892	G	A	0.950832	0.955734	1.66448	2.0E-01	0.0171725	0.0131274	1.71125	1.9E-01	1.1178	2.9E-01
rs2867105	2	601905	0.00766081	T	G	0.178655	0.986439	0.53299	4.7E-01	-0.00494453	0.00731456	0.456955	5.0E-01	0.608619	4.4E-01
rs711869	2	13073967	0.297329	G	A	0.443249	0.983109	0.665616	4.1E-01	-0.00407564	0.00564634	0.521023	4.7E-01	0.844913	3.6E-01
rs11677500	2	24846815	0.456236	A	G	0.443553	0.997596	0.866226	3.5E-01	-0.00488059	0.00559716	0.760344	3.8E-01	1.33363	2.5E-01
rs7933	2	43452183	0.682402	A	G	0.634849	0.981779	0.0784361	7.8E-01	-0.00204141	0.00582226	0.122935	7.3E-01	0.0279261	8.7E-01
rs56266464	2	44054991	0.686489	G	A	0.939556	0.986548	44.6759	2.3E-11	-0.0828635	0.0117667	49.5931	1.9E-12	55.6234	8.8E-14
rs36072157	2	48953740	0.765134	G	C	0.658175	0.956087	0.683334	4.1E-01	-0.0043324	0.00598733	0.523589	4.7E-01	0.849288	3.6E-01
rs6546196	2	66144496	0.916561	G	A	0.525101	0.993792	3.64368	5.6E-02	-0.0120939	0.00559549	4.67149	3.1E-02	4.06902	4.4E-02
rs4316926	2	66749108	0.924328	G	A	0.396567	0.99766	1.31115	2.5E-01	-0.00844565	0.00569344	2.20048	1.4E-01	2.41403	1.2E-01
rs2170702	2	67571130	0.937008	T	C	0.545622	0.996677	1.9317	1.6E-01	0.00825063	0.00561627	2.15814	1.4E-01	2.58671	1.1E-01
rs12712049	2	100208830	1.21955	A	G	0.176674	0.985519	11.0398	8.9E-04	0.0244574	0.0073336	11.1221	8.5E-04	9.61919	1.9E-03
rs72946301	2	111861838	1.33125	G	A	0.903863	0.964859	3.96195	4.7E-02	0.0217808	0.00961014	5.13677	2.3E-02	5.02423	2.5E-02
rs7593247	2	119337589	1.3956	C	T	0.503784	0.990163	0.02455	8.8E-01	-0.000409905	0.00558694	0.00538291	9.4E-01	0.0118067	9.1E-01
rs114666647	2	158393301	1.76187	T	C	0.987759	1	4.00522	4.5E-02	0.0553165	0.0253156	4.77456	2.9E-02	5.18983	2.3E-02
rs11899550	2	158451825	1.76314	C	T	0.92902	0.994523	2.13724	1.4E-01	-0.0151049	0.010831	1.94488	1.6E-01	1.445	2.3E-01
rs62173895	2	165477903	1.81419	G	C	0.329951	0.997788	11.3834	7.4E-04	-0.0198034	0.00594395	11.1002	8.6E-04	10.5073	1.2E-03
rs3769872	2	165565548	1.81514	C	T	0.941933	0.997539	1.62174	2.0E-01	0.0165635	0.0119268	1.92865	1.6E-01	2.26436	1.3E-01
rs115283512	2	172379649	1.89769	C	T	0.817449	0.996247	7.91076e-05	9.9E-01	0.000439384	0.00722405	0.00369936	9.5E-01	0.132558	7.2E-01
rs62173497	2	187821910	2.04064	C	A	0.889372	0.96522	4.41784	3.6E-02	0.0183665	0.00901163	4.15378	4.2E-02	5.9683	1.5E-02
rs1837121	2	216292331	2.28555	G	A	0.273406	0.99918	2.40129	1.2E-01	0.0107425	0.00624607	2.95798	8.5E-02	2.32997	1.3E-01
rs16857748	2	218382258	2.32414	C	T	0.903272	0.999764	0.00742974	9.3E-01	-0.0027474	0.00941838	0.0850924	7.7E-01	0.00913098	9.2E-01
rs16866785	2	226899056	2.44178	A	G	0.775296	0.992487	23.9489	9.9E-07	0.0334388	0.00668957	24.9865	5.8E-07	24.5549	7.2E-07
rs305506	3	12026709	0.296805	G	T	0.113563	0.992655	0.968257	3.3E-01	0.00539414	0.00881646	0.374331	5.4E-01	0.153732	6.9E-01
rs114252958	3	12409938	0.29797	C	T	0.982978	0.956617	0.592609	4.4E-01	-0.0116042	0.022091	0.27593	6.0E-01	0.596773	4.4E-01
rs13086654	3	35532275	0.595296	G	A	0.863267	0.996625	0.511424	4.7E-01	-0.00394064	0.00808202	0.237736	6.3E-01	0.22543	6.3E-01
rs11926707	3	46925539	0.687568	T	C	0.379143	0.985514	2.73139	9.8E-02	-0.00854611	0.00576326	2.19888	1.4E-01	1.97023	1.6E-01
rs614288	3	52220203	0.695484	T	C	0.466765	1	8.20012	4.2E-03	0.0161523	0.00556631	8.42048	3.7E-03	6.80193	9.1E-03
rs11718560	3	64584862	0.868956	C	T	0.731847	0.985124	0.843154	3.6E-01	-0.00630144	0.00632098	0.993827	3.2E-01	1.06356	3.0E-01
rs4688498	3	64674599	0.871028	C	T	0.669682	0.985151	2.72324	9.9E-02	0.00877776	0.00596115	2.16824	1.4E-01	2.32547	1.3E-01
rs9872683	3	123155892	1.35844	A	C	0.408022	0.993775	0.494886	4.8E-01	0.00527411	0.00567033	0.86513	3.5E-01	1.23603	2.7E-01
rs62265318	3	128752986	1.42297	G	A	0.965093	0.926921	0.00325447	9.5E-01	0.0017673	0.0157281	0.0126261	9.1E-01	0.023257	8.8E-01
rs143418767	3	129105690	1.42548	G	A	0.980767	0.944053	0.0119146	9.1E-01	0.00596381	0.0208755	0.0816159	7.8E-01	0.118031	7.3E-01
rs112551697	3	150018637	1.64271	G	A	0.96554	0.928479	3.96222	4.7E-02	-0.0320907	0.0157813	4.13495	4.2E-02	3.87989	4.9E-02
rs7617389	3	156801088	1.71237	T	C	0.32586	0.969927	1.67348	2.0E-01	0.00757159	0.00604117	1.57084	2.1E-01	1.39123	2.4E-01
rs998749	3	168972802	1.77947	A	G	0.517178	0.992407	1.88662	1.7E-01	0.00554441	0.00557751	0.988164	3.2E-01	0.890428	3.5E-01
rs1499813	3	171760427	1.8208	T	C	0.587431	1	0.352288	5.5E-01	0.00406851	0.00567726	0.513562	4.7E-01	0.48973	4.8E-01
rs11705729	3	185507299	2.01659	A	T	0.6869	0.999805	1.75002	1.9E-01	-0.00636086	0.00600027	1.1238	2.9E-01	1.47264	2.2E-01
rs7697256	4	848335	0.00782825	C	T	0.727433	0.999147	4.34713	3.7E-02	0.0144382	0.00624784	5.34028	2.1E-02	4.46646	3.5E-02
rs7659144	4	3098321	0.0324978	C	G	0.656231	0.995037	17.9492	2.3E-05	0.024901	0.00585674	18.0768	2.1E-05	16.6826	4.4E-05
rs4450871	4	4990298	0.0879764	A	G	0.554775	1	15.2701	9.3E-05	0.0221583	0.00560898	15.6064	7.8E-05	15.3198	9.1E-05
rs1912897	4	26006133	0.455942	A	T	0.79303	0.98817	4.44664	3.5E-02	-0.0150952	0.00691371	4.76714	2.9E-02	4.11285	4.3E-02
rs17644283	4	26308792	0.461396	A	G	0.370735	0.99507	2.82955	9.3E-02	0.0108994	0.00578618	3.54831	6.0E-02	3.66663	5.6E-02
rs11133373	4	56215631	0.730194	C	G	0.682789	0.992346	0.628967	4.3E-01	-0.00418669	0.0060095	0.485361	4.9E-01	0.134535	7.1E-01
rs3775403	4	89615174	1.04851	T	C	0.869029	0.98982	2.42239	1.2E-01	0.0154352	0.00829813	3.4599	6.3E-02	4.08526	4.3E-02
rs17014616	4	89736565	1.04925	A	T	0.931087	0.996962	2.44106	1.2E-01	-0.017024	0.0109979	2.39611	1.2E-01	3.57863	5.9E-02
rs1813006	4	103001649	1.15654	G	T	0.940843	0.94358	29.2804	6.3E-08	-0.0663995	0.0121326	29.9518	4.4E-08	31.583	1.9E-08
rs12647922	4	106063987	1.17944	C	T	0.794569	0.998343	2.70765	1.0E-01	0.0113654	0.00688619	2.72404	9.9E-02	3.02441	8.2E-02
rs7655064	4	120106348	1.31331	T	C	0.875314	0.995692	0.0432096	8.4E-01	-0.000891907	0.00842693	0.0112021	9.2E-01	0.00110883	9.7E-01
rs11727676	4	145659064	1.53853	T	C	0.903374	1	1.32964	2.5E-01	-0.0110375	0.00943607	1.36824	2.4E-01	1.43501	2.3E-01
rs13178917	5	4007353	0.10142	C	T	0.551974	0.99437	1.01651	3.1E-01	0.00530881	0.00558818	0.902515	3.4E-01	0.342601	5.6E-01
rs3792751	5	32773314	0.512212	C	T	0.626583	0.990118	1.66918	2.0E-01	-0.00694728	0.00577639	1.4465	2.3E-01	0.707674	4.0E-01
rs17457629	5	38795199	0.597633	A	T	0.728239	0.988005	0.072386	7.9E-01	0.0016176	0.00629147	0.0661058	8.0E-01	0.195641	6.6E-01
rs2448	5	53302354	0.644969	T	C	0.737842	0.999532	0.392076	5.3E-01	-0.00286844	0.00634253	0.204535	6.5E-01	0.429452	5.1E-01
rs1559215	5	54867827	0.667887	G	A	0.339397	0.996823	1.33778	2.5E-01	0.00739437	0.00589749	1.57206	2.1E-01	1.77679	1.8E-01
rs11949724	5	55832217	0.681021	G	A	0.635455	1	9.58975	2.0E-03	-0.018352	0.00580185	10.0054	1.6E-03	10.524	1.2E-03
rs1002473	5	56274077	0.686309	T	G	0.206197	0.999836	0.679574	4.1E-01	0.00605747	0.00690123	0.770422	3.8E-01	0.746067	3.9E-01
rs34697	5	66298637	0.77068	A	G	0.432612	0.987874	0.0104729	9.2E-01	0.00116712	0.00566265	0.0424805	8.4E-01	0.0832862	7.7E-01
rs253407	5	74926778	0.860943	A	G	0.275724	1	34.3529	4.6E-09	-0.0363993	0.00623281	34.1051	5.2E-09	31.1519	2.4E-08
rs1962002	5	78430689	0.92426	T	C	0.611159	0.999197	33.6811	6.5E-09	0.0333014	0.00572142	33.878	5.9E-09	29.2574	6.3E-08
rs27361	5	102548967	1.1092	G	A	0.700242	0.998319	1.28328	2.6E-01	-0.00864371	0.00608223	2.01964	1.6E-01	3.01949	8.2E-02
rs34864074	5	112875535	1.20089	A	C	0.809873	0.995669	0.132479	7.2E-01	-0.00360614	0.00714332	0.25485	6.1E-01	0.24852	6.2E-01
rs10519585	5	118676529	1.27446	T	C	0.712535	0.977148	11.2191	8.1E-04	0.0213303	0.00621335	11.7853	6.0E-04	11.9787	5.4E-04
rs4705986	5	132349654	1.39065	T	G	0.937241	0.978165	0.344099	5.6E-01	0.0106544	0.0116124	0.841797	3.6E-01	0.579169	4.5E-01
rs33999	5	141973349	1.48937	C	G	0.612065	0.9834	0.71142	4.0E-01	-0.0038192	0.00574727	0.441594	5.1E-01	0.456846	5.0E-01
rs10477191	5	142077715	1.49476	A	G	0.950886	0.911257	1.37131	2.4E-01	-0.0184156	0.0135485	1.8475	1.7E-01	1.9267	1.7E-01
rs72846967	5	171849098	1.88961	A	G	0.706231	0.999429	0.163588	6.9E-01	-0.00228709	0.00611353	0.139954	7.1E-01	0.245986	6.2E-01
rs2053681	5	172746086	1.91113	A	G	0.485601	0.912476	0.0116253	9.1E-01	0.00157047	0.00584387	0.0722198	7.9E-01	0.0290671	8.6E-01
rs201058	6	6726017	0.180973	A	G	0.438993	0.99583	0.153828	6.9E-01	0.00187386	0.00561151	0.11151	7.4E-01	0.0576404	8.1E-01
rs2326776	6	6761881	0.18302	G	A	0.790616	0.988382	0.568172	4.5E-01	-0.00457376	0.00687544	0.442533	5.1E-01	0.235349	6.3E-01
rs7751325	6	7209132	0.195952	C	T	0.550375	0.99847	0.849181	3.6E-01	-0.00414863	0.00560236	0.548361	4.6E-01	0.386561	5.3E-01
rs17584626	6	20560435	0.409936	A	T	0.687051	0.984667	4.81281	2.8E-02	0.0143004	0.00604283	5.60036	1.8E-02	6.52598	1.1E-02
rs55964643	6	26340872	0.494284	G	A	0.49645	0.936399	31.6439	1.9E-08	-0.0325209	0.00571033	32.4342	1.2E-08	34.859	3.5E-09
rs114376405	6	30770701	0.507083	G	A	0.988554	0.994696	1.34174	2.5E-01	0.0225904	0.0262341	0.74151	3.9E-01	0.622539	4.3E-01
rs3094225	6	31113052	0.510178	G	A	0.26968	0.999821	5.96416	1.5E-02	-0.0148422	0.00628108	5.58377	1.8E-02	5.71418	1.7E-02
rs117108573	6	32489679	0.520303	C	T	0.921405	0.866866	8.72931	3.1E-03	-0.027493	0.0110413	6.20022	1.3E-02	3.88046	4.9E-02
rs142779375	6	34165351	0.545713	T	G	0.952718	0.997081	1.58586	2.1E-01	-0.015415	0.0131107	1.3824	2.4E-01	2.00906	1.6E-01
rs1574430	6	43269029	0.669727	A	C	0.391321	0.999399	0.148899	7.0E-01	-0.00234368	0.00570202	0.168943	6.8E-01	0.0302271	8.6E-01
rs9381248	6	43734606	0.675407	C	T	0.87836	0.993046	1.89523	1.7E-01	-0.0135538	0.00854887	2.51365	1.1E-01	2.62775	1.1E-01
rs35349911	6	43785255	0.678849	C	T	0.409597	0.97009	1.26099	2.6E-01	-0.00673946	0.00575647	1.37069	2.4E-01	1.85602	1.7E-01
rs10452561	6	80805796	0.920872	T	C	0.874288	0.991795	0.135974	7.1E-01	-0.0047214	0.00840452	0.315585	5.7E-01	0.060279	8.1E-01
rs1902066	6	81346033	0.922431	T	C	0.437575	0.991679	0.0227785	8.8E-01	0.00217098	0.00563675	0.148338	7.0E-01	0.0709227	7.9E-01
rs6924944	6	100597579	1.0811	A	T	0.245827	0.981159	0.0272738	8.7E-01	0.000635453	0.00654159	0.00943627	9.2E-01	0.105932	7.4E-01
rs72969772	6	126187585	1.32503	A	G	0.980332	1	0.42193	5.2E-01	0.0167352	0.0201009	0.693161	4.1E-01	0.26764	6.0E-01
rs9986505	6	126445558	1.32603	A	G	0.6761	0.991308	0.138097	7.1E-01	-0.00284903	0.00597152	0.227626	6.3E-01	0.0201877	8.9E-01
rs74949497	6	126812007	1.32699	A	C	0.97518	1	3.27474	7.0E-02	-0.0323401	0.0179915	3.23109	7.2E-02	3.6941	5.5E-02
rs9389689	6	139813632	1.50282	G	C	0.504922	0.997811	10.9249	9.5E-04	-0.0181865	0.00555739	10.7092	1.1E-03	12.5358	4.0E-04
rs851978	6	152029556	1.64243	G	T	0.726311	0.996212	0.569585	4.5E-01	0.00469126	0.00626205	0.561237	4.5E-01	0.655226	4.2E-01
rs411154	6	160729347	1.77422	G	T	0.484807	0.999958	0.114202	7.4E-01	-0.00265935	0.00557341	0.227671	6.3E-01	0.446697	5.0E-01
rs960589	7	25823647	0.43812	A	C	0.837349	0.976235	0.296851	5.9E-01	-0.00594487	0.00761234	0.609886	4.3E-01	0.891136	3.5E-01
rs12671127	7	26309246	0.44373	C	T	0.633613	0.988487	1.05605	3.0E-01	0.00686965	0.00579558	1.405	2.4E-01	1.0182	3.1E-01
rs2189239	7	27237453	0.453427	C	T	0.917096	0.977954	0.0947243	7.6E-01	0.000807786	0.010222	0.0062448	9.4E-01	4.68637e-05	9.9E-01
rs13223303	7	42692711	0.680137	T	C	0.70789	0.997675	3.01659	8.2E-02	0.0113932	0.00612106	3.46449	6.3E-02	2.51252	1.1E-01
rs71553230	7	71997829	0.893615	T	A	0.963499	0.829255	41.059	1.5E-10	0.107283	0.0162689	43.4854	4.3E-11	44.6306	2.4E-11
rs75252467	7	72802596	0.896534	G	T	0.432818	0.70545	42.1683	8.4E-11	-0.0422813	0.00667264	40.1514	2.4E-10	35.063	3.2E-09
rs6966632	7	77342199	0.936905	G	T	0.502987	0.998098	5.51598	1.9E-02	0.013988	0.00556893	6.3091	1.2E-02	5.75739	1.6E-02
rs2470945	7	104585760	1.19835	C	A	0.596387	0.999188	1.18361	2.8E-01	-0.00628775	0.005645	1.24069	2.7E-01	1.98936	1.6E-01
rs4313084	7	114586903	1.30546	C	T	0.0829266	0.999308	2.88699	8.9E-02	0.0174624	0.0100866	2.99725	8.3E-02	2.73096	9.8E-02
rs12154627	7	130422934	1.4017	T	C	0.506907	0.97487	32.0986	1.5E-08	0.0315999	0.00562602	31.5477	1.9E-08	37.9204	7.4E-10
rs2980478	8	8088230	0.237388	T	C	0.524982	0.963758	36.4652	1.6E-09	0.0349659	0.0056895	37.7695	8.0E-10	36.5985	1.5E-09
rs7825924	8	19590044	0.46849	A	G	0.144983	0.984469	32.546	1.2E-08	0.0456452	0.00795894	32.8912	9.7E-09	34.287	4.8E-09
rs10092538	8	19759670	0.471968	G	C	0.981718	0.993153	47.7033	5.0E-12	-0.145594	0.0208414	48.8013	2.8E-12	50.7941	1.0E-12
rs190118115	8	19793581	0.472107	C	T	0.981499	0.949118	124.523	6.5E-29	-0.236392	0.0211316	125.142	4.7E-29	130.216	3.7E-30
rs569186430	8	19976053	0.475007	G	A	0.988476	0.909644	33.936	5.7E-09	0.154673	0.0273369	32.0131	1.5E-08	35.7795	2.2E-09
rs11992444	8	25464690	0.565812	G	T	0.49058	1	5.25691	2.2E-02	0.0129193	0.00554985	5.41898	2.0E-02	4.74274	2.9E-02
rs7815496	8	38321607	0.69461	C	T	0.597431	0.996532	0.00519609	9.4E-01	-0.000177107	0.00566657	0.000976863	9.8E-01	0.227642	6.3E-01
rs10093418	8	72392687	0.950051	A	G	0.892444	0.978176	9.43011	2.1E-03	-0.0264666	0.00901367	8.62172	3.3E-03	8.17591	4.2E-03
rs144435165	8	126419938	1.45107	G	C	0.944194	0.785853	18.3752	1.8E-05	-0.0545152	0.0136442	15.9639	6.5E-05	15.7083	7.4E-05
rs2001845	8	126478644	1.45319	A	G	0.298211	0.998537	25.6592	4.1E-07	0.0332605	0.00608278	29.8988	4.6E-08	30.6704	3.1E-08
rs2131919	9	95283887	1.12689	A	G	0.83667	0.999136	5.10097	2.4E-02	-0.0175189	0.00755399	5.37848	2.0E-02	4.17021	4.1E-02
rs2398893	9	96758342	1.14182	A	G	0.725421	0.999804	2.68512	1.0E-01	-0.0108008	0.0062492	2.98717	8.4E-02	3.44054	6.4E-02
rs12686004	9	107653426	1.24316	G	A	0.884341	1	8.75982	3.1E-03	0.0249005	0.00870081	8.19025	4.2E-03	10.004	1.6E-03
rs10991414	9	107685589	1.24582	T	C	0.861068	0.989408	4.45768	3.5E-02	-0.0165809	0.00811093	4.17902	4.1E-02	2.50411	1.1E-01
rs73519946	9	107868862	1.24912	A	T	0.958103	0.989128	1.66956	2.0E-01	-0.0167896	0.0139916	1.43994	2.3E-01	0.992688	3.2E-01
rs2519093	9	136141870	1.66208	C	T	0.816616	0.999448	38.6658	5.0E-10	0.045601	0.00718311	40.3018	2.2E-10	41.0722	1.5E-10
rs7096078	10	3560644	0.0740604	C	T	0.425467	0.981688	0.172876	6.8E-01	-0.00268987	0.00567456	0.224698	6.4E-01	0.000419534	9.8E-01
rs2907794	10	32391109	0.603202	G	A	0.758285	0.99713	0.212531	6.4E-01	0.00338467	0.00650031	0.271122	6.0E-01	0.404145	5.2E-01
rs2247486	10	33489594	0.609463	A	G	0.603119	0.998525	0.01577	9.0E-01	-0.000899758	0.0056738	0.025148	8.7E-01	0.143426	7.0E-01
rs12243209	10	63783406	0.859343	T	C	0.963634	0.99691	2.32565	1.3E-01	-0.023694	0.0149202	2.52189	1.1E-01	2.64078	1.0E-01
rs10995041	10	63867523	0.860298	A	C	0.754056	0.97671	0.373193	5.4E-01	0.00609161	0.00655534	0.863521	3.5E-01	0.27538	6.0E-01
rs7089698	10	65384567	0.871611	A	G	0.465243	0.998398	48.4901	3.3E-12	0.039271	0.00559758	49.2202	2.3E-12	55.3875	9.9E-14
rs703985	10	80940740	1.06575	A	T	0.590861	0.992524	1.82115	1.8E-01	0.00802103	0.00568577	1.99013	1.6E-01	2.70546	1.0E-01
rs11202614	10	89755643	1.15952	C	T	0.838039	0.997476	4.30129	3.8E-02	-0.0148694	0.0075869	3.84113	5.0E-02	5.35412	2.1E-02
rs10882028	10	93943900	1.2086	C	T	0.408953	0.999201	1.98452	1.6E-01	-0.00868107	0.00564494	2.36498	1.2E-01	2.16466	1.4E-01
rs7917772	10	104487443	1.30576	G	A	0.367969	1	2.51695	1.1E-01	-0.0095821	0.00576094	2.76652	9.6E-02	2.22972	1.4E-01
rs34820178	10	113901194	1.38373	C	T	0.753585	0.994882	49.0409	2.5E-12	0.0449043	0.00649069	47.8623	4.6E-12	48.4412	3.4E-12
rs11596249	10	122812361	1.5266	T	G	0.911116	0.993945	1.46366	2.3E-01	-0.0105505	0.0098021	1.15854	2.8E-01	1.08929	3.0E-01
rs10788149	10	122967170	1.52881	G	A	0.320548	1	7.76442	5.3E-03	0.0162549	0.00597959	7.38964	6.6E-03	8.12932	4.4E-03
rs140201358	11	823586	0.0109832	C	G	0.986248	1	6.02574	1.4E-02	-0.0630962	0.0238939	6.97319	8.3E-03	8.24527	4.1E-03
rs7932891	11	10921512	0.210707	A	G	0.294517	0.99931	11.8239	5.8E-04	0.0188444	0.0060983	9.54873	2.0E-03	11.3973	7.4E-04
rs11029441	11	26279145	0.452845	T	C	0.920415	0.988421	4.94144	2.6E-02	-0.0224161	0.0103384	4.7012	3.0E-02	6.19698	1.3E-02
rs12786130	11	27505954	0.464069	C	T	0.238291	0.989196	14.8823	1.1E-04	0.024231	0.00656191	13.6358	2.2E-04	11.4559	7.1E-04
rs56386213	11	36291554	0.562467	A	G	0.595018	1	0.418289	5.2E-01	0.00505117	0.00563517	0.803472	3.7E-01	1.38832	2.4E-01
rs198457	11	61471678	0.70287	C	T	0.812318	0.983863	42.0953	8.7E-11	0.0468992	0.00717321	42.7468	6.2E-11	48.4996	3.3E-12
rs2509963	11	62192931	0.710202	T	C	0.257705	0.993079	0.43993	5.1E-01	-0.00409663	0.00634493	0.416868	5.2E-01	0.457286	5.0E-01
rs61881114	11	68996697	0.758653	C	T	0.848445	0.991928	0.877388	3.5E-01	-0.00506013	0.00776783	0.42435	5.1E-01	0.388025	5.3E-01
rs12362685	11	111478720	1.18727	A	T	0.621328	0.997217	0.0337502	8.5E-01	0.00223262	0.00574523	0.151014	7.0E-01	0.288108	5.9E-01
rs4938301	11	116575473	1.26018	G	A	0.794432	0.992895	32.2531	1.4E-08	-0.0404152	0.0069173	34.1362	5.1E-09	33.7268	6.3E-09
rs1003081	11	118913993	1.29361	C	T	0.544862	0.993306	3.74367	5.3E-02	-0.0105001	0.00560031	3.5153	6.1E-02	3.58681	5.8E-02
rs747249	11	130271647	1.49781	A	G	0.360849	0.986641	0.696559	4.0E-01	0.00443146	0.00583664	0.576459	4.5E-01	1.30355	2.5E-01
rs10771260	12	26253557	0.45721	A	C	0.608183	0.995844	3.90416	4.8E-02	-0.012107	0.00572589	4.47084	3.4E-02	3.45824	6.3E-02
rs16915737	12	26403614	0.459048	C	T	0.928538	0.993226	0.0535043	8.2E-01	0.0040145	0.0108103	0.137906	7.1E-01	0.302967	5.8E-01
rs7310959	12	45968598	0.59006	G	A	0.897555	1	13.9939	1.8E-04	-0.0349603	0.00919676	14.4505	1.4E-04	14.305	1.6E-04
rs75824359	12	54320490	0.68262	A	G	0.970266	0.973341	0.0275964	8.7E-01	0.00362652	0.0166018	0.0477167	8.3E-01	0.143029	7.1E-01
rs7961915	12	66425288	0.795219	A	G	0.213926	0.943584	3.67741	5.5E-02	0.0133029	0.00697417	3.63835	5.6E-02	3.13332	7.7E-02
rs704067	12	89726027	1.03172	G	A	0.545146	0.989595	0.657354	4.2E-01	-0.00591426	0.0056353	1.10145	2.9E-01	1.12584	2.9E-01
rs7958469	12	107052620	1.26171	G	A	0.638699	0.995036	4.24787	3.9E-02	-0.0123731	0.00580556	4.54223	3.3E-02	6.00197	1.4E-02
rs1169809	12	121688026	1.45624	G	A	0.700971	0.994402	12.6954	3.7E-04	-0.0224583	0.00609161	13.5922	2.3E-04	12.7008	3.7E-04
rs139948644	12	123200016	1.46983	C	T	0.972202	0.923516	0.867652	3.5E-01	0.011967	0.0175796	0.463399	5.0E-01	0.763971	3.8E-01
rs11060406	12	123339117	1.47024	C	T	0.96325	0.964271	7.9786	4.7E-03	-0.0441087	0.0150086	8.63709	3.3E-03	10.5147	1.2E-03
rs34149579	12	123345509	1.47026	G	T	0.947363	1	5.9446	1.5E-02	-0.0319909	0.0124596	6.59241	1.0E-02	6.71182	9.6E-03
rs11613189	12	124642803	1.48018	C	T	0.627038	0.983075	1.91558	1.7E-01	0.00784453	0.00583297	1.80865	1.8E-01	1.75214	1.9E-01
rs1045411	13	31033232	0.263482	C	T	0.7313	0.996942	0.111313	7.4E-01	0.00292336	0.00630088	0.215259	6.4E-01	0.283481	5.9E-01
rs10507524	13	44684600	0.468128	T	C	0.907237	0.994143	0.000236452	9.9E-01	0.000648231	0.00965215	0.00451037	9.5E-01	0.000124132	9.9E-01
rs7334326	13	50967732	0.53896	G	C	0.858576	0.996316	0.39005	5.3E-01	-0.00409718	0.00799301	0.262755	6.1E-01	0.36252	5.5E-01
rs8012185	14	58668484	0.537795	A	G	0.723155	0.991197	8.34068	3.9E-03	-0.0177505	0.00623569	8.10314	4.4E-03	10.4196	1.2E-03
rs1286138	14	91485445	0.882014	T	G	0.326286	0.996304	5.97348	1.5E-02	0.014293	0.00593692	5.79596	1.6E-02	7.12735	7.6E-03
rs2124307	14	98344662	1.02722	T	C	0.377663	0.998341	3.24801	7.2E-02	-0.00993657	0.00575218	2.98406	8.4E-02	2.93921	8.6E-02
rs7402977	15	31726824	0.452929	G	A	0.733334	0.984393	0.397521	5.3E-01	-0.0047245	0.00634288	0.554804	4.6E-01	0.269736	6.0E-01
rs12437696	15	40878474	0.62928	A	G	0.51447	0.998802	2.18576	1.4E-01	0.0074375	0.0055877	1.77169	1.8E-01	1.50527	2.2E-01
rs147082941	15	42438962	0.639699	G	A	0.983269	0.946666	42.7935	6.1E-11	-0.145073	0.0223247	42.2281	8.1E-11	45.409	1.6E-11
rs11630710	15	56364758	0.756318	G	T	0.893172	0.979091	0.826705	3.6E-01	-0.00806454	0.00913589	0.779215	3.8E-01	0.438847	5.1E-01
rs12911939	15	63800065	0.876679	T	C	0.431976	0.996322	8.22645	4.1E-03	0.0180824	0.00563319	10.304	1.3E-03	10.3834	1.3E-03
rs762551	15	75041917	1.00314	C	A	0.274028	1	2.59305	1.1E-01	0.0113989	0.00623786	3.33932	6.8E-02	2.70009	1.0E-01
rs2401948	16	1340854	0.0338191	G	C	0.470436	0.984992	0.510924	4.7E-01	-0.00420343	0.00561574	0.560265	4.5E-01	0.135425	7.1E-01
rs3747577	16	4415696	0.082586	C	G	0.259467	0.988145	0.310748	5.8E-01	0.00440646	0.00639094	0.475391	4.9E-01	0.433002	5.1E-01
rs12918743	16	11624245	0.272102	G	A	0.537734	0.991971	8.04898	4.6E-03	-0.0142236	0.00559688	6.45848	1.1E-02	7.07158	7.8E-03
rs4787456	16	28559573	0.542371	C	T	0.634142	0.996921	0.21011	6.5E-01	0.00308826	0.00575019	0.288445	5.9E-01	0.20206	6.5E-01
rs10083738	16	29927702	0.553162	G	A	0.45121	0.999839	0.261872	6.1E-01	-0.00239113	0.00559957	0.182346	6.7E-01	0.180099	6.7E-01
rs16952242	16	53474250	0.64336	G	A	0.697908	0.997944	0.52255	4.7E-01	0.00539473	0.00607352	0.788967	3.7E-01	0.951578	3.3E-01
rs9937053	16	53799507	0.64597	G	A	0.577195	0.999601	1.06664	3.0E-01	-0.00711611	0.00564091	1.59143	2.1E-01	1.16938	2.8E-01
rs11866219	16	69549749	0.858341	A	C	0.415066	0.975783	10.2052	1.4E-03	0.0175843	0.00572692	9.42775	2.1E-03	8.90394	2.8E-03
rs2550733	16	81449060	1.04439	A	G	0.430492	1	0.670992	4.1E-01	0.0053507	0.00563362	0.90208	3.4E-01	0.813938	3.7E-01
rs2927333	16	81509279	1.0455	A	G	0.679395	0.985143	4.25433	3.9E-02	0.0111619	0.0060266	3.43032	6.4E-02	3.15362	7.6E-02
rs727428	17	7537792	0.196849	T	C	0.44291	1	1.73356	1.9E-01	-0.0068134	0.00559165	1.48473	2.2E-01	1.18792	2.8E-01
rs8075019	17	17455192	0.444844	G	A	0.875691	0.988404	8.30571	4.0E-03	-0.0264302	0.00846956	9.73819	1.8E-03	12.8247	3.4E-04
rs16942379	17	21259827	0.471679	C	T	0.508165	0.995529	8.88203	2.9E-03	0.0163125	0.00558365	8.53504	3.5E-03	9.3949	2.2E-03
rs11651639	17	27672320	0.49569	A	T	0.483934	0.999433	0.378676	5.4E-01	-0.00295784	0.00556719	0.282278	6.0E-01	0.148183	7.0E-01
rs2306593	17	34866546	0.59517	C	T	0.509195	0.996584	0.744786	3.9E-01	0.00540824	0.00557543	0.940927	3.3E-01	1.19027	2.8E-01
rs55883500	17	40395267	0.664304	T	G	0.691334	0.998762	3.23505	7.2E-02	-0.0106511	0.00602358	3.12663	7.7E-02	4.26263	3.9E-02
rs56328224	17	43572419	0.687192	C	T	0.774992	0.995527	0.589592	4.4E-01	-0.00505441	0.00670019	0.569071	4.5E-01	0.473837	4.9E-01
rs11871767	17	61698723	0.887174	A	G	0.724045	0.995857	3.39568	6.5E-02	-0.0112373	0.00624975	3.23296	7.2E-02	3.39598	6.5E-02
rs7225826	17	67574721	0.971804	C	T	0.325119	0.997806	0.00375747	9.5E-01	-0.000344374	0.00593975	0.00336144	9.5E-01	0.00195644	9.6E-01
rs312757	17	68347701	0.983463	C	G	0.322951	0.991143	1.30992	2.5E-01	0.00736848	0.0059752	1.52073	2.2E-01	1.63782	2.0E-01
rs3810068	18	2846499	0.0738566	T	C	0.595452	1	3.52749	6.0E-02	0.00907413	0.0056584	2.57171	1.1E-01	2.12782	1.4E-01
rs4890429	18	40697481	0.611694	T	C	0.738773	0.995191	0.0241039	8.8E-01	-0.00140378	0.00636241	0.0486804	8.3E-01	0.000674477	9.8E-01
rs357900	18	46585235	0.687097	T	A	0.110184	0.998906	2.54469	1.1E-01	-0.0128581	0.00888158	2.09591	1.5E-01	2.13999	1.4E-01
rs3897645	18	57728947	0.82135	T	C	0.443585	1	1.83886	1.8E-01	0.00815938	0.00563038	2.10009	1.5E-01	3.23166	7.2E-02
rs2331933	18	57955945	0.822668	T	G	0.652214	0.979252	2.65131	1.0E-01	-0.0100606	0.0059225	2.88562	8.9E-02	1.97043	1.6E-01
rs12979965	19	2131148	0.0753026	A	G	0.499935	0.991113	0.600273	4.4E-01	-0.00501127	0.00557376	0.808348	3.7E-01	0.50322	4.8E-01
rs2240702	19	4159873	0.144523	A	G	0.883396	0.986669	0.338844	5.6E-01	-0.00504562	0.00868127	0.337803	5.6E-01	0.165248	6.8E-01
rs1799815	19	7125519	0.224812	G	A	0.932212	1	4.37938	3.6E-02	0.0213743	0.0110228	3.76011	5.2E-02	5.37314	2.0E-02
rs35555265	19	17152232	0.420672	C	T	0.803227	0.993265	6.88681	8.7E-03	0.0180474	0.00699759	6.65173	9.9E-03	6.89972	8.6E-03
rs72999466	19	18248499	0.447893	C	T	0.742123	0.99893	3.29156	7.0E-02	0.0137447	0.00634603	4.69104	3.0E-02	4.18288	4.1E-02
rs1423056	19	33780444	0.560699	G	A	0.681795	0.903762	0.461168	5.0E-01	-0.004846	0.00628099	0.595266	4.4E-01	0.496896	4.8E-01
rs113504807	19	33787954	0.561506	C	T	0.951238	0.934153	0.215133	6.4E-01	-0.00628353	0.013315	0.222702	6.4E-01	0.0625723	8.0E-01
rs544964	19	37409561	0.616104	A	G	0.417229	0.998743	0.267499	6.1E-01	-0.00230658	0.00564409	0.167012	6.8E-01	0.176775	6.7E-01
rs62116588	19	44446097	0.68736	C	G	0.976805	0.933368	36.0881	1.9E-09	-0.112805	0.0191308	34.7687	3.7E-09	38.8653	4.5E-10
rs142751148	19	45100982	0.69683	G	T	0.973358	0.950645	67.4997	2.1E-16	-0.144577	0.0176631	66.998	2.7E-16	76.978	1.7E-18
rs181765708	19	45880690	0.715179	C	T	0.983746	0.92116	103.7	2.4E-24	-0.230612	0.02285	101.857	6.0E-24	106.493	5.7E-25
rs35068131	19	55983854	0.996203	T	C	0.534309	0.942965	0.600784	4.4E-01	0.00406381	0.00572936	0.5031	4.8E-01	0.483531	4.9E-01
rs151235402	20	569164	0.0196907	C	T	0.984757	0.956324	14.6897	1.3E-04	-0.089352	0.0233669	14.622	1.3E-04	15.1357	1.0E-04
rs805769	20	5667459	0.191037	T	C	0.595306	0.99253	0.207621	6.5E-01	-0.00317744	0.00569357	0.311449	5.8E-01	0.204909	6.5E-01
rs2207132	20	39142516	0.589709	G	A	0.966685	1	0.229262	6.3E-01	0.00761942	0.0155057	0.241469	6.2E-01	0.00882708	9.3E-01
rs78852634	20	43994992	0.666281	G	A	0.982033	0.942955	32.973	9.3E-09	-0.125359	0.021534	33.8889	5.8E-09	34.7799	3.7E-09
rs3091552	20	45440006	0.689385	C	G	0.264162	0.950692	0.891692	3.5E-01	0.00797044	0.00646383	1.52049	2.2E-01	1.67841	2.0E-01
rs1999536	20	45581777	0.691337	G	C	0.430706	0.994672	2.94401	8.6E-02	0.00880902	0.00563284	2.44569	1.2E-01	2.53004	1.1E-01
rs6063779	20	50964151	0.79129	A	G	0.716728	0.997749	4.77242	2.9E-02	0.0133495	0.0061814	4.66395	3.1E-02	5.00747	2.5E-02
rs6090040	20	62692060	1.09656	A	C	0.479429	0.988701	12.4522	4.2E-04	0.0199251	0.00560227	12.6495	3.8E-04	11.4555	7.1E-04
rs66836452	21	33058743	0.322744	C	T	0.898206	0.995819	3.64943	5.6E-02	-0.0174659	0.00923137	3.57972	5.8E-02	2.58738	1.1E-01
rs2836139	21	39451403	0.432375	A	G	0.514897	0.9942	0.135274	7.1E-01	-0.00260841	0.00560953	0.216222	6.4E-01	0.412535	5.2E-01
rs9625551	22	29140529	0.338663	G	A	0.979191	0.995212	0.897135	3.4E-01	-0.0251117	0.0194868	1.66062	2.0E-01	1.17027	2.8E-01
