SNP	CHR	BP	GENPOS	ALLELE1	ALLELE0	A1FREQ	INFO	CHISQ_LINREG	P_LINREG	BETA	SE	CHISQ_BOLT_LMM_INF	P_BOLT_LMM_INF	CHISQ_BOLT_LMM	P_BOLT_LMM
rs114165349	1	27021913	0.501665	G	C	0.976643	0.985643	35.6245	2.4E-09	-0.111106	0.0184889	36.112	1.9E-09	37.4814	9.2E-10
rs624698	1	62900811	0.92277	A	G	0.58261	0.969721	124.984	5.1E-29	0.0655435	0.00570686	131.906	1.6E-30	132.624	1.1E-30
rs4631704	1	230293530	2.53595	C	T	0.39136	0.985874	37.4589	9.3E-10	0.0362569	0.00572421	40.119	2.4E-10	45.4465	1.6E-11
rs6728726	2	623976	0.0081736	T	C	0.171428	0.999847	4.30599	3.8E-02	-0.0156034	0.0073704	4.48184	3.4E-02	5.84928	1.6E-02
rs113178254	2	20921906	0.417157	C	T	0.934529	0.997165	32.9299	9.6E-09	0.0621042	0.0112574	30.4343	3.5E-08	31.7879	1.7E-08
rs4971538	2	21121130	0.419459	T	G	0.87799	0.993171	42.0346	9.0E-11	-0.0555887	0.00848867	42.8838	5.8E-11	45.0424	1.9E-11
rs60960031	2	21530659	0.421873	G	A	0.595894	1	36.6986	1.4E-09	0.034136	0.00568532	36.0509	1.9E-09	36.0961	1.9E-09
rs2384575	2	27387429	0.473176	T	C	0.708679	0.98329	47.1086	6.7E-12	0.0420014	0.00615681	46.5388	9.0E-12	52.3242	4.7E-13
rs61748245	2	165476253	1.81417	A	T	0.33074	1	41.8651	9.8E-11	-0.0367977	0.00592565	38.5627	5.3E-10	42.831	6.0E-11
rs34894639	3	135798658	1.49379	C	T	0.769618	0.983312	50.0028	1.5E-12	0.0451611	0.00664861	46.1389	1.1E-11	48.3118	3.6E-12
rs13108218	4	3443931	0.034383	A	G	0.384615	0.983396	33.7093	6.4E-09	0.032693	0.0057352	32.4947	1.2E-08	31.1089	2.4E-08
rs1471251	4	87976359	1.02925	A	T	0.603824	0.99341	28.4962	9.4E-08	-0.0316464	0.00570142	30.8094	2.8E-08	32.2546	1.4E-08
rs34342767	5	55853349	0.681391	T	C	0.876484	0.990249	37.8624	7.6E-10	-0.054672	0.00849305	41.4384	1.2E-10	43.5414	4.2E-11
rs4704726	5	156354477	1.66272	G	A	0.636458	0.987029	33.774	6.2E-09	-0.0341255	0.00578144	34.8406	3.6E-09	34.5904	4.1E-09
rs9264243	6	31222607	0.510975	A	G	0.211145	0.973401	36.1493	1.8E-09	-0.0393978	0.00686985	32.889	9.8E-09	29.9022	4.5E-08
rs9268219	6	32284108	0.518821	T	G	0.875251	1	29.0643	7.0E-08	0.0466418	0.00838497	30.9419	2.7E-08	29.6021	5.3E-08
rs590015	6	139824992	1.50297	G	A	0.500109	0.993146	50.3972	1.3E-12	-0.0384787	0.00554098	48.2244	3.8E-12	48.7985	2.8E-12
rs2282137	6	160468180	1.77084	G	A	0.984432	0.989502	37.6094	8.6E-10	0.13759	0.0225077	37.369	9.8E-10	39.4652	3.3E-10
rs118039278	6	160985526	1.7755	G	A	0.921465	0.991329	31.3739	2.1E-08	0.0607449	0.0103681	34.3259	4.7E-09	39.4236	3.4E-10
rs35867424	7	72032358	0.893844	G	A	0.97046	0.950986	36.1274	1.8E-09	0.0990112	0.0167899	34.7753	3.7E-09	32.6713	1.1E-08
rs113452856	7	72859135	0.899612	G	A	0.96835	0.994361	30.9471	2.7E-08	0.088125	0.0158712	30.8302	2.8E-08	31.5949	1.9E-08
rs12154627	7	130422934	1.4017	T	C	0.506907	0.97487	46.5572	8.9E-12	0.0375432	0.00561481	44.7087	2.3E-11	47.2144	6.4E-12
rs7012637	8	9173209	0.251675	G	A	0.526887	0.985021	30.5168	3.3E-08	0.0310544	0.00559466	30.8106	2.8E-08	30.5064	3.3E-08
rs13277738	8	18241507	0.434993	C	T	0.850781	0.99455	35.3318	2.8E-09	-0.0454213	0.00779905	33.9184	5.7E-09	33.5037	7.1E-09
rs10085966	8	19576448	0.468197	C	T	0.520826	0.981569	31.1981	2.3E-08	0.0310824	0.00559891	30.8193	2.8E-08	30.644	3.1E-08
rs276	8	19814289	0.472524	T	C	0.98139	0.964355	57.4395	3.5E-14	-0.162961	0.0209265	60.6417	6.8E-15	59.6877	1.1E-14
rs75835816	8	19885513	0.473283	G	C	0.983467	0.972561	88.019	6.5E-21	-0.203297	0.0220804	84.7713	3.3E-20	94.7303	2.2E-22
rs10504255	8	59398461	0.819178	G	A	0.33654	0.99564	31.0172	2.6E-08	0.0322424	0.00590446	29.8191	4.7E-08	28.5314	9.2E-08
rs144435165	8	126419938	1.45107	G	C	0.944194	0.785853	36.1062	1.9E-09	-0.0833879	0.0136159	37.5073	9.1E-10	36.5323	1.5E-09
rs2954018	8	126477153	1.45319	C	T	0.298303	0.998357	96.0797	1.1E-22	0.0614648	0.00607005	102.534	4.2E-24	112.111	3.4E-26
rs7068145	10	64827663	0.870381	G	A	0.600608	0.999851	32.7744	1.0E-08	0.0318843	0.00568547	31.4501	2.0E-08	30.7452	2.9E-08
rs10882271	10	95346067	1.22157	G	A	0.734635	0.998662	27.6512	1.5E-07	-0.0351998	0.00628119	31.4048	2.1E-08	30.9652	2.6E-08
rs174528	11	61543499	0.703973	T	C	0.623454	0.995598	37.2506	1.0E-09	-0.0360534	0.00574583	39.372	3.5E-10	36.9434	1.2E-09
rs140526322	11	116429607	1.25615	G	T	0.984003	0.995653	32.4588	1.2E-08	-0.122915	0.022147	30.8019	2.9E-08	31.4488	2.0E-08
rs78221557	11	116515528	1.25942	G	A	0.98124	0.969038	36.0788	1.9E-09	-0.122821	0.0207601	35.0017	3.3E-09	37.5153	9.1E-10
rs141584077	11	116523304	1.2596	A	T	0.921494	0.881057	67.049	2.6E-16	-0.0895165	0.0109761	66.5138	3.5E-16	66.8229	3.0E-16
rs10790164	11	116699389	1.26119	A	G	0.0337732	1	91.0848	1.4E-21	0.144016	0.0149999	92.1816	7.9E-22	98.1096	4.0E-23
rs11057393	12	124403769	1.47889	C	T	0.664265	0.996616	29.8749	4.6E-08	0.032212	0.00587756	30.036	4.2E-08	35.3565	2.7E-09
rs693839	13	80958288	0.801199	C	T	0.299101	0.99916	0.100314	7.5E-01	0.00356382	0.00607835	0.343764	5.6E-01	0.446869	5.0E-01
rs147082941	15	42438962	0.639699	G	A	0.983269	0.946666	34.7629	3.7E-09	-0.132448	0.0222461	35.4474	2.6E-09	36.3518	1.6E-09
rs17240566	15	58448287	0.780403	G	A	0.418026	0.980683	30.2286	3.8E-08	0.031807	0.00567719	31.3891	2.1E-08	33.3233	7.8E-09
rs55966152	15	58561006	0.781788	A	G	0.824997	0.987892	230.706	4.2E-52	0.112215	0.00732133	234.921	5.0E-53	243.528	6.7E-55
rs11071373	15	58646053	0.783428	A	G	0.804485	0.985724	57.12	4.1E-14	0.0532152	0.00705083	56.9627	4.4E-14	61.011	5.7E-15
rs8026082	15	58714481	0.786132	C	G	0.596102	0.911381	303.082	7.0E-68	-0.103169	0.00592247	303.451	5.8E-68	312.749	5.5E-70
rs35684611	15	58721302	0.787708	A	G	0.853727	1	91.054	1.4E-21	0.0762842	0.0078491	94.4561	2.5E-22	92.5684	6.5E-22
rs1558902	16	53803574	0.645989	T	A	0.597831	0.999761	0.260876	6.1E-01	0.00361838	0.00566572	0.407867	5.2E-01	0.619182	4.3E-01
rs763665	16	72078043	0.872969	C	T	0.840192	0.993102	30.6777	3.0E-08	0.0421587	0.00759677	30.7976	2.9E-08	32.5637	1.2E-08
rs2927331	16	81509452	1.04551	T	C	0.347099	0.987048	30.3164	3.7E-08	0.032699	0.00588416	30.8816	2.7E-08	31.9062	1.6E-08
rs2304969	17	4692559	0.131873	G	T	0.853094	0.982023	30.7023	3.0E-08	0.0435608	0.00791198	30.3124	3.7E-08	29.9741	4.4E-08
rs9906944	17	47091420	0.708045	C	T	0.660463	0.991171	2.96704	8.5E-02	0.00808205	0.00589668	1.87857	1.7E-01	1.8575	1.7E-01
rs547387498	19	8362261	0.273906	G	C	0.969692	0.711917	34.3842	4.5E-09	0.112489	0.0192233	34.2422	4.9E-09	35.8449	2.1E-09
rs112450640	19	45296364	0.703043	G	A	0.98057	0.986145	40.4075	2.1E-10	-0.121524	0.020286	35.8861	2.1E-09	38.058	6.9E-10
rs118147862	19	45319631	0.704351	G	A	0.954152	0.939129	45.9101	1.2E-11	-0.0931705	0.013706	46.2103	1.1E-11	49.3366	2.2E-12
