CHR POS SNP Tested_Allele Other_Allele Freq_Tested_Allele BETA SE P N INFO
1 1520725 rs28788874:C:T T C 0.4044 -0.0181 0.0022 1.351e-16 484680 0.767831
1 1759054 rs10907187:G:A A G 0.2676 -0.0128 0.0019 2.413e-11 718679 0.997455
1 2426766 rs3001347:A:G A G 0.4898 0.0114 0.0019 2.046e-09 484680 0.992873
1 6677064 rs10779795:A:G A G 0.6611 0.0105 0.0018 4.167e-09 718677 0.997995
1 11102275 rs12136082:A:G A G 0.1892 0.0127 0.0021 3.319e-09 718212 0.997299
1 15808872 rs3766160:G:A A G 0.2272 -0.0107 0.0018 4.627e-09 806782 1
1 19916886 rs12041062:G:C C G 0.2335 -0.0138 0.0022 8.102e-10 484680 0.997135
1 23251592 rs309517:T:A A T 0.6696 -0.0118 0.0018 1.832e-11 805755 0.9645
1 33254768 rs12564655:T:C T C 0.8332 0.0182 0.0025 8.32e-13 484680 0.999642
1 39571211 rs13374459:T:C T C 0.6069 -0.0124 0.0017 1.009e-12 718514 0.993699
1 40036944 rs61743745:G:A A G 0.029 -0.0343 0.0057 1.539e-09 484680 0.984983
1 46032543 rs41269113:G:A A G 0.0343 -0.0337 0.0052 1.272e-10 484680 0.990438
1 47670911 rs4134058:T:C T C 0.4693 0.0145 0.0019 1.703e-14 484680 0.993546
1 49231261 rs7553454:T:C T C 0.611 -0.0167 0.002 2.193e-16 714876 0.983391
1 54743111 rs587271:C:T T C 0.69 0.012 0.0018 6.208e-11 789324 0.914864
1 57827517 rs78141582:A:G A G 0.8974 -0.0187 0.0031 2.292e-09 484680 0.997548
1 62445706 rs885581:A:G A G 0.6033 0.0115 0.0019 3.816e-09 484680 0.988846
1 65970925 rs74082072:T:C T C 0.9129 -0.0211 0.0034 3.174e-10 484680 0.990095
1 72446164 rs2554414:A:G A G 0.7675 0.0113 0.0019 2.084e-09 806210 0.994668
1 74991402 rs1514177:C:G C G 0.4255 0.0184 0.0016 8.068e-30 806358 0.999276
1 77557339 rs12035349:A:G A G 0.8699 -0.0188 0.0026 1.015e-12 700441 0.975778
1 77991129 rs115281275:T:A A T 0.03 0.043 0.0058 1.728e-13 484680 0.901889
1 80831434 rs10874123:G:A A G 0.2899 0.0112 0.0019 1.229e-09 718661 0.996694
1 82473958 rs11810373:A:G A G 0.7477 -0.0129 0.0022 3.381e-09 484680 0.997181
1 92664966 rs3131815:C:T T C 0.1875 0.0145 0.0024 2.384e-09 484680 0.994421
1 96269230 rs4347257:C:T T C 0.4688 0.0099 0.0017 4.651e-09 718330 0.995823
1 98298371 rs4375301:A:G A G 0.7697 -0.015 0.0023 2.98e-11 484680 0.99316
1 107572997 rs3108680:T:C T C 0.6392 -0.0114 0.0017 2.678e-11 806802 0.998551
1 109715950 rs4970824:G:A A G 0.0692 0.0104 0.0038 0.005838 484680 0.970915
1 109815074 rs79868705:G:A A G 0.042 -0.0013 0.0048 0.7823 484680 0.981447
1 151002510 rs4589116:C:T T C 0.8582 -0.0176 0.0027 8.741e-11 484680 0.989653
1 154984363 rs1870940:G:A A G 0.2665 0.0138 0.0022 1.609e-10 484680 0.982777
1 155138842 rs75925257:G:A A G 0.1136 0.0193 0.003 9.955e-11 484680 1
1 171415327 rs35277691:A:C A C 0.9081 -0.0206 0.0033 3.611e-10 484680 0.996106
1 173657022 rs149415799:G:C C G 0.0231 -0.0393 0.0064 9.194e-10 484680 0.965297
1 177766694 rs3922650:A:C A C 0.4669 0.0105 0.0016 9.121e-11 805658 0.997067
1 177792715 rs2068973:G:A A G 0.3536 0.0215 0.0017 3.454e-35 768929 0.991735
1 190112653 rs815342:T:C T C 0.639 -0.0136 0.0018 1.677e-14 718483 0.98721
1 194825306 rs12130221:A:T A T 0.7043 0.0112 0.0018 1.271e-09 714327 0.996327
1 201760981 rs704633:A:G A G 0.3662 -0.0123 0.0018 3.538e-12 718683 0.990808
1 202106797 rs16849710:A:G A G 0.4674 0.0109 0.0017 2.99e-10 703732 0.985764
1 209205263 rs6540497:G:C C G 0.5766 -0.0108 0.0017 5.06e-10 717290 0.991783
1 219633869 rs11118308:A:G A G 0.5537 0.0098 0.0016 1.552e-09 806492 0.99903
1 234842856 rs661955:G:C C G 0.524 5e-04 0.0017 0.7743 718387 0.978177
1 242986063 rs2491864:G:A A G 0.2155 0.0129 0.002 1.599e-10 717225 0.99872
1 243533273 rs12042959:A:G A G 0.8637 0.0153 0.0024 2.68e-10 718663 0.984695
2 224086 rs1474053:T:A A T 0.6842 -0.0128 0.0018 2.821e-12 718661 0.997915
2 345889 rs6548228:T:C T C 0.4799 0.0118 0.0017 3.965e-12 718560 0.99659
2 401319 rs62117023:G:A A G 0.2473 0.0154 0.0022 4.338e-12 484680 0.973672
2 512327 rs13387998:C:T T C 0.0736 -0.0277 0.0036 2.947e-14 484680 0.990776
2 658595 rs7596758:T:G T G 0.6975 -0.0187 0.0018 3.252e-26 797531 0.995813
2 12845368 rs11902450:C:T T C 0.1052 0.0167 0.0027 1.061e-09 718624 0.991612
2 21205457 rs10172650:G:A A G 0.3191 -0.0012 0.0017 0.4807 806656 0.998193
2 24689143 rs75971153:T:C T C 0.8092 0.02 0.0024 2.524e-16 484680 0.972712
2 26942256 rs2384463:A:G A G 0.4792 0.0153 0.0017 1.297e-19 718649 0.99378
2 35442725 rs6737895:G:A A G 0.2116 -0.012 0.002 3.675e-09 718643 1
2 40282202 rs10185199:G:A A G 0.286 -0.0143 0.002 3.178e-13 706553 0.938373
2 41583244 rs12465106:A:C A C 0.3408 -0.0106 0.0018 4.987e-09 718304 0.988557
2 44054991 rs56266464:G:A A G 0.0608 0.002 0.004 0.6196 484680 0.985755
2 46877963 rs6732079:T:A A T 0.0944 0.0219 0.0033 1.875e-11 484680 0.979147
2 50056246 rs80056702:C:T T C 0.0559 0.0268 0.0041 8.23e-11 484680 1
2 55204165 rs6705519:C:T T C 0.2975 -0.014 0.0021 1.697e-11 484680 0.990844
2 58681120 rs57178144:T:C T C 0.8677 -0.0192 0.0029 1.882e-11 484680 0.950407
2 62848319 rs13417156:T:C T C 0.5755 -0.0135 0.0017 6.903e-16 767912 0.997128
2 67774191 rs6746570:A:C A C 0.7124 0.0161 0.0021 2.987e-14 484680 0.968925
2 79476375 rs17016642:A:G A G 0.8847 -0.0164 0.0027 1.03e-09 706785 0.967406
2 81741750 rs6752979:G:A A G 0.3226 0.0114 0.0018 2.681e-10 718648 1
2 86644664 rs4832285:G:A A G 0.7524 -0.0118 0.002 1.584e-09 718640 0.998734
2 100576304 rs13023088:C:T T C 0.1578 -0.0147 0.0024 7.237e-10 716965 0.993056
2 100802984 rs75108145:C:T T C 0.1235 0.0238 0.0029 2.276e-16 484680 0.986222
2 104354232 rs12712181:A:G A G 0.4144 0.011 0.0017 1.782e-10 718459 0.996314
2 105414479 rs6754968:G:A A G 0.337 0.014 0.0018 3.836e-15 718533 0.997682
2 133517445 rs13027786:G:A A G 0.2527 0.014 0.0022 1.922e-10 484680 0.983922
2 135622808 rs6430552:C:T T C 0.3789 -0.01 0.0017 2.022e-09 802718 0.999009
2 142959931 rs2890652:T:C T C 0.8465 -0.0158 0.0023 6.706e-12 703039 1
2 144013418 rs6719577:G:A A G 0.1869 0.0152 0.0022 2.778e-12 718678 0.996593
2 157054911 rs1949527:G:T T G 0.6321 -0.0103 0.0017 2.695e-09 718622 0.997013
2 161265910 rs12692596:C:T T C 0.3618 0.012 0.0017 1.032e-12 806739 0.995441
2 165558252 rs12692738:T:C T C 0.7642 -0.0131 0.0019 5.236e-12 806581 0.983823
2 175238176 rs72917531:C:A A C 0.1795 -0.0177 0.0025 7.345e-13 484680 0.990938
2 181327570 rs4640353:A:C A C 0.7032 -0.0159 0.0019 1.436e-17 718375 0.993037
2 183075689 rs114049355:C:T T C 0.0568 -0.0253 0.0043 3.466e-09 484680 0.915186
2 193801010 rs7570446:C:A A C 0.5397 0.0111 0.0019 4.735e-09 484680 0.997699
2 198572461 rs7592344:C:T T C 0.1928 -0.014 0.0021 4.809e-11 718630 0.996131
2 203740672 rs3845802:T:G T G 0.514 -0.0113 0.0016 2.992e-12 806754 0.997511
2 205387566 rs11696022:C:T T C 0.757 -0.0169 0.0022 1.485e-14 484680 0.993658
2 211608379 rs4673553:T:G T G 0.555 -0.0134 0.0017 3.376e-15 718528 0.991215
2 212244657 rs12467225:C:T T C 0.2825 0.0114 0.0019 1.48e-09 718300 0.995067
2 213067535 rs16847879:A:G A G 0.7917 0.0122 0.0021 4.246e-09 718636 0.995603
2 220214386 rs4674379:G:A A G 0.8983 0.019 0.0031 1.126e-09 484680 0.991467
2 228883721 rs3811514:T:C T C 0.513 0.0104 0.0017 5.268e-10 718635 1
2 228999054 rs36191868:T:C T C 0.5299 -0.0123 0.0019 7.528e-11 484680 0.999734
2 230542810 rs17582010:T:C T C 0.4607 -0.0116 0.0019 1.05e-09 484680 0.983323
3 8137447 rs9312002:G:A A G 0.4302 0.0113 0.0019 3.817e-09 484680 0.997258
3 11626464 rs17609108:T:C T C 0.8519 -0.0152 0.0024 4.137e-10 718635 0.972957
3 12336507 rs11709077:G:A A G 0.1041 0.017 0.0025 9.598e-12 806775 0.995899
3 12955982 rs2596902:G:A A G 0.6517 -0.0114 0.0018 2.353e-10 718160 0.98995
3 15717844 rs2470539:C:T T C 0.5709 -0.0099 0.0016 1.264e-09 806789 0.996345
3 20581149 rs4858223:C:T T C 0.326 -0.0118 0.0018 1.333e-10 717518 0.980845
3 25109249 rs6550943:T:A A T 0.8481 0.014 0.0024 4.478e-09 718467 0.995269
3 35117776 rs11921432:T:C T C 0.8906 -0.0189 0.0027 5.382e-12 706646 0.983901
3 42303074 rs4377469:G:T T G 0.8782 0.02 0.0029 2.692e-12 484680 1
3 42417887 rs33484:G:A A G 0.4766 -0.0109 0.0017 4.493e-11 791087 0.985803
3 43902170 rs9824340:C:T T C 0.6881 0.0114 0.0018 5.132e-10 714245 0.993812
3 47641011 rs4858802:T:C T C 0.6922 0.0132 0.0018 6.771e-13 718653 0.999666
3 49980596 rs4688760:C:T T C 0.6839 0.0198 0.002 1.857e-22 484680 0.994246
3 56114861 rs12488237:T:C T C 0.9391 -0.0225 0.0036 2.675e-10 800924 1
3 61130247 rs12491542:C:T T C 0.12 -0.0209 0.0029 1.372e-12 484680 0.983349
3 62471282 rs9968060:C:T T C 0.6334 0.0112 0.0018 3.855e-10 706716 0.959585
3 62688047 rs4688315:C:T T C 0.7839 -0.0121 0.0021 4.75e-09 718686 0.994487
3 77562191 rs13319996:A:T A T 0.2977 0.0116 0.0019 5.746e-10 713315 0.99628
3 78419039 rs1512500:G:T T G 0.1084 0.0163 0.0027 2.475e-09 718572 0.996833
3 82532568 rs9850466:T:C T C 0.6655 0.0112 0.0018 3.729e-10 718686 0.999572
3 84931731 rs7649296:G:A A G 0.3414 0.0114 0.0018 2.953e-10 718698 0.996765
3 85698577 rs62261676:A:G A G 0.7948 0.0157 0.0024 2.638e-11 484680 0.994602
3 89962587 rs1996761:C:T T C 0.2288 -0.0136 0.0023 1.54e-09 484680 1
3 104605525 rs1946725:T:C T C 0.7066 -0.0123 0.0018 3.17e-11 718653 0.996942
3 104736837 rs16850772:T:G T G 0.3186 0.0113 0.0018 9.712e-10 717441 0.991142
3 107888841 rs36131051:T:G T G 0.8002 0.0162 0.0024 1.391e-11 484680 0.977708
3 114370599 rs114885158:G:A A G 0.079 -0.0236 0.0035 2.797e-11 484680 0.986803
3 116858995 rs9289074:C:T T C 0.2576 -0.0118 0.002 2.601e-09 706600 0.986861
3 128039895 rs11708733:G:A A G 0.0464 -0.024 0.0041 3.913e-09 712596 0.982494
3 131453556 rs6785191:T:C T C 0.7136 -0.0176 0.0021 1.613e-16 484680 0.970893
3 135878634 rs35837273:T:C T C 0.8401 -0.0168 0.0026 9.03e-11 484680 0.99425
3 141188399 rs2312193:T:C T C 0.6052 -0.0119 0.0018 1.193e-11 718482 0.994076
3 153657951 rs1568488:G:C C G 0.5883 0.0135 0.0018 1.287e-14 717732 0.981655
3 156319803 rs13322475:T:G T G 0.8552 0.0149 0.0024 4.225e-10 715855 0.997607
3 157800753 rs13100952:T:C T C 0.628 0.0115 0.002 4.568e-09 484680 0.997051
3 170499463 rs11921991:C:T T C 0.1157 0.0174 0.003 4.813e-09 484680 0.988637
3 171113714 rs12635553:A:T A T 0.486 0.0099 0.0017 4.102e-09 714859 0.997897
3 180626951 rs502414:C:T T C 0.3475 0.011 0.0018 9.771e-10 664166 0.992377
3 182311332 rs4859234:C:T T C 0.3241 -0.0108 0.0018 3.08e-09 717566 0.9842
3 184056101 rs1881973:G:C C G 0.3685 -0.0107 0.0018 2.163e-09 704585 0.973561
3 185733707 rs78615983:T:A A T 0.1414 -0.0248 0.0027 1.471e-19 484680 0.988521
3 194847650 rs950257:T:A A T 0.2852 -0.0118 0.0019 2.905e-10 718366 0.99729
3 196088464 rs6764533:G:A A G 0.3727 0.0105 0.0018 2.856e-09 717938 0.997458
4 2861090 rs12509447:G:A A G 0.1939 0.0134 0.0022 9.58e-10 701796 0.993061
4 16600664 rs6818414:T:C T C 0.5164 -0.01 0.0017 4.565e-09 718491 0.988886
4 18327896 rs2192528:A:G A G 0.4676 -0.0123 0.0019 1.119e-10 484680 0.996931
4 25118707 rs16876869:C:T T C 0.1406 0.0151 0.0025 7.493e-10 718548 0.998077
4 28584523 rs2309830:T:G T G 0.7637 0.0134 0.0022 2.226e-09 484680 0.994532
4 30703243 rs4270551:A:C A C 0.1314 0.0174 0.0026 8.27e-12 715257 0.98983
4 38556399 rs6531639:G:A A G 0.2392 -0.0141 0.0023 6.261e-10 484680 0.950726
4 44430025 rs12498157:T:A A T 0.7201 0.0117 0.0019 1.101e-09 718474 0.990189
4 45178081 rs74715904:A:G A G 0.9094 -0.0236 0.0034 2.237e-12 484680 0.975796
4 55221467 rs1492767:C:T T C 0.4681 0.0095 0.0016 3.546e-09 806046 0.998393
4 55484718 rs2537860:A:C A C 0.437 0.0132 0.0019 1.162e-11 484680 0.971392
4 65643064 rs6551871:C:A A C 0.3372 -0.0125 0.0018 7.182e-12 718307 0.990944
4 67801500 rs6845883:A:G A G 0.213 0.0137 0.0023 4.161e-09 484680 0.989168
4 77028783 rs10033843:G:A A G 0.215 0.014 0.0021 1.073e-11 714618 0.999227
4 80609966 rs72649373:T:C T C 0.8619 -0.0167 0.0028 3.203e-09 484680 0.955607
4 89039082 rs1481012:A:G A G 0.8895 0.0188 0.0026 5.108e-13 806340 0.994279
4 94407841 rs10014552:G:T T G 0.8056 0.0155 0.0022 1.501e-12 718672 0.977122
4 95004716 rs2865330:A:G A G 0.525 0.01 0.0017 3.531e-09 714958 0.998965
4 96149346 rs12513212:A:C A C 0.5913 -0.0102 0.0017 4.57e-09 718274 0.993503
4 102216212 rs2850360:A:G A G 0.8473 -0.0164 0.0027 6.78e-10 484680 0.986063
4 103164166 rs57957741:G:A A G 0.5233 -0.0113 0.0019 2.946e-09 484680 0.993249
4 112733434 rs326872:A:G A G 0.3523 -0.011 0.0018 1.02e-09 718400 0.991953
4 120571765 rs10022185:C:G C G 0.732 -0.011 0.0019 4.692e-09 718063 0.995655
4 130714768 rs6534743:G:A A G 0.2859 0.0116 0.0019 5.575e-10 718629 0.984403
4 136972541 rs10018743:G:A A G 0.3735 0.0163 0.002 1.734e-16 484680 0.98617
4 140856533 rs769676:A:G A G 0.7323 0.0129 0.0022 2.267e-09 484680 0.981554
4 145260561 rs7375701:G:A A G 0.7268 0.0115 0.0019 1.451e-09 718657 0.992949
4 152931436 rs750090:T:C T C 0.6258 0.0113 0.0018 2.496e-10 718676 0.97307
4 161931670 rs10024755:C:G C G 0.7915 0.0126 0.0021 1.421e-09 718615 0.992761
4 164359678 rs148636479:A:T A T 0.9723 0.0386 0.0062 4.81e-10 484680 0.871654
4 171532023 rs17630894:T:G T G 0.8717 0.0151 0.0025 2.822e-09 714079 0.995405
4 173552902 rs6822571:A:G A G 0.476 -0.0101 0.0017 3.082e-09 706750 0.996991
5 3488462 rs16871902:G:A A G 0.4838 0.0115 0.0017 1.689e-11 718632 0.997669
5 27166660 rs12109333:T:C T C 0.7042 0.0115 0.0019 8.334e-10 718625 0.996306
5 43110754 rs6451674:C:T T C 0.6714 0.0134 0.0018 2.605e-13 714398 0.989759
5 50591460 rs7704281:G:A A G 0.0461 0.0248 0.0041 1.174e-09 801107 0.989887
5 60711632 rs7734879:C:A A C 0.3654 -0.0111 0.0018 3.778e-10 718654 0.998948
5 62600850 rs237976:C:T T C 0.5601 -0.0104 0.0017 7.873e-10 718679 0.998323
5 63944519 rs1459192:C:T T C 0.343 -0.0109 0.0018 1.576e-09 718152 0.992826
5 74242002 rs4072296:T:C T C 0.4278 0.0155 0.0017 3.382e-20 806320 0.938191
5 75129986 rs6889485:G:A A G 0.4415 -0.0121 0.0019 3.001e-10 484680 0.989629
5 80730191 rs7725126:C:T T C 0.3544 -0.0118 0.002 2.237e-09 484680 0.987267
5 86563970 rs16876684:T:G T G 0.9862 -0.0456 0.0075 1.119e-09 699451 0.986029
5 87968864 rs6882046:A:G A G 0.7285 -0.0128 0.0019 2.812e-11 718675 0.977054
5 92622421 rs142503704:G:A A G 0.0221 0.0392 0.0066 3.012e-09 484680 0.95878
5 95393883 rs17383803:T:C T C 0.9116 -0.0198 0.003 5.021e-11 701971 1
5 95855091 rs1026534:G:C C G 0.6023 0.0127 0.0017 2.192e-13 718691 0.998616
5 102054421 rs2545593:A:T A T 0.582 -0.0104 0.0017 1.415e-09 718137 0.997611
5 106379106 rs4382152:T:C T C 0.6155 0.0104 0.0017 1.928e-09 718393 1
5 107285076 rs1433057:A:G A G 0.5326 -0.0107 0.0017 3.535e-10 718170 0.985954
5 107866060 rs6421825:G:A A G 0.8114 0.0174 0.0024 7.772e-13 484680 0.999116
5 112176756 rs459552:T:A A T 0.7747 -0.0133 0.0019 8.356e-12 797086 1
5 119309059 rs9327119:C:G C G 0.4093 0.0117 0.0019 1.301e-09 484680 0.986564
5 122653399 rs13156484:G:A A G 0.4782 -0.0122 0.0019 2.628e-10 484680 0.976224
5 130440206 rs1422662:A:G A G 0.7737 0.0119 0.002 4.289e-09 718620 0.998205
5 136532351 rs1369126:G:C C G 0.4612 -0.0099 0.0017 4.842e-09 718382 0.994603
5 137624513 rs11242420:C:T T C 0.1936 -0.0136 0.0022 8.625e-10 664327 0.997558
5 144465810 rs1895336:A:G A G 0.6046 -0.0108 0.0017 4.918e-10 718581 0.991367
5 152515823 rs2579040:T:A A T 0.7224 -0.0132 0.0021 5.78e-10 484680 0.993186
5 153358226 rs17115481:G:A A G 0.2725 -0.0128 0.0019 2.426e-11 718382 0.992215
5 153578518 rs10515706:C:T T C 0.4197 0.0102 0.0017 2.425e-09 718630 0.991403
5 164548126 rs766120:G:A A G 0.6199 -0.0103 0.0017 3.389e-09 718583 0.998793
5 170284624 rs2161214:A:C A C 0.3106 -0.0128 0.0018 2.646e-12 718696 0.996811
5 176516631 rs1966265:G:A A G 0.2398 -0.0122 0.0021 2.741e-09 663610 1
6 9510030 rs9463175:C:T T C 0.3293 -0.0115 0.0017 2.236e-11 794719 0.979739
6 12078686 rs12210300:A:G A G 0.6927 0.0113 0.0018 6.421e-10 718651 1
6 13161394 rs62385532:G:A A G 0.2814 -0.0141 0.0021 3.158e-11 484680 0.991323
6 20481825 rs4134939:T:C T C 0.2952 0.0108 0.0018 2.8e-09 799051 0.970699
6 25822363 rs1185976:C:T T C 0.2893 -0.0106 0.0018 1.336e-09 806729 0.999472
6 28719755 rs1233587:A:T A T 0.7099 -0.0111 0.0019 3.933e-09 718561 0.999237
6 31643399 rs3115667:T:C T C 0.2821 -0.0179 0.0019 5.924e-21 717285 1
6 33459420 rs11757081:A:T A T 0.7487 -0.0156 0.002 3.524e-15 716626 0.997498
6 34072215 rs2499714:C:T T C 0.1003 0.0167 0.0028 1.814e-09 792786 0.985717
6 34482498 rs11758326:A:G A G 0.9244 -0.0265 0.0029 1.621e-19 792833 0.985097
6 35473252 rs2395628:C:T T C 0.3075 -0.0109 0.0019 4.187e-09 718655 0.992965
6 40350399 rs1433723:T:C T C 0.7012 0.0133 0.0019 1.304e-12 718630 0.996104
6 46302448 rs11963572:T:C T C 0.4988 -0.0117 0.0017 1.003e-11 718658 0.992727
6 50183721 rs17664591:G:T T G 0.0433 0.0256 0.0043 2.047e-09 718129 0.989531
6 50569828 rs280280:C:T T C 0.8389 0.0193 0.0026 1.032e-13 484680 0.99231
6 50717074 rs149750300:A:G A G 0.9839 -0.047 0.0076 6.848e-10 484680 0.986158
6 64159064 rs9361779:C:A A C 0.5332 0.0104 0.0017 8.883e-10 718544 0.997238
6 83322002 rs3883872:C:T T C 0.4501 0.0107 0.0017 5.833e-10 717873 0.977196
6 90296588 rs9362662:A:G A G 0.4696 0.0103 0.0017 1.443e-09 717763 0.99079
6 93913200 rs1324110:G:C C G 0.4422 -0.0097 0.0016 3.014e-09 806168 0.989283
6 97543137 rs1206133:C:T T C 0.7577 -0.0133 0.002 5.758e-11 705861 0.969802
6 98310291 rs9320747:T:G T G 0.5292 0.0126 0.0017 1.43e-13 718279 0.992756
6 104836826 rs156128:G:A A G 0.7516 0.013 0.0022 4.068e-09 484680 0.998215
6 108861264 rs1575676:C:T T C 0.3833 -0.0154 0.0018 2.901e-18 717746 0.997134
6 119508871 rs9387640:C:T T C 0.383 -0.011 0.0017 8.383e-11 798171 1
6 124925032 rs2875762:G:C C G 0.252 0.0129 0.002 1.066e-10 717481 0.987882
6 126052729 rs4895799:C:T T C 0.5691 0.0105 0.0017 1.821e-09 706927 0.991158
6 130349119 rs6569648:C:T T C 0.7656 -0.0128 0.0019 2.061e-11 806801 1
6 131891820 rs2781659:A:G A G 0.677 -0.0108 0.0018 4.673e-09 717310 1
6 141494602 rs11754747:C:T T C 0.2688 0.0123 0.0019 1.184e-10 804870 0.986554
6 143148142 rs12194419:G:A A G 0.2652 0.0128 0.0019 4.541e-11 717823 0.983791
6 147471730 rs2256216:A:G A G 0.454 -0.0104 0.0018 3.67e-09 718379 0.95395
6 153364643 rs7755574:G:T T G 0.2989 0.015 0.0019 6.586e-16 717895 0.996077
6 154301575 rs12207125:A:G A G 0.7756 0.0136 0.0023 2.932e-09 484680 0.990129
6 160736359 rs450265:C:T T C 0.5209 0.0095 0.0016 4.331e-09 806361 0.999897
6 162934351 rs34540135:A:G A G 0.8768 0.0211 0.0029 9.123e-13 484680 0.965184
7 1270699 rs6950388:G:A A G 0.7782 0.0135 0.0022 1.588e-09 484680 1
7 1851461 rs7807190:A:G A G 0.7776 0.0132 0.0021 4.239e-10 663637 0.986011
7 3125220 rs4722398:C:T T C 0.1461 0.0147 0.0025 3.921e-09 718601 1
7 14655786 rs118182061:T:A A T 0.024 0.0373 0.0063 3.165e-09 484680 0.985405
7 19778086 rs10263780:G:A A G 0.1343 -0.0159 0.0026 8.003e-10 575101 0.990721
7 27231762 rs4722672:C:T T C 0.8107 -0.013 0.0021 6.567e-10 806598 0.975676
7 32289879 rs10241729:A:G A G 0.7932 -0.0128 0.0021 1.332e-09 716891 0.985513
7 39414081 rs1019083:A:G A G 0.8323 0.0149 0.0024 3.633e-10 718136 0.989431
7 44777556 rs710888:A:G A G 0.4147 -0.0124 0.0017 1.362e-12 717068 0.988897
7 49507651 rs2189833:G:A A G 0.6459 -0.0107 0.0018 2.866e-09 714802 0.995152
7 50607206 rs1466163:A:G A G 0.1282 0.0157 0.0027 3.616e-09 718534 0.994133
7 69281111 rs10259748:T:G T G 0.6831 -0.0106 0.0018 4.438e-09 718493 0.998697
7 70040558 rs4718966:C:T T C 0.4115 0.0116 0.0017 1.694e-11 718685 0.992182
7 71428960 rs3973896:C:G C G 0.8263 0.0141 0.0023 7.836e-10 716490 0.965178
7 74081407 rs28584911:T:G T G 0.6527 -0.0117 0.002 4.189e-09 484680 0.999326
7 75038408 rs77497827:A:G A G 0.5301 -0.0243 0.0021 8.762e-31 484680 0.807535
7 78120735 rs10260232:C:T T C 0.5578 0.0104 0.0016 1.373e-10 806730 0.987234
7 93082708 rs2158045:C:T T C 0.4606 0.0132 0.0017 2.124e-14 717322 0.990272
7 99020806 rs917154:A:G A G 0.8288 0.0173 0.0022 3.734e-15 718569 0.995336
7 103416295 rs17155888:T:A A T 0.4055 0.0169 0.0017 1.715e-22 718609 0.9868
7 112795334 rs1608891:G:A A G 0.305 0.0116 0.0019 3.229e-10 718176 0.982727
7 113483569 rs6944092:A:G A G 0.6176 -0.0152 0.0018 6.757e-18 718245 0.996598
7 114294405 rs936146:G:C C G 0.4679 0.0126 0.0017 1.727e-13 718571 0.988443
7 127831580 rs896183:G:A A G 0.4102 0.0101 0.0017 1.487e-09 791850 0.972925
7 138794149 rs1814170:A:T A T 0.8984 0.018 0.0028 6.271e-11 717718 0.978334
7 150600845 rs9640171:G:A A G 0.2707 -0.0108 0.0018 4.567e-09 805909 0.977616
8 4288577 rs1658820:G:T T G 0.2389 0.0132 0.002 3.766e-11 704952 0.982671
8 8092025 rs2980436:G:A A G 0.453 0.014 0.0017 8.629e-16 714330 0.99137
8 14042304 rs34803352:T:C T C 0.6665 -0.0125 0.002 7.086e-10 484680 0.988658
8 15493417 rs4258002:G:T T G 0.143 -0.0145 0.0023 2.293e-10 801780 0.998071
8 20628793 rs1470687:C:G C G 0.6713 0.0117 0.0018 1.438e-10 718577 0.989718
8 23329985 rs13250995:G:A A G 0.1814 -0.0134 0.0023 2.952e-09 718604 0.986804
8 28060572 rs17411738:T:G T G 0.5386 0.0104 0.0017 1.247e-09 718667 1
8 30820168 rs17647894:C:A A C 0.426 -0.0118 0.0017 5.551e-12 718612 0.997375
8 38325411 rs4647906:G:A A G 0.4009 0.0117 0.0019 1.527e-09 484680 0.99695
8 62034284 rs10216609:C:A A C 0.1645 0.0147 0.0023 2.254e-10 718525 0.995658
8 64701966 rs7822926:A:C A C 0.5175 0.0105 0.0017 6.225e-10 717877 0.993426
8 73426371 rs2017657:G:T T G 0.5586 -0.0162 0.0017 1.851e-21 718651 1
8 74689288 rs2170382:C:T T C 0.1103 0.0177 0.0027 4.262e-11 718650 0.992808
8 76295984 rs1813039:G:A A G 0.6978 0.0125 0.0019 3.075e-11 718519 0.986384
8 85053241 rs7833023:C:A A C 0.7266 0.0118 0.0019 6.049e-10 718404 0.993523
8 93237876 rs4286925:A:G A G 0.6596 0.0106 0.0018 4.073e-09 718591 0.999495
8 95496030 rs113630732:G:A A G 0.2372 -0.0137 0.0022 9.584e-10 484680 0.987209
8 106430676 rs1383592:G:A A G 0.212 0.0122 0.0021 4.92e-09 718467 0.995722
8 116416131 rs231144:T:C T C 0.194 -0.0143 0.0024 4.927e-09 484680 0.978126
8 126447308 rs2385114:C:T T C 0.5021 -0.006 0.0016 0.000274 805956 0.976483
8 132874175 rs7823706:G:C C G 0.1071 0.017 0.0028 1.663e-09 718668 0.990717
8 142611971 rs13266268:C:T T C 0.3787 0.0124 0.002 9.556e-10 484680 0.933912
8 143300279 rs4072917:G:A A G 0.4884 0.0114 0.0017 4.099e-11 718009 0.988234
9 6942940 rs7037266:C:A A C 0.3576 -0.0106 0.0018 1.235e-09 718501 0.997488
9 11265159 rs1352522:A:T A T 0.4784 -0.011 0.0017 1.17e-10 717302 0.994241
9 15529852 rs10810392:G:A A G 0.2981 -0.0137 0.0021 3.937e-11 484680 0.998231
9 16712247 rs10962547:T:A A T 0.1739 0.0218 0.0025 5.477e-18 484680 0.992584
9 23194860 rs10965693:C:T T C 0.3643 -0.0104 0.0018 4.201e-09 718551 0.995031
9 27748698 rs1342097:A:T A T 0.5402 -0.0119 0.0019 5.695e-10 484680 0.985013
9 29628356 rs2383827:A:G A G 0.5641 0.0107 0.0018 1.173e-09 718029 0.978633
9 37066231 rs10973183:T:C T C 0.4591 0.0114 0.0017 2.514e-11 718632 0.996418
9 73777777 rs7038966:C:T T C 0.4115 0.0127 0.0019 6.076e-11 484680 0.986199
9 80532374 rs10116186:A:G A G 0.4591 -0.0116 0.0019 1.622e-09 484680 0.989064
9 81341229 rs12342093:G:T T G 0.4031 -0.0122 0.002 4.181e-10 484680 0.984758
9 84186734 rs2777768:A:G A G 0.7228 0.0119 0.0019 6.377e-10 718589 0.993176
9 92011763 rs13283585:G:A A G 0.2252 0.0121 0.002 3.362e-09 717976 0.992078
9 94186973 rs10820852:C:A A C 0.2833 -0.0148 0.0021 2.616e-12 484680 0.993291
9 96154352 rs11999013:A:C A C 0.8336 -0.0136 0.0023 3.879e-09 718040 0.993009
9 102086525 rs13298187:G:C C G 0.4348 -0.0102 0.0017 3.008e-09 718667 0.994587
9 109067561 rs1484375:A:G A G 0.2243 0.0136 0.002 2.327e-11 718655 1
9 111958746 rs2417998:C:G C G 0.2952 0.0125 0.0021 2.758e-09 484680 0.990218
9 120361418 rs28693508:C:G C G 0.6617 0.013 0.002 9.764e-11 484680 0.999707
9 122631415 rs7864914:A:G A G 0.8942 -0.0159 0.0026 1.818e-09 718039 0.993731
9 126081738 rs10985963:C:T T C 0.3402 0.011 0.0018 1.041e-09 718642 1
9 127016271 rs10986291:A:T A T 0.6734 -0.0107 0.0018 3.206e-09 718376 0.998038
9 130982416 rs3003606:C:T T C 0.5573 -0.0111 0.0017 2.497e-10 663553 0.997471
9 140646121 rs11792069:A:G A G 0.8282 0.014 0.0023 1.833e-09 672654 0.994993
10 10256274 rs2210625:A:C A C 0.8356 -0.0141 0.0023 1.033e-09 715575 0.993646
10 16722347 rs10904791:A:C A C 0.3337 -0.0114 0.0018 4.684e-10 718318 0.972739
10 21690509 rs12761995:A:C A C 0.8371 -0.0158 0.0026 1.159e-09 484680 0.985966
10 33860515 rs4097319:T:G T G 0.5641 0.0107 0.0017 4.323e-10 718651 0.99425
10 33951730 rs17231072:A:C A C 0.843 -0.0154 0.0023 4.444e-11 718535 0.989754
10 52356264 rs10763587:C:T T C 0.3167 0.0111 0.0019 2.875e-09 717903 0.967439
10 53679060 rs1937683:C:T T C 0.6712 0.011 0.0018 1.171e-09 718631 1
10 61842645 rs7070670:C:T T C 0.3228 -0.0126 0.0021 7.143e-10 484680 0.982719
10 64834173 rs4746865:G:A A G 0.4046 -0.0124 0.0019 1.599e-10 484680 0.999193
10 75720956 rs7090106:A:T A T 0.7948 -0.0132 0.0021 2.879e-10 697112 0.989972
10 76533307 rs7075347:C:T T C 0.0652 -0.0226 0.0035 1.416e-10 693850 1
10 87339257 rs12412597:G:A A G 0.0498 0.0313 0.0039 1.118e-15 715010 0.987263
10 88030441 rs10887571:C:T T C 0.4348 0.0127 0.0019 3.854e-11 484680 0.978626
10 93010383 rs2450444:G:A A G 0.3686 -0.01 0.0017 4.181e-09 806397 0.997611
10 99695057 rs472818:T:C T C 0.5821 -0.0133 0.0018 7.102e-14 716786 0.979797
10 102425467 rs72844408:G:A A G 0.2171 0.0138 0.0023 2.893e-09 484680 0.983847
10 104241683 rs2296580:G:T T G 0.3089 -0.0114 0.0018 2.031e-10 800862 0.999631
10 104577915 rs192569:T:C T C 0.4319 0.0107 0.0016 5.821e-11 805267 0.995586
10 114732882 rs7917983:T:C T C 0.5462 0.012 0.0016 1.099e-13 787798 1
10 118568352 rs1637556:G:A A G 0.427 -0.0106 0.0017 7.267e-10 718381 0.988421
10 125206933 rs845094:C:T T C 0.4181 0.0122 0.0019 3.144e-10 484680 0.98909
10 126576503 rs7923382:T:C T C 0.7742 0.012 0.002 4.079e-09 718536 1
10 126726558 rs2028395:G:C C G 0.4427 0.0108 0.0017 2.794e-10 717459 0.996742
10 131114131 rs2252305:A:G A G 0.3425 0.0122 0.002 1.864e-09 484680 0.972534
11 802379 rs10902221:T:C T C 0.4955 -0.0106 0.0017 9.977e-10 666924 0.998244
11 2228952 rs7126629:C:A A C 0.8024 -0.0134 0.0022 1.458e-09 688728 0.992539
11 8366148 rs7938031:C:T T C 0.3166 -0.0104 0.0017 1.894e-09 806704 0.995395
11 8430938 rs4586148:C:A A C 0.0497 -0.0238 0.0037 2.252e-10 718180 0.998142
11 17368381 rs7484027:T:A A T 0.4862 -0.0097 0.0016 3.253e-09 795958 0.99274
11 27224030 rs35298551:T:C T C 0.8507 0.0159 0.0027 2.382e-09 484680 1
11 28712741 rs558887:A:G A G 0.6932 0.0124 0.0021 2.197e-09 484680 0.991176
11 30214914 rs67670125:C:T T C 0.2228 -0.0149 0.0023 8.057e-11 484680 0.99457
11 43529703 rs982243:A:G A G 0.5129 0.0126 0.0019 2.607e-11 484680 0.998208
11 43610813 rs2679055:T:C T C 0.5494 0.0118 0.0017 4.353e-12 718651 0.998907
11 43937089 rs10838201:A:T A T 0.567 0.0116 0.0019 1.646e-09 484680 0.992558
11 45337440 rs6485613:C:T T C 0.8303 0.0135 0.0022 1.454e-09 718661 0.996747
11 47372377 rs2071304:G:C C G 0.3323 0.0218 0.0017 1.28e-35 806510 0.981823
11 61543499 rs174528:T:C T C 0.6165 -0.0028 0.0017 0.0983 805766 0.994644
11 65238121 rs11227199:G:A A G 0.2124 0.0127 0.0021 5.781e-10 806705 0.999605
11 69307011 rs4980662:G:C C G 0.5026 -0.0128 0.0017 1.29e-13 714981 0.993206
11 76465272 rs7942337:C:T T C 0.2227 -0.0155 0.0023 2.572e-11 484680 0.966925
11 84613479 rs10898317:C:T T C 0.5149 -0.0119 0.0019 3.915e-10 484680 1
11 89922417 rs61903695:A:G A G 0.751 -0.0145 0.0022 4.543e-11 484680 0.998989
11 103019633 rs2513999:A:G A G 0.1593 -0.0154 0.0026 3.066e-09 484680 0.995643
11 113234679 rs719802:T:C T C 0.3974 0.0106 0.0017 9.789e-10 718636 1
11 114961537 rs2507887:T:C T C 0.5078 0.0105 0.0017 6.909e-10 718360 0.995096
11 116606766 rs1974718:G:A A G 0.9295 0.0028 0.0037 0.4434 484680 0.999556
11 118365210 rs9332817:G:C C G 0.0256 -0.0384 0.0059 7.584e-11 559015 1
11 126260684 rs12804228:A:G A G 0.9146 0 0.0034 0.9955 484680 0.981285
11 130706918 rs10750446:T:C T C 0.4824 0.0106 0.0017 4.563e-10 718687 0.997813
12 862641 rs3088353:T:G T G 0.5471 -0.0144 0.002 2.708e-13 484680 0.944424
12 14413931 rs12422552:G:C C G 0.2689 -0.0131 0.0019 1.779e-11 718012 0.989646
12 17099885 rs10846451:A:G A G 0.6899 0.0104 0.0018 4.746e-09 806774 0.981347
12 19209501 rs6486935:T:A A T 0.7424 0.0122 0.0019 3.332e-10 718263 0.9928
12 24001905 rs16926776:C:T T C 0.0773 0.0234 0.0032 1.983e-13 706467 1
12 33370406 rs6488140:G:A A G 0.1318 0.0141 0.0024 4.038e-09 711683 0.996381
12 49380073 rs76573653:T:G T G 0.963 -0.0313 0.005 5.786e-10 484680 1
12 50169070 rs2720296:G:A A G 0.4095 0.0163 0.0017 1.704e-21 789605 0.94923
12 57611285 rs113397893:A:G A G 0.9231 -0.0222 0.0036 8.697e-10 484680 0.972163
12 68205353 rs7979776:G:T T G 0.8237 -0.0137 0.0022 5.977e-10 718207 0.994923
12 72179446 rs61754230:C:T T C 0.0189 0.0451 0.007 1.199e-10 484680 1
12 82424100 rs11115160:G:A A G 0.2203 -0.0132 0.002 5.067e-11 717982 0.986029
12 89726027 rs704067:G:A A G 0.4502 0.0139 0.0017 1.916e-15 704675 0.987995
12 91257268 rs11105846:G:T T G 0.3706 -0.0105 0.0018 2.676e-09 718106 0.981042
12 97913785 rs1420341:C:T T C 0.8217 -0.0133 0.0022 3.329e-09 718395 0.988339
12 99524896 rs10735363:T:C T C 0.3369 0.0123 0.0018 6.67e-12 717869 1
12 108268689 rs1895951:T:C T C 0.7838 0.0157 0.0023 1.557e-11 484680 0.979823
12 109883374 rs3825393:T:C T C 0.358 -0.0102 0.0017 1.873e-09 806785 1
12 110278812 rs10850838:C:T T C 0.2981 0.0111 0.0018 5.338e-10 805774 0.988102
12 112610714 rs11066188:G:A A G 0.3762 -0.0114 0.0016 3.053e-12 805492 0.996935
12 121633581 rs144782841:C:G C G 0.878 -0.0177 0.0029 1.379e-09 484680 0.992484
12 122011598 rs181617194:T:C T C 0.96 0.0328 0.0053 7.49e-10 484680 0.830846
12 123030285 rs7953379:A:G A G 0.6374 -0.0125 0.002 2.691e-10 484680 0.997704
12 123492112 rs3897102:C:T T C 0.4076 0.0116 0.0019 2.943e-09 484680 0.982602
12 133310887 rs7969633:C:T T C 0.7278 -0.0111 0.0019 1.909e-09 803361 0.994104
13 20616557 rs9579775:A:C A C 0.8669 -0.02 0.0029 9.231e-12 484680 0.921363
13 27902148 rs4238202:A:G A G 0.2531 -0.0128 0.0019 6.041e-11 718556 0.987841
13 28010117 rs1885989:G:A A G 0.1816 0.0138 0.0022 6.288e-10 718211 0.998901
13 28674628 rs12872889:T:C T C 0.7607 -0.0141 0.0023 3.815e-10 484680 0.970418
13 31012904 rs1928496:C:T T C 0.7281 0.0134 0.0019 5.449e-12 718628 1
13 33378785 rs7993153:A:T A T 0.5294 0.0132 0.0017 7.497e-15 717453 0.996578
13 50963685 rs41284828:G:A A G 0.0302 -0.0341 0.0057 2.999e-09 484680 0.941826
13 54018393 rs9536417:G:A A G 0.1759 -0.0142 0.0023 7.106e-10 696124 0.948238
13 54793818 rs13378227:C:T T C 0.536 -0.0114 0.0019 1.522e-09 484680 0.996109
13 58254773 rs9563521:A:C A C 0.8677 0.0167 0.0024 4.634e-12 793709 0.985825
13 59333776 rs9538189:C:G C G 0.8322 -0.0171 0.0023 2.641e-13 718357 0.984566
13 62670010 rs308597:T:C T C 0.411 0.012 0.0019 7.298e-10 484680 0.994503
13 79561962 rs4421883:T:C T C 0.4946 -0.0103 0.0017 1.794e-09 706846 0.995127
13 86322442 rs9547363:T:C T C 0.5158 -0.0126 0.0019 8.183e-11 484680 0.964904
13 96845882 rs12585736:G:A A G 0.3017 0.0122 0.0019 4.914e-11 717997 0.995131
13 99111209 rs3783006:G:C C G 0.4324 -0.0112 0.0017 5.01e-11 717931 1
13 104090848 rs9514131:G:T T G 0.1289 -0.0155 0.0026 2.915e-09 710946 1
13 107854612 rs9888533:C:T T C 0.5302 0.0125 0.0019 1.378e-10 484680 0.962994
13 111843007 rs4773331:G:A A G 0.3595 -0.011 0.0019 4.044e-09 569134 0.995216
13 112181233 rs9560110:C:T T C 0.2835 -0.0135 0.0021 1.604e-10 484680 0.999753
14 25868959 rs1241305:G:T T G 0.4322 -0.0103 0.0017 3.093e-09 718680 0.994155
14 29549249 rs7494063:A:C A C 0.8116 0.013 0.0022 2.28e-09 718553 0.981972
14 30077029 rs8020889:T:C T C 0.4152 0.0114 0.0019 4.158e-09 484680 0.997987
14 33273511 rs10148694:C:T T C 0.355 -0.0107 0.0018 3.168e-09 718390 0.982995
14 40101060 rs1956151:A:G A G 0.823 -0.0131 0.0022 1.666e-09 718636 0.999464
14 42885336 rs12889085:A:G A G 0.5777 -0.0132 0.0019 8.284e-12 484680 0.991863
14 46803314 rs8181993:G:A A G 0.5626 0.0106 0.0017 6.515e-10 718279 0.992198
14 62358847 rs217667:C:T T C 0.251 0.0136 0.0019 8.247e-13 806470 0.993061
14 62592332 rs8007097:C:T T C 0.4415 -0.0102 0.0017 2.481e-09 718628 0.987248
14 73107771 rs2526919:A:G A G 0.4785 -0.0101 0.0017 4.227e-09 718526 0.993306
14 73323682 rs6574100:A:T A T 0.5887 0.0118 0.0017 1.103e-11 718298 0.993101
14 79453542 rs11624311:G:A A G 0.2431 -0.0121 0.0021 4.095e-09 717070 0.992915
14 79974598 rs10144362:G:A A G 0.3971 0.0156 0.0019 8.961e-16 484680 0.996288
14 88341331 rs6574962:G:T T G 0.7448 -0.0123 0.002 5.029e-10 718657 0.990916
14 91373435 rs1152432:T:A A T 0.7144 0.0129 0.0021 1.001e-09 484680 0.993287
14 93699003 rs740791:C:T T C 0.2703 -0.0139 0.0019 8.925e-13 718674 0.966061
14 101141544 rs2295659:G:T T G 0.1292 0.0158 0.0026 7.121e-10 718231 0.989328
14 101537857 rs3742406:A:G A G 0.6514 0.011 0.0018 3.736e-10 718113 0.997763
14 103834091 rs72708844:C:G C G 0.7633 0.0132 0.0022 4.91e-09 484680 0.995248
15 27034988 rs12594043:G:C C G 0.5205 0.0102 0.0017 1.312e-09 718508 0.99871
15 31842371 rs4365252:C:A A C 0.4765 0.0113 0.0017 2.76e-11 718395 0.989581
15 36390393 rs1435670:A:T A T 0.5011 -0.0103 0.0017 1.169e-09 718658 0.998653
15 41898711 rs10775122:C:T T C 0.8209 -0.0129 0.0022 2.911e-09 718578 0.995545
15 45500047 rs765787:A:G A G 0.8266 0.0137 0.0023 1.798e-09 716703 1
15 46381874 rs10519044:T:C T C 0.7174 -0.0113 0.0019 2.14e-09 718672 0.99347
15 51999970 rs2622775:C:T T C 0.4077 0.0124 0.0017 4.53e-13 718025 1
15 53383101 rs335497:T:G T G 0.073 -0.0208 0.0033 2.013e-10 706943 0.992564
15 58839337 rs2242066:G:A A G 0.1663 0.0148 0.0023 2.318e-10 718393 0.993903
15 61445514 rs8033510:T:C T C 0.3636 0.0107 0.0018 1.728e-09 717292 0.993096
15 66797492 rs3087660:G:A A G 0.6045 -0.0106 0.0017 9.206e-10 718630 0.998991
15 67804682 rs11635495:T:C T C 0.4982 -0.0148 0.0019 6.015e-15 484680 0.997
15 72242554 rs2415130:G:A A G 0.2239 -0.0117 0.002 4.417e-09 718545 0.998452
15 73630686 rs478438:G:A A G 0.091 -0.017 0.0028 2.203e-09 706703 0.987136
15 74278126 rs35364449:C:T T C 0.1053 0.0219 0.0031 2.133e-12 484680 0.989156
15 78029797 rs62007782:G:A A G 0.2579 -0.0167 0.0022 1.423e-14 484680 0.99592
15 80992165 rs1531895:G:A A G 0.4511 0.011 0.0017 1.173e-10 718527 0.99443
15 92561941 rs66615128:G:C C G 0.2127 -0.0151 0.0023 1.086e-10 484680 0.998553
15 95249902 rs6496036:A:C A C 0.5629 0.0116 0.0018 3.487e-11 716725 0.983732
15 98259616 rs7166757:A:G A G 0.6195 0.0104 0.0018 3.018e-09 717228 0.977453
15 99230035 rs57221746:G:A A G 0.2216 -0.0145 0.0023 2.716e-10 484680 0.998587
16 334580 rs432925:G:C C G 0.2816 -0.0132 0.0021 7.184e-10 484680 0.975959
16 2089006 rs3211995:G:A A G 0.152 -0.0149 0.0024 2.742e-10 696879 0.98718
16 3566102 rs2285813:C:A A C 0.3113 0.012 0.0019 1.232e-10 709993 0.99411
16 4014245 rs2531993:A:G A G 0.1631 -0.0183 0.0026 8.88e-13 484680 0.996075
16 9713194 rs12927792:C:T T C 0.4215 0.0117 0.0019 1.636e-09 484680 0.982163
16 19527777 rs739639:C:T T C 0.6312 0.0106 0.0018 1.669e-09 718602 0.996528
16 19859406 rs227762:G:A A G 0.5043 -0.0134 0.0016 2.076e-16 806736 0.976056
16 20241686 rs11074444:T:C T C 0.2274 -0.0132 0.002 7.236e-11 718138 0.996348
16 24599316 rs9929613:A:G A G 0.2553 0.0132 0.0022 3.004e-09 484680 0.952572
16 28379443 rs865719:A:G A G 0.5935 -0.0269 0.002 2.051e-42 484680 0.965669
16 29914142 rs28517865:C:T T C 0.5591 0.0124 0.0019 1.104e-10 484680 0.991493
16 30833246 rs9319587:C:T T C 0.3844 -0.0195 0.0019 1.224e-23 484680 0.997518
16 49011249 rs6500208:G:A A G 0.2021 0.0146 0.002 3.211e-13 794515 0.992371
16 53557517 rs111617945:T:C T C 0.8988 -0.0209 0.0032 5.161e-11 484680 0.983362
16 53770749 rs8048396:C:A A C 0.4302 0.0186 0.0018 5.046e-26 597370 0.994802
16 53834684 rs12596054:A:C A C 0.8514 0.0256 0.0027 1.042e-21 484680 0.994693
16 56493573 rs11649379:C:T T C 0.1707 0.0136 0.0022 8.436e-10 718645 0.998106
16 62862539 rs2962446:A:T A T 0.4886 0.0106 0.0017 5.934e-10 718405 0.984606
16 68304392 rs8056893:C:A A C 0.7341 -0.0118 0.0018 1.392e-10 802823 0.99174
16 69424312 rs113093305:C:T T C 0.0338 -0.0354 0.0053 2.646e-11 484680 0.986456
16 69665208 rs244416:T:C T C 0.1479 0.0191 0.0027 1.361e-12 484680 0.993755
16 76699487 rs8059061:A:C A C 0.8256 -0.0133 0.0022 2.82e-09 718627 0.990368
16 81687645 rs4888162:C:T T C 0.4808 0.0115 0.0019 1.81e-09 484680 1
16 82438337 rs12922346:G:C C G 0.2641 0.0133 0.002 1.482e-11 716945 0.981833
17 1816762 rs77081114:G:A A G 0.1637 -0.0168 0.0026 8.373e-11 484680 1
17 2005136 rs9914578:C:G C G 0.7997 -0.012 0.002 1.306e-09 805806 0.995046
17 15870401 rs2779207:T:A A T 0.5679 0.0118 0.002 1.73e-09 484680 0.97104
17 21155684 rs4985996:C:T T C 0.3479 -0.0121 0.002 1.659e-09 484680 0.99552
17 27502029 rs11080090:G:A A G 0.8633 -0.0138 0.0023 1.591e-09 795011 0.98428
17 27962393 rs4794859:T:G T G 0.528 -0.01 0.0016 7.71e-10 785770 0.996372
17 31448234 rs17836689:G:A A G 0.2403 -0.012 0.002 1.93e-09 718447 0.985153
17 32247585 rs4794977:C:G C G 0.5749 0.0118 0.002 1.559e-09 484680 0.977337
17 44002250 rs242556:A:T A T 0.2325 -0.0127 0.0021 1.34e-09 705471 0.947992
17 46081915 rs2905855:G:A A G 0.4291 -0.0108 0.0017 6.04e-10 717189 0.988173
17 46942681 rs11657868:G:A A G 0.2803 -0.0147 0.0021 5.324e-12 484680 0.996036
17 56048720 rs8067262:T:G T G 0.9143 -0.0191 0.0031 4.849e-10 678501 0.99734
17 61608163 rs11655589:A:G A G 0.6767 -0.0106 0.0017 1.285e-09 805072 0.973107
17 65821166 rs8079078:C:A A C 0.6792 -0.0134 0.0018 4.074e-13 718566 0.989261
17 73847613 rs936393:A:G A G 0.8049 -0.0134 0.0022 9.082e-10 718590 0.992095
17 78444658 rs12943620:T:G T G 0.2333 -0.0124 0.0021 3.956e-09 688627 0.991581
17 78518327 rs11658698:C:T T C 0.2673 0.014 0.0019 3.153e-13 717193 0.994754
17 79046374 rs12051698:C:G C G 0.6482 0.0121 0.002 1.764e-09 484680 0.97917
18 1813412 rs8089699:G:A A G 0.1245 0.0158 0.0027 4.45e-09 717339 0.936221
18 7542241 rs508481:A:G A G 0.8581 0.0168 0.0027 6.646e-10 484680 0.988948
18 20967065 rs9948870:G:A A G 0.3881 -0.0117 0.002 2.432e-09 484680 0.993138
18 22191762 rs1349351:G:A A G 0.4165 -0.0101 0.0017 9.621e-10 803045 0.998548
18 31214950 rs7228141:G:C C G 0.5392 0.011 0.0017 1.265e-10 718580 0.994944
18 39467208 rs9957032:T:C T C 0.8124 -0.0147 0.0023 9.699e-11 704707 1
18 40687764 rs4561553:T:G T G 0.4249 -0.0109 0.0017 2.924e-10 718639 0.996152
18 42533130 rs8096662:A:G A G 0.1401 -0.0136 0.0023 4.138e-09 806771 0.984782
18 50441817 rs9964756:T:G T G 0.1014 -0.0158 0.0027 4.349e-09 718672 0.996347
18 52547057 rs28687557:G:A A G 0.7668 -0.0165 0.0023 3.063e-13 484680 0.99104
18 56883319 rs7243357:T:G T G 0.8349 0.0198 0.0021 1.309e-20 806787 0.990374
18 57827605 rs681630:A:G A G 0.5502 -0.0262 0.0016 3.428e-58 806686 0.997861
18 58051294 rs8097783:G:A A G 0.0882 -0.037 0.003 4.434e-34 806596 1
18 60846430 rs74625348:G:C C G 0.2299 0.0136 0.0023 3.18e-09 484680 0.96985
18 63415573 rs10460125:C:T T C 0.2898 0.0124 0.0019 4.402e-11 717778 0.997767
18 73497644 rs11663797:G:A A G 0.7192 -0.0115 0.0018 1.208e-10 805851 0.988458
19 1808569 rs12151205:T:A A T 0.5401 0.0116 0.0019 2.741e-09 484680 0.960973
19 1936672 rs10419634:T:C T C 0.3122 -0.0122 0.0019 1.315e-10 713635 0.971566
19 2221892 rs79712071:C:A A C 0.0453 0.0291 0.0047 4.624e-10 484680 0.966981
19 3984788 rs62131468:C:G C G 0.8178 0.0163 0.0025 7.606e-11 484680 0.970717
19 18197093 rs3929396:G:A A G 0.4065 -0.0116 0.002 3.514e-09 484680 0.981309
19 18460956 rs113230003:G:A A G 0.264 -0.0185 0.0022 2.206e-17 484680 0.979658
19 18806668 rs2003476:T:C T C 0.5828 0.0202 0.0019 1.835e-25 484680 0.983971
19 19859845 rs8104983:A:G A G 0.8548 0.0143 0.0023 3.802e-10 793370 0.979703
19 30240852 rs7247004:A:G A G 0.6927 -0.0128 0.0021 6.303e-10 484680 0.993042
19 30664619 rs740671:C:A A C 0.2508 -0.0114 0.0019 3.311e-09 718244 0.988044
19 31021597 rs7247158:A:G A G 0.7558 0.0145 0.0022 7.315e-11 484680 0.995143
19 34319233 rs461998:T:C T C 0.3339 -0.0121 0.002 2.59e-09 484680 0.996695
19 44446097 rs62116588:C:G C G 0.9776 0.0031 0.0067 0.6416 484680 0.929841
19 45160086 rs73048351:C:A A C 0.01 0.0121 0.0101 0.2304 484680 0.908241
19 45269725 rs139326841:T:C T C 0.9796 0.017 0.0075 0.02312 484680 0.817439
19 45385759 rs3745150:G:C C G 0.3906 0.0063 0.0018 0.0005362 693676 0.974499
19 45478352 rs146390218:A:G A G 0.9746 -0.003 0.0062 0.6323 484680 0.965039
19 46042665 rs141651018:C:T T C 0.0294 -0.0134 0.0058 0.02041 484680 0.961766
20 1410582 rs1884389:C:T T C 0.4386 -0.0108 0.0017 3.724e-10 718491 0.990338
20 2815715 rs4813619:G:T T G 0.5305 -0.0106 0.0018 1.695e-09 664186 0.982677
20 6572870 rs1884899:A:G A G 0.2246 -0.0136 0.0023 3.459e-09 484680 0.980865
20 15809996 rs16996637:C:T T C 0.1306 0.018 0.0026 2.785e-12 718679 0.976
20 17085493 rs852033:A:C A C 0.2565 0.0119 0.0019 7.237e-10 718251 0.995046
20 21381121 rs1409818:C:T T C 0.1074 0.0195 0.0028 2.589e-12 718603 0.991149
20 25038484 rs66817095:G:T T G 0.1676 0.015 0.0026 4.925e-09 484680 1
20 32517585 rs6120440:G:A A G 0.6657 0.0106 0.0018 3.822e-09 718601 0.990441
20 39291784 rs16989232:G:A A G 0.3864 0.0115 0.0017 6.192e-12 805861 0.973828
20 47358484 rs34316626:T:C T C 0.7612 0.0141 0.0022 3.135e-10 484680 0.989817
20 50402079 rs17201143:C:T T C 0.3054 -0.0112 0.0018 1.096e-09 718638 0.998769
20 50861193 rs1033715:G:A A G 0.3938 -0.0135 0.002 5.326e-12 484680 0.997596
20 54157546 rs559390:A:T A T 0.6474 -0.0106 0.0018 3.243e-09 718593 0.994739
20 61561153 rs6010789:G:A A G 0.4983 -0.0104 0.0017 9.05e-10 718474 1
21 30690558 rs2832283:G:A A G 0.2254 0.0115 0.002 4.718e-09 806772 0.991883
21 38852728 rs2298330:G:A A G 0.1136 -0.0149 0.0025 4.112e-09 806804 0.98411
21 40173528 rs1209950:C:T T C 0.3846 0.0105 0.0018 4.249e-09 664324 1
21 40569508 rs62222988:T:C T C 0.6283 -0.0129 0.002 7.707e-11 484680 0.995549
21 41416838 rs2410204:A:G A G 0.5929 -0.0114 0.0018 9.914e-11 706064 0.99155
21 46630890 rs111320751:A:T A T 0.9575 0.0368 0.0049 8.621e-14 484680 0.925009
22 18130209 rs11704728:C:T T C 0.1935 0.0129 0.0022 2.312e-09 718657 0.99029
22 38303155 rs5750508:C:T T C 0.3268 -0.0114 0.0018 5.872e-10 718619 0.992949
22 40532444 rs8136269:G:C C G 0.2123 -0.0167 0.0021 3.636e-15 714861 0.991922
22 41641984 rs1953:C:T T C 0.2532 -0.0108 0.0018 4.679e-09 799784 0.992989
22 48874310 rs13056230:C:T T C 0.4195 0.0128 0.0019 3.294e-11 484680 1
